Time	ExpDuration	FPS	Frame	Crash	RB	RU	LU	LB	OC	Dither	CustomDither	DAngle	swAngle	swNoDead	OX	OY	OZ	HX	HY	HZ	DX	DY	DZ	HA	RHA	AccumulativeHeading(Y)	Speed	RSpeed	radius	radiusR	radiusL	Dynamic	USRHIT	SCORE	STEERING	TurningRadius	TX	TY	TZ	toOBS	
1.4247e-004	0.	7019.04	1	0	(0)1	(0)1	(0)1	(0)1	(0)1	0.	0.	0.	0.	0.	0.	0.	0.	0.	1.	0.	0.	1.	0.	-0.	0.	0.	0.	0.	-1.	-1.	-1.	0	-1	0.	1	-2.	-2.	-2.	-2.		
0.225378	1.4247e-004	4.43979	2	0	(0)1	(0)1	(0)1	(0)1	(0)1	-3.55271e-015	-3.55271e-015	0.	0.	0.	0.	20.0004	0.	0.	1.	0.	0.	1.	0.	-0.	0.	0.	10.	319.671	-1.	-1.	-1.	0	-1	0.	1	-2.	-2.	-2.	-2.		
0.247926	0.225378	44.3506	3	0	(0)1	(0)1	(0)1	(0)1	(0)1	-3.55271e-015	-3.55271e-015	0.	0.	0.	0.	20.6261	0.	0.	1.	0.	0.	1.	0.	-0.	0.	0.	10.	99.8936	-1.	-1.	-1.	0	-1	0.	1	-2.	-2.	-2.	-2.		
0.263548	0.247926	64.0132	4	0	(0)1	(0)1	(0)1	(0)1	(0)1	-0.	-0.	0.	0.	0.	0.	20.6887	0.	0.	1.	0.	0.	1.	0.	-0.	0.	0.	10.	14.4334	-1.	-1.	-1.	0	-1	0.	1	-2.	-2.	-2.	-2.		
0.279276	0.263548	63.5783	5	0	(0)1	(0)1	(0)1	(0)1	(0)1	-0.	-0.	0.	0.	0.	0.	20.7321	0.	0.	1.	0.	0.	1.	0.	-0.	0.	0.	10.	9.93207	-1.	-1.	-1.	0	-1	0.	1	-2.	-2.	-2.	-2.		
0.294885	0.279276	64.0661	6	0	(0)1	(0)1	(0)1	(0)1	(0)1	-0.	-0.	0.	0.	0.	0.	20.7758	0.	0.	1.	0.	0.	1.	0.	-0.	0.	0.	10.	10.0767	-1.	-1.	-1.	0	-1	0.	1	-2.	-2.	-2.	-2.		
0.310458	0.294885	64.2145	7	0	(0)1	(0)1	(0)1	(0)1	(0)1	-0.	-0.	0.	0.	0.	0.	20.8191	0.	0.	1.	0.	0.	1.	0.	-0.	0.	0.	10.	10.0232	-1.	-1.	-1.	0	-1	0.	1	-2.	-2.	-2.	-2.		
0.326106	0.310458	63.9075	8	0	(0)1	(0)1	(0)1	(0)1	(0)1	-3.55271e-015	-3.55271e-015	0.	0.	0.	0.	20.8624	0.	0.	1.	0.	0.	1.	0.	-0.	0.	0.	10.	9.9522	-1.	-1.	-1.	0	-1	0.	1	-2.	-2.	-2.	-2.		
0.341702	0.326106	64.1173	9	0	(0)1	(0)1	(0)1	(0)1	(0)1	-3.55271e-015	-3.55271e-015	0.	0.	0.	0.	20.9058	0.	0.	1.	0.	0.	1.	0.	-0.	0.	0.	10.	10.0328	-1.	-1.	-1.	0	-1	0.	1	-2.	-2.	-2.	-2.		
0.357333	0.341702	63.9767	10	0	(0)1	(0)1	(0)1	(0)1	(0)1	-3.55271e-015	-3.55271e-015	0.	0.	0.	0.	20.9492	0.	0.	1.	0.	0.	1.	0.	-0.	0.	0.	10.	9.97807	-1.	-1.	-1.	0	-1	0.	1	-2.	-2.	-2.	-2.		
0.372977	0.357333	63.9221	11	0	(0)1	(0)1	(0)1	(0)1	(0)1	-0.	-0.	0.	0.	0.	0.	20.9926	0.	0.	1.	0.	0.	1.	0.	-0.	0.	0.	10.	9.99146	-1.	-1.	-1.	0	-1	0.	1	-2.	-2.	-2.	-2.		
0.388593	0.372977	64.0369	12	0	(0)1	(0)1	(0)1	(0)1	(0)1	-0.	-0.	0.	0.	0.	0.	21.036	0.	0.	1.	0.	0.	1.	0.	-0.	0.	0.	10.	10.018	-1.	-1.	-1.	0	-1	0.	1	-2.	-2.	-2.	-2.		
0.40423	0.388593	63.9494	13	0	(0)1	(0)1	(0)1	(0)1	(0)1	-0.	-0.	0.	0.	0.	0.	21.0794	0.	0.	1.	0.	0.	1.	0.	-0.	0.	0.	10.	9.98633	-1.	-1.	-1.	0	-1	0.	1	-2.	-2.	-2.	-2.		
0.419826	0.40423	64.121	14	0	(0)1	(0)1	(0)1	(0)1	(0)1	-0.	-0.	0.	0.	0.	0.	21.1229	0.	0.	1.	0.	0.	1.	0.	-0.	0.	0.	10.	10.0268	-1.	-1.	-1.	0	-1	0.	1	-2.	-2.	-2.	-2.		
0.435475	0.419826	63.9021	15	0	(0)1	(0)1	(0)1	(0)1	(0)1	-3.55271e-015	-3.55271e-015	0.	0.	0.	0.	21.1662	0.	0.	1.	0.	0.	1.	0.	-0.	0.	0.	10.	9.96586	-1.	-1.	-1.	0	-1	0.	1	-2.	-2.	-2.	-2.		
0.451083	0.435475	64.0698	16	0	(0)1	(0)1	(0)1	(0)1	(0)1	-0.	-0.	0.	0.	0.	0.	21.2097	0.	0.	1.	0.	0.	1.	0.	-0.	0.	0.	10.	10.0262	-1.	-1.	-1.	0	-1	0.	1	-2.	-2.	-2.	-2.		
0.466712	0.451083	63.984	17	0	(0)1	(0)1	(0)1	(0)1	(0)1	-3.55271e-015	-3.55271e-015	0.	0.	0.	0.	21.253	0.	0.	1.	0.	0.	1.	0.	-0.	0.	0.	10.	9.98661	-1.	-1.	-1.	0	-1	0.	1	-2.	-2.	-2.	-2.		
0.482274	0.466712	64.2586	18	0	(0)1	(0)1	(0)1	(0)1	(0)1	-0.	-0.	0.	0.	0.	0.	21.2964	0.	0.	1.	0.	0.	1.	0.	-0.	0.	0.	10.	10.0429	-1.	-1.	-1.	0	-1	0.	1	-2.	-2.	-2.	-2.		
0.497876	0.482274	64.0935	19	0	(0)1	(0)1	(0)1	(0)1	(0)1	-0.	-0.	0.	0.	0.	0.	21.3396	0.	0.	1.	0.	0.	1.	0.	-0.	0.	0.	10.	9.97432	-1.	-1.	-1.	0	-1	0.	1	-2.	-2.	-2.	-2.		
0.514587	0.497876	59.8416	20	0	(0)1	(0)1	(0)1	(0)1	(0)1	-0.	-0.	0.	0.	0.	0.	21.383	0.	0.	1.	0.	0.	1.	0.	-0.	0.	0.	10.	9.3366	-1.	-1.	-1.	0	-1	0.	1	-2.	-2.	-2.	-2.		
0.531264	0.514587	59.963	21	0	(0)1	(0)1	(0)1	(0)1	(0)1	-3.55271e-015	-3.55271e-015	0.	0.	0.	0.	21.4294	0.	0.	1.	0.	0.	1.	0.	-0.	0.	0.	10.	10.0203	-1.	-1.	-1.	0	-1	0.	1	-2.	-2.	-2.	-2.		
0.548072	0.531264	59.4945	22	0	(0)1	(0)1	(0)1	(0)1	(0)1	-3.55271e-015	-3.55271e-015	0.	0.	0.	0.	21.4757	0.	0.	1.	0.	0.	1.	0.	-0.	0.	0.	10.	9.92186	-1.	-1.	-1.	0	-1	0.	1	-2.	-2.	-2.	-2.		
0.564746	0.548072	59.9726	23	0	(0)1	(0)1	(0)1	(0)1	(0)1	-3.55271e-015	-3.55271e-015	0.	0.	0.	0.	21.5224	0.	0.	1.	0.	0.	1.	0.	-0.	0.	0.	10.	10.0804	-1.	-1.	-1.	0	-1	0.	1	-2.	-2.	-2.	-2.		
0.581458	0.564746	59.8384	24	0	(0)1	(0)1	(0)1	(0)1	(0)1	-3.55271e-015	-3.55271e-015	0.	0.	0.	0.	21.5687	0.	0.	1.	0.	0.	1.	0.	-0.	0.	0.	10.	9.97762	-1.	-1.	-1.	0	-1	0.	1	-2.	-2.	-2.	-2.		
0.598344	0.581458	59.2215	25	0	(0)1	(0)1	(0)1	(0)1	(0)1	-0.	-0.	0.	0.	0.	0.	21.6152	0.	0.	1.	0.	0.	1.	0.	-0.	0.	0.	10.	9.89691	-1.	-1.	-1.	0	-1	0.	1	-2.	-2.	-2.	-2.		
0.614985	0.598344	60.0913	26	0	(0)1	(0)1	(0)1	(0)1	(0)1	-0.	-0.	0.	0.	0.	0.	21.6621	0.	0.	1.	0.	0.	1.	0.	-0.	0.	0.	10.	10.1469	-1.	-1.	-1.	0	-1	0.	1	-2.	-2.	-2.	-2.		
0.63172	0.614985	59.7556	27	0	(0)1	(0)1	(0)1	(0)1	(0)1	-0.	-0.	0.	0.	0.	0.	21.7083	0.	0.	1.	0.	0.	1.	0.	-0.	0.	0.	10.	9.94413	-1.	-1.	-1.	0	-1	0.	1	-2.	-2.	-2.	-2.		
0.648586	0.63172	59.2903	28	0	(0)1	(0)1	(0)1	(0)1	(0)1	-7.10543e-015	-7.10543e-015	0.	0.	0.	0.	21.7548	0.	0.	1.	0.	0.	1.	0.	-0.	0.	0.	10.	9.92213	-1.	-1.	-1.	0	-1	0.	1	-2.	-2.	-2.	-2.		
0.66527	0.648586	59.939	29	0	(0)1	(0)1	(0)1	(0)1	(0)1	-3.55271e-015	-3.55271e-015	0.	0.	0.	0.	21.8016	0.	0.	1.	0.	0.	1.	0.	-0.	0.	0.	10.	10.1094	-1.	-1.	-1.	0	-1	0.	1	-2.	-2.	-2.	-2.		
0.681741	0.66527	60.7118	30	0	(0)1	(0)1	(0)1	(0)1	(0)1	-3.55271e-015	-3.55271e-015	0.	0.	0.	0.	21.848	0.	0.	1.	0.	0.	1.	0.	-0.	0.	0.	10.	10.1289	-1.	-1.	-1.	0	-1	0.	1	-2.	-2.	-2.	-2.		
0.698808	0.681741	58.5912	31	0	(0)1	(0)1	(0)1	(0)1	(0)1	-3.55271e-015	-3.55271e-015	0.	0.	0.	0.	21.8937	0.	0.	1.	0.	0.	1.	0.	-0.	0.	0.	10.	9.65071	-1.	-1.	-1.	0	-1	0.	1	-2.	-2.	-2.	-2.		
0.715803	0.698808	58.8429	32	0	(0)1	(0)1	(0)1	(0)1	(0)1	-0.	-0.	0.	0.	0.	0.	21.9411	0.	0.	1.	0.	0.	1.	0.	-0.	0.	0.	10.	10.043	-1.	-1.	-1.	0	-1	0.	1	-2.	-2.	-2.	-2.		
0.744912	0.715803	34.3529	33	0	(0)1	(0)1	(0)1	(0)1	(0)1	-3.55271e-015	-3.55271e-015	0.	0.	0.	0.	21.9883	0.	0.	1.	0.	0.	1.	0.	-0.	0.	0.	10.	5.83806	-1.	-1.	-1.	0	-1	0.	1	-2.	-2.	-2.	-2.		
0.760512	0.744912	64.1045	34	0	(0)1	(0)1	(0)1	(0)1	(0)1	-0.	-0.	0.	0.	0.	0.	22.0692	0.	0.	1.	0.	0.	1.	0.	-0.	0.	0.	10.	18.6606	-1.	-1.	-1.	0	-1	0.	1	-2.	-2.	-2.	-2.		
0.776143	0.760512	63.9749	35	0	(0)1	(0)1	(0)1	(0)1	(0)1	-3.55271e-015	-3.55271e-015	0.	0.	0.	0.	22.1125	0.	0.	1.	0.	0.	1.	0.	-0.	0.	0.	10.	9.97978	-1.	-1.	-1.	0	-1	0.	1	-2.	-2.	-2.	-2.		
0.791773	0.776143	63.9785	36	0	(0)1	(0)1	(0)1	(0)1	(0)1	-0.	-0.	0.	0.	0.	0.	22.156	0.	0.	1.	0.	0.	1.	0.	-0.	0.	0.	10.	10.0006	-1.	-1.	-1.	0	-1	0.	1	-2.	-2.	-2.	-2.		
0.807372	0.791773	64.1063	37	0	(0)1	(0)1	(0)1	(0)1	(0)1	-0.	-0.	0.	0.	0.	0.	22.1994	0.	0.	1.	0.	0.	1.	0.	-0.	0.	0.	10.	10.02	-1.	-1.	-1.	0	-1	0.	1	-2.	-2.	-2.	-2.		
0.823009	0.807372	63.953	38	0	(0)1	(0)1	(0)1	(0)1	(0)1	-3.55271e-015	-3.55271e-015	0.	0.	0.	0.	22.2427	0.	0.	1.	0.	0.	1.	0.	-0.	0.	0.	10.	9.97608	-1.	-1.	-1.	0	-1	0.	1	-2.	-2.	-2.	-2.		
0.838622	0.823009	64.0478	39	0	(0)1	(0)1	(0)1	(0)1	(0)1	-3.55271e-015	-3.55271e-015	0.	0.	0.	0.	22.2861	0.	0.	1.	0.	0.	1.	0.	-0.	0.	0.	10.	10.0148	-1.	-1.	-1.	0	-1	0.	1	-2.	-2.	-2.	-2.		
0.85425	0.838622	63.9895	40	0	(0)1	(0)1	(0)1	(0)1	(0)1	-0.	-0.	0.	0.	0.	0.	22.3295	0.	0.	1.	0.	0.	1.	0.	-0.	0.	0.	10.	9.99088	-1.	-1.	-1.	0	-1	0.	1	-2.	-2.	-2.	-2.		
0.86989	0.85425	63.9385	41	0	(0)1	(0)1	(0)1	(0)1	(0)1	-0.	-0.	0.	0.	0.	0.	22.3729	0.	0.	1.	0.	0.	1.	0.	-0.	0.	0.	10.	9.99203	-1.	-1.	-1.	0	-1	0.	1	-2.	-2.	-2.	-2.		
0.885491	0.86989	64.099	42	0	(0)1	(0)1	(0)1	(0)1	(0)1	-0.	-0.	0.	0.	0.	0.	22.4164	0.	0.	1.	0.	0.	1.	0.	-0.	0.	0.	10.	10.0251	-1.	-1.	-1.	0	-1	0.	1	-2.	-2.	-2.	-2.		
0.901148	0.885491	63.8657	43	0	(0)1	(0)1	(0)1	(0)1	(0)1	-3.55271e-015	-3.55271e-015	0.	0.	0.	0.	22.4597	0.	0.	1.	0.	0.	1.	0.	-0.	0.	0.	10.	9.9636	-1.	-1.	-1.	0	-1	0.	1	-2.	-2.	-2.	-2.		
0.916748	0.901148	64.1027	44	0	(0)1	(0)1	(0)1	(0)1	(0)1	-0.	-0.	0.	0.	0.	0.	22.5032	0.	0.	1.	0.	0.	1.	0.	-0.	0.	0.	10.	10.0371	-1.	-1.	-1.	0	-1	0.	1	-2.	-2.	-2.	-2.		
0.932394	0.916748	63.9148	45	0	(0)1	(0)1	(0)1	(0)1	(0)1	-0.	-0.	0.	0.	0.	0.	22.5465	0.	0.	1.	0.	0.	1.	0.	-0.	0.	0.	10.	9.97069	-1.	-1.	-1.	0	-1	0.	1	-2.	-2.	-2.	-2.		
0.947943	0.932394	64.3138	46	0	(0)1	(0)1	(0)1	(0)1	(0)1	-3.55271e-015	-3.55271e-015	0.	0.	0.	0.	22.59	0.	0.	1.	0.	0.	1.	0.	-0.	0.	0.	10.	10.0624	-1.	-1.	-1.	0	-1	0.	1	-2.	-2.	-2.	-2.		
0.979357	0.947943	31.8333	47	0	(0)1	(0)1	(0)1	(0)1	(0)1	-0.	-0.	0.	0.	0.	0.	22.6332	0.	0.	1.	0.	0.	1.	0.	-0.	0.	0.	10.	4.94969	-1.	-1.	-1.	0	-1	0.	1	-2.	-2.	-2.	-2.		
0.994908	0.979357	64.3009	48	0	(0)1	(0)1	(0)1	(0)1	(0)1	-3.55271e-015	-3.55271e-015	0.	0.	0.	0.	22.7204	0.	0.	1.	0.	0.	1.	0.	-0.	0.	0.	10.	20.1992	-1.	-1.	-1.	0	-1	0.	1	-2.	-2.	-2.	-2.		
1.01051	0.994908	64.099	49	0	(0)1	(0)1	(0)1	(0)1	(0)1	-0.	-0.	0.	0.	0.	0.	22.7636	0.	0.	1.	0.	0.	1.	0.	-0.	0.	0.	10.	9.96861	-1.	-1.	-1.	0	-1	0.	1	-2.	-2.	-2.	-2.		
1.02612	1.01051	64.046	50	0	(0)1	(0)1	(0)1	(0)1	(0)1	0.186206	0.186206	0.	0.	0.	0.186206	22.807	0.	-4.24559e-017	1.	0.	0.	1.	0.	-0.	0.	0.	10.	44.08	-1.	-1.	-1.	0	-1	0.	1	-2.	-2.	-2.	-2.		
1.04171	1.02612	64.1613	51	0	(0)1	(0)1	(0)1	(0)1	(0)1	0.372565	0.372565	0.	0.	0.	0.372565	22.8503	0.	0.	1.	0.	0.	1.	0.	-0.	0.	0.	10.	44.1959	-1.	-1.	-1.	0	-1	0.	1	-2.	-2.	-2.	-2.		
1.05737	1.04171	63.8548	52	0	(0)1	(0)1	(0)1	(0)1	(0)1	0.55859	0.55859	0.	0.	0.	0.55859	22.8936	0.	0.	1.	0.	0.	1.	0.	-0.	0.	0.	10.	43.9058	-1.	-1.	-1.	0	-1	0.	1	-2.	-2.	-2.	-2.		
1.07301	1.05737	63.9275	53	0	(0)1	(0)1	(0)1	(0)1	(0)1	0.745508	0.745508	0.	0.	0.	0.745508	22.9371	0.	-8.49119e-017	1.	0.	0.	1.	0.	-0.	0.	0.	10.	44.1667	-1.	-1.	-1.	0	-1	0.	1	-2.	-2.	-2.	-2.		
1.08864	1.07301	64.004	54	0	(0)1	(0)1	(0)1	(0)1	(0)1	0.932213	0.932213	0.	0.	0.	0.932213	22.9806	0.	-1.69824e-016	1.	0.	0.	1.	0.	-0.	0.	0.	10.	44.1693	-1.	-1.	-1.	0	-1	0.	1	-2.	-2.	-2.	-2.		
1.10419	1.08864	64.2825	55	0	(0)1	(0)1	(0)1	(0)1	(0)1	1.11869	1.11869	0.	0.	0.	1.11869	23.024	0.	-1.69824e-016	1.	0.	0.	1.	0.	-0.	0.	0.	10.	44.3084	-1.	-1.	-1.	0	-1	0.	1	-2.	-2.	-2.	-2.		
1.13551	1.10419	31.9274	56	0	(0)1	(0)1	(0)1	(0)1	(0)1	1.30437	1.30437	0.	0.	0.	1.30437	23.0672	0.	0.	1.	0.	0.	1.	0.	-0.	0.	0.	10.	21.9115	-1.	-1.	-1.	0	-1	0.	1	-2.	-2.	-2.	-2.		
1.15118	1.13551	63.8113	57	0	(0)1	(0)1	(0)1	(0)1	(0)1	1.67819	1.67819	0.	0.	0.	1.67819	23.1542	0.	-1.69824e-016	1.	0.	0.	1.	0.	-0.	0.	0.	10.	88.1699	-1.	-1.	-1.	0	-1	0.	1	-2.	-2.	-2.	-2.		
1.16791	1.15118	59.7858	58	0	(0)1	(0)1	(0)1	(0)1	(0)1	1.86524	1.86524	0.	0.	0.	1.86524	23.1977	0.	-1.69824e-016	1.	0.	0.	1.	0.	-0.	0.	0.	10.	41.3334	-1.	-1.	-1.	0	-1	0.	1	-2.	-2.	-2.	-2.		
1.18449	1.16791	60.3011	59	0	(0)1	(0)1	(0)1	(0)1	(0)1	2.06488	2.06488	0.	0.	0.	2.06488	23.2442	0.	0.	1.	0.	0.	1.	0.	-0.	0.	0.	10.	44.4966	-1.	-1.	-1.	0	-1	0.	1	-2.	-2.	-2.	-2.		
1.20106	1.18449	60.3626	60	0	(0)1	(0)1	(0)1	(0)1	(0)1	2.26281	2.26281	0.	0.	0.	2.26281	23.2903	0.	0.	1.	0.	0.	1.	0.	-0.	0.	0.	10.	44.1615	-1.	-1.	-1.	0	-1	0.	1	-2.	-2.	-2.	-2.		
1.21745	1.20106	61.0252	61	0	(0)1	(0)1	(0)1	(0)1	(0)1	2.46054	2.46054	0.	0.	0.	2.46054	23.3363	0.	0.	1.	0.	0.	1.	0.	-0.	0.	0.	10.	44.6006	-1.	-1.	-1.	0	-1	0.	1	-2.	-2.	-2.	-2.		
1.23383	1.21745	61.0335	62	0	(0)1	(0)1	(0)1	(0)1	(0)1	2.65612	2.65612	0.	0.	0.	2.65612	23.3818	0.	0.	1.	0.	0.	1.	0.	-0.	0.	0.	10.	44.1224	-1.	-1.	-1.	0	-1	0.	1	-2.	-2.	-2.	-2.		
1.25045	1.23383	60.1734	63	0	(0)1	(0)1	(0)1	(0)1	(0)1	2.85168	2.85168	0.	0.	0.	2.85168	23.4273	0.	0.	1.	0.	0.	1.	0.	-0.	0.	0.	10.	43.4947	-1.	-1.	-1.	0	-1	0.	1	-2.	-2.	-2.	-2.		
1.26765	1.25045	58.1558	64	0	(0)1	(0)1	(0)1	(0)1	(0)1	3.05004	3.05004	0.	0.	0.	3.05004	23.4735	0.	0.	1.	0.	0.	1.	0.	-0.	0.	0.	10.	42.6372	-1.	-1.	-1.	0	-1	0.	1	-2.	-2.	-2.	-2.		
1.28451	1.26765	59.3059	65	0	(0)1	(0)1	(0)1	(0)1	(0)1	3.25527	3.25527	0.	0.	0.	3.25527	23.5212	0.	0.	1.	0.	0.	1.	0.	-0.	0.	0.	10.	44.9888	-1.	-1.	-1.	0	-1	0.	1	-2.	-2.	-2.	-2.		
1.30098	1.28451	60.72	66	0	(0)1	(0)1	(0)1	(0)1	(0)1	3.45652	3.45652	0.	0.	0.	3.45652	23.5681	0.	0.	1.	0.	0.	1.	0.	-0.	0.	0.	10.	45.1683	-1.	-1.	-1.	0	-1	0.	1	-2.	-2.	-2.	-2.		
1.31768	1.30098	59.8591	67	0	(0)1	(0)1	(0)1	(0)1	(0)1	3.65309	3.65309	0.	0.	0.	3.65309	23.6138	0.	0.	1.	0.	0.	1.	0.	-0.	0.	0.	10.	43.4909	-1.	-1.	-1.	0	-1	0.	1	-2.	-2.	-2.	-2.		
1.3347	1.31768	58.7614	68	0	(0)1	(0)1	(0)1	(0)1	(0)1	3.85249	3.85249	0.	0.	0.	3.85249	23.6602	0.	0.	1.	0.	0.	1.	0.	-0.	0.	0.	10.	43.3073	-1.	-1.	-1.	0	-1	0.	1	-2.	-2.	-2.	-2.		
1.35163	1.3347	59.0704	69	0	(0)1	(0)1	(0)1	(0)1	(0)1	4.05561	4.05561	0.	0.	0.	4.05561	23.7075	0.	0.	1.	0.	0.	1.	0.	-0.	0.	0.	10.	44.3484	-1.	-1.	-1.	0	-1	0.	1	-2.	-2.	-2.	-2.		
1.36817	1.35163	60.4699	70	0	(0)1	(0)1	(0)1	(0)1	(0)1	4.25766	4.25766	0.	0.	0.	4.25766	23.7545	0.	-6.79295e-016	1.	0.	0.	1.	0.	-0.	0.	0.	10.	45.1616	-1.	-1.	-1.	0	-1	0.	1	-2.	-2.	-2.	-2.		
1.39389	1.36817	38.882	71	0	(0)1	(0)1	(0)1	(0)1	(0)1	4.45504	4.45504	0.	0.	0.	4.45504	23.8005	0.	0.	1.	0.	0.	1.	0.	-0.	0.	0.	10.	28.3667	-1.	-1.	-1.	0	-1	0.	1	-2.	-2.	-2.	-2.		
1.40959	1.39389	63.6865	72	0	(0)1	(0)1	(0)1	(0)1	(0)1	4.76201	4.76201	0.	0.	0.	4.76201	23.8719	0.	0.	1.	0.	0.	1.	0.	-0.	0.	0.	10.	72.259	-1.	-1.	-1.	0	-1	0.	1	-2.	-2.	-2.	-2.		
1.42514	1.40959	64.2825	73	0	(0)1	(0)1	(0)1	(0)1	(0)1	4.94942	4.94942	0.	0.	0.	4.94942	23.9155	0.	-6.79295e-016	1.	0.	0.	1.	0.	-0.	0.	0.	10.	44.5293	-1.	-1.	-1.	0	-1	0.	1	-2.	-2.	-2.	-2.		
1.44077	1.42514	64.0132	74	0	(0)1	(0)1	(0)1	(0)1	(0)1	5.13509	5.13509	0.	0.	0.	5.13509	23.9587	0.	0.	1.	0.	0.	1.	0.	-0.	0.	0.	10.	43.9316	-1.	-1.	-1.	0	-1	0.	1	-2.	-2.	-2.	-2.		
1.45712	1.44077	61.1332	75	0	(0)1	(0)1	(0)1	(0)1	(0)1	5.32155	5.32155	0.	0.	0.	5.32155	24.0021	0.	0.	1.	0.	0.	1.	0.	-0.	0.	0.	10.	42.1316	-1.	-1.	-1.	0	-1	0.	1	-2.	-2.	-2.	-2.		
1.47378	1.45712	60.0271	76	0	(0)1	(0)1	(0)1	(0)1	(0)1	5.51679	5.51679	0.	0.	0.	5.51679	24.0476	0.	-6.79295e-016	1.	0.	0.	1.	0.	-0.	0.	0.	10.	43.3182	-1.	-1.	-1.	0	-1	0.	1	-2.	-2.	-2.	-2.		
1.4907	1.47378	59.1108	77	0	(0)1	(0)1	(0)1	(0)1	(0)1	5.71562	5.71562	0.	0.	0.	5.71562	24.0938	0.	-6.79295e-016	1.	0.	0.	1.	0.	-0.	0.	0.	10.	43.443	-1.	-1.	-1.	0	-1	0.	1	-2.	-2.	-2.	-2.		
1.5074	1.4907	59.8847	78	0	(0)1	(0)1	(0)1	(0)1	(0)1	5.91754	5.91754	0.	0.	0.	5.91754	24.1408	0.	-6.79295e-016	1.	0.	0.	1.	0.	-0.	0.	0.	10.	44.6939	-1.	-1.	-1.	0	-1	0.	1	-2.	-2.	-2.	-2.		
1.52442	1.5074	58.7506	79	0	(0)1	(0)1	(0)1	(0)1	(0)1	6.11685	6.11685	0.	0.	0.	6.11685	24.1872	0.	0.	1.	0.	0.	1.	0.	-0.	0.	0.	10.	43.2809	-1.	-1.	-1.	0	-1	0.	1	-2.	-2.	-2.	-2.		
1.54353	1.52442	52.3382	80	0	(0)1	(0)1	(0)1	(0)1	(0)1	6.32001	6.32001	0.	0.	0.	6.32001	24.2345	0.	0.	1.	0.	0.	1.	0.	-0.	0.	0.	10.	39.3012	-1.	-1.	-1.	0	-1	0.	1	-2.	-2.	-2.	-2.		
1.56033	1.54353	59.5181	81	0	(0)1	(0)1	(0)1	(0)1	(0)1	6.54806	6.54806	0.	0.	0.	6.54806	24.2876	0.	-6.79295e-016	1.	0.	0.	1.	0.	-0.	0.	0.	10.	50.1682	-1.	-1.	-1.	0	-1	0.	1	-2.	-2.	-2.	-2.		
1.57712	1.56033	59.5576	82	0	(0)1	(0)1	(0)1	(0)1	(0)1	6.74859	6.74859	0.	0.	0.	6.74859	24.3342	0.	0.	1.	0.	0.	1.	0.	-0.	0.	0.	10.	44.1456	-1.	-1.	-1.	0	-1	0.	1	-2.	-2.	-2.	-2.		
1.59363	1.57712	60.5514	83	0	(0)1	(0)1	(0)1	(0)1	(0)1	6.949	6.949	0.	0.	0.	6.949	24.3809	0.	0.	1.	0.	0.	1.	0.	-0.	0.	0.	10.	44.8526	-1.	-1.	-1.	0	-1	0.	1	-2.	-2.	-2.	-2.		
1.61034	1.59363	59.8671	84	0	(0)1	(0)1	(0)1	(0)1	(0)1	7.14611	7.14611	0.	0.	0.	7.14611	24.4268	0.	0.	1.	0.	0.	1.	0.	-0.	0.	0.	10.	43.6178	-1.	-1.	-1.	0	-1	0.	1	-2.	-2.	-2.	-2.		
1.62707	1.61034	59.7461	85	0	(0)1	(0)1	(0)1	(0)1	(0)1	7.34548	7.34548	0.	0.	0.	7.34548	24.4732	0.	0.	1.	0.	0.	1.	0.	-0.	0.	0.	10.	44.0272	-1.	-1.	-1.	0	-1	0.	1	-2.	-2.	-2.	-2.		
1.64375	1.62707	59.9822	86	0	(0)1	(0)1	(0)1	(0)1	(0)1	7.54525	7.54525	0.	0.	0.	7.54525	24.5197	0.	0.	1.	0.	0.	1.	0.	-0.	0.	0.	10.	44.2908	-1.	-1.	-1.	0	-1	0.	1	-2.	-2.	-2.	-2.		
1.66072	1.64375	58.8985	87	0	(0)1	(0)1	(0)1	(0)1	(0)1	7.74424	7.74424	0.	0.	0.	7.74424	24.566	0.	-6.79295e-016	1.	0.	0.	1.	0.	-0.	0.	0.	10.	43.3193	-1.	-1.	-1.	0	-1	0.	1	-2.	-2.	-2.	-2.		
1.67718	1.66072	60.7775	88	0	(0)1	(0)1	(0)1	(0)1	(0)1	7.94688	7.94688	0.	0.	0.	7.94688	24.6131	0.	0.	1.	0.	0.	1.	0.	-0.	0.	0.	10.	45.5238	-1.	-1.	-1.	0	-1	0.	1	-2.	-2.	-2.	-2.		
1.69413	1.67718	59.0068	89	0	(0)1	(0)1	(0)1	(0)1	(0)1	8.14326	8.14326	0.	0.	0.	8.14326	24.6588	0.	0.	1.	0.	0.	1.	0.	-0.	0.	0.	10.	42.8311	-1.	-1.	-1.	0	-1	0.	1	-2.	-2.	-2.	-2.		
1.71064	1.69413	60.5547	90	0	(0)1	(0)1	(0)1	(0)1	(0)1	8.34554	8.34554	0.	0.	0.	8.34554	24.7059	0.	0.	1.	0.	0.	1.	0.	-0.	0.	0.	10.	45.2736	-1.	-1.	-1.	0	-1	0.	1	-2.	-2.	-2.	-2.		
1.72736	1.71064	59.8161	91	0	(0)1	(0)1	(0)1	(0)1	(0)1	8.54264	8.54264	0.	0.	0.	8.54264	24.7518	0.	0.	1.	0.	0.	1.	0.	-0.	0.	0.	10.	43.5783	-1.	-1.	-1.	0	-1	0.	1	-2.	-2.	-2.	-2.		
1.74421	1.72736	59.353	92	0	(0)1	(0)1	(0)1	(0)1	(0)1	8.74218	8.74218	0.	0.	0.	8.74218	24.7982	0.	0.	1.	0.	0.	1.	0.	-0.	0.	0.	10.	43.7748	-1.	-1.	-1.	0	-1	0.	1	-2.	-2.	-2.	-2.		
1.77426	1.74421	33.273	93	0	(0)1	(0)1	(0)1	(0)1	(0)1	8.94328	8.94328	0.	0.	0.	8.94328	24.845	0.	1.35859e-015	1.	0.	0.	1.	0.	-0.	0.	0.	10.	24.7314	-1.	-1.	-1.	0	-1	0.	1	-2.	-2.	-2.	-2.		
1.78999	1.77426	63.5639	94	0	(0)1	(0)1	(0)1	(0)1	(0)1	9.30198	9.30198	0.	0.	0.	9.30198	24.9285	0.	1.35859e-015	1.	0.	0.	1.	0.	-0.	0.	0.	10.	84.2766	-1.	-1.	-1.	0	-1	0.	1	-2.	-2.	-2.	-2.		
1.80552	1.78999	64.4023	95	0	(0)1	(0)1	(0)1	(0)1	(0)1	9.48976	9.48976	0.	0.	0.	9.48976	24.9722	0.	1.35859e-015	1.	0.	0.	1.	0.	-0.	0.	0.	10.	44.6983	-1.	-1.	-1.	0	-1	0.	1	-2.	-2.	-2.	-2.		
1.82119	1.80552	63.7968	96	0	(0)1	(0)1	(0)1	(0)1	(0)1	9.67508	9.67508	0.	0.	0.	9.67508	25.0153	0.	0.	1.	0.	0.	1.	0.	-0.	0.	0.	10.	43.7017	-1.	-1.	-1.	0	-1	0.	1	-2.	-2.	-2.	-2.		
1.85241	1.82119	32.039	97	0	(0)1	(0)1	(0)1	(0)1	(0)1	9.86217	9.86217	0.	0.	0.	9.86217	25.0589	0.	0.	1.	0.	0.	1.	0.	-0.	0.	0.	10.	22.1555	-1.	-1.	-1.	0	-1	0.	1	-2.	-2.	-2.	-2.		
1.86807	1.85241	63.853	98	0	(0)1	(0)1	(0)1	(0)1	(0)1	10.2347	10.2347	0.	0.	0.	10.2347	25.1456	0.	0.	1.	0.	0.	1.	0.	-0.	0.	0.	10.	87.9204	-1.	-1.	-1.	0	-1	0.	1	-2.	-2.	-2.	-2.		
1.88357	1.86807	64.4855	99	0	(0)1	(0)1	(0)1	(0)1	(0)1	10.4216	10.4216	0.	0.	0.	10.4216	25.1891	0.	0.	1.	0.	0.	1.	0.	-0.	0.	0.	10.	44.5534	-1.	-1.	-1.	0	-1	0.	1	-2.	-2.	-2.	-2.		
1.91489	1.88357	31.9333	100	0	(0)1	(0)1	(0)1	(0)1	(0)1	10.6067	10.6067	0.	0.	0.	10.6067	25.2322	0.	0.	1.	0.	0.	1.	0.	-0.	0.	0.	10.	21.8465	-1.	-1.	-1.	0	-1	0.	1	-2.	-2.	-2.	-2.		
1.93059	1.91489	63.7009	101	0	(0)1	(0)1	(0)1	(0)1	(0)1	10.9805	10.9805	0.	0.	0.	10.9805	25.3191	0.	1.35859e-015	1.	0.	0.	1.	0.	-0.	0.	0.	10.	88.0011	-1.	-1.	-1.	0	-1	0.	1	-2.	-2.	-2.	-2.		
1.94622	1.93059	63.9731	102	0	(0)1	(0)1	(0)1	(0)1	(0)1	11.1678	11.1678	0.	0.	0.	11.1678	25.3627	0.	1.35859e-015	1.	0.	0.	1.	0.	-0.	0.	0.	10.	44.3049	-1.	-1.	-1.	0	-1	0.	1	-2.	-2.	-2.	-2.		
1.96174	1.94622	64.4134	103	0	(0)1	(0)1	(0)1	(0)1	(0)1	11.3544	11.3544	0.	0.	0.	11.3544	25.4062	0.	1.35859e-015	1.	0.	0.	1.	0.	-0.	0.	0.	10.	44.4201	-1.	-1.	-1.	0	-1	0.	1	-2.	-2.	-2.	-2.		
1.97739	1.96174	63.9294	104	0	(0)1	(0)1	(0)1	(0)1	(0)1	11.5397	11.5397	0.	0.	0.	11.5397	25.4493	0.	1.35859e-015	1.	0.	0.	1.	0.	-0.	0.	0.	10.	43.785	-1.	-1.	-1.	0	-1	0.	1	-2.	-2.	-2.	-2.		
1.99301	1.97739	63.9876	105	0	(0)1	(0)1	(0)1	(0)1	(0)1	11.7264	11.7264	0.	0.	0.	11.7264	25.4927	0.	0.	1.	0.	0.	1.	0.	-0.	0.	0.	10.	44.1567	-1.	-1.	-1.	0	-1	0.	1	-2.	-2.	-2.	-2.		
2.00863	1.99301	64.0241	106	0	(0)1	(0)1	(0)1	(0)1	(0)1	11.9129	11.9129	0.	0.	0.	11.9129	25.5362	0.	1.35859e-015	1.	0.	0.	1.	0.	-0.	0.	0.	10.	44.1416	-1.	-1.	-1.	0	-1	0.	1	-2.	-2.	-2.	-2.		
2.02532	2.00863	59.9294	107	0	(0)1	(0)1	(0)1	(0)1	(0)1	12.0994	12.0994	0.	0.	0.	12.0994	25.5795	0.	0.	1.	0.	0.	1.	0.	-0.	0.	0.	10.	41.295	-1.	-1.	-1.	0	-1	0.	1	-2.	-2.	-2.	-2.		
2.04213	2.02532	59.4818	108	0	(0)1	(0)1	(0)1	(0)1	(0)1	12.2985	12.2985	0.	0.	0.	12.2985	25.6259	0.	1.35859e-015	1.	0.	0.	1.	0.	-0.	0.	0.	10.	43.7869	-1.	-1.	-1.	0	-1	0.	1	-2.	-2.	-2.	-2.		
2.05911	2.04213	58.8923	109	0	(0)1	(0)1	(0)1	(0)1	(0)1	12.4992	12.4992	0.	0.	0.	12.4992	25.6726	0.	0.	1.	0.	0.	1.	0.	-0.	0.	0.	10.	43.6791	-1.	-1.	-1.	0	-1	0.	1	-2.	-2.	-2.	-2.		
2.07611	2.05911	58.8476	110	0	(0)1	(0)1	(0)1	(0)1	(0)1	12.7018	12.7018	0.	0.	0.	12.7018	25.7198	0.	1.35859e-015	1.	0.	0.	1.	0.	-0.	0.	0.	10.	44.0829	-1.	-1.	-1.	0	-1	0.	1	-2.	-2.	-2.	-2.		
2.09272	2.07611	60.1912	111	0	(0)1	(0)1	(0)1	(0)1	(0)1	12.9047	12.9047	0.	0.	0.	12.9047	25.767	0.	0.	1.	0.	0.	1.	0.	-0.	0.	0.	10.	45.1236	-1.	-1.	-1.	0	-1	0.	1	-2.	-2.	-2.	-2.		
2.10957	2.09272	59.3326	112	0	(0)1	(0)1	(0)1	(0)1	(0)1	13.103	13.103	0.	0.	0.	13.103	25.8131	0.	1.35859e-015	1.	0.	0.	1.	0.	-0.	0.	0.	10.	43.4871	-1.	-1.	-1.	0	-1	0.	1	-2.	-2.	-2.	-2.		
2.12665	2.10957	58.5408	113	0	(0)1	(0)1	(0)1	(0)1	(0)1	13.3041	13.3041	0.	0.	0.	13.3041	25.8599	0.	0.	1.	0.	0.	1.	0.	-0.	0.	0.	10.	43.5277	-1.	-1.	-1.	0	-1	0.	1	-2.	-2.	-2.	-2.		
2.14318	2.12665	60.5074	114	0	(0)1	(0)1	(0)1	(0)1	(0)1	13.508	13.508	0.	0.	0.	13.508	25.9074	0.	1.35859e-015	1.	0.	0.	1.	0.	-0.	0.	0.	10.	45.5984	-1.	-1.	-1.	0	-1	0.	1	-2.	-2.	-2.	-2.		
2.1598	2.14318	60.1912	115	0	(0)1	(0)1	(0)1	(0)1	(0)1	13.7053	13.7053	0.	0.	0.	13.7053	25.9533	0.	0.	1.	0.	0.	1.	0.	-0.	0.	0.	10.	43.8859	-1.	-1.	-1.	0	-1	0.	1	-2.	-2.	-2.	-2.		
2.17632	2.1598	60.5106	116	0	(0)1	(0)1	(0)1	(0)1	(0)1	13.9036	13.9036	0.	0.	0.	13.9036	25.9994	0.	1.35859e-015	1.	0.	0.	1.	0.	-0.	0.	0.	10.	44.3505	-1.	-1.	-1.	0	-1	0.	1	-2.	-2.	-2.	-2.		
2.19333	2.17632	58.809	117	0	(0)1	(0)1	(0)1	(0)1	(0)1	14.1008	14.1008	0.	0.	0.	14.1008	26.0453	0.	1.35859e-015	1.	0.	0.	1.	0.	-0.	0.	0.	10.	42.8758	-1.	-1.	-1.	0	-1	0.	1	-2.	-2.	-2.	-2.		
2.21003	2.19333	59.8575	118	0	(0)1	(0)1	(0)1	(0)1	(0)1	14.3038	14.3038	0.	0.	0.	14.3038	26.0926	0.	0.	1.	0.	0.	1.	0.	-0.	0.	0.	10.	44.9029	-1.	-1.	-1.	0	-1	0.	1	-2.	-2.	-2.	-2.		
2.22689	2.21003	59.3232	119	0	(0)1	(0)1	(0)1	(0)1	(0)1	14.5032	14.5032	0.	0.	0.	14.5032	26.139	0.	1.35859e-015	1.	0.	0.	1.	0.	-0.	0.	0.	10.	43.7226	-1.	-1.	-1.	0	-1	0.	1	-2.	-2.	-2.	-2.		
2.24391	2.22689	58.7491	120	0	(0)1	(0)1	(0)1	(0)1	(0)1	14.7044	14.7044	0.	0.	0.	14.7044	26.1858	0.	0.	1.	0.	0.	1.	0.	-0.	0.	0.	10.	43.6894	-1.	-1.	-1.	0	-1	0.	1	-2.	-2.	-2.	-2.		
2.26108	2.24391	58.2539	121	0	(0)1	(0)1	(0)1	(0)1	(0)1	14.9075	14.9075	0.	0.	0.	14.9075	26.2331	0.	1.35859e-015	1.	0.	0.	1.	0.	-0.	0.	0.	10.	43.7445	-1.	-1.	-1.	0	-1	0.	1	-2.	-2.	-2.	-2.		
2.27785	2.26108	59.6255	122	0	(0)1	(0)1	(0)1	(0)1	(0)1	15.1124	15.1124	0.	0.	0.	15.1124	26.2808	0.	0.	1.	0.	0.	1.	0.	-0.	0.	0.	10.	45.1552	-1.	-1.	-1.	0	-1	0.	1	-2.	-2.	-2.	-2.		
2.29491	2.27785	58.6019	123	0	(0)1	(0)1	(0)1	(0)1	(0)1	15.3126	15.3126	0.	0.	0.	15.3126	26.3274	0.	1.35859e-015	1.	0.	0.	1.	0.	-0.	0.	0.	10.	43.359	-1.	-1.	-1.	0	-1	0.	1	-2.	-2.	-2.	-2.		
2.31168	2.29491	59.6382	124	0	(0)1	(0)1	(0)1	(0)1	(0)1	15.5163	15.5163	0.	0.	0.	15.5163	26.3748	0.	1.35859e-015	1.	0.	0.	1.	0.	-0.	0.	0.	10.	44.8965	-1.	-1.	-1.	0	-1	0.	1	-2.	-2.	-2.	-2.		
2.32868	2.31168	58.8152	125	0	(0)1	(0)1	(0)1	(0)1	(0)1	15.7164	15.7164	0.	0.	0.	15.7164	26.4213	0.	0.	1.	0.	0.	1.	0.	-0.	0.	0.	10.	43.5076	-1.	-1.	-1.	0	-1	0.	1	-2.	-2.	-2.	-2.		
2.34542	2.32868	59.7588	126	0	(0)1	(0)1	(0)1	(0)1	(0)1	15.9193	15.9193	0.	0.	0.	15.9193	26.4686	0.	-1.35859e-015	1.	0.	0.	1.	0.	-0.	0.	0.	10.	44.8241	-1.	-1.	-1.	0	-1	0.	1	-2.	-2.	-2.	-2.		
2.36234	2.34542	59.0782	127	0	(0)1	(0)1	(0)1	(0)1	(0)1	16.119	16.119	0.	0.	0.	16.119	26.515	0.	-2.71718e-015	1.	0.	0.	1.	0.	-0.	0.	0.	10.	43.6139	-1.	-1.	-1.	0	-1	0.	1	-2.	-2.	-2.	-2.		
2.37896	2.36234	60.1638	128	0	(0)1	(0)1	(0)1	(0)1	(0)1	16.3211	16.3211	0.	0.	0.	16.3211	26.5621	0.	0.	1.	0.	0.	1.	0.	-0.	0.	0.	10.	44.927	-1.	-1.	-1.	0	-1	0.	1	-2.	-2.	-2.	-2.		
2.40804	2.37896	34.3992	129	0	(0)1	(0)1	(0)1	(0)1	(0)1	16.5195	16.5195	0.	0.	0.	16.5195	26.6082	0.	0.	1.	0.	0.	1.	0.	-0.	0.	0.	10.	25.2239	-1.	-1.	-1.	0	-1	0.	1	-2.	-2.	-2.	-2.		
2.42373	2.40804	63.7027	130	0	(0)1	(0)1	(0)1	(0)1	(0)1	16.8664	16.8664	0.	0.	0.	16.8664	26.689	0.	0.	1.	0.	0.	1.	0.	-0.	0.	0.	10.	81.6957	-1.	-1.	-1.	0	-1	0.	1	-2.	-2.	-2.	-2.		
2.4394	2.42373	63.8312	131	0	(0)1	(0)1	(0)1	(0)1	(0)1	17.0538	17.0538	0.	0.	0.	17.0538	26.7326	0.	0.	1.	0.	0.	1.	0.	-0.	0.	0.	10.	44.2055	-1.	-1.	-1.	0	-1	0.	1	-2.	-2.	-2.	-2.		
2.45491	2.4394	64.4522	132	0	(0)1	(0)1	(0)1	(0)1	(0)1	17.2408	17.2408	0.	0.	0.	17.2408	26.7761	0.	0.	1.	0.	0.	1.	0.	-0.	0.	0.	10.	44.5456	-1.	-1.	-1.	0	-1	0.	1	-2.	-2.	-2.	-2.		
2.47059	2.45491	63.8041	133	0	(0)1	(0)1	(0)1	(0)1	(0)1	17.426	17.426	0.	0.	0.	17.426	26.8192	0.	0.	1.	0.	0.	1.	0.	-0.	0.	0.	10.	43.6728	-1.	-1.	-1.	0	-1	0.	1	-2.	-2.	-2.	-2.		
2.48621	2.47059	64.0186	134	0	(0)1	(0)1	(0)1	(0)1	(0)1	17.613	17.613	0.	0.	0.	17.613	26.8627	0.	0.	1.	0.	0.	1.	0.	-0.	0.	0.	10.	44.2648	-1.	-1.	-1.	0	-1	0.	1	-2.	-2.	-2.	-2.		
2.51743	2.48621	32.0294	135	0	(0)1	(0)1	(0)1	(0)1	(0)1	17.7995	17.7995	0.	0.	0.	17.7995	26.9061	0.	0.	1.	0.	0.	1.	0.	-0.	0.	0.	10.	22.0721	-1.	-1.	-1.	0	-1	0.	1	-2.	-2.	-2.	-2.		
2.5332	2.51743	63.4239	136	0	(0)1	(0)1	(0)1	(0)1	(0)1	18.1721	18.1721	0.	0.	0.	18.1721	26.9929	0.	0.	1.	0.	0.	1.	0.	-0.	0.	0.	10.	87.3556	-1.	-1.	-1.	0	-1	0.	1	-2.	-2.	-2.	-2.		
2.55022	2.5332	58.726	137	0	(0)1	(0)1	(0)1	(0)1	(0)1	18.3603	18.3603	0.	0.	0.	18.3603	27.0367	0.	0.	1.	0.	0.	1.	0.	-0.	0.	0.	10.	40.8487	-1.	-1.	-1.	0	-1	0.	1	-2.	-2.	-2.	-2.		
2.56678	2.55022	60.387	138	0	(0)1	(0)1	(0)1	(0)1	(0)1	18.5635	18.5635	0.	0.	0.	18.5635	27.084	0.	0.	1.	0.	0.	1.	0.	-0.	0.	0.	10.	45.3641	-1.	-1.	-1.	0	-1	0.	1	-2.	-2.	-2.	-2.		
2.58373	2.56678	59.0208	139	0	(0)1	(0)1	(0)1	(0)1	(0)1	18.7612	18.7612	0.	0.	0.	18.7612	27.13	0.	0.	1.	0.	0.	1.	0.	-0.	0.	0.	10.	43.1183	-1.	-1.	-1.	0	-1	0.	1	-2.	-2.	-2.	-2.		
2.60044	2.58373	59.8209	140	0	(0)1	(0)1	(0)1	(0)1	(0)1	18.9634	18.9634	0.	0.	0.	18.9634	27.177	0.	0.	1.	0.	0.	1.	0.	-0.	0.	0.	10.	44.7144	-1.	-1.	-1.	0	-1	0.	1	-2.	-2.	-2.	-2.		
2.61682	2.60044	61.0816	141	0	(0)1	(0)1	(0)1	(0)1	(0)1	19.1629	19.1629	0.	0.	0.	19.1629	27.2235	0.	0.	1.	0.	0.	1.	0.	-0.	0.	0.	10.	45.0462	-1.	-1.	-1.	0	-1	0.	1	-2.	-2.	-2.	-2.		
2.63323	2.61682	60.9391	142	0	(0)1	(0)1	(0)1	(0)1	(0)1	19.3583	19.3583	0.	0.	0.	19.3583	27.2689	0.	0.	1.	0.	0.	1.	0.	-0.	0.	0.	10.	44.0135	-1.	-1.	-1.	0	-1	0.	1	-2.	-2.	-2.	-2.		
2.65022	2.63323	58.826	143	0	(0)1	(0)1	(0)1	(0)1	(0)1	19.5542	19.5542	0.	0.	0.	19.5542	27.3145	0.	0.	1.	0.	0.	1.	0.	-0.	0.	0.	10.	42.5866	-1.	-1.	-1.	0	-1	0.	1	-2.	-2.	-2.	-2.		
2.6668	2.65022	60.3189	144	0	(0)1	(0)1	(0)1	(0)1	(0)1	19.7571	19.7571	0.	0.	0.	19.7571	27.3617	0.	0.	1.	0.	0.	1.	0.	-0.	0.	0.	10.	45.236	-1.	-1.	-1.	0	-1	0.	1	-2.	-2.	-2.	-2.		
2.68359	2.6668	59.567	145	0	(0)1	(0)1	(0)1	(0)1	(0)1	19.955	19.955	0.	0.	0.	19.955	27.4078	0.	0.	1.	0.	0.	1.	0.	-0.	0.	0.	10.	43.5665	-1.	-1.	-1.	0	-1	0.	1	-2.	-2.	-2.	-2.		
2.70009	2.68359	60.6037	146	0	(0)1	(0)1	(0)1	(0)1	(0)1	20.1553	20.1553	0.	0.	0.	20.1553	27.4544	0.	0.	1.	0.	0.	1.	0.	-0.	0.	0.	10.	44.8842	-1.	-1.	-1.	0	-1	0.	1	-2.	-2.	-2.	-2.		
2.71677	2.70009	59.9678	147	0	(0)1	(0)1	(0)1	(0)1	(0)1	20.3523	20.3523	0.	0.	0.	20.3523	27.5003	0.	0.	1.	0.	0.	1.	0.	-0.	0.	0.	10.	43.6535	-1.	-1.	-1.	0	-1	0.	1	-2.	-2.	-2.	-2.		
2.73339	2.71677	60.1638	148	0	(0)1	(0)1	(0)1	(0)1	(0)1	20.5513	20.5513	0.	0.	0.	20.5513	27.5466	0.	0.	1.	0.	0.	1.	0.	-0.	0.	0.	10.	44.2606	-1.	-1.	-1.	0	-1	0.	1	-2.	-2.	-2.	-2.		
2.7501	2.73339	59.8288	149	0	(0)1	(0)1	(0)1	(0)1	(0)1	20.7497	20.7497	0.	0.	0.	20.7497	27.5927	0.	0.	1.	0.	0.	1.	0.	-0.	0.	0.	10.	43.8708	-1.	-1.	-1.	0	-1	0.	1	-2.	-2.	-2.	-2.		
2.76665	2.7501	60.4292	150	0	(0)1	(0)1	(0)1	(0)1	(0)1	20.9492	20.9492	0.	0.	0.	20.9492	27.6392	0.	0.	1.	0.	0.	1.	0.	-0.	0.	0.	10.	44.5591	-1.	-1.	-1.	0	-1	0.	1	-2.	-2.	-2.	-2.		
2.78321	2.76665	60.4016	151	0	(0)1	(0)1	(0)1	(0)1	(0)1	21.1467	21.1467	0.	0.	0.	21.1467	27.6851	0.	0.	1.	0.	0.	1.	0.	-0.	0.	0.	10.	44.0962	-1.	-1.	-1.	0	-1	0.	1	-2.	-2.	-2.	-2.		
2.80025	2.78321	58.6907	152	0	(0)1	(0)1	(0)1	(0)1	(0)1	21.3443	21.3443	0.	0.	0.	21.3443	27.7311	0.	0.	1.	0.	0.	1.	0.	-0.	0.	0.	10.	42.8668	-1.	-1.	-1.	0	-1	0.	1	-2.	-2.	-2.	-2.		
2.81678	2.80025	60.4748	153	0	(0)1	(0)1	(0)1	(0)1	(0)1	21.5477	21.5477	0.	0.	0.	21.5477	27.7785	0.	0.	1.	0.	0.	1.	0.	-0.	0.	0.	10.	45.4574	-1.	-1.	-1.	0	-1	0.	1	-2.	-2.	-2.	-2.		
2.83892	2.81678	45.1749	154	0	(0)1	(0)1	(0)1	(0)1	(0)1	21.745	21.745	0.	0.	0.	21.745	27.8244	0.	0.	1.	0.	0.	1.	0.	-0.	0.	0.	10.	32.9551	-1.	-1.	-1.	0	-1	0.	1	-2.	-2.	-2.	-2.		
2.85461	2.83892	63.7099	155	0	(0)1	(0)1	(0)1	(0)1	(0)1	22.0092	22.0092	0.	0.	0.	22.0092	27.8859	0.	0.	1.	0.	0.	1.	0.	-0.	0.	0.	10.	62.2166	-1.	-1.	-1.	0	-1	0.	1	-2.	-2.	-2.	-2.		
2.87009	2.85461	64.6023	156	0	(0)1	(0)1	(0)1	(0)1	(0)1	22.1966	22.1966	0.	0.	0.	22.1966	27.9295	0.	0.	1.	0.	0.	1.	0.	-0.	0.	0.	10.	44.7344	-1.	-1.	-1.	0	-1	0.	1	-2.	-2.	-2.	-2.		
2.88576	2.87009	63.8276	157	0	(0)1	(0)1	(0)1	(0)1	(0)1	22.3813	22.3813	0.	0.	0.	22.3813	27.9725	0.	0.	1.	0.	0.	1.	0.	-0.	0.	0.	10.	43.5874	-1.	-1.	-1.	0	-1	0.	1	-2.	-2.	-2.	-2.		
2.90139	2.88576	63.9986	158	0	(0)1	(0)1	(0)1	(0)1	(0)1	22.5683	22.5683	0.	0.	0.	22.5683	28.016	0.	0.	1.	0.	0.	1.	0.	-0.	0.	0.	10.	44.2346	-1.	-1.	-1.	0	-1	0.	1	-2.	-2.	-2.	-2.		
2.93265	2.90139	31.9847	159	0	(0)1	(0)1	(0)1	(0)1	(0)1	22.7548	22.7548	0.	0.	0.	22.7548	28.0594	0.	0.	1.	0.	0.	1.	0.	-0.	0.	0.	10.	22.0482	-1.	-1.	-1.	0	-1	0.	1	-2.	-2.	-2.	-2.		
2.94828	2.93265	63.9968	160	0	(0)1	(0)1	(0)1	(0)1	(0)1	23.128	23.128	0.	0.	0.	23.128	28.1463	0.	0.	1.	0.	0.	1.	0.	-0.	0.	0.	10.	88.2678	-1.	-1.	-1.	0	-1	0.	1	-2.	-2.	-2.	-2.		
2.96396	2.94828	63.7751	161	0	(0)1	(0)1	(0)1	(0)1	(0)1	23.3145	23.3145	0.	0.	0.	23.3145	28.1897	0.	0.	1.	0.	0.	1.	0.	-0.	0.	0.	10.	43.9636	-1.	-1.	-1.	0	-1	0.	1	-2.	-2.	-2.	-2.		
2.97957	2.96396	64.0314	162	0	(0)1	(0)1	(0)1	(0)1	(0)1	23.5016	23.5016	0.	0.	0.	23.5016	28.2332	0.	0.	1.	0.	0.	1.	0.	-0.	0.	0.	10.	44.2938	-1.	-1.	-1.	0	-1	0.	1	-2.	-2.	-2.	-2.		
2.99509	2.97957	64.4522	163	0	(0)1	(0)1	(0)1	(0)1	(0)1	23.6881	23.6881	0.	0.	0.	23.6881	28.2766	0.	0.	1.	0.	0.	1.	0.	-0.	0.	0.	10.	44.4064	-1.	-1.	-1.	0	-1	0.	1	-2.	-2.	-2.	-2.		
3.01077	2.99509	63.7859	164	0	(0)1	(0)1	(0)1	(0)1	(0)1	23.8732	23.8732	0.	0.	0.	23.8732	28.3197	0.	0.	1.	0.	0.	1.	0.	-0.	0.	0.	10.	43.6604	-1.	-1.	-1.	0	-1	0.	1	-2.	-2.	-2.	-2.		
3.02635	3.01077	64.1521	165	0	(0)1	(0)1	(0)1	(0)1	(0)1	24.0604	24.0604	0.	0.	0.	24.0604	28.3632	0.	0.	1.	0.	0.	1.	0.	-0.	0.	0.	10.	44.3697	-1.	-1.	-1.	0	-1	0.	1	-2.	-2.	-2.	-2.		
3.04203	3.02635	63.7914	166	0	(0)1	(0)1	(0)1	(0)1	(0)1	24.2464	24.2464	0.	0.	0.	24.2464	28.4065	0.	0.	1.	0.	0.	1.	0.	-0.	0.	0.	10.	43.8684	-1.	-1.	-1.	0	-1	0.	1	-2.	-2.	-2.	-2.		
3.0587	3.04203	59.9886	167	0	(0)1	(0)1	(0)1	(0)1	(0)1	24.4335	24.4335	0.	0.	0.	24.4335	28.4501	0.	0.	1.	0.	0.	1.	0.	-0.	0.	0.	10.	41.4866	-1.	-1.	-1.	0	-1	0.	1	-2.	-2.	-2.	-2.		
3.07531	3.0587	60.1928	168	0	(0)1	(0)1	(0)1	(0)1	(0)1	24.6325	24.6325	0.	0.	0.	24.6325	28.4964	0.	0.	1.	0.	0.	1.	0.	-0.	0.	0.	10.	44.2665	-1.	-1.	-1.	0	-1	0.	1	-2.	-2.	-2.	-2.		
3.09212	3.07531	59.4945	169	0	(0)1	(0)1	(0)1	(0)1	(0)1	24.8308	24.8308	0.	0.	0.	24.8308	28.5425	0.	0.	1.	0.	0.	1.	0.	-0.	0.	0.	10.	43.6046	-1.	-1.	-1.	0	-1	0.	1	-2.	-2.	-2.	-2.		
3.10869	3.09212	60.3594	170	0	(0)1	(0)1	(0)1	(0)1	(0)1	25.0314	25.0314	0.	0.	0.	25.0314	28.5892	0.	0.	1.	0.	0.	1.	0.	-0.	0.	0.	10.	44.7578	-1.	-1.	-1.	0	-1	0.	1	-2.	-2.	-2.	-2.		
3.1255	3.10869	59.474	171	0	(0)1	(0)1	(0)1	(0)1	(0)1	25.2291	25.2291	0.	0.	0.	25.2291	28.6352	0.	0.	1.	0.	0.	1.	0.	-0.	0.	0.	10.	43.4692	-1.	-1.	-1.	0	-1	0.	1	-2.	-2.	-2.	-2.		
3.14212	3.1255	60.1734	172	0	(0)1	(0)1	(0)1	(0)1	(0)1	25.4298	25.4298	0.	0.	0.	25.4298	28.682	0.	0.	1.	0.	0.	1.	0.	-0.	0.	0.	10.	44.6352	-1.	-1.	-1.	0	-1	0.	1	-2.	-2.	-2.	-2.		
3.15869	3.14212	60.374	173	0	(0)1	(0)1	(0)1	(0)1	(0)1	25.6282	25.6282	0.	0.	0.	25.6282	28.7281	0.	0.	1.	0.	0.	1.	0.	-0.	0.	0.	10.	44.2634	-1.	-1.	-1.	0	-1	0.	1	-2.	-2.	-2.	-2.		
3.17553	3.15869	59.3796	174	0	(0)1	(0)1	(0)1	(0)1	(0)1	25.8259	25.8259	0.	0.	0.	25.8259	28.7741	0.	0.	1.	0.	0.	1.	0.	-0.	0.	0.	10.	43.3898	-1.	-1.	-1.	0	-1	0.	1	-2.	-2.	-2.	-2.		
3.19224	3.17553	59.8161	175	0	(0)1	(0)1	(0)1	(0)1	(0)1	26.0269	26.0269	0.	0.	0.	26.0269	28.8209	0.	0.	1.	0.	0.	1.	0.	-0.	0.	0.	10.	44.4406	-1.	-1.	-1.	0	-1	0.	1	-2.	-2.	-2.	-2.		
3.20914	3.19224	59.1965	176	0	(0)1	(0)1	(0)1	(0)1	(0)1	26.2264	26.2264	0.	0.	0.	26.2264	28.8673	0.	0.	1.	0.	0.	1.	0.	-0.	0.	0.	10.	43.6594	-1.	-1.	-1.	0	-1	0.	1	-2.	-2.	-2.	-2.		
3.22627	3.20914	58.3719	177	0	(0)1	(0)1	(0)1	(0)1	(0)1	26.428	26.428	0.	0.	0.	26.428	28.9143	0.	0.	1.	0.	0.	1.	0.	-0.	0.	0.	10.	43.5019	-1.	-1.	-1.	0	-1	0.	1	-2.	-2.	-2.	-2.		
3.24274	3.22627	60.7036	178	0	(0)1	(0)1	(0)1	(0)1	(0)1	26.6325	26.6325	0.	0.	0.	26.6325	28.9619	0.	0.	1.	0.	0.	1.	0.	-0.	0.	0.	10.	45.8786	-1.	-1.	-1.	0	-1	0.	1	-2.	-2.	-2.	-2.		
3.25944	3.24274	59.8815	179	0	(0)1	(0)1	(0)1	(0)1	(0)1	26.8291	26.8291	0.	0.	0.	26.8291	29.0076	0.	0.	1.	0.	0.	1.	0.	-0.	0.	0.	10.	43.5189	-1.	-1.	-1.	0	-1	0.	1	-2.	-2.	-2.	-2.		
3.27636	3.25944	59.1077	180	0	(0)1	(0)1	(0)1	(0)1	(0)1	27.0284	27.0284	0.	0.	0.	27.0284	29.054	0.	0.	1.	0.	0.	1.	0.	-0.	0.	0.	10.	43.5464	-1.	-1.	-1.	0	-1	0.	1	-2.	-2.	-2.	-2.		
3.29289	3.27636	60.4911	181	0	(0)1	(0)1	(0)1	(0)1	(0)1	27.2304	27.2304	0.	0.	0.	27.2304	29.101	0.	0.	1.	0.	0.	1.	0.	-0.	0.	0.	10.	45.1489	-1.	-1.	-1.	0	-1	0.	1	-2.	-2.	-2.	-2.		
3.3097	3.29289	59.4834	182	0	(0)1	(0)1	(0)1	(0)1	(0)1	27.4277	27.4277	0.	0.	0.	27.4277	29.1469	0.	0.	1.	0.	0.	1.	0.	-0.	0.	0.	10.	43.3815	-1.	-1.	-1.	0	-1	0.	1	-2.	-2.	-2.	-2.		
3.32626	3.3097	60.413	183	0	(0)1	(0)1	(0)1	(0)1	(0)1	27.6283	27.6283	0.	0.	0.	27.6283	29.1936	0.	0.	1.	0.	0.	1.	0.	-0.	0.	0.	10.	44.8058	-1.	-1.	-1.	0	-1	0.	1	-2.	-2.	-2.	-2.		
3.34263	3.32626	61.0617	184	0	(0)1	(0)1	(0)1	(0)1	(0)1	27.8259	27.8259	0.	0.	0.	27.8259	29.2396	0.	0.	1.	0.	0.	1.	0.	-0.	0.	0.	10.	44.5901	-1.	-1.	-1.	0	-1	0.	1	-2.	-2.	-2.	-2.		
3.35953	3.34263	59.1794	185	0	(0)1	(0)1	(0)1	(0)1	(0)1	28.0214	28.0214	0.	0.	0.	28.0214	29.2851	0.	0.	1.	0.	0.	1.	0.	-0.	0.	0.	10.	42.7564	-1.	-1.	-1.	0	-1	0.	1	-2.	-2.	-2.	-2.		
3.37605	3.35953	60.5384	186	0	(0)1	(0)1	(0)1	(0)1	(0)1	28.2231	28.2231	0.	0.	0.	28.2231	29.332	0.	0.	1.	0.	0.	1.	0.	-0.	0.	0.	10.	45.1295	-1.	-1.	-1.	0	-1	0.	1	-2.	-2.	-2.	-2.		
3.39231	3.37605	61.4796	187	0	(0)1	(0)1	(0)1	(0)1	(0)1	28.4202	28.4202	0.	0.	0.	28.4202	29.3779	0.	0.	1.	0.	0.	1.	0.	-0.	0.	0.	10.	44.8023	-1.	-1.	-1.	0	-1	0.	1	-2.	-2.	-2.	-2.		
3.40923	3.39231	59.114	188	0	(0)1	(0)1	(0)1	(0)1	(0)1	28.6144	28.6144	0.	0.	0.	28.6144	29.4231	0.	0.	1.	0.	0.	1.	0.	-0.	0.	0.	10.	42.4189	-1.	-1.	-1.	0	-1	0.	1	-2.	-2.	-2.	-2.		
3.42576	3.40923	60.5008	189	0	(0)1	(0)1	(0)1	(0)1	(0)1	28.8163	28.8163	0.	0.	0.	28.8163	29.4701	0.	0.	1.	0.	0.	1.	0.	-0.	0.	0.	10.	45.1514	-1.	-1.	-1.	0	-1	0.	1	-2.	-2.	-2.	-2.		
3.44272	3.42576	58.9511	190	0	(0)1	(0)1	(0)1	(0)1	(0)1	29.0135	29.0135	0.	0.	0.	29.0135	29.516	0.	0.	1.	0.	0.	1.	0.	-0.	0.	0.	10.	42.9863	-1.	-1.	-1.	0	-1	0.	1	-2.	-2.	-2.	-2.		
3.45985	3.44272	58.378	191	0	(0)1	(0)1	(0)1	(0)1	(0)1	29.216	29.216	0.	0.	0.	29.216	29.5631	0.	0.	1.	0.	0.	1.	0.	-0.	0.	0.	10.	43.6875	-1.	-1.	-1.	0	-1	0.	1	-2.	-2.	-2.	-2.		
3.47683	3.45985	58.8939	192	0	(0)1	(0)1	(0)1	(0)1	(0)1	29.4205	29.4205	0.	0.	0.	29.4205	29.6107	0.	0.	1.	0.	0.	1.	0.	-0.	0.	0.	10.	44.5062	-1.	-1.	-1.	0	-1	0.	1	-2.	-2.	-2.	-2.		
3.49385	3.47683	58.7737	193	0	(0)1	(0)1	(0)1	(0)1	(0)1	29.6231	29.6231	0.	0.	0.	29.6231	29.6579	0.	0.	1.	0.	0.	1.	0.	-0.	0.	0.	10.	44.0263	-1.	-1.	-1.	0	-1	0.	1	-2.	-2.	-2.	-2.		
3.5105	3.49385	60.0335	194	0	(0)1	(0)1	(0)1	(0)1	(0)1	29.8262	29.8262	0.	0.	0.	29.8262	29.7051	0.	0.	1.	0.	0.	1.	0.	-0.	0.	0.	10.	45.062	-1.	-1.	-1.	0	-1	0.	1	-2.	-2.	-2.	-2.		
3.52732	3.5105	59.4677	195	0	(0)1	(0)1	(0)1	(0)1	(0)1	30.025	30.025	0.	0.	0.	30.025	29.7514	0.	0.	1.	0.	0.	1.	0.	-0.	0.	0.	10.	43.7006	-1.	-1.	-1.	0	-1	0.	1	-2.	-2.	-2.	-2.		
3.54425	3.52732	59.0533	196	0	(0)1	(0)1	(0)1	(0)1	(0)1	30.2257	30.2257	0.	0.	0.	30.2257	29.7981	0.	0.	1.	0.	0.	1.	0.	-0.	0.	0.	10.	43.809	-1.	-1.	-1.	0	-1	0.	1	-2.	-2.	-2.	-2.		
3.56117	3.54425	59.1093	197	0	(0)1	(0)1	(0)1	(0)1	(0)1	30.4278	30.4278	0.	0.	0.	30.4278	29.8451	0.	0.	1.	0.	0.	1.	0.	-0.	0.	0.	10.	44.1582	-1.	-1.	-1.	0	-1	0.	1	-2.	-2.	-2.	-2.		
3.57813	3.56117	58.9727	198	0	(0)1	(0)1	(0)1	(0)1	(0)1	30.6298	30.6298	0.	0.	0.	30.6298	29.8921	0.	0.	1.	0.	0.	1.	0.	-0.	0.	0.	10.	44.0144	-1.	-1.	-1.	0	-1	0.	1	-2.	-2.	-2.	-2.		
3.59447	3.57813	61.1848	199	0	(0)1	(0)1	(0)1	(0)1	(0)1	30.8321	30.8321	0.	0.	0.	30.8321	29.9392	0.	0.	1.	0.	0.	1.	0.	-0.	0.	0.	10.	45.7712	-1.	-1.	-1.	0	-1	0.	1	-2.	-2.	-2.	-2.		
3.61123	3.59447	59.6921	200	0	(0)1	(0)1	(0)1	(0)1	(0)1	31.0272	31.0272	0.	0.	0.	31.0272	29.9846	0.	0.	1.	0.	0.	1.	0.	-0.	0.	0.	10.	43.0401	-1.	-1.	-1.	0	-1	0.	1	-2.	-2.	-2.	-2.		
3.62824	3.61123	58.7721	201	0	(0)1	(0)1	(0)1	(0)1	(0)1	31.2272	31.2272	0.	0.	0.	31.2272	30.0312	0.	-2.71718e-015	1.	0.	0.	1.	0.	-0.	0.	0.	10.	43.4365	-1.	-1.	-1.	0	-1	0.	1	-2.	-2.	-2.	-2.		
3.64525	3.62824	58.8029	202	0	(0)1	(0)1	(0)1	(0)1	(0)1	31.4303	31.4303	0.	0.	0.	31.4303	30.0784	0.	-2.71718e-015	1.	0.	0.	1.	0.	-0.	0.	0.	10.	44.1395	-1.	-1.	-1.	0	-1	0.	1	-2.	-2.	-2.	-2.		
3.67275	3.64525	36.3622	203	0	(0)1	(0)1	(0)1	(0)1	(0)1	31.6332	31.6332	0.	0.	0.	31.6332	30.1257	0.	-2.71718e-015	1.	0.	0.	1.	0.	-0.	0.	0.	10.	27.2804	-1.	-1.	-1.	0	-1	0.	1	-2.	-2.	-2.	-2.		
3.68839	3.67275	63.9184	204	0	(0)1	(0)1	(0)1	(0)1	(0)1	31.9615	31.9615	0.	0.	0.	31.9615	30.2021	0.	-2.71718e-015	1.	0.	0.	1.	0.	-0.	0.	0.	10.	77.5473	-1.	-1.	-1.	0	-1	0.	1	-2.	-2.	-2.	-2.		
3.70409	3.68839	63.7099	205	0	(0)1	(0)1	(0)1	(0)1	(0)1	32.1482	32.1482	0.	0.	0.	32.1482	30.2455	0.	0.	1.	0.	0.	1.	0.	-0.	0.	0.	10.	43.9726	-1.	-1.	-1.	0	-1	0.	1	-2.	-2.	-2.	-2.		
3.71956	3.70409	64.6135	206	0	(0)1	(0)1	(0)1	(0)1	(0)1	32.5229	32.5229	0.	0.	0.	32.5229	30.3327	0.	0.	1.	0.	0.	1.	0.	-0.	0.	0.	10.	89.4842	-1.	-1.	-1.	0	-1	0.	1	-2.	-2.	-2.	-2.		
3.73531	3.71956	63.5172	207	0	(0)1	(0)1	(0)1	(0)1	(0)1	32.7076	32.7076	0.	0.	0.	32.7076	30.3757	0.	0.	1.	0.	0.	1.	0.	-0.	0.	0.	10.	43.3679	-1.	-1.	-1.	0	-1	0.	1	-2.	-2.	-2.	-2.		
3.75082	3.73531	64.4688	208	0	(0)1	(0)1	(0)1	(0)1	(0)1	32.8955	32.8955	0.	0.	0.	32.8955	30.4195	0.	0.	1.	0.	0.	1.	0.	-0.	0.	0.	10.	44.7774	-1.	-1.	-1.	0	-1	0.	1	-2.	-2.	-2.	-2.		
3.76657	3.75082	63.4723	209	0	(0)1	(0)1	(0)1	(0)1	(0)1	33.0807	33.0807	0.	0.	0.	33.0807	30.4625	0.	0.	1.	0.	0.	1.	0.	-0.	0.	0.	10.	43.4345	-1.	-1.	-1.	0	-1	0.	1	-2.	-2.	-2.	-2.		
3.78213	3.76657	64.3064	210	0	(0)1	(0)1	(0)1	(0)1	(0)1	33.2687	33.2687	0.	0.	0.	33.2687	30.5063	0.	0.	1.	0.	0.	1.	0.	-0.	0.	0.	10.	44.6962	-1.	-1.	-1.	0	-1	0.	1	-2.	-2.	-2.	-2.		
3.81338	3.78213	31.9984	211	0	(0)1	(0)1	(0)1	(0)1	(0)1	33.4543	33.4543	0.	0.	0.	33.4543	30.5495	0.	0.	1.	0.	0.	1.	0.	-0.	0.	0.	10.	21.952	-1.	-1.	-1.	0	-1	0.	1	-2.	-2.	-2.	-2.		

