TrialReplay

Frame:	2
1.	0.	0.	0.	
0.	1.	0.	0.	
0.	0.	1.	0.	
0.	2.66454e-015	0.	1.	
Dynamic:	1	

Frame:	3
1.	0.	0.	0.	
0.	1.	0.	0.	
0.	0.	1.	0.	
0.	0.	0.	1.	
Dynamic:	1	

Frame:	4
1.	0.	0.	0.	
0.	1.	0.	0.	
0.	0.	1.	0.	
0.	0.	0.	1.	
Dynamic:	1	

Frame:	5
1.	0.	0.	0.	
0.	1.	0.	0.	
0.	0.	1.	0.	
0.	0.	0.	1.	
Dynamic:	1	

Frame:	6
1.	0.	0.	0.	
0.	1.	0.	0.	
0.	0.	1.	0.	
0.	0.	0.	1.	
Dynamic:	1	

Frame:	7
1.	0.	0.	0.	
0.	1.	0.	0.	
0.	0.	1.	0.	
0.	0.	0.	1.	
Dynamic:	1	

Frame:	8
1.	0.	0.	0.	
0.	1.	0.	0.	
0.	0.	1.	0.	
0.	0.	0.	1.	
Dynamic:	1	

Frame:	9
1.	0.	0.	0.	
0.	1.	0.	0.	
0.	0.	1.	0.	
0.	0.	0.	1.	
Dynamic:	1	

Frame:	10
1.	0.	0.	0.	
0.	1.	0.	0.	
0.	0.	1.	0.	
0.	0.	0.	1.	
Dynamic:	1	

Frame:	11
1.	0.	0.	0.	
0.	1.	0.	0.	
0.	0.	1.	0.	
0.	0.	0.	1.	
Dynamic:	1	

Frame:	12
1.	0.	0.	0.	
0.	1.	0.	0.	
0.	0.	1.	0.	
0.	0.	0.	1.	
Dynamic:	1	

Frame:	13
1.	0.	0.	0.	
0.	1.	0.	0.	
0.	0.	1.	0.	
0.	0.	0.	1.	
Dynamic:	1	

Frame:	14
1.	0.	0.	0.	
0.	1.	0.	0.	
0.	0.	1.	0.	
0.	0.	0.	1.	
Dynamic:	1	

Frame:	15
1.	0.	0.	0.	
0.	1.	0.	0.	
0.	0.	1.	0.	
0.	0.	0.	1.	
Dynamic:	1	

Frame:	16
1.	0.	0.	0.	
0.	1.	0.	0.	
0.	0.	1.	0.	
0.	0.	0.	1.	
Dynamic:	1	

Frame:	17
1.	0.	0.	0.	
0.	1.	0.	0.	
0.	0.	1.	0.	
0.	0.	0.	1.	
Dynamic:	1	

Frame:	18
1.	0.	0.	0.	
0.	1.	0.	0.	
0.	0.	1.	0.	
0.	0.	0.	1.	
Dynamic:	1	

Frame:	19
1.	0.	0.	0.	
0.	1.	0.	0.	
0.	0.	1.	0.	
0.	0.	0.	1.	
Dynamic:	1	

Frame:	20
1.	0.	0.	0.	
0.	1.	0.	0.	
0.	0.	1.	0.	
0.	0.	0.	1.	
Dynamic:	1	

Frame:	21
1.	0.	0.	0.	
0.	1.	0.	0.	
0.	0.	1.	0.	
0.	0.	0.	1.	
Dynamic:	1	

Frame:	22
1.	0.	0.	0.	
0.	1.	0.	0.	
0.	0.	1.	0.	
0.	0.	0.	1.	
Dynamic:	1	

Frame:	23
1.	0.	0.	0.	
0.	1.	0.	0.	
0.	0.	1.	0.	
0.	0.	0.	1.	
Dynamic:	1	

Frame:	24
1.	0.	0.	0.	
0.	1.	0.	0.	
0.	0.	1.	0.	
0.	0.	0.	1.	
Dynamic:	1	

Frame:	25
1.	0.	0.	0.	
0.	1.	0.	0.	
0.	0.	1.	0.	
0.	0.	0.	1.	
Dynamic:	1	

Frame:	26
1.	8.49877e-004	0.	0.	
-8.49877e-004	1.	0.	0.	
0.	0.	1.	0.	
-1.1135e-003	5.37046e-003	0.	1.	
Dynamic:	1	

Frame:	27
1.	5.96008e-004	0.	0.	
-5.96008e-004	1.	0.	0.	
0.	0.	1.	0.	
-7.80403e-004	3.76633e-003	0.	1.	
Dynamic:	1	

Frame:	28
1.	6.06279e-004	0.	0.	
-6.06279e-004	1.	0.	0.	
0.	0.	1.	0.	
-7.93871e-004	3.83123e-003	0.	1.	
Dynamic:	1	

Frame:	29
1.	6.09595e-004	0.	0.	
-6.09595e-004	1.	0.	0.	
0.	0.	1.	0.	
-7.9822e-004	3.85219e-003	0.	1.	
Dynamic:	1	

Frame:	30
0.999999	1.10624e-003	0.	0.	
-1.10624e-003	0.999999	0.	0.	
0.	0.	1.	0.	
-1.45027e-003	6.99024e-003	0.	1.	
Dynamic:	1	

Frame:	31
1.	5.94164e-004	0.	0.	
-5.94164e-004	1.	0.	0.	
0.	0.	1.	0.	
-7.77985e-004	3.75468e-003	0.	1.	
Dynamic:	1	

Frame:	32
1.	6.16599e-004	0.	0.	
-6.16599e-004	1.	0.	0.	
0.	0.	1.	0.	
-8.07404e-004	3.89644e-003	0.	1.	
Dynamic:	1	

Frame:	33
1.	5.97916e-004	0.	0.	
-5.97916e-004	1.	0.	0.	
0.	0.	1.	0.	
-7.82905e-004	3.77839e-003	0.	1.	
Dynamic:	1	

Frame:	34
1.	6.11649e-004	0.	0.	
-6.11649e-004	1.	0.	0.	
0.	0.	1.	0.	
-8.00913e-004	3.86517e-003	0.	1.	
Dynamic:	1	

Frame:	35
1.	6.07961e-004	0.	0.	
-6.07961e-004	1.	0.	0.	
0.	0.	1.	0.	
-7.96077e-004	3.84186e-003	0.	1.	
Dynamic:	1	

Frame:	36
1.	6.16825e-004	0.	0.	
-6.16825e-004	1.	0.	0.	
0.	0.	1.	0.	
-8.07701e-004	3.89787e-003	0.	1.	
Dynamic:	1	

Frame:	37
1.	7.03265e-004	0.	0.	
-7.03265e-004	1.	0.	0.	
0.	0.	1.	0.	
-9.21082e-004	4.44407e-003	0.	1.	
Dynamic:	1	

Frame:	38
0.999999	1.10926e-003	0.	0.	
-1.10926e-003	0.999999	0.	0.	
0.	0.	1.	0.	
-1.45425e-003	7.00935e-003	0.	1.	
Dynamic:	1	

Frame:	39
1.	6.21144e-004	0.	0.	
-6.21144e-004	1.	0.	0.	
0.	0.	1.	0.	
-8.13365e-004	3.92516e-003	0.	1.	
Dynamic:	1	

Frame:	40
1.	6.09498e-004	0.	0.	
-6.09498e-004	1.	0.	0.	
0.	0.	1.	0.	
-7.98092e-004	3.85157e-003	0.	1.	
Dynamic:	1	

Frame:	41
1.	6.1545e-004	0.	0.	
-6.1545e-004	1.	0.	0.	
0.	0.	1.	0.	
-8.05898e-004	3.88918e-003	0.	1.	
Dynamic:	1	

Frame:	42
1.	6.10582e-004	0.	0.	
-6.10582e-004	1.	0.	0.	
0.	0.	1.	0.	
-7.99513e-004	3.85842e-003	0.	1.	
Dynamic:	1	

Frame:	43
1.	5.93226e-004	0.	0.	
-5.93226e-004	1.	0.	0.	
0.	0.	1.	0.	
-7.76754e-004	3.74875e-003	0.	1.	
Dynamic:	1	

Frame:	44
1.	6.1042e-004	0.	0.	
-6.1042e-004	1.	0.	0.	
0.	0.	1.	0.	
-7.99301e-004	3.8574e-003	0.	1.	
Dynamic:	1	

Frame:	45
1.	7.04786e-004	0.	0.	
-7.04786e-004	1.	0.	0.	
0.	0.	1.	0.	
-9.23077e-004	4.45368e-003	0.	1.	
Dynamic:	1	

Frame:	46
1.	6.07298e-004	0.	0.	
-6.07298e-004	1.	0.	0.	
0.	0.	1.	0.	
-7.95208e-004	3.83767e-003	0.	1.	
Dynamic:	1	

Frame:	47
1.	5.97981e-004	0.	0.	
-5.97981e-004	1.	0.	0.	
0.	0.	1.	0.	
-7.8299e-004	3.7788e-003	0.	1.	
Dynamic:	1	

Frame:	48
1.	6.01362e-004	0.	0.	
-6.01362e-004	1.	0.	0.	
0.	0.	1.	0.	
-7.87423e-004	3.80016e-003	0.	1.	
Dynamic:	1	

Frame:	49
1.	6.01248e-004	0.	0.	
-6.01248e-004	1.	0.	0.	
0.	0.	1.	0.	
-7.87275e-004	3.79945e-003	0.	1.	
Dynamic:	1	

Frame:	50
1.	6.10112e-004	0.	0.	
-6.10112e-004	1.	0.	0.	
0.	0.	1.	0.	
-7.98898e-004	3.85546e-003	0.	1.	
Dynamic:	1	

Frame:	51
1.	6.01701e-004	0.	0.	
-6.01701e-004	1.	0.	0.	
0.	0.	1.	0.	
-7.87869e-004	3.80231e-003	0.	1.	
Dynamic:	1	

Frame:	52
1.	6.22454e-004	0.	0.	
-6.22454e-004	1.	0.	0.	
0.	0.	1.	0.	
-8.15083e-004	3.93344e-003	0.	1.	
Dynamic:	1	

Frame:	53
1.	8.20859e-004	0.	0.	
-8.20859e-004	1.	0.	0.	
0.	0.	1.	0.	
-1.0754e-003	5.1871e-003	0.	1.	
Dynamic:	1	

Frame:	54
1.	6.20497e-004	0.	0.	
-6.20497e-004	1.	0.	0.	
0.	0.	1.	0.	
-8.12516e-004	3.92107e-003	0.	1.	
Dynamic:	1	

Frame:	55
1.	6.13024e-004	0.	0.	
-6.13024e-004	1.	0.	0.	
0.	0.	1.	0.	
-8.02716e-004	3.87385e-003	0.	1.	
Dynamic:	1	

Frame:	56
1.	6.07023e-004	0.	0.	
-6.07023e-004	1.	0.	0.	
0.	0.	1.	0.	
-7.94847e-004	3.83593e-003	0.	1.	
Dynamic:	1	

Frame:	57
1.	6.05503e-004	0.	0.	
-6.05503e-004	1.	0.	0.	
0.	0.	1.	0.	
-7.92853e-004	3.82633e-003	0.	1.	
Dynamic:	1	

Frame:	58
1.	6.08641e-004	0.	0.	
-6.08641e-004	1.	0.	0.	
0.	0.	1.	0.	
-7.96968e-004	3.84616e-003	0.	1.	
Dynamic:	1	

Frame:	59
1.	6.16566e-004	0.	0.	
-6.16566e-004	1.	0.	0.	
0.	0.	1.	0.	
-8.07362e-004	3.89624e-003	0.	1.	
Dynamic:	1	

Frame:	60
1.	6.06182e-004	0.	0.	
-6.06182e-004	1.	0.	0.	
0.	0.	1.	0.	
-7.93744e-004	3.83062e-003	0.	1.	
Dynamic:	1	

Frame:	61
1.	8.03713e-004	0.	0.	
-8.03713e-004	1.	0.	0.	
0.	0.	1.	0.	
-1.0529e-003	5.07877e-003	0.	1.	
Dynamic:	1	

Frame:	62
1.	6.07266e-004	0.	0.	
-6.07266e-004	1.	0.	0.	
0.	0.	1.	0.	
-7.95165e-004	3.83747e-003	0.	1.	
Dynamic:	1	

Frame:	63
1.	8.78313e-004	0.	0.	
-8.78313e-004	1.	0.	0.	
0.	0.	1.	0.	
-1.15083e-003	5.55013e-003	0.	1.	
Dynamic:	1	

Frame:	64
1.	6.07605e-004	0.	0.	
-6.07605e-004	1.	0.	0.	
0.	0.	1.	0.	
-7.95611e-004	3.83961e-003	0.	1.	
Dynamic:	1	

Frame:	65
1.	8.32991e-004	0.	0.	
-8.32991e-004	1.	0.	0.	
0.	0.	1.	0.	
-1.09133e-003	5.26376e-003	0.	1.	
Dynamic:	1	

Frame:	66
1.	6.02623e-004	0.	0.	
-6.02623e-004	1.	0.	0.	
0.	0.	1.	0.	
-7.89078e-004	3.80813e-003	0.	1.	
Dynamic:	1	

Frame:	67
1.	6.06894e-004	0.	0.	
-6.06894e-004	1.	0.	0.	
0.	0.	1.	0.	
-7.94677e-004	3.83512e-003	0.	1.	
Dynamic:	1	

Frame:	68
1.	6.05308e-004	0.	0.	
-6.05308e-004	1.	0.	0.	
0.	0.	1.	0.	
-7.92599e-004	3.8251e-003	0.	1.	
Dynamic:	1	

Frame:	69
1.	5.96962e-004	0.	0.	
-5.96962e-004	1.	0.	0.	
0.	0.	1.	0.	
-7.81654e-004	3.77236e-003	0.	1.	
Dynamic:	1	

Frame:	70
1.	-9.28052e-004	0.	0.	
9.28052e-004	1.	0.	0.	
0.	0.	1.	0.	
1.21071e-003	-5.86553e-003	0.	1.	
Dynamic:	1	

Frame:	71
1.	-8.98039e-004	0.	0.	
8.98039e-004	1.	0.	0.	
0.	0.	1.	0.	
1.17164e-003	-5.67582e-003	0.	1.	
Dynamic:	1	

Frame:	72
1.	-9.12087e-004	0.	0.	
9.12087e-004	1.	0.	0.	
0.	0.	1.	0.	
1.18993e-003	-5.76462e-003	0.	1.	
Dynamic:	1	

Frame:	73
1.	-9.24146e-004	0.	0.	
9.24146e-004	1.	0.	0.	
0.	0.	1.	0.	
1.20562e-003	-5.84084e-003	0.	1.	
Dynamic:	1	

Frame:	74
1.	-9.26451e-004	0.	0.	
9.26451e-004	1.	0.	0.	
0.	0.	1.	0.	
1.20862e-003	-5.85541e-003	0.	1.	
Dynamic:	1	

Frame:	75
1.	-8.97894e-004	0.	0.	
8.97894e-004	1.	0.	0.	
0.	0.	1.	0.	
1.17145e-003	-5.6749e-003	0.	1.	
Dynamic:	1	

Frame:	76
1.	-9.07235e-004	0.	0.	
9.07235e-004	1.	0.	0.	
0.	0.	1.	0.	
1.18361e-003	-5.73395e-003	0.	1.	
Dynamic:	1	

Frame:	77
1.	-9.10486e-004	0.	0.	
9.10486e-004	1.	0.	0.	
0.	0.	1.	0.	
1.18784e-003	-5.7545e-003	0.	1.	
Dynamic:	1	

Frame:	78
1.	-8.94764e-004	0.	0.	
8.94764e-004	1.	0.	0.	
0.	0.	1.	0.	
1.16737e-003	-5.65512e-003	0.	1.	
Dynamic:	1	

Frame:	79
0.999999	-1.28173e-003	0.	0.	
1.28173e-003	0.999999	0.	0.	
0.	0.	1.	0.	
1.67067e-003	-8.10117e-003	0.	1.	
Dynamic:	1	

Frame:	80
1.	-9.36229e-004	0.	0.	
9.36229e-004	1.	0.	0.	
0.	0.	1.	0.	
1.22135e-003	-5.91721e-003	0.	1.	
Dynamic:	1	

Frame:	81
1.	-9.09103e-004	0.	0.	
9.09103e-004	1.	0.	0.	
0.	0.	1.	0.	
1.18604e-003	-5.74576e-003	0.	1.	
Dynamic:	1	

Frame:	82
1.	-8.76033e-004	0.	0.	
8.76033e-004	1.	0.	0.	
0.	0.	1.	0.	
1.14299e-003	-5.53673e-003	0.	1.	
Dynamic:	1	

Frame:	83
1.	-9.07987e-004	0.	0.	
9.07987e-004	1.	0.	0.	
0.	0.	1.	0.	
1.18459e-003	-5.7387e-003	0.	1.	
Dynamic:	1	

Frame:	84
1.	-9.05051e-004	0.	0.	
9.05051e-004	1.	0.	0.	
0.	0.	1.	0.	
1.18077e-003	-5.72014e-003	0.	1.	
Dynamic:	1	

Frame:	85
1.	-8.98136e-004	0.	0.	
8.98136e-004	1.	0.	0.	
0.	0.	1.	0.	
1.17176e-003	-5.67644e-003	0.	1.	
Dynamic:	1	

Frame:	86
1.	-9.14004e-004	0.	0.	
9.14004e-004	1.	0.	0.	
0.	0.	1.	0.	
1.19242e-003	-5.77673e-003	0.	1.	
Dynamic:	1	

Frame:	87
1.	-8.9833e-004	0.	0.	
8.9833e-004	1.	0.	0.	
0.	0.	1.	0.	
1.17202e-003	-5.67766e-003	0.	1.	
Dynamic:	1	

Frame:	88
1.	-8.95564e-004	0.	0.	
8.95564e-004	1.	0.	0.	
0.	0.	1.	0.	
1.16842e-003	-5.66018e-003	0.	1.	
Dynamic:	1	

Frame:	89
1.	-9.09976e-004	0.	0.	
9.09976e-004	1.	0.	0.	
0.	0.	1.	0.	
1.18718e-003	-5.75128e-003	0.	1.	
Dynamic:	1	

Frame:	90
1.	-9.08618e-004	0.	0.	
9.08618e-004	1.	0.	0.	
0.	0.	1.	0.	
1.18541e-003	-5.74269e-003	0.	1.	
Dynamic:	1	

Frame:	91
1.	-8.96195e-004	0.	0.	
8.96195e-004	1.	0.	0.	
0.	0.	1.	0.	
1.16924e-003	-5.66417e-003	0.	1.	
Dynamic:	1	

Frame:	92
1.	-9.1267e-004	0.	0.	
9.1267e-004	1.	0.	0.	
0.	0.	1.	0.	
1.19068e-003	-5.7683e-003	0.	1.	
Dynamic:	1	

Frame:	93
1.	-9.16794e-004	0.	0.	
9.16794e-004	1.	0.	0.	
0.	0.	1.	0.	
1.19605e-003	-5.79437e-003	0.	1.	
Dynamic:	1	

Frame:	94
1.	-8.91755e-004	0.	0.	
8.91755e-004	1.	0.	0.	
0.	0.	1.	0.	
1.16346e-003	-5.6361e-003	0.	1.	
Dynamic:	1	

Frame:	95
1.	-8.96098e-004	0.	0.	
8.96098e-004	1.	0.	0.	
0.	0.	1.	0.	
1.16911e-003	-5.66355e-003	0.	1.	
Dynamic:	1	

Frame:	96
1.	-9.11796e-004	0.	0.	
9.11796e-004	1.	0.	0.	
0.	0.	1.	0.	
1.18955e-003	-5.76278e-003	0.	1.	
Dynamic:	1	

Frame:	97
1.	-9.09685e-004	0.	0.	
9.09685e-004	1.	0.	0.	
0.	0.	1.	0.	
1.1868e-003	-5.74944e-003	0.	1.	
Dynamic:	1	

Frame:	98
1.	-9.03377e-004	0.	0.	
9.03377e-004	1.	0.	0.	
0.	0.	1.	0.	
1.17859e-003	-5.70956e-003	0.	1.	
Dynamic:	1	

Frame:	99
0.999999	-1.30757e-003	0.	0.	
1.30757e-003	0.999999	0.	0.	
0.	0.	1.	0.	
1.70425e-003	-8.26451e-003	0.	1.	
Dynamic:	1	

Frame:	100
1.	-9.16916e-004	0.	0.	
9.16916e-004	1.	0.	0.	
0.	0.	1.	0.	
1.19621e-003	-5.79514e-003	0.	1.	
Dynamic:	1	

Frame:	101
1.	-9.10268e-004	0.	0.	
9.10268e-004	1.	0.	0.	
0.	0.	1.	0.	
1.18756e-003	-5.75312e-003	0.	1.	
Dynamic:	1	

Frame:	102
1.	-8.9076e-004	0.	0.	
8.9076e-004	1.	0.	0.	
0.	0.	1.	0.	
1.16216e-003	-5.62982e-003	0.	1.	
Dynamic:	1	

Frame:	103
0.999999	-1.61513e-003	0.	0.	
1.61513e-003	0.999999	0.	0.	
0.	0.	1.	0.	
2.10353e-003	-1.02087e-002	0.	1.	
Dynamic:	1	

Frame:	104
0.999999	-1.11223e-003	0.	0.	
1.11223e-003	0.999999	0.	0.	
0.	0.	1.	0.	
1.45033e-003	-7.02972e-003	0.	1.	
Dynamic:	1	

Frame:	105
1.	-9.10195e-004	0.	0.	
9.10195e-004	1.	0.	0.	
0.	0.	1.	0.	
1.18746e-003	-5.75266e-003	0.	1.	
Dynamic:	1	

Frame:	106
1.	-9.11456e-004	0.	0.	
9.11456e-004	1.	0.	0.	
0.	0.	1.	0.	
1.1891e-003	-5.76063e-003	0.	1.	
Dynamic:	1	

Frame:	107
1.	-8.94618e-004	0.	0.	
8.94618e-004	1.	0.	0.	
0.	0.	1.	0.	
1.16718e-003	-5.6542e-003	0.	1.	
Dynamic:	1	

Frame:	108
1.	-9.10874e-004	0.	0.	
9.10874e-004	1.	0.	0.	
0.	0.	1.	0.	
1.18835e-003	-5.75695e-003	0.	1.	
Dynamic:	1	

Frame:	109
1.	-9.29726e-004	0.	0.	
9.29726e-004	1.	0.	0.	
0.	0.	1.	0.	
1.21289e-003	-5.87611e-003	0.	1.	
Dynamic:	1	

Frame:	110
1.	-9.17231e-004	0.	0.	
9.17231e-004	1.	0.	0.	
0.	0.	1.	0.	
1.19662e-003	-5.79713e-003	0.	1.	
Dynamic:	1	

Frame:	111
0.999999	-1.07118e-003	0.	0.	
1.07118e-003	0.999999	0.	0.	
0.	0.	1.	0.	
1.39694e-003	-6.77023e-003	0.	1.	
Dynamic:	1	

Frame:	112
0.999999	-1.65366e-003	0.	0.	
1.65366e-003	0.999999	0.	0.	
0.	0.	1.	0.	
2.15351e-003	-1.04523e-002	0.	1.	
Dynamic:	1	

Frame:	113
1.	-9.09904e-004	0.	0.	
9.09904e-004	1.	0.	0.	
0.	0.	1.	0.	
1.18708e-003	-5.75082e-003	0.	1.	
Dynamic:	1	

Frame:	114
0.999999	-1.24674e-003	0.	0.	
1.24674e-003	0.999999	0.	0.	
0.	0.	1.	0.	
1.62521e-003	-7.88001e-003	0.	1.	
Dynamic:	1	

Frame:	115
1.	-9.09952e-004	0.	0.	
9.09952e-004	1.	0.	0.	
0.	0.	1.	0.	
1.18715e-003	-5.75112e-003	0.	1.	
Dynamic:	1	

Frame:	116
1.	-9.22714e-004	0.	0.	
9.22714e-004	1.	0.	0.	
0.	0.	1.	0.	
1.20376e-003	-5.83179e-003	0.	1.	
Dynamic:	1	

Frame:	117
1.	-9.15436e-004	0.	0.	
9.15436e-004	1.	0.	0.	
0.	0.	1.	0.	
1.19428e-003	-5.78578e-003	0.	1.	
Dynamic:	1	

Frame:	118
1.	-9.09006e-004	0.	0.	
9.09006e-004	1.	0.	0.	
0.	0.	1.	0.	
1.18591e-003	-5.74514e-003	0.	1.	
Dynamic:	1	

Frame:	119
1.	-9.73812e-004	0.	0.	
9.73812e-004	1.	0.	0.	
0.	0.	1.	0.	
1.27026e-003	-6.15477e-003	0.	1.	
Dynamic:	1	

Frame:	120
1.	-9.1694e-004	0.	0.	
9.1694e-004	1.	0.	0.	
0.	0.	1.	0.	
1.19624e-003	-5.79529e-003	0.	1.	
Dynamic:	1	

Frame:	121
1.	-9.11917e-004	0.	0.	
9.11917e-004	1.	0.	0.	
0.	0.	1.	0.	
1.1897e-003	-5.76355e-003	0.	1.	
Dynamic:	1	

Frame:	122
1.	-9.1199e-004	0.	0.	
9.1199e-004	1.	0.	0.	
0.	0.	1.	0.	
1.1898e-003	-5.76401e-003	0.	1.	
Dynamic:	1	

Frame:	123
1.	-9.11553e-004	0.	0.	
9.11553e-004	1.	0.	0.	
0.	0.	1.	0.	
1.18923e-003	-5.76125e-003	0.	1.	
Dynamic:	1	

Frame:	124
1.	-9.24267e-004	0.	0.	
9.24267e-004	1.	0.	0.	
0.	0.	1.	0.	
1.20578e-003	-5.84161e-003	0.	1.	
Dynamic:	1	

Frame:	125
1.	-9.0607e-004	0.	0.	
9.0607e-004	1.	0.	0.	
0.	0.	1.	0.	
1.18209e-003	-5.72659e-003	0.	1.	
Dynamic:	1	

Frame:	126
1.	-9.01581e-004	0.	0.	
9.01581e-004	1.	0.	0.	
0.	0.	1.	0.	
1.17625e-003	-5.69821e-003	0.	1.	
Dynamic:	1	

Frame:	127
1.	-9.08909e-004	0.	0.	
9.08909e-004	1.	0.	0.	
0.	0.	1.	0.	
1.18579e-003	-5.74453e-003	0.	1.	
Dynamic:	1	

Frame:	128
1.	-9.05561e-004	0.	0.	
9.05561e-004	1.	0.	0.	
0.	0.	1.	0.	
1.18143e-003	-5.72337e-003	0.	1.	
Dynamic:	1	

Frame:	129
1.	-8.91173e-004	0.	0.	
8.91173e-004	1.	0.	0.	
0.	0.	1.	0.	
1.1627e-003	-5.63242e-003	0.	1.	
Dynamic:	1	

Frame:	130
1.	-9.18032e-004	0.	0.	
9.18032e-004	1.	0.	0.	
0.	0.	1.	0.	
1.19766e-003	-5.80219e-003	0.	1.	
Dynamic:	1	

Frame:	131
1.	-8.99738e-004	0.	0.	
8.99738e-004	1.	0.	0.	
0.	0.	1.	0.	
1.17385e-003	-5.68656e-003	0.	1.	
Dynamic:	1	

Frame:	132
1.	-8.90032e-004	0.	0.	
8.90032e-004	1.	0.	0.	
0.	0.	1.	0.	
1.16121e-003	-5.62521e-003	0.	1.	
Dynamic:	1	

Frame:	133
1.	-9.32347e-004	0.	0.	
9.32347e-004	1.	0.	0.	
0.	0.	1.	0.	
1.2163e-003	-5.89268e-003	0.	1.	
Dynamic:	1	

Frame:	134
1.	-9.04008e-004	0.	0.	
9.04008e-004	1.	0.	0.	
0.	0.	1.	0.	
1.17941e-003	-5.71355e-003	0.	1.	
Dynamic:	1	

Frame:	135
0.999999	-1.34663e-003	0.	0.	
1.34663e-003	0.999999	0.	0.	
0.	0.	1.	0.	
1.75499e-003	-8.51144e-003	0.	1.	
Dynamic:	1	

Frame:	136
0.999999	-1.11293e-003	0.	0.	
1.11293e-003	0.999999	0.	0.	
0.	0.	1.	0.	
1.45125e-003	-7.03417e-003	0.	1.	
Dynamic:	1	

Frame:	137
1.	-9.32444e-004	0.	0.	
9.32444e-004	1.	0.	0.	
0.	0.	1.	0.	
1.21642e-003	-5.89329e-003	0.	1.	
Dynamic:	1	

Frame:	138
1.	-9.07283e-004	0.	0.	
9.07283e-004	1.	0.	0.	
0.	0.	1.	0.	
1.18367e-003	-5.73425e-003	0.	1.	
Dynamic:	1	

Frame:	139
1.	-9.22205e-004	0.	0.	
9.22205e-004	1.	0.	0.	
0.	0.	1.	0.	
1.2031e-003	-5.82857e-003	0.	1.	
Dynamic:	1	

Frame:	140
0.999999	-1.5898e-003	0.	0.	
1.5898e-003	0.999999	0.	0.	
0.	0.	1.	0.	
2.07067e-003	-1.00486e-002	0.	1.	
Dynamic:	1	

Frame:	141
1.	-9.20264e-004	0.	0.	
9.20264e-004	1.	0.	0.	
0.	0.	1.	0.	
1.20057e-003	-5.8163e-003	0.	1.	
Dynamic:	1	

Frame:	142
0.999999	-1.23272e-003	0.	0.	
1.23272e-003	0.999999	0.	0.	
0.	0.	1.	0.	
1.60698e-003	-7.79136e-003	0.	1.	
Dynamic:	1	

Frame:	143
1.	-8.88067e-004	0.	0.	
8.88067e-004	1.	0.	0.	
0.	0.	1.	0.	
1.15866e-003	-5.61279e-003	0.	1.	
Dynamic:	1	

Frame:	144
1.	-9.25796e-004	0.	0.	
9.25796e-004	1.	0.	0.	
0.	0.	1.	0.	
1.20777e-003	-5.85127e-003	0.	1.	
Dynamic:	1	

Frame:	145
1.	-9.2696e-004	0.	0.	
9.2696e-004	1.	0.	0.	
0.	0.	1.	0.	
1.20929e-003	-5.85863e-003	0.	1.	
Dynamic:	1	

Frame:	146
0.999999	-1.08513e-003	0.	0.	
1.08513e-003	0.999999	0.	0.	
0.	0.	1.	0.	
1.41509e-003	-6.85841e-003	0.	1.	
Dynamic:	1	

Frame:	147
1.	-9.09127e-004	0.	0.	
9.09127e-004	1.	0.	0.	
0.	0.	1.	0.	
1.18607e-003	-5.74591e-003	0.	1.	
Dynamic:	1	

Frame:	148
0.999999	-1.26176e-003	0.	0.	
1.26176e-003	0.999999	0.	0.	
0.	0.	1.	0.	
1.64472e-003	-7.97494e-003	0.	1.	
Dynamic:	1	

Frame:	149
1.	-8.87679e-004	0.	0.	
8.87679e-004	1.	0.	0.	
0.	0.	1.	0.	
1.15815e-003	-5.61034e-003	0.	1.	
Dynamic:	1	

Frame:	150
1.	-8.86539e-004	0.	0.	
8.86539e-004	1.	0.	0.	
0.	0.	1.	0.	
1.15667e-003	-5.60313e-003	0.	1.	
Dynamic:	1	

Frame:	151
1.	-9.89777e-004	0.	0.	
9.89777e-004	1.	0.	0.	
0.	0.	1.	0.	
1.29104e-003	-6.25569e-003	0.	1.	
Dynamic:	1	

Frame:	152
1.	-8.87946e-004	0.	0.	
8.87946e-004	1.	0.	0.	
0.	0.	1.	0.	
1.1585e-003	-5.61203e-003	0.	1.	
Dynamic:	1	

Frame:	153
1.	-9.0755e-004	0.	0.	
9.0755e-004	1.	0.	0.	
0.	0.	1.	0.	
1.18402e-003	-5.73594e-003	0.	1.	
Dynamic:	1	

Frame:	154
1.	-9.16552e-004	0.	0.	
9.16552e-004	1.	0.	0.	
0.	0.	1.	0.	
1.19574e-003	-5.79284e-003	0.	1.	
Dynamic:	1	

Frame:	155
1.	-9.12597e-004	0.	0.	
9.12597e-004	1.	0.	0.	
0.	0.	1.	0.	
1.19059e-003	-5.76784e-003	0.	1.	
Dynamic:	1	

Frame:	156
1.	-9.33681e-004	0.	0.	
9.33681e-004	1.	0.	0.	
0.	0.	1.	0.	
1.21803e-003	-5.90111e-003	0.	1.	
Dynamic:	1	

Frame:	157
0.999999	-1.43808e-003	0.	0.	
1.43808e-003	0.999999	0.	0.	
0.	0.	1.	0.	
1.87376e-003	-9.08952e-003	0.	1.	
Dynamic:	1	

Frame:	158
1.	-9.05221e-004	0.	0.	
9.05221e-004	1.	0.	0.	
0.	0.	1.	0.	
1.18099e-003	-5.72122e-003	0.	1.	
Dynamic:	1	

Frame:	159
0.999999	-1.25286e-003	0.	0.	
1.25286e-003	0.999999	0.	0.	
0.	0.	1.	0.	
1.63315e-003	-7.91866e-003	0.	1.	
Dynamic:	1	

Frame:	160
1.	-9.10219e-004	0.	0.	
9.10219e-004	1.	0.	0.	
0.	0.	1.	0.	
1.18749e-003	-5.75281e-003	0.	1.	
Dynamic:	1	

Frame:	161
1.	-9.36981e-004	0.	0.	
9.36981e-004	1.	0.	0.	
0.	0.	1.	0.	
1.22233e-003	-5.92197e-003	0.	1.	
Dynamic:	1	

Frame:	162
0.999993	-3.78389e-003	0.	0.	
3.78389e-003	0.999993	0.	0.	
0.	0.	1.	0.	
4.90219e-003	-2.39222e-002	0.	1.	
Dynamic:	1	

Frame:	163
0.999997	-2.37672e-003	0.	0.	
2.37672e-003	0.999997	0.	0.	
0.	0.	1.	0.	
3.08971e-003	-1.50237e-002	0.	1.	
Dynamic:	1	

Frame:	164
0.999997	-2.4257e-003	0.	0.	
2.4257e-003	0.999997	0.	0.	
0.	0.	1.	0.	
3.153e-003	-1.53334e-002	0.	1.	
Dynamic:	1	

Frame:	165
0.999997	-2.42557e-003	0.	0.	
2.42557e-003	0.999997	0.	0.	
0.	0.	1.	0.	
3.15284e-003	-1.53326e-002	0.	1.	
Dynamic:	1	

Frame:	166
0.999997	-2.3839e-003	0.	0.	
2.3839e-003	0.999997	0.	0.	
0.	0.	1.	0.	
3.09899e-003	-1.50691e-002	0.	1.	
Dynamic:	1	

Frame:	167
0.999994	-3.50108e-003	0.	0.	
3.50108e-003	0.999994	0.	0.	
0.	0.	1.	0.	
4.53893e-003	-2.21336e-002	0.	1.	
Dynamic:	1	

Frame:	168
0.999997	-2.475e-003	0.	0.	
2.475e-003	0.999997	0.	0.	
0.	0.	1.	0.	
3.2167e-003	-1.56451e-002	0.	1.	
Dynamic:	1	

Frame:	169
0.999994	-3.33286e-003	0.	0.	
3.33286e-003	0.999994	0.	0.	
0.	0.	1.	0.	
4.32262e-003	-2.10698e-002	0.	1.	
Dynamic:	1	

Frame:	170
0.999997	-2.43029e-003	0.	0.	
2.43029e-003	0.999997	0.	0.	
0.	0.	1.	0.	
3.15894e-003	-1.53624e-002	0.	1.	
Dynamic:	1	

Frame:	171
0.999997	-2.46678e-003	0.	0.	
2.46678e-003	0.999997	0.	0.	
0.	0.	1.	0.	
3.20609e-003	-1.55932e-002	0.	1.	
Dynamic:	1	

Frame:	172
0.999997	-2.41204e-003	0.	0.	
2.41204e-003	0.999997	0.	0.	
0.	0.	1.	0.	
3.13536e-003	-1.52471e-002	0.	1.	
Dynamic:	1	

Frame:	173
0.999997	-2.42033e-003	0.	0.	
2.42033e-003	0.999997	0.	0.	
0.	0.	1.	0.	
3.14607e-003	-1.52994e-002	0.	1.	
Dynamic:	1	

Frame:	174
0.999997	-2.43922e-003	0.	0.	
2.43922e-003	0.999997	0.	0.	
0.	0.	1.	0.	
3.17048e-003	-1.54189e-002	0.	1.	
Dynamic:	1	

Frame:	175
0.999997	-2.46613e-003	0.	0.	
2.46613e-003	0.999997	0.	0.	
0.	0.	1.	0.	
3.20525e-003	-1.55891e-002	0.	1.	
Dynamic:	1	

Frame:	176
0.999997	-2.42583e-003	0.	0.	
2.42583e-003	0.999997	0.	0.	
0.	0.	1.	0.	
3.15317e-003	-1.53342e-002	0.	1.	
Dynamic:	1	

Frame:	177
0.999994	-3.33215e-003	0.	0.	
3.33215e-003	0.999994	0.	0.	
0.	0.	1.	0.	
4.3217e-003	-2.10653e-002	0.	1.	
Dynamic:	1	

Frame:	178
0.999997	-2.43107e-003	0.	0.	
2.43107e-003	0.999997	0.	0.	
0.	0.	1.	0.	
3.15994e-003	-1.53674e-002	0.	1.	
Dynamic:	1	

Frame:	179
0.999994	-3.34004e-003	0.	0.	
3.34004e-003	0.999994	0.	0.	
0.	0.	1.	0.	
4.33186e-003	-2.11152e-002	0.	1.	
Dynamic:	1	

Frame:	180
0.999997	-2.42473e-003	0.	0.	
2.42473e-003	0.999997	0.	0.	
0.	0.	1.	0.	
3.15175e-003	-1.53273e-002	0.	1.	
Dynamic:	1	

Frame:	181
0.999997	-2.42033e-003	0.	0.	
2.42033e-003	0.999997	0.	0.	
0.	0.	1.	0.	
3.14607e-003	-1.52994e-002	0.	1.	
Dynamic:	1	

Frame:	182
0.999997	-2.486e-003	0.	0.	
2.486e-003	0.999997	0.	0.	
0.	0.	1.	0.	
3.23091e-003	-1.57147e-002	0.	1.	
Dynamic:	1	

Frame:	183
0.999997	-2.42007e-003	0.	0.	
2.42007e-003	0.999997	0.	0.	
0.	0.	1.	0.	
3.14573e-003	-1.52978e-002	0.	1.	
Dynamic:	1	

Frame:	184
0.999997	-2.43223e-003	0.	0.	
2.43223e-003	0.999997	0.	0.	
0.	0.	1.	0.	
3.16145e-003	-1.53747e-002	0.	1.	
Dynamic:	1	

Frame:	185
0.999997	-2.46672e-003	0.	0.	
2.46672e-003	0.999997	0.	0.	
0.	0.	1.	0.	
3.206e-003	-1.55928e-002	0.	1.	
Dynamic:	1	

Frame:	186
0.999997	-2.42971e-003	0.	0.	
2.42971e-003	0.999997	0.	0.	
0.	0.	1.	0.	
3.15819e-003	-1.53588e-002	0.	1.	
Dynamic:	1	

Frame:	187
0.999997	-2.48846e-003	0.	0.	
2.48846e-003	0.999997	0.	0.	
0.	0.	1.	0.	
3.23409e-003	-1.57302e-002	0.	1.	
Dynamic:	1	

Frame:	188
0.999993	-3.63967e-003	0.	0.	
3.63967e-003	0.999993	0.	0.	
0.	0.	1.	0.	
4.71701e-003	-2.30101e-002	0.	1.	
Dynamic:	1	

Frame:	189
0.999997	-2.46937e-003	0.	0.	
2.46937e-003	0.999997	0.	0.	
0.	0.	1.	0.	
3.20943e-003	-1.56095e-002	0.	1.	
Dynamic:	1	

Frame:	190
0.999994	-3.3953e-003	0.	0.	
3.3953e-003	0.999994	0.	0.	
0.	0.	1.	0.	
4.40293e-003	-2.14646e-002	0.	1.	
Dynamic:	1	

Frame:	191
0.999997	-2.42201e-003	0.	0.	
2.42201e-003	0.999997	0.	0.	
0.	0.	1.	0.	
3.14824e-003	-1.53101e-002	0.	1.	
Dynamic:	1	

Frame:	192
0.999994	-3.34516e-003	0.	0.	
3.34516e-003	0.999994	0.	0.	
0.	0.	1.	0.	
4.33843e-003	-2.11475e-002	0.	1.	
Dynamic:	1	

Frame:	193
0.999997	-2.48897e-003	0.	0.	
2.48897e-003	0.999997	0.	0.	
0.	0.	1.	0.	
3.23476e-003	-1.57335e-002	0.	1.	
Dynamic:	1	

Frame:	194
0.999997	-2.42589e-003	0.	0.	
2.42589e-003	0.999997	0.	0.	
0.	0.	1.	0.	
3.15326e-003	-1.53346e-002	0.	1.	
Dynamic:	1	

Frame:	195
0.999997	-2.37316e-003	0.	0.	
2.37316e-003	0.999997	0.	0.	
0.	0.	1.	0.	
3.08511e-003	-1.50012e-002	0.	1.	
Dynamic:	1	

Frame:	196
0.999997	-2.49441e-003	0.	0.	
2.49441e-003	0.999997	0.	0.	
0.	0.	1.	0.	
3.24178e-003	-1.57679e-002	0.	1.	
Dynamic:	1	

Frame:	197
0.999997	-2.44983e-003	0.	0.	
2.44983e-003	0.999997	0.	0.	
0.	0.	1.	0.	
3.18419e-003	-1.5486e-002	0.	1.	
Dynamic:	1	

Frame:	198
0.999997	-2.45281e-003	0.	0.	
2.45281e-003	0.999997	0.	0.	
0.	0.	1.	0.	
3.18803e-003	-1.55048e-002	0.	1.	
Dynamic:	1	

Frame:	199
0.999997	-2.4717e-003	0.	0.	
2.4717e-003	0.999997	0.	0.	
0.	0.	1.	0.	
3.21244e-003	-1.56243e-002	0.	1.	
Dynamic:	1	

Frame:	200
0.999997	-2.42906e-003	0.	0.	
2.42906e-003	0.999997	0.	0.	
0.	0.	1.	0.	
3.15735e-003	-1.53547e-002	0.	1.	
Dynamic:	1	

Frame:	201
0.999997	-2.42278e-003	0.	0.	
2.42278e-003	0.999997	0.	0.	
0.	0.	1.	0.	
3.14924e-003	-1.5315e-002	0.	1.	
Dynamic:	1	

Frame:	202
0.999996	-2.71659e-003	0.	0.	
2.71659e-003	0.999996	0.	0.	
0.	0.	1.	0.	
3.52862e-003	-1.71727e-002	0.	1.	
Dynamic:	1	

Frame:	203
0.999991	-4.32905e-003	0.	0.	
4.32905e-003	0.999991	0.	0.	
0.	0.	1.	0.	
5.60102e-003	-2.73704e-002	0.	1.	
Dynamic:	1	

Frame:	204
0.999997	-2.42964e-003	0.	0.	
2.42964e-003	0.999997	0.	0.	
0.	0.	1.	0.	
3.1581e-003	-1.53584e-002	0.	1.	
Dynamic:	1	

Frame:	205
0.999997	-2.42246e-003	0.	0.	
2.42246e-003	0.999997	0.	0.	
0.	0.	1.	0.	
3.14882e-003	-1.53129e-002	0.	1.	
Dynamic:	1	

Frame:	206
0.999992	-3.93197e-003	0.	0.	
3.93197e-003	0.999992	0.	0.	
0.	0.	1.	0.	
5.0922e-003	-2.48588e-002	0.	1.	
Dynamic:	1	

Frame:	207
0.999975	-7.1293e-003	0.	0.	
7.1293e-003	0.999975	0.	0.	
0.	0.	1.	0.	
9.16095e-003	-4.50879e-002	0.	1.	
Dynamic:	1	

Frame:	208
0.999992	-3.94596e-003	0.	0.	
3.94596e-003	0.999992	0.	0.	
0.	0.	1.	0.	
5.11014e-003	-2.49472e-002	0.	1.	
Dynamic:	1	

Frame:	209
0.999992	-3.94648e-003	0.	0.	
3.94648e-003	0.999992	0.	0.	
0.	0.	1.	0.	
5.11081e-003	-2.49506e-002	0.	1.	
Dynamic:	1	

Frame:	210
0.999992	-4.04247e-003	0.	0.	
4.04247e-003	0.999992	0.	0.	
0.	0.	1.	0.	
5.2339e-003	-2.55577e-002	0.	1.	
Dynamic:	1	

Frame:	211
0.999992	-3.94785e-003	0.	0.	
3.94785e-003	0.999992	0.	0.	
0.	0.	1.	0.	
5.11256e-003	-2.49592e-002	0.	1.	
Dynamic:	1	

Frame:	212
0.999992	-4.06224e-003	0.	0.	
4.06224e-003	0.999992	0.	0.	
0.	0.	1.	0.	
5.25923e-003	-2.56827e-002	0.	1.	
Dynamic:	1	

Frame:	213
0.999992	-4.0573e-003	0.	0.	
4.0573e-003	0.999992	0.	0.	
0.	0.	1.	0.	
5.2529e-003	-2.56515e-002	0.	1.	
Dynamic:	1	

Frame:	214
0.999977	-6.72579e-003	0.	0.	
6.72579e-003	0.999977	0.	0.	
0.	0.	1.	0.	
8.65102e-003	-4.25342e-002	0.	1.	
Dynamic:	1	

Frame:	215
0.999989	-4.60959e-003	0.	0.	
4.60959e-003	0.999989	0.	0.	
0.	0.	1.	0.	
5.95989e-003	-2.91449e-002	0.	1.	
Dynamic:	1	

Frame:	216
0.999992	-3.94795e-003	0.	0.	
3.94795e-003	0.999992	0.	0.	
0.	0.	1.	0.	
5.1127e-003	-2.49599e-002	0.	1.	
Dynamic:	1	

Frame:	217
0.999992	-3.93513e-003	0.	0.	
3.93513e-003	0.999992	0.	0.	
0.	0.	1.	0.	
5.09625e-003	-2.48788e-002	0.	1.	
Dynamic:	1	

Frame:	218
0.99998	-6.27117e-003	0.	0.	
6.27117e-003	0.99998	0.	0.	
0.	0.	1.	0.	
8.07529e-003	-3.96574e-002	0.	1.	
Dynamic:	1	

Frame:	219
0.999992	-3.93492e-003	0.	0.	
3.93492e-003	0.999992	0.	0.	
0.	0.	1.	0.	
5.09598e-003	-2.48774e-002	0.	1.	
Dynamic:	1	

Frame:	220
0.999992	-4.06886e-003	0.	0.	
4.06886e-003	0.999992	0.	0.	
0.	0.	1.	0.	
5.26772e-003	-2.57246e-002	0.	1.	
Dynamic:	1	

Frame:	221
0.999992	-4.02901e-003	0.	0.	
4.02901e-003	0.999992	0.	0.	
0.	0.	1.	0.	
5.21664e-003	-2.54726e-002	0.	1.	
Dynamic:	1	

Frame:	222
0.999992	-3.94291e-003	0.	0.	
3.94291e-003	0.999992	0.	0.	
0.	0.	1.	0.	
5.10623e-003	-2.4928e-002	0.	1.	
Dynamic:	1	

Frame:	223
0.999985	-5.41252e-003	0.	0.	
5.41252e-003	0.999985	0.	0.	
0.	0.	1.	0.	
6.9843e-003	-3.42244e-002	0.	1.	
Dynamic:	1	

Frame:	224
0.999992	-3.95952e-003	0.	0.	
3.95952e-003	0.999992	0.	0.	
0.	0.	1.	0.	
5.12753e-003	-2.5033e-002	0.	1.	
Dynamic:	1	

Frame:	225
0.999989	-4.58917e-003	0.	0.	
4.58917e-003	0.999989	0.	0.	
0.	0.	1.	0.	
5.93379e-003	-2.90157e-002	0.	1.	
Dynamic:	1	

Frame:	226
0.999994	-3.33826e-003	0.	0.	
3.33826e-003	0.999994	0.	0.	
0.	0.	1.	0.	
4.32957e-003	-2.1104e-002	0.	1.	
Dynamic:	1	

Frame:	227
0.999989	-4.62111e-003	0.	0.	
4.62111e-003	0.999989	0.	0.	
0.	0.	1.	0.	
5.97462e-003	-2.92178e-002	0.	1.	
Dynamic:	1	

Frame:	228
0.999982	-6.0607e-003	0.	0.	
6.0607e-003	0.999982	0.	0.	
0.	0.	1.	0.	
7.8083e-003	-3.83255e-002	0.	1.	
Dynamic:	1	

Frame:	229
0.999994	-3.34547e-003	0.	0.	
3.34547e-003	0.999994	0.	0.	
0.	0.	1.	0.	
4.33884e-003	-2.11495e-002	0.	1.	
Dynamic:	1	

Frame:	230
0.999994	-3.3243e-003	0.	0.	
3.3243e-003	0.999994	0.	0.	
0.	0.	1.	0.	
4.3116e-003	-2.10156e-002	0.	1.	
Dynamic:	1	

Frame:	231
0.999995	-3.27804e-003	0.	0.	
3.27804e-003	0.999995	0.	0.	
0.	0.	1.	0.	
4.25208e-003	-2.07231e-002	0.	1.	
Dynamic:	1	

Frame:	232
0.999992	-4.0997e-003	0.	0.	
4.0997e-003	0.999992	0.	0.	
0.	0.	1.	0.	
5.30725e-003	-2.59197e-002	0.	1.	
Dynamic:	1	

Frame:	233
0.999994	-3.35828e-003	0.	0.	
3.35828e-003	0.999994	0.	0.	
0.	0.	1.	0.	
4.35532e-003	-2.12305e-002	0.	1.	
Dynamic:	1	

Frame:	234
0.999994	-3.35045e-003	0.	0.	
3.35045e-003	0.999994	0.	0.	
0.	0.	1.	0.	
4.34525e-003	-2.1181e-002	0.	1.	
Dynamic:	1	

Frame:	235
0.999994	-3.39004e-003	0.	0.	
3.39004e-003	0.999994	0.	0.	
0.	0.	1.	0.	
4.39616e-003	-2.14314e-002	0.	1.	
Dynamic:	1	

Frame:	236
0.999996	-2.73269e-003	0.	0.	
2.73269e-003	0.999996	0.	0.	
0.	0.	1.	0.	
3.5494e-003	-1.72745e-002	0.	1.	
Dynamic:	1	

Frame:	237
0.999996	-2.726e-003	0.	0.	
2.726e-003	0.999996	0.	0.	
0.	0.	1.	0.	
3.54076e-003	-1.72322e-002	0.	1.	
Dynamic:	1	

Frame:	238
0.999996	-2.73095e-003	0.	0.	
2.73095e-003	0.999996	0.	0.	
0.	0.	1.	0.	
3.54714e-003	-1.72635e-002	0.	1.	
Dynamic:	1	

Frame:	239
0.999996	-2.73524e-003	0.	0.	
2.73524e-003	0.999996	0.	0.	
0.	0.	1.	0.	
3.55269e-003	-1.72907e-002	0.	1.	
Dynamic:	1	

Frame:	240
0.999993	-3.60753e-003	0.	0.	
3.60753e-003	0.999993	0.	0.	
0.	0.	1.	0.	
4.67572e-003	-2.28069e-002	0.	1.	
Dynamic:	1	

Frame:	241
0.999996	-2.73153e-003	0.	0.	
2.73153e-003	0.999996	0.	0.	
0.	0.	1.	0.	
3.5479e-003	-1.72672e-002	0.	1.	
Dynamic:	1	

Frame:	242
0.999996	-2.73553e-003	0.	0.	
2.73553e-003	0.999996	0.	0.	
0.	0.	1.	0.	
3.55306e-003	-1.72925e-002	0.	1.	
Dynamic:	1	

Frame:	243
0.999996	-2.66827e-003	0.	0.	
2.66827e-003	0.999996	0.	0.	
0.	0.	1.	0.	
3.46627e-003	-1.68672e-002	0.	1.	
Dynamic:	1	

Frame:	244
0.999988	-4.99829e-003	0.	0.	
4.99829e-003	0.999988	0.	0.	
0.	0.	1.	0.	
6.45632e-003	-3.16038e-002	0.	1.	
Dynamic:	1	

Frame:	245
0.999996	-2.73495e-003	0.	0.	
2.73495e-003	0.999996	0.	0.	
0.	0.	1.	0.	
3.55231e-003	-1.72888e-002	0.	1.	
Dynamic:	1	

Frame:	246
0.999996	-2.78343e-003	0.	0.	
2.78343e-003	0.999996	0.	0.	
0.	0.	1.	0.	
3.61485e-003	-1.75953e-002	0.	1.	
Dynamic:	1	

Frame:	247
0.999996	-2.64702e-003	0.	0.	
2.64702e-003	0.999996	0.	0.	
0.	0.	1.	0.	
3.43884e-003	-1.67328e-002	0.	1.	
Dynamic:	1	

Frame:	248
0.999993	-3.79404e-003	0.	0.	
3.79404e-003	0.999993	0.	0.	
0.	0.	1.	0.	
4.91522e-003	-2.39864e-002	0.	1.	
Dynamic:	1	

Frame:	249
0.999998	-2.1269e-003	0.	0.	
2.1269e-003	0.999998	0.	0.	
0.	0.	1.	0.	
2.76663e-003	-1.34442e-002	0.	1.	
Dynamic:	1	

Frame:	250
0.999998	-2.12537e-003	0.	0.	
2.12537e-003	0.999998	0.	0.	
0.	0.	1.	0.	
2.76465e-003	-1.34346e-002	0.	1.	
Dynamic:	1	

Frame:	251
0.999994	-3.34136e-003	0.	0.	
3.34136e-003	0.999994	0.	0.	
0.	0.	1.	0.	
4.33355e-003	-2.11236e-002	0.	1.	
Dynamic:	1	

Frame:	252
0.999998	-2.12481e-003	0.	0.	
2.12481e-003	0.999998	0.	0.	
0.	0.	1.	0.	
2.76392e-003	-1.3431e-002	0.	1.	
Dynamic:	1	

Frame:	253
0.999998	-2.1243e-003	0.	0.	
2.1243e-003	0.999998	0.	0.	
0.	0.	1.	0.	
2.76326e-003	-1.34278e-002	0.	1.	
Dynamic:	1	

Frame:	254
0.999994	-3.45646e-003	0.	0.	
3.45646e-003	0.999994	0.	0.	
0.	0.	1.	0.	
4.48157e-003	-2.18514e-002	0.	1.	
Dynamic:	1	

Frame:	255
0.999998	-2.09893e-003	0.	0.	
2.09893e-003	0.999998	0.	0.	
0.	0.	1.	0.	
2.73043e-003	-1.32674e-002	0.	1.	
Dynamic:	1	

Frame:	256
0.999998	-2.13001e-003	0.	0.	
2.13001e-003	0.999998	0.	0.	
0.	0.	1.	0.	
2.77066e-003	-1.34639e-002	0.	1.	
Dynamic:	1	

Frame:	257
0.999998	-2.13834e-003	0.	0.	
2.13834e-003	0.999998	0.	0.	
0.	0.	1.	0.	
2.78143e-003	-1.35165e-002	0.	1.	
Dynamic:	1	

Frame:	258
0.999999	-1.47882e-003	0.	0.	
1.47882e-003	0.999999	0.	0.	
0.	0.	1.	0.	
1.92664e-003	-9.34704e-003	0.	1.	
Dynamic:	1	

Frame:	259
0.999999	-1.5193e-003	0.	0.	
1.5193e-003	0.999999	0.	0.	
0.	0.	1.	0.	
1.97919e-003	-9.60293e-003	0.	1.	
Dynamic:	1	

Frame:	260
0.999999	-1.53009e-003	0.	0.	
1.53009e-003	0.999999	0.	0.	
0.	0.	1.	0.	
1.9932e-003	-9.67119e-003	0.	1.	
Dynamic:	1	

Frame:	261
0.999999	-1.49402e-003	0.	0.	
1.49402e-003	0.999999	0.	0.	
0.	0.	1.	0.	
1.94638e-003	-9.44316e-003	0.	1.	
Dynamic:	1	

Frame:	262
0.999999	-1.52382e-003	0.	0.	
1.52382e-003	0.999999	0.	0.	
0.	0.	1.	0.	
1.98506e-003	-9.63156e-003	0.	1.	
Dynamic:	1	

Frame:	263
0.999997	-2.39902e-003	0.	0.	
2.39902e-003	0.999997	0.	0.	
0.	0.	1.	0.	
3.11854e-003	-1.51648e-002	0.	1.	
Dynamic:	1	

Frame:	264
0.999996	-2.76677e-003	0.	0.	
2.76677e-003	0.999996	0.	0.	
0.	0.	1.	0.	
3.59336e-003	-1.749e-002	0.	1.	
Dynamic:	1	

Frame:	265
0.999999	-1.51768e-003	0.	0.	
1.51768e-003	0.999999	0.	0.	
0.	0.	1.	0.	
1.97709e-003	-9.59271e-003	0.	1.	
Dynamic:	1	

Frame:	266
0.999999	-1.51913e-003	0.	0.	
1.51913e-003	0.999999	0.	0.	
0.	0.	1.	0.	
1.97898e-003	-9.60191e-003	0.	1.	
Dynamic:	1	

Frame:	267
0.999999	-1.53082e-003	0.	0.	
1.53082e-003	0.999999	0.	0.	
0.	0.	1.	0.	
1.99414e-003	-9.67579e-003	0.	1.	
Dynamic:	1	

Frame:	268
0.999998	-1.81275e-003	0.	0.	
1.81275e-003	0.999998	0.	0.	
0.	0.	1.	0.	
2.35979e-003	-1.14581e-002	0.	1.	
Dynamic:	1	

Frame:	269
1.	-9.31061e-004	0.	0.	
9.31061e-004	1.	0.	0.	
0.	0.	1.	0.	
1.21462e-003	-5.88455e-003	0.	1.	
Dynamic:	1	

Frame:	270
0.999998	-1.73916e-003	0.	0.	
1.73916e-003	0.999998	0.	0.	
0.	0.	1.	0.	
2.26439e-003	-1.09928e-002	0.	1.	
Dynamic:	1	

Frame:	271
0.999999	-1.12033e-003	0.	0.	
1.12033e-003	0.999999	0.	0.	
0.	0.	1.	0.	
1.46087e-003	-7.08095e-003	0.	1.	
Dynamic:	1	

Frame:	272
1.	-9.15897e-004	0.	0.	
9.15897e-004	1.	0.	0.	
0.	0.	1.	0.	
1.19488e-003	-5.7887e-003	0.	1.	
Dynamic:	1	

Frame:	273
1.	-9.25019e-004	0.	0.	
9.25019e-004	1.	0.	0.	
0.	0.	1.	0.	
1.20676e-003	-5.84636e-003	0.	1.	
Dynamic:	1	

Frame:	274
1.	-8.95783e-004	0.	0.	
8.95783e-004	1.	0.	0.	
0.	0.	1.	0.	
1.1687e-003	-5.66156e-003	0.	1.	
Dynamic:	1	

Frame:	275
0.999999	-1.07567e-003	0.	0.	
1.07567e-003	0.999999	0.	0.	
0.	0.	1.	0.	
1.40278e-003	-6.7986e-003	0.	1.	
Dynamic:	1	

Frame:	276
1.	-8.96632e-004	0.	0.	
8.96632e-004	1.	0.	0.	
0.	0.	1.	0.	
1.16981e-003	-5.66693e-003	0.	1.	
Dynamic:	1	

Frame:	277
1.	-9.27494e-004	0.	0.	
9.27494e-004	1.	0.	0.	
0.	0.	1.	0.	
1.20998e-003	-5.862e-003	0.	1.	
Dynamic:	1	

Frame:	278
1.	-9.01072e-004	0.	0.	
9.01072e-004	1.	0.	0.	
0.	0.	1.	0.	
1.17559e-003	-5.69499e-003	0.	1.	
Dynamic:	1	

Frame:	279
1.	-9.00077e-004	0.	0.	
9.00077e-004	1.	0.	0.	
0.	0.	1.	0.	
1.17429e-003	-5.68871e-003	0.	1.	
Dynamic:	1	

Frame:	280
1.	-9.00174e-004	0.	0.	
9.00174e-004	1.	0.	0.	
0.	0.	1.	0.	
1.17442e-003	-5.68932e-003	0.	1.	
Dynamic:	1	

Frame:	281
1.	-3.10863e-004	0.	0.	
3.10863e-004	1.	0.	0.	
0.	0.	1.	0.	
4.06148e-004	-1.96461e-003	0.	1.	
Dynamic:	1	

Frame:	282
1.	-2.99621e-004	0.	0.	
2.99621e-004	1.	0.	0.	
0.	0.	1.	0.	
3.91471e-004	-1.89356e-003	0.	1.	
Dynamic:	1	

Frame:	283
1.	-2.99354e-004	0.	0.	
2.99354e-004	1.	0.	0.	
0.	0.	1.	0.	
3.91123e-004	-1.89188e-003	0.	1.	
Dynamic:	1	

Frame:	284
1.	-4.81196e-004	0.	0.	
4.81196e-004	1.	0.	0.	
0.	0.	1.	0.	
6.28432e-004	-3.04114e-003	0.	1.	
Dynamic:	1	

Frame:	285
1.	-2.98619e-004	0.	0.	
2.98619e-004	1.	0.	0.	
0.	0.	1.	0.	
3.90162e-004	-1.88722e-003	0.	1.	
Dynamic:	1	

Frame:	286
1.	-3.08041e-004	0.	0.	
3.08041e-004	1.	0.	0.	
0.	0.	1.	0.	
4.02463e-004	-1.94677e-003	0.	1.	
Dynamic:	1	

Frame:	287
1.	-3.00382e-004	0.	0.	
3.00382e-004	1.	0.	0.	
0.	0.	1.	0.	
3.92464e-004	-1.89837e-003	0.	1.	
Dynamic:	1	

Frame:	288
1.	-3.03317e-004	0.	0.	
3.03317e-004	1.	0.	0.	
0.	0.	1.	0.	
3.96297e-004	-1.91692e-003	0.	1.	
Dynamic:	1	

Frame:	289
1.	-4.27875e-004	0.	0.	
4.27875e-004	1.	0.	0.	
0.	0.	1.	0.	
5.58868e-004	-2.70414e-003	0.	1.	
Dynamic:	1	

Frame:	290
1.	-3.039e-004	0.	0.	
3.039e-004	1.	0.	0.	
0.	0.	1.	0.	
3.97057e-004	-1.9206e-003	0.	1.	
Dynamic:	1	

Frame:	291
1.	-3.03059e-004	0.	0.	
3.03059e-004	1.	0.	0.	
0.	0.	1.	0.	
3.95959e-004	-1.91529e-003	0.	1.	
Dynamic:	1	

Frame:	292
1.	4.8376e-004	0.	0.	
-4.8376e-004	1.	0.	0.	
0.	0.	1.	0.	
-6.33256e-004	3.05704e-003	0.	1.	
Dynamic:	1	

Frame:	293
1.	2.9582e-004	0.	0.	
-2.9582e-004	1.	0.	0.	
0.	0.	1.	0.	
-3.87061e-004	1.86942e-003	0.	1.	
Dynamic:	1	

Frame:	294
1.	3.03762e-004	0.	0.	
-3.03762e-004	1.	0.	0.	
0.	0.	1.	0.	
-3.97461e-004	1.91961e-003	0.	1.	
Dynamic:	1	

Frame:	295
1.	3.03609e-004	0.	0.	
-3.03609e-004	1.	0.	0.	
0.	0.	1.	0.	
-3.97259e-004	1.91864e-003	0.	1.	
Dynamic:	1	

Frame:	296
1.	5.51671e-004	0.	0.	
-5.51671e-004	1.	0.	0.	
0.	0.	1.	0.	
-7.22272e-004	3.48617e-003	0.	1.	
Dynamic:	1	

Frame:	297
1.	3.07353e-004	0.	0.	
-3.07353e-004	1.	0.	0.	
0.	0.	1.	0.	
-4.02163e-004	1.9423e-003	0.	1.	
Dynamic:	1	

Frame:	298
1.	3.09537e-004	0.	0.	
-3.09537e-004	1.	0.	0.	
0.	0.	1.	0.	
-4.05022e-004	1.9561e-003	0.	1.	
Dynamic:	1	

Frame:	299
1.	3.10726e-004	0.	0.	
-3.10726e-004	1.	0.	0.	
0.	0.	1.	0.	
-4.06579e-004	1.96362e-003	0.	1.	
Dynamic:	1	

Frame:	300
1.	3.05542e-004	0.	0.	
-3.05542e-004	1.	0.	0.	
0.	0.	1.	0.	
-3.99791e-004	1.93086e-003	0.	1.	
Dynamic:	1	

Frame:	301
1.	5.7519e-004	0.	0.	
-5.7519e-004	1.	0.	0.	
0.	0.	1.	0.	
-7.53107e-004	3.63479e-003	0.	1.	
Dynamic:	1	

Frame:	302
1.	9.12791e-004	0.	0.	
-9.12791e-004	1.	0.	0.	
0.	0.	1.	0.	
-1.19611e-003	5.76798e-003	0.	1.	
Dynamic:	1	

Frame:	303
0.999999	1.29903e-003	0.	0.	
-1.29903e-003	0.999999	0.	0.	
0.	0.	1.	0.	
-1.70381e-003	8.20832e-003	0.	1.	
Dynamic:	1	

Frame:	304
0.999999	1.60962e-003	0.	0.	
-1.60962e-003	0.999999	0.	0.	
0.	0.	1.	0.	
-2.11276e-003	1.01705e-002	0.	1.	
Dynamic:	1	

Frame:	305
1.	8.96365e-004	0.	0.	
-8.96365e-004	1.	0.	0.	
0.	0.	1.	0.	
-1.17454e-003	5.66419e-003	0.	1.	
Dynamic:	1	

Frame:	306
1.	9.18687e-004	0.	0.	
-9.18687e-004	1.	0.	0.	
0.	0.	1.	0.	
-1.20385e-003	5.80523e-003	0.	1.	
Dynamic:	1	

Frame:	307
1.	9.46735e-004	0.	0.	
-9.46735e-004	1.	0.	0.	
0.	0.	1.	0.	
-1.24069e-003	5.98245e-003	0.	1.	
Dynamic:	1	

Frame:	308
1.	8.92701e-004	0.	0.	
-8.92701e-004	1.	0.	0.	
0.	0.	1.	0.	
-1.16973e-003	5.64104e-003	0.	1.	
Dynamic:	1	

Frame:	309
1.	9.07453e-004	0.	0.	
-9.07453e-004	1.	0.	0.	
0.	0.	1.	0.	
-1.1891e-003	5.73425e-003	0.	1.	
Dynamic:	1	

Frame:	310
1.	9.11456e-004	0.	0.	
-9.11456e-004	1.	0.	0.	
0.	0.	1.	0.	
-1.19435e-003	5.75955e-003	0.	1.	
Dynamic:	1	

Frame:	311
1.	9.02916e-004	0.	0.	
-9.02916e-004	1.	0.	0.	
0.	0.	1.	0.	
-1.18314e-003	5.70558e-003	0.	1.	
Dynamic:	1	

Frame:	312
0.999999	1.2581e-003	0.	0.	
-1.2581e-003	0.999999	0.	0.	
0.	0.	1.	0.	
-1.64997e-003	7.94971e-003	0.	1.	
Dynamic:	1	

Frame:	313
0.999999	1.10442e-003	0.	0.	
-1.10442e-003	0.999999	0.	0.	
0.	0.	1.	0.	
-1.44788e-003	6.97874e-003	0.	1.	
Dynamic:	1	

Frame:	314
0.999999	1.51307e-003	0.	0.	
-1.51307e-003	0.999999	0.	0.	
0.	0.	1.	0.	
-1.98557e-003	9.56057e-003	0.	1.	
Dynamic:	1	

Frame:	315
0.999999	1.533e-003	0.	0.	
-1.533e-003	0.999999	0.	0.	
0.	0.	1.	0.	
-2.01183e-003	9.68652e-003	0.	1.	
Dynamic:	1	

Frame:	316
0.999999	1.54138e-003	0.	0.	
-1.54138e-003	0.999999	0.	0.	
0.	0.	1.	0.	
-2.02286e-003	9.7394e-003	0.	1.	
Dynamic:	1	

Frame:	317
0.999999	1.5163e-003	0.	0.	
-1.5163e-003	0.999999	0.	0.	
0.	0.	1.	0.	
-1.98983e-003	9.58101e-003	0.	1.	
Dynamic:	1	

Frame:	318
0.999999	1.51954e-003	0.	0.	
-1.51954e-003	0.999999	0.	0.	
0.	0.	1.	0.	
-1.99409e-003	9.60145e-003	0.	1.	
Dynamic:	1	

Frame:	319
0.999999	1.50959e-003	0.	0.	
-1.50959e-003	0.999999	0.	0.	
0.	0.	1.	0.	
-1.98099e-003	9.5386e-003	0.	1.	
Dynamic:	1	

Frame:	320
0.999999	1.48416e-003	0.	0.	
-1.48416e-003	0.999999	0.	0.	
0.	0.	1.	0.	
-1.94749e-003	9.37791e-003	0.	1.	
Dynamic:	1	

Frame:	321
0.999999	1.50429e-003	0.	0.	
-1.50429e-003	0.999999	0.	0.	
0.	0.	1.	0.	
-1.97401e-003	9.50513e-003	0.	1.	
Dynamic:	1	

Frame:	322
0.999999	1.55508e-003	0.	0.	
-1.55508e-003	0.999999	0.	0.	
0.	0.	1.	0.	
-2.04091e-003	9.82601e-003	0.	1.	
Dynamic:	1	

Frame:	323
0.999998	2.09803e-003	0.	0.	
-2.09803e-003	0.999998	0.	0.	
0.	0.	1.	0.	
-2.75708e-003	1.32559e-002	0.	1.	
Dynamic:	1	

Frame:	324
0.999998	2.17089e-003	0.	0.	
-2.17089e-003	0.999998	0.	0.	
0.	0.	1.	0.	
-2.85333e-003	1.37162e-002	0.	1.	
Dynamic:	1	

Frame:	325
0.999994	3.31991e-003	0.	0.	
-3.31991e-003	0.999994	0.	0.	
0.	0.	1.	0.	
-4.3756e-003	2.09734e-002	0.	1.	
Dynamic:	1	

Frame:	326
0.999997	2.58524e-003	0.	0.	
-2.58524e-003	0.999997	0.	0.	
0.	0.	1.	0.	
-3.40132e-003	1.63334e-002	0.	1.	
Dynamic:	1	

Frame:	327
0.999998	2.11779e-003	0.	0.	
-2.11779e-003	0.999998	0.	0.	
0.	0.	1.	0.	
-2.78318e-003	1.33807e-002	0.	1.	
Dynamic:	1	

Frame:	328
0.999998	2.12447e-003	0.	0.	
-2.12447e-003	0.999998	0.	0.	
0.	0.	1.	0.	
-2.792e-003	1.34229e-002	0.	1.	
Dynamic:	1	

Frame:	329
0.999995	3.31158e-003	0.	0.	
-3.31158e-003	0.999995	0.	0.	
0.	0.	1.	0.	
-4.36455e-003	2.09209e-002	0.	1.	
Dynamic:	1	

Frame:	330
0.999998	2.13726e-003	0.	0.	
-2.13726e-003	0.999998	0.	0.	
0.	0.	1.	0.	
-2.8089e-003	1.35038e-002	0.	1.	
Dynamic:	1	

Frame:	331
0.999998	2.15555e-003	0.	0.	
-2.15555e-003	0.999998	0.	0.	
0.	0.	1.	0.	
-2.83306e-003	1.36193e-002	0.	1.	
Dynamic:	1	

Frame:	332
0.999998	2.10086e-003	0.	0.	
-2.10086e-003	0.999998	0.	0.	
0.	0.	1.	0.	
-2.76082e-003	1.32738e-002	0.	1.	
Dynamic:	1	

Frame:	333
0.999998	2.10295e-003	0.	0.	
-2.10295e-003	0.999998	0.	0.	
0.	0.	1.	0.	
-2.76358e-003	1.3287e-002	0.	1.	
Dynamic:	1	

Frame:	334
0.999998	2.10335e-003	0.	0.	
-2.10335e-003	0.999998	0.	0.	
0.	0.	1.	0.	
-2.76411e-003	1.32895e-002	0.	1.	
Dynamic:	1	

Frame:	335
0.999994	3.38926e-003	0.	0.	
-3.38926e-003	0.999994	0.	0.	
0.	0.	1.	0.	
-4.46775e-003	2.14114e-002	0.	1.	
Dynamic:	1	

Frame:	336
0.999998	2.10584e-003	0.	0.	
-2.10584e-003	0.999998	0.	0.	
0.	0.	1.	0.	
-2.7674e-003	1.33053e-002	0.	1.	
Dynamic:	1	

Frame:	337
0.999998	2.11235e-003	0.	0.	
-2.11235e-003	0.999998	0.	0.	
0.	0.	1.	0.	
-2.776e-003	1.33464e-002	0.	1.	
Dynamic:	1	

Frame:	338
0.999998	2.09542e-003	0.	0.	
-2.09542e-003	0.999998	0.	0.	
0.	0.	1.	0.	
-2.75364e-003	1.32395e-002	0.	1.	
Dynamic:	1	

Frame:	339
0.999998	2.10861e-003	0.	0.	
-2.10861e-003	0.999998	0.	0.	
0.	0.	1.	0.	
-2.77106e-003	1.33228e-002	0.	1.	
Dynamic:	1	

Frame:	340
0.999998	2.12356e-003	0.	0.	
-2.12356e-003	0.999998	0.	0.	
0.	0.	1.	0.	
-2.7908e-003	1.34172e-002	0.	1.	
Dynamic:	1	

Frame:	341
0.999994	3.40081e-003	0.	0.	
-3.40081e-003	0.999994	0.	0.	
0.	0.	1.	0.	
-4.4831e-003	2.14844e-002	0.	1.	
Dynamic:	1	

Frame:	342
0.999998	2.08546e-003	0.	0.	
-2.08546e-003	0.999998	0.	0.	
0.	0.	1.	0.	
-2.74048e-003	1.31765e-002	0.	1.	
Dynamic:	1	

Frame:	343
0.999998	2.14026e-003	0.	0.	
-2.14026e-003	0.999998	0.	0.	
0.	0.	1.	0.	
-2.81287e-003	1.35227e-002	0.	1.	
Dynamic:	1	

Frame:	344
0.999998	2.13301e-003	0.	0.	
-2.13301e-003	0.999998	0.	0.	
0.	0.	1.	0.	
-2.80329e-003	1.34769e-002	0.	1.	
Dynamic:	1	

Frame:	345
0.999998	2.18181e-003	0.	0.	
-2.18181e-003	0.999998	0.	0.	
0.	0.	1.	0.	
-2.86776e-003	1.37852e-002	0.	1.	
Dynamic:	1	

Frame:	346
0.999998	2.08954e-003	0.	0.	
-2.08954e-003	0.999998	0.	0.	
0.	0.	1.	0.	
-2.74586e-003	1.32023e-002	0.	1.	
Dynamic:	1	

Frame:	347
0.999998	2.0627e-003	0.	0.	
-2.0627e-003	0.999998	0.	0.	
0.	0.	1.	0.	
-2.71043e-003	1.30328e-002	0.	1.	
Dynamic:	1	

Frame:	348
0.999998	2.10714e-003	0.	0.	
-2.10714e-003	0.999998	0.	0.	
0.	0.	1.	0.	
-2.76912e-003	1.33135e-002	0.	1.	
Dynamic:	1	

Frame:	349
0.999998	2.13788e-003	0.	0.	
-2.13788e-003	0.999998	0.	0.	
0.	0.	1.	0.	
-2.80972e-003	1.35077e-002	0.	1.	
Dynamic:	1	

Frame:	350
0.999998	2.18159e-003	0.	0.	
-2.18159e-003	0.999998	0.	0.	
0.	0.	1.	0.	
-2.86747e-003	1.37838e-002	0.	1.	
Dynamic:	1	

Frame:	351
0.999998	2.12916e-003	0.	0.	
-2.12916e-003	0.999998	0.	0.	
0.	0.	1.	0.	
-2.79821e-003	1.34526e-002	0.	1.	
Dynamic:	1	

Frame:	352
0.999998	2.15509e-003	0.	0.	
-2.15509e-003	0.999998	0.	0.	
0.	0.	1.	0.	
-2.83246e-003	1.36164e-002	0.	1.	
Dynamic:	1	

Frame:	353
0.999998	2.0918e-003	0.	0.	
-2.0918e-003	0.999998	0.	0.	
0.	0.	1.	0.	
-2.74885e-003	1.32166e-002	0.	1.	
Dynamic:	1	

Frame:	354
0.999998	2.12537e-003	0.	0.	
-2.12537e-003	0.999998	0.	0.	
0.	0.	1.	0.	
-2.7932e-003	1.34287e-002	0.	1.	
Dynamic:	1	

Frame:	355
0.999996	2.92599e-003	0.	0.	
-2.92599e-003	0.999996	0.	0.	
0.	0.	1.	0.	
-3.85279e-003	1.84857e-002	0.	1.	
Dynamic:	1	

Frame:	356
0.999998	2.11988e-003	0.	0.	
-2.11988e-003	0.999998	0.	0.	
0.	0.	1.	0.	
-2.78594e-003	1.3394e-002	0.	1.	
Dynamic:	1	

Frame:	357
0.999998	2.12282e-003	0.	0.	
-2.12282e-003	0.999998	0.	0.	
0.	0.	1.	0.	
-2.78983e-003	1.34126e-002	0.	1.	
Dynamic:	1	

Frame:	358
0.999998	2.08982e-003	0.	0.	
-2.08982e-003	0.999998	0.	0.	
0.	0.	1.	0.	
-2.74624e-003	1.32041e-002	0.	1.	
Dynamic:	1	

Frame:	359
0.999998	2.12792e-003	0.	0.	
-2.12792e-003	0.999998	0.	0.	
0.	0.	1.	0.	
-2.79656e-003	1.34448e-002	0.	1.	
Dynamic:	1	

Frame:	360
0.999998	2.12911e-003	0.	0.	
-2.12911e-003	0.999998	0.	0.	
0.	0.	1.	0.	
-2.79813e-003	1.34523e-002	0.	1.	
Dynamic:	1	

Frame:	361
0.999998	2.08852e-003	0.	0.	
-2.08852e-003	0.999998	0.	0.	
0.	0.	1.	0.	
-2.74452e-003	1.31958e-002	0.	1.	
Dynamic:	1	

Frame:	362
0.999998	2.12996e-003	0.	0.	
-2.12996e-003	0.999998	0.	0.	
0.	0.	1.	0.	
-2.79925e-003	1.34576e-002	0.	1.	
Dynamic:	1	

Frame:	363
0.999998	2.12101e-003	0.	0.	
-2.12101e-003	0.999998	0.	0.	
0.	0.	1.	0.	
-2.78744e-003	1.34011e-002	0.	1.	
Dynamic:	1	

Frame:	364
0.999998	2.18833e-003	0.	0.	
-2.18833e-003	0.999998	0.	0.	
0.	0.	1.	0.	
-2.87637e-003	1.38263e-002	0.	1.	
Dynamic:	1	

Frame:	365
0.999997	2.47632e-003	0.	0.	
-2.47632e-003	0.999997	0.	0.	
0.	0.	1.	0.	
-3.25716e-003	1.56455e-002	0.	1.	
Dynamic:	1	

Frame:	366
0.999993	3.84669e-003	0.	0.	
-3.84669e-003	0.999993	0.	0.	
0.	0.	1.	0.	
-5.0763e-003	2.43001e-002	0.	1.	
Dynamic:	1	

Frame:	367
0.999993	3.75566e-003	0.	0.	
-3.75566e-003	0.999993	0.	0.	
0.	0.	1.	0.	
-4.95509e-003	2.37252e-002	0.	1.	
Dynamic:	1	

Frame:	368
0.999998	2.10058e-003	0.	0.	
-2.10058e-003	0.999998	0.	0.	
0.	0.	1.	0.	
-2.76044e-003	1.3272e-002	0.	1.	
Dynamic:	1	

Frame:	369
0.999998	2.17287e-003	0.	0.	
-2.17287e-003	0.999998	0.	0.	
0.	0.	1.	0.	
-2.85595e-003	1.37287e-002	0.	1.	
Dynamic:	1	

Frame:	370
0.999998	2.08852e-003	0.	0.	
-2.08852e-003	0.999998	0.	0.	
0.	0.	1.	0.	
-2.74452e-003	1.31958e-002	0.	1.	
Dynamic:	1	

Frame:	371
0.999998	2.12328e-003	0.	0.	
-2.12328e-003	0.999998	0.	0.	
0.	0.	1.	0.	
-2.79043e-003	1.34154e-002	0.	1.	
Dynamic:	1	

Frame:	372
0.999998	2.11541e-003	0.	0.	
-2.11541e-003	0.999998	0.	0.	
0.	0.	1.	0.	
-2.78004e-003	1.33657e-002	0.	1.	
Dynamic:	1	

Frame:	373
0.999994	3.41751e-003	0.	0.	
-3.41751e-003	0.999994	0.	0.	
0.	0.	1.	0.	
-4.50529e-003	2.15898e-002	0.	1.	
Dynamic:	1	

Frame:	374
0.999998	2.15623e-003	0.	0.	
-2.15623e-003	0.999998	0.	0.	
0.	0.	1.	0.	
-2.83396e-003	1.36236e-002	0.	1.	
Dynamic:	1	

Frame:	375
0.999996	2.97813e-003	0.	0.	
-2.97813e-003	0.999996	0.	0.	
0.	0.	1.	0.	
-3.92194e-003	1.8815e-002	0.	1.	
Dynamic:	1	

Frame:	376
0.999998	2.12769e-003	0.	0.	
-2.12769e-003	0.999998	0.	0.	
0.	0.	1.	0.	
-2.79626e-003	1.34433e-002	0.	1.	
Dynamic:	1	

Frame:	377
0.999998	2.12413e-003	0.	0.	
-2.12413e-003	0.999998	0.	0.	
0.	0.	1.	0.	
-2.79155e-003	1.34208e-002	0.	1.	
Dynamic:	1	

Frame:	378
0.999998	2.08631e-003	0.	0.	
-2.08631e-003	0.999998	0.	0.	
0.	0.	1.	0.	
-2.7416e-003	1.31819e-002	0.	1.	
Dynamic:	1	

Frame:	379
0.999998	2.12809e-003	0.	0.	
-2.12809e-003	0.999998	0.	0.	
0.	0.	1.	0.	
-2.79679e-003	1.34458e-002	0.	1.	
Dynamic:	1	

Frame:	380
0.999998	2.12933e-003	0.	0.	
-2.12933e-003	0.999998	0.	0.	
0.	0.	1.	0.	
-2.79843e-003	1.34537e-002	0.	1.	
Dynamic:	1	

Frame:	381
0.999998	2.09803e-003	0.	0.	
-2.09803e-003	0.999998	0.	0.	
0.	0.	1.	0.	
-2.75708e-003	1.32559e-002	0.	1.	
Dynamic:	1	

Frame:	382
0.999998	2.13375e-003	0.	0.	
-2.13375e-003	0.999998	0.	0.	
0.	0.	1.	0.	
-2.80427e-003	1.34816e-002	0.	1.	
Dynamic:	1	

Frame:	383
0.999998	2.1586e-003	0.	0.	
-2.1586e-003	0.999998	0.	0.	
0.	0.	1.	0.	
-2.8371e-003	1.36386e-002	0.	1.	
Dynamic:	1	

Frame:	384
0.999994	3.32042e-003	0.	0.	
-3.32042e-003	0.999994	0.	0.	
0.	0.	1.	0.	
-4.37628e-003	2.09767e-002	0.	1.	
Dynamic:	1	

Frame:	385
0.999997	2.59033e-003	0.	0.	
-2.59033e-003	0.999997	0.	0.	
0.	0.	1.	0.	
-3.40806e-003	1.63656e-002	0.	1.	
Dynamic:	1	

Frame:	386
0.999998	2.12458e-003	0.	0.	
-2.12458e-003	0.999998	0.	0.	
0.	0.	1.	0.	
-2.79215e-003	1.34237e-002	0.	1.	
Dynamic:	1	

Frame:	387
0.999998	2.12684e-003	0.	0.	
-2.12684e-003	0.999998	0.	0.	
0.	0.	1.	0.	
-2.79514e-003	1.3438e-002	0.	1.	
Dynamic:	1	

Frame:	388
0.999998	2.16126e-003	0.	0.	
-2.16126e-003	0.999998	0.	0.	
0.	0.	1.	0.	
-2.84061e-003	1.36554e-002	0.	1.	
Dynamic:	1	

Frame:	389
0.999998	2.12577e-003	0.	0.	
-2.12577e-003	0.999998	0.	0.	
0.	0.	1.	0.	
-2.79372e-003	1.34312e-002	0.	1.	
Dynamic:	1	

Frame:	390
0.999998	2.12509e-003	0.	0.	
-2.12509e-003	0.999998	0.	0.	
0.	0.	1.	0.	
-2.79282e-003	1.34269e-002	0.	1.	
Dynamic:	1	

Frame:	391
0.999998	2.16387e-003	0.	0.	
-2.16387e-003	0.999998	0.	0.	
0.	0.	1.	0.	
-2.84405e-003	1.36718e-002	0.	1.	
Dynamic:	1	

Frame:	392
0.999997	2.4394e-003	0.	0.	
-2.4394e-003	0.999997	0.	0.	
0.	0.	1.	0.	
-3.20832e-003	1.54123e-002	0.	1.	
Dynamic:	1	

Frame:	393
0.999997	2.49273e-003	0.	0.	
-2.49273e-003	0.999997	0.	0.	
0.	0.	1.	0.	
-3.27888e-003	1.57492e-002	0.	1.	
Dynamic:	1	

Frame:	394
0.999998	2.11371e-003	0.	0.	
-2.11371e-003	0.999998	0.	0.	
0.	0.	1.	0.	
-2.77779e-003	1.3355e-002	0.	1.	
Dynamic:	1	

Frame:	395
0.999998	2.11937e-003	0.	0.	
-2.11937e-003	0.999998	0.	0.	
0.	0.	1.	0.	
-2.78527e-003	1.33908e-002	0.	1.	
Dynamic:	1	

Frame:	396
0.999998	2.09633e-003	0.	0.	
-2.09633e-003	0.999998	0.	0.	
0.	0.	1.	0.	
-2.75484e-003	1.32452e-002	0.	1.	
Dynamic:	1	

Frame:	397
0.999998	2.18148e-003	0.	0.	
-2.18148e-003	0.999998	0.	0.	
0.	0.	1.	0.	
-2.86732e-003	1.37831e-002	0.	1.	
Dynamic:	1	

Frame:	398
0.999998	2.1607e-003	0.	0.	
-2.1607e-003	0.999998	0.	0.	
0.	0.	1.	0.	
-2.83986e-003	1.36518e-002	0.	1.	
Dynamic:	1	

Frame:	399
0.999998	2.09599e-003	0.	0.	
-2.09599e-003	0.999998	0.	0.	
0.	0.	1.	0.	
-2.75439e-003	1.32431e-002	0.	1.	
Dynamic:	1	

Frame:	400
0.999998	2.1325e-003	0.	0.	
-2.1325e-003	0.999998	0.	0.	
0.	0.	1.	0.	
-2.80262e-003	1.34737e-002	0.	1.	
Dynamic:	1	

Frame:	401
0.999998	2.10714e-003	0.	0.	
-2.10714e-003	0.999998	0.	0.	
0.	0.	1.	0.	
-2.76912e-003	1.33135e-002	0.	1.	
Dynamic:	1	

Frame:	402
0.999998	2.05002e-003	0.	0.	
-2.05002e-003	0.999998	0.	0.	
0.	0.	1.	0.	
-2.69368e-003	1.29527e-002	0.	1.	
Dynamic:	1	

Frame:	403
0.999998	2.11637e-003	0.	0.	
-2.11637e-003	0.999998	0.	0.	
0.	0.	1.	0.	
-2.78131e-003	1.33718e-002	0.	1.	
Dynamic:	1	

Frame:	404
0.999998	2.13477e-003	0.	0.	
-2.13477e-003	0.999998	0.	0.	
0.	0.	1.	0.	
-2.80561e-003	1.3488e-002	0.	1.	
Dynamic:	1	

Frame:	405
0.999998	2.04272e-003	0.	0.	
-2.04272e-003	0.999998	0.	0.	
0.	0.	1.	0.	
-2.68404e-003	1.29065e-002	0.	1.	
Dynamic:	1	

Frame:	406
0.999998	2.08699e-003	0.	0.	
-2.08699e-003	0.999998	0.	0.	
0.	0.	1.	0.	
-2.7425e-003	1.31862e-002	0.	1.	
Dynamic:	1	

Frame:	407
0.999998	2.14592e-003	0.	0.	
-2.14592e-003	0.999998	0.	0.	
0.	0.	1.	0.	
-2.82034e-003	1.35585e-002	0.	1.	
Dynamic:	1	

Frame:	408
0.999998	2.12016e-003	0.	0.	
-2.12016e-003	0.999998	0.	0.	
0.	0.	1.	0.	
-2.78632e-003	1.33958e-002	0.	1.	
Dynamic:	1	

Frame:	409
0.999998	2.11762e-003	0.	0.	
-2.11762e-003	0.999998	0.	0.	
0.	0.	1.	0.	
-2.78295e-003	1.33797e-002	0.	1.	
Dynamic:	1	

Frame:	410
0.999998	2.15928e-003	0.	0.	
-2.15928e-003	0.999998	0.	0.	
0.	0.	1.	0.	
-2.838e-003	1.36429e-002	0.	1.	
Dynamic:	1	

Frame:	411
0.999998	2.08529e-003	0.	0.	
-2.08529e-003	0.999998	0.	0.	
0.	0.	1.	0.	
-2.74026e-003	1.31755e-002	0.	1.	
Dynamic:	1	

Frame:	412
0.999998	2.11428e-003	0.	0.	
-2.11428e-003	0.999998	0.	0.	
0.	0.	1.	0.	
-2.77854e-003	1.33586e-002	0.	1.	
Dynamic:	1	

Frame:	413
0.999998	2.17247e-003	0.	0.	
-2.17247e-003	0.999998	0.	0.	
0.	0.	1.	0.	
-2.85542e-003	1.37262e-002	0.	1.	
Dynamic:	1	

Frame:	414
0.999998	2.05234e-003	0.	0.	
-2.05234e-003	0.999998	0.	0.	
0.	0.	1.	0.	
-2.69675e-003	1.29673e-002	0.	1.	
Dynamic:	1	

Frame:	415
0.999998	2.07759e-003	0.	0.	
-2.07759e-003	0.999998	0.	0.	
0.	0.	1.	0.	
-2.73009e-003	1.31268e-002	0.	1.	
Dynamic:	1	

Frame:	416
0.999998	2.07742e-003	0.	0.	
-2.07742e-003	0.999998	0.	0.	
0.	0.	1.	0.	
-2.72986e-003	1.31258e-002	0.	1.	
Dynamic:	1	

Frame:	417
0.999998	2.11971e-003	0.	0.	
-2.11971e-003	0.999998	0.	0.	
0.	0.	1.	0.	
-2.78572e-003	1.33929e-002	0.	1.	
Dynamic:	1	

Frame:	418
0.999998	2.09265e-003	0.	0.	
-2.09265e-003	0.999998	0.	0.	
0.	0.	1.	0.	
-2.74998e-003	1.3222e-002	0.	1.	
Dynamic:	1	

Frame:	419
0.999998	2.12684e-003	0.	0.	
-2.12684e-003	0.999998	0.	0.	
0.	0.	1.	0.	
-2.79514e-003	1.3438e-002	0.	1.	
Dynamic:	1	

Frame:	420
0.999998	2.1179e-003	0.	0.	
-2.1179e-003	0.999998	0.	0.	
0.	0.	1.	0.	
-2.78333e-003	1.33815e-002	0.	1.	
Dynamic:	1	

Frame:	421
0.999998	2.1971e-003	0.	0.	
-2.1971e-003	0.999998	0.	0.	
0.	0.	1.	0.	
-2.88796e-003	1.38818e-002	0.	1.	
Dynamic:	1	

Frame:	422
0.999995	3.06736e-003	0.	0.	
-3.06736e-003	0.999995	0.	0.	
0.	0.	1.	0.	
-4.0403e-003	1.93785e-002	0.	1.	
Dynamic:	1	

Frame:	423
0.999998	2.09027e-003	0.	0.	
-2.09027e-003	0.999998	0.	0.	
0.	0.	1.	0.	
-2.74684e-003	1.32069e-002	0.	1.	
Dynamic:	1	

Frame:	424
0.999998	2.12073e-003	0.	0.	
-2.12073e-003	0.999998	0.	0.	
0.	0.	1.	0.	
-2.78707e-003	1.33993e-002	0.	1.	
Dynamic:	1	

Frame:	425
0.999997	2.26396e-003	0.	0.	
-2.26396e-003	0.999997	0.	0.	
0.	0.	1.	0.	
-2.97632e-003	1.43041e-002	0.	1.	
Dynamic:	1	

Frame:	426
0.999998	2.10125e-003	0.	0.	
-2.10125e-003	0.999998	0.	0.	
0.	0.	1.	0.	
-2.76134e-003	1.32763e-002	0.	1.	
Dynamic:	1	

Frame:	427
0.999996	2.96223e-003	0.	0.	
-2.96223e-003	0.999996	0.	0.	
0.	0.	1.	0.	
-3.90084e-003	1.87145e-002	0.	1.	
Dynamic:	1	

Frame:	428
0.999998	2.13098e-003	0.	0.	
-2.13098e-003	0.999998	0.	0.	
0.	0.	1.	0.	
-2.8006e-003	1.34641e-002	0.	1.	
Dynamic:	1	

Frame:	429
0.999998	2.12328e-003	0.	0.	
-2.12328e-003	0.999998	0.	0.	
0.	0.	1.	0.	
-2.79043e-003	1.34154e-002	0.	1.	
Dynamic:	1	

Frame:	430
0.999998	2.12503e-003	0.	0.	
-2.12503e-003	0.999998	0.	0.	
0.	0.	1.	0.	
-2.79275e-003	1.34265e-002	0.	1.	
Dynamic:	1	

Frame:	431
0.999998	2.10788e-003	0.	0.	
-2.10788e-003	0.999998	0.	0.	
0.	0.	1.	0.	
-2.77009e-003	1.33182e-002	0.	1.	
Dynamic:	1	

Frame:	432
0.999998	2.14049e-003	0.	0.	
-2.14049e-003	0.999998	0.	0.	
0.	0.	1.	0.	
-2.81316e-003	1.35241e-002	0.	1.	
Dynamic:	1	

Frame:	433
0.999998	2.1085e-003	0.	0.	
-2.1085e-003	0.999998	0.	0.	
0.	0.	1.	0.	
-2.77091e-003	1.33221e-002	0.	1.	
Dynamic:	1	

Frame:	434
0.999993	3.76415e-003	0.	0.	
-3.76415e-003	0.999993	0.	0.	
0.	0.	1.	0.	
-4.96639e-003	2.37788e-002	0.	1.	
Dynamic:	1	

Frame:	435
0.999998	2.1325e-003	0.	0.	
-2.1325e-003	0.999998	0.	0.	
0.	0.	1.	0.	
-2.80262e-003	1.34737e-002	0.	1.	
Dynamic:	1	

Frame:	436
0.999996	2.93437e-003	0.	0.	
-2.93437e-003	0.999996	0.	0.	
0.	0.	1.	0.	
-3.8639e-003	1.85386e-002	0.	1.	
Dynamic:	1	

Frame:	437
0.999998	2.11139e-003	0.	0.	
-2.11139e-003	0.999998	0.	0.	
0.	0.	1.	0.	
-2.77473e-003	1.33403e-002	0.	1.	
Dynamic:	1	

Frame:	438
0.999998	2.14819e-003	0.	0.	
-2.14819e-003	0.999998	0.	0.	
0.	0.	1.	0.	
-2.82334e-003	1.35728e-002	0.	1.	
Dynamic:	1	

Frame:	439
0.999998	2.13573e-003	0.	0.	
-2.13573e-003	0.999998	0.	0.	
0.	0.	1.	0.	
-2.80688e-003	1.34941e-002	0.	1.	
Dynamic:	1	

Frame:	440
0.999998	2.1128e-003	0.	0.	
-2.1128e-003	0.999998	0.	0.	
0.	0.	1.	0.	
-2.7766e-003	1.33493e-002	0.	1.	
Dynamic:	1	

Frame:	441
0.999996	2.91818e-003	0.	0.	
-2.91818e-003	0.999996	0.	0.	
0.	0.	1.	0.	
-3.84243e-003	1.84363e-002	0.	1.	
Dynamic:	1	

Frame:	442
0.999998	2.12871e-003	0.	0.	
-2.12871e-003	0.999998	0.	0.	
0.	0.	1.	0.	
-2.79761e-003	1.34498e-002	0.	1.	
Dynamic:	1	

Frame:	443
0.999998	2.12526e-003	0.	0.	
-2.12526e-003	0.999998	0.	0.	
0.	0.	1.	0.	
-2.79305e-003	1.34279e-002	0.	1.	
Dynamic:	1	

Frame:	444
0.999998	2.18657e-003	0.	0.	
-2.18657e-003	0.999998	0.	0.	
0.	0.	1.	0.	
-2.87405e-003	1.38152e-002	0.	1.	
Dynamic:	1	

Frame:	445
0.999998	2.1761e-003	0.	0.	
-2.1761e-003	0.999998	0.	0.	
0.	0.	1.	0.	
-2.86021e-003	1.37491e-002	0.	1.	
Dynamic:	1	

Frame:	446
0.999992	4.09669e-003	0.	0.	
-4.09669e-003	0.999992	0.	0.	
0.	0.	1.	0.	
-5.40945e-003	2.58787e-002	0.	1.	
Dynamic:	1	

Frame:	447
0.999998	2.12713e-003	0.	0.	
-2.12713e-003	0.999998	0.	0.	
0.	0.	1.	0.	
-2.79552e-003	1.34397e-002	0.	1.	
Dynamic:	1	

Frame:	448
0.999998	2.12837e-003	0.	0.	
-2.12837e-003	0.999998	0.	0.	
0.	0.	1.	0.	
-2.79716e-003	1.34476e-002	0.	1.	
Dynamic:	1	

Frame:	449
0.999998	2.06174e-003	0.	0.	
-2.06174e-003	0.999998	0.	0.	
0.	0.	1.	0.	
-2.70915e-003	1.30267e-002	0.	1.	
Dynamic:	1	

Frame:	450
0.999998	2.1252e-003	0.	0.	
-2.1252e-003	0.999998	0.	0.	
0.	0.	1.	0.	
-2.79297e-003	1.34276e-002	0.	1.	
Dynamic:	1	

Frame:	451
0.999998	2.18085e-003	0.	0.	
-2.18085e-003	0.999998	0.	0.	
0.	0.	1.	0.	
-2.86649e-003	1.37791e-002	0.	1.	
Dynamic:	1	

Frame:	452
0.999998	2.1671e-003	0.	0.	
-2.1671e-003	0.999998	0.	0.	
0.	0.	1.	0.	
-2.84832e-003	1.36922e-002	0.	1.	
Dynamic:	1	

Frame:	453
0.999998	2.12486e-003	0.	0.	
-2.12486e-003	0.999998	0.	0.	
0.	0.	1.	0.	
-2.79252e-003	1.34254e-002	0.	1.	
Dynamic:	1	

Frame:	454
0.999996	2.94128e-003	0.	0.	
-2.94128e-003	0.999996	0.	0.	
0.	0.	1.	0.	
-3.87306e-003	1.85822e-002	0.	1.	
Dynamic:	1	

Frame:	455
0.999997	2.47224e-003	0.	0.	
-2.47224e-003	0.999997	0.	0.	
0.	0.	1.	0.	
-3.25177e-003	1.56197e-002	0.	1.	
Dynamic:	1	

Frame:	456
0.999998	2.14932e-003	0.	0.	
-2.14932e-003	0.999998	0.	0.	
0.	0.	1.	0.	
-2.82483e-003	1.35799e-002	0.	1.	
Dynamic:	1	

Frame:	457
0.999995	3.00287e-003	0.	0.	
-3.00287e-003	0.999995	0.	0.	
0.	0.	1.	0.	
-3.95475e-003	1.89712e-002	0.	1.	
Dynamic:	1	

