TrialReplay

Frame:	2
1.	0.	0.	0.	
0.	1.	0.	0.	
0.	0.	1.	0.	
0.	0.	0.	1.	
Dynamic:	0	

Frame:	3
1.	0.	0.	0.	
0.	1.	0.	0.	
0.	0.	1.	0.	
0.	0.	0.	1.	
Dynamic:	0	

Frame:	4
1.	0.	0.	0.	
0.	1.	0.	0.	
0.	0.	1.	0.	
0.	0.	0.	1.	
Dynamic:	0	

Frame:	5
1.	0.	0.	0.	
0.	1.	0.	0.	
0.	0.	1.	0.	
0.	0.	0.	1.	
Dynamic:	0	

Frame:	6
1.	0.	0.	0.	
0.	1.	0.	0.	
0.	0.	1.	0.	
0.	0.	0.	1.	
Dynamic:	0	

Frame:	7
1.	0.	0.	0.	
0.	1.	0.	0.	
0.	0.	1.	0.	
0.	0.	0.	1.	
Dynamic:	0	

Frame:	8
1.	0.	0.	0.	
0.	1.	0.	0.	
0.	0.	1.	0.	
0.	0.	0.	1.	
Dynamic:	0	

Frame:	9
1.	0.	0.	0.	
0.	1.	0.	0.	
0.	0.	1.	0.	
0.	0.	0.	1.	
Dynamic:	0	

Frame:	10
1.	0.	0.	0.	
0.	1.	0.	0.	
0.	0.	1.	0.	
0.	0.	0.	1.	
Dynamic:	0	

Frame:	11
1.	0.	0.	0.	
0.	1.	0.	0.	
0.	0.	1.	0.	
0.	0.	0.	1.	
Dynamic:	0	

Frame:	12
1.	0.	0.	0.	
0.	1.	0.	0.	
0.	0.	1.	0.	
0.	0.	0.	1.	
Dynamic:	0	

Frame:	13
1.	0.	0.	0.	
0.	1.	0.	0.	
0.	0.	1.	0.	
0.	0.	0.	1.	
Dynamic:	0	

Frame:	14
1.	0.	0.	0.	
0.	1.	0.	0.	
0.	0.	1.	0.	
0.	0.	0.	1.	
Dynamic:	0	

Frame:	15
1.	0.	0.	0.	
0.	1.	0.	0.	
0.	0.	1.	0.	
0.	0.	0.	1.	
Dynamic:	0	

Frame:	16
1.	0.	0.	0.	
0.	1.	0.	0.	
0.	0.	1.	0.	
0.	0.	0.	1.	
Dynamic:	0	

Frame:	17
1.	0.	0.	0.	
0.	1.	0.	0.	
0.	0.	1.	0.	
0.	0.	0.	1.	
Dynamic:	0	

Frame:	18
1.	0.	0.	0.	
0.	1.	0.	0.	
0.	0.	1.	0.	
0.	0.	0.	1.	
Dynamic:	0	

Frame:	19
1.	0.	0.	0.	
0.	1.	0.	0.	
0.	0.	1.	0.	
0.	0.	0.	1.	
Dynamic:	0	

Frame:	20
1.	0.	0.	0.	
0.	1.	0.	0.	
0.	0.	1.	0.	
0.	0.	0.	1.	
Dynamic:	0	

Frame:	21
1.	0.	0.	0.	
0.	1.	0.	0.	
0.	0.	1.	0.	
0.	0.	0.	1.	
Dynamic:	0	

Frame:	22
1.	0.	0.	0.	
0.	1.	0.	0.	
0.	0.	1.	0.	
0.	0.	0.	1.	
Dynamic:	0	

Frame:	23
1.	0.	0.	0.	
0.	1.	0.	0.	
0.	0.	1.	0.	
0.	0.	0.	1.	
Dynamic:	0	

Frame:	24
1.	0.	0.	0.	
0.	1.	0.	0.	
0.	0.	1.	0.	
0.	0.	0.	1.	
Dynamic:	0	

Frame:	25
1.	0.	0.	0.	
0.	1.	0.	0.	
0.	0.	1.	0.	
0.	0.	0.	1.	
Dynamic:	0	

Frame:	26
1.	0.	0.	0.	
0.	1.	0.	0.	
0.	0.	1.	0.	
0.	0.	0.	1.	
Dynamic:	0	

Frame:	27
1.	0.	0.	0.	
0.	1.	0.	0.	
0.	0.	1.	0.	
0.	0.	0.	1.	
Dynamic:	0	

Frame:	28
1.	0.	0.	0.	
0.	1.	0.	0.	
0.	0.	1.	0.	
0.	0.	0.	1.	
Dynamic:	0	

Frame:	29
1.	0.	0.	0.	
0.	1.	0.	0.	
0.	0.	1.	0.	
0.	0.	0.	1.	
Dynamic:	0	

Frame:	30
1.	0.	0.	0.	
0.	1.	0.	0.	
0.	0.	1.	0.	
0.	0.	0.	1.	
Dynamic:	0	

Frame:	31
1.	0.	0.	0.	
0.	1.	0.	0.	
0.	0.	1.	0.	
0.	0.	0.	1.	
Dynamic:	0	

Frame:	32
1.	0.	0.	0.	
0.	1.	0.	0.	
0.	0.	1.	0.	
0.	0.	0.	1.	
Dynamic:	0	

Frame:	33
1.	0.	0.	0.	
0.	1.	0.	0.	
0.	0.	1.	0.	
0.	0.	0.	1.	
Dynamic:	0	

Frame:	34
1.	0.	0.	0.	
0.	1.	0.	0.	
0.	0.	1.	0.	
0.	0.	0.	1.	
Dynamic:	0	

Frame:	35
1.	0.	0.	0.	
0.	1.	0.	0.	
0.	0.	1.	0.	
0.	0.	0.	1.	
Dynamic:	0	

Frame:	36
1.	0.	0.	0.	
0.	1.	0.	0.	
0.	0.	1.	0.	
0.	0.	0.	1.	
Dynamic:	0	

Frame:	37
1.	0.	0.	0.	
0.	1.	0.	0.	
0.	0.	1.	0.	
0.	0.	0.	1.	
Dynamic:	0	

Frame:	38
1.	0.	0.	0.	
0.	1.	0.	0.	
0.	0.	1.	0.	
0.	0.	0.	1.	
Dynamic:	0	

Frame:	39
1.	0.	0.	0.	
0.	1.	0.	0.	
0.	0.	1.	0.	
0.	0.	0.	1.	
Dynamic:	0	

Frame:	40
1.	0.	0.	0.	
0.	1.	0.	0.	
0.	0.	1.	0.	
0.	0.	0.	1.	
Dynamic:	0	

Frame:	41
1.	0.	0.	0.	
0.	1.	0.	0.	
0.	0.	1.	0.	
0.	0.	0.	1.	
Dynamic:	0	

Frame:	42
1.	0.	0.	0.	
0.	1.	0.	0.	
0.	0.	1.	0.	
0.	0.	0.	1.	
Dynamic:	0	

Frame:	43
1.	0.	0.	0.	
0.	1.	0.	0.	
0.	0.	1.	0.	
0.	0.	0.	1.	
Dynamic:	0	

Frame:	44
1.	0.	0.	0.	
0.	1.	0.	0.	
0.	0.	1.	0.	
0.	0.	0.	1.	
Dynamic:	0	

Frame:	45
1.	0.	0.	0.	
0.	1.	0.	0.	
0.	0.	1.	0.	
0.	0.	0.	1.	
Dynamic:	0	

Frame:	46
1.	0.	0.	0.	
0.	1.	0.	0.	
0.	0.	1.	0.	
0.	0.	0.	1.	
Dynamic:	0	

Frame:	47
1.	0.	0.	0.	
0.	1.	0.	0.	
0.	0.	1.	0.	
0.	0.	0.	1.	
Dynamic:	0	

Frame:	48
1.	0.	0.	0.	
0.	1.	0.	0.	
0.	0.	1.	0.	
0.	0.	0.	1.	
Dynamic:	0	

Frame:	49
1.	0.	0.	0.	
0.	1.	0.	0.	
0.	0.	1.	0.	
0.	0.	0.	1.	
Dynamic:	0	

Frame:	50
1.	0.	0.	0.	
0.	1.	0.	0.	
0.	0.	1.	0.	
0.	0.	0.	1.	
Dynamic:	0	

Frame:	51
1.	0.	0.	0.	
0.	1.	0.	0.	
0.	0.	1.	0.	
0.	0.	0.	1.	
Dynamic:	0	

Frame:	52
1.	0.	0.	0.	
0.	1.	0.	0.	
0.	0.	1.	0.	
0.	0.	0.	1.	
Dynamic:	0	

Frame:	53
1.	0.	0.	0.	
0.	1.	0.	0.	
0.	0.	1.	0.	
0.	0.	0.	1.	
Dynamic:	0	

Frame:	54
1.	0.	0.	0.	
0.	1.	0.	0.	
0.	0.	1.	0.	
0.	0.	0.	1.	
Dynamic:	0	

Frame:	55
1.	0.	0.	0.	
0.	1.	0.	0.	
0.	0.	1.	0.	
0.	0.	0.	1.	
Dynamic:	0	

Frame:	56
1.	0.	0.	0.	
0.	1.	0.	0.	
0.	0.	1.	0.	
0.	0.	0.	1.	
Dynamic:	0	

Frame:	57
1.	0.	0.	0.	
0.	1.	0.	0.	
0.	0.	1.	0.	
0.	0.	0.	1.	
Dynamic:	0	

Frame:	58
1.	0.	0.	0.	
0.	1.	0.	0.	
0.	0.	1.	0.	
0.	0.	0.	1.	
Dynamic:	0	

Frame:	59
1.	0.	0.	0.	
0.	1.	0.	0.	
0.	0.	1.	0.	
0.	0.	0.	1.	
Dynamic:	0	

Frame:	60
1.	0.	0.	0.	
0.	1.	0.	0.	
0.	0.	1.	0.	
0.	0.	0.	1.	
Dynamic:	0	

Frame:	61
1.	0.	0.	0.	
0.	1.	0.	0.	
0.	0.	1.	0.	
0.	0.	0.	1.	
Dynamic:	0	

Frame:	62
1.	0.	0.	0.	
0.	1.	0.	0.	
0.	0.	1.	0.	
0.	0.	0.	1.	
Dynamic:	0	

Frame:	63
1.	0.	0.	0.	
0.	1.	0.	0.	
0.	0.	1.	0.	
0.	0.	0.	1.	
Dynamic:	0	

Frame:	64
1.	0.	0.	0.	
0.	1.	0.	0.	
0.	0.	1.	0.	
0.	0.	0.	1.	
Dynamic:	0	

Frame:	65
1.	0.	0.	0.	
0.	1.	0.	0.	
0.	0.	1.	0.	
0.	0.	0.	1.	
Dynamic:	0	

Frame:	66
1.	0.	0.	0.	
0.	1.	0.	0.	
0.	0.	1.	0.	
0.	0.	0.	1.	
Dynamic:	0	

Frame:	67
1.	0.	0.	0.	
0.	1.	0.	0.	
0.	0.	1.	0.	
0.	0.	0.	1.	
Dynamic:	0	

Frame:	68
1.	0.	0.	0.	
0.	1.	0.	0.	
0.	0.	1.	0.	
0.	0.	0.	1.	
Dynamic:	0	

Frame:	69
1.	0.	0.	0.	
0.	1.	0.	0.	
0.	0.	1.	0.	
0.	0.	0.	1.	
Dynamic:	0	

Frame:	70
1.	0.	0.	0.	
0.	1.	0.	0.	
0.	0.	1.	0.	
0.	8.33333e-002	0.	1.	
Dynamic:	0	

Frame:	71
1.	0.	0.	0.	
0.	1.	0.	0.	
0.	0.	1.	0.	
0.	8.33333e-002	0.	1.	
Dynamic:	0	

Frame:	72
1.	0.	0.	0.	
0.	1.	0.	0.	
0.	0.	1.	0.	
0.	8.33333e-002	0.	1.	
Dynamic:	0	

Frame:	73
1.	0.	0.	0.	
0.	1.	0.	0.	
0.	0.	1.	0.	
0.	8.33333e-002	0.	1.	
Dynamic:	0	

Frame:	74
1.	0.	0.	0.	
0.	1.	0.	0.	
0.	0.	1.	0.	
0.	8.33333e-002	0.	1.	
Dynamic:	0	

Frame:	75
1.	0.	0.	0.	
0.	1.	0.	0.	
0.	0.	1.	0.	
0.	8.33333e-002	0.	1.	
Dynamic:	0	

Frame:	76
1.	0.	0.	0.	
0.	1.	0.	0.	
0.	0.	1.	0.	
0.	8.33333e-002	0.	1.	
Dynamic:	0	

Frame:	77
1.	0.	0.	0.	
0.	1.	0.	0.	
0.	0.	1.	0.	
0.	8.33333e-002	0.	1.	
Dynamic:	0	

Frame:	78
1.	0.	0.	0.	
0.	1.	0.	0.	
0.	0.	1.	0.	
0.	8.33333e-002	0.	1.	
Dynamic:	0	

Frame:	79
1.	0.	0.	0.	
0.	1.	0.	0.	
0.	0.	1.	0.	
0.	8.33333e-002	0.	1.	
Dynamic:	0	

Frame:	80
1.	0.	0.	0.	
0.	1.	0.	0.	
0.	0.	1.	0.	
0.	8.33333e-002	0.	1.	
Dynamic:	0	

Frame:	81
1.	0.	0.	0.	
0.	1.	0.	0.	
0.	0.	1.	0.	
0.	8.33333e-002	0.	1.	
Dynamic:	0	

Frame:	82
1.	0.	0.	0.	
0.	1.	0.	0.	
0.	0.	1.	0.	
0.	8.33333e-002	0.	1.	
Dynamic:	0	

Frame:	83
1.	0.	0.	0.	
0.	1.	0.	0.	
0.	0.	1.	0.	
0.	8.33333e-002	0.	1.	
Dynamic:	0	

Frame:	84
1.	0.	0.	0.	
0.	1.	0.	0.	
0.	0.	1.	0.	
0.	8.33333e-002	0.	1.	
Dynamic:	0	

Frame:	85
1.	0.	0.	0.	
0.	1.	0.	0.	
0.	0.	1.	0.	
0.	8.33333e-002	0.	1.	
Dynamic:	0	

Frame:	86
1.	0.	0.	0.	
0.	1.	0.	0.	
0.	0.	1.	0.	
0.	8.33333e-002	0.	1.	
Dynamic:	0	

Frame:	87
1.	0.	0.	0.	
0.	1.	0.	0.	
0.	0.	1.	0.	
0.	8.33333e-002	0.	1.	
Dynamic:	0	

Frame:	88
1.	0.	0.	0.	
0.	1.	0.	0.	
0.	0.	1.	0.	
0.	8.33333e-002	0.	1.	
Dynamic:	0	

Frame:	89
1.	0.	0.	0.	
0.	1.	0.	0.	
0.	0.	1.	0.	
0.	8.33333e-002	0.	1.	
Dynamic:	0	

Frame:	90
1.	0.	0.	0.	
0.	1.	0.	0.	
0.	0.	1.	0.	
0.	8.33333e-002	0.	1.	
Dynamic:	0	

Frame:	91
1.	0.	0.	0.	
0.	1.	0.	0.	
0.	0.	1.	0.	
0.	8.33333e-002	0.	1.	
Dynamic:	0	

Frame:	92
1.	0.	0.	0.	
0.	1.	0.	0.	
0.	0.	1.	0.	
0.	8.33333e-002	0.	1.	
Dynamic:	0	

Frame:	93
1.	0.	0.	0.	
0.	1.	0.	0.	
0.	0.	1.	0.	
0.	8.33333e-002	0.	1.	
Dynamic:	0	

Frame:	94
1.	0.	0.	0.	
0.	1.	0.	0.	
0.	0.	1.	0.	
0.	8.33333e-002	0.	1.	
Dynamic:	0	

Frame:	95
1.	0.	0.	0.	
0.	1.	0.	0.	
0.	0.	1.	0.	
0.	8.33333e-002	0.	1.	
Dynamic:	0	

Frame:	96
1.	0.	0.	0.	
0.	1.	0.	0.	
0.	0.	1.	0.	
0.	8.33333e-002	0.	1.	
Dynamic:	0	

Frame:	97
1.	0.	0.	0.	
0.	1.	0.	0.	
0.	0.	1.	0.	
0.	8.33333e-002	0.	1.	
Dynamic:	0	

Frame:	98
1.	0.	0.	0.	
0.	1.	0.	0.	
0.	0.	1.	0.	
0.	8.33333e-002	0.	1.	
Dynamic:	0	

Frame:	99
1.	0.	0.	0.	
0.	1.	0.	0.	
0.	0.	1.	0.	
0.	8.33333e-002	0.	1.	
Dynamic:	0	

Frame:	100
1.	0.	0.	0.	
0.	1.	0.	0.	
0.	0.	1.	0.	
0.	8.33333e-002	0.	1.	
Dynamic:	0	

Frame:	101
1.	0.	0.	0.	
0.	1.	0.	0.	
0.	0.	1.	0.	
0.	0.166667	0.	1.	
Dynamic:	0	

Frame:	102
1.	0.	0.	0.	
0.	1.	0.	0.	
0.	0.	1.	0.	
0.	0.166667	0.	1.	
Dynamic:	0	

Frame:	103
1.	0.	0.	0.	
0.	1.	0.	0.	
0.	0.	1.	0.	
0.	0.25	0.	1.	
Dynamic:	0	

Frame:	104
1.	0.	0.	0.	
0.	1.	0.	0.	
0.	0.	1.	0.	
0.	0.25	0.	1.	
Dynamic:	0	

Frame:	105
1.	0.	0.	0.	
0.	1.	0.	0.	
0.	0.	1.	0.	
0.	0.333333	0.	1.	
Dynamic:	0	

Frame:	106
1.	0.	0.	0.	
0.	1.	0.	0.	
0.	0.	1.	0.	
0.	0.333333	0.	1.	
Dynamic:	0	

Frame:	107
1.	0.	0.	0.	
0.	1.	0.	0.	
0.	0.	1.	0.	
0.	0.333333	0.	1.	
Dynamic:	0	

Frame:	108
1.	0.	0.	0.	
0.	1.	0.	0.	
0.	0.	1.	0.	
0.	0.333333	0.	1.	
Dynamic:	0	

Frame:	109
1.	0.	0.	0.	
0.	1.	0.	0.	
0.	0.	1.	0.	
0.	0.333333	0.	1.	
Dynamic:	0	

Frame:	110
1.	0.	0.	0.	
0.	1.	0.	0.	
0.	0.	1.	0.	
0.	0.333333	0.	1.	
Dynamic:	0	

Frame:	111
1.	0.	0.	0.	
0.	1.	0.	0.	
0.	0.	1.	0.	
0.	0.333333	0.	1.	
Dynamic:	0	

Frame:	112
1.	0.	0.	0.	
0.	1.	0.	0.	
0.	0.	1.	0.	
0.	0.333333	0.	1.	
Dynamic:	0	

Frame:	113
1.	0.	0.	0.	
0.	1.	0.	0.	
0.	0.	1.	0.	
0.	0.333333	0.	1.	
Dynamic:	0	

Frame:	114
1.	0.	0.	0.	
0.	1.	0.	0.	
0.	0.	1.	0.	
0.	0.333333	0.	1.	
Dynamic:	0	

Frame:	115
1.	0.	0.	0.	
0.	1.	0.	0.	
0.	0.	1.	0.	
0.	0.333333	0.	1.	
Dynamic:	0	

Frame:	116
1.	0.	0.	0.	
0.	1.	0.	0.	
0.	0.	1.	0.	
0.	0.333333	0.	1.	
Dynamic:	0	

Frame:	117
1.	0.	0.	0.	
0.	1.	0.	0.	
0.	0.	1.	0.	
0.	0.333333	0.	1.	
Dynamic:	0	

Frame:	118
1.	0.	0.	0.	
0.	1.	0.	0.	
0.	0.	1.	0.	
0.	0.333333	0.	1.	
Dynamic:	0	

Frame:	119
1.	0.	0.	0.	
0.	1.	0.	0.	
0.	0.	1.	0.	
0.	0.333333	0.	1.	
Dynamic:	0	

Frame:	120
1.	0.	0.	0.	
0.	1.	0.	0.	
0.	0.	1.	0.	
0.	0.333333	0.	1.	
Dynamic:	0	

Frame:	121
1.	0.	0.	0.	
0.	1.	0.	0.	
0.	0.	1.	0.	
0.	0.333333	0.	1.	
Dynamic:	0	

Frame:	122
1.	0.	0.	0.	
0.	1.	0.	0.	
0.	0.	1.	0.	
0.	0.333333	0.	1.	
Dynamic:	0	

Frame:	123
1.	0.	0.	0.	
0.	1.	0.	0.	
0.	0.	1.	0.	
0.	0.333333	0.	1.	
Dynamic:	0	

Frame:	124
1.	0.	0.	0.	
0.	1.	0.	0.	
0.	0.	1.	0.	
0.	0.333333	0.	1.	
Dynamic:	0	

Frame:	125
1.	0.	0.	0.	
0.	1.	0.	0.	
0.	0.	1.	0.	
0.	0.333333	0.	1.	
Dynamic:	0	

Frame:	126
1.	0.	0.	0.	
0.	1.	0.	0.	
0.	0.	1.	0.	
0.	0.333333	0.	1.	
Dynamic:	0	

Frame:	127
1.	0.	0.	0.	
0.	1.	0.	0.	
0.	0.	1.	0.	
0.	0.333333	0.	1.	
Dynamic:	0	

Frame:	128
1.	0.	0.	0.	
0.	1.	0.	0.	
0.	0.	1.	0.	
0.	0.333333	0.	1.	
Dynamic:	0	

Frame:	129
1.	0.	0.	0.	
0.	1.	0.	0.	
0.	0.	1.	0.	
0.	0.333333	0.	1.	
Dynamic:	0	

Frame:	130
1.	0.	0.	0.	
0.	1.	0.	0.	
0.	0.	1.	0.	
0.	0.333333	0.	1.	
Dynamic:	0	

Frame:	131
1.	0.	0.	0.	
0.	1.	0.	0.	
0.	0.	1.	0.	
0.	0.333333	0.	1.	
Dynamic:	0	

Frame:	132
1.	0.	0.	0.	
0.	1.	0.	0.	
0.	0.	1.	0.	
0.	0.333333	0.	1.	
Dynamic:	0	

Frame:	133
1.	0.	0.	0.	
0.	1.	0.	0.	
0.	0.	1.	0.	
0.	0.333333	0.	1.	
Dynamic:	0	

Frame:	134
1.	0.	0.	0.	
0.	1.	0.	0.	
0.	0.	1.	0.	
0.	0.333333	0.	1.	
Dynamic:	0	

Frame:	135
1.	0.	0.	0.	
0.	1.	0.	0.	
0.	0.	1.	0.	
0.	0.333333	0.	1.	
Dynamic:	0	

Frame:	136
1.	0.	0.	0.	
0.	1.	0.	0.	
0.	0.	1.	0.	
0.	0.333333	0.	1.	
Dynamic:	0	

Frame:	137
1.	0.	0.	0.	
0.	1.	0.	0.	
0.	0.	1.	0.	
0.	0.333333	0.	1.	
Dynamic:	0	

Frame:	138
1.	0.	0.	0.	
0.	1.	0.	0.	
0.	0.	1.	0.	
0.	0.333333	0.	1.	
Dynamic:	0	

Frame:	139
1.	0.	0.	0.	
0.	1.	0.	0.	
0.	0.	1.	0.	
0.	0.333333	0.	1.	
Dynamic:	1	

Frame:	140
1.	0.	0.	0.	
0.	1.	0.	0.	
0.	0.	1.	0.	
0.	0.333333	0.	1.	
Dynamic:	1	

Frame:	141
1.	0.	0.	0.	
0.	1.	0.	0.	
0.	0.	1.	0.	
0.	0.333333	0.	1.	
Dynamic:	1	

Frame:	142
1.	0.	0.	0.	
0.	1.	0.	0.	
0.	0.	1.	0.	
0.	0.333333	0.	1.	
Dynamic:	1	

Frame:	143
1.	0.	0.	0.	
0.	1.	0.	0.	
0.	0.	1.	0.	
0.	0.333333	0.	1.	
Dynamic:	1	

Frame:	144
1.	0.	0.	0.	
0.	1.	0.	0.	
0.	0.	1.	0.	
0.	0.333333	0.	1.	
Dynamic:	1	

Frame:	145
1.	0.	0.	0.	
0.	1.	0.	0.	
0.	0.	1.	0.	
0.	0.333333	0.	1.	
Dynamic:	1	

Frame:	146
1.	0.	0.	0.	
0.	1.	0.	0.	
0.	0.	1.	0.	
0.	0.333333	0.	1.	
Dynamic:	1	

Frame:	147
1.	0.	0.	0.	
0.	1.	0.	0.	
0.	0.	1.	0.	
0.	0.333333	0.	1.	
Dynamic:	1	

Frame:	148
1.	0.	0.	0.	
0.	1.	0.	0.	
0.	0.	1.	0.	
0.	0.333333	0.	1.	
Dynamic:	1	

Frame:	149
1.	0.	0.	0.	
0.	1.	0.	0.	
0.	0.	1.	0.	
0.	0.333333	0.	1.	
Dynamic:	1	

Frame:	150
1.	0.	0.	0.	
0.	1.	0.	0.	
0.	0.	1.	0.	
0.	0.333333	0.	1.	
Dynamic:	1	

Frame:	151
1.	0.	0.	0.	
0.	1.	0.	0.	
0.	0.	1.	0.	
0.	0.333333	0.	1.	
Dynamic:	1	

Frame:	152
1.	0.	0.	0.	
0.	1.	0.	0.	
0.	0.	1.	0.	
0.	0.333333	0.	1.	
Dynamic:	1	

Frame:	153
1.	0.	0.	0.	
0.	1.	0.	0.	
0.	0.	1.	0.	
0.	0.333333	0.	1.	
Dynamic:	1	

Frame:	154
1.	0.	0.	0.	
0.	1.	0.	0.	
0.	0.	1.	0.	
0.	0.333333	0.	1.	
Dynamic:	1	

Frame:	155
1.	0.	0.	0.	
0.	1.	0.	0.	
0.	0.	1.	0.	
0.	0.333333	0.	1.	
Dynamic:	1	

Frame:	156
1.	0.	0.	0.	
0.	1.	0.	0.	
0.	0.	1.	0.	
0.	0.333333	0.	1.	
Dynamic:	1	

Frame:	157
1.	0.	0.	0.	
0.	1.	0.	0.	
0.	0.	1.	0.	
0.	0.333333	0.	1.	
Dynamic:	1	

Frame:	158
1.	0.	0.	0.	
0.	1.	0.	0.	
0.	0.	1.	0.	
0.	0.333333	0.	1.	
Dynamic:	1	

Frame:	159
1.	0.	0.	0.	
0.	1.	0.	0.	
0.	0.	1.	0.	
0.	0.333333	0.	1.	
Dynamic:	1	

Frame:	160
1.	0.	0.	0.	
0.	1.	0.	0.	
0.	0.	1.	0.	
0.	0.333333	0.	1.	
Dynamic:	1	

Frame:	161
1.	0.	0.	0.	
0.	1.	0.	0.	
0.	0.	1.	0.	
0.	0.333333	0.	1.	
Dynamic:	1	

Frame:	162
1.	0.	0.	0.	
0.	1.	0.	0.	
0.	0.	1.	0.	
0.	0.333333	0.	1.	
Dynamic:	1	

Frame:	163
1.	0.	0.	0.	
0.	1.	0.	0.	
0.	0.	1.	0.	
0.	0.333333	0.	1.	
Dynamic:	1	

Frame:	164
1.	0.	0.	0.	
0.	1.	0.	0.	
0.	0.	1.	0.	
0.	0.333333	0.	1.	
Dynamic:	1	

Frame:	165
1.	0.	0.	0.	
0.	1.	0.	0.	
0.	0.	1.	0.	
0.	0.333333	0.	1.	
Dynamic:	1	

Frame:	166
1.	0.	0.	0.	
0.	1.	0.	0.	
0.	0.	1.	0.	
0.	0.333333	0.	1.	
Dynamic:	1	

Frame:	167
1.	0.	0.	0.	
0.	1.	0.	0.	
0.	0.	1.	0.	
0.	0.333333	0.	1.	
Dynamic:	1	

Frame:	168
1.	0.	0.	0.	
0.	1.	0.	0.	
0.	0.	1.	0.	
0.	0.333333	0.	1.	
Dynamic:	1	

Frame:	169
1.	0.	0.	0.	
0.	1.	0.	0.	
0.	0.	1.	0.	
0.	0.333333	0.	1.	
Dynamic:	1	

Frame:	170
1.	0.	0.	0.	
0.	1.	0.	0.	
0.	0.	1.	0.	
0.	0.333333	0.	1.	
Dynamic:	1	

Frame:	171
1.	0.	0.	0.	
0.	1.	0.	0.	
0.	0.	1.	0.	
0.	0.333333	0.	1.	
Dynamic:	1	

Frame:	172
1.	0.	0.	0.	
0.	1.	0.	0.	
0.	0.	1.	0.	
0.	0.333333	0.	1.	
Dynamic:	1	

Frame:	173
1.	0.	0.	0.	
0.	1.	0.	0.	
0.	0.	1.	0.	
0.	0.333333	0.	1.	
Dynamic:	1	

Frame:	174
1.	0.	0.	0.	
0.	1.	0.	0.	
0.	0.	1.	0.	
0.	0.333333	0.	1.	
Dynamic:	1	

Frame:	175
1.	0.	0.	0.	
0.	1.	0.	0.	
0.	0.	1.	0.	
0.	0.333333	0.	1.	
Dynamic:	1	

Frame:	176
1.	0.	0.	0.	
0.	1.	0.	0.	
0.	0.	1.	0.	
0.	0.333333	0.	1.	
Dynamic:	1	

Frame:	177
1.	0.	0.	0.	
0.	1.	0.	0.	
0.	0.	1.	0.	
0.	0.333333	0.	1.	
Dynamic:	1	

Frame:	178
1.	0.	0.	0.	
0.	1.	0.	0.	
0.	0.	1.	0.	
0.	0.333333	0.	1.	
Dynamic:	1	

Frame:	179
1.	0.	0.	0.	
0.	1.	0.	0.	
0.	0.	1.	0.	
0.	0.333333	0.	1.	
Dynamic:	1	

Frame:	180
1.	0.	0.	0.	
0.	1.	0.	0.	
0.	0.	1.	0.	
0.	0.333333	0.	1.	
Dynamic:	1	

Frame:	181
1.	0.	0.	0.	
0.	1.	0.	0.	
0.	0.	1.	0.	
0.	0.333333	0.	1.	
Dynamic:	1	

Frame:	182
1.	0.	0.	0.	
0.	1.	0.	0.	
0.	0.	1.	0.	
0.	0.333333	0.	1.	
Dynamic:	1	

Frame:	183
1.	0.	0.	0.	
0.	1.	0.	0.	
0.	0.	1.	0.	
0.	0.333333	0.	1.	
Dynamic:	1	

Frame:	184
1.	0.	0.	0.	
0.	1.	0.	0.	
0.	0.	1.	0.	
0.	0.333333	0.	1.	
Dynamic:	1	

Frame:	185
1.	0.	0.	0.	
0.	1.	0.	0.	
0.	0.	1.	0.	
0.	0.333333	0.	1.	
Dynamic:	1	

Frame:	186
1.	0.	0.	0.	
0.	1.	0.	0.	
0.	0.	1.	0.	
0.	0.333333	0.	1.	
Dynamic:	1	

Frame:	187
0.999997	-2.47255e-003	0.	0.	
2.47255e-003	0.999997	0.	0.	
0.	0.	1.	0.	
-7.10586e-002	0.322047	0.	1.	
Dynamic:	1	

Frame:	188
0.999997	-2.47255e-003	0.	0.	
2.47255e-003	0.999997	0.	0.	
0.	0.	1.	0.	
-7.10586e-002	0.322047	0.	1.	
Dynamic:	1	

Frame:	189
0.999997	-2.47255e-003	0.	0.	
2.47255e-003	0.999997	0.	0.	
0.	0.	1.	0.	
-7.10586e-002	0.322047	0.	1.	
Dynamic:	1	

Frame:	190
0.999997	-2.47255e-003	0.	0.	
2.47255e-003	0.999997	0.	0.	
0.	0.	1.	0.	
-7.10586e-002	0.322047	0.	1.	
Dynamic:	1	

Frame:	191
0.999997	-2.47255e-003	0.	0.	
2.47255e-003	0.999997	0.	0.	
0.	0.	1.	0.	
-7.10586e-002	0.322047	0.	1.	
Dynamic:	1	

Frame:	192
0.999997	-2.47255e-003	0.	0.	
2.47255e-003	0.999997	0.	0.	
0.	0.	1.	0.	
-7.10586e-002	0.322047	0.	1.	
Dynamic:	1	

Frame:	193
0.999997	-2.47255e-003	0.	0.	
2.47255e-003	0.999997	0.	0.	
0.	0.	1.	0.	
-7.10586e-002	0.322047	0.	1.	
Dynamic:	1	

Frame:	194
0.999997	-2.47255e-003	0.	0.	
2.47255e-003	0.999997	0.	0.	
0.	0.	1.	0.	
-7.10586e-002	0.322047	0.	1.	
Dynamic:	1	

Frame:	195
0.999997	-2.47255e-003	0.	0.	
2.47255e-003	0.999997	0.	0.	
0.	0.	1.	0.	
-7.10586e-002	0.322047	0.	1.	
Dynamic:	1	

Frame:	196
0.999997	-2.47255e-003	0.	0.	
2.47255e-003	0.999997	0.	0.	
0.	0.	1.	0.	
-7.10586e-002	0.322047	0.	1.	
Dynamic:	1	

Frame:	197
0.999997	-2.47255e-003	0.	0.	
2.47255e-003	0.999997	0.	0.	
0.	0.	1.	0.	
-7.10586e-002	0.322047	0.	1.	
Dynamic:	1	

Frame:	198
0.999997	-2.47255e-003	0.	0.	
2.47255e-003	0.999997	0.	0.	
0.	0.	1.	0.	
-7.10586e-002	0.322047	0.	1.	
Dynamic:	1	

Frame:	199
0.999997	-2.47255e-003	0.	0.	
2.47255e-003	0.999997	0.	0.	
0.	0.	1.	0.	
-7.10586e-002	0.322047	0.	1.	
Dynamic:	1	

Frame:	200
0.999997	-2.47255e-003	0.	0.	
2.47255e-003	0.999997	0.	0.	
0.	0.	1.	0.	
-7.10586e-002	0.322047	0.	1.	
Dynamic:	1	

Frame:	201
0.999997	-2.47255e-003	0.	0.	
2.47255e-003	0.999997	0.	0.	
0.	0.	1.	0.	
-7.10586e-002	0.322047	0.	1.	
Dynamic:	1	

Frame:	202
0.999997	-2.47255e-003	0.	0.	
2.47255e-003	0.999997	0.	0.	
0.	0.	1.	0.	
-7.10586e-002	0.322047	0.	1.	
Dynamic:	1	

Frame:	203
0.999997	-2.47255e-003	0.	0.	
2.47255e-003	0.999997	0.	0.	
0.	0.	1.	0.	
-7.10586e-002	0.322047	0.	1.	
Dynamic:	1	

Frame:	204
0.999997	-2.47255e-003	0.	0.	
2.47255e-003	0.999997	0.	0.	
0.	0.	1.	0.	
-7.10586e-002	0.322047	0.	1.	
Dynamic:	1	

Frame:	205
0.999997	-2.47255e-003	0.	0.	
2.47255e-003	0.999997	0.	0.	
0.	0.	1.	0.	
-7.10586e-002	0.322047	0.	1.	
Dynamic:	1	

Frame:	206
0.999997	-2.47255e-003	0.	0.	
2.47255e-003	0.999997	0.	0.	
0.	0.	1.	0.	
-7.10586e-002	0.322047	0.	1.	
Dynamic:	1	

Frame:	207
0.999997	-2.47255e-003	0.	0.	
2.47255e-003	0.999997	0.	0.	
0.	0.	1.	0.	
-7.10586e-002	0.322047	0.	1.	
Dynamic:	1	

Frame:	208
0.999997	-2.47255e-003	0.	0.	
2.47255e-003	0.999997	0.	0.	
0.	0.	1.	0.	
-7.10586e-002	0.322047	0.	1.	
Dynamic:	1	

Frame:	209
0.999997	-2.47255e-003	0.	0.	
2.47255e-003	0.999997	0.	0.	
0.	0.	1.	0.	
-7.10586e-002	0.322047	0.	1.	
Dynamic:	1	

Frame:	210
0.999997	-2.47255e-003	0.	0.	
2.47255e-003	0.999997	0.	0.	
0.	0.	1.	0.	
-7.10586e-002	0.322047	0.	1.	
Dynamic:	1	

Frame:	211
0.999997	-2.47255e-003	0.	0.	
2.47255e-003	0.999997	0.	0.	
0.	0.	1.	0.	
-7.10586e-002	0.322047	0.	1.	
Dynamic:	1	

Frame:	212
0.999997	-2.47255e-003	0.	0.	
2.47255e-003	0.999997	0.	0.	
0.	0.	1.	0.	
-7.10586e-002	0.322047	0.	1.	
Dynamic:	1	

Frame:	213
0.999997	-2.47255e-003	0.	0.	
2.47255e-003	0.999997	0.	0.	
0.	0.	1.	0.	
-7.10586e-002	0.322047	0.	1.	
Dynamic:	1	

Frame:	214
0.999997	-2.47255e-003	0.	0.	
2.47255e-003	0.999997	0.	0.	
0.	0.	1.	0.	
-7.10586e-002	0.322047	0.	1.	
Dynamic:	1	

Frame:	215
0.999997	-2.47255e-003	0.	0.	
2.47255e-003	0.999997	0.	0.	
0.	0.	1.	0.	
-7.10586e-002	0.322047	0.	1.	
Dynamic:	1	

Frame:	216
0.999988	-4.94508e-003	0.	0.	
4.94508e-003	0.999988	0.	0.	
0.	0.	1.	0.	
-0.166024	0.311853	0.	1.	
Dynamic:	1	

Frame:	217
0.999988	-4.94508e-003	0.	0.	
4.94508e-003	0.999988	0.	0.	
0.	0.	1.	0.	
-0.166024	0.311853	0.	1.	
Dynamic:	1	

Frame:	218
0.999972	-7.41758e-003	0.	0.	
7.41758e-003	0.999972	0.	0.	
0.	0.	1.	0.	
-0.262656	0.302025	0.	1.	
Dynamic:	1	

Frame:	219
0.999972	-7.41758e-003	0.	0.	
7.41758e-003	0.999972	0.	0.	
0.	0.	1.	0.	
-0.262656	0.302025	0.	1.	
Dynamic:	1	

Frame:	220
0.999951	-9.89004e-003	0.	0.	
9.89004e-003	0.999951	0.	0.	
0.	0.	1.	0.	
-0.360954	0.292592	0.	1.	
Dynamic:	1	

Frame:	221
0.999951	-9.89004e-003	0.	0.	
9.89004e-003	0.999951	0.	0.	
0.	0.	1.	0.	
-0.360954	0.292592	0.	1.	
Dynamic:	1	

Frame:	222
0.999924	-1.23624e-002	0.	0.	
1.23624e-002	0.999924	0.	0.	
0.	0.	1.	0.	
-0.460913	0.283586	0.	1.	
Dynamic:	1	

Frame:	223
0.999924	-1.23624e-002	0.	0.	
1.23624e-002	0.999924	0.	0.	
0.	0.	1.	0.	
-0.460913	0.283586	0.	1.	
Dynamic:	1	

Frame:	224
0.999924	-1.23624e-002	0.	0.	
1.23624e-002	0.999924	0.	0.	
0.	0.	1.	0.	
-0.460913	0.283586	0.	1.	
Dynamic:	1	

Frame:	225
0.999924	-1.23624e-002	0.	0.	
1.23624e-002	0.999924	0.	0.	
0.	0.	1.	0.	
-0.460913	0.283586	0.	1.	
Dynamic:	1	

Frame:	226
0.999924	-1.23624e-002	0.	0.	
1.23624e-002	0.999924	0.	0.	
0.	0.	1.	0.	
-0.460913	0.283586	0.	1.	
Dynamic:	1	

Frame:	227
0.999924	-1.23624e-002	0.	0.	
1.23624e-002	0.999924	0.	0.	
0.	0.	1.	0.	
-0.460913	0.283586	0.	1.	
Dynamic:	1	

Frame:	228
0.999924	-1.23624e-002	0.	0.	
1.23624e-002	0.999924	0.	0.	
0.	0.	1.	0.	
-0.460913	0.283586	0.	1.	
Dynamic:	1	

Frame:	229
0.999924	-1.23624e-002	0.	0.	
1.23624e-002	0.999924	0.	0.	
0.	0.	1.	0.	
-0.460913	0.283586	0.	1.	
Dynamic:	1	

Frame:	230
0.999924	-1.23624e-002	0.	0.	
1.23624e-002	0.999924	0.	0.	
0.	0.	1.	0.	
-0.460913	0.283586	0.	1.	
Dynamic:	1	

Frame:	231
0.999924	-1.23624e-002	0.	0.	
1.23624e-002	0.999924	0.	0.	
0.	0.	1.	0.	
-0.460913	0.283586	0.	1.	
Dynamic:	1	

Frame:	232
1.	0.	0.	0.	
0.	1.	0.	0.	
0.	0.	1.	0.	
7.91815e-002	0.323792	0.	1.	
Dynamic:	1	

Frame:	233
1.	0.	0.	0.	
0.	1.	0.	0.	
0.	0.	1.	0.	
7.91815e-002	0.323792	0.	1.	
Dynamic:	1	

Frame:	234
1.	0.	0.	0.	
0.	1.	0.	0.	
0.	0.	1.	0.	
7.91815e-002	0.323792	0.	1.	
Dynamic:	1	

Frame:	235
1.	0.	0.	0.	
0.	1.	0.	0.	
0.	0.	1.	0.	
7.91815e-002	0.323792	0.	1.	
Dynamic:	1	

Frame:	236
1.	0.	0.	0.	
0.	1.	0.	0.	
0.	0.	1.	0.	
7.91815e-002	0.323792	0.	1.	
Dynamic:	1	

Frame:	237
1.	0.	0.	0.	
0.	1.	0.	0.	
0.	0.	1.	0.	
7.91815e-002	0.323792	0.	1.	
Dynamic:	1	

Frame:	238
1.	0.	0.	0.	
0.	1.	0.	0.	
0.	0.	1.	0.	
7.91815e-002	0.323792	0.	1.	
Dynamic:	1	

Frame:	239
1.	0.	0.	0.	
0.	1.	0.	0.	
0.	0.	1.	0.	
7.91815e-002	0.323792	0.	1.	
Dynamic:	1	

Frame:	240
1.	0.	0.	0.	
0.	1.	0.	0.	
0.	0.	1.	0.	
7.91815e-002	0.323792	0.	1.	
Dynamic:	1	

Frame:	241
1.	0.	0.	0.	
0.	1.	0.	0.	
0.	0.	1.	0.	
7.91815e-002	0.323792	0.	1.	
Dynamic:	1	

Frame:	242
1.	0.	0.	0.	
0.	1.	0.	0.	
0.	0.	1.	0.	
7.91815e-002	0.323792	0.	1.	
Dynamic:	1	

Frame:	243
1.	0.	0.	0.	
0.	1.	0.	0.	
0.	0.	1.	0.	
7.91815e-002	0.323792	0.	1.	
Dynamic:	1	

Frame:	244
1.	0.	0.	0.	
0.	1.	0.	0.	
0.	0.	1.	0.	
7.91815e-002	0.323792	0.	1.	
Dynamic:	1	

Frame:	245
1.	0.	0.	0.	
0.	1.	0.	0.	
0.	0.	1.	0.	
7.91815e-002	0.323792	0.	1.	
Dynamic:	1	

Frame:	246
1.	0.	0.	0.	
0.	1.	0.	0.	
0.	0.	1.	0.	
7.91815e-002	0.323792	0.	1.	
Dynamic:	1	

Frame:	247
1.	0.	0.	0.	
0.	1.	0.	0.	
0.	0.	1.	0.	
7.91815e-002	0.323792	0.	1.	
Dynamic:	1	

Frame:	248
1.	0.	0.	0.	
0.	1.	0.	0.	
0.	0.	1.	0.	
7.91815e-002	0.323792	0.	1.	
Dynamic:	1	

Frame:	249
1.	0.	0.	0.	
0.	1.	0.	0.	
0.	0.	1.	0.	
7.91815e-002	0.323792	0.	1.	
Dynamic:	1	

Frame:	250
1.	0.	0.	0.	
0.	1.	0.	0.	
0.	0.	1.	0.	
7.91815e-002	0.323792	0.	1.	
Dynamic:	1	

Frame:	251
1.	0.	0.	0.	
0.	1.	0.	0.	
0.	0.	1.	0.	
7.91815e-002	0.323792	0.	1.	
Dynamic:	1	

Frame:	252
1.	0.	0.	0.	
0.	1.	0.	0.	
0.	0.	1.	0.	
7.91815e-002	0.323792	0.	1.	
Dynamic:	1	

Frame:	253
1.	0.	0.	0.	
0.	1.	0.	0.	
0.	0.	1.	0.	
7.91815e-002	0.323792	0.	1.	
Dynamic:	1	

Frame:	254
1.	0.	0.	0.	
0.	1.	0.	0.	
0.	0.	1.	0.	
7.91815e-002	0.323792	0.	1.	
Dynamic:	1	

Frame:	255
1.	0.	0.	0.	
0.	1.	0.	0.	
0.	0.	1.	0.	
7.91815e-002	0.323792	0.	1.	
Dynamic:	1	

Frame:	256
1.	0.	0.	0.	
0.	1.	0.	0.	
0.	0.	1.	0.	
7.91815e-002	0.323792	0.	1.	
Dynamic:	1	

Frame:	257
1.	0.	0.	0.	
0.	1.	0.	0.	
0.	0.	1.	0.	
7.91815e-002	0.323792	0.	1.	
Dynamic:	1	

Frame:	258
1.	0.	0.	0.	
0.	1.	0.	0.	
0.	0.	1.	0.	
7.91815e-002	0.323792	0.	1.	
Dynamic:	1	

Frame:	259
1.	0.	0.	0.	
0.	1.	0.	0.	
0.	0.	1.	0.	
7.91815e-002	0.323792	0.	1.	
Dynamic:	1	

Frame:	260
1.	0.	0.	0.	
0.	1.	0.	0.	
0.	0.	1.	0.	
7.91815e-002	0.323792	0.	1.	
Dynamic:	1	

Frame:	261
1.	0.	0.	0.	
0.	1.	0.	0.	
0.	0.	1.	0.	
7.91815e-002	0.323792	0.	1.	
Dynamic:	1	

Frame:	262
1.	0.	0.	0.	
0.	1.	0.	0.	
0.	0.	1.	0.	
7.91815e-002	0.323792	0.	1.	
Dynamic:	1	

Frame:	263
1.	0.	0.	0.	
0.	1.	0.	0.	
0.	0.	1.	0.	
7.91815e-002	0.323792	0.	1.	
Dynamic:	1	

Frame:	264
1.	0.	0.	0.	
0.	1.	0.	0.	
0.	0.	1.	0.	
7.91815e-002	0.323792	0.	1.	
Dynamic:	1	

Frame:	265
1.	0.	0.	0.	
0.	1.	0.	0.	
0.	0.	1.	0.	
7.91815e-002	0.323792	0.	1.	
Dynamic:	1	

Frame:	266
1.	0.	0.	0.	
0.	1.	0.	0.	
0.	0.	1.	0.	
7.91815e-002	0.323792	0.	1.	
Dynamic:	1	

Frame:	267
1.	0.	0.	0.	
0.	1.	0.	0.	
0.	0.	1.	0.	
7.91815e-002	0.323792	0.	1.	
Dynamic:	1	

Frame:	268
1.	0.	0.	0.	
0.	1.	0.	0.	
0.	0.	1.	0.	
7.91815e-002	0.323792	0.	1.	
Dynamic:	1	

Frame:	269
1.	0.	0.	0.	
0.	1.	0.	0.	
0.	0.	1.	0.	
7.91815e-002	0.323792	0.	1.	
Dynamic:	1	

Frame:	270
0.999997	2.47255e-003	0.	0.	
-2.47255e-003	0.999997	0.	0.	
0.	0.	1.	0.	
0.216577	0.321148	0.	1.	
Dynamic:	1	

Frame:	271
0.999997	2.47255e-003	0.	0.	
-2.47255e-003	0.999997	0.	0.	
0.	0.	1.	0.	
0.216577	0.321148	0.	1.	
Dynamic:	1	

Frame:	272
0.999997	2.47255e-003	0.	0.	
-2.47255e-003	0.999997	0.	0.	
0.	0.	1.	0.	
0.216577	0.321148	0.	1.	
Dynamic:	1	

Frame:	273
0.999997	2.47255e-003	0.	0.	
-2.47255e-003	0.999997	0.	0.	
0.	0.	1.	0.	
0.216577	0.321148	0.	1.	
Dynamic:	1	

Frame:	274
0.999997	2.47255e-003	0.	0.	
-2.47255e-003	0.999997	0.	0.	
0.	0.	1.	0.	
0.216577	0.321148	0.	1.	
Dynamic:	1	

Frame:	275
0.999997	2.47255e-003	0.	0.	
-2.47255e-003	0.999997	0.	0.	
0.	0.	1.	0.	
0.216577	0.321148	0.	1.	
Dynamic:	1	

Frame:	276
0.999997	2.47255e-003	0.	0.	
-2.47255e-003	0.999997	0.	0.	
0.	0.	1.	0.	
0.216577	0.321148	0.	1.	
Dynamic:	1	

Frame:	277
0.999997	2.47255e-003	0.	0.	
-2.47255e-003	0.999997	0.	0.	
0.	0.	1.	0.	
0.216577	0.321148	0.	1.	
Dynamic:	1	

Frame:	278
0.999997	2.47255e-003	0.	0.	
-2.47255e-003	0.999997	0.	0.	
0.	0.	1.	0.	
0.216577	0.321148	0.	1.	
Dynamic:	1	

Frame:	279
0.999997	2.47255e-003	0.	0.	
-2.47255e-003	0.999997	0.	0.	
0.	0.	1.	0.	
0.216577	0.321148	0.	1.	
Dynamic:	1	

Frame:	280
0.999997	2.47255e-003	0.	0.	
-2.47255e-003	0.999997	0.	0.	
0.	0.	1.	0.	
0.216577	0.321148	0.	1.	
Dynamic:	1	

Frame:	281
0.999997	2.47255e-003	0.	0.	
-2.47255e-003	0.999997	0.	0.	
0.	0.	1.	0.	
0.216577	0.321148	0.	1.	
Dynamic:	1	

Frame:	282
0.999997	2.47255e-003	0.	0.	
-2.47255e-003	0.999997	0.	0.	
0.	0.	1.	0.	
0.216577	0.321148	0.	1.	
Dynamic:	1	

Frame:	283
0.999997	2.47255e-003	0.	0.	
-2.47255e-003	0.999997	0.	0.	
0.	0.	1.	0.	
0.216577	0.321148	0.	1.	
Dynamic:	1	

Frame:	284
0.999997	2.47255e-003	0.	0.	
-2.47255e-003	0.999997	0.	0.	
0.	0.	1.	0.	
0.216577	0.321148	0.	1.	
Dynamic:	1	

Frame:	285
0.999997	2.47255e-003	0.	0.	
-2.47255e-003	0.999997	0.	0.	
0.	0.	1.	0.	
0.216577	0.321148	0.	1.	
Dynamic:	1	

Frame:	286
0.999997	2.47255e-003	0.	0.	
-2.47255e-003	0.999997	0.	0.	
0.	0.	1.	0.	
0.216577	0.321148	0.	1.	
Dynamic:	1	

Frame:	287
0.999997	2.47255e-003	0.	0.	
-2.47255e-003	0.999997	0.	0.	
0.	0.	1.	0.	
0.216577	0.321148	0.	1.	
Dynamic:	1	

Frame:	288
0.999997	2.47255e-003	0.	0.	
-2.47255e-003	0.999997	0.	0.	
0.	0.	1.	0.	
0.216577	0.321148	0.	1.	
Dynamic:	1	

Frame:	289
0.999997	2.47255e-003	0.	0.	
-2.47255e-003	0.999997	0.	0.	
0.	0.	1.	0.	
0.216577	0.321148	0.	1.	
Dynamic:	1	

Frame:	290
0.999997	2.47255e-003	0.	0.	
-2.47255e-003	0.999997	0.	0.	
0.	0.	1.	0.	
0.216577	0.321148	0.	1.	
Dynamic:	1	

Frame:	291
0.999997	2.47255e-003	0.	0.	
-2.47255e-003	0.999997	0.	0.	
0.	0.	1.	0.	
0.216577	0.321148	0.	1.	
Dynamic:	1	

Frame:	292
0.999997	2.47255e-003	0.	0.	
-2.47255e-003	0.999997	0.	0.	
0.	0.	1.	0.	
0.216577	0.321148	0.	1.	
Dynamic:	1	

Frame:	293
0.999997	2.47255e-003	0.	0.	
-2.47255e-003	0.999997	0.	0.	
0.	0.	1.	0.	
0.216577	0.321148	0.	1.	
Dynamic:	1	

Frame:	294
0.999997	2.47255e-003	0.	0.	
-2.47255e-003	0.999997	0.	0.	
0.	0.	1.	0.	
0.216577	0.321148	0.	1.	
Dynamic:	1	

Frame:	295
0.999997	2.47255e-003	0.	0.	
-2.47255e-003	0.999997	0.	0.	
0.	0.	1.	0.	
0.216577	0.321148	0.	1.	
Dynamic:	1	

Frame:	296
0.999997	2.47255e-003	0.	0.	
-2.47255e-003	0.999997	0.	0.	
0.	0.	1.	0.	
0.216577	0.321148	0.	1.	
Dynamic:	1	

Frame:	297
0.999997	2.47255e-003	0.	0.	
-2.47255e-003	0.999997	0.	0.	
0.	0.	1.	0.	
0.216577	0.321148	0.	1.	
Dynamic:	1	

Frame:	298
0.999997	2.47255e-003	0.	0.	
-2.47255e-003	0.999997	0.	0.	
0.	0.	1.	0.	
0.216577	0.321148	0.	1.	
Dynamic:	1	

Frame:	299
0.999988	4.94508e-003	0.	0.	
-4.94508e-003	0.999988	0.	0.	
0.	0.	1.	0.	
0.377391	0.314061	0.	1.	
Dynamic:	1	

Frame:	300
0.999988	4.94508e-003	0.	0.	
-4.94508e-003	0.999988	0.	0.	
0.	0.	1.	0.	
0.377391	0.314061	0.	1.	
Dynamic:	1	

Frame:	301
0.999972	7.41758e-003	0.	0.	
-7.41758e-003	0.999972	0.	0.	
0.	0.	1.	0.	
0.539849	0.30711	0.	1.	
Dynamic:	1	

Frame:	302
0.999972	7.41758e-003	0.	0.	
-7.41758e-003	0.999972	0.	0.	
0.	0.	1.	0.	
0.539849	0.30711	0.	1.	
Dynamic:	1	

Frame:	303
0.999951	9.89004e-003	0.	0.	
-9.89004e-003	0.999951	0.	0.	
0.	0.	1.	0.	
0.703955	0.300321	0.	1.	
Dynamic:	1	

Frame:	304
0.999951	9.89004e-003	0.	0.	
-9.89004e-003	0.999951	0.	0.	
0.	0.	1.	0.	
0.703955	0.300321	0.	1.	
Dynamic:	1	

Frame:	305
0.999924	1.23624e-002	0.	0.	
-1.23624e-002	0.999924	0.	0.	
0.	0.	1.	0.	
0.869713	0.293728	0.	1.	
Dynamic:	1	

Frame:	306
0.999924	1.23624e-002	0.	0.	
-1.23624e-002	0.999924	0.	0.	
0.	0.	1.	0.	
0.869713	0.293728	0.	1.	
Dynamic:	1	

Frame:	307
0.999924	1.23624e-002	0.	0.	
-1.23624e-002	0.999924	0.	0.	
0.	0.	1.	0.	
0.869713	0.293728	0.	1.	
Dynamic:	1	

Frame:	308
0.999924	1.23624e-002	0.	0.	
-1.23624e-002	0.999924	0.	0.	
0.	0.	1.	0.	
0.869713	0.293728	0.	1.	
Dynamic:	1	

Frame:	309
0.999924	1.23624e-002	0.	0.	
-1.23624e-002	0.999924	0.	0.	
0.	0.	1.	0.	
0.869713	0.293728	0.	1.	
Dynamic:	1	

Frame:	310
0.999924	1.23624e-002	0.	0.	
-1.23624e-002	0.999924	0.	0.	
0.	0.	1.	0.	
0.869713	0.293728	0.	1.	
Dynamic:	1	

Frame:	311
0.999924	1.23624e-002	0.	0.	
-1.23624e-002	0.999924	0.	0.	
0.	0.	1.	0.	
0.869713	0.293728	0.	1.	
Dynamic:	1	

Frame:	312
1.	0.	0.	0.	
0.	1.	0.	0.	
0.	0.	1.	0.	
1.23599e-002	0.333104	0.	1.	
Dynamic:	1	

Frame:	313
1.	0.	0.	0.	
0.	1.	0.	0.	
0.	0.	1.	0.	
1.23599e-002	0.333104	0.	1.	
Dynamic:	1	

Frame:	314
1.	0.	0.	0.	
0.	1.	0.	0.	
0.	0.	1.	0.	
1.23599e-002	0.333104	0.	1.	
Dynamic:	1	

Frame:	315
1.	0.	0.	0.	
0.	1.	0.	0.	
0.	0.	1.	0.	
1.23599e-002	0.333104	0.	1.	
Dynamic:	1	

Frame:	316
1.	0.	0.	0.	
0.	1.	0.	0.	
0.	0.	1.	0.	
1.23599e-002	0.333104	0.	1.	
Dynamic:	1	

Frame:	317
1.	0.	0.	0.	
0.	1.	0.	0.	
0.	0.	1.	0.	
1.23599e-002	0.333104	0.	1.	
Dynamic:	1	

Frame:	318
1.	0.	0.	0.	
0.	1.	0.	0.	
0.	0.	1.	0.	
1.23599e-002	0.333104	0.	1.	
Dynamic:	1	

Frame:	319
1.	0.	0.	0.	
0.	1.	0.	0.	
0.	0.	1.	0.	
1.23599e-002	0.333104	0.	1.	
Dynamic:	1	

Frame:	320
1.	0.	0.	0.	
0.	1.	0.	0.	
0.	0.	1.	0.	
1.23599e-002	0.333104	0.	1.	
Dynamic:	1	

Frame:	321
1.	0.	0.	0.	
0.	1.	0.	0.	
0.	0.	1.	0.	
1.23599e-002	0.333104	0.	1.	
Dynamic:	1	

Frame:	322
1.	0.	0.	0.	
0.	1.	0.	0.	
0.	0.	1.	0.	
1.23599e-002	0.333104	0.	1.	
Dynamic:	1	

Frame:	323
1.	0.	0.	0.	
0.	1.	0.	0.	
0.	0.	1.	0.	
1.23599e-002	0.333104	0.	1.	
Dynamic:	1	

Frame:	324
1.	0.	0.	0.	
0.	1.	0.	0.	
0.	0.	1.	0.	
1.23599e-002	0.333104	0.	1.	
Dynamic:	1	

Frame:	325
1.	0.	0.	0.	
0.	1.	0.	0.	
0.	0.	1.	0.	
1.23599e-002	0.333104	0.	1.	
Dynamic:	1	

Frame:	326
1.	0.	0.	0.	
0.	1.	0.	0.	
0.	0.	1.	0.	
1.23599e-002	0.333104	0.	1.	
Dynamic:	1	

Frame:	327
1.	0.	0.	0.	
0.	1.	0.	0.	
0.	0.	1.	0.	
1.23599e-002	0.333104	0.	1.	
Dynamic:	1	

Frame:	328
1.	0.	0.	0.	
0.	1.	0.	0.	
0.	0.	1.	0.	
1.23599e-002	0.333104	0.	1.	
Dynamic:	1	

Frame:	329
1.	0.	0.	0.	
0.	1.	0.	0.	
0.	0.	1.	0.	
1.23599e-002	0.333104	0.	1.	
Dynamic:	1	

Frame:	330
1.	0.	0.	0.	
0.	1.	0.	0.	
0.	0.	1.	0.	
1.23599e-002	0.333104	0.	1.	
Dynamic:	1	

Frame:	331
1.	0.	0.	0.	
0.	1.	0.	0.	
0.	0.	1.	0.	
1.23599e-002	0.333104	0.	1.	
Dynamic:	1	

Frame:	332
1.	0.	0.	0.	
0.	1.	0.	0.	
0.	0.	1.	0.	
1.23599e-002	0.333104	0.	1.	
Dynamic:	1	

Frame:	333
1.	0.	0.	0.	
0.	1.	0.	0.	
0.	0.	1.	0.	
1.23599e-002	0.333104	0.	1.	
Dynamic:	1	

Frame:	334
1.	0.	0.	0.	
0.	1.	0.	0.	
0.	0.	1.	0.	
1.23599e-002	0.333104	0.	1.	
Dynamic:	1	

Frame:	335
1.	0.	0.	0.	
0.	1.	0.	0.	
0.	0.	1.	0.	
1.23599e-002	0.333104	0.	1.	
Dynamic:	1	

Frame:	336
1.	0.	0.	0.	
0.	1.	0.	0.	
0.	0.	1.	0.	
1.23599e-002	0.333104	0.	1.	
Dynamic:	1	

Frame:	337
1.	0.	0.	0.	
0.	1.	0.	0.	
0.	0.	1.	0.	
1.23599e-002	0.333104	0.	1.	
Dynamic:	1	

Frame:	338
1.	0.	0.	0.	
0.	1.	0.	0.	
0.	0.	1.	0.	
1.23599e-002	0.333104	0.	1.	
Dynamic:	1	

Frame:	339
1.	0.	0.	0.	
0.	1.	0.	0.	
0.	0.	1.	0.	
1.23599e-002	0.333104	0.	1.	
Dynamic:	1	

Frame:	340
1.	0.	0.	0.	
0.	1.	0.	0.	
0.	0.	1.	0.	
1.23599e-002	0.333104	0.	1.	
Dynamic:	1	

Frame:	341
1.	0.	0.	0.	
0.	1.	0.	0.	
0.	0.	1.	0.	
1.23599e-002	0.333104	0.	1.	
Dynamic:	1	

Frame:	342
1.	0.	0.	0.	
0.	1.	0.	0.	
0.	0.	1.	0.	
1.23599e-002	0.333104	0.	1.	
Dynamic:	1	

Frame:	343
1.	0.	0.	0.	
0.	1.	0.	0.	
0.	0.	1.	0.	
1.23599e-002	0.333104	0.	1.	
Dynamic:	1	

Frame:	344
1.	0.	0.	0.	
0.	1.	0.	0.	
0.	0.	1.	0.	
1.23599e-002	0.333104	0.	1.	
Dynamic:	1	

Frame:	345
1.	0.	0.	0.	
0.	1.	0.	0.	
0.	0.	1.	0.	
1.23599e-002	0.333104	0.	1.	
Dynamic:	1	

Frame:	346
1.	0.	0.	0.	
0.	1.	0.	0.	
0.	0.	1.	0.	
1.23599e-002	0.333104	0.	1.	
Dynamic:	1	

Frame:	347
1.	0.	0.	0.	
0.	1.	0.	0.	
0.	0.	1.	0.	
1.23599e-002	0.333104	0.	1.	
Dynamic:	1	

Frame:	348
1.	0.	0.	0.	
0.	1.	0.	0.	
0.	0.	1.	0.	
1.23599e-002	0.333104	0.	1.	
Dynamic:	1	

Frame:	349
1.	0.	0.	0.	
0.	1.	0.	0.	
0.	0.	1.	0.	
1.23599e-002	0.333104	0.	1.	
Dynamic:	1	

Frame:	350
1.	0.	0.	0.	
0.	1.	0.	0.	
0.	0.	1.	0.	
1.23599e-002	0.333104	0.	1.	
Dynamic:	1	

Frame:	351
1.	0.	0.	0.	
0.	1.	0.	0.	
0.	0.	1.	0.	
1.23599e-002	0.333104	0.	1.	
Dynamic:	1	

Frame:	352
1.	0.	0.	0.	
0.	1.	0.	0.	
0.	0.	1.	0.	
1.23599e-002	0.333104	0.	1.	
Dynamic:	1	

Frame:	353
1.	0.	0.	0.	
0.	1.	0.	0.	
0.	0.	1.	0.	
1.23599e-002	0.333104	0.	1.	
Dynamic:	1	

Frame:	354
1.	0.	0.	0.	
0.	1.	0.	0.	
0.	0.	1.	0.	
1.23599e-002	0.333104	0.	1.	
Dynamic:	1	

Frame:	355
1.	0.	0.	0.	
0.	1.	0.	0.	
0.	0.	1.	0.	
1.23599e-002	0.333104	0.	1.	
Dynamic:	1	

Frame:	356
1.	0.	0.	0.	
0.	1.	0.	0.	
0.	0.	1.	0.	
1.23599e-002	0.333104	0.	1.	
Dynamic:	1	

Frame:	357
1.	0.	0.	0.	
0.	1.	0.	0.	
0.	0.	1.	0.	
1.23599e-002	0.333104	0.	1.	
Dynamic:	1	

Frame:	358
1.	0.	0.	0.	
0.	1.	0.	0.	
0.	0.	1.	0.	
1.23599e-002	0.333104	0.	1.	
Dynamic:	1	

Frame:	359
1.	0.	0.	0.	
0.	1.	0.	0.	
0.	0.	1.	0.	
1.23599e-002	0.333104	0.	1.	
Dynamic:	1	

Frame:	360
1.	0.	0.	0.	
0.	1.	0.	0.	
0.	0.	1.	0.	
1.23599e-002	0.333104	0.	1.	
Dynamic:	1	

Frame:	361
1.	0.	0.	0.	
0.	1.	0.	0.	
0.	0.	1.	0.	
1.23599e-002	0.333104	0.	1.	
Dynamic:	1	

Frame:	362
1.	0.	0.	0.	
0.	1.	0.	0.	
0.	0.	1.	0.	
1.23599e-002	0.333104	0.	1.	
Dynamic:	1	

Frame:	363
1.	0.	0.	0.	
0.	1.	0.	0.	
0.	0.	1.	0.	
1.23599e-002	0.333104	0.	1.	
Dynamic:	1	

Frame:	364
1.	0.	0.	0.	
0.	1.	0.	0.	
0.	0.	1.	0.	
1.23599e-002	0.333104	0.	1.	
Dynamic:	1	

Frame:	365
1.	0.	0.	0.	
0.	1.	0.	0.	
0.	0.	1.	0.	
1.23599e-002	0.333104	0.	1.	
Dynamic:	1	

Frame:	366
1.	0.	0.	0.	
0.	1.	0.	0.	
0.	0.	1.	0.	
1.23599e-002	0.333104	0.	1.	
Dynamic:	1	

Frame:	367
0.999997	2.47255e-003	0.	0.	
-2.47255e-003	0.999997	0.	0.	
0.	0.	1.	0.	
0.229091	0.322756	0.	1.	
Dynamic:	1	

Frame:	368
0.999997	2.47255e-003	0.	0.	
-2.47255e-003	0.999997	0.	0.	
0.	0.	1.	0.	
0.229091	0.322756	0.	1.	
Dynamic:	1	

Frame:	369
0.999997	2.47255e-003	0.	0.	
-2.47255e-003	0.999997	0.	0.	
0.	0.	1.	0.	
0.229091	0.322756	0.	1.	
Dynamic:	1	

Frame:	370
0.999997	2.47255e-003	0.	0.	
-2.47255e-003	0.999997	0.	0.	
0.	0.	1.	0.	
0.229091	0.322756	0.	1.	
Dynamic:	1	

Frame:	371
0.999997	2.47255e-003	0.	0.	
-2.47255e-003	0.999997	0.	0.	
0.	0.	1.	0.	
0.229091	0.322756	0.	1.	
Dynamic:	1	

Frame:	372
0.999997	2.47255e-003	0.	0.	
-2.47255e-003	0.999997	0.	0.	
0.	0.	1.	0.	
0.229091	0.322756	0.	1.	
Dynamic:	1	

Frame:	373
0.999997	2.47255e-003	0.	0.	
-2.47255e-003	0.999997	0.	0.	
0.	0.	1.	0.	
0.229091	0.322756	0.	1.	
Dynamic:	1	

Frame:	374
0.999997	2.47255e-003	0.	0.	
-2.47255e-003	0.999997	0.	0.	
0.	0.	1.	0.	
0.229091	0.322756	0.	1.	
Dynamic:	1	

Frame:	375
0.999997	2.47255e-003	0.	0.	
-2.47255e-003	0.999997	0.	0.	
0.	0.	1.	0.	
0.229091	0.322756	0.	1.	
Dynamic:	1	

Frame:	376
0.999997	2.47255e-003	0.	0.	
-2.47255e-003	0.999997	0.	0.	
0.	0.	1.	0.	
0.229091	0.322756	0.	1.	
Dynamic:	1	

Frame:	377
0.999997	2.47255e-003	0.	0.	
-2.47255e-003	0.999997	0.	0.	
0.	0.	1.	0.	
0.229091	0.322756	0.	1.	
Dynamic:	1	

Frame:	378
0.999997	2.47255e-003	0.	0.	
-2.47255e-003	0.999997	0.	0.	
0.	0.	1.	0.	
0.229091	0.322756	0.	1.	
Dynamic:	1	

Frame:	379
0.999997	2.47255e-003	0.	0.	
-2.47255e-003	0.999997	0.	0.	
0.	0.	1.	0.	
0.229091	0.322756	0.	1.	
Dynamic:	1	

Frame:	380
0.999997	2.47255e-003	0.	0.	
-2.47255e-003	0.999997	0.	0.	
0.	0.	1.	0.	
0.229091	0.322756	0.	1.	
Dynamic:	1	

Frame:	381
0.999997	2.47255e-003	0.	0.	
-2.47255e-003	0.999997	0.	0.	
0.	0.	1.	0.	
0.229091	0.322756	0.	1.	
Dynamic:	1	

Frame:	382
0.999997	2.47255e-003	0.	0.	
-2.47255e-003	0.999997	0.	0.	
0.	0.	1.	0.	
0.229091	0.322756	0.	1.	
Dynamic:	1	

Frame:	383
0.999997	2.47255e-003	0.	0.	
-2.47255e-003	0.999997	0.	0.	
0.	0.	1.	0.	
0.229091	0.322756	0.	1.	
Dynamic:	1	

Frame:	384
0.999997	2.47255e-003	0.	0.	
-2.47255e-003	0.999997	0.	0.	
0.	0.	1.	0.	
0.229091	0.322756	0.	1.	
Dynamic:	1	

Frame:	385
0.999997	2.47255e-003	0.	0.	
-2.47255e-003	0.999997	0.	0.	
0.	0.	1.	0.	
0.229091	0.322756	0.	1.	
Dynamic:	1	

Frame:	386
1.	0.	0.	0.	
0.	1.	0.	0.	
0.	0.	1.	0.	
-3.29668e-003	0.333317	0.	1.	
Dynamic:	1	

Frame:	387
1.	0.	0.	0.	
0.	1.	0.	0.	
0.	0.	1.	0.	
-3.29668e-003	0.333317	0.	1.	
Dynamic:	1	

Frame:	388
1.	0.	0.	0.	
0.	1.	0.	0.	
0.	0.	1.	0.	
-3.29668e-003	0.333317	0.	1.	
Dynamic:	1	

Frame:	389
1.	0.	0.	0.	
0.	1.	0.	0.	
0.	0.	1.	0.	
-3.29668e-003	0.333317	0.	1.	
Dynamic:	1	

Frame:	390
1.	0.	0.	0.	
0.	1.	0.	0.	
0.	0.	1.	0.	
-3.29668e-003	0.333317	0.	1.	
Dynamic:	1	

Frame:	391
1.	0.	0.	0.	
0.	1.	0.	0.	
0.	0.	1.	0.	
-3.29668e-003	0.333317	0.	1.	
Dynamic:	1	

Frame:	392
1.	0.	0.	0.	
0.	1.	0.	0.	
0.	0.	1.	0.	
-3.29668e-003	0.333317	0.	1.	
Dynamic:	1	

Frame:	393
1.	0.	0.	0.	
0.	1.	0.	0.	
0.	0.	1.	0.	
-3.29668e-003	0.333317	0.	1.	
Dynamic:	1	

Frame:	394
1.	0.	0.	0.	
0.	1.	0.	0.	
0.	0.	1.	0.	
-3.29668e-003	0.333317	0.	1.	
Dynamic:	1	

Frame:	395
1.	0.	0.	0.	
0.	1.	0.	0.	
0.	0.	1.	0.	
-3.29668e-003	0.333317	0.	1.	
Dynamic:	1	

Frame:	396
1.	0.	0.	0.	
0.	1.	0.	0.	
0.	0.	1.	0.	
-3.29668e-003	0.333317	0.	1.	
Dynamic:	1	

Frame:	397
1.	0.	0.	0.	
0.	1.	0.	0.	
0.	0.	1.	0.	
-3.29668e-003	0.333317	0.	1.	
Dynamic:	1	

Frame:	398
0.999997	2.47255e-003	0.	0.	
-2.47255e-003	0.999997	0.	0.	
0.	0.	1.	0.	
0.238981	0.322866	0.	1.	
Dynamic:	1	

Frame:	399
0.999997	2.47255e-003	0.	0.	
-2.47255e-003	0.999997	0.	0.	
0.	0.	1.	0.	
0.238981	0.322866	0.	1.	
Dynamic:	1	

Frame:	400
0.999997	2.47255e-003	0.	0.	
-2.47255e-003	0.999997	0.	0.	
0.	0.	1.	0.	
0.238981	0.322866	0.	1.	
Dynamic:	1	

Frame:	401
0.999997	2.47255e-003	0.	0.	
-2.47255e-003	0.999997	0.	0.	
0.	0.	1.	0.	
0.238981	0.322866	0.	1.	
Dynamic:	1	

Frame:	402
0.999997	2.47255e-003	0.	0.	
-2.47255e-003	0.999997	0.	0.	
0.	0.	1.	0.	
0.238981	0.322866	0.	1.	
Dynamic:	1	

Frame:	403
0.999997	2.47255e-003	0.	0.	
-2.47255e-003	0.999997	0.	0.	
0.	0.	1.	0.	
0.238981	0.322866	0.	1.	
Dynamic:	1	

Frame:	404
0.999997	2.47255e-003	0.	0.	
-2.47255e-003	0.999997	0.	0.	
0.	0.	1.	0.	
0.238981	0.322866	0.	1.	
Dynamic:	1	

Frame:	405
0.999997	2.47255e-003	0.	0.	
-2.47255e-003	0.999997	0.	0.	
0.	0.	1.	0.	
0.238981	0.322866	0.	1.	
Dynamic:	1	

Frame:	406
0.999997	2.47255e-003	0.	0.	
-2.47255e-003	0.999997	0.	0.	
0.	0.	1.	0.	
0.238981	0.322866	0.	1.	
Dynamic:	1	

Frame:	407
0.999997	2.47255e-003	0.	0.	
-2.47255e-003	0.999997	0.	0.	
0.	0.	1.	0.	
0.238981	0.322866	0.	1.	
Dynamic:	1	

Frame:	408
0.999997	2.47255e-003	0.	0.	
-2.47255e-003	0.999997	0.	0.	
0.	0.	1.	0.	
0.238981	0.322866	0.	1.	
Dynamic:	1	

Frame:	409
0.999997	2.47255e-003	0.	0.	
-2.47255e-003	0.999997	0.	0.	
0.	0.	1.	0.	
0.238981	0.322866	0.	1.	
Dynamic:	1	

Frame:	410
0.999997	2.47255e-003	0.	0.	
-2.47255e-003	0.999997	0.	0.	
0.	0.	1.	0.	
0.238981	0.322866	0.	1.	
Dynamic:	1	

Frame:	411
0.999997	2.47255e-003	0.	0.	
-2.47255e-003	0.999997	0.	0.	
0.	0.	1.	0.	
0.238981	0.322866	0.	1.	
Dynamic:	1	

Frame:	412
0.999997	2.47255e-003	0.	0.	
-2.47255e-003	0.999997	0.	0.	
0.	0.	1.	0.	
0.238981	0.322866	0.	1.	
Dynamic:	1	

Frame:	413
0.999997	2.47255e-003	0.	0.	
-2.47255e-003	0.999997	0.	0.	
0.	0.	1.	0.	
0.238981	0.322866	0.	1.	
Dynamic:	1	

Frame:	414
0.999997	2.47255e-003	0.	0.	
-2.47255e-003	0.999997	0.	0.	
0.	0.	1.	0.	
0.238981	0.322866	0.	1.	
Dynamic:	1	

Frame:	415
0.999997	2.47255e-003	0.	0.	
-2.47255e-003	0.999997	0.	0.	
0.	0.	1.	0.	
0.238981	0.322866	0.	1.	
Dynamic:	1	

Frame:	416
0.999997	2.47255e-003	0.	0.	
-2.47255e-003	0.999997	0.	0.	
0.	0.	1.	0.	
0.238981	0.322866	0.	1.	
Dynamic:	1	

Frame:	417
0.999997	2.47255e-003	0.	0.	
-2.47255e-003	0.999997	0.	0.	
0.	0.	1.	0.	
0.238981	0.322866	0.	1.	
Dynamic:	1	

Frame:	418
0.999997	2.47255e-003	0.	0.	
-2.47255e-003	0.999997	0.	0.	
0.	0.	1.	0.	
0.238981	0.322866	0.	1.	
Dynamic:	1	

Frame:	419
0.999997	2.47255e-003	0.	0.	
-2.47255e-003	0.999997	0.	0.	
0.	0.	1.	0.	
0.238981	0.322866	0.	1.	
Dynamic:	1	

Frame:	420
0.999997	2.47255e-003	0.	0.	
-2.47255e-003	0.999997	0.	0.	
0.	0.	1.	0.	
0.238981	0.322866	0.	1.	
Dynamic:	1	

Frame:	421
0.999997	2.47255e-003	0.	0.	
-2.47255e-003	0.999997	0.	0.	
0.	0.	1.	0.	
0.238981	0.322866	0.	1.	
Dynamic:	1	

Frame:	422
0.999997	2.47255e-003	0.	0.	
-2.47255e-003	0.999997	0.	0.	
0.	0.	1.	0.	
0.238981	0.322866	0.	1.	
Dynamic:	1	

Frame:	423
0.999997	2.47255e-003	0.	0.	
-2.47255e-003	0.999997	0.	0.	
0.	0.	1.	0.	
0.238981	0.322866	0.	1.	
Dynamic:	1	

Frame:	424
0.999997	2.47255e-003	0.	0.	
-2.47255e-003	0.999997	0.	0.	
0.	0.	1.	0.	
0.238981	0.322866	0.	1.	
Dynamic:	1	

Frame:	425
0.999997	2.47255e-003	0.	0.	
-2.47255e-003	0.999997	0.	0.	
0.	0.	1.	0.	
0.238981	0.322866	0.	1.	
Dynamic:	1	

Frame:	426
0.999997	2.47255e-003	0.	0.	
-2.47255e-003	0.999997	0.	0.	
0.	0.	1.	0.	
0.238981	0.322866	0.	1.	
Dynamic:	1	

Frame:	427
0.999997	2.47255e-003	0.	0.	
-2.47255e-003	0.999997	0.	0.	
0.	0.	1.	0.	
0.238981	0.322866	0.	1.	
Dynamic:	1	

Frame:	428
0.999997	2.47255e-003	0.	0.	
-2.47255e-003	0.999997	0.	0.	
0.	0.	1.	0.	
0.238981	0.322866	0.	1.	
Dynamic:	1	

Frame:	429
0.999988	4.94508e-003	0.	0.	
-4.94508e-003	0.999988	0.	0.	
0.	0.	1.	0.	
0.506794	0.314309	0.	1.	
Dynamic:	1	

Frame:	430
0.999988	4.94508e-003	0.	0.	
-4.94508e-003	0.999988	0.	0.	
0.	0.	1.	0.	
0.506794	0.314309	0.	1.	
Dynamic:	1	

Frame:	431
0.999972	7.41758e-003	0.	0.	
-7.41758e-003	0.999972	0.	0.	
0.	0.	1.	0.	
0.776269	0.30657	0.	1.	
Dynamic:	1	

Frame:	432
0.999972	7.41758e-003	0.	0.	
-7.41758e-003	0.999972	0.	0.	
0.	0.	1.	0.	
0.776269	0.30657	0.	1.	
Dynamic:	1	

Frame:	433
0.999951	9.89004e-003	0.	0.	
-9.89004e-003	0.999951	0.	0.	
0.	0.	1.	0.	
1.0474	0.299677	0.	1.	
Dynamic:	1	

Frame:	434
0.999951	9.89004e-003	0.	0.	
-9.89004e-003	0.999951	0.	0.	
0.	0.	1.	0.	
1.0474	0.299677	0.	1.	
Dynamic:	1	

Frame:	435
0.999924	1.23624e-002	0.	0.	
-1.23624e-002	0.999924	0.	0.	
0.	0.	1.	0.	
1.32018	0.293663	0.	1.	
Dynamic:	1	

Frame:	436
0.999924	1.23624e-002	0.	0.	
-1.23624e-002	0.999924	0.	0.	
0.	0.	1.	0.	
1.32018	0.293663	0.	1.	
Dynamic:	1	

Frame:	437
0.999924	1.23624e-002	0.	0.	
-1.23624e-002	0.999924	0.	0.	
0.	0.	1.	0.	
1.32018	0.293663	0.	1.	
Dynamic:	1	

Frame:	438
0.999924	1.23624e-002	0.	0.	
-1.23624e-002	0.999924	0.	0.	
0.	0.	1.	0.	
1.32018	0.293663	0.	1.	
Dynamic:	1	

Frame:	439
0.999924	1.23624e-002	0.	0.	
-1.23624e-002	0.999924	0.	0.	
0.	0.	1.	0.	
1.32018	0.293663	0.	1.	
Dynamic:	1	

Frame:	440
0.999924	1.23624e-002	0.	0.	
-1.23624e-002	0.999924	0.	0.	
0.	0.	1.	0.	
1.32018	0.293663	0.	1.	
Dynamic:	1	

Frame:	441
0.999924	1.23624e-002	0.	0.	
-1.23624e-002	0.999924	0.	0.	
0.	0.	1.	0.	
1.32018	0.293663	0.	1.	
Dynamic:	1	

Frame:	442
0.999924	1.23624e-002	0.	0.	
-1.23624e-002	0.999924	0.	0.	
0.	0.	1.	0.	
1.32018	0.293663	0.	1.	
Dynamic:	1	

Frame:	443
0.999924	1.23624e-002	0.	0.	
-1.23624e-002	0.999924	0.	0.	
0.	0.	1.	0.	
1.32018	0.293663	0.	1.	
Dynamic:	1	

Frame:	444
0.999924	1.23624e-002	0.	0.	
-1.23624e-002	0.999924	0.	0.	
0.	0.	1.	0.	
1.32018	0.293663	0.	1.	
Dynamic:	1	

Frame:	445
0.999924	1.23624e-002	0.	0.	
-1.23624e-002	0.999924	0.	0.	
0.	0.	1.	0.	
1.32018	0.293663	0.	1.	
Dynamic:	1	

Frame:	446
0.999924	1.23624e-002	0.	0.	
-1.23624e-002	0.999924	0.	0.	
0.	0.	1.	0.	
1.32018	0.293663	0.	1.	
Dynamic:	1	

Frame:	447
1.	0.	0.	0.	
0.	1.	0.	0.	
0.	0.	1.	0.	
-9.19257e-002	0.320407	0.	1.	
Dynamic:	1	

Frame:	448
1.	0.	0.	0.	
0.	1.	0.	0.	
0.	0.	1.	0.	
-9.19257e-002	0.320407	0.	1.	
Dynamic:	1	

Frame:	449
1.	0.	0.	0.	
0.	1.	0.	0.	
0.	0.	1.	0.	
-9.19257e-002	0.320407	0.	1.	
Dynamic:	1	

Frame:	450
1.	0.	0.	0.	
0.	1.	0.	0.	
0.	0.	1.	0.	
-9.19257e-002	0.320407	0.	1.	
Dynamic:	1	

Frame:	451
1.	0.	0.	0.	
0.	1.	0.	0.	
0.	0.	1.	0.	
-9.19257e-002	0.320407	0.	1.	
Dynamic:	1	

Frame:	452
1.	0.	0.	0.	
0.	1.	0.	0.	
0.	0.	1.	0.	
-9.19257e-002	0.320407	0.	1.	
Dynamic:	1	

Frame:	453
1.	0.	0.	0.	
0.	1.	0.	0.	
0.	0.	1.	0.	
-9.19257e-002	0.320407	0.	1.	
Dynamic:	1	

Frame:	454
1.	0.	0.	0.	
0.	1.	0.	0.	
0.	0.	1.	0.	
-9.19257e-002	0.320407	0.	1.	
Dynamic:	1	

Frame:	455
1.	0.	0.	0.	
0.	1.	0.	0.	
0.	0.	1.	0.	
-9.19257e-002	0.320407	0.	1.	
Dynamic:	1	

Frame:	456
1.	0.	0.	0.	
0.	1.	0.	0.	
0.	0.	1.	0.	
-9.19257e-002	0.320407	0.	1.	
Dynamic:	1	

Frame:	457
1.	0.	0.	0.	
0.	1.	0.	0.	
0.	0.	1.	0.	
-9.19257e-002	0.320407	0.	1.	
Dynamic:	1	

Frame:	458
0.999997	-2.47255e-003	0.	0.	
2.47255e-003	0.999997	0.	0.	
0.	0.	1.	0.	
-0.381865	0.32132	0.	1.	
Dynamic:	1	

Frame:	459
0.999997	-2.47255e-003	0.	0.	
2.47255e-003	0.999997	0.	0.	
0.	0.	1.	0.	
-0.381865	0.32132	0.	1.	
Dynamic:	1	

Frame:	460
0.999997	-2.47255e-003	0.	0.	
2.47255e-003	0.999997	0.	0.	
0.	0.	1.	0.	
-0.381865	0.32132	0.	1.	
Dynamic:	1	

Frame:	461
0.999997	-2.47255e-003	0.	0.	
2.47255e-003	0.999997	0.	0.	
0.	0.	1.	0.	
-0.381865	0.32132	0.	1.	
Dynamic:	1	

Frame:	462
0.999997	-2.47255e-003	0.	0.	
2.47255e-003	0.999997	0.	0.	
0.	0.	1.	0.	
-0.381865	0.32132	0.	1.	
Dynamic:	1	

Frame:	463
0.999997	-2.47255e-003	0.	0.	
2.47255e-003	0.999997	0.	0.	
0.	0.	1.	0.	
-0.381865	0.32132	0.	1.	
Dynamic:	1	

Frame:	464
0.999997	-2.47255e-003	0.	0.	
2.47255e-003	0.999997	0.	0.	
0.	0.	1.	0.	
-0.381865	0.32132	0.	1.	
Dynamic:	1	

Frame:	465
0.999997	-2.47255e-003	0.	0.	
2.47255e-003	0.999997	0.	0.	
0.	0.	1.	0.	
-0.381865	0.32132	0.	1.	
Dynamic:	1	

Frame:	466
0.999997	-2.47255e-003	0.	0.	
2.47255e-003	0.999997	0.	0.	
0.	0.	1.	0.	
-0.381865	0.32132	0.	1.	
Dynamic:	1	

Frame:	467
0.999997	-2.47255e-003	0.	0.	
2.47255e-003	0.999997	0.	0.	
0.	0.	1.	0.	
-0.381865	0.32132	0.	1.	
Dynamic:	1	

Frame:	468
0.999997	-2.47255e-003	0.	0.	
2.47255e-003	0.999997	0.	0.	
0.	0.	1.	0.	
-0.381865	0.32132	0.	1.	
Dynamic:	1	

Frame:	469
0.999997	-2.47255e-003	0.	0.	
2.47255e-003	0.999997	0.	0.	
0.	0.	1.	0.	
-0.381865	0.32132	0.	1.	
Dynamic:	1	

Frame:	470
0.999997	-2.47255e-003	0.	0.	
2.47255e-003	0.999997	0.	0.	
0.	0.	1.	0.	
-0.381865	0.32132	0.	1.	
Dynamic:	1	

Frame:	471
0.999997	-2.47255e-003	0.	0.	
2.47255e-003	0.999997	0.	0.	
0.	0.	1.	0.	
-0.381865	0.32132	0.	1.	
Dynamic:	1	

Frame:	472
0.999997	-2.47255e-003	0.	0.	
2.47255e-003	0.999997	0.	0.	
0.	0.	1.	0.	
-0.381865	0.32132	0.	1.	
Dynamic:	1	

Frame:	473
0.999997	-2.47255e-003	0.	0.	
2.47255e-003	0.999997	0.	0.	
0.	0.	1.	0.	
-0.381865	0.32132	0.	1.	
Dynamic:	1	

Frame:	474
0.999997	-2.47255e-003	0.	0.	
2.47255e-003	0.999997	0.	0.	
0.	0.	1.	0.	
-0.381865	0.32132	0.	1.	
Dynamic:	1	

Frame:	475
0.999997	-2.47255e-003	0.	0.	
2.47255e-003	0.999997	0.	0.	
0.	0.	1.	0.	
-0.381865	0.32132	0.	1.	
Dynamic:	1	

Frame:	476
0.999997	-2.47255e-003	0.	0.	
2.47255e-003	0.999997	0.	0.	
0.	0.	1.	0.	
-0.381865	0.32132	0.	1.	
Dynamic:	1	

Frame:	477
0.999997	-2.47255e-003	0.	0.	
2.47255e-003	0.999997	0.	0.	
0.	0.	1.	0.	
-0.381865	0.32132	0.	1.	
Dynamic:	1	

Frame:	478
0.999997	-2.47255e-003	0.	0.	
2.47255e-003	0.999997	0.	0.	
0.	0.	1.	0.	
-0.381865	0.32132	0.	1.	
Dynamic:	1	

Frame:	479
0.999997	-2.47255e-003	0.	0.	
2.47255e-003	0.999997	0.	0.	
0.	0.	1.	0.	
-0.381865	0.32132	0.	1.	
Dynamic:	1	

Frame:	480
0.999997	-2.47255e-003	0.	0.	
2.47255e-003	0.999997	0.	0.	
0.	0.	1.	0.	
-0.381865	0.32132	0.	1.	
Dynamic:	1	

Frame:	481
0.999997	-2.47255e-003	0.	0.	
2.47255e-003	0.999997	0.	0.	
0.	0.	1.	0.	
-0.381865	0.32132	0.	1.	
Dynamic:	1	

Frame:	482
0.999997	-2.47255e-003	0.	0.	
2.47255e-003	0.999997	0.	0.	
0.	0.	1.	0.	
-0.381865	0.32132	0.	1.	
Dynamic:	1	

Frame:	483
0.999997	-2.47255e-003	0.	0.	
2.47255e-003	0.999997	0.	0.	
0.	0.	1.	0.	
-0.381865	0.32132	0.	1.	
Dynamic:	1	

Frame:	484
0.999997	-2.47255e-003	0.	0.	
2.47255e-003	0.999997	0.	0.	
0.	0.	1.	0.	
-0.381865	0.32132	0.	1.	
Dynamic:	1	

Frame:	485
0.999997	-2.47255e-003	0.	0.	
2.47255e-003	0.999997	0.	0.	
0.	0.	1.	0.	
-0.381865	0.32132	0.	1.	
Dynamic:	1	

Frame:	486
0.999997	-2.47255e-003	0.	0.	
2.47255e-003	0.999997	0.	0.	
0.	0.	1.	0.	
-0.381865	0.32132	0.	1.	
Dynamic:	1	

Frame:	487
0.999997	-2.47255e-003	0.	0.	
2.47255e-003	0.999997	0.	0.	
0.	0.	1.	0.	
-0.381865	0.32132	0.	1.	
Dynamic:	1	

Frame:	488
0.999988	-4.94508e-003	0.	0.	
4.94508e-003	0.999988	0.	0.	
0.	0.	1.	0.	
-0.695814	0.317077	0.	1.	
Dynamic:	1	

Frame:	489
0.999988	-4.94508e-003	0.	0.	
4.94508e-003	0.999988	0.	0.	
0.	0.	1.	0.	
-0.695814	0.317077	0.	1.	
Dynamic:	1	

Frame:	490
0.999972	-7.41758e-003	0.	0.	
7.41758e-003	0.999972	0.	0.	
0.	0.	1.	0.	
-1.01139	0.313289	0.	1.	
Dynamic:	1	

Frame:	491
0.999972	-7.41758e-003	0.	0.	
7.41758e-003	0.999972	0.	0.	
0.	0.	1.	0.	
-1.01139	0.313289	0.	1.	
Dynamic:	1	

Frame:	492
0.999951	-9.89004e-003	0.	0.	
9.89004e-003	0.999951	0.	0.	
0.	0.	1.	0.	
-1.32859	0.30998	0.	1.	
Dynamic:	1	

Frame:	493
0.999951	-9.89004e-003	0.	0.	
9.89004e-003	0.999951	0.	0.	
0.	0.	1.	0.	
-1.32859	0.30998	0.	1.	
Dynamic:	1	

Frame:	494
0.999924	-1.23624e-002	0.	0.	
1.23624e-002	0.999924	0.	0.	
0.	0.	1.	0.	
-1.64743	0.307187	0.	1.	
Dynamic:	1	

Frame:	495
0.999924	-1.23624e-002	0.	0.	
1.23624e-002	0.999924	0.	0.	
0.	0.	1.	0.	
-1.64743	0.307187	0.	1.	
Dynamic:	1	

Frame:	496
0.999924	-1.23624e-002	0.	0.	
1.23624e-002	0.999924	0.	0.	
0.	0.	1.	0.	
-1.64743	0.307187	0.	1.	
Dynamic:	1	

Frame:	497
0.999924	-1.23624e-002	0.	0.	
1.23624e-002	0.999924	0.	0.	
0.	0.	1.	0.	
-1.64743	0.307187	0.	1.	
Dynamic:	1	

Frame:	498
0.999924	-1.23624e-002	0.	0.	
1.23624e-002	0.999924	0.	0.	
0.	0.	1.	0.	
-1.64743	0.307187	0.	1.	
Dynamic:	1	

Frame:	499
0.999924	-1.23624e-002	0.	0.	
1.23624e-002	0.999924	0.	0.	
0.	0.	1.	0.	
-1.64743	0.307187	0.	1.	
Dynamic:	1	

Frame:	500
0.999924	-1.23624e-002	0.	0.	
1.23624e-002	0.999924	0.	0.	
0.	0.	1.	0.	
-1.64743	0.307187	0.	1.	
Dynamic:	1	

Frame:	501
0.999924	-1.23624e-002	0.	0.	
1.23624e-002	0.999924	0.	0.	
0.	0.	1.	0.	
-1.64743	0.307187	0.	1.	
Dynamic:	1	

Frame:	502
0.999924	-1.23624e-002	0.	0.	
1.23624e-002	0.999924	0.	0.	
0.	0.	1.	0.	
-1.64743	0.307187	0.	1.	
Dynamic:	1	

Frame:	503
0.999924	-1.23624e-002	0.	0.	
1.23624e-002	0.999924	0.	0.	
0.	0.	1.	0.	
-1.64743	0.307187	0.	1.	
Dynamic:	1	

Frame:	504
1.	0.	0.	0.	
0.	1.	0.	0.	
0.	0.	1.	0.	
-1.23599e-002	0.333104	0.	1.	
Dynamic:	1	

Frame:	505
1.	0.	0.	0.	
0.	1.	0.	0.	
0.	0.	1.	0.	
-1.23599e-002	0.333104	0.	1.	
Dynamic:	1	

Frame:	506
1.	0.	0.	0.	
0.	1.	0.	0.	
0.	0.	1.	0.	
-1.23599e-002	0.333104	0.	1.	
Dynamic:	1	

Frame:	507
1.	0.	0.	0.	
0.	1.	0.	0.	
0.	0.	1.	0.	
-1.23599e-002	0.333104	0.	1.	
Dynamic:	1	

Frame:	508
1.	0.	0.	0.	
0.	1.	0.	0.	
0.	0.	1.	0.	
-1.23599e-002	0.333104	0.	1.	
Dynamic:	1	

Frame:	509
1.	0.	0.	0.	
0.	1.	0.	0.	
0.	0.	1.	0.	
-1.23599e-002	0.333104	0.	1.	
Dynamic:	1	

Frame:	510
1.	0.	0.	0.	
0.	1.	0.	0.	
0.	0.	1.	0.	
-1.23599e-002	0.333104	0.	1.	
Dynamic:	1	

Frame:	511
1.	0.	0.	0.	
0.	1.	0.	0.	
0.	0.	1.	0.	
-1.23599e-002	0.333104	0.	1.	
Dynamic:	1	

Frame:	512
1.	0.	0.	0.	
0.	1.	0.	0.	
0.	0.	1.	0.	
-1.23599e-002	0.333104	0.	1.	
Dynamic:	1	

Frame:	513
1.	0.	0.	0.	
0.	1.	0.	0.	
0.	0.	1.	0.	
-1.23599e-002	0.333104	0.	1.	
Dynamic:	1	

Frame:	514
1.	0.	0.	0.	
0.	1.	0.	0.	
0.	0.	1.	0.	
-1.23599e-002	0.333104	0.	1.	
Dynamic:	1	

Frame:	515
1.	0.	0.	0.	
0.	1.	0.	0.	
0.	0.	1.	0.	
-1.23599e-002	0.333104	0.	1.	
Dynamic:	1	

Frame:	516
1.	0.	0.	0.	
0.	1.	0.	0.	
0.	0.	1.	0.	
-1.23599e-002	0.333104	0.	1.	
Dynamic:	1	

Frame:	517
1.	0.	0.	0.	
0.	1.	0.	0.	
0.	0.	1.	0.	
-1.23599e-002	0.333104	0.	1.	
Dynamic:	1	

