EndlessNurbs
ctrlpoints
0	-1.75	0
0.265	-1.61538	0
0.27	-1.48077	0
0	-1.34615	0
0.04	-1.21154	0
0	-1.07692	0
-0.145	-0.942308	0
0	-0.807692	0
0	-0.673077	0
0.22	-0.538462	0
0.27	-0.338846	0
0.275	-0.269231	0
0.26	-0.134615	0
0	-1.94289e-016	0
0	0.134615	0
0	0.269231	0
-0.145	0.403846	0
0	0.538462	0
0	0.673077	0
0.145	0.807692	0
0	0.942308	0
0	1.07692	0
-0.25	1.21154	0
-0.155	1.34615	0
0	1.48077	0
0	1.61538	0
0	1.69	0
knots
0
0
0
0
1
2
3
4
5
6
7
8
9
10
11
12
13
14
15
16
17
18
19
20
21
22
23
24
24
24
24
#Curvature
#16.0326
#16.0205
#16.0033
#16.0033
#16.0033
#16.0033
#16.0033
#15.9842
#15.9477
#15.8769
#Length
#4.16583
#Scale
#200
