EndlessNurbs
ctrlpoints
0	-1.5	0
0	-1.36957	0
0.325	-1.23913	0
0.43	-1.1087	0
0.195	-0.978261	0
0	-0.847826	0
-0.03	-0.717391	0
0	-0.586957	0
-0.17	-0.456522	0
0	-0.326087	0
0.17	-0.195652	0
0	-0.0652174	0
-0.055	0.0652174	0
0	0.195652	0
-0.17	0.326087	0
0	0.456522	0
0	0.586957	0
0	0.717391	0
-0.36	0.847826	0
-0.535	0.978261	0
-0.37	1.1087	0
0.1	1.23913	0
0	1.36957	0
0	1.5	0
knots
0
0
0
0
1
2
3
4
5
6
7
8
9
10
11
12
13
14
15
16
17
18
19
20
21
21
21
21
#Curvature
#20.1062
#20.0925
#20.0739
#20.0328
#19.9958
#19.9844
#19.9844
#19.9844
#19.9844
#19.9844
#Length
#4.16627
#Scale
#200
