TrialReplay

Frame:	2
1.	0.	0.	0.	
0.	1.	0.	0.	
0.	0.	1.	0.	
0.	0.	0.	1.	
Dynamic:	0	

Frame:	3
1.	0.	0.	0.	
0.	1.	0.	0.	
0.	0.	1.	0.	
0.	0.	0.	1.	
Dynamic:	0	

Frame:	4
1.	0.	0.	0.	
0.	1.	0.	0.	
0.	0.	1.	0.	
0.	0.	0.	1.	
Dynamic:	0	

Frame:	5
1.	0.	0.	0.	
0.	1.	0.	0.	
0.	0.	1.	0.	
0.	0.	0.	1.	
Dynamic:	0	

Frame:	6
1.	0.	0.	0.	
0.	1.	0.	0.	
0.	0.	1.	0.	
0.	0.	0.	1.	
Dynamic:	0	

Frame:	7
1.	0.	0.	0.	
0.	1.	0.	0.	
0.	0.	1.	0.	
0.	0.	0.	1.	
Dynamic:	0	

Frame:	8
1.	0.	0.	0.	
0.	1.	0.	0.	
0.	0.	1.	0.	
0.	0.	0.	1.	
Dynamic:	0	

Frame:	9
1.	0.	0.	0.	
0.	1.	0.	0.	
0.	0.	1.	0.	
0.	0.	0.	1.	
Dynamic:	0	

Frame:	10
1.	0.	0.	0.	
0.	1.	0.	0.	
0.	0.	1.	0.	
0.	0.	0.	1.	
Dynamic:	0	

Frame:	11
1.	0.	0.	0.	
0.	1.	0.	0.	
0.	0.	1.	0.	
0.	0.	0.	1.	
Dynamic:	0	

Frame:	12
1.	0.	0.	0.	
0.	1.	0.	0.	
0.	0.	1.	0.	
0.	0.	0.	1.	
Dynamic:	0	

Frame:	13
1.	0.	0.	0.	
0.	1.	0.	0.	
0.	0.	1.	0.	
0.	0.	0.	1.	
Dynamic:	0	

Frame:	14
1.	0.	0.	0.	
0.	1.	0.	0.	
0.	0.	1.	0.	
0.	0.	0.	1.	
Dynamic:	0	

Frame:	15
1.	0.	0.	0.	
0.	1.	0.	0.	
0.	0.	1.	0.	
0.	0.	0.	1.	
Dynamic:	0	

Frame:	16
1.	0.	0.	0.	
0.	1.	0.	0.	
0.	0.	1.	0.	
0.	0.	0.	1.	
Dynamic:	0	

Frame:	17
1.	0.	0.	0.	
0.	1.	0.	0.	
0.	0.	1.	0.	
0.	0.	0.	1.	
Dynamic:	0	

Frame:	18
1.	0.	0.	0.	
0.	1.	0.	0.	
0.	0.	1.	0.	
0.	0.	0.	1.	
Dynamic:	0	

Frame:	19
1.	0.	0.	0.	
0.	1.	0.	0.	
0.	0.	1.	0.	
0.	0.	0.	1.	
Dynamic:	0	

Frame:	20
1.	0.	0.	0.	
0.	1.	0.	0.	
0.	0.	1.	0.	
0.	0.	0.	1.	
Dynamic:	0	

Frame:	21
1.	0.	0.	0.	
0.	1.	0.	0.	
0.	0.	1.	0.	
0.	0.	0.	1.	
Dynamic:	0	

Frame:	22
1.	0.	0.	0.	
0.	1.	0.	0.	
0.	0.	1.	0.	
0.	0.	0.	1.	
Dynamic:	0	

Frame:	23
1.	0.	0.	0.	
0.	1.	0.	0.	
0.	0.	1.	0.	
0.	0.	0.	1.	
Dynamic:	0	

Frame:	24
1.	0.	0.	0.	
0.	1.	0.	0.	
0.	0.	1.	0.	
0.	0.	0.	1.	
Dynamic:	0	

Frame:	25
1.	0.	0.	0.	
0.	1.	0.	0.	
0.	0.	1.	0.	
0.	0.	0.	1.	
Dynamic:	0	

Frame:	26
1.	0.	0.	0.	
0.	1.	0.	0.	
0.	0.	1.	0.	
0.	0.	0.	1.	
Dynamic:	0	

Frame:	27
1.	0.	0.	0.	
0.	1.	0.	0.	
0.	0.	1.	0.	
0.	0.	0.	1.	
Dynamic:	0	

Frame:	28
1.	0.	0.	0.	
0.	1.	0.	0.	
0.	0.	1.	0.	
0.	0.	0.	1.	
Dynamic:	0	

Frame:	29
1.	0.	0.	0.	
0.	1.	0.	0.	
0.	0.	1.	0.	
0.	0.	0.	1.	
Dynamic:	0	

Frame:	30
1.	0.	0.	0.	
0.	1.	0.	0.	
0.	0.	1.	0.	
0.	0.	0.	1.	
Dynamic:	0	

Frame:	31
1.	0.	0.	0.	
0.	1.	0.	0.	
0.	0.	1.	0.	
0.	0.	0.	1.	
Dynamic:	0	

Frame:	32
1.	0.	0.	0.	
0.	1.	0.	0.	
0.	0.	1.	0.	
0.	0.	0.	1.	
Dynamic:	0	

Frame:	33
1.	0.	0.	0.	
0.	1.	0.	0.	
0.	0.	1.	0.	
0.	0.	0.	1.	
Dynamic:	0	

Frame:	34
1.	0.	0.	0.	
0.	1.	0.	0.	
0.	0.	1.	0.	
0.	0.	0.	1.	
Dynamic:	0	

Frame:	35
1.	0.	0.	0.	
0.	1.	0.	0.	
0.	0.	1.	0.	
0.	0.	0.	1.	
Dynamic:	0	

Frame:	36
1.	0.	0.	0.	
0.	1.	0.	0.	
0.	0.	1.	0.	
0.	0.	0.	1.	
Dynamic:	0	

Frame:	37
1.	0.	0.	0.	
0.	1.	0.	0.	
0.	0.	1.	0.	
0.	0.	0.	1.	
Dynamic:	0	

Frame:	38
1.	0.	0.	0.	
0.	1.	0.	0.	
0.	0.	1.	0.	
0.	0.	0.	1.	
Dynamic:	0	

Frame:	39
1.	0.	0.	0.	
0.	1.	0.	0.	
0.	0.	1.	0.	
0.	0.	0.	1.	
Dynamic:	0	

Frame:	40
1.	0.	0.	0.	
0.	1.	0.	0.	
0.	0.	1.	0.	
0.	0.	0.	1.	
Dynamic:	0	

Frame:	41
1.	0.	0.	0.	
0.	1.	0.	0.	
0.	0.	1.	0.	
0.	0.	0.	1.	
Dynamic:	0	

Frame:	42
1.	0.	0.	0.	
0.	1.	0.	0.	
0.	0.	1.	0.	
0.	0.	0.	1.	
Dynamic:	0	

Frame:	43
1.	0.	0.	0.	
0.	1.	0.	0.	
0.	0.	1.	0.	
0.	0.	0.	1.	
Dynamic:	0	

Frame:	44
1.	0.	0.	0.	
0.	1.	0.	0.	
0.	0.	1.	0.	
0.	0.	0.	1.	
Dynamic:	0	

Frame:	45
1.	0.	0.	0.	
0.	1.	0.	0.	
0.	0.	1.	0.	
0.	0.	0.	1.	
Dynamic:	0	

Frame:	46
1.	0.	0.	0.	
0.	1.	0.	0.	
0.	0.	1.	0.	
0.	0.	0.	1.	
Dynamic:	0	

Frame:	47
1.	0.	0.	0.	
0.	1.	0.	0.	
0.	0.	1.	0.	
0.	0.	0.	1.	
Dynamic:	0	

Frame:	48
1.	0.	0.	0.	
0.	1.	0.	0.	
0.	0.	1.	0.	
0.	0.	0.	1.	
Dynamic:	0	

Frame:	49
1.	0.	0.	0.	
0.	1.	0.	0.	
0.	0.	1.	0.	
0.	0.	0.	1.	
Dynamic:	0	

Frame:	50
1.	0.	0.	0.	
0.	1.	0.	0.	
0.	0.	1.	0.	
0.	0.	0.	1.	
Dynamic:	0	

Frame:	51
1.	0.	0.	0.	
0.	1.	0.	0.	
0.	0.	1.	0.	
0.	0.	0.	1.	
Dynamic:	0	

Frame:	52
1.	0.	0.	0.	
0.	1.	0.	0.	
0.	0.	1.	0.	
0.	0.	0.	1.	
Dynamic:	0	

Frame:	53
1.	0.	0.	0.	
0.	1.	0.	0.	
0.	0.	1.	0.	
0.	0.	0.	1.	
Dynamic:	0	

Frame:	54
1.	0.	0.	0.	
0.	1.	0.	0.	
0.	0.	1.	0.	
0.	0.	0.	1.	
Dynamic:	0	

Frame:	55
1.	0.	0.	0.	
0.	1.	0.	0.	
0.	0.	1.	0.	
0.	0.	0.	1.	
Dynamic:	0	

Frame:	56
1.	0.	0.	0.	
0.	1.	0.	0.	
0.	0.	1.	0.	
0.	0.	0.	1.	
Dynamic:	0	

Frame:	57
1.	0.	0.	0.	
0.	1.	0.	0.	
0.	0.	1.	0.	
0.	0.	0.	1.	
Dynamic:	0	

Frame:	58
1.	0.	0.	0.	
0.	1.	0.	0.	
0.	0.	1.	0.	
0.	0.	0.	1.	
Dynamic:	0	

Frame:	59
1.	0.	0.	0.	
0.	1.	0.	0.	
0.	0.	1.	0.	
0.	0.	0.	1.	
Dynamic:	0	

Frame:	60
1.	0.	0.	0.	
0.	1.	0.	0.	
0.	0.	1.	0.	
0.	0.	0.	1.	
Dynamic:	0	

Frame:	61
1.	0.	0.	0.	
0.	1.	0.	0.	
0.	0.	1.	0.	
0.	0.	0.	1.	
Dynamic:	0	

Frame:	62
1.	0.	0.	0.	
0.	1.	0.	0.	
0.	0.	1.	0.	
0.	0.	0.	1.	
Dynamic:	0	

Frame:	63
1.	0.	0.	0.	
0.	1.	0.	0.	
0.	0.	1.	0.	
0.	0.	0.	1.	
Dynamic:	0	

Frame:	64
1.	0.	0.	0.	
0.	1.	0.	0.	
0.	0.	1.	0.	
0.	0.	0.	1.	
Dynamic:	0	

Frame:	65
1.	0.	0.	0.	
0.	1.	0.	0.	
0.	0.	1.	0.	
0.	0.	0.	1.	
Dynamic:	0	

Frame:	66
1.	0.	0.	0.	
0.	1.	0.	0.	
0.	0.	1.	0.	
0.	0.	0.	1.	
Dynamic:	0	

Frame:	67
1.	0.	0.	0.	
0.	1.	0.	0.	
0.	0.	1.	0.	
0.	0.	0.	1.	
Dynamic:	0	

Frame:	68
1.	0.	0.	0.	
0.	1.	0.	0.	
0.	0.	1.	0.	
0.	0.	0.	1.	
Dynamic:	0	

Frame:	69
1.	0.	0.	0.	
0.	1.	0.	0.	
0.	0.	1.	0.	
0.	0.	0.	1.	
Dynamic:	0	

Frame:	70
1.	0.	0.	0.	
0.	1.	0.	0.	
0.	0.	1.	0.	
0.	0.	0.	1.	
Dynamic:	0	

Frame:	71
1.	0.	0.	0.	
0.	1.	0.	0.	
0.	0.	1.	0.	
0.	0.	0.	1.	
Dynamic:	0	

Frame:	72
1.	0.	0.	0.	
0.	1.	0.	0.	
0.	0.	1.	0.	
0.	0.	0.	1.	
Dynamic:	0	

Frame:	73
1.	0.	0.	0.	
0.	1.	0.	0.	
0.	0.	1.	0.	
0.	0.	0.	1.	
Dynamic:	0	

Frame:	74
1.	0.	0.	0.	
0.	1.	0.	0.	
0.	0.	1.	0.	
0.	0.	0.	1.	
Dynamic:	0	

Frame:	75
1.	0.	0.	0.	
0.	1.	0.	0.	
0.	0.	1.	0.	
0.	0.	0.	1.	
Dynamic:	0	

Frame:	76
1.	0.	0.	0.	
0.	1.	0.	0.	
0.	0.	1.	0.	
0.	0.	0.	1.	
Dynamic:	0	

Frame:	77
1.	0.	0.	0.	
0.	1.	0.	0.	
0.	0.	1.	0.	
0.	0.	0.	1.	
Dynamic:	0	

Frame:	78
1.	0.	0.	0.	
0.	1.	0.	0.	
0.	0.	1.	0.	
0.	0.	0.	1.	
Dynamic:	0	

Frame:	79
1.	0.	0.	0.	
0.	1.	0.	0.	
0.	0.	1.	0.	
0.	0.	0.	1.	
Dynamic:	0	

Frame:	80
1.	0.	0.	0.	
0.	1.	0.	0.	
0.	0.	1.	0.	
0.	0.	0.	1.	
Dynamic:	0	

Frame:	81
1.	0.	0.	0.	
0.	1.	0.	0.	
0.	0.	1.	0.	
0.	0.	0.	1.	
Dynamic:	0	

Frame:	82
1.	0.	0.	0.	
0.	1.	0.	0.	
0.	0.	1.	0.	
0.	0.	0.	1.	
Dynamic:	0	

Frame:	83
1.	0.	0.	0.	
0.	1.	0.	0.	
0.	0.	1.	0.	
0.	0.	0.	1.	
Dynamic:	0	

Frame:	84
1.	0.	0.	0.	
0.	1.	0.	0.	
0.	0.	1.	0.	
0.	0.	0.	1.	
Dynamic:	0	

Frame:	85
1.	0.	0.	0.	
0.	1.	0.	0.	
0.	0.	1.	0.	
0.	0.	0.	1.	
Dynamic:	0	

Frame:	86
1.	0.	0.	0.	
0.	1.	0.	0.	
0.	0.	1.	0.	
0.	0.	0.	1.	
Dynamic:	0	

Frame:	87
1.	0.	0.	0.	
0.	1.	0.	0.	
0.	0.	1.	0.	
0.	0.	0.	1.	
Dynamic:	0	

Frame:	88
1.	0.	0.	0.	
0.	1.	0.	0.	
0.	0.	1.	0.	
0.	0.	0.	1.	
Dynamic:	0	

Frame:	89
1.	0.	0.	0.	
0.	1.	0.	0.	
0.	0.	1.	0.	
0.	0.	0.	1.	
Dynamic:	0	

Frame:	90
1.	0.	0.	0.	
0.	1.	0.	0.	
0.	0.	1.	0.	
0.	0.	0.	1.	
Dynamic:	0	

Frame:	91
1.	0.	0.	0.	
0.	1.	0.	0.	
0.	0.	1.	0.	
0.	0.	0.	1.	
Dynamic:	0	

Frame:	92
1.	0.	0.	0.	
0.	1.	0.	0.	
0.	0.	1.	0.	
0.	0.	0.	1.	
Dynamic:	0	

Frame:	93
1.	0.	0.	0.	
0.	1.	0.	0.	
0.	0.	1.	0.	
0.	0.	0.	1.	
Dynamic:	0	

Frame:	94
1.	0.	0.	0.	
0.	1.	0.	0.	
0.	0.	1.	0.	
0.	0.	0.	1.	
Dynamic:	0	

Frame:	95
1.	0.	0.	0.	
0.	1.	0.	0.	
0.	0.	1.	0.	
0.	0.	0.	1.	
Dynamic:	0	

Frame:	96
1.	0.	0.	0.	
0.	1.	0.	0.	
0.	0.	1.	0.	
0.	0.	0.	1.	
Dynamic:	0	

Frame:	97
1.	0.	0.	0.	
0.	1.	0.	0.	
0.	0.	1.	0.	
0.	0.	0.	1.	
Dynamic:	0	

Frame:	98
1.	0.	0.	0.	
0.	1.	0.	0.	
0.	0.	1.	0.	
0.	0.	0.	1.	
Dynamic:	0	

Frame:	99
1.	0.	0.	0.	
0.	1.	0.	0.	
0.	0.	1.	0.	
0.	0.	0.	1.	
Dynamic:	0	

Frame:	100
1.	0.	0.	0.	
0.	1.	0.	0.	
0.	0.	1.	0.	
0.	0.	0.	1.	
Dynamic:	0	

Frame:	101
1.	0.	0.	0.	
0.	1.	0.	0.	
0.	0.	1.	0.	
0.	0.	0.	1.	
Dynamic:	0	

Frame:	102
1.	0.	0.	0.	
0.	1.	0.	0.	
0.	0.	1.	0.	
0.	0.	0.	1.	
Dynamic:	0	

Frame:	103
1.	0.	0.	0.	
0.	1.	0.	0.	
0.	0.	1.	0.	
0.	0.	0.	1.	
Dynamic:	0	

Frame:	104
1.	0.	0.	0.	
0.	1.	0.	0.	
0.	0.	1.	0.	
0.	0.	0.	1.	
Dynamic:	0	

Frame:	105
1.	0.	0.	0.	
0.	1.	0.	0.	
0.	0.	1.	0.	
0.	0.	0.	1.	
Dynamic:	0	

Frame:	106
1.	0.	0.	0.	
0.	1.	0.	0.	
0.	0.	1.	0.	
0.	0.	0.	1.	
Dynamic:	0	

Frame:	107
1.	0.	0.	0.	
0.	1.	0.	0.	
0.	0.	1.	0.	
0.	0.	0.	1.	
Dynamic:	0	

Frame:	108
1.	0.	0.	0.	
0.	1.	0.	0.	
0.	0.	1.	0.	
0.	0.	0.	1.	
Dynamic:	0	

Frame:	109
1.	0.	0.	0.	
0.	1.	0.	0.	
0.	0.	1.	0.	
0.	0.	0.	1.	
Dynamic:	0	

Frame:	110
1.	0.	0.	0.	
0.	1.	0.	0.	
0.	0.	1.	0.	
0.	0.	0.	1.	
Dynamic:	0	

Frame:	111
1.	0.	0.	0.	
0.	1.	0.	0.	
0.	0.	1.	0.	
0.	0.	0.	1.	
Dynamic:	0	

Frame:	112
1.	0.	0.	0.	
0.	1.	0.	0.	
0.	0.	1.	0.	
0.	0.	0.	1.	
Dynamic:	0	

Frame:	113
1.	0.	0.	0.	
0.	1.	0.	0.	
0.	0.	1.	0.	
0.	0.	0.	1.	
Dynamic:	0	

Frame:	114
1.	0.	0.	0.	
0.	1.	0.	0.	
0.	0.	1.	0.	
0.	0.	0.	1.	
Dynamic:	0	

Frame:	115
1.	0.	0.	0.	
0.	1.	0.	0.	
0.	0.	1.	0.	
0.	0.	0.	1.	
Dynamic:	0	

Frame:	116
1.	0.	0.	0.	
0.	1.	0.	0.	
0.	0.	1.	0.	
0.	0.	0.	1.	
Dynamic:	0	

Frame:	117
1.	0.	0.	0.	
0.	1.	0.	0.	
0.	0.	1.	0.	
0.	0.	0.	1.	
Dynamic:	0	

Frame:	118
1.	0.	0.	0.	
0.	1.	0.	0.	
0.	0.	1.	0.	
0.	0.	0.	1.	
Dynamic:	0	

Frame:	119
1.	0.	0.	0.	
0.	1.	0.	0.	
0.	0.	1.	0.	
0.	0.	0.	1.	
Dynamic:	0	

Frame:	120
1.	0.	0.	0.	
0.	1.	0.	0.	
0.	0.	1.	0.	
0.	0.	0.	1.	
Dynamic:	0	

Frame:	121
1.	0.	0.	0.	
0.	1.	0.	0.	
0.	0.	1.	0.	
0.	0.	0.	1.	
Dynamic:	0	

Frame:	122
1.	0.	0.	0.	
0.	1.	0.	0.	
0.	0.	1.	0.	
0.	0.	0.	1.	
Dynamic:	0	

Frame:	123
1.	0.	0.	0.	
0.	1.	0.	0.	
0.	0.	1.	0.	
0.	0.	0.	1.	
Dynamic:	0	

Frame:	124
1.	0.	0.	0.	
0.	1.	0.	0.	
0.	0.	1.	0.	
0.	0.	0.	1.	
Dynamic:	0	

Frame:	125
1.	0.	0.	0.	
0.	1.	0.	0.	
0.	0.	1.	0.	
0.	0.	0.	1.	
Dynamic:	0	

Frame:	126
1.	0.	0.	0.	
0.	1.	0.	0.	
0.	0.	1.	0.	
0.	0.	0.	1.	
Dynamic:	0	

Frame:	127
1.	0.	0.	0.	
0.	1.	0.	0.	
0.	0.	1.	0.	
0.	0.	0.	1.	
Dynamic:	0	

Frame:	128
1.	0.	0.	0.	
0.	1.	0.	0.	
0.	0.	1.	0.	
0.	0.	0.	1.	
Dynamic:	0	

Frame:	129
1.	0.	0.	0.	
0.	1.	0.	0.	
0.	0.	1.	0.	
0.	0.	0.	1.	
Dynamic:	0	

Frame:	130
1.	0.	0.	0.	
0.	1.	0.	0.	
0.	0.	1.	0.	
0.	0.	0.	1.	
Dynamic:	0	

Frame:	131
1.	0.	0.	0.	
0.	1.	0.	0.	
0.	0.	1.	0.	
0.	0.	0.	1.	
Dynamic:	0	

Frame:	132
1.	0.	0.	0.	
0.	1.	0.	0.	
0.	0.	1.	0.	
0.	0.	0.	1.	
Dynamic:	0	

Frame:	133
1.	0.	0.	0.	
0.	1.	0.	0.	
0.	0.	1.	0.	
0.	0.	0.	1.	
Dynamic:	0	

Frame:	134
1.	0.	0.	0.	
0.	1.	0.	0.	
0.	0.	1.	0.	
0.	0.	0.	1.	
Dynamic:	0	

Frame:	135
1.	0.	0.	0.	
0.	1.	0.	0.	
0.	0.	1.	0.	
0.	0.	0.	1.	
Dynamic:	0	

Frame:	136
1.	0.	0.	0.	
0.	1.	0.	0.	
0.	0.	1.	0.	
0.	0.	0.	1.	
Dynamic:	0	

Frame:	137
1.	0.	0.	0.	
0.	1.	0.	0.	
0.	0.	1.	0.	
0.	0.	0.	1.	
Dynamic:	0	

Frame:	138
1.	0.	0.	0.	
0.	1.	0.	0.	
0.	0.	1.	0.	
0.	0.	0.	1.	
Dynamic:	0	

Frame:	139
1.	0.	0.	0.	
0.	1.	0.	0.	
0.	0.	1.	0.	
0.	0.	0.	1.	
Dynamic:	0	

Frame:	140
1.	0.	0.	0.	
0.	1.	0.	0.	
0.	0.	1.	0.	
0.	0.	0.	1.	
Dynamic:	0	

Frame:	141
1.	0.	0.	0.	
0.	1.	0.	0.	
0.	0.	1.	0.	
0.	0.	0.	1.	
Dynamic:	0	

Frame:	142
1.	0.	0.	0.	
0.	1.	0.	0.	
0.	0.	1.	0.	
0.	0.	0.	1.	
Dynamic:	0	

Frame:	143
1.	0.	0.	0.	
0.	1.	0.	0.	
0.	0.	1.	0.	
0.	0.	0.	1.	
Dynamic:	0	

Frame:	144
1.	0.	0.	0.	
0.	1.	0.	0.	
0.	0.	1.	0.	
0.	0.	0.	1.	
Dynamic:	0	

Frame:	145
1.	0.	0.	0.	
0.	1.	0.	0.	
0.	0.	1.	0.	
0.	0.	0.	1.	
Dynamic:	0	

Frame:	146
1.	0.	0.	0.	
0.	1.	0.	0.	
0.	0.	1.	0.	
0.	0.	0.	1.	
Dynamic:	0	

Frame:	147
1.	0.	0.	0.	
0.	1.	0.	0.	
0.	0.	1.	0.	
0.	0.	0.	1.	
Dynamic:	0	

Frame:	148
1.	0.	0.	0.	
0.	1.	0.	0.	
0.	0.	1.	0.	
0.	0.	0.	1.	
Dynamic:	0	

Frame:	149
1.	0.	0.	0.	
0.	1.	0.	0.	
0.	0.	1.	0.	
0.	0.	0.	1.	
Dynamic:	0	

Frame:	150
1.	0.	0.	0.	
0.	1.	0.	0.	
0.	0.	1.	0.	
0.	0.	0.	1.	
Dynamic:	0	

Frame:	151
1.	0.	0.	0.	
0.	1.	0.	0.	
0.	0.	1.	0.	
0.	0.	0.	1.	
Dynamic:	0	

Frame:	152
1.	0.	0.	0.	
0.	1.	0.	0.	
0.	0.	1.	0.	
0.	0.	0.	1.	
Dynamic:	0	

Frame:	153
1.	0.	0.	0.	
0.	1.	0.	0.	
0.	0.	1.	0.	
0.	0.	0.	1.	
Dynamic:	0	

Frame:	154
1.	0.	0.	0.	
0.	1.	0.	0.	
0.	0.	1.	0.	
0.	0.	0.	1.	
Dynamic:	0	

Frame:	155
1.	0.	0.	0.	
0.	1.	0.	0.	
0.	0.	1.	0.	
0.	0.	0.	1.	
Dynamic:	0	

Frame:	156
1.	0.	0.	0.	
0.	1.	0.	0.	
0.	0.	1.	0.	
0.	0.	0.	1.	
Dynamic:	0	

Frame:	157
1.	0.	0.	0.	
0.	1.	0.	0.	
0.	0.	1.	0.	
0.	0.	0.	1.	
Dynamic:	0	

Frame:	158
1.	0.	0.	0.	
0.	1.	0.	0.	
0.	0.	1.	0.	
0.	0.	0.	1.	
Dynamic:	0	

Frame:	159
1.	0.	0.	0.	
0.	1.	0.	0.	
0.	0.	1.	0.	
0.	0.	0.	1.	
Dynamic:	0	

Frame:	160
1.	0.	0.	0.	
0.	1.	0.	0.	
0.	0.	1.	0.	
0.	0.	0.	1.	
Dynamic:	0	

Frame:	161
1.	0.	0.	0.	
0.	1.	0.	0.	
0.	0.	1.	0.	
0.	0.	0.	1.	
Dynamic:	0	

Frame:	162
1.	0.	0.	0.	
0.	1.	0.	0.	
0.	0.	1.	0.	
0.	0.	0.	1.	
Dynamic:	0	

Frame:	163
1.	0.	0.	0.	
0.	1.	0.	0.	
0.	0.	1.	0.	
0.	0.	0.	1.	
Dynamic:	0	

Frame:	164
1.	0.	0.	0.	
0.	1.	0.	0.	
0.	0.	1.	0.	
0.	0.	0.	1.	
Dynamic:	0	

Frame:	165
1.	0.	0.	0.	
0.	1.	0.	0.	
0.	0.	1.	0.	
0.	0.	0.	1.	
Dynamic:	0	

Frame:	166
1.	0.	0.	0.	
0.	1.	0.	0.	
0.	0.	1.	0.	
0.	0.	0.	1.	
Dynamic:	0	

Frame:	167
1.	0.	0.	0.	
0.	1.	0.	0.	
0.	0.	1.	0.	
0.	0.	0.	1.	
Dynamic:	0	

Frame:	168
1.	0.	0.	0.	
0.	1.	0.	0.	
0.	0.	1.	0.	
0.	0.	0.	1.	
Dynamic:	0	

Frame:	169
1.	0.	0.	0.	
0.	1.	0.	0.	
0.	0.	1.	0.	
0.	0.	0.	1.	
Dynamic:	0	

Frame:	170
1.	0.	0.	0.	
0.	1.	0.	0.	
0.	0.	1.	0.	
0.	0.	0.	1.	
Dynamic:	0	

Frame:	171
1.	0.	0.	0.	
0.	1.	0.	0.	
0.	0.	1.	0.	
0.	0.	0.	1.	
Dynamic:	0	

Frame:	172
1.	0.	0.	0.	
0.	1.	0.	0.	
0.	0.	1.	0.	
0.	0.	0.	1.	
Dynamic:	0	

Frame:	173
1.	0.	0.	0.	
0.	1.	0.	0.	
0.	0.	1.	0.	
0.	0.	0.	1.	
Dynamic:	0	

Frame:	174
1.	0.	0.	0.	
0.	1.	0.	0.	
0.	0.	1.	0.	
0.	0.	0.	1.	
Dynamic:	0	

Frame:	175
1.	0.	0.	0.	
0.	1.	0.	0.	
0.	0.	1.	0.	
0.	0.	0.	1.	
Dynamic:	0	

Frame:	176
1.	0.	0.	0.	
0.	1.	0.	0.	
0.	0.	1.	0.	
0.	0.	0.	1.	
Dynamic:	0	

Frame:	177
1.	0.	0.	0.	
0.	1.	0.	0.	
0.	0.	1.	0.	
0.	0.	0.	1.	
Dynamic:	0	

Frame:	178
1.	0.	0.	0.	
0.	1.	0.	0.	
0.	0.	1.	0.	
0.	0.	0.	1.	
Dynamic:	0	

Frame:	179
1.	0.	0.	0.	
0.	1.	0.	0.	
0.	0.	1.	0.	
0.	0.	0.	1.	
Dynamic:	0	

Frame:	180
1.	0.	0.	0.	
0.	1.	0.	0.	
0.	0.	1.	0.	
0.	0.	0.	1.	
Dynamic:	0	

Frame:	181
1.	0.	0.	0.	
0.	1.	0.	0.	
0.	0.	1.	0.	
0.	0.	0.	1.	
Dynamic:	0	

Frame:	182
1.	0.	0.	0.	
0.	1.	0.	0.	
0.	0.	1.	0.	
0.	0.	0.	1.	
Dynamic:	0	

Frame:	183
1.	0.	0.	0.	
0.	1.	0.	0.	
0.	0.	1.	0.	
0.	0.	0.	1.	
Dynamic:	0	

Frame:	184
1.	0.	0.	0.	
0.	1.	0.	0.	
0.	0.	1.	0.	
0.	0.	0.	1.	
Dynamic:	0	

Frame:	185
1.	0.	0.	0.	
0.	1.	0.	0.	
0.	0.	1.	0.	
0.	0.	0.	1.	
Dynamic:	0	

Frame:	186
1.	0.	0.	0.	
0.	1.	0.	0.	
0.	0.	1.	0.	
0.	0.	0.	1.	
Dynamic:	0	

Frame:	187
1.	0.	0.	0.	
0.	1.	0.	0.	
0.	0.	1.	0.	
0.	0.	0.	1.	
Dynamic:	0	

Frame:	188
1.	0.	0.	0.	
0.	1.	0.	0.	
0.	0.	1.	0.	
0.	0.	0.	1.	
Dynamic:	0	

Frame:	189
1.	0.	0.	0.	
0.	1.	0.	0.	
0.	0.	1.	0.	
0.	0.	0.	1.	
Dynamic:	0	

Frame:	190
1.	0.	0.	0.	
0.	1.	0.	0.	
0.	0.	1.	0.	
0.	0.	0.	1.	
Dynamic:	0	

Frame:	191
1.	0.	0.	0.	
0.	1.	0.	0.	
0.	0.	1.	0.	
0.	0.	0.	1.	
Dynamic:	0	

Frame:	192
1.	0.	0.	0.	
0.	1.	0.	0.	
0.	0.	1.	0.	
0.	0.	0.	1.	
Dynamic:	0	

Frame:	193
1.	0.	0.	0.	
0.	1.	0.	0.	
0.	0.	1.	0.	
0.	0.	0.	1.	
Dynamic:	0	

Frame:	194
0.999999	1.16537e-003	0.	0.	
-1.16537e-003	0.999999	0.	0.	
0.	0.	1.	0.	
-2.79306e-003	4.78597e-002	0.	1.	
Dynamic:	0	

Frame:	195
0.999998	2.1145e-003	0.	0.	
-2.1145e-003	0.999998	0.	0.	
0.	0.	1.	0.	
-5.13334e-003	8.22716e-002	0.	1.	
Dynamic:	0	

Frame:	196
0.999996	2.88271e-003	0.	0.	
-2.88271e-003	0.999996	0.	0.	
0.	0.	1.	0.	
-7.108e-003	0.116327	0.	1.	
Dynamic:	0	

Frame:	197
0.999994	3.57113e-003	0.	0.	
-3.57113e-003	0.999994	0.	0.	
0.	0.	1.	0.	
-9.02523e-003	0.156735	0.	1.	
Dynamic:	0	

Frame:	198
0.999992	3.96513e-003	0.	0.	
-3.96513e-003	0.999992	0.	0.	
0.	0.	1.	0.	
-1.03076e-002	0.190056	0.	1.	
Dynamic:	0	

Frame:	199
0.999991	4.20079e-003	0.	0.	
-4.20079e-003	0.999991	0.	0.	
0.	0.	1.	0.	
-1.11224e-002	0.210046	0.	1.	
Dynamic:	0	

Frame:	200
0.999991	4.12941e-003	0.	0.	
-4.12941e-003	0.999991	0.	0.	
0.	0.	1.	0.	
-1.11379e-002	0.216415	0.	1.	
Dynamic:	0	

Frame:	201
0.999992	3.92604e-003	0.	0.	
-3.92604e-003	0.999992	0.	0.	
0.	0.	1.	0.	
-1.08146e-002	0.216015	0.	1.	
Dynamic:	0	

Frame:	202
0.999993	3.73269e-003	0.	0.	
-3.73269e-003	0.999993	0.	0.	
0.	0.	1.	0.	
-1.05476e-002	0.215634	0.	1.	
Dynamic:	0	

Frame:	203
0.999994	3.54886e-003	0.	0.	
-3.54886e-003	0.999994	0.	0.	
0.	0.	1.	0.	
-1.0332e-002	0.215271	0.	1.	
Dynamic:	0	

Frame:	204
0.999994	3.37408e-003	0.	0.	
-3.37408e-003	0.999994	0.	0.	
0.	0.	1.	0.	
-1.01636e-002	0.214924	0.	1.	
Dynamic:	0	

Frame:	205
0.999995	3.20791e-003	0.	0.	
-3.20791e-003	0.999995	0.	0.	
0.	0.	1.	0.	
-1.0038e-002	0.214593	0.	1.	
Dynamic:	0	

Frame:	206
0.999995	3.04992e-003	0.	0.	
-3.04992e-003	0.999995	0.	0.	
0.	0.	1.	0.	
-9.95165e-003	0.214277	0.	1.	
Dynamic:	0	

Frame:	207
0.999996	2.89971e-003	0.	0.	
-2.89971e-003	0.999996	0.	0.	
0.	0.	1.	0.	
-9.90082e-003	0.213976	0.	1.	
Dynamic:	0	

Frame:	208
0.999996	2.75691e-003	0.	0.	
-2.75691e-003	0.999996	0.	0.	
0.	0.	1.	0.	
-9.88226e-003	0.213687	0.	1.	
Dynamic:	0	

Frame:	209
0.99999	4.50222e-003	0.	0.	
-4.50222e-003	0.99999	0.	0.	
0.	0.	1.	0.	
-9.05857e-003	0.204225	0.	1.	
Dynamic:	0	

Frame:	210
0.99998	6.24753e-003	0.	0.	
-6.24753e-003	0.99998	0.	0.	
0.	0.	1.	0.	
-7.79675e-003	0.194788	0.	1.	
Dynamic:	0	

Frame:	211
0.999976	6.89853e-003	0.	0.	
-6.89853e-003	0.999976	0.	0.	
0.	0.	1.	0.	
-6.62744e-003	0.183131	0.	1.	
Dynamic:	0	

Frame:	212
0.999987	5.15323e-003	0.	0.	
-5.15323e-003	0.999987	0.	0.	
0.	0.	1.	0.	
-5.45341e-003	0.147059	0.	1.	
Dynamic:	0	

Frame:	213
0.999994	3.40792e-003	0.	0.	
-3.40792e-003	0.999994	0.	0.	
0.	0.	1.	0.	
-4.95585e-003	0.117468	0.	1.	
Dynamic:	0	

Frame:	214
0.999998	1.98934e-003	0.	0.	
-1.98934e-003	0.999998	0.	0.	
0.	0.	1.	0.	
-3.33577e-003	7.5564e-002	0.	1.	
Dynamic:	0	

Frame:	215
1.	2.4401e-004	0.	0.	
-2.4401e-004	1.	0.	0.	
0.	0.	1.	0.	
2.82023e-004	5.1111e-004	0.	1.	
Dynamic:	0	

Frame:	216
1.	0.	0.	0.	
0.	1.	0.	0.	
0.	0.	1.	0.	
0.	0.	0.	1.	
Dynamic:	0	

Frame:	217
1.	0.	0.	0.	
0.	1.	0.	0.	
0.	0.	1.	0.	
0.	0.	0.	1.	
Dynamic:	0	

Frame:	218
1.	0.	0.	0.	
0.	1.	0.	0.	
0.	0.	1.	0.	
0.	0.	0.	1.	
Dynamic:	0	

Frame:	219
1.	0.	0.	0.	
0.	1.	0.	0.	
0.	0.	1.	0.	
0.	0.	0.	1.	
Dynamic:	0	

Frame:	220
1.	0.	0.	0.	
0.	1.	0.	0.	
0.	0.	1.	0.	
0.	0.	0.	1.	
Dynamic:	0	

Frame:	221
0.999999	1.23753e-003	0.	0.	
-1.23753e-003	0.999999	0.	0.	
0.	0.	1.	0.	
-2.13151e-003	4.80279e-002	0.	1.	
Dynamic:	0	

Frame:	222
0.999998	1.7454e-003	0.	0.	
-1.7454e-003	0.999998	0.	0.	
0.	0.	1.	0.	
-3.1059e-003	6.85619e-002	0.	1.	
Dynamic:	0	

Frame:	223
0.999994	3.49072e-003	0.	0.	
-3.49072e-003	0.999994	0.	0.	
0.	0.	1.	0.	
-7.53005e-003	0.150085	0.	1.	
Dynamic:	0	

Frame:	224
0.999991	4.29058e-003	0.	0.	
-4.29058e-003	0.999991	0.	0.	
0.	0.	1.	0.	
-8.80552e-003	0.177713	0.	1.	
Dynamic:	0	

Frame:	225
0.999989	4.7167e-003	0.	0.	
-4.7167e-003	0.999989	0.	0.	
0.	0.	1.	0.	
-1.06133e-002	0.204549	0.	1.	
Dynamic:	0	

Frame:	226
0.99999	4.4595e-003	0.	0.	
-4.4595e-003	0.99999	0.	0.	
0.	0.	1.	0.	
-1.10166e-002	0.203999	0.	1.	
Dynamic:	0	

Frame:	227
0.999991	4.21633e-003	0.	0.	
-4.21633e-003	0.999991	0.	0.	
0.	0.	1.	0.	
-1.14453e-002	0.203475	0.	1.	
Dynamic:	0	

Frame:	228
0.999992	4.11929e-003	0.	0.	
-4.11929e-003	0.999992	0.	0.	
0.	0.	1.	0.	
-1.23192e-002	0.209738	0.	1.	
Dynamic:	0	

Frame:	229
0.999992	3.88718e-003	0.	0.	
-3.88718e-003	0.999992	0.	0.	
0.	0.	1.	0.	
-1.28187e-002	0.209229	0.	1.	
Dynamic:	0	

Frame:	230
0.999993	3.78648e-003	0.	0.	
-3.78648e-003	0.999993	0.	0.	
0.	0.	1.	0.	
-1.37893e-002	0.215475	0.	1.	
Dynamic:	0	

Frame:	231
0.999993	3.67768e-003	0.	0.	
-3.67768e-003	0.999993	0.	0.	
0.	0.	1.	0.	
-1.48245e-002	0.221697	0.	1.	
Dynamic:	0	

Frame:	232
0.999993	3.66661e-003	0.	0.	
-3.66661e-003	0.999993	0.	0.	
0.	0.	1.	0.	
-1.64173e-002	0.234599	0.	1.	
Dynamic:	0	

Frame:	233
0.999998	1.92129e-003	0.	0.	
-1.92129e-003	0.999998	0.	0.	
0.	0.	1.	0.	
-2.16119e-002	0.230608	0.	1.	
Dynamic:	0	

Frame:	234
1.	1.75958e-004	0.	0.	
-1.75958e-004	1.	0.	0.	
0.	0.	1.	0.	
-2.8003e-002	0.23304	0.	1.	
Dynamic:	0	

Frame:	235
0.999999	-1.56937e-003	0.	0.	
1.56937e-003	0.999999	0.	0.	
0.	0.	1.	0.	
-3.52466e-002	0.23925	0.	1.	
Dynamic:	0	

Frame:	236
0.999995	-3.31469e-003	0.	0.	
3.31469e-003	0.999995	0.	0.	
0.	0.	1.	0.	
-4.13031e-002	0.232197	0.	1.	
Dynamic:	0	

Frame:	237
0.999999	-1.56937e-003	0.	0.	
1.56937e-003	0.999999	0.	0.	
0.	0.	1.	0.	
-3.48179e-002	0.239301	0.	1.	
Dynamic:	0	

Frame:	238
1.	1.75958e-004	0.	0.	
-1.75958e-004	1.	0.	0.	
0.	0.	1.	0.	
-2.78815e-002	0.246169	0.	1.	
Dynamic:	0	

Frame:	239
0.999998	1.92129e-003	0.	0.	
-1.92129e-003	0.999998	0.	0.	
0.	0.	1.	0.	
-2.02173e-002	0.25045	0.	1.	
Dynamic:	0	

Frame:	240
0.999993	3.66661e-003	0.	0.	
-3.66661e-003	0.999993	0.	0.	
0.	0.	1.	0.	
-9.76117e-003	0.235408	0.	1.	
Dynamic:	0	

Frame:	241
0.999985	5.41192e-003	0.	0.	
-5.41192e-003	0.999985	0.	0.	
0.	0.	1.	0.	
-1.25468e-003	0.23982	0.	1.	
Dynamic:	0	

Frame:	242
0.999974	7.15721e-003	0.	0.	
-7.15721e-003	0.999974	0.	0.	
0.	0.	1.	0.	
7.63856e-003	0.244298	0.	1.	
Dynamic:	0	

Frame:	243
0.999961	8.82192e-003	0.	0.	
-8.82192e-003	0.999961	0.	0.	
0.	0.	1.	0.	
1.64899e-002	0.248635	0.	1.	
Dynamic:	0	

Frame:	244
0.999973	7.31465e-003	0.	0.	
-7.31465e-003	0.999973	0.	0.	
0.	0.	1.	0.	
8.13594e-003	0.244659	0.	1.	
Dynamic:	0	

Frame:	245
0.999977	6.77158e-003	0.	0.	
-6.77158e-003	0.999977	0.	0.	
0.	0.	1.	0.	
5.00222e-003	0.243211	0.	1.	
Dynamic:	0	

Frame:	246
0.999978	6.62704e-003	0.	0.	
-6.62704e-003	0.999978	0.	0.	
0.	0.	1.	0.	
2.0125e-003	0.255668	0.	1.	
Dynamic:	0	

Frame:	247
0.999978	6.60205e-003	0.	0.	
-6.60205e-003	0.999978	0.	0.	
0.	0.	1.	0.	
-1.45466e-003	0.274849	0.	1.	
Dynamic:	0	

Frame:	248
0.99998	6.34395e-003	0.	0.	
-6.34395e-003	0.99998	0.	0.	
0.	0.	1.	0.	
-5.41095e-003	0.28695	0.	1.	
Dynamic:	0	

Frame:	249
0.999981	6.19151e-003	0.	0.	
-6.19151e-003	0.999981	0.	0.	
0.	0.	1.	0.	
-9.98749e-003	0.305726	0.	1.	
Dynamic:	0	

Frame:	250
0.999981	6.22275e-003	0.	0.	
-6.22275e-003	0.999981	0.	0.	
0.	0.	1.	0.	
-1.58895e-002	0.337789	0.	1.	
Dynamic:	0	

Frame:	251
0.999983	5.78525e-003	0.	0.	
-5.78525e-003	0.999983	0.	0.	
0.	0.	1.	0.	
-2.15938e-002	0.349284	0.	1.	
Dynamic:	0	

Frame:	252
0.999972	7.53054e-003	0.	0.	
-7.53054e-003	0.999972	0.	0.	
0.	0.	1.	0.	
-1.35817e-002	0.380017	0.	1.	
Dynamic:	0	

Frame:	253
0.999957	9.27581e-003	0.	0.	
-9.27581e-003	0.999957	0.	0.	
0.	0.	1.	0.	
-5.23644e-003	0.410842	0.	1.	
Dynamic:	0	

Frame:	254
0.999939	1.10211e-002	0.	0.	
-1.10211e-002	0.999939	0.	0.	
0.	0.	1.	0.	
-6.62668e-003	0.486212	0.	1.	
Dynamic:	0	

Frame:	255
0.999924	1.23624e-002	0.	0.	
-1.23624e-002	0.999924	0.	0.	
0.	0.	1.	0.	
-4.13063e-003	0.528579	0.	1.	
Dynamic:	0	

Frame:	256
0.999938	1.10952e-002	0.	0.	
-1.10952e-002	0.999938	0.	0.	
0.	0.	1.	0.	
-2.20027e-002	0.549563	0.	1.	
Dynamic:	0	

Frame:	257
0.999952	9.79087e-003	0.	0.	
-9.79087e-003	0.999952	0.	0.	
0.	0.	1.	0.	
-4.76926e-002	0.59541	0.	1.	
Dynamic:	0	

Frame:	258
0.999933	1.15361e-002	0.	0.	
-1.15361e-002	0.999933	0.	0.	
0.	0.	1.	0.	
-4.21238e-002	0.645676	0.	1.	
Dynamic:	0	

Frame:	259
0.999924	1.23624e-002	0.	0.	
-1.23624e-002	0.999924	0.	0.	
0.	0.	1.	0.	
-4.41162e-002	0.686347	0.	1.	
Dynamic:	0	

Frame:	260
0.999944	1.06172e-002	0.	0.	
-1.06172e-002	0.999944	0.	0.	
0.	0.	1.	0.	
-7.30763e-002	0.71064	0.	1.	
Dynamic:	0	

Frame:	261
0.999961	8.87197e-003	0.	0.	
-8.87197e-003	0.999961	0.	0.	
0.	0.	1.	0.	
-0.107276	0.746994	0.	1.	
Dynamic:	0	

Frame:	262
0.999975	7.1267e-003	0.	0.	
-7.1267e-003	0.999975	0.	0.	
0.	0.	1.	0.	
-0.137067	0.764309	0.	1.	
Dynamic:	0	

Frame:	263
0.999986	5.38141e-003	0.	0.	
-5.38141e-003	0.999986	0.	0.	
0.	0.	1.	0.	
-0.168239	0.781229	0.	1.	
Dynamic:	0	

Frame:	264
0.999993	3.63609e-003	0.	0.	
-3.63609e-003	0.999993	0.	0.	
0.	0.	1.	0.	
-0.204825	0.810105	0.	1.	
Dynamic:	0	

Frame:	265
0.999998	1.89077e-003	0.	0.	
-1.89077e-003	0.999998	0.	0.	
0.	0.	1.	0.	
-0.230629	0.801483	0.	1.	
Dynamic:	0	

Frame:	266
1.	1.45444e-004	0.	0.	
-1.45444e-004	1.	0.	0.	
0.	0.	1.	0.	
-0.25783	0.792453	0.	1.	
Dynamic:	0	

Frame:	267
0.999999	-1.59988e-003	0.	0.	
1.59988e-003	0.999999	0.	0.	
0.	0.	1.	0.	
-0.285582	0.780434	0.	1.	
Dynamic:	0	

Frame:	268
0.999994	-3.34521e-003	0.	0.	
3.34521e-003	0.999994	0.	0.	
0.	0.	1.	0.	
-0.314661	0.767777	0.	1.	
Dynamic:	0	

Frame:	269
0.999987	-5.09052e-003	0.	0.	
5.09052e-003	0.999987	0.	0.	
0.	0.	1.	0.	
-0.345146	0.754725	0.	1.	
Dynamic:	0	

Frame:	270
0.999977	-6.83582e-003	0.	0.	
6.83582e-003	0.999977	0.	0.	
0.	0.	1.	0.	
-0.377041	0.741287	0.	1.	
Dynamic:	0	

Frame:	271
0.999963	-8.5811e-003	0.	0.	
8.5811e-003	0.999963	0.	0.	
0.	0.	1.	0.	
-0.410348	0.727475	0.	1.	
Dynamic:	0	

Frame:	272
0.999947	-1.03263e-002	0.	0.	
1.03263e-002	0.999947	0.	0.	
0.	0.	1.	0.	
-0.445073	0.713304	0.	1.	
Dynamic:	0	

Frame:	273
0.999927	-1.20716e-002	0.	0.	
1.20716e-002	0.999927	0.	0.	
0.	0.	1.	0.	
-0.48122	0.69879	0.	1.	
Dynamic:	0	

Frame:	274
0.999924	-1.23624e-002	0.	0.	
1.23624e-002	0.999924	0.	0.	
0.	0.	1.	0.	
-0.48748	0.696312	0.	1.	
Dynamic:	0	

Frame:	275
0.999924	-1.23624e-002	0.	0.	
1.23624e-002	0.999924	0.	0.	
0.	0.	1.	0.	
-0.48748	0.696312	0.	1.	
Dynamic:	0	

Frame:	276
0.999924	-1.23624e-002	0.	0.	
1.23624e-002	0.999924	0.	0.	
0.	0.	1.	0.	
-0.48748	0.696312	0.	1.	
Dynamic:	0	

Frame:	277
0.999924	-1.23624e-002	0.	0.	
1.23624e-002	0.999924	0.	0.	
0.	0.	1.	0.	
-0.48748	0.696312	0.	1.	
Dynamic:	0	

Frame:	278
0.999924	-1.23624e-002	0.	0.	
1.23624e-002	0.999924	0.	0.	
0.	0.	1.	0.	
-0.48748	0.696312	0.	1.	
Dynamic:	0	

Frame:	279
0.999924	-1.23624e-002	0.	0.	
1.23624e-002	0.999924	0.	0.	
0.	0.	1.	0.	
-0.48748	0.696312	0.	1.	
Dynamic:	0	

Frame:	280
0.999944	-1.06172e-002	0.	0.	
1.06172e-002	0.999944	0.	0.	
0.	0.	1.	0.	
-0.441428	0.71317	0.	1.	
Dynamic:	0	

Frame:	281
0.999961	-8.87197e-003	0.	0.	
8.87197e-003	0.999961	0.	0.	
0.	0.	1.	0.	
-0.393975	0.730377	0.	1.	
Dynamic:	0	

Frame:	282
0.999975	-7.1267e-003	0.	0.	
7.1267e-003	0.999975	0.	0.	
0.	0.	1.	0.	
-0.34512	0.747923	0.	1.	
Dynamic:	0	

Frame:	283
0.999986	-5.38141e-003	0.	0.	
5.38141e-003	0.999986	0.	0.	
0.	0.	1.	0.	
-0.294863	0.7658	0.	1.	
Dynamic:	0	

Frame:	284
0.999993	-3.63609e-003	0.	0.	
3.63609e-003	0.999993	0.	0.	
0.	0.	1.	0.	
-0.243202	0.784003	0.	1.	
Dynamic:	0	

Frame:	285
0.999998	-1.89077e-003	0.	0.	
1.89077e-003	0.999998	0.	0.	
0.	0.	1.	0.	
-0.190137	0.802528	0.	1.	
Dynamic:	0	

Frame:	286
1.	-1.45444e-004	0.	0.	
1.45444e-004	1.	0.	0.	
0.	0.	1.	0.	
-0.135669	0.821376	0.	1.	
Dynamic:	0	

Frame:	287
0.999999	1.59988e-003	0.	0.	
-1.59988e-003	0.999999	0.	0.	
0.	0.	1.	0.	
-7.93676e-002	0.837864	0.	1.	
Dynamic:	0	

Frame:	288
0.999994	3.34521e-003	0.	0.	
-3.34521e-003	0.999994	0.	0.	
0.	0.	1.	0.	
-2.162e-002	0.854438	0.	1.	
Dynamic:	0	

Frame:	289
0.999987	5.09052e-003	0.	0.	
-5.09052e-003	0.999987	0.	0.	
0.	0.	1.	0.	
3.75335e-002	0.87135	0.	1.	
Dynamic:	0	

Frame:	290
0.999977	6.83582e-003	0.	0.	
-6.83582e-003	0.999977	0.	0.	
0.	0.	1.	0.	
9.80912e-002	0.888609	0.	1.	
Dynamic:	0	

Frame:	291
0.999963	8.5811e-003	0.	0.	
-8.5811e-003	0.999963	0.	0.	
0.	0.	1.	0.	
0.160051	0.906228	0.	1.	
Dynamic:	0	

Frame:	292
0.999947	1.03263e-002	0.	0.	
-1.03263e-002	0.999947	0.	0.	
0.	0.	1.	0.	
0.223409	0.924221	0.	1.	
Dynamic:	0	

Frame:	293
0.999963	8.5811e-003	0.	0.	
-8.5811e-003	0.999963	0.	0.	
0.	0.	1.	0.	
0.158623	0.905949	0.	1.	
Dynamic:	0	

Frame:	294
0.999977	6.83582e-003	0.	0.	
-6.83582e-003	0.999977	0.	0.	
0.	0.	1.	0.	
9.23803e-002	0.887499	0.	1.	
Dynamic:	0	

Frame:	295
0.999987	5.09052e-003	0.	0.	
-5.09052e-003	0.999987	0.	0.	
0.	0.	1.	0.	
2.46823e-002	0.868864	0.	1.	
Dynamic:	0	

Frame:	296
0.999994	3.34521e-003	0.	0.	
-3.34521e-003	0.999994	0.	0.	
0.	0.	1.	0.	
-4.44696e-002	0.85004	0.	1.	
Dynamic:	0	

Frame:	297
0.999999	1.59988e-003	0.	0.	
-1.59988e-003	0.999999	0.	0.	
0.	0.	1.	0.	
-0.115075	0.831023	0.	1.	
Dynamic:	0	

Frame:	298
1.	-1.45444e-004	0.	0.	
1.45444e-004	1.	0.	0.	
0.	0.	1.	0.	
-0.187079	0.811574	0.	1.	
Dynamic:	0	

Frame:	299
0.999998	-1.89077e-003	0.	0.	
1.89077e-003	0.999998	0.	0.	
0.	0.	1.	0.	
-0.259949	0.78928	0.	1.	
Dynamic:	0	

Frame:	300
0.999993	-3.63609e-003	0.	0.	
3.63609e-003	0.999993	0.	0.	
0.	0.	1.	0.	
-0.334278	0.766802	0.	1.	
Dynamic:	0	

Frame:	301
0.999986	-5.38141e-003	0.	0.	
5.38141e-003	0.999986	0.	0.	
0.	0.	1.	0.	
-0.410068	0.744146	0.	1.	
Dynamic:	0	

Frame:	302
0.999975	-7.1267e-003	0.	0.	
7.1267e-003	0.999975	0.	0.	
0.	0.	1.	0.	
-0.48732	0.721324	0.	1.	
Dynamic:	0	

Frame:	303
0.999961	-8.87197e-003	0.	0.	
8.87197e-003	0.999961	0.	0.	
0.	0.	1.	0.	
-0.566038	0.698347	0.	1.	
Dynamic:	0	

Frame:	304
0.999944	-1.06172e-002	0.	0.	
1.06172e-002	0.999944	0.	0.	
0.	0.	1.	0.	
-0.646223	0.675231	0.	1.	
Dynamic:	0	

Frame:	305
0.999924	-1.23624e-002	0.	0.	
1.23624e-002	0.999924	0.	0.	
0.	0.	1.	0.	
-0.72788	0.651995	0.	1.	
Dynamic:	0	

Frame:	306
0.999924	-1.23624e-002	0.	0.	
1.23624e-002	0.999924	0.	0.	
0.	0.	1.	0.	
-0.72788	0.651995	0.	1.	
Dynamic:	0	

Frame:	307
0.999924	-1.23624e-002	0.	0.	
1.23624e-002	0.999924	0.	0.	
0.	0.	1.	0.	
-0.726011	0.639134	0.	1.	
Dynamic:	0	

Frame:	308
0.999924	-1.23624e-002	0.	0.	
1.23624e-002	0.999924	0.	0.	
0.	0.	1.	0.	
-0.719157	0.587502	0.	1.	
Dynamic:	0	

Frame:	309
0.999924	-1.23624e-002	0.	0.	
1.23624e-002	0.999924	0.	0.	
0.	0.	1.	0.	
-0.705949	0.477613	0.	1.	
Dynamic:	0	

Frame:	310
0.999924	-1.23624e-002	0.	0.	
1.23624e-002	0.999924	0.	0.	
0.	0.	1.	0.	
-0.688525	0.315782	0.	1.	
Dynamic:	0	

Frame:	311
0.999944	-1.06172e-002	0.	0.	
1.06172e-002	0.999944	0.	0.	
0.	0.	1.	0.	
-0.550926	-0.15232	0.	1.	
Dynamic:	0	

Frame:	312
0.999961	-8.87197e-003	0.	0.	
8.87197e-003	0.999961	0.	0.	
0.	0.	1.	0.	
-0.460252	-0.127683	0.	1.	
Dynamic:	0	

Frame:	313
0.999975	-7.1267e-003	0.	0.	
7.1267e-003	0.999975	0.	0.	
0.	0.	1.	0.	
-0.369621	-0.102887	0.	1.	
Dynamic:	0	

Frame:	314
0.999986	-5.38141e-003	0.	0.	
5.38141e-003	0.999986	0.	0.	
0.	0.	1.	0.	
-0.279034	-7.79341e-002	0.	1.	
Dynamic:	0	

Frame:	315
0.999993	-3.63609e-003	0.	0.	
3.63609e-003	0.999993	0.	0.	
0.	0.	1.	0.	
-0.188491	-5.28228e-002	0.	1.	
Dynamic:	0	

Frame:	316
0.999998	-1.89077e-003	0.	0.	
1.89077e-003	0.999998	0.	0.	
0.	0.	1.	0.	
-9.79912e-002	-2.75534e-002	0.	1.	
Dynamic:	0	

Frame:	317
1.	-1.45444e-004	0.	0.	
1.45444e-004	1.	0.	0.	
0.	0.	1.	0.	
-7.53594e-003	-2.12607e-003	0.	1.	
Dynamic:	0	

Frame:	318
1.	0.	0.	0.	
0.	1.	0.	0.	
0.	0.	1.	0.	
0.	0.	0.	1.	
Dynamic:	0	

Frame:	319
1.	0.	0.	0.	
0.	1.	0.	0.	
0.	0.	1.	0.	
0.	0.	0.	1.	
Dynamic:	0	

Frame:	320
1.	0.	0.	0.	
0.	1.	0.	0.	
0.	0.	1.	0.	
0.	0.	0.	1.	
Dynamic:	0	

Frame:	321
1.	0.	0.	0.	
0.	1.	0.	0.	
0.	0.	1.	0.	
0.	0.	0.	1.	
Dynamic:	0	

Frame:	322
1.	0.	0.	0.	
0.	1.	0.	0.	
0.	0.	1.	0.	
0.	0.	0.	1.	
Dynamic:	0	

Frame:	323
1.	0.	0.	0.	
0.	1.	0.	0.	
0.	0.	1.	0.	
0.	0.	0.	1.	
Dynamic:	0	

Frame:	324
1.	0.	0.	0.	
0.	1.	0.	0.	
0.	0.	1.	0.	
0.	0.	0.	1.	
Dynamic:	0	

Frame:	325
1.	0.	0.	0.	
0.	1.	0.	0.	
0.	0.	1.	0.	
0.	0.	0.	1.	
Dynamic:	0	

Frame:	326
1.	0.	0.	0.	
0.	1.	0.	0.	
0.	0.	1.	0.	
0.	0.	0.	1.	
Dynamic:	0	

Frame:	327
1.	0.	0.	0.	
0.	1.	0.	0.	
0.	0.	1.	0.	
0.	0.	0.	1.	
Dynamic:	0	

Frame:	328
1.	0.	0.	0.	
0.	1.	0.	0.	
0.	0.	1.	0.	
0.	0.	0.	1.	
Dynamic:	0	

Frame:	329
1.	0.	0.	0.	
0.	1.	0.	0.	
0.	0.	1.	0.	
0.	0.	0.	1.	
Dynamic:	0	

Frame:	330
1.	0.	0.	0.	
0.	1.	0.	0.	
0.	0.	1.	0.	
0.	0.	0.	1.	
Dynamic:	0	

Frame:	331
1.	0.	0.	0.	
0.	1.	0.	0.	
0.	0.	1.	0.	
0.	0.	0.	1.	
Dynamic:	0	

Frame:	332
1.	0.	0.	0.	
0.	1.	0.	0.	
0.	0.	1.	0.	
0.	0.	0.	1.	
Dynamic:	0	

Frame:	333
1.	0.	0.	0.	
0.	1.	0.	0.	
0.	0.	1.	0.	
0.	0.	0.	1.	
Dynamic:	0	

Frame:	334
1.	0.	0.	0.	
0.	1.	0.	0.	
0.	0.	1.	0.	
0.	0.	0.	1.	
Dynamic:	0	

Frame:	335
1.	0.	0.	0.	
0.	1.	0.	0.	
0.	0.	1.	0.	
0.	0.	0.	1.	
Dynamic:	0	

Frame:	336
1.	0.	0.	0.	
0.	1.	0.	0.	
0.	0.	1.	0.	
0.	0.	0.	1.	
Dynamic:	0	

Frame:	337
1.	0.	0.	0.	
0.	1.	0.	0.	
0.	0.	1.	0.	
0.	0.	0.	1.	
Dynamic:	0	

Frame:	338
1.	0.	0.	0.	
0.	1.	0.	0.	
0.	0.	1.	0.	
0.	0.	0.	1.	
Dynamic:	0	

Frame:	339
1.	0.	0.	0.	
0.	1.	0.	0.	
0.	0.	1.	0.	
0.	0.	0.	1.	
Dynamic:	0	

Frame:	340
1.	0.	0.	0.	
0.	1.	0.	0.	
0.	0.	1.	0.	
0.	0.	0.	1.	
Dynamic:	0	

Frame:	341
1.	0.	0.	0.	
0.	1.	0.	0.	
0.	0.	1.	0.	
0.	0.	0.	1.	
Dynamic:	0	

Frame:	342
1.	0.	0.	0.	
0.	1.	0.	0.	
0.	0.	1.	0.	
0.	0.	0.	1.	
Dynamic:	0	

Frame:	343
1.	0.	0.	0.	
0.	1.	0.	0.	
0.	0.	1.	0.	
0.	0.	0.	1.	
Dynamic:	0	

Frame:	344
1.	0.	0.	0.	
0.	1.	0.	0.	
0.	0.	1.	0.	
0.	0.	0.	1.	
Dynamic:	0	

Frame:	345
1.	0.	0.	0.	
0.	1.	0.	0.	
0.	0.	1.	0.	
0.	0.	0.	1.	
Dynamic:	0	

Frame:	346
1.	0.	0.	0.	
0.	1.	0.	0.	
0.	0.	1.	0.	
0.	0.	0.	1.	
Dynamic:	0	

Frame:	347
1.	0.	0.	0.	
0.	1.	0.	0.	
0.	0.	1.	0.	
0.	0.	0.	1.	
Dynamic:	0	

Frame:	348
1.	0.	0.	0.	
0.	1.	0.	0.	
0.	0.	1.	0.	
0.	0.	0.	1.	
Dynamic:	0	

Frame:	349
1.	0.	0.	0.	
0.	1.	0.	0.	
0.	0.	1.	0.	
0.	0.	0.	1.	
Dynamic:	0	

Frame:	350
1.	0.	0.	0.	
0.	1.	0.	0.	
0.	0.	1.	0.	
0.	0.	0.	1.	
Dynamic:	0	

Frame:	351
1.	0.	0.	0.	
0.	1.	0.	0.	
0.	0.	1.	0.	
0.	0.	0.	1.	
Dynamic:	0	

Frame:	352
1.	0.	0.	0.	
0.	1.	0.	0.	
0.	0.	1.	0.	
0.	0.	0.	1.	
Dynamic:	0	

Frame:	353
1.	0.	0.	0.	
0.	1.	0.	0.	
0.	0.	1.	0.	
0.	0.	0.	1.	
Dynamic:	0	

Frame:	354
1.	0.	0.	0.	
0.	1.	0.	0.	
0.	0.	1.	0.	
0.	0.	0.	1.	
Dynamic:	0	

Frame:	355
1.	0.	0.	0.	
0.	1.	0.	0.	
0.	0.	1.	0.	
0.	0.	0.	1.	
Dynamic:	0	

Frame:	356
1.	0.	0.	0.	
0.	1.	0.	0.	
0.	0.	1.	0.	
0.	0.	0.	1.	
Dynamic:	0	

Frame:	357
1.	0.	0.	0.	
0.	1.	0.	0.	
0.	0.	1.	0.	
0.	0.	0.	1.	
Dynamic:	0	

Frame:	358
1.	0.	0.	0.	
0.	1.	0.	0.	
0.	0.	1.	0.	
0.	0.	0.	1.	
Dynamic:	0	

Frame:	359
1.	0.	0.	0.	
0.	1.	0.	0.	
0.	0.	1.	0.	
0.	0.	0.	1.	
Dynamic:	0	

Frame:	360
1.	0.	0.	0.	
0.	1.	0.	0.	
0.	0.	1.	0.	
0.	0.	0.	1.	
Dynamic:	0	

Frame:	361
1.	0.	0.	0.	
0.	1.	0.	0.	
0.	0.	1.	0.	
0.	0.	0.	1.	
Dynamic:	0	

Frame:	362
1.	0.	0.	0.	
0.	1.	0.	0.	
0.	0.	1.	0.	
0.	0.	0.	1.	
Dynamic:	0	

Frame:	363
1.	0.	0.	0.	
0.	1.	0.	0.	
0.	0.	1.	0.	
0.	0.	0.	1.	
Dynamic:	0	

Frame:	364
1.	0.	0.	0.	
0.	1.	0.	0.	
0.	0.	1.	0.	
0.	0.	0.	1.	
Dynamic:	0	

Frame:	365
1.	0.	0.	0.	
0.	1.	0.	0.	
0.	0.	1.	0.	
0.	0.	0.	1.	
Dynamic:	0	

Frame:	366
1.	0.	0.	0.	
0.	1.	0.	0.	
0.	0.	1.	0.	
0.	0.	0.	1.	
Dynamic:	0	

Frame:	367
1.	0.	0.	0.	
0.	1.	0.	0.	
0.	0.	1.	0.	
0.	0.	0.	1.	
Dynamic:	0	

Frame:	368
1.	0.	0.	0.	
0.	1.	0.	0.	
0.	0.	1.	0.	
0.	0.	0.	1.	
Dynamic:	0	

Frame:	369
1.	0.	0.	0.	
0.	1.	0.	0.	
0.	0.	1.	0.	
0.	0.	0.	1.	
Dynamic:	0	

Frame:	370
1.	0.	0.	0.	
0.	1.	0.	0.	
0.	0.	1.	0.	
0.	0.	0.	1.	
Dynamic:	0	

Frame:	371
1.	0.	0.	0.	
0.	1.	0.	0.	
0.	0.	1.	0.	
0.	0.	0.	1.	
Dynamic:	0	

Frame:	372
1.	0.	0.	0.	
0.	1.	0.	0.	
0.	0.	1.	0.	
0.	0.	0.	1.	
Dynamic:	0	

Frame:	373
1.	0.	0.	0.	
0.	1.	0.	0.	
0.	0.	1.	0.	
0.	0.	0.	1.	
Dynamic:	0	

Frame:	374
1.	0.	0.	0.	
0.	1.	0.	0.	
0.	0.	1.	0.	
0.	0.	0.	1.	
Dynamic:	0	

Frame:	375
1.	0.	0.	0.	
0.	1.	0.	0.	
0.	0.	1.	0.	
0.	0.	0.	1.	
Dynamic:	0	

Frame:	376
1.	0.	0.	0.	
0.	1.	0.	0.	
0.	0.	1.	0.	
0.	0.	0.	1.	
Dynamic:	0	

Frame:	377
1.	0.	0.	0.	
0.	1.	0.	0.	
0.	0.	1.	0.	
0.	0.	0.	1.	
Dynamic:	0	

Frame:	378
1.	0.	0.	0.	
0.	1.	0.	0.	
0.	0.	1.	0.	
0.	0.	0.	1.	
Dynamic:	0	

Frame:	379
1.	0.	0.	0.	
0.	1.	0.	0.	
0.	0.	1.	0.	
0.	0.	0.	1.	
Dynamic:	0	

Frame:	380
1.	0.	0.	0.	
0.	1.	0.	0.	
0.	0.	1.	0.	
0.	0.	0.	1.	
Dynamic:	0	

Frame:	381
1.	0.	0.	0.	
0.	1.	0.	0.	
0.	0.	1.	0.	
0.	0.	0.	1.	
Dynamic:	0	

Frame:	382
1.	0.	0.	0.	
0.	1.	0.	0.	
0.	0.	1.	0.	
0.	0.	0.	1.	
Dynamic:	0	

Frame:	383
1.	0.	0.	0.	
0.	1.	0.	0.	
0.	0.	1.	0.	
0.	0.	0.	1.	
Dynamic:	0	

Frame:	384
1.	0.	0.	0.	
0.	1.	0.	0.	
0.	0.	1.	0.	
0.	0.	0.	1.	
Dynamic:	0	

Frame:	385
1.	0.	0.	0.	
0.	1.	0.	0.	
0.	0.	1.	0.	
0.	0.	0.	1.	
Dynamic:	0	

Frame:	386
1.	0.	0.	0.	
0.	1.	0.	0.	
0.	0.	1.	0.	
0.	0.	0.	1.	
Dynamic:	0	

Frame:	387
1.	0.	0.	0.	
0.	1.	0.	0.	
0.	0.	1.	0.	
0.	0.	0.	1.	
Dynamic:	0	

Frame:	388
1.	0.	0.	0.	
0.	1.	0.	0.	
0.	0.	1.	0.	
0.	0.	0.	1.	
Dynamic:	0	

Frame:	389
1.	0.	0.	0.	
0.	1.	0.	0.	
0.	0.	1.	0.	
0.	0.	0.	1.	
Dynamic:	0	

Frame:	390
1.	0.	0.	0.	
0.	1.	0.	0.	
0.	0.	1.	0.	
0.	0.	0.	1.	
Dynamic:	0	

Frame:	391
1.	0.	0.	0.	
0.	1.	0.	0.	
0.	0.	1.	0.	
0.	0.	0.	1.	
Dynamic:	0	

Frame:	392
1.	0.	0.	0.	
0.	1.	0.	0.	
0.	0.	1.	0.	
0.	0.	0.	1.	
Dynamic:	0	

Frame:	393
1.	0.	0.	0.	
0.	1.	0.	0.	
0.	0.	1.	0.	
0.	0.	0.	1.	
Dynamic:	0	

Frame:	394
1.	0.	0.	0.	
0.	1.	0.	0.	
0.	0.	1.	0.	
0.	0.	0.	1.	
Dynamic:	0	

Frame:	395
1.	0.	0.	0.	
0.	1.	0.	0.	
0.	0.	1.	0.	
0.	0.	0.	1.	
Dynamic:	0	

Frame:	396
1.	0.	0.	0.	
0.	1.	0.	0.	
0.	0.	1.	0.	
0.	0.	0.	1.	
Dynamic:	0	

Frame:	397
1.	0.	0.	0.	
0.	1.	0.	0.	
0.	0.	1.	0.	
0.	0.	0.	1.	
Dynamic:	0	

Frame:	398
1.	0.	0.	0.	
0.	1.	0.	0.	
0.	0.	1.	0.	
0.	0.	0.	1.	
Dynamic:	0	

Frame:	399
1.	0.	0.	0.	
0.	1.	0.	0.	
0.	0.	1.	0.	
0.	0.	0.	1.	
Dynamic:	0	

Frame:	400
1.	0.	0.	0.	
0.	1.	0.	0.	
0.	0.	1.	0.	
0.	0.	0.	1.	
Dynamic:	0	

Frame:	401
1.	0.	0.	0.	
0.	1.	0.	0.	
0.	0.	1.	0.	
0.	0.	0.	1.	
Dynamic:	0	

Frame:	402
1.	0.	0.	0.	
0.	1.	0.	0.	
0.	0.	1.	0.	
0.	0.	0.	1.	
Dynamic:	0	

Frame:	403
1.	0.	0.	0.	
0.	1.	0.	0.	
0.	0.	1.	0.	
0.	0.	0.	1.	
Dynamic:	0	

Frame:	404
1.	0.	0.	0.	
0.	1.	0.	0.	
0.	0.	1.	0.	
0.	0.	0.	1.	
Dynamic:	0	

Frame:	405
1.	0.	0.	0.	
0.	1.	0.	0.	
0.	0.	1.	0.	
0.	0.	0.	1.	
Dynamic:	0	

Frame:	406
1.	0.	0.	0.	
0.	1.	0.	0.	
0.	0.	1.	0.	
0.	0.	0.	1.	
Dynamic:	0	

Frame:	407
1.	0.	0.	0.	
0.	1.	0.	0.	
0.	0.	1.	0.	
0.	0.	0.	1.	
Dynamic:	0	

Frame:	408
1.	0.	0.	0.	
0.	1.	0.	0.	
0.	0.	1.	0.	
0.	0.	0.	1.	
Dynamic:	0	

Frame:	409
1.	0.	0.	0.	
0.	1.	0.	0.	
0.	0.	1.	0.	
0.	0.	0.	1.	
Dynamic:	0	

Frame:	410
1.	0.	0.	0.	
0.	1.	0.	0.	
0.	0.	1.	0.	
0.	0.	0.	1.	
Dynamic:	0	

Frame:	411
1.	0.	0.	0.	
0.	1.	0.	0.	
0.	0.	1.	0.	
0.	0.	0.	1.	
Dynamic:	0	

Frame:	412
1.	0.	0.	0.	
0.	1.	0.	0.	
0.	0.	1.	0.	
0.	0.	0.	1.	
Dynamic:	0	

Frame:	413
1.	0.	0.	0.	
0.	1.	0.	0.	
0.	0.	1.	0.	
0.	0.	0.	1.	
Dynamic:	0	

Frame:	414
1.	0.	0.	0.	
0.	1.	0.	0.	
0.	0.	1.	0.	
0.	0.	0.	1.	
Dynamic:	0	

Frame:	415
1.	0.	0.	0.	
0.	1.	0.	0.	
0.	0.	1.	0.	
0.	0.	0.	1.	
Dynamic:	0	

Frame:	416
1.	0.	0.	0.	
0.	1.	0.	0.	
0.	0.	1.	0.	
0.	0.	0.	1.	
Dynamic:	0	

Frame:	417
1.	0.	0.	0.	
0.	1.	0.	0.	
0.	0.	1.	0.	
0.	0.	0.	1.	
Dynamic:	0	

Frame:	418
1.	0.	0.	0.	
0.	1.	0.	0.	
0.	0.	1.	0.	
0.	0.	0.	1.	
Dynamic:	0	

Frame:	419
1.	0.	0.	0.	
0.	1.	0.	0.	
0.	0.	1.	0.	
0.	0.	0.	1.	
Dynamic:	0	

Frame:	420
1.	0.	0.	0.	
0.	1.	0.	0.	
0.	0.	1.	0.	
0.	0.	0.	1.	
Dynamic:	0	

Frame:	421
1.	0.	0.	0.	
0.	1.	0.	0.	
0.	0.	1.	0.	
0.	0.	0.	1.	
Dynamic:	0	

Frame:	422
1.	0.	0.	0.	
0.	1.	0.	0.	
0.	0.	1.	0.	
0.	0.	0.	1.	
Dynamic:	0	

Frame:	423
1.	0.	0.	0.	
0.	1.	0.	0.	
0.	0.	1.	0.	
0.	0.	0.	1.	
Dynamic:	0	

