Time	FPS	Frame	Crash	RB	RU	LU	LB	OC	Dither	DAngle	swAngle	OX	OY	OZ	HX	HY	HZ	HA	AccumulativeHeading(Y)	Speed	Dynamic
3.44111e-005	29060.4	1	0	1	2	2	1	1	0.	3.16327e-005	0.	0.	0.	0.	0.	1.	0.	0.	0.	0.	0	
1.23855	0.807416	2	0	1	2	2	1	1	1.29742e-006	3.16327e-005	0.	0.	0.	0.	0.	1.	0.	0.	0.	0.	0	
1.29174	18.8005	3	0	1	2	2	1	1	1.29742e-006	3.16327e-005	0.	0.	0.	0.	0.	1.	0.	0.	0.	0.	0	
1.30792	61.8075	4	0	1	2	2	1	1	1.29742e-006	3.16327e-005	0.	0.	0.	0.	0.	1.	0.	0.	0.	0.	0	
1.32492	58.8308	5	0	1	2	2	1	1	1.29742e-006	3.16327e-005	0.	0.	0.	0.	0.	1.	0.	0.	0.	0.	0	
1.34094	62.433	6	0	1	2	2	1	1	1.29742e-006	3.16327e-005	0.	0.	0.	0.	0.	1.	0.	0.	0.	0.	0	
1.35695	62.4718	7	0	1	2	2	1	1	1.29742e-006	3.16327e-005	0.	0.	0.	0.	0.	1.	0.	0.	0.	0.	0	
1.37395	58.8204	8	0	1	2	2	1	1	1.29742e-006	3.16327e-005	0.	0.	0.	0.	0.	1.	0.	0.	0.	0.	0	
1.39097	58.7546	9	0	1	2	2	1	1	1.29742e-006	3.16327e-005	0.	0.	0.	0.	0.	1.	0.	0.	0.	0.	0	
1.40695	62.5792	10	0	1	2	2	1	1	1.29742e-006	3.16327e-005	0.	0.	0.	0.	0.	1.	0.	0.	0.	0.	0	
1.42394	58.8486	11	0	1	2	2	1	1	1.29742e-006	3.16327e-005	0.	0.	0.	0.	0.	1.	0.	0.	0.	0.	0	
1.43994	62.4859	12	0	1	2	2	1	1	1.29742e-006	3.16327e-005	0.	0.	0.	0.	0.	1.	0.	0.	0.	0.	0	
1.45695	58.8036	13	0	1	2	2	1	1	1.29742e-006	3.16327e-005	0.	0.	0.	0.	0.	1.	0.	0.	0.	0.	0	
1.47393	58.8998	14	0	1	2	2	1	1	1.29742e-006	3.16327e-005	0.	0.	0.	0.	0.	1.	0.	0.	0.	0.	0	
1.49093	58.8068	15	0	1	2	2	1	1	1.29742e-006	3.16327e-005	0.	0.	0.	0.	0.	1.	0.	0.	0.	0.	0	
1.50796	58.714	16	0	1	2	2	1	1	1.29742e-006	3.16327e-005	0.	0.	0.	0.	0.	1.	0.	0.	0.	0.	0	
1.52494	58.8946	17	0	1	2	2	1	1	1.29742e-006	3.16327e-005	0.	0.	0.	0.	0.	1.	0.	0.	0.	0.	0	
1.54093	62.5473	18	0	1	2	2	1	1	1.29742e-006	3.16327e-005	0.	0.	0.	0.	0.	1.	0.	0.	0.	0.	0	
1.55795	58.7671	19	0	1	2	2	1	1	1.29742e-006	3.16327e-005	0.	0.	0.	0.	0.	1.	0.	0.	0.	0.	0	
1.57495	58.8057	20	0	1	2	2	1	1	1.29742e-006	3.16327e-005	0.	0.	0.	0.	0.	1.	0.	0.	0.	0.	0	
1.59197	58.7505	21	0	1	2	2	1	1	1.29742e-006	3.16327e-005	0.	0.	0.	0.	0.	1.	0.	0.	0.	0.	0	
1.60898	58.7974	22	0	1	2	2	1	1	1.29742e-006	3.16327e-005	0.	0.	0.	0.	0.	1.	0.	0.	0.	0.	0	
1.62595	58.9271	23	0	1	2	2	1	1	1.29742e-006	3.16327e-005	0.	0.	0.	0.	0.	1.	0.	0.	0.	0.	0	
1.64196	62.4424	24	0	1	2	2	1	1	1.29742e-006	3.16327e-005	0.	0.	0.	0.	0.	1.	0.	0.	0.	0.	0	
1.65897	58.7953	25	0	1	2	2	1	1	1.29742e-006	3.16327e-005	0.	0.	0.	0.	0.	1.	0.	0.	0.	0.	0	
1.67598	58.8047	26	0	1	2	2	1	1	1.29742e-006	3.16327e-005	0.	0.	0.	0.	0.	1.	0.	0.	0.	0.	0	
1.69296	58.8705	27	0	1	2	2	1	1	1.29742e-006	3.16327e-005	0.	0.	0.	0.	0.	1.	0.	0.	0.	0.	0	
1.70997	58.8214	28	0	1	2	2	1	1	1.29742e-006	3.16327e-005	0.	0.	0.	0.	0.	1.	0.	0.	0.	0.	0	
1.72696	58.8559	29	0	1	2	2	1	1	1.29742e-006	3.16327e-005	0.	0.	0.	0.	0.	1.	0.	0.	0.	0.	0	
1.744	58.6839	30	0	1	2	2	1	1	1.29742e-006	3.16327e-005	0.	0.	0.	0.	0.	1.	0.	0.	0.	0.	0	
1.75997	62.5875	31	0	1	2	2	1	1	1.29742e-006	3.16327e-005	0.	0.	0.	0.	0.	1.	0.	0.	0.	0.	0	
1.77597	62.5083	32	0	1	2	2	1	1	1.29742e-006	3.16327e-005	0.	0.	0.	0.	0.	1.	0.	0.	0.	0.	0	
1.79299	58.7567	33	0	1	2	2	1	1	1.29742e-006	3.16327e-005	0.	0.	0.	0.	0.	1.	0.	0.	0.	0.	0	
1.80999	58.8412	34	0	1	2	2	1	1	1.29742e-006	3.16327e-005	0.	0.	0.	0.	0.	1.	0.	0.	0.	0.	0	
1.82595	62.6455	35	0	1	2	2	1	1	1.29742e-006	3.16327e-005	0.	0.	0.	0.	0.	1.	0.	0.	0.	0.	0	
1.84298	58.7286	36	0	1	2	2	1	1	1.29742e-006	3.16327e-005	0.	0.	0.	0.	0.	1.	0.	0.	0.	0.	0	
1.85995	58.9197	37	0	1	2	2	1	1	1.29742e-006	3.16327e-005	0.	0.	0.	0.	0.	1.	0.	0.	0.	0.	0	
1.87699	58.6662	38	0	1	2	2	1	1	1.29742e-006	3.16327e-005	0.	0.	0.	0.	0.	1.	0.	0.	0.	0.	0	
1.89398	58.8852	39	0	1	2	2	1	1	1.29742e-006	3.16327e-005	0.	0.	0.	0.	0.	1.	0.	0.	0.	0.	0	
1.91097	58.8318	40	0	1	2	2	1	1	1.29742e-006	3.16327e-005	0.	0.	0.	0.	0.	1.	0.	0.	0.	0.	0	
1.92797	58.8318	41	0	1	2	2	1	1	1.29742e-006	3.16327e-005	0.	0.	0.	0.	0.	1.	0.	0.	0.	0.	0	
1.94496	58.8663	42	0	1	2	2	1	1	1.29742e-006	3.16327e-005	0.	0.	0.	0.	0.	1.	0.	0.	0.	0.	0	
1.96198	58.7609	43	0	1	2	2	1	1	1.29742e-006	3.16327e-005	0.	0.	0.	0.	0.	1.	0.	0.	0.	0.	0	
1.97798	62.4777	44	0	1	2	2	1	1	1.29742e-006	3.16327e-005	0.	0.	0.	0.	0.	1.	0.	0.	0.	0.	0	
1.99498	58.8517	45	0	1	2	2	1	1	1.29742e-006	3.16327e-005	0.	0.	0.	0.	0.	1.	0.	0.	0.	0.	0	
2.012	58.7515	46	0	1	2	2	1	1	1.29742e-006	3.16327e-005	0.	0.	0.	0.	0.	1.	0.	0.	0.	0.	0	
2.029	58.7932	47	0	1	2	2	1	1	1.29742e-006	3.16327e-005	0.	0.	0.	0.	0.	1.	0.	0.	0.	0.	0	
2.04598	58.8967	48	0	1	2	2	1	1	1.29742e-006	3.16327e-005	0.	0.	0.	0.	0.	1.	0.	0.	0.	0.	0	
2.06297	58.8862	49	0	1	2	2	1	1	1.29742e-006	3.16327e-005	0.	0.	0.	0.	0.	1.	0.	0.	0.	0.	0	
2.07997	58.7963	50	0	1	2	2	1	1	1.29742e-006	3.16327e-005	0.	0.	0.	0.	0.	1.	0.	0.	0.	0.	0	
2.09697	58.8183	51	0	1	2	2	1	1	1.29742e-006	3.16327e-005	0.	0.	0.	0.	0.	1.	0.	0.	0.	0.	0	
2.11397	58.8266	52	0	1	2	2	1	1	1.29742e-006	3.16327e-005	0.	0.	0.	0.	0.	1.	0.	0.	0.	0.	0	
2.13001	62.373	53	0	1	2	2	1	1	1.29742e-006	3.16327e-005	0.	0.	0.	0.	0.	1.	0.	0.	0.	0.	0	
2.14697	58.9501	54	0	1	2	2	1	1	1.29742e-006	3.16327e-005	0.	0.	0.	0.	0.	1.	0.	0.	0.	0.	0	
2.16399	58.7651	55	0	1	2	2	1	1	1.29742e-006	3.16327e-005	0.	0.	0.	0.	0.	1.	0.	0.	0.	0.	0	
2.18098	58.8632	56	0	1	2	2	1	1	1.29742e-006	3.16327e-005	0.	0.	0.	0.	0.	1.	0.	0.	0.	0.	0	
2.19798	58.811	57	0	1	2	2	1	1	1.29742e-006	3.16327e-005	0.	0.	0.	0.	0.	1.	0.	0.	0.	0.	0	
2.21498	58.8371	58	0	1	2	2	1	1	1.29742e-006	3.16327e-005	0.	0.	0.	0.	0.	1.	0.	0.	0.	0.	0	
2.23199	58.7807	59	0	1	2	2	1	1	1.29742e-006	3.16327e-005	0.	0.	0.	0.	0.	1.	0.	0.	0.	0.	0	
2.24897	58.8936	60	0	1	2	2	1	1	1.29742e-006	3.16327e-005	0.	0.	0.	0.	0.	1.	0.	0.	0.	0.	0	
2.26599	58.7484	61	0	1	2	2	1	1	1.29742e-006	3.16327e-005	0.	0.	0.	0.	0.	1.	0.	0.	0.	0.	0	
2.28297	58.9009	62	0	1	2	2	1	1	1.29742e-006	3.16327e-005	0.	0.	0.	0.	0.	1.	0.	0.	0.	0.	0	
2.29998	58.7755	63	0	1	2	2	1	1	1.29742e-006	3.16327e-005	0.	0.	0.	0.	0.	1.	0.	0.	0.	0.	0	
2.31698	58.836	64	0	1	2	2	1	1	1.29742e-006	3.16327e-005	0.	0.	0.	0.	0.	1.	0.	0.	0.	0.	0	
2.33302	62.3214	65	0	1	2	2	1	1	1.29742e-006	3.16327e-005	0.	0.	0.	0.	0.	1.	0.	0.	0.	0.	0	
2.34997	59.0026	66	0	1	2	2	1	1	1.29742e-006	3.16327e-005	0.	0.	0.	0.	0.	1.	0.	0.	0.	0.	0	
2.36697	58.8392	67	0	1	2	2	1	1	1.29742e-006	3.16327e-005	0.	0.	0.	0.	0.	1.	0.	0.	0.	0.	0	
2.38397	58.8057	68	0	1	2	2	1	1	1.29742e-006	3.16327e-005	0.	0.	0.	0.	0.	1.	0.	0.	0.	0.	0	
2.40097	58.8277	69	0	1	2	2	1	1	1.29742e-006	3.16327e-005	0.	0.	0.	0.	0.	1.	0.	0.	0.	0.	0	
2.41701	62.366	70	0	1	2	2	1	1	1.29742e-006	3.16327e-005	0.	0.	0.	0.	0.	1.	0.	0.	0.	0.	0	
2.434	58.8538	71	0	1	2	2	1	1	1.29742e-006	3.16327e-005	0.	0.	0.	0.	0.	1.	0.	0.	0.	0.	0	
2.45099	58.8392	72	0	1	2	2	1	1	1.29742e-006	3.16327e-005	0.	0.	0.	0.	0.	1.	0.	0.	0.	0.	0	
2.46802	58.7171	73	0	1	2	2	1	1	1.29742e-006	3.16327e-005	0.	0.	0.	0.	0.	1.	0.	0.	0.	0.	0	
2.48503	58.788	74	0	1	2	2	1	1	1.29742e-006	3.16327e-005	0.	0.	0.	0.	0.	1.	0.	0.	0.	0.	0	
2.50203	58.8392	75	0	1	2	2	1	1	1.29742e-006	3.16327e-005	0.	0.	0.	0.	0.	1.	0.	0.	0.	0.	0	
2.51802	62.539	76	0	1	2	2	1	1	1.29742e-006	3.16327e-005	0.	0.	0.	0.	0.	1.	0.	0.	0.	0.	0	
2.53503	58.7797	77	0	1	2	2	1	1	1.29742e-006	3.16327e-005	0.	0.	0.	0.	0.	1.	0.	0.	0.	0.	0	
2.55202	58.8496	78	0	1	2	2	1	1	1.29742e-006	3.16327e-005	0.	0.	0.	0.	0.	1.	0.	0.	0.	0.	0	
2.56904	58.7797	79	0	1	2	2	1	1	1.29742e-006	3.16327e-005	0.	0.	0.	0.	0.	1.	0.	0.	0.	0.	0	
2.58503	62.5249	80	0	1	2	2	1	1	1.29742e-006	3.16327e-005	0.	0.	0.	0.	0.	1.	0.	0.	0.	0.	0	
2.60204	58.7817	81	0	1	2	2	1	1	1.29742e-006	3.16327e-005	0.	0.	0.	0.	0.	1.	0.	0.	0.	0.	0	
2.61803	62.5615	82	0	1	2	2	1	1	1.29742e-006	3.16327e-005	0.	0.	0.	0.	0.	1.	0.	0.	0.	0.	0	
2.63499	58.9585	83	0	1	2	2	1	1	1.29742e-006	3.16327e-005	0.	0.	0.	0.	0.	1.	0.	0.	0.	0.	0	
2.65099	62.4859	84	0	1	2	2	1	1	1.29742e-006	3.16327e-005	0.	0.	0.	0.	0.	1.	0.	0.	0.	0.	0	
2.66799	58.8298	85	0	1	2	2	1	1	1.29742e-006	3.16327e-005	0.	0.	0.	0.	0.	1.	0.	0.	0.	0.	0	
2.68499	58.813	86	0	1	2	2	1	1	1.29742e-006	3.16327e-005	0.	0.	0.	0.	0.	1.	0.	0.	0.	0.	0	
2.70201	58.7578	87	0	1	2	2	1	1	1.29742e-006	3.16327e-005	0.	0.	0.	0.	0.	1.	0.	0.	0.	0.	0	
2.71798	62.6088	88	0	1	2	2	1	1	1.29742e-006	3.16327e-005	0.	0.	0.	0.	0.	1.	0.	0.	0.	0.	0	
2.73498	58.8245	89	0	1	2	2	1	1	1.29742e-006	3.16327e-005	0.	0.	0.	0.	0.	1.	0.	0.	0.	0.	0	
2.75198	58.8329	90	0	1	2	2	1	1	1.29742e-006	3.16327e-005	0.	0.	0.	0.	0.	1.	0.	0.	0.	0.	0	
2.76901	58.7234	91	0	1	2	2	1	1	1.29742e-006	3.16327e-005	0.	0.	0.	0.	0.	1.	0.	0.	0.	0.	0	
2.78601	58.8162	92	0	1	2	2	1	1	1.29742e-006	3.16327e-005	0.	0.	0.	0.	0.	1.	0.	0.	0.	0.	0	
2.80299	58.8862	93	0	1	2	2	1	1	1.29742e-006	3.16327e-005	0.	0.	0.	0.	0.	1.	0.	0.	0.	0.	0	
2.82005	58.6361	94	0	1	2	2	1	1	1.29742e-006	3.16327e-005	0.	0.	0.	0.	0.	1.	0.	0.	0.	0.	0	
2.83703	58.882	95	0	1	2	2	1	1	1.29742e-006	3.16327e-005	0.	0.	0.	0.	0.	1.	0.	0.	0.	0.	0	
2.85403	58.8329	96	0	1	2	2	1	1	1.29742e-006	3.16327e-005	0.	0.	0.	0.	0.	1.	0.	0.	0.	0.	0	
2.87105	58.7505	97	0	1	2	2	1	1	1.29742e-006	3.16327e-005	0.	0.	0.	0.	0.	1.	0.	0.	0.	0.	0	
2.88706	62.4412	98	0	1	2	2	1	1	1.29742e-006	3.16327e-005	0.	0.	0.	0.	0.	1.	0.	0.	0.	0.	0	
2.90401	58.9984	99	0	1	2	2	1	1	1.29742e-006	3.16327e-005	0.	0.	0.	0.	0.	1.	0.	0.	0.	0.	0	
2.92111	58.4942	100	0	1	2	2	1	1	1.29742e-006	3.16327e-005	0.	0.	0.	0.	0.	1.	0.	0.	0.	0.	0	
2.93801	59.1543	101	0	1	2	2	1	1	1.29742e-006	3.16327e-005	0.	0.	0.	0.	0.	1.	0.	0.	0.	0.	0	
2.95501	58.8423	102	0	1	2	2	1	1	1.29742e-006	3.16327e-005	0.	0.	0.	0.	0.	1.	0.	0.	0.	0.	0	
2.97205	58.6735	103	0	1	2	2	1	1	1.29742e-006	3.16327e-005	0.	0.	0.	0.	0.	1.	0.	0.	0.	0.	0	
2.98899	59.0426	104	0	1	2	2	1	1	1.29742e-006	3.16327e-005	0.	0.	0.	0.	0.	1.	0.	0.	0.	0.	0	
3.00603	58.6828	105	0	1	2	2	1	1	1.29742e-006	3.16327e-005	0.	0.	0.	0.	0.	1.	0.	0.	0.	0.	0	
3.02305	58.7609	106	0	1	2	2	1	1	1.29742e-006	3.16327e-005	0.	0.	0.	0.	0.	1.	0.	0.	0.	0.	0	
3.04007	58.763	107	0	1	2	2	1	1	1.29742e-006	3.16327e-005	0.	0.	0.	0.	0.	1.	0.	0.	0.	0.	0	
3.057	59.0573	108	0	1	2	2	1	1	1.29742e-006	3.16327e-005	0.	0.	0.	0.	0.	1.	0.	0.	0.	0.	0	
3.60592	1.82175	109	0	1	2	2	1	1	1.29742e-006	3.16327e-005	0.	0.	0.	0.	0.	1.	0.	0.	0.	0.	0	
3.62299	58.5801	110	0	1	2	2	1	1	1.29742e-006	3.16327e-005	0.	0.	0.	0.	0.	1.	0.	0.	0.	0.	0	
3.63999	58.8266	111	0	1	2	2	1	1	1.29742e-006	3.16327e-005	0.	0.	0.	0.	0.	1.	0.	0.	0.	0.	0	
3.65699	58.8214	112	0	1	2	2	1	1	1.29742e-006	3.16327e-005	0.	0.	0.	0.	0.	1.	0.	0.	0.	0.	0	
3.67399	58.8204	113	0	1	2	2	1	1	1.29742e-006	3.16327e-005	0.	0.	0.	0.	0.	1.	0.	0.	0.	0.	0	
3.69099	58.8193	114	0	1	2	2	1	1	1.29742e-006	3.16327e-005	0.	0.	0.	0.	0.	1.	0.	0.	0.	0.	0	
3.70801	58.7765	115	0	1	2	2	1	1	1.29742e-006	3.16327e-005	0.	0.	0.	0.	0.	1.	0.	0.	0.	0.	0	
3.72501	58.8193	116	0	1	2	2	1	1	1.29742e-006	3.16327e-005	0.	0.	0.	0.	0.	1.	0.	0.	0.	0.	0	
3.74202	58.7901	117	0	1	2	2	1	1	1.29742e-006	3.16327e-005	0.	0.	0.	0.	0.	1.	0.	0.	0.	0.	0	
3.75802	62.5013	118	0	1	2	2	1	1	1.29742e-006	3.16327e-005	0.	0.	0.	0.	0.	1.	0.	0.	0.	0.	0	
3.77502	58.8036	119	0	1	2	2	1	1	1.29742e-006	3.16327e-005	0.	0.	0.	0.	0.	1.	0.	0.	0.	0.	0	
3.79102	62.506	120	0	1	2	2	1	1	1.29742e-006	3.16327e-005	0.	0.	0.	0.	0.	1.	0.	0.	0.	0.	0	
3.80802	58.8162	121	0	1	2	2	1	1	1.29742e-006	3.16327e-005	0.	0.	0.	0.	0.	1.	0.	0.	0.	0.	0	
3.82502	58.8548	122	0	1	2	2	1	1	1.29742e-006	3.16327e-005	0.	0.	0.	0.	0.	1.	0.	0.	0.	0.	0	
3.84202	58.8005	123	0	1	2	2	1	1	1.29742e-006	3.16327e-005	0.	0.	0.	0.	0.	1.	0.	0.	0.	0.	0	
3.85802	62.5142	124	0	1	2	2	1	1	1.29742e-006	3.16327e-005	0.	0.	0.	0.	0.	1.	0.	0.	0.	0.	0	
3.87501	58.8412	125	0	1	2	2	1	1	1.29742e-006	3.16327e-005	0.	0.	0.	0.	0.	1.	0.	0.	0.	0.	0	
3.89103	62.4518	126	0	1	2	2	1	1	1.29742e-006	3.16327e-005	0.	0.	0.	0.	0.	1.	0.	0.	0.	0.	0	
3.90803	58.7943	127	0	1	2	2	1	1	1.29742e-006	3.16327e-005	0.	0.	0.	0.	0.	1.	0.	0.	0.	0.	0	
3.92503	58.8245	128	0	1	2	2	1	1	1.29742e-006	3.16327e-005	0.	0.	0.	0.	0.	1.	0.	0.	0.	0.	0	
3.94203	58.8423	129	0	1	2	2	1	1	1.29742e-006	3.16327e-005	0.	0.	0.	0.	0.	1.	0.	0.	0.	0.	0	
3.95902	58.8444	130	0	1	2	2	1	1	1.29742e-006	3.16327e-005	0.	0.	0.	0.	0.	1.	0.	0.	0.	0.	0	
3.976	58.8841	131	0	1	2	2	1	1	1.29742e-006	3.16327e-005	0.	0.	0.	0.	0.	1.	0.	0.	0.	0.	0	
3.99304	58.7057	132	0	1	2	2	1	1	1.29742e-006	3.16327e-005	0.	0.	0.	0.	0.	1.	0.	0.	0.	0.	0	
4.01003	58.8622	133	0	1	2	2	1	1	1.29742e-006	3.16327e-005	0.	0.	0.	0.	0.	1.	0.	0.	0.	0.	0	
4.02703	58.8204	134	0	1	2	2	1	1	1.29742e-006	3.16327e-005	0.	0.	0.	0.	0.	1.	0.	0.	0.	0.	0	
4.04402	58.8643	135	0	1	2	2	1	1	1.29742e-006	3.16327e-005	0.	0.	0.	0.	0.	1.	0.	0.	0.	0.	0	
4.06001	62.5438	136	0	1	2	2	1	1	1.29742e-006	3.16327e-005	0.	0.	0.	0.	0.	1.	0.	0.	0.	0.	0	
4.07703	58.7369	137	0	1	2	2	1	1	1.29742e-006	3.16327e-005	0.	0.	0.	0.	0.	1.	0.	0.	0.	0.	0	
4.09303	62.4918	138	0	1	2	2	1	1	1.29742e-006	3.16327e-005	0.	0.	0.	0.	0.	1.	0.	0.	0.	0.	0	
4.11003	58.8172	139	0	1	2	2	1	1	1.29742e-006	3.16327e-005	0.	0.	0.	0.	0.	1.	0.	0.	0.	0.	0	
4.12705	58.7546	140	0	1	2	2	1	1	1.29742e-006	3.16327e-005	0.	0.	0.	0.	0.	1.	0.	0.	0.	0.	0	
4.14403	58.9218	141	0	1	2	2	1	1	1.29742e-006	3.16327e-005	0.	0.	0.	0.	0.	1.	0.	0.	0.	0.	0	
4.16103	58.7995	142	0	1	2	2	1	1	1.29742e-006	3.16327e-005	0.	0.	0.	0.	0.	1.	0.	0.	0.	0.	0	
4.17802	58.8527	143	0	1	2	2	1	1	1.29742e-006	3.16327e-005	0.	0.	0.	0.	0.	1.	0.	0.	0.	0.	0	
4.19401	62.5638	144	0	1	2	2	1	1	1.29742e-006	3.16327e-005	0.	0.	0.	0.	0.	1.	0.	0.	0.	0.	0	
4.21103	58.7567	145	0	1	2	2	1	1	1.29742e-006	3.16327e-005	0.	0.	0.	0.	0.	1.	0.	0.	0.	0.	0	
4.22802	58.8444	146	0	1	2	2	1	1	1.29742e-006	3.16327e-005	0.	0.	0.	0.	0.	1.	0.	0.	0.	0.	0	
4.24504	58.7609	147	0	1	2	2	1	1	1.29742e-006	3.16327e-005	0.	0.	0.	0.	0.	1.	0.	0.	0.	0.	0	
4.26104	62.5131	148	0	1	2	2	1	1	1.29742e-006	3.16327e-005	0.	0.	0.	0.	0.	1.	0.	0.	0.	0.	0	
4.27802	58.8632	149	0	1	2	2	1	1	1.29742e-006	3.16327e-005	0.	0.	0.	0.	0.	1.	0.	0.	0.	0.	0	
4.29404	62.4283	150	0	1	2	2	1	1	1.29742e-006	3.16327e-005	0.	0.	0.	0.	0.	1.	0.	0.	0.	0.	0	
4.31104	58.8402	151	0	1	2	2	1	1	1.29742e-006	3.16327e-005	0.	0.	0.	0.	0.	1.	0.	0.	0.	0.	0	
4.32705	62.4742	152	0	1	2	2	1	1	1.29742e-006	3.16327e-005	0.	0.	0.	0.	0.	1.	0.	0.	0.	0.	0	
4.34405	58.812	153	0	1	2	2	1	1	1.29742e-006	3.16327e-005	0.	0.	0.	0.	0.	1.	0.	0.	0.	0.	0	
4.36103	58.881	154	0	1	2	2	1	1	1.29742e-006	3.16327e-005	0.	0.	0.	0.	0.	1.	0.	0.	0.	0.	0	
4.37701	62.5709	155	0	1	2	2	1	1	1.29742e-006	3.16327e-005	0.	0.	0.	0.	0.	1.	0.	0.	0.	0.	0	
4.39305	62.3531	156	0	1	2	2	1	1	1.29742e-006	3.16327e-005	0.	0.	0.	0.	0.	1.	0.	0.	0.	0.	0	
4.41005	58.8256	157	0	1	2	2	1	1	1.29742e-006	3.16327e-005	0.	0.	0.	0.	0.	1.	0.	0.	0.	0.	0	
4.42704	58.8632	158	0	1	2	2	1	1	1.29742e-006	3.16327e-005	0.	0.	0.	0.	0.	1.	0.	0.	0.	0.	0	
4.44405	58.7797	159	0	1	2	2	1	1	1.29742e-006	3.16327e-005	0.	0.	0.	0.	0.	1.	0.	0.	0.	0.	0	
4.46004	62.5508	160	0	1	2	2	1	1	1.29742e-006	3.16327e-005	0.	0.	0.	0.	0.	1.	0.	0.	0.	0.	0	
4.47704	58.8047	161	0	1	2	2	1	1	1.29742e-006	3.16327e-005	0.	0.	0.	0.	0.	1.	0.	0.	0.	0.	0	
4.49304	62.5154	162	0	1	2	2	1	1	1.29742e-006	3.16327e-005	0.	0.	0.	0.	0.	1.	0.	0.	0.	0.	0	
4.51005	58.8068	163	0	1	2	2	1	1	1.29742e-006	3.16327e-005	0.	0.	0.	0.	0.	1.	0.	0.	0.	0.	0	
4.52604	62.5154	164	0	1	2	2	1	1	1.29742e-006	3.16327e-005	0.	0.	0.	0.	0.	1.	0.	0.	0.	0.	0	
4.54305	58.7776	165	0	1	2	2	1	1	1.29742e-006	3.16327e-005	0.	0.	0.	0.	0.	1.	0.	0.	0.	0.	0	
4.56005	58.8486	166	0	1	2	2	1	1	1.29742e-006	3.16327e-005	0.	0.	0.	0.	0.	1.	0.	0.	0.	0.	0	
4.57705	58.7984	167	0	1	2	2	1	1	1.29742e-006	3.16327e-005	0.	0.	0.	0.	0.	1.	0.	0.	0.	0.	0	
4.59304	62.5426	168	0	1	2	2	1	1	1.29742e-006	3.16327e-005	0.	0.	0.	0.	0.	1.	0.	0.	0.	0.	0	
4.60907	62.3953	169	0	1	2	2	1	1	1.29742e-006	3.16327e-005	0.	0.	0.	0.	0.	1.	0.	0.	0.	0.	0	
4.62604	58.9218	170	0	1	2	2	1	1	1.29742e-006	3.16327e-005	0.	0.	0.	0.	0.	1.	0.	0.	0.	0.	0	
4.64304	58.835	171	0	1	2	2	1	1	1.29742e-006	3.16327e-005	0.	0.	0.	0.	0.	1.	0.	0.	0.	0.	0	
4.65904	62.4883	172	0	1	2	2	1	1	1.29742e-006	3.16327e-005	0.	0.	0.	0.	0.	1.	0.	0.	0.	0.	0	
4.67605	58.8026	173	0	1	2	2	1	1	1.29742e-006	3.16327e-005	0.	0.	0.	0.	0.	1.	0.	0.	0.	0.	0	
4.69205	62.4812	174	0	1	2	2	1	1	1.29742e-006	3.16327e-005	0.	0.	0.	0.	0.	1.	0.	0.	0.	0.	0	
4.70905	58.8423	175	0	1	2	2	1	1	1.29742e-006	3.16327e-005	0.	0.	0.	0.	0.	1.	0.	0.	0.	0.	0	
4.72605	58.8287	176	0	1	2	2	1	1	1.29742e-006	3.16327e-005	0.	0.	0.	0.	0.	1.	0.	0.	0.	0.	0	
4.74306	58.7817	177	0	1	2	2	1	1	1.29742e-006	3.16327e-005	0.	0.	0.	0.	0.	1.	0.	0.	0.	0.	0	
4.76004	58.8779	178	0	1	2	2	1	1	1.29742e-006	3.16327e-005	0.	0.	0.	0.	0.	1.	0.	0.	0.	0.	0	
4.77706	58.7661	179	0	1	2	2	1	1	1.29742e-006	3.16327e-005	0.	0.	0.	0.	0.	1.	0.	0.	0.	0.	0	
4.79304	62.5887	180	0	1	2	2	1	1	1.29742e-006	3.16327e-005	0.	0.	0.	0.	0.	1.	0.	0.	0.	0.	0	
4.81005	58.7755	181	0	1	2	2	1	1	1.29742e-006	3.16327e-005	0.	0.	0.	0.	0.	1.	0.	0.	0.	0.	0	
4.82704	58.8423	182	0	1	2	2	1	1	1.29742e-006	3.16327e-005	0.	0.	0.	0.	0.	1.	0.	0.	0.	0.	0	
4.84404	58.8454	183	0	1	2	2	1	1	1.29742e-006	3.16327e-005	0.	0.	0.	0.	0.	1.	0.	0.	0.	0.	0	
4.86104	58.8047	184	0	1	2	2	1	1	1.29742e-006	3.16327e-005	0.	0.	0.	0.	0.	1.	0.	0.	0.	0.	0	
4.87804	58.8298	185	0	1	2	2	1	1	1.29742e-006	3.16327e-005	0.	0.	0.	0.	0.	1.	0.	0.	0.	0.	0	
4.8951	58.633	186	0	1	2	2	1	1	1.29742e-006	3.16327e-005	0.	0.	0.	0.	0.	1.	0.	0.	0.	0.	0	
4.91204	59.0131	187	0	1	2	2	1	1	1.29742e-006	3.16327e-005	0.	0.	0.	0.	0.	1.	0.	0.	0.	0.	0	
4.92907	58.7182	188	0	1	2	2	1	1	1.29742e-006	3.16327e-005	0.	0.	0.	0.	0.	1.	0.	0.	0.	0.	0	
4.94605	58.9072	189	0	1	2	2	1	1	1.29742e-006	3.16327e-005	0.	0.	0.	0.	0.	1.	0.	0.	0.	0.	0	
4.96305	58.8235	190	0	1	2	2	1	1	1.29742e-006	3.16327e-005	0.	0.	0.	0.	0.	1.	0.	0.	0.	0.	0	
4.98005	58.8245	191	0	1	2	2	1	1	1.29742e-006	3.16327e-005	0.	0.	0.	0.	0.	1.	0.	0.	0.	0.	0	
4.99705	58.8266	192	0	1	2	2	1	1	1.29742e-006	3.16327e-005	0.	0.	0.	0.	0.	1.	0.	0.	0.	0.	0	
5.01405	58.8151	193	0	1	2	2	1	1	1.29742e-006	3.16327e-005	0.	0.	0.	0.	0.	1.	0.	0.	0.	0.	0	
5.03105	58.8172	194	0	1	2	2	1	1	1.29742e-006	3.16327e-005	0.	0.	0.	0.	0.	1.	0.	0.	0.	0.	0	
5.04805	58.8245	195	0	1	2	2	1	1	1.29742e-006	3.16327e-005	0.	0.	0.	0.	0.	1.	0.	0.	0.	0.	0	
5.06405	62.4977	196	0	1	2	2	1	1	1.29742e-006	3.16327e-005	0.	0.	0.	0.	0.	1.	0.	0.	0.	0.	0	
5.08105	58.8204	197	0	1	2	2	1	1	1.29742e-006	3.16327e-005	0.	0.	0.	0.	0.	1.	0.	0.	0.	0.	0	
5.09805	58.8371	198	0	1	2	2	1	1	1.29742e-006	3.16327e-005	0.	0.	0.	0.	0.	1.	0.	0.	0.	0.	0	
5.11505	58.8162	199	0	1	2	2	1	1	1.29742e-006	3.16327e-005	0.	0.	0.	0.	0.	1.	0.	0.	0.	0.	0	
5.13206	58.7901	200	0	1	2	2	1	1	1.29742e-006	3.16327e-005	0.	0.	0.	0.	0.	1.	0.	0.	0.	0.	0	
5.14906	58.8183	201	0	1	2	2	1	1	1.29742e-006	3.16327e-005	0.	0.	0.	0.	0.	1.	0.	0.	0.	0.	0	
5.16607	58.8099	202	0	1	2	2	1	1	1.29742e-006	3.16327e-005	0.	0.	0.	0.	0.	1.	0.	0.	0.	0.	0	
5.18306	58.8622	203	0	1	2	2	1	1	1.29742e-006	3.16327e-005	0.	0.	0.	0.	0.	1.	0.	0.	0.	0.	0	
5.20005	58.8256	204	0	1	2	2	1	1	1.29742e-006	3.16327e-005	0.	0.	0.	0.	0.	1.	0.	0.	0.	0.	0	
5.21707	58.7651	205	0	1	2	2	1	1	1.29742e-006	3.16327e-005	0.	0.	0.	0.	0.	1.	0.	0.	0.	0.	0	
5.23407	58.813	206	0	1	2	2	1	1	1.29742e-006	3.16327e-005	0.	0.	0.	0.	0.	1.	0.	0.	0.	0.	0	
5.25007	62.506	207	0	1	2	2	1	1	1.29742e-006	3.16327e-005	0.	0.	0.	0.	0.	1.	0.	0.	0.	0.	0	
5.26707	58.8224	208	0	1	2	2	1	1	1.29742e-006	3.16327e-005	0.	0.	0.	0.	0.	1.	0.	0.	0.	0.	0	
5.28405	58.9197	209	0	1	2	2	1	1	1.29742e-006	3.16327e-005	0.	0.	0.	0.	0.	1.	0.	0.	0.	0.	0	
5.30108	58.7078	210	0	1	2	2	1	1	1.29742e-006	3.16327e-005	0.	0.	0.	0.	0.	1.	0.	0.	0.	0.	0	
5.31808	58.836	211	0	1	2	2	1	1	1.29742e-006	3.16327e-005	0.	0.	0.	0.	0.	1.	0.	0.	0.	0.	0	
5.33508	58.8036	212	0	1	2	2	1	1	1.29742e-006	3.16327e-005	0.	0.	0.	0.	0.	1.	0.	0.	0.	0.	0	
5.35209	58.8099	213	0	1	2	2	1	1	1.29742e-006	3.16327e-005	0.	0.	0.	0.	0.	1.	0.	0.	0.	0.	0	
5.36808	62.5201	214	0	1	2	2	1	1	1.29742e-006	3.16327e-005	0.	0.	0.	0.	0.	1.	0.	0.	0.	0.	0	
5.38508	58.8329	215	0	1	2	2	1	1	1.29742e-006	3.16327e-005	0.	0.	0.	0.	0.	1.	0.	0.	0.	0.	0	
5.40208	58.7995	216	0	1	2	2	1	1	1.29742e-006	3.16327e-005	0.	0.	0.	0.	0.	1.	0.	0.	0.	0.	0	
5.41806	62.5875	217	0	1	2	2	1	1	1.29742e-006	3.16327e-005	0.	0.	0.	0.	0.	1.	0.	0.	0.	0.	0	
5.43508	58.7525	218	0	1	2	2	1	1	1.29742e-006	3.16327e-005	0.	0.	0.	0.	0.	1.	0.	0.	0.	0.	0	
5.45109	62.4636	219	0	1	2	2	1	1	1.29742e-006	3.16327e-005	0.	0.	0.	0.	0.	1.	0.	0.	0.	0.	0	
5.46809	58.8475	220	0	1	2	2	1	1	1.29742e-006	3.16327e-005	0.	0.	0.	0.	0.	1.	0.	0.	0.	0.	0	
5.48508	58.8277	221	0	1	2	2	1	1	1.29742e-006	3.16327e-005	0.	0.	0.	0.	0.	1.	0.	0.	0.	0.	0	
5.50207	58.8601	222	0	1	2	2	1	1	1.29742e-006	3.16327e-005	0.	0.	0.	0.	0.	1.	0.	0.	0.	0.	0	
5.51908	58.8172	223	0	1	2	2	1	1	1.29742e-006	3.16327e-005	0.	0.	0.	0.	0.	1.	0.	0.	0.	0.	0	
5.53608	58.7963	224	0	1	2	2	1	1	1.29742e-006	3.16327e-005	0.	0.	0.	0.	0.	1.	0.	0.	0.	0.	0	
5.55309	58.8141	225	0	1	2	2	1	1	1.29742e-006	3.16327e-005	0.	0.	0.	0.	0.	1.	0.	0.	0.	0.	0	
5.57008	58.8371	226	0	1	2	2	1	1	1.29742e-006	3.16327e-005	0.	0.	0.	0.	0.	1.	0.	0.	0.	0.	0	
5.5871	58.7692	227	0	1	2	2	1	1	1.29742e-006	3.16327e-005	0.	0.	0.	0.	0.	1.	0.	0.	0.	0.	0	
5.60409	58.8402	228	0	1	2	2	1	1	1.29742e-006	3.16327e-005	0.	0.	0.	0.	0.	1.	0.	0.	0.	0.	0	
5.62109	58.8318	229	0	1	2	2	1	1	1.29742e-006	3.16327e-005	0.	0.	0.	0.	0.	1.	0.	0.	0.	0.	0	
5.63809	58.835	230	0	1	2	2	1	1	1.29742e-006	3.16327e-005	0.	0.	0.	0.	0.	1.	0.	0.	0.	0.	0	
5.65508	58.8454	231	0	1	2	2	1	1	1.29742e-006	3.16327e-005	0.	0.	0.	0.	0.	1.	0.	0.	0.	0.	0	
5.67109	62.4824	232	0	1	2	2	1	1	1.29742e-006	3.16327e-005	0.	0.	0.	0.	0.	1.	0.	0.	0.	0.	0	
5.6881	58.7682	233	0	1	2	2	1	1	1.29742e-006	3.16327e-005	0.	0.	0.	0.	0.	1.	0.	0.	0.	0.	0	
5.70509	58.8475	234	0	1	2	2	1	1	1.29742e-006	3.16327e-005	0.	0.	0.	0.	0.	1.	0.	0.	0.	0.	0	
5.7221	58.811	235	0	1	2	2	1	1	1.29742e-006	3.16327e-005	0.	0.	0.	0.	0.	1.	0.	0.	0.	0.	0	
5.7381	62.5083	236	0	1	2	2	1	1	1.29742e-006	3.16327e-005	0.	0.	0.	0.	0.	1.	0.	0.	0.	0.	0	
5.7551	58.8078	237	0	1	2	2	1	1	1.29742e-006	3.16327e-005	0.	0.	0.	0.	0.	1.	0.	0.	0.	0.	0	
5.77213	58.7078	238	0	1	2	2	1	1	1.29742e-006	3.16327e-005	0.	0.	0.	0.	0.	1.	0.	0.	0.	0.	0	
5.78912	58.8643	239	0	1	2	2	1	1	1.29742e-006	3.16327e-005	0.	0.	0.	0.	0.	1.	0.	0.	0.	0.	0	
5.80615	58.74	240	0	1	2	2	1	1	1.29742e-006	3.16327e-005	0.	0.	0.	0.	0.	1.	0.	0.	0.	0.	0	
5.82314	58.8538	241	0	1	2	2	1	1	1.29742e-006	3.16327e-005	0.	0.	0.	0.	0.	1.	0.	0.	0.	0.	0	
5.84013	58.8392	242	0	1	2	2	1	1	1.29742e-006	3.16327e-005	0.	0.	0.	0.	0.	1.	0.	0.	0.	0.	0	
5.85714	58.8057	243	0	1	2	2	1	1	1.29742e-006	3.16327e-005	0.	0.	0.	0.	0.	1.	0.	0.	0.	0.	0	
5.87414	58.8214	244	0	1	2	2	1	1	1.29742e-006	3.16327e-005	0.	0.	0.	0.	0.	1.	0.	0.	0.	0.	0	
5.89116	58.7359	245	0	1	2	2	1	1	1.29742e-006	3.16327e-005	0.	0.	0.	0.	0.	1.	0.	0.	0.	0.	0	
5.90814	58.9197	246	0	1	2	2	1	1	1.29742e-006	3.16327e-005	0.	0.	0.	0.	0.	1.	0.	0.	0.	0.	0	
5.92513	58.8444	247	0	1	2	2	1	1	1.29742e-006	3.16327e-005	0.	0.	0.	0.	0.	1.	0.	0.	0.	0.	0	
5.94213	58.8162	248	0	1	2	2	1	1	1.29742e-006	3.16327e-005	0.	0.	0.	0.	0.	1.	0.	0.	0.	0.	0	
5.95911	58.8873	249	0	1	2	2	1	1	1.29742e-006	3.16327e-005	0.	0.	0.	0.	0.	1.	0.	0.	0.	0.	0	
5.97513	62.4483	250	0	1	2	2	1	1	1.29742e-006	3.16327e-005	0.	0.	0.	0.	0.	1.	0.	0.	0.	0.	0	
5.99215	58.7536	251	0	1	2	2	1	1	1.29742e-006	3.16327e-005	0.	0.	0.	0.	0.	1.	0.	0.	0.	0.	0	
6.00921	58.6247	252	0	1	2	2	1	1	1.29742e-006	3.16327e-005	0.	0.	0.	0.	0.	1.	0.	0.	0.	0.	0	
6.02512	62.8237	253	0	1	2	2	1	1	1.29742e-006	3.16327e-005	0.	0.	0.	0.	0.	1.	0.	0.	0.	0.	0	
6.04213	58.8068	254	0	1	2	2	1	1	1.29742e-006	3.16327e-005	0.	0.	0.	0.	0.	1.	0.	0.	0.	0.	0	
6.05913	58.8026	255	0	1	2	2	1	1	1.29742e-006	3.16327e-005	0.	0.	0.	0.	0.	1.	0.	0.	0.	0.	0	
6.07613	58.8433	256	0	1	2	2	1	1	1.29742e-006	3.16327e-005	0.	0.	0.	0.	0.	1.	0.	0.	0.	0.	0	
6.09313	58.8078	257	0	1	2	2	1	1	1.29742e-006	3.16327e-005	0.	0.	0.	0.	0.	1.	0.	0.	0.	0.	0	
6.11012	58.8569	258	0	1	2	2	1	1	1.29742e-006	3.16327e-005	0.	0.	0.	0.	0.	1.	0.	0.	0.	0.	0	
6.12712	58.836	259	0	1	2	2	1	1	1.29742e-006	3.16327e-005	0.	0.	0.	0.	0.	1.	0.	0.	0.	0.	0	
6.14423	58.4447	260	0	1	2	2	1	1	1.29742e-006	3.16327e-005	0.	0.	0.	0.	0.	1.	0.	0.	0.	0.	0	
6.16114	59.1385	261	0	1	2	2	1	1	1.29742e-006	3.16327e-005	0.	0.	0.	0.	0.	1.	0.	0.	0.	0.	0	
6.17812	58.8915	262	0	1	2	2	1	1	1.29742e-006	3.16327e-005	0.	0.	0.	0.	0.	1.	0.	0.	0.	0.	0	
6.19513	58.7859	263	0	1	2	2	1	1	1.29742e-006	3.16327e-005	0.	0.	0.	0.	0.	1.	0.	0.	0.	0.	0	
6.21213	58.8204	264	0	1	2	2	1	1	1.29742e-006	3.16327e-005	0.	0.	0.	0.	0.	1.	0.	0.	0.	0.	0	
6.22917	58.688	265	0	1	2	2	1	1	1.29742e-006	3.16327e-005	0.	0.	0.	0.	0.	1.	0.	0.	0.	0.	0	
6.24613	58.9522	266	0	1	2	2	1	1	1.29742e-006	3.16327e-005	0.	0.	0.	0.	0.	1.	0.	0.	0.	0.	0	
6.2621	62.6123	267	0	1	2	2	1	1	1.29742e-006	3.16327e-005	0.	0.	0.	0.	0.	1.	0.	0.	0.	0.	0	
6.27813	62.4177	268	0	1	2	2	1	1	1.29742e-006	3.16327e-005	0.	0.	0.	0.	0.	1.	0.	0.	0.	0.	0	
6.2951	58.9155	269	0	1	2	2	1	1	1.29742e-006	3.16327e-005	0.	0.	0.	0.	0.	1.	0.	0.	0.	0.	0	
6.31215	58.6423	270	0	1	2	2	1	1	1.29742e-006	3.16327e-005	0.	0.	0.	0.	0.	1.	0.	0.	0.	0.	0	
6.32916	58.8016	271	0	1	2	2	1	1	1.29742e-006	3.16327e-005	0.	0.	0.	0.	0.	1.	0.	0.	0.	0.	0	
6.34614	58.8883	272	0	1	2	2	1	1	1.29742e-006	3.16327e-005	0.	0.	0.	0.	0.	1.	0.	0.	0.	0.	0	
6.36314	58.8277	273	0	1	2	2	1	1	1.29742e-006	3.16327e-005	0.	0.	0.	0.	0.	1.	0.	0.	0.	0.	0	
6.38016	58.7651	274	0	1	2	2	1	1	1.29742e-006	3.16327e-005	0.	0.	0.	0.	0.	1.	0.	0.	0.	0.	0	
6.39715	58.8548	275	0	1	2	2	1	1	1.29742e-006	3.16327e-005	0.	0.	0.	0.	0.	1.	0.	0.	0.	0.	0	
6.41314	62.5048	276	0	1	2	2	1	1	1.29742e-006	3.16327e-005	0.	0.	0.	0.	0.	1.	0.	0.	0.	0.	0	
6.43008	59.0458	277	0	1	2	2	1	1	1.29742e-006	3.16327e-005	0.	0.	0.	0.	0.	1.	0.	0.	0.	0.	0	
6.44615	62.2137	278	0	1	2	2	1	1	1.29742e-006	3.16327e-005	0.	0.	0.	0.	0.	1.	0.	0.	0.	0.	0	
6.46312	58.9355	279	0	1	2	2	1	1	1.29742e-006	3.16327e-005	0.	0.	0.	0.	0.	1.	0.	0.	0.	0.	0	
6.48014	58.7598	280	0	1	2	2	1	1	1.29742e-006	3.16327e-005	0.	0.	0.	0.	0.	1.	0.	0.	0.	0.	0	
6.4971	58.947	281	0	1	2	2	1	1	1.29742e-006	3.16327e-005	0.	0.	0.	0.	0.	1.	0.	0.	0.	0.	0	
6.51416	58.6371	282	0	1	2	2	1	1	1.29742e-006	3.16327e-005	0.	0.	0.	0.	0.	1.	0.	0.	0.	0.	0	
6.53117	58.7984	283	0	1	2	2	1	1	1.29742e-006	3.16327e-005	0.	0.	0.	0.	0.	1.	0.	0.	0.	0.	0	
6.54815	58.8758	284	0	1	2	2	1	1	1.29742e-006	3.16327e-005	0.	0.	0.	0.	0.	1.	0.	0.	0.	0.	0	
6.56515	58.8193	285	0	1	2	2	1	1	1.29742e-006	3.16327e-005	0.	0.	0.	0.	0.	1.	0.	0.	0.	0.	0	
6.58221	58.6112	286	0	1	2	2	1	1	1.29742e-006	3.16327e-005	0.	0.	0.	0.	0.	1.	0.	0.	0.	0.	0	
6.59915	59.0405	287	0	1	2	2	1	1	1.29742e-006	3.16327e-005	0.	0.	0.	0.	0.	1.	0.	0.	0.	0.	0	
6.61614	58.8507	288	0	1	2	2	1	1	1.29742e-006	3.16327e-005	0.	0.	0.	0.	0.	1.	0.	0.	0.	0.	0	
6.63316	58.7807	289	0	1	2	2	1	1	1.29742e-006	3.16327e-005	0.	0.	0.	0.	0.	1.	0.	0.	0.	0.	0	
6.64917	62.44	290	0	1	2	2	1	1	1.29742e-006	3.16327e-005	0.	0.	0.	0.	0.	1.	0.	0.	0.	0.	0	
6.66614	58.9449	291	0	1	2	2	1	1	1.29742e-006	3.16327e-005	0.	0.	0.	0.	0.	1.	0.	0.	0.	0.	0	
6.68308	59.0152	292	0	1	2	2	1	1	1.29742e-006	3.16327e-005	0.	0.	0.	0.	0.	1.	0.	0.	0.	0.	0	
6.69912	62.3531	293	0	1	2	2	1	1	1.29742e-006	3.16327e-005	0.	0.	0.	0.	0.	1.	0.	0.	0.	0.	0	
6.71511	62.5414	294	0	1	2	2	1	1	1.29742e-006	3.16327e-005	0.	0.	0.	0.	0.	1.	0.	0.	0.	0.	0	
6.73215	58.6776	295	0	1	2	2	1	1	1.29742e-006	3.16327e-005	0.	0.	0.	0.	0.	1.	0.	0.	0.	0.	0	
6.74915	58.836	296	0	1	2	2	1	1	1.29742e-006	3.16327e-005	0.	0.	0.	0.	0.	1.	0.	0.	0.	0.	0	
6.76615	58.7974	297	0	1	2	2	1	1	1.29742e-006	3.16327e-005	0.	0.	0.	0.	0.	1.	0.	0.	0.	0.	0	
6.78215	62.5131	298	0	1	2	2	1	1	1.29742e-006	3.16327e-005	0.	0.	0.	0.	0.	1.	0.	0.	0.	0.	0	
6.79912	58.9208	299	0	1	2	2	1	1	1.29742e-006	3.16327e-005	0.	0.	0.	0.	0.	1.	0.	0.	0.	0.	0	
6.81512	62.5154	300	0	1	2	2	1	1	1.29742e-006	3.16327e-005	0.	0.	0.	0.	0.	1.	0.	0.	0.	0.	0	
6.83217	58.6496	301	0	1	2	2	1	1	1.29742e-006	3.16327e-005	0.	0.	0.	0.	0.	1.	0.	0.	0.	0.	0	
6.84911	59.0163	302	0	1	2	2	1	1	1.29742e-006	3.16327e-005	0.	0.	0.	0.	0.	1.	0.	0.	0.	0.	0	
6.86612	58.8068	303	0	1	2	2	1	1	1.29742e-006	3.16327e-005	0.	0.	0.	0.	0.	1.	0.	0.	0.	0.	0	
6.88319	58.5853	304	0	1	2	2	1	1	1.29742e-006	3.16327e-005	0.	0.	0.	0.	0.	1.	0.	0.	0.	0.	0	
6.90011	59.1016	305	0	1	2	2	1	1	1.29742e-006	3.16327e-005	0.	0.	0.	0.	0.	1.	0.	0.	0.	0.	0	
6.91613	62.4224	306	0	1	2	2	1	1	1.29742e-006	3.16327e-005	0.	0.	0.	0.	0.	1.	0.	0.	0.	0.	0	
6.93317	58.6797	307	0	1	2	2	1	1	1.29742e-006	3.16327e-005	0.	0.	0.	0.	0.	1.	0.	0.	0.	0.	0	
6.95017	58.813	308	0	1	2	2	1	1	1.29742e-006	3.16327e-005	0.	0.	0.	0.	0.	1.	0.	0.	0.	0.	0	
6.96715	58.903	309	0	1	2	2	1	1	1.29742e-006	3.16327e-005	0.	0.	0.	0.	0.	1.	0.	0.	0.	0.	0	
6.98316	62.4589	310	0	1	2	2	1	1	1.29742e-006	3.16327e-005	0.	0.	0.	0.	0.	1.	0.	0.	0.	0.	0	
7.00015	58.8423	311	0	1	2	2	1	1	1.29742e-006	3.16327e-005	0.	0.	0.	0.	0.	1.	0.	0.	0.	0.	0	
7.01714	58.8852	312	0	1	2	2	1	1	1.29742e-006	3.16327e-005	0.	0.	0.	0.	0.	1.	0.	0.	0.	0.	0	
7.03316	62.4047	313	0	1	2	2	1	1	1.29742e-006	3.16327e-005	0.	0.	0.	0.	0.	1.	0.	0.	0.	0.	0	
7.05013	58.9176	314	0	1	2	2	1	1	1.29742e-006	3.16327e-005	0.	0.	0.	0.	0.	1.	0.	0.	0.	0.	0	
7.06716	58.74	315	0	1	2	2	1	1	1.29742e-006	3.16327e-005	0.	0.	0.	0.	0.	1.	0.	0.	0.	0.	0	
7.08416	58.8026	316	0	1	2	2	1	1	1.29742e-006	3.16327e-005	0.	0.	0.	0.	0.	1.	0.	0.	0.	0.	0	
7.10118	58.7859	317	0	1	2	2	1	1	1.29742e-006	3.16327e-005	0.	0.	0.	0.	0.	1.	0.	0.	0.	0.	0	
7.11819	58.763	318	0	1	2	2	1	1	1.29742e-006	3.16327e-005	0.	0.	0.	0.	0.	1.	0.	0.	0.	0.	0	
7.13516	58.9397	319	0	1	2	2	1	1	1.29742e-006	3.16327e-005	0.	0.	0.	0.	0.	1.	0.	0.	0.	0.	0	
7.15216	58.8224	320	0	1	2	2	1	1	1.3281e-006	3.16327e-005	0.	0.	5.55556e-002	0.	0.	1.	0.	0.	0.	12.	0	
7.16917	58.787	321	0	1	2	2	1	1	1.38944e-006	3.16327e-005	0.	0.	0.166667	0.	0.	1.	0.	0.	0.	12.	0	
7.18616	58.8695	322	0	1	2	2	1	1	1.45078e-006	3.16327e-005	0.	0.	0.277778	0.	0.	1.	0.	0.	0.	12.	0	
7.20319	58.7265	323	0	1	2	2	1	1	1.51213e-006	3.16327e-005	0.	0.	0.388889	0.	0.	1.	0.	0.	0.	12.	0	
7.21917	62.5438	324	0	1	2	2	1	1	1.57347e-006	3.16327e-005	0.	0.	0.5	0.	0.	1.	0.	0.	0.	12.	0	
7.23619	58.7786	325	0	1	2	2	1	1	1.63482e-006	3.16327e-005	0.	0.	0.611111	0.	0.	1.	0.	0.	0.	12.	0	
7.25311	59.0826	326	0	1	2	2	1	1	1.69616e-006	3.16327e-005	0.	0.	0.722222	0.	0.	1.	0.	0.	0.	12.	0	
7.27016	58.662	327	0	1	2	2	1	1	1.7575e-006	3.16327e-005	0.	0.	0.833333	0.	0.	1.	0.	0.	0.	12.	0	
7.28718	58.7348	328	0	1	2	2	1	1	1.81885e-006	3.16327e-005	0.	0.	0.944444	0.	0.	1.	0.	0.	0.	12.	0	
7.30415	58.9271	329	0	1	2	2	1	1	1.88019e-006	3.16327e-005	0.	0.	1.05556	0.	0.	1.	0.	0.	0.	12.	0	
7.3212	58.6755	330	0	1	2	2	1	1	1.94154e-006	3.16327e-005	0.	0.	1.16667	0.	0.	1.	0.	0.	0.	12.	0	
7.33816	58.9638	331	0	1	2	2	1	1	2.00288e-006	3.16327e-005	0.	0.	1.27778	0.	0.	1.	0.	0.	0.	12.	0	
7.35518	58.7598	332	0	1	2	2	1	1	2.06422e-006	3.16327e-005	0.	0.	1.38889	0.	0.	1.	0.	0.	0.	12.	0	
7.37219	58.763	333	0	1	2	2	1	1	2.12557e-006	3.16327e-005	0.	0.	1.5	0.	0.	1.	0.	0.	0.	12.	0	
7.38916	58.9355	334	0	1	2	2	1	1	2.18691e-006	3.16327e-005	0.	0.	1.61111	0.	0.	1.	0.	0.	0.	12.	0	
7.40617	58.7817	335	0	1	2	2	1	1	2.24825e-006	3.16327e-005	0.	0.	1.72222	0.	0.	1.	0.	0.	0.	12.	0	
7.42317	58.8454	336	0	1	2	2	1	1	2.3096e-006	3.16327e-005	0.	0.	1.83333	0.	0.	1.	0.	0.	0.	12.	0	
7.44017	58.811	337	0	1	2	2	1	1	2.37094e-006	3.16327e-005	0.	0.	1.94444	0.	0.	1.	0.	0.	0.	12.	0	
7.45718	58.8016	338	0	1	2	2	1	2	2.43229e-006	2.35732e-004	0.	0.	2.05556	0.	0.	1.	0.	0.	0.	12.	0	
7.47416	58.8946	339	0	1	2	2	1	2	3.19978e-006	2.35732e-004	0.	0.	2.16667	0.	0.	1.	0.	0.	0.	12.	0	
7.49118	58.7432	340	0	1	2	2	1	2	3.65693e-006	2.35732e-004	0.	0.	2.27778	0.	0.	1.	0.	0.	0.	12.	0	
7.50816	58.8915	341	0	1	2	2	1	2	4.11407e-006	2.35732e-004	0.	0.	2.38889	0.	0.	1.	0.	0.	0.	12.	0	
7.52518	58.7588	342	0	1	2	2	1	2	4.57122e-006	2.35732e-004	0.	0.	2.5	0.	0.	1.	0.	0.	0.	12.	0	
7.54117	62.5343	343	0	1	2	2	1	2	5.02837e-006	2.35732e-004	0.	0.	2.61111	0.	0.	1.	0.	0.	0.	12.	0	
7.55814	58.9323	344	0	1	2	2	1	2	5.48551e-006	2.35732e-004	0.	0.	2.72222	0.	0.	1.	0.	0.	0.	12.	0	
7.57515	58.7734	345	0	1	2	2	1	2	5.94266e-006	2.35732e-004	0.	0.	2.83333	0.	0.	1.	0.	0.	0.	12.	0	
7.59217	58.7703	346	0	1	2	2	1	2	6.3998e-006	2.35732e-004	0.	0.	2.94444	0.	0.	1.	0.	0.	0.	12.	0	
7.60922	58.6506	347	0	1	2	2	1	2	6.85695e-006	2.35732e-004	0.	0.	3.05556	0.	0.	1.	0.	0.	0.	12.	0	
7.62616	59.0342	348	0	1	2	2	1	2	7.31409e-006	2.35732e-004	0.	0.	3.16667	0.	0.	1.	0.	0.	0.	12.	0	
7.64319	58.7026	349	0	1	2	2	1	2	7.99981e-006	2.35732e-004	0.	0.	3.33333	0.	0.	1.	0.	0.	0.	24.	0	
7.66018	58.8569	350	0	1	2	2	1	2	8.9141e-006	2.35732e-004	0.	0.	3.55556	0.	0.	1.	0.	0.	0.	24.	0	
7.67619	62.4859	351	0	1	2	2	1	2	1.0057e-005	2.35732e-004	0.	0.	3.83333	0.	0.	1.	0.	0.	0.	36.	0	
7.69321	58.7515	352	0	1	3	3	1	2	1.14284e-005	2.35732e-004	0.	0.	4.16667	0.	0.	1.	0.	0.	0.	36.	0	
7.70913	62.8034	353	0	2	3	3	2	2	1.30284e-005	2.35732e-004	0.	0.	4.55556	0.	0.	1.	0.	0.	0.	48.	0	
7.72618	58.6392	354	0	2	3	3	2	2	1.4857e-005	2.35732e-004	0.	0.	5.	0.	0.	1.	0.	0.	0.	48.	0	
7.74317	58.8862	355	0	2	3	3	2	2	1.69141e-005	2.35732e-004	0.	0.	5.5	0.	0.	1.	0.	0.	0.	60.	0	
7.76025	58.5449	356	0	2	3	3	2	2	1.91999e-005	2.35732e-004	0.	0.	6.05556	0.	0.	1.	0.	0.	0.	60.	0	
7.77617	62.7963	357	0	2	3	3	2	3	2.14856e-005	6.35203e-004	0.	0.	6.61111	0.	0.	1.	0.	0.	0.	60.	0	
7.79318	58.7984	358	0	2	3	3	2	3	3.01162e-005	6.35203e-004	0.	0.	7.16667	0.	0.	1.	0.	0.	0.	60.	0	
7.80917	62.5414	359	0	2	3	3	2	3	3.62753e-005	6.35203e-004	0.	0.	7.72222	0.	0.	1.	0.	0.	0.	60.	0	
7.82618	58.7859	360	0	2	4	4	2	3	4.24344e-005	6.35203e-004	0.	0.	8.27778	0.	0.	1.	0.	0.	0.	60.	0	
7.84219	62.473	361	0	3	4	4	3	3	4.85934e-005	6.35203e-004	0.	0.	8.83333	0.	0.	1.	0.	0.	0.	60.	0	
7.8592	58.787	362	0	3	4	4	3	3	5.47525e-005	6.35203e-004	0.	0.	9.38889	0.	0.	1.	0.	0.	0.	60.	0	
7.87621	58.787	363	0	3	4	4	3	3	6.09116e-005	6.35203e-004	0.	0.	9.94444	0.	0.	1.	0.	0.	0.	60.	0	
7.89319	58.8716	364	0	3	4	4	3	3	6.70707e-005	6.35203e-004	0.	0.	10.5	0.	0.	1.	0.	0.	0.	60.	0	
7.90918	62.5367	365	0	3	4	4	3	4	7.32298e-005	1.26003e-003	0.	0.	11.0556	0.	0.	1.	0.	0.	0.	60.	0	
7.9262	58.7797	366	0	3	4	4	3	4	9.13452e-005	1.26003e-003	0.	0.	11.6111	0.	0.	1.	0.	0.	0.	60.	0	
7.94318	58.8747	367	0	3	4	4	3	4	1.03563e-004	1.26003e-003	0.	0.	12.1667	0.	0.	1.	0.	0.	0.	60.	0	
7.96018	58.8162	368	0	3	5	5	3	4	1.1578e-004	1.26003e-003	0.	0.	12.7222	0.	0.	1.	0.	0.	0.	60.	0	
7.97615	62.6443	369	0	4	5	5	4	4	1.27998e-004	1.26003e-003	0.	0.	13.2778	0.	0.	1.	0.	0.	0.	60.	0	
7.99319	58.6735	370	0	4	5	5	4	4	1.40215e-004	1.26003e-003	0.	0.	13.8333	0.	0.	1.	0.	0.	0.	60.	0	
8.00918	62.5378	371	0	4	5	5	4	4	1.52433e-004	1.26003e-003	0.	0.	14.3889	0.	0.	1.	0.	0.	0.	60.	0	
8.02619	58.7797	372	0	4	5	5	4	5	1.64651e-004	2.08243e-003	0.	0.	14.9444	0.	0.	1.	0.	0.	0.	60.	0	
8.04223	62.3636	373	0	4	5	5	4	5	1.87736e-004	2.08243e-003	0.	0.	15.5	0.	0.	1.	0.	0.	0.	60.	0	
8.05919	58.9491	374	0	4	5	5	4	5	2.07928e-004	2.08243e-003	0.	0.	16.0556	0.	0.	1.	0.	0.	0.	60.	0	
8.07619	58.8433	375	0	4	6	6	4	5	2.2812e-004	2.08243e-003	0.	0.	16.6111	0.	0.	1.	0.	0.	0.	60.	0	
8.09318	58.8433	376	0	5	6	6	5	5	2.48311e-004	2.08243e-003	0.	0.	17.1667	0.	0.	1.	0.	0.	0.	60.	0	
8.11015	58.9166	377	0	5	6	6	5	5	2.68503e-004	2.08243e-003	0.	0.	17.7222	0.	0.	1.	0.	0.	0.	60.	0	
8.12719	58.7005	378	0	5	6	6	5	5	2.88695e-004	2.08243e-003	0.	0.	18.2778	0.	0.	1.	0.	0.	0.	60.	0	
8.14324	62.2862	379	0	5	6	6	5	5	3.08887e-004	2.08243e-003	0.	0.	18.8333	0.	0.	1.	0.	0.	0.	60.	0	
8.16019	59.0068	380	0	5	6	6	5	6	3.29079e-004	3.1328e-003	0.	0.	19.3889	0.	0.	1.	0.	0.	0.	60.	0	
8.17618	62.5485	381	0	5	6	6	5	6	3.67663e-004	3.1328e-003	0.	0.	19.9444	0.	0.	1.	0.	0.	0.	60.	0	
8.19321	58.7338	382	0	5	6	6	5	6	3.9804e-004	3.1328e-003	0.	0.	20.5	0.	0.	1.	0.	0.	0.	60.	0	
8.20925	62.3343	383	0	5	7	7	5	6	4.28416e-004	3.1328e-003	0.	0.	21.0556	0.	0.	1.	0.	0.	0.	60.	0	
8.22621	58.9638	384	0	6	7	7	6	6	4.58793e-004	3.1328e-003	0.	0.	21.6111	0.	0.	1.	0.	0.	0.	60.	0	
8.2432	58.8601	385	0	6	7	7	6	6	4.89169e-004	3.1328e-003	0.	0.	22.1667	0.	0.	1.	0.	0.	0.	60.	0	
8.26019	58.835	386	0	6	7	7	6	6	5.19546e-004	3.1328e-003	0.	0.	22.7222	0.	0.	1.	0.	0.	0.	60.	0	
8.27718	58.8789	387	0	6	7	7	6	7	5.49922e-004	4.40274e-003	0.	0.	23.2778	0.	0.	1.	0.	0.	0.	60.	0	
8.2932	62.413	388	0	6	7	7	6	7	5.96338e-004	4.40274e-003	0.	0.	23.8333	0.	0.	1.	0.	0.	0.	60.	0	
8.3092	62.4824	389	0	6	7	7	6	7	6.39028e-004	4.40274e-003	0.	0.	24.3889	0.	0.	1.	0.	0.	0.	60.	0	
8.3262	58.8496	390	0	6	8	8	6	7	6.81718e-004	4.40274e-003	0.	0.	24.9444	0.	0.	1.	0.	0.	0.	60.	0	
8.3422	62.5048	391	0	7	8	8	7	7	7.24408e-004	4.40274e-003	0.	0.	25.5	0.	0.	1.	0.	0.	0.	60.	0	
8.3592	58.8151	392	0	7	8	8	7	7	7.67098e-004	4.40274e-003	0.	0.	26.0556	0.	0.	1.	0.	0.	0.	60.	0	
8.37623	58.7234	393	0	7	8	8	7	7	8.09788e-004	4.40274e-003	0.	0.	26.6111	0.	0.	1.	0.	0.	0.	60.	0	
8.39319	58.9344	394	0	7	8	8	7	7	8.52479e-004	4.40274e-003	0.	0.	27.1667	0.	0.	1.	0.	0.	0.	60.	0	
8.41026	58.5925	395	0	7	8	8	7	8	8.95169e-004	5.89687e-003	0.	0.	27.7222	0.	0.	1.	0.	0.	0.	60.	0	
8.4272	59.0521	396	0	7	8	8	7	8	9.64694e-004	5.89687e-003	0.	0.	28.2778	0.	0.	1.	0.	0.	0.	60.	0	
8.44321	62.4306	397	0	7	8	8	7	8	1.02187e-003	5.89687e-003	0.	0.	28.8333	0.	0.	1.	0.	0.	0.	60.	0	
8.46023	58.7776	398	0	7	9	9	7	8	1.07905e-003	5.89687e-003	0.	0.	29.3889	0.	0.	1.	0.	0.	0.	60.	0	
8.4772	58.9271	399	0	8	9	9	8	8	1.13623e-003	5.89687e-003	0.	0.	29.9444	0.	0.	1.	0.	0.	0.	60.	0	
8.49317	62.5969	400	0	8	9	9	8	8	1.1934e-003	5.89687e-003	0.	0.	30.5	0.	0.	1.	0.	0.	0.	60.	0	
8.50915	62.5839	401	0	8	9	9	8	8	1.25058e-003	5.89687e-003	0.	0.	31.0556	0.	0.	1.	0.	0.	0.	60.	0	
8.52621	58.6267	402	0	8	9	9	8	9	1.30776e-003	7.62659e-003	0.	0.	31.6111	0.	0.	1.	0.	0.	0.	60.	0	
8.54218	62.6064	403	0	8	9	9	8	9	1.38934e-003	7.62659e-003	0.	0.	32.1667	0.	0.	1.	0.	0.	0.	60.	0	
8.55923	58.6392	404	0	8	9	9	8	9	1.46329e-003	7.62659e-003	0.	0.	32.7222	0.	0.	1.	0.	0.	0.	60.	0	
8.57621	58.8988	405	0	8	10	10	8	9	1.53724e-003	7.62659e-003	0.	0.	33.2778	0.	0.	1.	0.	0.	0.	60.	0	
8.59321	58.8287	406	0	9	10	10	9	9	1.61119e-003	7.62659e-003	0.	0.	33.8333	0.	0.	1.	0.	0.	0.	60.	0	
8.60917	62.6692	407	0	9	10	10	9	9	1.68514e-003	7.62659e-003	0.	0.	34.3889	0.	0.	1.	0.	0.	0.	60.	0	
8.62618	58.788	408	0	9	10	10	9	9	1.75909e-003	7.62659e-003	0.	0.	34.9444	0.	0.	1.	0.	0.	0.	60.	0	
8.64318	58.8277	409	0	9	10	10	9	10	1.83304e-003	9.59012e-003	0.	0.	35.5	0.	0.	1.	0.	0.	0.	60.	0	
8.66022	58.6839	410	0	9	10	10	9	10	1.92814e-003	9.59012e-003	0.	0.	36.0556	0.	0.	1.	0.	0.	0.	60.	0	
8.67721	58.8339	411	0	9	10	10	9	10	2.02112e-003	9.59012e-003	0.	0.	36.6111	0.	0.	1.	0.	0.	0.	60.	0	
8.69323	62.4577	412	0	9	11	11	9	10	2.11411e-003	9.59012e-003	0.	0.	37.1667	0.	0.	1.	0.	0.	0.	60.	0	
8.71021	58.8622	413	0	9	11	11	9	10	2.2071e-003	9.59012e-003	0.	0.	37.7222	0.	0.	1.	0.	0.	0.	60.	0	
8.72623	62.4553	414	0	10	11	11	10	10	2.30009e-003	9.59012e-003	0.	0.	38.2778	0.	0.	1.	0.	0.	0.	60.	0	
8.74217	62.7166	415	0	10	11	11	10	10	2.39308e-003	9.59012e-003	0.	0.	38.8333	0.	0.	1.	0.	0.	0.	60.	0	
8.75923	58.6319	416	0	10	11	11	10	10	2.48607e-003	9.59012e-003	0.	0.	39.3889	0.	0.	1.	0.	0.	0.	60.	0	
8.77521	62.5544	417	0	10	11	11	10	11	2.57905e-003	1.18059e-002	0.	0.	39.9444	0.	0.	1.	0.	0.	0.	60.	0	
8.79223	58.7713	418	0	10	11	11	10	11	2.71112e-003	1.18059e-002	0.	0.	40.5	0.	0.	1.	0.	0.	0.	60.	0	
8.80924	58.764	419	0	10	11	11	10	11	2.82559e-003	1.18059e-002	0.	0.	41.0556	0.	0.	1.	0.	0.	0.	60.	0	
8.82619	59.0026	420	0	10	12	12	10	11	2.94007e-003	1.18059e-002	0.	0.	41.6111	0.	0.	1.	0.	0.	0.	60.	0	
8.8422	62.4765	421	0	11	12	12	11	11	3.05454e-003	1.18059e-002	0.	0.	42.1667	0.	0.	1.	0.	0.	0.	60.	0	
8.85923	58.7182	422	0	11	12	12	11	11	3.16901e-003	1.18059e-002	0.	0.	42.7222	0.	0.	1.	0.	0.	0.	60.	0	
8.87617	59.03	423	0	11	12	12	11	11	3.28349e-003	1.18059e-002	0.	0.	43.2778	0.	0.	1.	0.	0.	0.	60.	0	
8.89222	62.319	424	0	11	12	12	11	12	3.39796e-003	1.42588e-002	0.	0.	43.8333	0.	0.	1.	0.	0.	0.	60.	0	
8.90822	62.4695	425	0	11	12	12	11	12	3.54999e-003	1.42588e-002	0.	0.	44.3889	0.	0.	1.	0.	0.	0.	60.	0	
8.92522	58.8423	426	0	11	12	12	11	12	3.68825e-003	1.42588e-002	0.	0.	44.9444	0.	0.	1.	0.	0.	0.	60.	0	
8.94223	58.7932	427	0	11	13	13	11	12	3.8265e-003	1.42588e-002	0.	0.	45.5	0.	0.	1.	0.	0.	0.	60.	0	
8.95822	62.519	428	0	12	13	13	12	12	3.96476e-003	1.42588e-002	0.	0.	46.0556	0.	0.	1.	0.	0.	0.	60.	0	
8.97523	58.7859	429	0	12	13	13	12	12	4.10302e-003	1.42588e-002	0.	0.	46.6111	0.	0.	1.	0.	0.	0.	60.	0	
8.99221	58.9176	430	0	12	13	13	12	12	4.24127e-003	1.42588e-002	0.	0.	47.1667	0.	0.	1.	0.	0.	0.	60.	0	
9.00929	58.5356	431	0	12	13	13	12	13	4.37953e-003	1.69674e-002	0.	0.	47.7222	0.	0.	1.	0.	0.	0.	60.	0	
9.02619	59.1639	432	0	12	13	13	12	13	4.55434e-003	1.69674e-002	0.	0.	48.2778	0.	0.	1.	0.	0.	0.	60.	0	
9.04318	58.8622	433	0	12	13	13	12	13	4.71886e-003	1.69674e-002	0.	0.	48.8333	0.	0.	1.	0.	0.	0.	60.	0	
9.06018	58.8339	434	0	12	14	14	12	13	4.88338e-003	1.69674e-002	0.	0.	49.3889	0.	0.	1.	0.	0.	0.	60.	0	
9.07721	58.6974	435	0	13	14	14	13	13	5.0479e-003	1.69674e-002	0.	0.	49.9444	0.	0.	1.	0.	0.	0.	60.	0	
9.09322	62.473	436	0	13	14	14	13	13	5.21242e-003	1.69674e-002	0.	0.	50.5	0.	0.	1.	0.	0.	0.	60.	0	
9.10919	62.6064	437	0	13	14	14	13	13	5.37694e-003	1.69674e-002	0.	0.	51.0556	0.	0.	1.	0.	0.	0.	60.	0	
9.1262	58.7974	438	0	13	14	14	13	14	5.54146e-003	1.99371e-002	0.	0.	51.6111	0.	0.	1.	0.	0.	0.	60.	0	
9.14319	58.8475	439	0	13	14	14	13	14	5.74214e-003	1.99371e-002	0.	0.	52.1667	0.	0.	1.	0.	0.	0.	60.	0	
9.15917	62.591	440	0	13	14	14	13	14	5.93546e-003	1.99371e-002	0.	0.	52.7222	0.	0.	1.	0.	0.	0.	60.	0	
9.17519	62.4353	441	0	13	15	15	13	14	6.12877e-003	1.99371e-002	0.	0.	53.2778	0.	0.	1.	0.	0.	0.	60.	0	
9.1922	58.7828	442	0	14	15	15	14	14	6.32209e-003	1.99371e-002	0.	0.	53.8333	0.	0.	1.	0.	0.	0.	60.	0	
9.20923	58.7348	443	0	14	15	15	14	14	6.5154e-003	1.99371e-002	0.	0.	54.3889	0.	0.	1.	0.	0.	0.	60.	0	
9.22524	62.4365	444	0	14	15	15	14	14	6.70872e-003	1.99371e-002	0.	0.	54.9444	0.	0.	1.	0.	0.	0.	60.	0	
9.24223	58.8548	445	0	14	15	15	14	15	6.90203e-003	2.31594e-002	0.	0.	55.5	0.	0.	1.	0.	0.	0.	60.	0	
9.25925	58.7713	446	0	14	15	15	14	15	7.13196e-003	2.31594e-002	0.	0.	56.0556	0.	0.	1.	0.	0.	0.	60.	0	
9.27622	58.9134	447	0	14	15	15	14	15	7.35652e-003	2.31594e-002	0.	0.	56.6111	0.	0.	1.	0.	0.	0.	60.	0	
9.29323	58.8005	448	0	14	16	16	14	15	7.58108e-003	2.31594e-002	0.	0.	57.1667	0.	0.	1.	0.	0.	0.	60.	0	
9.31023	58.8245	449	0	14	16	16	14	15	7.80564e-003	2.31594e-002	0.	0.	57.7222	0.	0.	1.	0.	0.	0.	60.	0	
9.3273	58.5697	450	0	15	16	16	15	15	8.0302e-003	2.31594e-002	0.	0.	58.2778	0.	0.	1.	0.	0.	0.	60.	0	
9.34422	59.1153	451	0	15	16	16	15	15	8.25476e-003	2.31594e-002	0.	0.	58.8333	0.	0.	1.	0.	0.	0.	60.	0	
9.36123	58.7932	452	0	15	16	16	15	16	8.47932e-003	2.66676e-002	0.	0.	59.3889	0.	0.	1.	0.	0.	0.	60.	0	
9.37823	58.8266	453	0	15	16	16	15	16	8.74262e-003	2.66676e-002	0.	0.	59.9444	0.	0.	1.	0.	0.	0.	60.	0	
9.39522	58.8402	454	0	15	16	16	15	16	9.0012e-003	2.66676e-002	0.	0.	60.5	0.	0.	1.	0.	0.	0.	60.	0	
9.41222	58.8423	455	0	15	17	17	15	16	9.25977e-003	2.66676e-002	0.	0.	61.0556	0.	0.	1.	0.	0.	0.	60.	0	
9.42821	62.506	456	0	15	17	17	15	16	9.51835e-003	2.66676e-002	0.	0.	61.6111	0.	0.	1.	0.	0.	0.	60.	0	
9.44521	58.8465	457	0	16	17	17	16	16	9.77693e-003	2.66676e-002	0.	0.	62.1667	0.	0.	1.	0.	0.	0.	60.	0	
9.46223	58.739	458	0	16	17	17	16	16	1.00355e-002	2.66676e-002	0.	0.	62.7222	0.	0.	1.	0.	0.	0.	60.	0	
9.47925	58.7536	459	0	16	17	17	16	17	1.02941e-002	3.04253e-002	0.	0.	63.2778	0.	0.	1.	0.	0.	0.	60.	0	
9.49523	62.5721	460	0	16	17	17	16	17	1.05948e-002	3.04253e-002	0.	0.	63.8333	0.	0.	1.	0.	0.	0.	60.	0	
9.51225	58.7765	461	0	16	17	17	16	17	1.08898e-002	3.04253e-002	0.	0.	64.3889	0.	0.	1.	0.	0.	0.	60.	0	
9.52822	62.6241	462	0	16	18	18	16	17	1.11848e-002	3.04253e-002	0.	0.	64.9444	0.	0.	1.	0.	0.	0.	60.	0	
9.5452	58.8674	463	0	16	18	18	16	17	1.14799e-002	3.04253e-002	0.	0.	65.5	0.	0.	1.	0.	0.	0.	60.	0	
9.56221	58.7911	464	0	17	18	18	17	17	1.17749e-002	3.04253e-002	0.	0.	66.0556	0.	0.	1.	0.	0.	0.	60.	0	
9.57821	62.4989	465	0	17	18	18	17	17	1.20699e-002	3.04253e-002	0.	0.	66.6111	0.	0.	1.	0.	0.	0.	60.	0	
9.59523	58.7557	466	0	17	18	18	17	18	1.23649e-002	3.44804e-002	0.	0.	67.1667	0.	0.	1.	0.	0.	0.	60.	0	
9.61231	58.5666	467	0	17	18	18	17	18	1.27081e-002	3.44804e-002	0.	0.	67.7222	0.	0.	1.	0.	0.	0.	60.	0	
9.62924	59.0552	468	0	17	18	18	17	18	1.30425e-002	3.44804e-002	0.	0.	68.2778	0.	0.	1.	0.	0.	0.	60.	0	
9.6462	58.9596	469	0	17	19	19	17	18	1.33768e-002	3.44804e-002	0.	0.	68.8333	0.	0.	1.	0.	0.	0.	60.	0	
9.66223	62.3695	470	0	18	19	19	17	18	1.37111e-002	3.44804e-002	0.	0.	69.3889	0.	0.	1.	0.	0.	0.	60.	0	
9.67927	58.6963	471	0	18	19	19	18	18	1.40454e-002	3.44804e-002	0.	0.	69.9444	0.	0.	1.	0.	0.	0.	60.	0	
9.69623	58.9533	472	0	18	19	19	18	18	1.43798e-002	3.44804e-002	0.	0.	70.5	0.	0.	1.	0.	0.	0.	60.	0	
9.71325	58.7838	473	0	18	19	19	18	19	1.48813e-002	3.88248e-002	0.	0.	71.3333	0.	0.	1.	0.	0.	0.	60.	0	
9.73021	58.9533	474	0	18	19	19	18	19	1.52934e-002	3.88248e-002	0.	0.	71.8889	0.	0.	1.	0.	0.	0.	60.	0	
9.7472	58.858	475	0	18	20	20	18	19	1.56698e-002	3.88248e-002	0.	0.	72.4444	0.	0.	1.	0.	0.	0.	60.	0	
9.76325	62.2897	476	0	18	20	20	18	19	1.60463e-002	3.88248e-002	0.	0.	73.	0.	0.	1.	0.	0.	0.	60.	0	
9.78025	58.8465	477	0	19	20	20	19	19	1.64227e-002	3.88248e-002	0.	0.	73.5556	0.	0.	1.	0.	0.	0.	60.	0	
9.79625	62.4718	478	0	19	20	20	19	19	1.67992e-002	3.88248e-002	0.	0.	74.1111	0.	0.	1.	0.	0.	0.	60.	0	
9.81222	62.6241	479	0	19	20	20	19	20	1.71757e-002	4.34495e-002	0.	0.	74.6667	0.	0.	1.	0.	0.	0.	60.	0	
9.82925	58.7255	480	0	19	20	20	19	20	1.75977e-002	4.34495e-002	0.	0.	75.2222	0.	0.	1.	0.	0.	0.	60.	0	
9.84623	58.8789	481	0	19	20	20	19	20	1.8019e-002	4.34495e-002	0.	0.	75.7778	0.	0.	1.	0.	0.	0.	60.	0	
9.86223	62.4954	482	0	19	21	21	19	20	1.84403e-002	4.34495e-002	0.	0.	76.3333	0.	0.	1.	0.	0.	0.	60.	0	
9.87822	62.5662	483	0	19	21	21	19	20	1.88616e-002	4.34495e-002	0.	0.	76.8889	0.	0.	1.	0.	0.	0.	60.	0	
9.89424	62.4247	484	0	20	21	21	20	20	1.92829e-002	4.34495e-002	0.	0.	77.4444	0.	0.	1.	0.	0.	0.	60.	0	
9.9102	62.6324	485	0	20	21	21	20	20	1.97042e-002	4.34495e-002	0.	0.	78.	0.	0.	1.	0.	0.	0.	60.	0	
9.92725	58.661	486	0	20	21	21	20	21	2.01255e-002	4.83684e-002	0.	0.	78.5556	0.	0.	1.	0.	0.	0.	60.	0	
9.94423	58.8956	487	0	20	21	21	20	21	2.06058e-002	4.83684e-002	0.	0.	79.1111	0.	0.	1.	0.	0.	0.	60.	0	
9.96125	58.738	488	0	20	21	21	20	21	2.10748e-002	4.83684e-002	0.	0.	79.6667	0.	0.	1.	0.	0.	0.	60.	0	
9.97828	58.7213	489	0	20	22	22	20	21	2.15438e-002	4.83684e-002	0.	0.	80.2222	0.	0.	1.	0.	0.	0.	60.	0	
9.99526	58.9009	490	0	21	22	22	20	21	2.20127e-002	4.83684e-002	0.	0.	80.7778	0.	0.	1.	0.	0.	0.	60.	0	
10.0122	58.8873	491	0	21	22	22	21	21	2.24817e-002	4.83684e-002	0.	0.	81.3333	0.	0.	1.	0.	0.	0.	60.	0	
10.0292	58.8036	492	0	21	22	22	21	21	2.29507e-002	4.83684e-002	0.	0.	81.8889	0.	0.	1.	0.	0.	0.	60.	0	
10.0463	58.739	493	0	21	22	22	21	22	2.34197e-002	5.3602e-002	0.	0.	82.4444	0.	0.	1.	0.	0.	0.	60.	0	
10.0632	58.9355	494	0	21	22	22	21	22	2.39652e-002	5.3602e-002	0.	0.	83.	0.	0.	1.	0.	0.	0.	60.	0	
10.0802	58.9785	495	0	21	23	23	21	22	2.44849e-002	5.3602e-002	0.	0.	83.5556	0.	0.	1.	0.	0.	0.	60.	0	
10.0963	62.2593	496	0	21	23	23	21	22	2.50047e-002	5.3602e-002	0.	0.	84.1111	0.	0.	1.	0.	0.	0.	60.	0	
10.1133	58.8277	497	0	22	23	23	22	22	2.55244e-002	5.3602e-002	0.	0.	84.6667	0.	0.	1.	0.	0.	0.	60.	0	
10.1292	62.7	498	0	22	23	23	22	22	2.60442e-002	5.3602e-002	0.	0.	85.2222	0.	0.	1.	0.	0.	0.	60.	0	
10.1462	58.8559	499	0	22	23	23	22	22	2.65639e-002	5.3602e-002	0.	0.	85.7778	0.	0.	1.	0.	0.	0.	60.	0	
10.1622	62.3413	500	0	22	23	23	22	23	2.70836e-002	5.91487e-002	0.	0.	86.3333	0.	0.	1.	0.	0.	0.	60.	0	
10.1793	58.66	501	0	22	23	23	22	23	2.77016e-002	5.91487e-002	0.	0.	86.8889	0.	0.	1.	0.	0.	0.	60.	0	
10.1962	58.9669	502	0	22	24	24	22	23	2.82752e-002	5.91487e-002	0.	0.	87.4444	0.	0.	1.	0.	0.	0.	60.	0	
10.2132	58.9302	503	0	22	24	24	22	23	2.88487e-002	5.91487e-002	0.	0.	88.	0.	0.	1.	0.	0.	0.	60.	0	
10.2292	62.4718	504	0	23	24	24	23	23	2.94222e-002	5.91487e-002	0.	0.	88.5556	0.	0.	1.	0.	0.	0.	60.	0	
10.2462	58.9313	505	0	23	24	24	23	23	2.99957e-002	5.91487e-002	0.	0.	89.1111	0.	0.	1.	0.	0.	0.	60.	0	
10.2622	62.4553	506	0	23	24	24	23	24	3.05692e-002	6.49935e-002	0.	0.	89.6667	0.	0.	1.	0.	0.	0.	60.	0	
10.2793	58.5863	507	0	23	24	24	23	24	3.10943e-002	6.26046e-002	0.	1.16285e-004	90.2222	0.	4.16933e-005	1.	0.	6.01066e-002	1.00178e-003	60.	0	
10.2962	58.8925	508	0	23	24	24	23	24	3.16406e-002	6.13586e-002	0.	2.00102e-004	90.7777	0.	6.34408e-005	1.	0.	3.13519e-002	1.52431e-003	60.	0	
10.3133	58.7421	509	0	23	25	25	23	24	3.22039e-002	6.07086e-002	0.	2.66984e-004	91.3333	0.	7.47843e-005	1.	0.	1.63533e-002	1.79686e-003	60.	0	
10.3303	58.8684	510	0	23	25	25	23	24	3.2776e-002	6.03696e-002	0.	3.25033e-004	91.8888	0.	8.07012e-005	1.	0.	8.52996e-003	1.93903e-003	60.	0	
10.3473	58.8527	511	0	24	25	25	24	24	3.33528e-002	6.01928e-002	0.	3.78475e-004	92.4444	0.	8.37875e-005	1.	0.	4.44927e-003	2.01318e-003	60.	0	
10.3643	58.7765	512	0	24	25	25	24	24	3.3932e-002	6.01006e-002	0.	4.29513e-004	92.9999	0.	8.53973e-005	1.	0.	2.32076e-003	2.05186e-003	60.	0	
10.3813	58.8611	513	0	24	25	25	24	25	3.45124e-002	6.62388e-002	0.	4.79298e-004	93.5555	0.	8.6237e-005	1.	0.	1.21052e-003	2.07204e-003	60.	0	
10.3983	58.6922	514	0	24	25	25	24	25	3.50462e-002	6.32542e-002	0.	6.72488e-004	94.111	0.	1.38328e-004	1.	0.	7.50966e-002	3.32365e-003	60.	0	
10.4153	58.9313	515	0	24	26	26	24	25	3.55837e-002	6.16974e-002	0.	8.25116e-004	94.6665	0.	1.65499e-004	1.	0.	3.91708e-002	3.9765e-003	60.	0	
10.4323	58.8266	516	0	24	26	26	24	25	3.61424e-002	6.08854e-002	0.	9.56586e-004	95.2221	0.	1.79672e-004	1.	0.	2.04317e-002	4.31702e-003	60.	0	
10.4493	58.8256	517	0	25	26	26	25	25	3.67121e-002	6.04618e-002	0.	1.07702e-003	95.7776	0.	1.87064e-004	1.	0.	1.06573e-002	4.49464e-003	60.	0	
10.4653	62.2196	518	0	25	26	26	25	25	3.72876e-002	6.02409e-002	0.	1.1917e-003	96.3332	0.	1.9092e-004	1.	0.	5.55888e-003	4.58729e-003	60.	0	
10.4823	59.0521	519	0	25	26	26	25	26	3.78661e-002	6.66224e-002	0.	1.30338e-003	96.8887	0.	1.92932e-004	1.	0.	2.89954e-003	4.63562e-003	60.	0	
10.4992	59.0889	520	0	25	26	26	25	26	3.8363e-002	6.34543e-002	0.	1.56477e-003	97.4442	0.	2.48226e-004	1.	0.	7.97142e-002	5.96419e-003	60.	0	
10.5162	58.7015	521	0	25	26	26	25	26	3.88978e-002	6.18018e-002	0.	1.78311e-003	97.9998	0.	2.77068e-004	1.	0.	4.15793e-002	6.65718e-003	60.	0	
10.5323	62.3613	522	0	25	27	27	25	26	3.94551e-002	6.09398e-002	0.	1.97899e-003	98.5553	0.	2.92112e-004	1.	0.	2.1688e-002	7.01864e-003	60.	0	
10.5493	58.8047	523	0	25	27	27	25	26	4.00241e-002	6.04902e-002	0.	2.16316e-003	99.1109	0.	2.99959e-004	1.	0.	1.13126e-002	7.20718e-003	60.	0	
10.5663	58.8298	524	0	26	27	27	26	26	4.05992e-002	6.02557e-002	0.	2.34122e-003	99.6664	0.	3.04052e-004	1.	0.	5.90068e-003	7.30553e-003	60.	0	
10.5832	59.0089	525	0	26	27	27	26	26	4.11775e-002	6.01334e-002	0.	2.51609e-003	100.222	0.	3.06187e-004	1.	0.	3.07783e-003	7.35683e-003	60.	0	
10.6003	58.6568	526	0	26	27	27	26	27	4.17575e-002	6.69294e-002	0.	2.6893e-003	100.778	0.	3.073e-004	1.	0.	1.60541e-003	7.38358e-003	60.	0	
10.6172	58.8998	527	0	26	27	27	26	27	4.22848e-002	6.36144e-002	0.	3.02137e-003	101.333	0.	3.65158e-004	1.	0.	8.34097e-002	8.77375e-003	60.	0	
10.6333	62.3085	528	0	26	28	28	26	27	4.28175e-002	6.18853e-002	0.	3.3084e-003	101.889	0.	3.95337e-004	1.	0.	4.35069e-002	9.49886e-003	60.	0	
10.6503	58.8684	529	0	26	28	28	26	27	4.33736e-002	6.09834e-002	0.	3.57193e-003	102.444	0.	4.11078e-004	1.	0.	2.26934e-002	9.87708e-003	60.	0	
10.6673	58.8141	530	0	27	28	28	27	27	4.3942e-002	6.05129e-002	0.	3.8232e-003	103.	0.	4.19289e-004	1.	0.	1.1837e-002	1.00744e-002	60.	0	
10.6842	58.9921	531	0	27	28	28	27	27	4.45168e-002	6.02675e-002	0.	4.06808e-003	103.555	0.	4.23572e-004	1.	0.	6.17424e-003	1.01773e-002	60.	0	
10.7013	58.6454	532	0	27	28	28	27	28	4.5095e-002	6.73075e-002	0.	4.30963e-003	104.111	0.	4.25806e-004	1.	0.	3.22051e-003	1.02309e-002	60.	0	
10.7183	58.8768	533	0	27	28	28	27	28	4.55887e-002	6.38116e-002	0.	4.71634e-003	104.666	0.	4.8682e-004	1.	0.	8.79608e-002	1.1697e-002	60.	0	
10.7343	62.4942	534	0	27	29	28	27	28	4.61186e-002	6.19882e-002	0.	5.07555e-003	105.222	0.	5.18646e-004	1.	0.	4.58808e-002	1.24616e-002	60.	0	
10.7513	58.8224	535	0	27	29	29	27	28	4.66734e-002	6.1037e-002	0.	5.40997e-003	105.777	0.	5.35246e-004	1.	0.	2.39316e-002	1.28605e-002	60.	0	
10.7672	62.6846	536	0	27	29	29	27	28	4.72411e-002	6.05409e-002	0.	5.73148e-003	106.333	0.	5.43905e-004	1.	0.	1.24829e-002	1.30685e-002	60.	0	
10.7843	58.6922	537	0	28	29	29	28	28	4.78155e-002	6.02821e-002	0.	6.04624e-003	106.888	0.	5.48422e-004	1.	0.	6.51112e-003	1.31771e-002	60.	0	
10.8012	58.9239	538	0	28	29	29	28	28	4.83934e-002	6.01472e-002	0.	6.35749e-003	107.444	0.	5.50777e-004	1.	0.	3.39623e-003	1.32337e-002	60.	0	
10.8172	62.4377	539	0	28	29	29	28	29	4.89732e-002	6.76303e-002	0.	6.66691e-003	108.	0.	5.52006e-004	1.	0.	1.77149e-003	1.32632e-002	60.	0	
10.8343	58.7567	540	0	28	29	29	28	29	4.95081e-002	6.398e-002	0.	7.15124e-003	108.555	0.	6.15716e-004	1.	0.	9.18467e-002	1.4794e-002	60.	0	
10.8513	58.6558	541	0	28	30	30	28	29	5.00357e-002	6.2076e-002	0.	7.58597e-003	109.111	0.	6.48948e-004	1.	0.	4.79077e-002	1.55924e-002	60.	0	
10.8683	58.8883	542	0	28	30	30	28	29	5.05893e-002	6.10828e-002	0.	7.99483e-003	109.666	0.	6.66281e-004	1.	0.	2.49889e-002	1.60089e-002	60.	0	
10.8842	62.7558	543	0	29	30	30	29	29	5.11563e-002	6.05648e-002	0.	8.3902e-003	110.222	0.	6.75323e-004	1.	0.	1.30343e-002	1.62262e-002	60.	0	
10.9003	62.2429	544	0	29	30	30	29	29	5.17304e-002	6.02946e-002	0.	8.77853e-003	110.777	0.	6.80039e-004	1.	0.	6.79877e-003	1.63395e-002	60.	0	
10.9173	58.9051	545	0	29	30	30	29	30	5.23082e-002	6.80445e-002	0.	9.16319e-003	111.333	0.	6.82499e-004	1.	0.	3.54627e-003	1.63986e-002	60.	0	
10.9343	58.7734	546	0	29	30	30	29	30	5.2814e-002	6.4196e-002	0.	9.72965e-003	111.888	0.	7.49666e-004	1.	0.	9.68315e-002	1.80124e-002	60.	0	
10.9513	58.8517	547	0	29	31	31	29	30	5.33387e-002	6.21887e-002	0.	1.02438e-002	112.444	0.	7.84701e-004	1.	0.	5.05078e-002	1.88542e-002	60.	0	
10.9683	58.859	548	0	29	31	31	29	30	5.38907e-002	6.11416e-002	0.	1.07307e-002	112.999	0.	8.02976e-004	1.	0.	2.63451e-002	1.92933e-002	60.	0	
10.9852	58.9355	549	0	30	31	31	30	30	5.4457e-002	6.05955e-002	0.	1.12034e-002	113.555	0.	8.12508e-004	1.	0.	1.37417e-002	1.95223e-002	60.	0	
11.0012	62.4435	550	0	30	31	31	30	30	5.50307e-002	6.03106e-002	0.	1.16687e-002	114.11	0.	8.1748e-004	1.	0.	7.16776e-003	1.96418e-002	60.	0	
11.0183	58.74	551	0	30	31	31	30	31	5.56082e-002	6.84138e-002	0.	1.213e-002	114.666	0.	8.20073e-004	1.	0.	3.73874e-003	1.97041e-002	60.	0	
11.0353	58.7995	552	0	30	31	31	30	31	5.60873e-002	6.43887e-002	0.	1.27815e-002	115.221	0.	8.90325e-004	1.	0.	0.101277	2.13921e-002	60.	0	
11.0522	58.9942	553	0	30	32	32	30	31	5.66094e-002	6.22892e-002	0.	1.33783e-002	115.777	0.	9.26969e-004	1.	0.	5.28268e-002	2.22725e-002	60.	0	
11.0693	58.6506	554	0	30	32	32	30	31	5.716e-002	6.1194e-002	0.	1.39466e-002	116.333	0.	9.46082e-004	1.	0.	2.75547e-002	2.27318e-002	60.	0	
11.0853	62.5378	555	0	30	32	32	30	31	5.77255e-002	6.06228e-002	0.	1.45e-002	116.888	0.	9.56052e-004	1.	0.	1.43727e-002	2.29713e-002	60.	0	
11.1022	58.9711	556	0	31	32	32	31	31	5.82988e-002	6.03249e-002	0.	1.50456e-002	117.444	0.	9.61252e-004	1.	0.	7.49686e-003	2.30963e-002	60.	0	
11.1193	58.6641	557	0	31	32	32	31	31	5.88762e-002	6.01694e-002	0.	1.55872e-002	117.999	0.	9.63964e-004	1.	0.	3.9104e-003	2.31614e-002	60.	0	
11.1363	58.812	558	0	31	32	32	31	32	5.94557e-002	6.8724e-002	0.	1.61267e-002	118.555	0.	9.65379e-004	1.	0.	2.03968e-003	2.31954e-002	60.	0	
11.1523	62.5119	559	0	31	32	32	31	32	5.99944e-002	6.45505e-002	0.	1.68661e-002	119.11	0.	1.03822e-003	0.999999	0.	0.105011	2.49456e-002	60.	0	
11.1693	58.7525	560	0	31	33	33	31	32	6.05143e-002	6.23735e-002	0.	1.75489e-002	119.666	0.	1.07622e-003	0.999999	0.	5.47743e-002	2.58585e-002	60.	0	
11.1863	58.9155	561	0	31	33	33	31	32	6.10638e-002	6.12381e-002	0.	1.8202e-002	120.221	0.	1.09603e-003	0.999999	0.	2.85705e-002	2.63347e-002	60.	0	
11.2023	62.4471	562	0	32	33	33	32	32	6.16287e-002	6.06458e-002	0.	1.88397e-002	120.777	0.	1.10637e-003	0.999999	0.	1.49025e-002	2.65831e-002	60.	0	
11.2193	58.8068	563	0	32	33	33	32	32	6.22017e-002	6.03368e-002	0.	1.94694e-002	121.332	0.	1.11176e-003	0.999999	0.	7.77323e-003	2.67126e-002	60.	0	
11.2352	62.6502	564	0	32	33	33	32	33	6.27789e-002	6.9187e-002	0.	2.00949e-002	121.888	0.	1.11458e-003	0.999999	0.	4.05456e-003	2.67802e-002	60.	0	
11.2513	62.3601	565	0	32	33	33	32	33	6.32974e-002	6.4792e-002	0.	2.0928e-002	122.443	0.	1.19128e-003	0.999999	0.	0.110584	2.86233e-002	60.	0	
11.2672	62.7047	566	0	32	34	34	32	33	6.3814e-002	6.24995e-002	0.	2.17014e-002	122.999	0.	1.23129e-003	0.999999	0.	5.7681e-002	2.95846e-002	60.	0	
11.2832	62.4765	567	0	32	34	34	32	33	6.43618e-002	6.13038e-002	0.	2.24436e-002	123.554	0.	1.25216e-003	0.999999	0.	3.00867e-002	3.00861e-002	60.	0	
11.3002	58.8423	568	0	33	34	34	33	33	6.49259e-002	6.068e-002	0.	2.31696e-002	124.11	0.	1.26305e-003	0.999999	0.	1.56934e-002	3.03476e-002	60.	0	
11.3172	58.7661	569	0	33	34	34	33	33	6.54984e-002	6.03547e-002	0.	2.38871e-002	124.666	0.	1.26873e-003	0.999999	0.	8.18574e-003	3.0484e-002	60.	0	
11.3342	58.8601	570	0	33	34	34	33	34	6.60753e-002	6.95878e-002	0.	2.46002e-002	125.221	0.	1.27169e-003	0.999999	0.	4.26972e-003	3.05552e-002	60.	0	
11.3503	62.3366	571	0	33	34	34	33	34	6.65775e-002	6.5001e-002	0.	2.55299e-002	125.777	0.	1.35174e-003	0.999999	0.	0.115408	3.24787e-002	60.	0	
11.3662	62.7356	572	0	33	35	35	33	34	6.70912e-002	6.26086e-002	0.	2.63973e-002	126.332	0.	1.3935e-003	0.999999	0.	6.01976e-002	3.3482e-002	60.	0	
11.3822	62.4412	573	0	33	35	35	33	34	6.76375e-002	6.13606e-002	0.	2.72322e-002	126.888	0.	1.41528e-003	0.999999	0.	3.13994e-002	3.40053e-002	60.	0	
11.3982	62.4506	574	0	34	35	35	34	34	6.82008e-002	6.07097e-002	0.	2.80501e-002	127.443	0.	1.42664e-003	0.999999	0.	1.63781e-002	3.42783e-002	60.	0	
11.4152	58.8548	575	0	34	35	35	34	34	6.87729e-002	6.03702e-002	0.	2.88592e-002	127.999	0.	1.43257e-003	0.999999	0.	8.54288e-003	3.44206e-002	60.	0	
11.4323	58.7182	576	0	34	35	35	34	35	6.93497e-002	6.99793e-002	0.	2.96637e-002	128.554	0.	1.43566e-003	0.999999	0.	4.45601e-003	3.44949e-002	60.	0	
11.4492	58.9134	577	0	34	35	35	34	35	6.98388e-002	6.52052e-002	0.	3.06936e-002	129.11	0.	1.51898e-003	0.999999	0.	0.120121	3.64969e-002	60.	0	
11.4653	62.4118	578	0	34	36	36	34	35	7.03498e-002	6.27151e-002	0.	3.16586e-002	129.665	0.	1.56244e-003	0.999999	0.	6.26557e-002	3.75412e-002	60.	0	
11.4812	62.5756	579	0	34	36	36	34	35	7.08947e-002	6.14162e-002	0.	3.25898e-002	130.221	0.	1.58511e-003	0.999999	0.	3.26815e-002	3.80859e-002	60.	0	
11.4983	58.7099	580	0	35	36	36	35	35	7.14572e-002	6.07387e-002	0.	3.35034e-002	130.776	0.	1.59694e-003	0.999999	0.	1.70469e-002	3.837e-002	60.	0	
11.5153	58.8371	581	0	35	36	36	35	35	7.20289e-002	6.03853e-002	0.	3.44078e-002	131.332	0.	1.6031e-003	0.999999	0.	8.89172e-003	3.85182e-002	60.	0	
11.5323	58.8611	582	0	35	36	36	35	36	7.26055e-002	7.03952e-002	0.	3.53074e-002	131.888	0.	1.60632e-003	0.999999	0.	4.63797e-003	3.85955e-002	60.	0	
11.5483	62.5532	583	0	35	36	36	35	36	7.30852e-002	6.54222e-002	0.	3.64417e-002	132.443	0.	1.69311e-003	0.999999	0.	0.125127	4.06809e-002	60.	0	
11.5643	62.5036	584	0	35	37	37	35	36	7.35933e-002	6.28282e-002	0.	3.75085e-002	132.999	0.	1.73839e-003	0.999998	0.	6.52668e-002	4.17687e-002	60.	0	
11.5813	58.763	585	0	35	37	37	35	36	7.41366e-002	6.14752e-002	0.	3.85401e-002	133.554	0.	1.762e-003	0.999998	0.	3.40435e-002	4.23361e-002	60.	0	
11.5973	62.5131	586	0	36	37	37	36	36	7.46983e-002	6.07695e-002	0.	3.95534e-002	134.11	0.	1.77432e-003	0.999998	0.	1.77572e-002	4.26321e-002	60.	0	
11.6143	58.811	587	0	36	37	37	36	36	7.52696e-002	6.04014e-002	0.	4.0557e-002	134.665	0.	1.78074e-003	0.999998	0.	9.26227e-003	4.27864e-002	60.	0	
11.6313	58.8318	588	0	36	37	37	36	37	7.58459e-002	7.08262e-002	0.	4.15557e-002	135.221	0.	1.7841e-003	0.999998	0.	4.83125e-003	4.2867e-002	60.	0	
11.6483	58.8298	589	0	36	37	37	36	37	7.63205e-002	6.5647e-002	0.	4.27988e-002	135.776	0.	1.87449e-003	0.999998	0.	0.130315	4.50389e-002	60.	0	
11.6653	58.7797	590	0	36	38	38	36	37	7.68255e-002	6.29455e-002	0.	4.39716e-002	136.332	0.	1.92164e-003	0.999998	0.	6.79732e-002	4.61718e-002	60.	0	
11.6823	58.8507	591	0	36	38	38	36	37	7.73672e-002	6.15364e-002	0.	4.51077e-002	136.887	0.	1.94623e-003	0.999998	0.	3.54551e-002	4.67627e-002	60.	0	
11.6983	62.5025	592	0	37	38	38	37	37	7.79281e-002	6.08014e-002	0.	4.62247e-002	137.443	0.	1.95906e-003	0.999998	0.	1.84936e-002	4.70709e-002	60.	0	
11.7153	58.8026	593	0	37	38	38	37	37	7.8499e-002	6.0418e-002	0.	4.73317e-002	137.998	0.	1.96575e-003	0.999998	0.	9.64634e-003	4.72317e-002	60.	0	
11.7313	62.5119	594	0	37	38	38	37	38	7.90751e-002	7.12333e-002	0.	4.84336e-002	138.554	0.	1.96924e-003	0.999998	0.	5.03158e-003	4.73155e-002	60.	0	
11.7473	62.4871	595	0	37	38	38	37	38	7.95495e-002	6.58594e-002	0.	4.9789e-002	139.109	0.	2.06304e-003	0.999998	0.	0.135216	4.95691e-002	60.	0	
11.7633	62.5296	596	0	37	39	39	37	38	8.00516e-002	6.30563e-002	0.	5.10715e-002	139.665	0.	2.11196e-003	0.999998	0.	7.05293e-002	5.07446e-002	60.	0	
11.7803	58.788	597	0	37	39	39	37	38	8.05918e-002	6.15942e-002	0.	5.2316e-002	140.22	0.	2.13748e-003	0.999998	0.	3.67884e-002	5.13578e-002	60.	0	
11.7963	62.5449	598	0	38	39	39	38	38	8.11519e-002	6.08315e-002	0.	5.35405e-002	140.776	0.	2.15079e-003	0.999998	0.	1.9189e-002	5.16776e-002	60.	0	
11.8123	62.4966	599	0	38	39	39	38	38	8.17224e-002	6.04337e-002	0.	5.47548e-002	141.331	0.	2.15773e-003	0.999998	0.	1.00091e-002	5.18444e-002	60.	0	
11.8292	58.8831	600	0	38	39	39	38	39	8.22983e-002	7.17013e-002	0.	5.59636e-002	141.887	0.	2.16135e-003	0.999998	0.	5.22079e-003	5.19314e-002	60.	0	
11.8463	58.7463	601	0	38	39	39	38	39	8.27774e-002	6.61034e-002	0.	5.74367e-002	142.442	0.	2.25905e-003	0.999997	0.	0.140849	5.42789e-002	60.	0	
11.8633	58.8936	602	0	38	40	40	38	39	8.32762e-002	6.31836e-002	0.	5.88337e-002	142.998	0.	2.31001e-003	0.999997	0.	7.34674e-002	5.55034e-002	60.	0	
11.8803	58.7359	603	0	38	40	40	38	39	8.38147e-002	6.16606e-002	0.	6.01912e-002	143.554	0.	2.3366e-003	0.999997	0.	3.8321e-002	5.6142e-002	60.	0	
11.8973	58.9051	604	0	39	40	40	39	39	8.43739e-002	6.08662e-002	0.	6.15279e-002	144.109	0.	2.35046e-003	0.999997	0.	1.99884e-002	5.64752e-002	60.	0	
11.9143	58.7953	605	0	39	40	40	39	39	8.49439e-002	6.04518e-002	0.	6.28539e-002	144.665	0.	2.35769e-003	0.999997	0.	1.04261e-002	5.66489e-002	60.	0	
11.9303	62.2394	606	0	39	40	40	39	40	8.55195e-002	7.21238e-002	0.	6.41742e-002	145.22	0.	2.36146e-003	0.999997	0.	5.43828e-003	5.67396e-002	60.	0	
11.9473	59.0931	607	0	39	41	40	39	40	8.60097e-002	6.63238e-002	0.	6.57683e-002	145.776	0.	2.46269e-003	0.999997	0.	0.145935	5.91718e-002	60.	0	
11.9643	58.8068	608	0	39	41	41	39	40	8.65055e-002	6.32985e-002	0.	6.72836e-002	146.331	0.	2.51549e-003	0.999997	0.	7.61202e-002	6.04405e-002	60.	0	
11.9813	58.8026	609	0	39	41	41	39	40	8.70424e-002	6.17205e-002	0.	6.87578e-002	146.887	0.	2.54304e-003	0.999997	0.	3.97047e-002	6.11022e-002	60.	0	
11.9973	62.4435	610	0	40	41	41	40	40	8.74447e-002	5.74951e-002	0.	7.03666e-002	147.442	0.	2.61678e-003	0.999997	0.	0.224852	6.48498e-002	60.	0	
12.0143	58.8946	611	0	40	41	41	40	40	8.80022e-002	5.74951e-002	0.	7.18204e-002	147.998	0.	2.61678e-003	0.999997	0.	0.	6.48498e-002	60.	0	
12.0313	58.7901	612	0	40	41	41	40	41	8.85597e-002	6.98208e-002	0.	7.32741e-002	148.553	0.	2.61678e-003	0.999997	0.	0.	6.48498e-002	60.	0	
12.0483	58.8162	613	0	40	42	42	40	41	8.91047e-002	6.51226e-002	0.	7.49564e-002	149.109	0.	2.69878e-003	0.999996	0.	0.118214	6.682e-002	60.	0	
12.0653	58.7088	614	0	40	42	42	40	41	8.96168e-002	6.2672e-002	0.	7.65749e-002	149.664	0.	2.74155e-003	0.999996	0.	6.1661e-002	6.78477e-002	60.	0	
12.0823	58.8287	615	0	40	42	42	40	41	9.01622e-002	6.13937e-002	0.	7.81602e-002	150.22	0.	2.76386e-003	0.999996	0.	3.21627e-002	6.83837e-002	60.	0	
12.0993	58.7682	616	0	41	42	42	41	41	9.07251e-002	6.0727e-002	0.	7.97281e-002	150.775	0.	2.7755e-003	0.999996	0.	1.67762e-002	6.86633e-002	60.	0	
12.1163	59.0216	617	0	41	42	42	41	42	9.15848e-002	7.30803e-002	0.	8.20644e-002	151.609	0.	2.78341e-003	0.999996	0.	6.31984e-003	6.87687e-002	60.	0	
12.1323	62.3812	618	0	41	43	42	41	42	9.20543e-002	6.68228e-002	0.	8.39151e-002	152.164	0.	2.89262e-003	0.999996	0.	0.157448	7.13928e-002	60.	0	
12.1493	58.7099	619	0	41	43	43	41	42	9.25433e-002	6.35588e-002	0.	8.56809e-002	152.72	0.	2.94959e-003	0.999996	0.	8.21259e-002	7.27616e-002	60.	0	
12.1663	59.0384	620	0	41	43	43	41	42	9.30767e-002	6.18563e-002	0.	8.74023e-002	153.275	0.	2.9793e-003	0.999996	0.	4.28373e-002	7.34755e-002	60.	0	
12.1833	58.788	621	0	42	43	43	42	42	9.36332e-002	6.09682e-002	0.	8.91007e-002	153.831	0.	2.9948e-003	0.999996	0.	2.23441e-002	7.38479e-002	60.	0	
12.1993	62.3718	622	0	42	43	43	42	42	9.42019e-002	6.0505e-002	0.	9.0787e-002	154.386	0.	3.00289e-003	0.999995	0.	1.16548e-002	7.40422e-002	60.	0	
12.2163	58.9711	623	0	42	43	43	42	43	9.47768e-002	7.35161e-002	0.	9.2467e-002	154.942	0.	3.00711e-003	0.999995	0.	6.0792e-003	7.41435e-002	60.	0	
12.2333	58.6558	624	0	42	44	44	42	43	9.52765e-002	6.70501e-002	0.	9.44521e-002	155.497	0.	3.11996e-003	0.999995	0.	0.162694	7.68551e-002	60.	0	
12.2503	58.8308	625	0	42	44	44	42	43	9.57624e-002	6.36774e-002	0.	9.63494e-002	156.053	0.	3.17882e-003	0.999995	0.	8.4862e-002	7.82694e-002	60.	0	
12.2673	58.9816	626	0	42	44	44	42	43	9.62942e-002	6.19181e-002	0.	9.8201e-002	156.608	0.	3.20953e-003	0.999995	0.	4.42644e-002	7.90072e-002	60.	0	
12.2833	62.4165	627	0	43	44	44	43	43	9.68499e-002	6.10005e-002	0.	0.100029	157.164	0.	3.22554e-003	0.999995	0.	2.30885e-002	7.9392e-002	60.	0	
12.3003	58.8078	628	0	43	44	44	43	44	9.7418e-002	7.42582e-002	0.	0.101844	157.719	0.	3.2339e-003	0.999995	0.	1.20431e-002	7.95927e-002	60.	0	
12.3173	58.811	629	0	43	44	44	43	44	9.78193e-002	6.74371e-002	0.	0.103972	158.275	0.	3.35295e-003	0.999994	0.	0.171627	8.24531e-002	60.	0	
12.3333	62.604	630	0	43	45	45	43	44	9.82999e-002	6.38793e-002	0.	0.106008	158.83	0.	3.41504e-003	0.999994	0.	8.95213e-002	8.39452e-002	60.	0	
12.3503	58.714	631	0	43	45	45	43	44	9.91039e-002	6.14614e-002	0.	0.108979	159.664	0.	3.45724e-003	0.999994	0.	3.3724e-002	8.45072e-002	60.	0	
12.3673	58.8339	632	0	44	45	45	44	44	9.96658e-002	6.07623e-002	0.	0.110934	160.219	0.	3.46944e-003	0.999994	0.	1.75906e-002	8.48004e-002	60.	0	
12.3843	58.8412	633	0	44	45	45	44	44	0.100237	6.03976e-002	0.	0.112879	160.775	0.	3.47581e-003	0.999994	0.	9.17534e-003	8.49533e-002	60.	0	
12.4003	62.4918	634	0	44	45	45	44	45	0.100814	7.44231e-002	0.	0.114819	161.33	0.	3.47913e-003	0.999994	0.	4.7859e-003	8.50331e-002	60.	0	
12.4173	58.8569	635	0	44	46	46	44	45	0.101331	6.75232e-002	0.	0.117087	161.886	0.	3.59955e-003	0.999994	0.	0.173612	8.79266e-002	60.	0	

