Time	FPS	Frame	Crash	RB	RU	LU	LB	OC	Dither	DAngle	swAngle	OX	OY	OZ	HX	HY	HZ	DX	DY	DZ	HA	RHA	AccumulativeHeading(Y)	Speed	RSpeed	Dynamic
1.81108e-005	55215.8	1	0	1	3	3	1	2	2.8125	-0.18037	0.	-2.8125	0.	0.	0.	1.	0.	0.	1.	0.	0.	0.	0.	0.	0.	0	
0.793891	1.25965	2	0	1	3	3	1	2	2.80887	-0.18037	0.	-2.8125	0.	0.	0.	1.	0.	0.	1.	0.	0.	0.	0.	0.	0.	0	
0.849047	18.1307	3	0	1	3	3	1	2	2.80887	-0.18037	0.	-2.8125	0.	0.	0.	1.	0.	0.	1.	0.	0.	0.	0.	0.	0.	0	
0.889119	24.955	4	0	1	3	3	1	2	2.80887	-0.18037	0.	-2.8125	0.	0.	0.	1.	0.	0.	1.	0.	0.	0.	0.	0.	0.	0	
0.922465	29.9888	5	0	1	3	3	1	2	2.80887	-0.18037	0.	-2.8125	0.	0.	0.	1.	0.	0.	1.	0.	0.	0.	0.	0.	0.	0	
0.939133	59.9933	6	0	1	3	3	1	2	2.80887	-0.18037	0.	-2.8125	0.	0.	0.	1.	0.	0.	1.	0.	0.	0.	0.	0.	0.	0	
0.956128	58.8404	7	0	1	3	3	1	2	2.80887	-0.18037	0.	-2.8125	0.	0.	0.	1.	0.	0.	1.	0.	0.	0.	0.	0.	0.	0	
0.972157	62.3896	8	0	1	3	3	1	2	2.80887	-0.18037	0.	-2.8125	0.	0.	0.	1.	0.	0.	1.	0.	0.	0.	0.	0.	0.	0	
0.988146	62.5427	9	0	1	3	3	1	2	2.80887	-0.18037	0.	-2.8125	0.	0.	0.	1.	0.	0.	1.	0.	0.	0.	0.	0.	0.	0	
1.00414	62.5403	10	0	1	3	3	1	2	2.80887	-0.18037	0.	-2.8125	0.	0.	0.	1.	0.	0.	1.	0.	0.	0.	0.	0.	0.	0	
1.02081	59.9868	11	0	1	3	3	1	2	2.80887	-0.18037	0.	-2.8125	0.	0.	0.	1.	0.	0.	1.	0.	0.	0.	0.	0.	0.	0	
1.03812	57.741	12	0	1	3	3	1	2	2.80887	-0.18037	0.	-2.8125	0.	0.	0.	1.	0.	0.	1.	0.	0.	0.	0.	0.	0.	0	
1.05514	58.7777	13	0	1	3	3	1	2	2.80887	-0.18037	0.	-2.8125	0.	0.	0.	1.	0.	0.	1.	0.	0.	0.	0.	0.	0.	0	
1.07215	58.7694	14	0	1	3	3	1	2	2.80887	-0.18037	0.	-2.8125	0.	0.	0.	1.	0.	0.	1.	0.	0.	0.	0.	0.	0.	0	
1.08916	58.7903	15	0	1	3	3	1	2	2.80887	-0.18037	0.	-2.8125	0.	0.	0.	1.	0.	0.	1.	0.	0.	0.	0.	0.	0.	0	
1.10616	58.8372	16	0	1	3	3	1	2	2.80887	-0.18037	0.	-2.8125	0.	0.	0.	1.	0.	0.	1.	0.	0.	0.	0.	0.	0.	0	
1.13045	41.171	17	0	1	3	3	1	2	2.80887	-0.18037	0.	-2.8125	0.	0.	0.	1.	0.	0.	1.	0.	0.	0.	0.	0.	0.	0	
1.14715	59.8794	18	0	1	3	3	1	2	2.80887	-0.18037	0.	-2.8125	0.	0.	0.	1.	0.	0.	1.	0.	0.	0.	0.	0.	0.	0	
1.16459	57.3194	19	0	1	3	3	1	2	2.80887	-0.18037	0.	-2.8125	0.	0.	0.	1.	0.	0.	1.	0.	0.	0.	0.	0.	0.	0	
1.18141	59.4646	20	0	1	3	3	1	2	2.80887	-0.18037	0.	-2.8125	0.	0.	0.	1.	0.	0.	1.	0.	0.	0.	0.	0.	0.	0	
1.19835	59.0375	21	0	1	3	3	1	2	2.80887	-0.18037	0.	-2.8125	0.	0.	0.	1.	0.	0.	1.	0.	0.	0.	0.	0.	0.	0	
1.21531	58.9587	22	0	1	3	3	1	2	2.80887	-0.18037	0.	-2.8125	0.	0.	0.	1.	0.	0.	1.	0.	0.	0.	0.	0.	0.	0	
1.23262	57.7863	23	0	1	3	3	1	2	2.80887	-0.18037	0.	-2.8125	0.	0.	0.	1.	0.	0.	1.	0.	0.	0.	0.	0.	0.	0	
1.25134	53.3933	24	0	1	3	3	1	2	2.80887	-0.18037	0.	-2.8125	0.	0.	0.	1.	0.	0.	1.	0.	0.	0.	0.	0.	0.	0	
1.2688	57.2848	25	0	1	3	3	1	2	2.80887	-0.18037	0.	-2.8125	0.	0.	0.	1.	0.	0.	1.	0.	0.	0.	0.	0.	0.	0	
1.28554	59.7348	26	0	1	3	3	1	2	2.80887	-0.18037	0.	-2.8125	0.	0.	0.	1.	0.	0.	1.	0.	0.	0.	0.	0.	0.	0	
1.30216	60.1862	27	0	1	3	3	1	2	2.80887	-0.18037	0.	-2.8125	0.	0.	0.	1.	0.	0.	1.	0.	0.	0.	0.	0.	0.	0	
1.31916	58.807	28	0	1	3	3	1	2	2.80887	-0.18037	0.	-2.8125	0.	0.	0.	1.	0.	0.	1.	0.	0.	0.	0.	0.	0.	0	
1.33614	58.9126	29	0	1	3	3	1	2	2.80887	-0.18037	0.	-2.8125	0.	0.	0.	1.	0.	0.	1.	0.	0.	0.	0.	0.	0.	0	
1.35315	58.7777	30	0	1	3	3	1	2	2.80887	-0.18037	0.	-2.8125	0.	0.	0.	1.	0.	0.	1.	0.	0.	0.	0.	0.	0.	0	
1.37034	58.1832	31	0	1	3	3	1	2	2.80887	-0.18037	0.	-2.8125	0.	0.	0.	1.	0.	0.	1.	0.	0.	0.	0.	0.	0.	0	
1.38714	59.5051	32	0	1	3	3	1	2	2.80887	-0.18037	0.	-2.8125	0.	0.	0.	1.	0.	0.	1.	0.	0.	0.	0.	0.	0.	0	
1.40417	58.7371	33	0	1	3	3	1	2	2.80887	-0.18037	0.	-2.8125	0.	0.	0.	1.	0.	0.	1.	0.	0.	0.	0.	0.	0.	0	
1.42119	58.7506	34	0	1	3	3	1	2	2.80887	-0.18037	0.	-2.8125	0.	0.	0.	1.	0.	0.	1.	0.	0.	0.	0.	0.	0.	0	
1.43806	59.2678	35	0	1	3	3	1	2	2.80887	-0.18037	0.	-2.8125	0.	0.	0.	1.	0.	0.	1.	0.	0.	0.	0.	0.	0.	0	
1.45516	58.4666	36	0	1	3	3	1	2	2.80887	-0.18037	0.	-2.8125	0.	0.	0.	1.	0.	0.	1.	0.	0.	0.	0.	0.	0.	0	
1.47116	62.5297	37	0	1	3	3	1	2	2.80887	-0.18037	0.	-2.8125	0.	0.	0.	1.	0.	0.	1.	0.	0.	0.	0.	0.	0.	0	
1.48718	62.4037	38	0	1	3	3	1	2	2.80887	-0.18037	0.	-2.8125	0.	0.	0.	1.	0.	0.	1.	0.	0.	0.	0.	0.	0.	0	
1.50419	58.7934	39	0	1	3	3	1	2	2.80887	-0.18037	0.	-2.8125	0.	0.	0.	1.	0.	0.	1.	0.	0.	0.	0.	0.	0.	0	
1.52117	58.9073	40	0	1	3	3	1	2	2.80887	-0.18037	0.	-2.8125	0.	0.	0.	1.	0.	0.	1.	0.	0.	0.	0.	0.	0.	0	
1.53817	58.8101	41	0	1	3	3	1	2	2.80887	-0.18037	0.	-2.8125	0.	0.	0.	1.	0.	0.	1.	0.	0.	0.	0.	0.	0.	0	
1.55517	58.8331	42	0	1	3	3	1	2	2.80887	-0.18037	0.	-2.8125	0.	0.	0.	1.	0.	0.	1.	0.	0.	0.	0.	0.	0.	0	
1.57215	58.8644	43	0	1	3	3	1	2	2.80887	-0.18037	0.	-2.8125	0.	0.	0.	1.	0.	0.	1.	0.	0.	0.	0.	0.	0.	0	
1.58818	62.4178	44	0	1	3	3	1	2	2.80887	-0.18037	0.	-2.8125	0.	0.	0.	1.	0.	0.	1.	0.	0.	0.	0.	0.	0.	0	
1.60515	58.9	45	0	1	3	3	1	2	2.80887	-0.18037	0.	-2.8125	0.	0.	0.	1.	0.	0.	1.	0.	0.	0.	0.	0.	0.	0	
1.62217	58.7548	46	0	1	3	3	1	2	2.80887	-0.18037	0.	-2.8125	0.	0.	0.	1.	0.	0.	1.	0.	0.	0.	0.	0.	0.	0	
1.63922	58.6705	47	0	1	3	3	1	2	2.80887	-0.18037	0.	-2.8125	0.	0.	0.	1.	0.	0.	1.	0.	0.	0.	0.	0.	0.	0	
1.65618	58.965	48	0	1	3	3	1	2	2.80887	-0.18037	0.	-2.8125	0.	0.	0.	1.	0.	0.	1.	0.	0.	0.	0.	0.	0.	0	
1.67316	58.8927	49	0	1	3	3	1	2	2.80887	-0.18037	0.	-2.8125	0.	0.	0.	1.	0.	0.	1.	0.	0.	0.	0.	0.	0.	0	
1.6902	58.684	50	0	1	3	3	1	2	2.80887	-0.18037	0.	-2.8125	0.	0.	0.	1.	0.	0.	1.	0.	0.	0.	0.	0.	0.	0	
1.70624	62.3414	51	0	1	3	3	1	2	2.80887	-0.18037	0.	-2.8125	0.	0.	0.	1.	0.	0.	1.	0.	0.	0.	0.	0.	0.	0	
1.72318	59.0312	52	0	1	3	3	1	2	2.80887	-0.18037	0.	-2.8125	0.	0.	0.	1.	0.	0.	1.	0.	0.	0.	0.	0.	0.	0	
1.74016	58.9052	53	0	1	3	3	1	2	2.80887	-0.18037	0.	-2.8125	0.	0.	0.	1.	0.	0.	1.	0.	0.	0.	0.	0.	0.	0	
1.75617	62.4602	54	0	1	3	3	1	2	2.80887	-0.18037	0.	-2.8125	0.	0.	0.	1.	0.	0.	1.	0.	0.	0.	0.	0.	0.	0	
1.77316	58.8289	55	0	1	3	3	1	2	2.80887	-0.18037	0.	-2.8125	0.	0.	0.	1.	0.	0.	1.	0.	0.	0.	0.	0.	0.	0	
1.7902	58.71	56	0	1	3	3	1	2	2.80887	-0.18037	0.	-2.8125	0.	0.	0.	1.	0.	0.	1.	0.	0.	0.	0.	0.	0.	0	
1.80714	59.0365	57	0	1	3	3	1	2	2.80887	-0.18037	0.	-2.8125	0.	0.	0.	1.	0.	0.	1.	0.	0.	0.	0.	0.	0.	0	
1.829	45.7457	58	0	1	3	3	1	2	2.80887	-0.18037	0.	-2.8125	0.	0.	0.	1.	0.	0.	1.	0.	0.	0.	0.	0.	0.	0	
1.84617	58.2179	59	0	1	3	3	1	2	2.80887	-0.18037	0.	-2.8125	0.	0.	0.	1.	0.	0.	1.	0.	0.	0.	0.	0.	0.	0	
1.86317	58.8456	60	0	1	3	3	1	2	2.80887	-0.18037	0.	-2.8125	0.	0.	0.	1.	0.	0.	1.	0.	0.	0.	0.	0.	0.	0	
1.87915	62.5462	61	0	1	3	3	1	2	2.80887	-0.18037	0.	-2.8125	0.	0.	0.	1.	0.	0.	1.	0.	0.	0.	0.	0.	0.	0	
1.89617	58.7559	62	0	1	3	3	1	2	2.80887	-0.18037	0.	-2.8125	0.	0.	0.	1.	0.	0.	1.	0.	0.	0.	0.	0.	0.	0	
1.91317	58.8425	63	0	1	3	3	1	2	2.80887	-0.18037	0.	-2.8125	0.	0.	0.	1.	0.	0.	1.	0.	0.	0.	0.	0.	0.	0	
1.93048	57.7662	64	0	1	3	3	1	2	2.80887	-0.18037	0.	-2.8125	0.	0.	0.	1.	0.	0.	1.	0.	0.	0.	0.	0.	0.	0	
1.94881	54.5485	65	0	1	3	3	1	2	2.80887	-0.18037	0.	-2.8125	0.	0.	0.	1.	0.	0.	1.	0.	0.	0.	0.	0.	0.	0	
1.96886	49.8735	66	0	1	3	3	1	2	2.80887	-0.18037	0.	-2.8125	0.	0.	0.	1.	0.	0.	1.	0.	0.	0.	0.	0.	0.	0	
1.9858	59.0491	67	0	1	3	3	1	2	2.80887	-0.18037	0.	-2.8125	0.	0.	0.	1.	0.	0.	1.	0.	0.	0.	0.	0.	0.	0	
2.00316	57.6085	68	0	1	3	3	1	2	2.80887	-0.18037	0.	-2.8125	0.	0.	0.	1.	0.	0.	1.	0.	0.	0.	0.	0.	0.	0	
2.02016	58.7986	69	0	1	3	3	1	2	2.80887	-0.18037	0.	-2.8125	0.	0.	0.	1.	0.	0.	1.	0.	0.	0.	0.	0.	0.	0	
2.03715	58.877	70	0	1	3	3	1	2	2.80887	-0.18037	0.	-2.8125	0.	0.	0.	1.	0.	0.	1.	0.	0.	0.	0.	0.	0.	0	
2.05315	62.4955	71	0	1	3	3	1	2	2.80887	-0.18037	0.	-2.8125	0.	0.	0.	1.	0.	0.	1.	0.	0.	0.	0.	0.	0.	0	
2.07015	58.808	72	0	1	3	3	1	2	2.80887	-0.18037	0.	-2.8125	0.	0.	0.	1.	0.	0.	1.	0.	0.	0.	0.	0.	0.	0	
2.08716	58.8028	73	0	1	3	3	1	2	2.80887	-0.18037	0.	-2.8125	0.	0.	0.	1.	0.	0.	1.	0.	0.	0.	0.	0.	0.	0	
2.10314	62.5663	74	0	1	3	3	1	2	2.80887	-0.18037	0.	-2.8125	0.	0.	0.	1.	0.	0.	1.	0.	0.	0.	0.	0.	0.	0	
2.12017	58.7173	75	0	1	3	3	1	2	2.80887	-0.18037	0.	-2.8125	0.	0.	0.	1.	0.	0.	1.	0.	0.	0.	0.	0.	0.	0	
2.13615	62.5722	76	0	1	3	3	1	2	2.80887	-0.18037	0.	-2.8125	0.	0.	0.	1.	0.	0.	1.	0.	0.	0.	0.	0.	0.	0	
2.15316	58.7944	77	0	1	3	3	1	2	2.80887	-0.18037	0.	-2.8125	0.	0.	0.	1.	0.	0.	1.	0.	0.	0.	0.	0.	0.	0	
2.17015	58.8812	78	0	1	3	3	1	2	2.80887	-0.18037	0.	-2.8125	0.	0.	0.	1.	0.	0.	1.	0.	0.	0.	0.	0.	0.	0	
2.18613	62.5592	79	0	1	3	3	1	2	2.80887	-0.18037	0.	-2.8125	0.	0.	0.	1.	0.	0.	1.	0.	0.	0.	0.	0.	0.	0	
2.20213	62.499	80	0	1	3	3	1	2	2.80887	-0.18037	0.	-2.8125	0.	0.	0.	1.	0.	0.	1.	0.	0.	0.	0.	0.	0.	0	
2.21917	58.6944	81	0	1	3	3	1	2	2.80887	-0.18037	0.	-2.8125	0.	0.	0.	1.	0.	0.	1.	0.	0.	0.	0.	0.	0.	0	
2.23521	62.3567	82	0	1	3	3	1	2	2.80887	-0.18037	0.	-2.8125	0.	0.	0.	1.	0.	0.	1.	0.	0.	0.	0.	0.	0.	0	
2.25217	58.9451	83	0	1	3	3	1	2	2.80887	-0.18037	0.	-2.8125	0.	0.	0.	1.	0.	0.	1.	0.	0.	0.	0.	0.	0.	0	
2.26915	58.8791	84	0	1	3	3	1	2	2.80887	-0.18037	0.	-2.8125	0.	0.	0.	1.	0.	0.	1.	0.	0.	0.	0.	0.	0.	0	
2.28616	58.8028	85	0	1	3	3	1	2	2.80887	-0.18037	0.	-2.8125	0.	0.	0.	1.	0.	0.	1.	0.	0.	0.	0.	0.	0.	0	
2.30316	58.8414	86	0	1	3	3	1	2	2.80887	-0.18037	0.	-2.8125	0.	0.	0.	1.	0.	0.	1.	0.	0.	0.	0.	0.	0.	0	
2.31915	62.5144	87	0	1	3	3	1	2	2.80887	-0.18037	0.	-2.8125	0.	0.	0.	1.	0.	0.	1.	0.	0.	0.	0.	0.	0.	0	
2.33616	58.7788	88	0	1	3	3	1	2	2.80887	-0.18037	0.	-2.8125	0.	0.	0.	1.	0.	0.	1.	0.	0.	0.	0.	0.	0.	0	
2.3522	62.3614	89	0	1	3	3	1	2	2.80887	-0.18037	0.	-2.8125	0.	0.	0.	1.	0.	0.	1.	0.	0.	0.	0.	0.	0.	0	
2.36916	58.9797	90	0	1	3	3	1	2	2.80887	-0.18037	0.	-2.8125	0.	0.	0.	1.	0.	0.	1.	0.	0.	0.	0.	0.	0.	0	
2.38517	62.4319	91	0	1	3	3	1	2	2.80887	-0.18037	0.	-2.8125	0.	0.	0.	1.	0.	0.	1.	0.	0.	0.	0.	0.	0.	0	
2.40192	59.7046	92	0	1	3	3	1	2	2.80887	-0.18037	0.	-2.8125	0.	0.	0.	1.	0.	0.	1.	0.	0.	0.	0.	0.	0.	0	
2.41916	58.0232	93	0	1	3	3	1	2	2.80887	-0.18037	0.	-2.8125	0.	0.	0.	1.	0.	0.	1.	0.	0.	0.	0.	0.	0.	0	
2.43617	58.7861	94	0	1	3	3	1	2	2.80887	-0.18037	0.	-2.8125	0.	0.	0.	1.	0.	0.	1.	0.	0.	0.	0.	0.	0.	0	
2.45316	58.8414	95	0	1	3	3	1	2	2.80887	-0.18037	0.	-2.8125	0.	0.	0.	1.	0.	0.	1.	0.	0.	0.	0.	0.	0.	0	
2.46915	62.5439	96	0	1	3	3	1	2	2.80887	-0.18037	0.	-2.8125	0.	0.	0.	1.	0.	0.	1.	0.	0.	0.	0.	0.	0.	0	
2.4862	58.6633	97	0	1	3	3	1	2	2.80887	-0.18037	0.	-2.8125	0.	0.	0.	1.	0.	0.	1.	0.	0.	0.	0.	0.	0.	0	
2.50322	58.7579	98	0	1	3	3	1	2	2.80887	-0.18037	0.	-2.8125	0.	0.	0.	1.	0.	0.	1.	0.	0.	0.	0.	0.	0.	0	
2.52016	59.0165	99	0	1	3	3	1	2	2.80887	-0.18037	0.	-2.8125	0.	0.	0.	1.	0.	0.	1.	0.	0.	0.	0.	0.	0.	0	
2.5372	58.7028	100	0	1	3	3	1	2	2.80887	-0.18037	0.	-2.8125	0.	0.	0.	1.	0.	0.	1.	0.	0.	0.	0.	0.	0.	0	
2.55318	62.5663	101	0	1	3	3	1	2	2.80887	-0.18037	0.	-2.8125	0.	0.	0.	1.	0.	0.	1.	0.	0.	0.	0.	0.	0.	0	
2.57021	58.7194	102	0	1	3	3	1	2	2.80887	-0.18037	0.	-2.8125	0.	0.	0.	1.	0.	0.	1.	0.	0.	0.	0.	0.	0.	0	
2.58716	58.9944	103	0	1	3	3	1	2	2.80887	-0.18037	0.	-2.8125	0.	0.	0.	1.	0.	0.	1.	0.	0.	0.	0.	0.	0.	0	
2.60322	62.2688	104	0	1	3	3	1	2	2.80887	-0.18037	0.	-2.8125	0.	0.	0.	1.	0.	0.	1.	0.	0.	0.	0.	0.	0.	0	
2.62015	59.0649	105	0	1	3	3	1	2	2.80887	-0.18037	0.	-2.8125	0.	0.	0.	1.	0.	0.	1.	0.	0.	0.	0.	0.	0.	0	
2.63719	58.682	106	0	1	3	3	1	2	2.80887	-0.18037	0.	-2.8125	0.	0.	0.	1.	0.	0.	1.	0.	0.	0.	0.	0.	0.	0	
2.6532	62.466	107	0	1	3	3	1	2	2.80887	-0.18037	0.	-2.8125	0.	0.	0.	1.	0.	0.	1.	0.	0.	0.	0.	0.	0.	0	
2.67016	58.9556	108	0	1	3	3	1	2	2.80887	-0.18037	0.	-2.8125	0.	0.	0.	1.	0.	0.	1.	0.	0.	0.	0.	0.	0.	0	
2.68716	58.8143	109	0	1	3	3	1	2	2.80887	-0.18037	0.	-2.8125	0.	0.	0.	1.	0.	0.	1.	0.	0.	0.	0.	0.	0.	0	
2.7042	58.6903	110	0	1	3	3	1	2	2.80887	-0.18037	0.	-2.8125	0.	0.	0.	1.	0.	0.	1.	0.	0.	0.	0.	0.	0.	0	
2.72117	58.9241	111	0	1	3	3	1	2	2.80887	-0.18037	0.	-2.8125	0.	0.	0.	1.	0.	0.	1.	0.	0.	0.	0.	0.	0.	0	
2.73816	58.8812	112	0	1	3	3	1	2	2.80887	-0.18037	0.	-2.8125	0.	0.	0.	1.	0.	0.	1.	0.	0.	0.	0.	0.	0.	0	
2.75517	58.7673	113	0	1	3	3	1	2	2.80887	-0.18037	0.	-2.8125	0.	0.	0.	1.	0.	0.	1.	0.	0.	0.	0.	0.	0.	0	
2.7722	58.7132	114	0	1	3	3	1	2	2.80887	-0.18037	0.	-2.8125	0.	0.	0.	1.	0.	0.	1.	0.	0.	0.	0.	0.	0.	0	
2.78823	62.3978	115	0	1	3	3	1	2	2.80887	-0.18037	0.	-2.8125	0.	0.	0.	1.	0.	0.	1.	0.	0.	0.	0.	0.	0.	0	
2.80515	59.0996	116	0	1	3	3	1	2	2.80887	-0.18037	0.	-2.8125	0.	0.	0.	1.	0.	0.	1.	0.	0.	0.	0.	0.	0.	0	
2.82116	62.4696	117	0	1	3	3	1	2	2.80887	-0.18037	0.	-2.8125	0.	0.	0.	1.	0.	0.	1.	0.	0.	0.	0.	0.	0.	0	
2.83718	62.4378	118	0	1	3	3	1	2	2.80887	-0.18037	0.	-2.8125	0.	0.	0.	1.	0.	0.	1.	0.	0.	0.	0.	0.	0.	0	
2.85318	62.4884	119	0	1	3	3	1	2	2.80887	-0.18037	0.	-2.8125	0.	0.	0.	1.	0.	0.	1.	0.	0.	0.	0.	0.	0.	0	
2.87154	54.4696	120	0	1	3	3	1	2	2.80887	-0.18037	0.	-2.8125	0.	0.	0.	1.	0.	0.	1.	0.	0.	0.	0.	0.	0.	0	
2.88816	60.1414	121	0	1	3	3	1	2	2.80887	-0.18037	0.	-2.8125	0.	0.	0.	1.	0.	0.	1.	0.	0.	0.	0.	0.	0.	0	
2.90415	62.5545	122	0	1	3	3	1	2	2.80887	-0.18037	0.	-2.8125	0.	0.	0.	1.	0.	0.	1.	0.	0.	0.	0.	0.	0.	0	
2.92119	58.6872	123	0	1	3	3	1	2	2.80887	-0.18037	0.	-2.8125	0.	0.	0.	1.	0.	0.	1.	0.	0.	0.	0.	0.	0.	0	
2.93728	62.1543	124	0	1	3	3	1	2	2.80887	-0.18037	0.	-2.8125	0.	0.	0.	1.	0.	0.	1.	0.	0.	0.	0.	0.	0.	0	
2.95418	59.1651	125	0	1	3	3	1	2	2.80887	-0.18037	0.	-2.8125	0.	0.	0.	1.	0.	0.	1.	0.	0.	0.	0.	0.	0.	0	
2.97117	58.878	126	0	1	3	3	1	2	2.80887	-0.18037	0.	-2.8125	0.	0.	0.	1.	0.	0.	1.	0.	0.	0.	0.	0.	0.	0	
2.98819	58.7319	127	0	1	3	3	1	2	2.80887	-0.18037	0.	-2.8125	0.	0.	0.	1.	0.	0.	1.	0.	0.	0.	0.	0.	0.	0	
3.00516	58.9241	128	0	1	3	3	1	2	2.80887	-0.18037	0.	-2.8125	0.	0.	0.	1.	0.	0.	1.	0.	0.	0.	0.	0.	0.	0	
3.02118	62.4354	129	0	1	3	3	1	2	2.80887	-0.18037	0.	-2.8125	0.	0.	0.	1.	0.	0.	1.	0.	0.	0.	0.	0.	0.	0	
3.03817	58.8686	130	0	1	3	3	1	2	2.80887	-0.18037	0.	-2.8125	0.	0.	0.	1.	0.	0.	1.	0.	0.	0.	0.	0.	0.	0	
3.05418	62.4507	131	0	1	3	3	1	2	2.80887	-0.18037	0.	-2.8125	0.	0.	0.	1.	0.	0.	1.	0.	0.	0.	0.	0.	0.	0	
3.07116	58.8822	132	0	1	3	3	1	2	2.80887	-0.18037	0.	-2.8125	0.	0.	0.	1.	0.	0.	1.	0.	0.	0.	0.	0.	0.	0	
3.08718	62.4425	133	0	1	3	3	1	2	2.80887	-0.18037	0.	-2.8125	0.	0.	0.	1.	0.	0.	1.	0.	0.	0.	0.	0.	0.	0	
3.10319	62.466	134	0	1	3	3	1	2	2.80887	-0.18037	0.	-2.8125	0.	0.	0.	1.	0.	0.	1.	0.	0.	0.	0.	0.	0.	0	
3.12015	58.9587	135	0	1	3	3	1	2	2.80887	-0.18037	0.	-2.8125	0.	0.	0.	1.	0.	0.	1.	0.	0.	0.	0.	0.	0.	0	
3.13719	58.656	136	0	1	3	3	1	2	2.80887	-0.18037	0.	-2.8125	0.	0.	0.	1.	0.	0.	1.	0.	0.	0.	0.	0.	0.	0	
3.15316	62.6539	137	0	1	3	3	1	2	2.80887	-0.18037	0.	-2.8125	0.	0.	0.	1.	0.	0.	1.	0.	0.	0.	0.	0.	0.	0	
3.17019	58.6892	138	0	1	3	3	1	2	2.80887	-0.18037	0.	-2.8125	0.	0.	0.	1.	0.	0.	1.	0.	0.	0.	0.	0.	0.	0	
3.18811	55.8262	139	0	1	3	3	1	2	2.80887	-0.18037	0.	-2.8125	0.	0.	0.	1.	0.	0.	1.	0.	0.	0.	0.	0.	0.	0	
3.20517	58.5969	140	0	1	3	3	1	2	2.80887	-0.18037	0.	-2.8125	0.	0.	0.	1.	0.	0.	1.	0.	0.	0.	0.	0.	0.	0	
3.22216	58.8697	141	0	1	3	3	1	2	2.80887	-0.18037	0.	-2.8125	0.	0.	0.	1.	0.	0.	1.	0.	0.	0.	0.	0.	0.	0	
3.23827	62.0821	142	0	1	3	3	1	2	2.80887	-0.18037	0.	-2.8125	0.	0.	0.	1.	0.	0.	1.	0.	0.	0.	0.	0.	0.	0	
3.25516	59.1831	143	0	1	3	3	1	2	2.80887	-0.18037	0.	-2.8125	0.	0.	0.	1.	0.	0.	1.	0.	0.	0.	0.	0.	0.	0	
3.27217	58.7934	144	0	1	3	3	1	2	2.80887	-0.18037	0.	-2.8125	0.	0.	0.	1.	0.	0.	1.	0.	0.	0.	0.	0.	0.	0	
3.28917	58.8498	145	0	1	3	3	1	2	2.80887	-0.18037	0.	-2.8125	0.	0.	0.	1.	0.	0.	1.	0.	0.	0.	0.	0.	0.	0	
3.30518	62.4448	146	0	1	3	3	1	2	2.80887	-0.18037	0.	-2.8125	0.	0.	0.	1.	0.	0.	1.	0.	0.	0.	0.	0.	0.	0	
3.32219	58.7997	147	0	1	3	3	1	2	2.80887	-0.18037	0.	-2.8125	0.	0.	0.	1.	0.	0.	1.	0.	0.	0.	0.	0.	0.	0	
3.33818	62.5238	148	0	1	3	3	1	2	2.80887	-0.18037	0.	-2.8125	0.	0.	0.	1.	0.	0.	1.	0.	0.	0.	0.	0.	0.	0	
3.35517	58.8759	149	0	1	3	3	1	2	2.80887	-0.18037	0.	-2.8125	0.	0.	0.	1.	0.	0.	1.	0.	0.	0.	0.	0.	0.	0	
3.37118	62.4272	150	0	1	3	3	1	2	2.80887	-0.18037	0.	-2.8125	0.	0.	0.	1.	0.	0.	1.	0.	0.	0.	0.	0.	0.	0	
3.38816	58.8916	151	0	1	3	3	1	2	2.80887	-0.18037	0.	-2.8125	0.	0.	0.	1.	0.	0.	1.	0.	0.	0.	0.	0.	0.	0	
3.40417	62.4672	152	0	1	3	3	1	2	2.80887	-0.18037	0.	-2.8125	0.	0.	0.	1.	0.	0.	1.	0.	0.	0.	0.	0.	0.	0	
3.42117	58.8205	153	0	1	3	3	1	2	2.80887	-0.18037	0.	-2.8125	0.	0.	0.	1.	0.	0.	1.	0.	0.	0.	0.	0.	0.	0	
3.43819	58.783	154	0	1	3	3	1	2	2.80887	-0.18037	0.	-2.8125	0.	0.	0.	1.	0.	0.	1.	0.	0.	0.	0.	0.	0.	0	
3.45517	58.8874	155	0	1	3	3	1	2	2.80887	-0.18037	0.	-2.8125	0.	0.	0.	1.	0.	0.	1.	0.	0.	0.	0.	0.	0.	0	
3.47119	62.4272	156	0	1	3	3	1	2	2.80887	-0.18037	0.	-2.8125	0.	0.	0.	1.	0.	0.	1.	0.	0.	0.	0.	0.	0.	0	
3.48818	58.855	157	0	1	3	3	1	2	2.80887	-0.18037	0.	-2.8125	0.	0.	0.	1.	0.	0.	1.	0.	0.	0.	0.	0.	0.	0	
3.50424	62.27	158	0	1	3	3	1	2	2.80887	-0.18037	0.	-2.8125	0.	0.	0.	1.	0.	0.	1.	0.	0.	0.	0.	0.	0.	0	
3.52118	59.0081	159	0	1	3	3	1	2	2.80887	-0.18037	0.	-2.8125	0.	0.	0.	1.	0.	0.	1.	0.	0.	0.	0.	0.	0.	0	
3.53738	61.7488	160	0	1	3	3	1	2	2.80887	-0.18037	0.	-2.8125	0.	0.	0.	1.	0.	0.	1.	0.	0.	0.	0.	0.	0.	0	
3.55416	59.5661	161	0	1	3	3	1	2	2.80887	-0.18037	0.	-2.8125	0.	0.	0.	1.	0.	0.	1.	0.	0.	0.	0.	0.	0.	0	
3.57019	62.4013	162	0	1	3	3	1	2	2.80887	-0.18037	0.	-2.8125	0.	0.	0.	1.	0.	0.	1.	0.	0.	0.	0.	0.	0.	0	
3.58718	58.8759	163	0	1	3	3	1	2	2.80887	-0.18037	0.	-2.8125	0.	0.	0.	1.	0.	0.	1.	0.	0.	0.	0.	0.	0.	0	
3.60317	62.5132	164	0	1	3	3	1	2	2.80887	-0.18037	0.	-2.8125	0.	0.	0.	1.	0.	0.	1.	0.	0.	0.	0.	0.	0.	0	
3.61993	59.667	165	0	1	3	3	1	2	2.80887	-0.18037	0.	-2.8125	0.	0.	0.	1.	0.	0.	1.	0.	0.	0.	0.	0.	0.	0	
3.63735	57.4078	166	0	1	3	3	1	2	2.80887	-0.18037	0.	-2.8125	0.	0.	0.	1.	0.	0.	1.	0.	0.	0.	0.	0.	0.	0	
3.65417	59.4528	167	0	1	3	3	1	2	2.80887	-0.18037	0.	-2.8125	0.	0.	0.	1.	0.	0.	1.	0.	0.	0.	0.	0.	0.	0	
3.67119	58.7423	168	0	1	3	3	1	2	2.80887	-0.18037	0.	-2.8125	0.	0.	0.	1.	0.	0.	1.	0.	0.	0.	0.	0.	0.	0	
3.68817	58.9199	169	0	1	3	3	1	2	2.80887	-0.18037	0.	-2.8125	0.	0.	0.	1.	0.	0.	1.	0.	0.	0.	0.	0.	0.	0	
3.70419	62.4154	170	0	1	3	3	1	2	2.80887	-0.18037	0.	-2.8125	0.	0.	0.	1.	0.	0.	1.	0.	0.	0.	0.	0.	0.	0	
3.72019	62.4943	171	0	1	3	3	1	2	2.80887	-0.18037	0.	-2.8125	0.	0.	0.	1.	0.	0.	1.	0.	0.	0.	0.	0.	0.	0	
3.73719	58.8278	172	0	1	3	3	1	2	2.80887	-0.18037	0.	-2.8125	0.	0.	0.	1.	0.	0.	1.	0.	0.	0.	0.	0.	0.	0	
3.75316	62.6266	173	0	1	3	3	1	2	2.80887	-0.18037	0.	-2.8125	0.	0.	0.	1.	0.	0.	1.	0.	0.	0.	0.	0.	0.	0	
3.77017	58.7882	174	0	1	3	3	1	2	2.80887	-0.18037	0.	-2.8125	0.	0.	0.	1.	0.	0.	1.	0.	0.	0.	0.	0.	0.	0	
3.78717	58.8174	175	0	1	3	3	1	2	2.80887	-0.18037	0.	-2.8125	0.	0.	0.	1.	0.	0.	1.	0.	0.	0.	0.	0.	0.	0	
3.80317	62.4931	176	0	1	3	3	1	2	2.80887	-0.18037	0.	-2.8125	0.	0.	0.	1.	0.	0.	1.	0.	0.	0.	0.	0.	0.	0	
3.81988	59.8481	177	0	1	3	3	1	2	2.80887	-0.18037	0.	-2.8125	0.	0.	0.	1.	0.	0.	1.	0.	0.	0.	0.	0.	0.	0	
3.83618	61.3452	178	0	1	3	3	1	2	2.80887	-0.18037	0.	-2.8125	0.	0.	0.	1.	0.	0.	1.	0.	0.	0.	0.	0.	0.	0	
3.8523	62.0159	179	0	1	3	3	1	2	2.80887	-0.18037	0.	-2.8125	0.	0.	0.	1.	0.	0.	1.	0.	0.	0.	0.	0.	0.	0	
3.87105	53.334	180	0	1	3	3	1	2	2.80887	-0.18037	0.	-2.8125	0.	0.	0.	1.	0.	0.	1.	0.	0.	0.	0.	0.	0.	0	
3.88819	58.3708	181	0	1	3	3	1	2	2.80887	-0.18037	0.	-2.8125	0.	0.	0.	1.	0.	0.	1.	0.	0.	0.	0.	0.	0.	0	
3.90519	58.8153	182	0	1	3	3	1	2	2.80887	-0.18037	0.	-2.8125	0.	0.	0.	1.	0.	0.	1.	0.	0.	0.	0.	0.	0.	0	
3.92119	62.5108	183	0	1	3	3	1	2	2.80887	-0.18037	0.	-2.8125	0.	0.	0.	1.	0.	0.	1.	0.	0.	0.	0.	0.	0.	0	
3.93817	58.8812	184	0	1	3	3	1	2	2.80887	-0.18037	0.	-2.8125	0.	0.	0.	1.	0.	0.	1.	0.	0.	0.	0.	0.	0.	0	
3.9542	62.3637	185	0	1	3	3	1	2	2.80887	-0.18037	0.	-2.8125	0.	0.	0.	1.	0.	0.	1.	0.	0.	0.	0.	0.	0.	0	
3.97018	62.6136	186	0	1	3	3	1	2	2.80887	-0.18037	0.	-2.8125	0.	0.	0.	1.	0.	0.	1.	0.	0.	0.	0.	0.	0.	0	
3.98718	58.7924	187	0	1	3	3	1	2	2.80887	-0.18037	0.	-2.8125	0.	0.	0.	1.	0.	0.	1.	0.	0.	0.	0.	0.	0.	0	
4.00314	62.6539	188	0	1	3	3	1	2	2.80887	-0.18037	0.	-2.8125	0.	0.	0.	1.	0.	0.	1.	0.	0.	0.	0.	0.	0.	0	
4.02017	58.734	189	0	1	3	3	1	2	2.80887	-0.18037	0.	-2.8125	0.	0.	0.	1.	0.	0.	1.	0.	0.	0.	0.	0.	0.	0	
4.03717	58.8132	190	0	1	3	3	1	2	2.80887	-0.18037	0.	-2.8125	0.	0.	0.	1.	0.	0.	1.	0.	0.	0.	0.	0.	0.	0	
4.05316	62.558	191	0	1	3	3	1	2	2.80887	-0.18037	0.	-2.8125	0.	0.	0.	1.	0.	0.	1.	0.	0.	0.	0.	0.	0.	0	
4.07	59.3825	192	0	1	3	3	1	2	2.80887	-0.18037	0.	-2.8125	0.	0.	0.	1.	0.	0.	1.	0.	0.	0.	0.	0.	0.	0	
4.08718	58.2016	193	0	1	3	3	1	2	2.80887	-0.18037	0.	-2.8125	0.	0.	0.	1.	0.	0.	1.	0.	0.	0.	0.	0.	0.	0	
4.10418	58.8414	194	0	1	3	3	1	2	2.80887	-0.18037	0.	-2.8125	0.	0.	0.	1.	0.	0.	1.	0.	0.	0.	0.	0.	0.	0	
4.1212	58.7329	195	0	1	3	3	1	2	2.80887	-0.18037	0.	-2.8125	0.	0.	0.	1.	0.	0.	1.	0.	0.	0.	0.	0.	0.	0	
4.13818	58.9063	196	0	1	3	3	1	2	2.80887	-0.18037	0.	-2.8125	0.	0.	0.	1.	0.	0.	1.	0.	0.	0.	0.	0.	0.	0	
4.15419	62.4437	197	0	1	3	3	1	2	2.80887	-0.18037	0.	-2.8125	0.	0.	0.	1.	0.	0.	1.	0.	0.	0.	0.	0.	0.	0	
4.17119	58.8299	198	0	1	3	3	1	2	2.80887	-0.18037	0.	-2.8125	0.	0.	0.	1.	0.	0.	1.	0.	0.	0.	0.	0.	0.	0	
4.18719	62.5132	199	0	1	3	3	1	2	2.80887	-0.18037	0.	-2.8125	0.	0.	0.	1.	0.	0.	1.	0.	0.	0.	0.	0.	0.	0	
4.2042	58.7663	200	0	1	3	3	1	2	2.80887	-0.18037	0.	-2.8125	0.	0.	0.	1.	0.	0.	1.	0.	0.	0.	0.	0.	0.	0	
4.22024	62.3414	201	0	1	3	3	1	2	2.80887	-0.18037	0.	-2.8125	0.	0.	0.	1.	0.	0.	1.	0.	0.	0.	0.	0.	0.	0	
4.23719	59.028	202	0	1	3	3	1	2	2.80887	-0.18037	0.	-2.8125	0.	0.	0.	1.	0.	0.	1.	0.	0.	0.	0.	0.	0.	0	
4.25422	58.7028	203	0	1	3	3	1	2	2.80887	-0.18037	0.	-2.8125	0.	0.	0.	1.	0.	0.	1.	0.	0.	0.	0.	0.	0.	0	
4.27118	58.9745	204	0	1	3	3	1	2	2.80887	-0.18037	0.	-2.8125	0.	0.	0.	1.	0.	0.	1.	0.	0.	0.	0.	0.	0.	0	
4.28719	62.4672	205	0	1	3	3	1	2	2.80887	-0.18037	0.	-2.8125	0.	0.	0.	1.	0.	0.	1.	0.	0.	0.	0.	0.	0.	0	
4.30316	62.6148	206	0	1	3	3	1	2	2.80887	-0.18037	0.	-2.8125	0.	0.	0.	1.	0.	0.	1.	0.	0.	0.	0.	0.	0.	0	
4.32052	57.5995	207	0	1	3	3	1	2	2.80887	-0.18037	0.	-2.8125	0.	0.	0.	1.	0.	0.	1.	0.	0.	0.	0.	0.	0.	0	
4.33719	59.9933	208	0	1	3	3	1	2	2.80887	-0.18037	0.	-2.8125	0.	0.	0.	1.	0.	0.	1.	0.	0.	0.	0.	0.	0.	0	
4.35422	58.7194	209	0	1	3	3	1	2	2.80887	-0.18037	0.	-2.8125	0.	0.	0.	1.	0.	0.	1.	0.	0.	0.	0.	0.	0.	0	
4.37133	58.4171	210	0	1	3	3	1	2	2.80887	-0.18037	0.	-2.8125	0.	0.	0.	1.	0.	0.	1.	0.	0.	0.	0.	0.	0.	0	
4.38819	59.3198	211	0	1	3	3	1	2	2.80887	-0.18037	0.	-2.8125	0.	0.	0.	1.	0.	0.	1.	0.	0.	0.	0.	0.	0.	0	
4.40417	62.5947	212	0	1	3	3	1	2	2.80887	-0.18037	0.	-2.8125	0.	0.	0.	1.	0.	0.	1.	0.	0.	0.	0.	0.	0.	0	
4.4212	58.6986	213	0	1	3	3	1	2	2.80887	-0.18037	0.	-2.8125	0.	0.	0.	1.	0.	0.	1.	0.	0.	0.	0.	0.	0.	0	
4.43718	62.577	214	0	1	3	3	1	2	2.80887	-0.18037	0.	-2.8125	0.	0.	0.	1.	0.	0.	1.	0.	0.	0.	0.	0.	0.	0	
4.4543	58.4377	215	0	1	3	3	1	2	2.80887	-0.18037	0.	-2.8125	0.	0.	0.	1.	0.	0.	1.	0.	0.	0.	0.	0.	0.	0	
4.47035	62.2992	216	0	1	3	3	1	2	2.80887	-0.18037	0.	-2.8125	0.	0.	0.	1.	0.	0.	1.	0.	0.	0.	0.	0.	0.	0	
4.4872	59.3463	217	0	1	3	3	1	2	2.80887	-0.18037	0.	-2.8125	0.	0.	0.	1.	0.	0.	1.	0.	0.	0.	0.	0.	0.	0	
4.50419	58.8393	218	0	1	3	3	1	2	2.80887	-0.18037	0.	-2.8125	0.	0.	0.	1.	0.	0.	1.	0.	0.	0.	0.	0.	0.	0	
4.5212	58.8184	219	0	1	3	3	1	2	2.80887	-0.18037	0.	-2.8125	0.	0.	0.	1.	0.	0.	1.	0.	0.	0.	0.	0.	0.	0	
4.53818	58.8759	220	0	1	3	3	1	2	2.80887	-0.18037	0.	-2.8125	0.	0.	0.	1.	0.	0.	1.	0.	0.	0.	0.	0.	0.	0	
4.55517	58.8414	221	0	1	3	3	1	2	2.80887	-0.18037	0.	-2.8125	0.	0.	0.	1.	0.	0.	1.	0.	0.	0.	0.	0.	0.	0	
4.57223	58.628	222	0	1	3	3	1	2	2.80887	-0.18037	0.	-2.8125	0.	0.	0.	1.	0.	0.	1.	0.	0.	0.	0.	0.	0.	0	
4.58822	62.5521	223	0	1	3	3	1	2	2.80887	-0.18037	0.	-2.8125	0.	0.	0.	1.	0.	0.	1.	0.	0.	0.	0.	0.	0.	0	
4.6052	58.8738	224	0	1	3	3	1	2	2.80887	-0.18037	0.	-2.8125	0.	0.	0.	1.	0.	0.	1.	0.	0.	0.	0.	0.	0.	0	
4.62219	58.8655	225	0	1	3	3	1	2	2.80887	-0.18037	0.	-2.8125	0.	0.	0.	1.	0.	0.	1.	0.	0.	0.	0.	0.	0.	0	
4.63918	58.8529	226	0	1	3	3	1	2	2.80887	-0.18037	0.	-2.8125	0.	0.	0.	1.	0.	0.	1.	0.	0.	0.	0.	0.	0.	0	
4.65625	58.5813	227	0	1	3	3	1	2	2.80887	-0.18037	0.	-2.8125	0.	0.	0.	1.	0.	0.	1.	0.	0.	0.	0.	0.	0.	0	
4.67319	59.048	228	0	1	3	3	1	2	2.80887	-0.18037	0.	-2.8125	0.	0.	0.	1.	0.	0.	1.	0.	0.	0.	0.	0.	0.	0	
4.68924	62.2817	229	0	1	3	3	1	2	2.80887	-0.18037	0.	-2.8125	0.	0.	0.	1.	0.	0.	1.	0.	0.	0.	0.	0.	0.	0	
4.70619	59.0186	230	0	1	3	3	1	2	2.80887	-0.18037	0.	-2.8125	0.	0.	0.	1.	0.	0.	1.	0.	0.	0.	0.	0.	0.	0	
4.7232	58.7819	231	0	1	3	3	1	2	2.80887	-0.18037	0.	-2.8125	0.	0.	0.	1.	0.	0.	1.	0.	0.	0.	0.	0.	0.	0	
4.7392	62.5073	232	0	1	3	3	1	2	2.80887	-0.18037	0.	-2.8125	0.	0.	0.	1.	0.	0.	1.	0.	0.	0.	0.	0.	0.	0	
4.7552	62.492	233	0	1	3	3	1	2	2.80887	-0.18037	0.	-2.8125	0.	0.	0.	1.	0.	0.	1.	0.	0.	0.	0.	0.	0.	0	
4.77121	62.4825	234	0	1	3	3	1	2	2.80887	-0.18037	0.	-2.8125	0.	0.	0.	1.	0.	0.	1.	0.	0.	0.	0.	0.	0.	0	
4.78822	58.7798	235	0	1	3	3	1	2	2.80887	-0.18037	0.	-2.8125	0.	0.	0.	1.	0.	0.	1.	0.	0.	0.	0.	0.	0.	0	
4.80519	58.9346	236	0	1	3	3	1	2	2.80887	-0.18037	0.	-2.8125	0.	0.	0.	1.	0.	0.	1.	0.	0.	0.	0.	0.	0.	0	
4.8212	62.446	237	0	1	3	3	1	2	2.80887	-0.18037	0.	-2.8125	0.	0.	0.	1.	0.	0.	1.	0.	0.	0.	0.	0.	0.	0	
4.8372	62.4861	238	0	1	3	3	1	2	2.80887	-0.18037	0.	-2.8125	0.	0.	0.	1.	0.	0.	1.	0.	0.	0.	0.	0.	0.	0	
4.85426	58.6124	239	0	1	3	3	1	2	2.80887	-0.18037	0.	-2.8125	0.	0.	0.	1.	0.	0.	1.	0.	0.	0.	0.	0.	0.	0	
4.8712	59.0407	240	0	1	3	3	1	2	2.80887	-0.18037	0.	-2.8125	0.	0.	0.	1.	0.	0.	1.	0.	0.	0.	0.	0.	0.	0	
4.8882	58.8467	241	0	1	3	3	1	2	2.80887	-0.18037	0.	-2.8125	0.	0.	0.	1.	0.	0.	1.	0.	0.	0.	0.	0.	0.	0	
4.90521	58.7632	242	0	1	3	3	1	2	2.80887	-0.18037	0.	-2.8125	0.	0.	0.	1.	0.	0.	1.	0.	0.	0.	0.	0.	0.	0	
4.9212	62.5356	243	0	1	3	3	1	2	2.80887	-0.18037	0.	-2.8125	0.	0.	0.	1.	0.	0.	1.	0.	0.	0.	0.	0.	0.	0	
4.9372	62.5167	244	0	1	3	3	1	2	2.80887	-0.18037	0.	-2.8125	0.	0.	0.	1.	0.	0.	1.	0.	0.	0.	0.	0.	0.	0	
4.95421	58.7903	245	0	1	3	3	1	2	2.80887	-0.18037	0.	-2.8125	0.	0.	0.	1.	0.	0.	1.	0.	0.	0.	0.	0.	0.	0	
4.9712	58.8582	246	0	1	3	3	1	2	2.80887	-0.18037	0.	-2.8125	0.	0.	0.	1.	0.	0.	1.	0.	0.	0.	0.	0.	0.	0	
4.98719	62.5368	247	0	1	3	3	1	2	2.80887	-0.18037	0.	-2.8125	0.	0.	0.	1.	0.	0.	1.	0.	0.	0.	0.	0.	0.	0	
5.00418	58.8697	248	0	1	3	3	1	2	2.80887	-0.18037	0.	-2.8125	0.	0.	0.	1.	0.	0.	1.	0.	0.	0.	0.	0.	0.	0	
5.0212	58.7288	249	0	1	3	3	1	2	2.80887	-0.18037	0.	-2.8125	0.	0.	0.	1.	0.	0.	1.	0.	0.	0.	0.	0.	0.	0	
5.03719	62.5392	250	0	1	3	3	1	2	2.80887	-0.18037	0.	-2.8125	0.	0.	0.	1.	0.	0.	1.	0.	0.	0.	0.	0.	0.	0	
5.05419	58.8247	251	0	1	3	3	1	2	2.80887	-0.18037	0.	-2.8125	0.	0.	0.	1.	0.	0.	1.	0.	0.	0.	0.	0.	0.	0	
5.07122	58.7163	252	0	1	3	3	1	2	2.80887	-0.18037	0.	-2.8125	0.	0.	0.	1.	0.	0.	1.	0.	0.	0.	0.	0.	0.	0	
5.08817	58.9976	253	0	1	3	3	1	2	2.80887	-0.18037	0.	-2.8125	0.	0.	0.	1.	0.	0.	1.	0.	0.	0.	0.	0.	0.	0	
5.10499	59.4848	254	0	1	3	3	1	2	2.80887	-0.18037	0.	-2.8125	0.	0.	0.	1.	0.	0.	1.	0.	0.	0.	0.	0.	0.	0	
5.1222	58.0944	255	0	1	3	3	1	2	2.80887	-0.18037	0.	-2.8125	0.	0.	0.	1.	0.	0.	1.	0.	0.	0.	0.	0.	0.	0	
5.13921	58.7892	256	0	1	3	3	1	2	2.80887	-0.18037	0.	-2.8125	0.	0.	0.	1.	0.	0.	1.	0.	0.	0.	0.	0.	0.	0	
5.15521	62.5038	257	0	1	3	3	1	2	2.80887	-0.18037	0.	-2.8125	0.	0.	0.	1.	0.	0.	1.	0.	0.	0.	0.	0.	0.	0	
5.17219	58.8854	258	0	1	3	3	1	2	2.80887	-0.18037	0.	-2.8125	0.	0.	0.	1.	0.	0.	1.	0.	0.	0.	0.	0.	0.	0	
5.18819	62.4955	259	0	1	3	3	1	2	2.80887	-0.18037	0.	-2.8125	0.	0.	0.	1.	0.	0.	1.	0.	0.	0.	0.	0.	0.	0	
5.20425	62.2746	260	0	1	3	3	1	2	2.80887	-0.18037	0.	-2.8125	0.	0.	0.	1.	0.	0.	1.	0.	0.	0.	0.	0.	0.	0	
5.22119	59.0333	261	0	1	3	3	1	2	2.80887	-0.18037	0.	-2.8125	0.	0.	0.	1.	0.	0.	1.	0.	0.	0.	0.	0.	0.	0	
5.23718	62.5262	262	0	1	3	3	1	2	2.80887	-0.18037	0.	-2.8125	0.	0.	0.	1.	0.	0.	1.	0.	0.	0.	0.	0.	0.	0	
5.25389	59.8405	263	0	1	3	3	1	2	2.80887	-0.18037	0.	-2.8125	0.	0.	0.	1.	0.	0.	1.	0.	0.	0.	0.	0.	0.	0	
5.27139	57.1494	264	0	1	3	3	1	2	2.80887	-0.18037	0.	-2.8125	0.	0.	0.	1.	0.	0.	1.	0.	0.	0.	0.	0.	0.	0	
5.28821	59.4582	265	0	1	3	3	1	2	2.80887	-0.18037	0.	-2.8125	0.	0.	0.	1.	0.	0.	1.	0.	0.	0.	0.	0.	0.	0	

