-9.18	-2.10523	0.	342.349	
-9.18141	-1.12477	0.	340.547	
-9.18561	-0.149381	0.	338.785	
-9.19257	0.820954	0.	337.064	
-9.20227	1.78626	0.	335.383	
-9.21468	2.74656	0.	333.742	
-9.22977	3.70187	0.	332.141	
-9.2475	4.65223	0.	330.581	
-9.26786	5.59764	0.	329.061	
-9.2908	6.53815	0.	327.582	
-9.31631	7.47376	0.	326.143	
-9.34436	8.4045	0.	324.745	
-9.3749	9.3304	0.	323.388	
-9.40793	10.2515	0.	322.072	
-9.4434	11.1677	0.	320.797	
-9.48129	12.0792	0.	319.564	
-9.52156	12.986	0.	318.371	
-9.5642	13.888	0.	317.221	
-9.60917	14.7853	0.	316.113	
-9.65644	15.6779	0.	315.047	
-9.70599	16.5659	0.	314.023	
-9.75777	17.4492	0.	313.043	
-9.81178	18.3279	0.	312.106	
-9.86797	19.202	0.	311.212	
-9.92632	20.0716	0.	310.363	
-9.9868	20.9366	0.	309.558	
-10.0494	21.797	0.	308.798	
-10.114	22.653	0.	308.084	
-10.1807	23.5045	0.	307.415	
-10.2494	24.3515	0.	306.794	
-10.3201	25.1942	0.	306.219	
-10.3928	26.0324	0.	305.693	
-10.4673	26.8662	0.	305.215	
-10.5438	27.6956	0.	304.787	
-10.6222	28.5207	0.	304.409	
-10.7023	29.3415	0.	304.082	
-10.7843	30.158	0.	303.806	
-10.8681	30.9703	0.	303.584	
-10.9536	31.7782	0.	303.416	
-11.0409	32.582	0.	303.303	
-11.1298	33.3816	0.	303.247	
-11.2204	34.1769	0.	303.248	
-11.3127	34.9682	0.	303.308	
-11.4065	35.7553	0.	303.428	
-11.502	36.5382	0.	303.61	
-11.599	37.3171	0.	303.855	
-11.6975	38.092	0.	304.166	
-11.7975	38.8628	0.	304.543	
-11.899	39.6295	0.	304.99	
-12.0019	40.3923	0.	305.507	
-12.1062	41.1511	0.	306.098	
-12.2119	41.906	0.	306.764	
-12.3189	42.6569	0.	307.508	
-12.4273	43.4039	0.	308.333	
-12.5369	44.1471	0.	309.242	
-12.6478	44.8864	0.	310.237	
-12.76	45.6218	0.	311.322	
-12.8733	46.3535	0.	312.5	
-12.9879	47.0813	0.	313.776	
-13.1035	47.8054	0.	315.153	
-13.2203	48.5258	0.	316.635	
-13.3382	49.2424	0.	318.228	
-13.4571	49.9554	0.	319.935	
-13.5771	50.6646	0.	321.763	
-13.6981	51.3703	0.	323.717	
-13.82	52.0723	0.	325.804	
-13.9429	52.7706	0.	328.03	
-14.0667	53.4655	0.	330.402	
-14.1914	54.1567	0.	332.928	
-14.317	54.8444	0.	335.617	
-14.4433	55.5286	0.	338.479	
-14.5705	56.2093	0.	341.522	
-14.6985	56.8866	0.	344.759	
-14.8272	57.5604	0.	348.2	
-14.9566	58.2308	0.	351.86	
-15.0866	58.8978	0.	355.752	
-15.2174	59.5614	0.	359.892	
-15.3487	60.2217	0.	364.298	
-15.4807	60.8786	0.	368.987	
-15.6132	61.5322	0.	373.982	
-15.7463	62.1826	0.	379.306	
-15.8799	62.8297	0.	384.983	
-16.014	63.4735	0.	391.044	
-16.1485	64.1142	0.	397.519	
-16.2834	64.7516	0.	404.445	
-16.4188	65.3859	0.	411.861	
-16.5545	66.0171	0.	419.813	
-16.6905	66.6451	0.	428.352	
-16.8269	67.27	0.	437.536	
-16.9635	67.8919	0.	447.431	
-17.1004	68.5107	0.	458.112	
-17.2375	69.1265	0.	469.667	
-17.3748	69.7392	0.	482.195	
-17.5122	70.349	0.	495.813	
-17.6498	70.9558	0.	510.657	
-17.7875	71.5597	0.	526.887	
-17.9253	72.1607	0.	544.693	
-18.0631	72.7588	0.	564.3	
-18.201	73.354	0.	585.98	
-18.3388	73.9464	0.	610.062	
-18.4766	74.5359	0.	636.948	
-18.6144	75.1227	0.	667.139	
-18.752	75.7066	0.	701.26	
-18.8895	76.2879	0.	740.104	
-19.0269	76.8664	0.	784.697	
-19.164	77.4421	0.	836.382	
-19.301	78.0152	0.	896.96	
-19.4377	78.5857	0.	968.896	
-19.5742	79.1535	0.	1055.66	
-19.7103	79.7187	0.	1162.31	
-19.8462	80.2813	0.	1296.46	
-19.9816	80.8413	0.	1470.24	
-20.1167	81.3988	0.	1704.1	
-20.2514	81.9538	0.	2035.52	
-20.3856	82.5062	0.	2541.29	
-20.5194	83.0562	0.	3407.58	
-20.6526	83.6037	0.	5231.9	
-20.7853	84.1488	0.	-1.	
-20.9175	84.6915	0.	-1.	
-21.0491	85.2318	0.	7698.61	
-21.1801	85.7698	0.	4137.65	
-21.3104	86.3054	0.	2809.69	
-21.44	86.8387	0.	2115.92	
-21.569	87.3697	0.	1689.76	
-21.6972	87.8984	0.	1401.5	
-21.8246	88.4249	0.	1193.61	
-21.9513	88.9492	0.	1036.65	
-22.0771	89.4712	0.	913.985	
-22.2021	89.9911	0.	815.522	
-22.3262	90.5088	0.	734.77	
-22.4495	91.0244	0.	667.371	
-22.5717	91.5379	0.	610.285	
-22.6931	92.0493	0.	561.332	
-22.8134	92.5586	0.	518.906	
-22.9327	93.0659	0.	481.795	
-23.0509	93.5712	0.	449.073	
-23.1681	94.0745	0.	420.014	
-23.2842	94.5758	0.	394.045	
-23.3991	95.0752	0.	370.708	
-23.5129	95.5726	0.	349.628	
-23.6254	96.0682	0.	330.502	
-23.7368	96.5619	0.	313.074	
-23.8469	97.0537	0.	297.136	
-23.9557	97.5436	0.	282.508	
-24.0632	98.0318	0.	269.041	
-24.1694	98.5182	0.	256.607	
-24.2742	99.0028	0.	245.095	
-24.3776	99.4857	0.	234.41	
-24.4796	99.9668	0.	224.47	
-24.5801	100.446	0.	215.204	
-24.6791	100.924	0.	206.548	
-24.7767	101.4	0.	198.448	
-24.8726	101.875	0.	190.854	
-24.9671	102.348	0.	183.723	
-25.0599	102.819	0.	177.017	
-25.1511	103.289	0.	170.701	
-25.2406	103.757	0.	164.746	
-25.3285	104.224	0.	159.122	
-25.4146	104.689	0.	153.806	
-25.499	105.153	0.	148.775	
-25.5816	105.615	0.	144.009	
-25.6624	106.076	0.	139.489	
-25.7414	106.536	0.	135.199	
-25.8185	106.994	0.	131.123	
-25.8938	107.451	0.	127.249	
-25.9671	107.906	0.	123.562	
-26.0385	108.36	0.	120.051	
-26.1079	108.813	0.	116.707	
-26.1753	109.265	0.	113.518	
-26.2407	109.715	0.	110.476	
-26.304	110.164	0.	107.572	
-26.3652	110.612	0.	104.799	
-26.4243	111.059	0.	102.15	
-26.4812	111.505	0.	99.6179	
-26.536	111.949	0.	97.1967	
-26.5886	112.393	0.	94.8807	
-26.6389	112.835	0.	92.6646	
-26.687	113.277	0.	90.5436	
-26.7328	113.717	0.	88.5131	
-26.7762	114.156	0.	86.5687	
-26.7792	114.188	0.	86.433	
-26.8202	114.626	0.	86.4185	
-26.8588	115.063	0.	86.4178	
-26.8951	115.499	0.	86.4311	
-26.9291	115.935	0.	86.4584	
-26.9608	116.369	0.	86.4997	
-26.9903	116.803	0.	86.5551	
-27.0175	117.235	0.	86.6246	
-27.0425	117.667	0.	86.7085	
-27.0653	118.097	0.	86.8066	
-27.0859	118.527	0.	86.9192	
-27.1043	118.956	0.	87.0463	
-27.1206	119.384	0.	87.1881	
-27.1348	119.81	0.	87.3446	
-27.1468	120.236	0.	87.5159	
-27.1568	120.662	0.	87.7022	
-27.1646	121.086	0.	87.9037	
-27.1705	121.509	0.	88.1204	
-27.1742	121.931	0.	88.3526	
-27.176	122.353	0.	88.6003	
-27.1757	122.774	0.	88.8638	
-27.1735	123.193	0.	89.1433	
-27.1693	123.612	0.	89.4389	
-27.1632	124.03	0.	89.7509	
-27.1551	124.447	0.	90.0794	
-27.1451	124.864	0.	90.4247	
-27.1332	125.279	0.	90.7871	
-27.1195	125.694	0.	91.1667	
-27.1038	126.108	0.	91.5639	
-27.0864	126.521	0.	91.979	
-27.0671	126.933	0.	92.4121	
-27.0461	127.344	0.	92.8638	
-27.0232	127.754	0.	93.3342	
-26.9986	128.164	0.	93.8237	
-26.9723	128.573	0.	94.3327	
-26.9442	128.981	0.	94.8616	
-26.9144	129.388	0.	95.4108	
-26.8829	129.795	0.	95.9806	
-26.8497	130.2	0.	96.5715	
-26.8149	130.605	0.	97.184	
-26.7785	131.009	0.	97.8186	
-26.7404	131.413	0.	98.4758	
-26.7008	131.815	0.	99.1561	
-26.6595	132.217	0.	99.8601	
-26.6167	132.618	0.	100.588	
-26.5724	133.019	0.	101.341	
-26.5265	133.418	0.	102.12	
-26.4792	133.817	0.	102.925	
-26.4303	134.215	0.	103.757	
-26.38	134.612	0.	104.617	
-26.3282	135.009	0.	105.505	
-26.275	135.405	0.	106.422	
-26.2203	135.8	0.	107.37	
-26.1643	136.195	0.	108.349	
-26.1069	136.589	0.	109.361	
-26.0482	136.982	0.	110.405	
-25.9881	137.374	0.	111.484	
-25.9266	137.766	0.	112.598	
-25.8639	138.157	0.	113.75	
-25.7999	138.547	0.	114.939	
-25.7346	138.937	0.	116.167	
-25.6681	139.326	0.	117.437	
-25.6003	139.714	0.	118.749	
-25.5313	140.102	0.	120.105	
-25.4612	140.489	0.	121.507	
-25.3898	140.876	0.	122.956	
-25.3173	141.261	0.	124.455	
-25.2437	141.646	0.	126.005	
-25.169	142.031	0.	127.61	
-25.0931	142.415	0.	129.271	
-25.0162	142.798	0.	130.99	
-24.9382	143.181	0.	132.771	
-24.8591	143.563	0.	134.616	
-24.779	143.944	0.	136.528	
-24.6979	144.325	0.	138.511	
-24.6158	144.705	0.	140.567	
-24.5328	145.085	0.	142.702	
-24.4488	145.464	0.	144.918	
-24.3638	145.843	0.	147.22	
-24.278	146.221	0.	149.613	
-24.1912	146.598	0.	152.102	
-24.1036	146.975	0.	154.691	
-24.0151	147.351	0.	157.387	
-23.9257	147.727	0.	160.197	
-23.8355	148.102	0.	163.126	
-23.7446	148.477	0.	166.182	
-23.6528	148.851	0.	169.374	
-23.5602	149.224	0.	172.709	
-23.4669	149.597	0.	176.198	
-23.3729	149.97	0.	179.85	
-23.2782	150.342	0.	183.678	
-23.1827	150.713	0.	187.693	
-23.0866	151.084	0.	191.909	
-22.9898	151.455	0.	196.342	
-22.8924	151.825	0.	201.007	
-22.7944	152.194	0.	205.923	
-22.6957	152.563	0.	211.111	
-22.5965	152.932	0.	216.593	
-22.4967	153.3	0.	222.395	
-22.3963	153.667	0.	228.544	
-22.2954	154.034	0.	235.072	
-22.194	154.401	0.	242.017	
-22.0921	154.767	0.	249.416	
-21.9898	155.133	0.	257.318	
-21.8869	155.498	0.	265.774	
-21.7836	155.863	0.	274.843	
-21.68	156.228	0.	284.596	
-21.5759	156.592	0.	295.111	
-21.4714	156.955	0.	306.482	
-21.3665	157.319	0.	318.816	
-21.2613	157.682	0.	332.241	
-21.1558	158.044	0.	346.908	
-21.05	158.406	0.	362.998	
-20.9439	158.767	0.	380.727	
-20.8375	159.129	0.	400.358	
-20.7308	159.49	0.	422.216	
-20.6239	159.85	0.	446.701	
-20.5168	160.21	0.	474.316	
-20.4095	160.57	0.	505.702	
-20.302	160.929	0.	541.689	
-20.1943	161.288	0.	583.366	
-20.0865	161.647	0.	632.2	
-19.9786	162.005	0.	690.205	
-19.8706	162.363	0.	760.235	
-19.7624	162.721	0.	846.458	
-19.6542	163.078	0.	955.226	
-19.546	163.435	0.	1096.71	
-19.4377	163.791	0.	1288.29	
-19.3294	164.148	0.	1562.28	
-19.2211	164.504	0.	1986.44	
-19.1128	164.859	0.	2730.84	
-19.0045	165.215	0.	4378.07	
-18.8964	165.57	0.	-1.	
-18.7882	165.925	0.	-1.	
-18.6802	166.279	0.	5311.86	
-18.5723	166.634	0.	3046.24	
-18.4645	166.988	0.	2132.84	
-18.3569	167.341	0.	1639.3	
-18.2494	167.695	0.	1330.23	
-18.1422	168.048	0.	1118.49	
-18.0351	168.401	0.	964.359	
-17.9282	168.754	0.	847.141	
-17.8216	169.106	0.	754.993	
-17.7153	169.458	0.	680.651	
-17.6092	169.81	0.	619.408	
-17.5034	170.162	0.	568.083	
-17.398	170.513	0.	524.447	
-17.2928	170.865	0.	486.894	
-17.1881	171.216	0.	454.234	
-17.0836	171.567	0.	425.569	
-16.9796	171.917	0.	400.21	
-16.876	172.268	0.	377.616	
-16.7728	172.618	0.	357.359	
-16.6701	172.968	0.	339.093	
-16.5678	173.318	0.	322.541	
-16.466	173.668	0.	307.471	
-16.3647	174.018	0.	293.693	
-16.2639	174.367	0.	281.049	
-16.1636	174.716	0.	269.404	
-16.0639	175.066	0.	258.645	
-15.9648	175.415	0.	248.675	
-15.8662	175.763	0.	239.41	
-15.7683	176.112	0.	230.779	
-15.671	176.461	0.	222.719	
-15.5743	176.809	0.	215.175	
-15.4783	177.157	0.	208.1	
-15.383	177.506	0.	201.453	
-15.2884	177.854	0.	195.194	
-15.1945	178.202	0.	189.293	
-15.1014	178.55	0.	183.719	
-15.009	178.897	0.	178.447	
-14.9173	179.245	0.	173.453	
-14.8265	179.593	0.	168.715	
-14.7365	179.94	0.	164.216	
-14.6473	180.288	0.	159.937	
-14.5589	180.635	0.	155.864	
-14.4714	180.982	0.	151.982	
-14.3848	181.33	0.	148.278	
-14.2991	181.677	0.	144.742	
-14.2144	182.024	0.	141.362	
-14.2084	182.049	0.	141.126	
-14.1246	182.396	0.	142.673	
-14.0417	182.743	0.	144.267	
-13.9598	183.09	0.	145.909	
-13.8788	183.437	0.	147.603	
-13.7987	183.784	0.	149.349	
-13.7194	184.131	0.	151.15	
-13.641	184.478	0.	153.008	
-13.5635	184.824	0.	154.925	
-13.4868	185.171	0.	156.904	
-13.411	185.518	0.	158.947	
-13.336	185.864	0.	161.058	
-13.2617	186.211	0.	163.239	
-13.1883	186.558	0.	165.493	
-13.1157	186.904	0.	167.824	
-13.0438	187.251	0.	170.235	
-12.9727	187.597	0.	172.73	
-12.9024	187.943	0.	175.313	
-12.8328	188.29	0.	177.989	
-12.7639	188.636	0.	180.761	
-12.6957	188.982	0.	183.636	
-12.6282	189.328	0.	186.617	
-12.5614	189.674	0.	189.712	
-12.4953	190.02	0.	192.926	
-12.4299	190.366	0.	196.265	
-12.3651	190.712	0.	199.737	
-12.3009	191.058	0.	203.349	
-12.2374	191.404	0.	207.109	
-12.1745	191.75	0.	211.027	
-12.1122	192.096	0.	215.112	
-12.0504	192.441	0.	219.375	
-11.9893	192.787	0.	223.826	
-11.9287	193.133	0.	228.478	
-11.8687	193.478	0.	233.345	
-11.8093	193.824	0.	238.441	
-11.7503	194.169	0.	243.782	
-11.6919	194.514	0.	249.386	
-11.634	194.86	0.	255.273	
-11.5766	195.205	0.	261.463	
-11.5197	195.55	0.	267.98	
-11.4632	195.895	0.	274.851	
-11.4072	196.24	0.	282.104	
-11.3517	196.585	0.	289.771	
-11.2966	196.93	0.	297.889	
-11.2419	197.275	0.	306.498	
-11.1876	197.62	0.	315.642	
-11.1337	197.965	0.	325.374	
-11.0803	198.31	0.	335.75	
-11.0272	198.654	0.	346.836	
-10.9744	198.999	0.	358.707	
-10.922	199.343	0.	371.449	
-10.87	199.688	0.	385.159	
-10.8182	200.032	0.	399.953	
-10.7668	200.377	0.	415.963	
-10.7157	200.721	0.	433.344	
-10.6649	201.065	0.	452.279	
-10.6144	201.409	0.	472.985	
-10.5641	201.753	0.	495.723	
-10.5141	202.097	0.	520.805	
-10.4643	202.441	0.	548.612	
-10.4148	202.785	0.	579.612	
-10.3655	203.129	0.	614.387	
-10.3164	203.473	0.	653.669	
-10.2675	203.817	0.	698.394	
-10.2187	204.16	0.	749.774	
-10.1702	204.504	0.	809.412	
-10.1218	204.847	0.	879.47	
-10.0735	205.191	0.	962.937	
-10.0254	205.534	0.	1064.06	
-9.97744	205.878	0.	1189.12	
-9.92957	206.221	0.	1347.71	
-9.88179	206.564	0.	1555.44	
-9.8341	206.907	0.	1839.29	
-9.78648	207.25	0.	2250.49	
-9.73893	207.593	0.	2899.48	
-9.69143	207.936	0.	4076.39	
-9.64397	208.279	0.	6866.77	
-9.59654	208.621	0.	-1.	
-9.54912	208.964	0.	-1.	
-9.50171	209.307	0.	6490.46	
-9.45428	209.649	0.	3934.28	
-9.40684	209.992	0.	2821.86	
-9.35936	210.334	0.	2199.4	
-9.31184	210.676	0.	1801.64	
-9.26427	211.019	0.	1525.51	
-9.21662	211.361	0.	1322.63	
-9.16889	211.703	0.	1167.27	
-9.12107	212.045	0.	1044.48	
-9.07315	212.387	0.	945.009	
-9.02511	212.729	0.	862.783	
-8.97694	213.071	0.	793.68	
-8.92863	213.412	0.	734.792	
-8.88016	213.754	0.	684.012	
-8.83154	214.095	0.	639.775	
-8.78273	214.437	0.	600.894	
-8.73374	214.778	0.	566.453	
-8.68454	215.12	0.	535.734	
-8.63513	215.461	0.	508.166	
-8.5855	215.802	0.	483.289	
-8.53563	216.143	0.	460.727	
-8.48551	216.484	0.	440.174	
-8.43513	216.825	0.	421.372	
-8.38448	217.166	0.	404.109	
-8.33354	217.507	0.	388.203	
-8.28231	217.847	0.	373.501	
-8.23076	218.188	0.	359.872	
-8.1789	218.529	0.	347.203	
-8.1267	218.869	0.	335.398	
-8.07416	219.209	0.	324.37	
-8.02126	219.55	0.	314.047	
-7.96799	219.89	0.	304.364	
-7.91434	220.23	0.	295.263	
-7.86029	220.57	0.	286.694	
-7.80584	220.91	0.	278.612	
-7.75098	221.25	0.	270.977	
-7.69568	221.59	0.	263.754	
-7.63994	221.929	0.	256.91	
-7.58375	222.269	0.	250.418	
-7.5271	222.608	0.	244.25	
-7.46997	222.948	0.	238.385	
-7.41234	223.287	0.	232.8	
-7.35422	223.626	0.	227.476	
-7.29558	223.965	0.	222.396	
-7.23642	224.305	0.	217.544	
-7.17672	224.644	0.	212.905	
-7.11647	224.982	0.	208.466	
-7.05566	225.321	0.	204.215	
-6.99428	225.66	0.	200.14	
-6.93231	225.999	0.	196.232	
-6.86974	226.337	0.	192.479	
-6.80656	226.676	0.	188.875	
-6.74277	227.014	0.	185.41	
-6.67833	227.352	0.	182.077	
-6.61326	227.69	0.	178.869	
-6.54752	228.029	0.	175.779	
-6.48112	228.367	0.	172.802	
-6.41403	228.704	0.	169.931	
-6.34625	229.042	0.	167.162	
-6.27777	229.38	0.	164.489	
-6.20856	229.718	0.	161.908	
-6.13863	230.055	0.	159.415	
-6.06795	230.393	0.	157.005	
-5.99653	230.73	0.	154.675	
-5.92433	231.067	0.	152.422	
-5.85136	231.404	0.	150.241	
-5.7776	231.741	0.	148.13	
-5.70303	232.078	0.	146.086	
-5.62766	232.415	0.	144.106	
-5.55145	232.752	0.	142.188	
-5.47441	233.089	0.	140.329	
-5.39652	233.425	0.	138.526	
-5.31777	233.762	0.	136.778	
-5.23814	234.098	0.	135.082	
-5.15763	234.434	0.	133.436	
-5.07622	234.77	0.	131.839	
-4.9939	235.106	0.	130.289	
-4.91065	235.442	0.	128.784	
-4.82648	235.778	0.	127.323	
-4.74135	236.114	0.	125.904	
-4.65527	236.45	0.	124.525	
-4.56822	236.785	0.	123.186	
-4.48019	237.121	0.	121.884	
-4.39116	237.456	0.	120.619	
-4.30113	237.791	0.	119.39	
-4.21007	238.126	0.	118.195	
-4.11799	238.462	0.	117.034	
-4.02487	238.796	0.	115.905	
-3.93069	239.131	0.	114.807	
-3.83545	239.466	0.	113.74	
-3.73912	239.801	0.	112.702	
-3.64171	240.135	0.	111.693	
-3.54319	240.47	0.	110.713	
-3.44356	240.804	0.	109.759	
-3.34281	241.138	0.	108.832	
-3.24091	241.472	0.	107.93	
-3.13787	241.806	0.	107.054	
-3.03366	242.14	0.	106.202	
-2.92828	242.474	0.	105.374	
-2.82171	242.808	0.	104.569	
-2.71395	243.141	0.	103.787	
-2.7062	243.165	0.	103.732	
-2.59714	243.498	0.	105.709	
-2.48689	243.832	0.	107.751	
-2.37547	244.165	0.	109.863	
-2.2629	244.498	0.	112.046	
-2.1492	244.831	0.	114.305	
-2.03439	245.164	0.	116.643	
-1.91849	245.497	0.	119.065	
-1.80152	245.83	0.	121.576	
-1.6835	246.162	0.	124.179	
-1.56446	246.495	0.	126.881	
-1.4444	246.827	0.	129.687	
-1.32336	247.159	0.	132.604	
-1.20135	247.492	0.	135.637	
-1.07839	247.824	0.	138.794	
-0.954502	248.156	0.	142.083	
-0.829709	248.488	0.	145.513	
-0.704029	248.819	0.	149.092	
-0.577483	249.151	0.	152.831	
-0.450091	249.483	0.	156.742	
-0.321874	249.814	0.	160.835	
-0.192851	250.145	0.	165.126	
-6.30422e-002	250.477	0.	169.628	
6.7531e-002	250.808	0.	174.358	
0.198849	251.139	0.	179.335	
0.330891	251.47	0.	184.578	
0.463637	251.801	0.	190.109	
0.597066	252.132	0.	195.955	
0.73116	252.463	0.	202.142	
0.865896	252.793	0.	208.703	
1.00125	253.124	0.	215.674	
1.13722	253.454	0.	223.094	
1.27376	253.785	0.	231.009	
1.41087	254.115	0.	239.473	
1.54851	254.445	0.	248.544	
1.68668	254.775	0.	258.293	
1.82535	255.105	0.	268.8	
1.9645	255.435	0.	280.158	
2.10411	255.765	0.	292.477	
2.24416	256.095	0.	305.885	
2.38463	256.424	0.	320.538	
2.52551	256.754	0.	336.618	
2.66676	257.084	0.	354.349	
2.80836	257.413	0.	374.001	
2.95031	257.742	0.	395.909	
3.09258	258.072	0.	420.488	
3.23514	258.401	0.	448.263	
3.37798	258.73	0.	479.909	
3.52108	259.059	0.	516.301	
3.66442	259.388	0.	558.602	
3.80797	259.717	0.	608.386	
3.95172	260.045	0.	667.846	
4.09565	260.374	0.	740.119	
4.23973	260.703	0.	829.866	
4.38395	261.031	0.	944.32	
4.52829	261.36	0.	1095.35	
4.67271	261.688	0.	1303.85	
4.81722	262.016	0.	1610.43	
4.96178	262.345	0.	2105.69	
5.10637	262.673	0.	3041.5	
5.25098	263.001	0.	5477.31	
5.39558	263.329	0.	-1.	
5.54015	263.657	0.	9069.5	
5.68468	263.985	0.	3892.06	
5.82914	264.313	0.	2476.37	
5.97351	264.64	0.	1815.09	
6.11778	264.968	0.	1432.	
6.26191	265.296	0.	1182.02	
6.4059	265.623	0.	1006.02	
6.54972	265.951	0.	875.371	
6.69335	266.278	0.	774.526	
6.83677	266.605	0.	694.318	
6.97997	266.933	0.	628.99	
7.12291	267.26	0.	574.743	
7.26558	267.587	0.	528.972	
7.40796	267.914	0.	489.827	
7.55004	268.241	0.	455.962	
7.69178	268.568	0.	426.37	
7.83316	268.895	0.	400.287	
7.97418	269.222	0.	377.121	
8.11481	269.549	0.	356.404	
8.25502	269.875	0.	337.765	
8.3948	270.202	0.	320.905	
8.53413	270.528	0.	305.577	
8.67299	270.855	0.	291.579	
8.81135	271.181	0.	278.745	
8.9492	271.508	0.	266.934	
9.08651	271.834	0.	256.026	
9.22327	272.161	0.	245.92	
9.35946	272.487	0.	236.53	
9.49505	272.813	0.	227.781	
9.63002	273.139	0.	219.61	
9.76436	273.465	0.	211.959	
9.89805	273.791	0.	204.78	
10.0311	274.117	0.	198.03	
10.1634	274.443	0.	191.671	
10.295	274.769	0.	185.67	
10.4258	275.095	0.	179.996	
10.5559	275.421	0.	174.623	
10.6853	275.746	0.	169.528	
10.8138	276.072	0.	164.689	
10.9415	276.398	0.	160.086	
11.0684	276.723	0.	155.704	
11.1944	277.049	0.	151.526	
11.3195	277.374	0.	147.538	
11.4437	277.7	0.	143.727	
11.5671	278.025	0.	140.081	
11.6894	278.35	0.	136.591	
11.8108	278.676	0.	133.246	
11.9313	279.001	0.	130.037	
12.0507	279.326	0.	126.956	
12.1691	279.651	0.	123.996	
12.2865	279.977	0.	121.15	
12.4028	280.302	0.	118.411	
12.518	280.627	0.	115.773	
12.6322	280.952	0.	113.231	
12.7452	281.277	0.	110.78	
12.857	281.602	0.	108.415	
12.9677	281.927	0.	106.132	
13.0772	282.251	0.	103.926	
13.1855	282.576	0.	101.795	
13.2926	282.901	0.	99.7339	
13.3985	283.226	0.	97.7401	
13.5031	283.55	0.	95.8104	
13.6063	283.875	0.	93.942	
13.7083	284.2	0.	92.1321	
13.809	284.524	0.	90.3783	
13.9083	284.849	0.	88.6781	
14.0063	285.174	0.	87.0293	
14.1028	285.498	0.	85.4298	
14.198	285.823	0.	83.8777	
14.2917	286.147	0.	82.3712	
14.384	286.472	0.	80.9084	
14.4748	286.796	0.	79.4878	
14.5642	287.12	0.	78.1077	
14.652	287.445	0.	76.7667	
14.7383	287.769	0.	75.4635	
14.823	288.093	0.	74.1967	
14.9062	288.418	0.	72.965	
14.9878	288.742	0.	71.7673	
15.0678	289.066	0.	70.6025	
15.1461	289.39	0.	69.4695	
15.2228	289.714	0.	68.3673	
15.2978	290.039	0.	67.295	
15.3712	290.363	0.	66.2516	
15.4428	290.687	0.	65.2363	
15.5127	291.011	0.	64.2483	
15.5808	291.335	0.	63.2867	
15.6472	291.659	0.	62.3509	
15.7118	291.983	0.	61.4402	
15.7746	292.307	0.	60.5538	
15.8355	292.631	0.	59.6911	
15.8946	292.955	0.	58.8516	
15.9518	293.279	0.	58.0345	
16.0071	293.603	0.	57.2395	
16.0605	293.927	0.	56.4659	
16.112	294.251	0.	55.7132	
16.1615	294.575	0.	54.9809	
16.209	294.899	0.	54.2687	
16.2545	295.223	0.	53.576	
16.2981	295.546	0.	52.9024	
16.3396	295.87	0.	52.2475	
16.379	296.194	0.	51.6109	
16.4164	296.518	0.	50.9923	
16.4516	296.842	0.	50.3913	
16.4848	297.166	0.	49.8075	
16.5158	297.489	0.	49.2407	
16.5446	297.813	0.	48.6906	
16.5713	298.137	0.	48.1567	
16.5958	298.461	0.	47.639	
16.618	298.785	0.	47.137	
16.6381	299.108	0.	46.6505	
16.6558	299.432	0.	46.1793	
16.6713	299.756	0.	45.7232	
16.6845	300.08	0.	45.2818	
16.6953	300.403	0.	44.8551	
16.7039	300.727	0.	44.4428	
16.71	301.051	0.	44.0447	
16.7138	301.375	0.	43.6606	
16.7152	301.698	0.	43.2903	
16.7152	301.721	0.	43.2644	
16.714	302.045	0.	43.6337	
16.7104	302.369	0.	44.0167	
16.7044	302.693	0.	44.4137	
16.696	303.016	0.	44.8248	
16.6853	303.34	0.	45.2503	
16.6723	303.664	0.	45.6903	
16.657	303.988	0.	46.145	
16.6394	304.312	0.	46.6147	
16.6195	304.635	0.	47.0997	
16.5974	304.959	0.	47.6	
16.5731	305.283	0.	48.1161	
16.5466	305.607	0.	48.6481	
16.5179	305.93	0.	49.1964	
16.4871	306.254	0.	49.7612	
16.4541	306.578	0.	50.3429	
16.4189	306.902	0.	50.9417	
16.3817	307.226	0.	51.558	
16.3425	307.549	0.	52.1922	
16.3011	307.873	0.	52.8446	
16.2577	308.197	0.	53.5155	
16.2123	308.521	0.	54.2055	
16.1649	308.845	0.	54.9148	
16.1156	309.169	0.	55.644	
16.0642	309.493	0.	56.3935	
16.011	309.817	0.	57.1638	
15.9558	310.14	0.	57.9554	
15.8987	310.464	0.	58.7688	
15.8398	310.788	0.	59.6045	
15.779	311.112	0.	60.4631	
15.7163	311.436	0.	61.3453	
15.6519	311.76	0.	62.2517	
15.5856	312.084	0.	63.1829	
15.5176	312.408	0.	64.1396	
15.4478	312.732	0.	65.1225	
15.3763	313.056	0.	66.1325	
15.3031	313.381	0.	67.1704	
15.2282	313.705	0.	68.2369	
15.1516	314.029	0.	69.333	
15.0734	314.353	0.	70.4596	
14.9935	314.677	0.	71.6177	
14.9121	315.001	0.	72.8083	
14.829	315.325	0.	74.0326	
14.7444	315.65	0.	75.2917	
14.6582	315.974	0.	76.5868	
14.5705	316.298	0.	77.9192	
14.4813	316.622	0.	79.2903	
14.3905	316.947	0.	80.7015	
14.2984	317.271	0.	82.1544	
14.2047	317.595	0.	83.6505	
14.1097	317.92	0.	85.1916	
14.0132	318.244	0.	86.7795	
13.9154	318.569	0.	88.4161	
13.8161	318.893	0.	90.1036	
13.7156	319.218	0.	91.8439	
13.6137	319.542	0.	93.6396	
13.5105	319.867	0.	95.493	
13.406	320.191	0.	97.4069	
13.3002	320.516	0.	99.3839	
13.1932	320.841	0.	101.427	
13.085	321.165	0.	103.54	
12.9756	321.49	0.	105.726	
12.865	321.815	0.	107.988	
12.7532	322.139	0.	110.33	
12.6403	322.464	0.	112.758	
12.5262	322.789	0.	115.275	
12.4111	323.114	0.	117.886	
12.2948	323.439	0.	120.597	
12.1775	323.764	0.	123.414	
12.0592	324.089	0.	126.342	
11.9398	324.414	0.	129.389	
11.8195	324.739	0.	132.561	
11.6981	325.064	0.	135.867	
11.5758	325.389	0.	139.316	
11.4526	325.714	0.	142.916	
11.3284	326.039	0.	146.679	
11.2033	326.365	0.	150.616	
11.0774	326.69	0.	154.739	
10.9506	327.015	0.	159.061	
10.8229	327.341	0.	163.599	
10.6945	327.666	0.	168.368	
10.5652	327.992	0.	173.388	
10.4351	328.317	0.	178.678	
10.3043	328.643	0.	184.262	
10.1728	328.968	0.	190.166	
10.0405	329.294	0.	196.418	
9.90757	329.619	0.	203.051	
9.77393	329.945	0.	210.101	
9.63964	330.271	0.	217.61	
9.50471	330.597	0.	225.625	
9.36916	330.922	0.	234.199	
9.23302	331.248	0.	243.395	
9.0963	331.574	0.	253.283	
8.95902	331.9	0.	263.948	
8.82121	332.226	0.	275.484	
8.68289	332.552	0.	288.007	
8.54406	332.879	0.	301.648	
8.40477	333.205	0.	316.569	
8.26502	333.531	0.	332.96	
8.12484	333.857	0.	351.052	
7.98424	334.184	0.	371.129	
7.84325	334.51	0.	393.539	
7.70189	334.836	0.	418.719	
7.56017	335.163	0.	447.221	
7.41812	335.489	0.	479.755	
7.27576	335.816	0.	517.247	
7.13311	336.143	0.	560.935	
6.99019	336.469	0.	612.5	
6.84701	336.796	0.	674.298	
6.7036	337.123	0.	749.725	
6.55999	337.45	0.	843.867	
6.41618	337.777	0.	964.702	
6.2722	338.104	0.	1125.49	
6.12808	338.431	0.	1350.04	
5.98382	338.758	0.	1685.71	
5.83946	339.085	0.	2242.25	
5.695	339.412	0.	3344.88	
5.55048	339.74	0.	6572.69	
5.40591	340.067	0.	-1.	
5.26131	340.395	0.	7091.19	
5.1167	340.722	0.	3479.2	
4.9721	341.05	0.	2305.52	
4.82754	341.377	0.	1724.11	
4.68303	341.705	0.	1376.94	
4.5386	342.033	0.	1146.14	
4.39426	342.36	0.	981.58	
4.25003	342.688	0.	858.297	
4.10594	343.016	0.	762.476	
3.962	343.344	0.	685.847	
3.81824	343.672	0.	623.159	
3.67467	344.	0.	570.916	
3.53131	344.329	0.	526.7	
3.3882	344.657	0.	488.787	
3.24534	344.985	0.	455.914	
3.10275	345.314	0.	427.133	
2.96046	345.642	0.	401.721	
2.81849	345.971	0.	379.115	
2.67686	346.299	0.	358.872	
2.53558	346.628	0.	340.637	
2.39468	346.957	0.	324.122	
2.25418	347.286	0.	309.093	
2.1141	347.615	0.	295.355	
1.97446	347.944	0.	282.748	
1.83528	348.273	0.	271.136	
1.69657	348.602	0.	260.403	
1.55837	348.931	0.	250.453	
1.42068	349.26	0.	241.201	
1.28353	349.59	0.	232.576	
1.14695	349.919	0.	224.514	
1.01095	350.249	0.	216.962	
0.875544	350.578	0.	209.871	
0.740762	350.908	0.	203.201	
0.606623	351.238	0.	196.913	
0.473145	351.567	0.	190.976	
0.340349	351.897	0.	185.36	
0.208257	352.227	0.	180.039	
7.68864e-002	352.557	0.	174.991	
-5.37407e-002	352.887	0.	170.195	
-0.183604	353.218	0.	165.631	
-0.312684	353.548	0.	161.283	
-0.44096	353.878	0.	157.136	
-0.568412	354.209	0.	153.176	
-0.695019	354.54	0.	149.39	
-0.820761	354.87	0.	145.767	
-0.945618	355.201	0.	142.297	
-1.06957	355.532	0.	138.97	
-1.1926	355.863	0.	135.777	
-1.31467	356.194	0.	132.709	
-1.43579	356.525	0.	129.761	
-1.55591	356.856	0.	126.925	
-1.67503	357.187	0.	124.194	
-1.79313	357.519	0.	121.564	
-1.91017	357.85	0.	119.028	
-2.02615	358.181	0.	116.581	
-2.14104	358.513	0.	114.22	
-2.25482	358.845	0.	111.939	
-2.36747	359.177	0.	109.734	
-2.47897	359.509	0.	107.603	
-2.58931	359.841	0.	105.542	
-2.69845	360.173	0.	103.546	
-2.7062	360.196	0.	103.406	
-2.81405	360.528	0.	104.291	
-2.92071	360.861	0.	105.204	
-3.02618	361.193	0.	106.146	
-3.13048	361.526	0.	107.116	
-3.23362	361.858	0.	108.117	
-3.33562	362.191	0.	109.149	
-3.43649	362.524	0.	110.213	
-3.53624	362.856	0.	111.31	
-3.63489	363.189	0.	112.441	
-3.73245	363.522	0.	113.607	
-3.82893	363.855	0.	114.81	
-3.92435	364.189	0.	116.05	
-4.01872	364.522	0.	117.329	
-4.11205	364.855	0.	118.649	
-4.20436	365.189	0.	120.011	
-4.29566	365.522	0.	121.415	
-4.38597	365.856	0.	122.865	
-4.47529	366.19	0.	124.362	
-4.56365	366.524	0.	125.907	
-4.65105	366.858	0.	127.503	
-4.73751	367.192	0.	129.151	
-4.82304	367.526	0.	130.853	
-4.90766	367.86	0.	132.613	
-4.99138	368.194	0.	134.432	
-5.07421	368.529	0.	136.313	
-5.15616	368.863	0.	138.258	
-5.23726	369.198	0.	140.271	
-5.31751	369.532	0.	142.355	
-5.39692	369.867	0.	144.513	
-5.47551	370.202	0.	146.748	
-5.5533	370.537	0.	149.064	
-5.6303	370.872	0.	151.466	
-5.70651	371.207	0.	153.957	
-5.78196	371.542	0.	156.542	
-5.85666	371.878	0.	159.227	
-5.93062	372.213	0.	162.015	
-6.00385	372.548	0.	164.914	
-6.07637	372.884	0.	167.929	
-6.14819	373.22	0.	171.067	
-6.21932	373.555	0.	174.334	
-6.28979	373.891	0.	177.74	
-6.3596	374.227	0.	181.291	
-6.42876	374.563	0.	184.997	
-6.49729	374.899	0.	188.868	
-6.5652	375.236	0.	192.915	
-6.63251	375.572	0.	197.149	
-6.69923	375.908	0.	201.582	
-6.76537	376.245	0.	206.23	
-6.83095	376.581	0.	211.106	
-6.89598	376.918	0.	216.228	
-6.96047	377.255	0.	221.614	
-7.02444	377.591	0.	227.284	
-7.0879	377.928	0.	233.262	
-7.15086	378.265	0.	239.571	
-7.21334	378.602	0.	246.239	
-7.27535	378.939	0.	253.298	
-7.3369	379.277	0.	260.782	
-7.39801	379.614	0.	268.73	
-7.4587	379.951	0.	277.186	
-7.51897	380.289	0.	286.198	
-7.57883	380.627	0.	295.823	
-7.63831	380.964	0.	306.125	
-7.69742	381.302	0.	317.176	
-7.75616	381.64	0.	329.061	
-7.81455	381.978	0.	341.877	
-7.87262	382.316	0.	355.735	
-7.93036	382.654	0.	370.769	
-7.98779	382.992	0.	387.133	
-8.04493	383.33	0.	405.009	
-8.10179	383.669	0.	424.617	
-8.15838	384.007	0.	446.219	
-8.21472	384.346	0.	470.134	
-8.27082	384.685	0.	496.753	
-8.32669	385.023	0.	526.559	
-8.38235	385.362	0.	560.161	
-8.43781	385.701	0.	598.328	
-8.49308	386.04	0.	642.057	
-8.54819	386.379	0.	692.656	
-8.60313	386.718	0.	751.878	
-8.65793	387.057	0.	822.128	
-8.71259	387.397	0.	906.797	
-8.76714	387.736	0.	1010.83	
-8.82159	388.076	0.	1141.7	
-8.87594	388.415	0.	1311.36	
-8.93021	388.755	0.	1539.99	
-8.98442	389.094	0.	1864.82	
-9.03858	389.434	0.	2362.7	
-9.0927	389.774	0.	3222.04	
-9.1468	390.114	0.	5060.7	
-9.20089	390.454	0.	-1.	
-9.25498	390.794	0.	-1.	
-9.30908	391.135	0.	7148.5	
-9.36322	391.475	0.	3966.62	
-9.4174	391.815	0.	2746.	
-9.47164	392.156	0.	2100.52	
-9.52595	392.496	0.	1701.21	
-9.58034	392.837	0.	1429.81	
-9.63483	393.178	0.	1233.36	
-9.68943	393.519	0.	1084.58	
-9.74416	393.86	0.	968.004	
-9.79902	394.201	0.	874.202	
-9.85403	394.542	0.	797.099	
-9.90921	394.883	0.	732.603	
-9.96457	395.224	0.	677.859	
-10.0201	395.565	0.	630.813	
-10.0759	395.907	0.	589.951	
-10.1319	396.248	0.	554.13	
-10.1881	396.59	0.	522.474	
-10.2445	396.931	0.	494.297	
-10.3012	397.273	0.	469.059	
-10.3582	397.615	0.	446.323	
-10.4155	397.957	0.	425.736	
-10.4731	398.299	0.	407.008	
-10.5309	398.641	0.	389.9	
-10.5892	398.983	0.	374.211	
-10.6477	399.325	0.	359.774	
-10.7066	399.668	0.	346.444	
-10.7659	400.01	0.	334.1	
-10.8255	400.352	0.	322.638	
-10.8856	400.695	0.	311.967	
-10.9461	401.038	0.	302.008	
-11.0069	401.38	0.	292.695	
-11.0683	401.723	0.	283.965	
-11.13	402.066	0.	275.768	
-11.1922	402.409	0.	268.057	
-11.2549	402.752	0.	260.79	
-11.3181	403.095	0.	253.93	
-11.3818	403.438	0.	247.446	
-11.446	403.781	0.	241.307	
-11.5108	404.125	0.	235.488	
-11.576	404.468	0.	229.964	
-11.6419	404.812	0.	224.715	
-11.7083	405.155	0.	219.72	
-11.7753	405.499	0.	214.964	
-11.8429	405.842	0.	210.428	
-11.9111	406.186	0.	206.1	
-11.9799	406.53	0.	201.965	
-12.0493	406.874	0.	198.012	
-12.1194	407.218	0.	194.228	
-12.1902	407.562	0.	190.605	
-12.2617	407.907	0.	187.133	
-12.3338	408.251	0.	183.803	
-12.4066	408.595	0.	180.606	
-12.4802	408.94	0.	177.536	
-12.5545	409.284	0.	174.586	
-12.6295	409.629	0.	171.749	
-12.7053	409.973	0.	169.019	
-12.7819	410.318	0.	166.391	
-12.8593	410.663	0.	163.86	
-12.9374	411.008	0.	161.421	
-13.0164	411.353	0.	159.07	
-13.0962	411.698	0.	156.802	
-13.1768	412.043	0.	154.614	
-13.2583	412.388	0.	152.501	
-13.3407	412.733	0.	150.461	
-13.4239	413.079	0.	148.49	
-13.508	413.424	0.	146.586	
-13.5931	413.77	0.	144.744	
-13.679	414.115	0.	142.964	
-13.7659	414.461	0.	141.242	
-13.8538	414.807	0.	139.576	
-13.9426	415.153	0.	137.964	
-14.0323	415.498	0.	136.404	
-14.1231	415.844	0.	134.893	
-14.2149	416.19	0.	133.43	
-14.3076	416.537	0.	132.013	
-14.4015	416.883	0.	130.64	
-14.4963	417.229	0.	129.31	
-14.5922	417.575	0.	128.022	
-14.6892	417.922	0.	126.773	
-14.7872	418.268	0.	125.563	
-14.8864	418.615	0.	124.39	
-14.9867	418.961	0.	123.253	
-15.088	419.308	0.	122.151	
-15.1906	419.655	0.	121.083	
-15.2942	420.002	0.	120.048	
-15.3991	420.349	0.	119.044	
-15.5051	420.696	0.	118.071	
-15.6123	421.043	0.	117.129	
-15.62	421.068	0.	117.062	
-15.7285	421.415	0.	119.511	
-15.8382	421.762	0.	122.044	
-15.949	422.109	0.	124.666	
-16.061	422.457	0.	127.382	
-16.1741	422.804	0.	130.196	
-16.2883	423.152	0.	133.115	
-16.4036	423.499	0.	136.144	
-16.52	423.847	0.	139.289	
-16.6374	424.195	0.	142.558	
-16.7558	424.543	0.	145.957	
-16.8752	424.891	0.	149.495	
-16.9956	425.238	0.	153.18	
-17.117	425.586	0.	157.022	
-17.2393	425.935	0.	161.032	
-17.3625	426.283	0.	165.22	
-17.4867	426.631	0.	169.6	
-17.6117	426.979	0.	174.184	
-17.7376	427.328	0.	178.988	
-17.8643	427.676	0.	184.028	
-17.9918	428.025	0.	189.322	
-18.1202	428.373	0.	194.89	
-18.2493	428.722	0.	200.756	
-18.3792	429.071	0.	206.943	
-18.5098	429.419	0.	213.48	
-18.6411	429.768	0.	220.397	
-18.7731	430.117	0.	227.73	
-18.9059	430.466	0.	235.517	
-19.0392	430.815	0.	243.804	
-19.1733	431.164	0.	252.642	
-19.3079	431.513	0.	262.087	
-19.4431	431.863	0.	272.207	
-19.5789	432.212	0.	283.077	
-19.7153	432.561	0.	294.785	
-19.8522	432.911	0.	307.435	
-19.9896	433.26	0.	321.146	
-20.1275	433.61	0.	336.061	
-20.2659	433.959	0.	352.346	
-20.4048	434.309	0.	370.204	
-20.544	434.659	0.	389.876	
-20.6837	435.008	0.	411.657	
-20.8238	435.358	0.	435.909	
-20.9643	435.708	0.	463.083	
-21.1051	436.058	0.	493.747	
-21.2463	436.408	0.	528.625	
-21.3878	436.758	0.	568.655	
-21.5295	437.108	0.	615.081	
-21.6716	437.459	0.	669.579	
-21.8139	437.809	0.	734.464	
-21.9564	438.159	0.	813.037	
-22.0992	438.509	0.	910.159	
-22.2421	438.86	0.	1033.3	
-22.3852	439.21	0.	1194.57	
-22.5285	439.561	0.	1414.97	
-22.6719	439.912	0.	1734.4	
-22.8154	440.262	0.	2239.03	
-22.959	440.613	0.	3155.98	
-23.1026	440.964	0.	5340.28	
-23.2464	441.315	0.	-1.	
-23.3901	441.665	0.	-1.	
-23.5339	442.016	0.	4979.24	
-23.6776	442.367	0.	3029.93	
-23.8214	442.718	0.	2177.66	
-23.9651	443.069	0.	1699.63	
-24.1087	443.421	0.	1393.67	
-24.2522	443.772	0.	1181.01	
-24.3956	444.123	0.	1024.59	
-24.5389	444.474	0.	904.698	
-24.682	444.826	0.	809.852	
-24.8249	445.177	0.	732.934	
-24.9677	445.529	0.	669.291	
-25.1103	445.88	0.	615.749	
-25.2526	446.232	0.	570.073	
-25.3947	446.583	0.	530.642	
-25.5364	446.935	0.	496.251	
-25.678	447.287	0.	465.987	
-25.8191	447.638	0.	439.145	
-25.96	447.99	0.	415.172	
-26.1005	448.342	0.	393.628	
-26.2406	448.694	0.	374.158	
-26.3804	449.046	0.	356.474	
-26.5197	449.398	0.	340.339	
-26.6586	449.75	0.	325.555	
-26.797	450.102	0.	311.958	
-26.935	450.454	0.	299.409	
-27.0725	450.806	0.	287.788	
-27.2094	451.158	0.	276.997	
-27.3458	451.511	0.	266.946	
-27.4817	451.863	0.	257.562	
-27.617	452.215	0.	248.779	
-27.7517	452.568	0.	240.541	
-27.8857	452.92	0.	232.797	
-28.0192	453.273	0.	225.503	
-28.1519	453.625	0.	218.62	
-28.284	453.978	0.	212.115	
-28.4155	454.33	0.	205.955	
-28.5461	454.683	0.	200.115	
-28.6761	455.036	0.	194.568	
-28.8053	455.389	0.	189.293	
-28.9337	455.741	0.	184.271	
-29.0613	456.094	0.	179.482	
-29.1881	456.447	0.	174.912	
-29.3141	456.8	0.	170.544	
-29.4392	457.153	0.	166.366	
-29.5634	457.506	0.	162.365	
-29.6867	457.859	0.	158.53	
-29.8091	458.212	0.	154.851	
-29.9306	458.565	0.	151.318	
-30.0511	458.918	0.	147.922	
-30.1706	459.271	0.	144.657	
-30.2891	459.625	0.	141.513	
-30.4066	459.978	0.	138.486	
-30.5231	460.331	0.	135.567	
-30.6385	460.684	0.	132.752	
-30.7528	461.038	0.	130.035	
-30.866	461.391	0.	127.411	
-30.9781	461.745	0.	124.875	
-31.089	462.098	0.	122.424	
-31.1988	462.452	0.	120.052	
-31.3074	462.805	0.	117.757	
-31.4148	463.159	0.	115.535	
-31.521	463.512	0.	113.381	
-31.6259	463.866	0.	111.295	
-31.7296	464.22	0.	109.271	
-31.832	464.573	0.	107.309	
-31.9331	464.927	0.	105.404	
-32.0328	465.281	0.	103.555	
-32.1312	465.635	0.	101.76	
-32.2283	465.989	0.	100.016	
-32.3239	466.342	0.	98.3218	
-32.4182	466.696	0.	96.6749	
-32.511	467.05	0.	95.0737	
-32.6024	467.404	0.	93.5165	
-32.6923	467.758	0.	92.0019	
-32.7807	468.112	0.	90.5281	
-32.8677	468.466	0.	89.0939	
-32.9531	468.82	0.	87.6979	
-33.0369	469.174	0.	86.3388	
-33.1192	469.529	0.	85.0153	
-33.1999	469.883	0.	83.7264	
-33.279	470.237	0.	82.471	
-33.3564	470.591	0.	81.2479	
-33.4323	470.945	0.	80.0563	
-33.5064	471.3	0.	78.8952	
-33.5789	471.654	0.	77.7637	
-33.6496	472.008	0.	76.6609	
-33.7186	472.363	0.	75.586	
-33.7859	472.717	0.	74.5383	
-33.8514	473.071	0.	73.517	
-33.9151	473.426	0.	72.5215	
-33.977	473.78	0.	71.551	
-34.0371	474.135	0.	70.6049	
-34.0953	474.489	0.	69.6826	
-34.1516	474.844	0.	68.7835	
-34.2061	475.198	0.	67.9071	
-34.2586	475.553	0.	67.0529	
-34.3092	475.907	0.	66.2202	
-34.3579	476.262	0.	65.4087	
-34.4046	476.617	0.	64.6179	
-34.4493	476.971	0.	63.8473	
-34.4919	477.326	0.	63.0965	
-34.5326	477.681	0.	62.3651	
-34.5712	478.035	0.	61.6526	
-34.6077	478.39	0.	60.9588	
-34.6421	478.745	0.	60.2833	
-34.6745	479.1	0.	59.6257	
-34.7046	479.454	0.	58.9857	
-34.7327	479.809	0.	58.363	
-34.7585	480.164	0.	57.7572	
-34.7822	480.519	0.	57.1682	
-34.8036	480.874	0.	56.5955	
-34.8228	481.229	0.	56.0391	
-34.8398	481.584	0.	55.4985	
-34.8545	481.938	0.	54.9735	
-34.8669	482.293	0.	54.464	
-34.8769	482.648	0.	53.9697	
-34.8847	483.003	0.	53.4903	
-34.89	483.358	0.	53.0258	
-34.893	483.713	0.	52.5758	
-34.8936	484.068	0.	52.1403	
-34.8936	484.094	0.	52.1097	
-34.8916	484.449	0.	52.5374	
-34.8872	484.804	0.	52.9787	
-34.8804	485.159	0.	53.4338	
-34.8713	485.514	0.	53.9027	
-34.8599	485.869	0.	54.3858	
-34.8461	486.224	0.	54.8832	
-34.83	486.579	0.	55.395	
-34.8116	486.934	0.	55.9214	
-34.7909	487.289	0.	56.4627	
-34.7681	487.644	0.	57.0191	
-34.7429	487.999	0.	57.5907	
-34.7156	488.355	0.	58.1779	
-34.6861	488.71	0.	58.7808	
-34.6544	489.065	0.	59.3998	
-34.6206	489.42	0.	60.0349	
-34.5846	489.775	0.	60.6866	
-34.5465	490.13	0.	61.3552	
-34.5064	490.485	0.	62.0408	
-34.4641	490.841	0.	62.7438	
-34.4198	491.196	0.	63.4646	
-34.3735	491.551	0.	64.2034	
-34.3251	491.906	0.	64.9606	
-34.2748	492.261	0.	65.7366	
-34.2224	492.616	0.	66.5317	
-34.1681	492.971	0.	67.3463	
-34.1119	493.326	0.	68.1808	
-34.0538	493.682	0.	69.0357	
-33.9937	494.037	0.	69.9114	
-33.9318	494.392	0.	70.8084	
-33.868	494.747	0.	71.7271	
-33.8023	495.102	0.	72.668	
-33.7349	495.457	0.	73.6317	
-33.6656	495.812	0.	74.6187	
-33.5945	496.167	0.	75.6296	
-33.5217	496.522	0.	76.6649	
-33.4471	496.877	0.	77.7254	
-33.3708	497.232	0.	78.8116	
-33.2928	497.587	0.	79.9242	
-33.2131	497.942	0.	81.064	
-33.1317	498.297	0.	82.2318	
-33.0487	498.652	0.	83.4282	
-32.964	499.007	0.	84.6541	
-32.8777	499.362	0.	85.9104	
-32.7898	499.717	0.	87.1979	
-32.7004	500.072	0.	88.5177	
-32.6094	500.426	0.	89.8707	
-32.5168	500.781	0.	91.258	
-32.4227	501.136	0.	92.6807	
-32.3272	501.491	0.	94.1399	
-32.2301	501.846	0.	95.6368	
-32.1316	502.2	0.	97.1728	
-32.0316	502.555	0.	98.7491	
-31.9303	502.91	0.	100.367	
-31.8275	503.264	0.	102.029	
-31.7233	503.619	0.	103.735	
-31.6178	503.974	0.	105.488	
-31.5109	504.328	0.	107.289	
-31.4027	504.683	0.	109.141	
-31.2932	505.037	0.	111.045	
-31.1823	505.392	0.	113.003	
-31.0703	505.746	0.	115.017	
-30.9569	506.1	0.	117.091	
-30.8424	506.455	0.	119.225	
-30.7266	506.809	0.	121.424	
-30.6096	507.163	0.	123.69	
-30.4915	507.518	0.	126.026	
-30.3722	507.872	0.	128.435	
-30.2518	508.226	0.	130.921	
-30.1302	508.58	0.	133.487	
-30.0076	508.934	0.	136.137	
-29.8838	509.288	0.	138.876	
-29.7591	509.642	0.	141.707	
-29.6332	509.996	0.	144.637	
-29.5064	510.35	0.	147.669	
-29.3785	510.704	0.	150.81	
-29.2497	511.058	0.	154.066	
-29.1199	511.412	0.	157.443	
-28.9891	511.766	0.	160.947	
-28.8575	512.119	0.	164.588	
-28.7249	512.473	0.	168.372	
-28.5914	512.827	0.	172.31	
-28.4571	513.18	0.	176.409	
-28.3219	513.534	0.	180.682	
-28.1859	513.887	0.	185.14	
-28.0491	514.24	0.	189.794	
-27.9115	514.594	0.	194.66	
-27.7731	514.947	0.	199.751	
-27.6339	515.3	0.	205.085	
-27.4941	515.654	0.	210.68	
-27.3535	516.007	0.	216.555	
-27.2122	516.36	0.	222.735	
-27.0702	516.713	0.	229.242	
-26.9276	517.066	0.	236.105	
-26.7844	517.419	0.	243.355	
-26.6405	517.771	0.	251.026	
-26.496	518.124	0.	259.158	
-26.3509	518.477	0.	267.793	
-26.2053	518.83	0.	276.982	
-26.0592	519.182	0.	286.78	
-25.9125	519.535	0.	297.253	
-25.7653	519.887	0.	308.474	
-25.6176	520.24	0.	320.528	
-25.4694	520.592	0.	333.512	
-25.3209	520.944	0.	347.543	
-25.1718	521.296	0.	362.753	
-25.0224	521.649	0.	379.301	
-24.8726	522.001	0.	397.374	
-24.7224	522.353	0.	417.198	
-24.5718	522.704	0.	439.043	
-24.421	523.056	0.	463.239	
-24.2698	523.408	0.	490.192	
-24.1183	523.76	0.	520.409	
-23.9665	524.111	0.	554.525	
-23.8145	524.463	0.	593.357	
-23.6623	524.814	0.	637.963	
-23.5098	525.166	0.	689.744	
-23.3572	525.517	0.	750.596	
-23.2043	525.868	0.	823.146	
-23.0513	526.22	0.	911.144	
-22.8982	526.571	0.	1020.14	
-22.7449	526.922	0.	1158.68	
-22.5915	527.273	0.	1340.74	
-22.4381	527.623	0.	1590.66	
-22.2846	527.974	0.	1955.18	
-22.131	528.325	0.	2536.72	
-21.9774	528.676	0.	3611.55	
-21.8238	529.026	0.	6270.48	
-21.6702	529.376	0.	-1.	
-21.5167	529.727	0.	-1.	
-21.3632	530.077	0.	5167.01	
-21.2097	530.427	0.	3209.82	
-21.0564	530.777	0.	2326.87	
-20.9031	531.127	0.	1824.12	
-20.75	531.477	0.	1499.44	
-20.5971	531.827	0.	1272.43	
-20.4443	532.177	0.	1104.74	
-20.2917	532.526	0.	975.798	
-20.1392	532.876	0.	873.539	
-19.9871	533.225	0.	790.444	
-19.8351	533.575	0.	721.577	
-19.6834	533.924	0.	663.56	
-19.532	534.273	0.	614.01	
-19.3809	534.622	0.	571.191	
-19.2301	534.971	0.	533.813	
-19.0797	535.32	0.	500.895	
-18.9296	535.668	0.	471.68	
-18.7799	536.017	0.	445.571	
-18.6305	536.366	0.	422.095	
-18.4816	536.714	0.	400.868	
-18.3332	537.062	0.	381.581	
-18.1851	537.411	0.	363.975	
-18.0376	537.759	0.	347.838	
-17.8905	538.107	0.	332.991	
-17.744	538.455	0.	319.283	
-17.598	538.803	0.	306.587	
-17.4525	539.15	0.	294.792	
-17.3076	539.498	0.	283.806	
-17.1633	539.845	0.	273.545	
-17.0195	540.193	0.	263.94	
-16.8764	540.54	0.	254.928	
-16.734	540.887	0.	246.455	
-16.5922	541.234	0.	238.473	
-16.4511	541.581	0.	230.94	
-16.3107	541.928	0.	223.819	
-16.171	542.275	0.	217.075	
-16.0321	542.621	0.	210.68	
-15.8939	542.968	0.	204.605	
-15.7565	543.314	0.	198.828	
-15.6199	543.66	0.	193.326	
-15.4841	544.006	0.	188.08	
-15.3491	544.352	0.	183.072	
-15.215	544.698	0.	178.285	
-15.0818	545.044	0.	173.706	
-14.9495	545.389	0.	169.321	
-14.8181	545.735	0.	165.117	
-14.6876	546.08	0.	161.084	
-14.558	546.426	0.	157.21	
-14.4294	546.771	0.	153.487	
-14.3019	547.116	0.	149.906	
-14.2928	547.14	0.	149.655	
-14.1663	547.485	0.	150.302	
-14.0408	547.83	0.	150.968	
-13.9162	548.175	0.	151.652	
-13.7927	548.519	0.	152.355	
-13.6702	548.863	0.	153.078	
-13.5486	549.208	0.	153.821	
-13.4279	549.552	0.	154.584	
-13.3083	549.896	0.	155.367	
-13.1895	550.24	0.	156.172	
-13.0718	550.583	0.	156.999	
-12.9549	550.927	0.	157.847	
-12.839	551.271	0.	158.718	
-12.7239	551.614	0.	159.612	
-12.6098	551.957	0.	160.53	
-12.4966	552.3	0.	161.471	
-12.3843	552.643	0.	162.438	
-12.2728	552.986	0.	163.429	
-12.1622	553.329	0.	164.447	
-12.0525	553.672	0.	165.491	
-11.9437	554.014	0.	166.562	
-11.8357	554.357	0.	167.661	
-11.7285	554.699	0.	168.788	
-11.6222	555.041	0.	169.945	
-11.5167	555.383	0.	171.131	
-11.412	555.725	0.	172.349	
-11.3081	556.067	0.	173.598	
-11.2051	556.409	0.	174.879	
-11.1028	556.75	0.	176.194	
-11.0013	557.092	0.	177.544	
-10.9006	557.433	0.	178.929	
-10.8006	557.775	0.	180.35	
-10.7015	558.116	0.	181.808	
-10.603	558.457	0.	183.305	
-10.5054	558.798	0.	184.842	
-10.4084	559.138	0.	186.42	
-10.3122	559.479	0.	188.04	
-10.2167	559.82	0.	189.704	
-10.122	560.16	0.	191.413	
-10.0279	560.501	0.	193.168	
-9.93454	560.841	0.	194.971	
-9.84187	561.181	0.	196.824	
-9.74988	561.521	0.	198.728	
-9.65857	561.861	0.	200.686	
-9.56792	562.201	0.	202.698	
-9.47793	562.541	0.	204.767	
-9.3886	562.88	0.	206.895	
-9.29991	563.22	0.	209.084	
-9.21185	563.559	0.	211.337	
-9.12443	563.899	0.	213.655	
-9.03762	564.238	0.	216.042	
-8.95142	564.577	0.	218.5	
-8.86583	564.916	0.	221.031	
-8.78083	565.255	0.	223.64	
-8.69642	565.594	0.	226.328	
-8.61259	565.932	0.	229.099	
-8.52934	566.271	0.	231.958	
-8.44664	566.609	0.	234.906	
-8.36451	566.948	0.	237.949	
-8.28292	567.286	0.	241.091	
-8.20187	567.624	0.	244.336	
-8.12135	567.962	0.	247.688	
-8.04136	568.3	0.	251.153	
-7.96189	568.638	0.	254.736	
-7.88292	568.976	0.	258.443	
-7.80445	569.314	0.	262.28	
-7.72648	569.651	0.	266.253	
-7.64899	569.989	0.	270.369	
-7.57198	570.326	0.	274.635	
-7.49544	570.664	0.	279.06	
-7.41935	571.001	0.	283.652	
-7.34372	571.338	0.	288.42	
-7.26854	571.675	0.	293.375	
-7.19379	572.012	0.	298.525	
-7.11947	572.349	0.	303.883	
-7.04558	572.685	0.	309.462	
-6.97209	573.022	0.	315.274	
-6.89901	573.359	0.	321.333	
-6.82633	573.695	0.	327.656	
-6.75404	574.032	0.	334.26	
-6.68213	574.368	0.	341.162	
-6.61059	574.704	0.	348.383	
-6.53942	575.04	0.	355.945	
-6.46861	575.376	0.	363.872	
-6.39815	575.712	0.	372.19	
-6.32802	576.048	0.	380.928	
-6.25824	576.384	0.	390.119	
-6.18877	576.719	0.	399.796	
-6.11963	577.055	0.	410.001	
-6.05079	577.39	0.	420.775	
-5.98226	577.726	0.	432.167	
-5.91402	578.061	0.	444.23	
-5.84607	578.396	0.	457.026	
-5.7784	578.732	0.	470.621	
-5.71099	579.067	0.	485.093	
-5.64385	579.402	0.	500.527	
-5.57697	579.736	0.	517.022	
-5.51032	580.071	0.	534.69	
-5.44392	580.406	0.	553.659	
-5.37775	580.741	0.	574.077	
-5.3118	581.075	0.	596.115	
-5.24607	581.41	0.	619.972	
-5.18054	581.744	0.	645.882	
-5.11521	582.079	0.	674.12	
-5.05008	582.413	0.	705.013	
-4.98512	582.747	0.	738.95	
-4.92034	583.081	0.	776.403	
-4.85573	583.415	0.	817.946	
-4.79128	583.749	0.	864.284	
-4.72697	584.083	0.	916.296	
-4.66281	584.417	0.	975.087	
-4.59879	584.75	0.	1042.07	
-4.53489	585.084	0.	1119.09	
-4.47112	585.417	0.	1208.56	
-4.40745	585.751	0.	1313.78	
-4.34389	586.084	0.	1439.29	
-4.28042	586.418	0.	1591.59	
-4.21705	586.751	0.	1780.24	
-4.15375	587.084	0.	2020.04	
-4.09052	587.417	0.	2335.01	
-4.02736	587.75	0.	2767.05	
-3.96425	588.083	0.	3396.29	
-3.90119	588.416	0.	4397.58	
-3.83817	588.749	0.	6239.29	
-3.77518	589.082	0.	-1.	
-3.71222	589.414	0.	-1.	
-3.64927	589.747	0.	-1.	
-3.58633	590.08	0.	9177.09	
-3.5234	590.412	0.	5667.39	
-3.46045	590.744	0.	4098.52	
-3.39749	591.077	0.	3209.34	
-3.3345	591.409	0.	2636.81	
-3.27149	591.741	0.	2237.37	
-3.20843	592.073	0.	1942.85	
-3.14533	592.405	0.	1716.72	
-3.08217	592.737	0.	1537.65	
-3.01895	593.069	0.	1392.33	
-2.95565	593.401	0.	1272.05	
-2.89228	593.733	0.	1170.86	
-2.82882	594.065	0.	1084.55	
-2.76527	594.397	0.	1010.07	
-2.70161	594.728	0.	945.146	
-2.63784	595.06	0.	888.05	
-2.57396	595.391	0.	837.451	
-2.50994	595.723	0.	792.302	
-2.4458	596.054	0.	751.769	
-2.3815	596.385	0.	715.181	
-2.31706	596.717	0.	681.991	
-2.25246	597.048	0.	651.748	
-2.1877	597.379	0.	624.077	
-2.12276	597.71	0.	598.666	
-2.05763	598.041	0.	575.249	
-1.99232	598.372	0.	553.602	
-1.92681	598.703	0.	533.533	
-1.86109	599.034	0.	514.876	
-1.79516	599.365	0.	497.489	
-1.72901	599.695	0.	481.246	
-1.66262	600.026	0.	466.04	
-1.596	600.357	0.	451.775	
-1.52913	600.687	0.	438.368	
-1.46201	601.018	0.	425.744	
-1.39463	601.348	0.	413.836	
-1.32698	601.679	0.	402.587	
-1.25905	602.009	0.	391.945	
-1.19083	602.339	0.	381.861	
-1.12232	602.669	0.	372.294	
-1.05351	603.	0.	363.206	
-0.98439	603.33	0.	354.562	
-0.914953	603.66	0.	346.331	
-0.84519	603.99	0.	338.484	
-0.775094	604.32	0.	330.997	
-0.704657	604.65	0.	323.845	
-0.633871	604.98	0.	317.007	
-0.562728	605.31	0.	310.463	
-0.49122	605.639	0.	304.195	
-0.419339	605.969	0.	298.186	
-0.347077	606.299	0.	292.422	
-0.274426	606.629	0.	286.887	
-0.201379	606.958	0.	281.57	
-0.127927	607.288	0.	276.457	
-0.122665	607.311	0.	276.1	
-4.87733e-002	607.641	0.	283.237	
2.55208e-002	607.97	0.	290.742	
0.100207	608.3	0.	298.645	
0.175276	608.629	0.	306.978	
0.250716	608.959	0.	315.779	
0.326517	609.288	0.	325.086	
0.402669	609.617	0.	334.947	
0.479161	609.946	0.	345.412	
0.555983	610.276	0.	356.538	
0.633125	610.605	0.	368.392	
0.710576	610.934	0.	381.046	
0.788325	611.263	0.	394.586	
0.866363	611.592	0.	409.109	
0.944679	611.921	0.	424.726	
1.02326	612.25	0.	441.566	
1.1021	612.579	0.	459.78	
1.18119	612.908	0.	479.544	
1.26051	613.236	0.	501.065	
1.34006	613.565	0.	524.59	
1.41983	613.894	0.	550.414	
1.4998	614.223	0.	578.892	
1.57996	614.551	0.	610.457	
1.66031	614.88	0.	645.642	
1.74084	615.209	0.	685.11	
1.82152	615.537	0.	729.695	
1.90236	615.866	0.	780.465	
1.98334	616.194	0.	838.804	
2.06446	616.523	0.	906.548	
2.1457	616.851	0.	986.173	
2.22704	617.18	0.	1081.11	
2.30849	617.508	0.	1196.26	
2.39003	617.836	0.	1338.84	
2.47165	618.165	0.	1520.	
2.55334	618.493	0.	1757.86	
2.63509	618.821	0.	2084.	
2.71689	619.149	0.	2558.8	
2.79873	619.478	0.	3313.97	
2.88059	619.806	0.	4701.98	
2.96247	620.134	0.	8092.29	
3.04437	620.462	0.	-1.	
3.12625	620.79	0.	-1.	
3.20813	621.118	0.	6947.43	
3.28998	621.446	0.	4288.27	
3.37179	621.774	0.	3100.76	
3.45357	622.102	0.	2427.98	
3.53528	622.43	0.	1994.85	
3.61693	622.758	0.	1692.67	
3.69851	623.086	0.	1469.85	
3.78	623.414	0.	1298.73	
3.86139	623.741	0.	1163.19	
3.94268	624.069	0.	1053.18	
4.02385	624.397	0.	962.09	
4.10489	624.725	0.	885.428	
4.18579	625.053	0.	820.014	
4.26654	625.38	0.	763.539	
4.34714	625.708	0.	714.286	
4.42756	626.036	0.	670.949	
4.50781	626.363	0.	632.523	
4.58786	626.691	0.	598.215	
4.66772	627.019	0.	567.395	
4.74736	627.346	0.	539.557	
4.82679	627.674	0.	514.286	
4.90598	628.001	0.	491.241	
4.98492	628.329	0.	470.141	
5.06362	628.656	0.	450.748	
5.14205	628.984	0.	432.862	
5.22021	629.311	0.	416.314	
5.29809	629.639	0.	400.958	
5.37567	629.966	0.	386.67	
5.45294	630.294	0.	373.341	
5.52991	630.621	0.	360.877	
5.60654	630.949	0.	349.197	
5.68284	631.276	0.	338.228	
5.7588	631.603	0.	327.907	
5.83439	631.931	0.	318.178	
5.90962	632.258	0.	308.991	
5.98448	632.586	0.	300.302	
6.05894	632.913	0.	292.072	
6.13301	633.24	0.	284.264	
6.20666	633.568	0.	276.847	
6.2799	633.895	0.	269.792	
6.35271	634.222	0.	263.073	
6.42508	634.549	0.	256.667	
6.497	634.877	0.	250.552	
6.56846	635.204	0.	244.708	
6.63945	635.531	0.	239.118	
6.70995	635.858	0.	233.766	
6.77997	636.186	0.	228.636	
6.84948	636.513	0.	223.716	
6.91848	636.84	0.	218.992	
6.98695	637.167	0.	214.453	
7.05489	637.494	0.	210.088	
7.12229	637.822	0.	205.888	
7.18914	638.149	0.	201.843	
7.25542	638.476	0.	197.945	
7.32112	638.803	0.	194.187	
7.38624	639.13	0.	190.56	
7.45076	639.458	0.	187.058	
7.51468	639.785	0.	183.674	
7.57798	640.112	0.	180.404	
7.64065	640.439	0.	177.241	
7.70268	640.766	0.	174.18	
7.76407	641.093	0.	171.217	
7.8248	641.42	0.	168.347	
7.88486	641.748	0.	165.565	
7.94424	642.075	0.	162.868	
8.00293	642.402	0.	160.252	
8.06092	642.729	0.	157.714	
8.1182	643.056	0.	155.25	
8.17476	643.383	0.	152.856	
8.23059	643.711	0.	150.532	
8.28568	644.038	0.	148.272	
8.34001	644.365	0.	146.075	
8.39358	644.692	0.	143.939	
8.44638	645.019	0.	141.861	
8.4984	645.346	0.	139.838	
8.54962	645.673	0.	137.869	
8.60004	646.001	0.	135.952	
8.64965	646.328	0.	134.085	
8.69843	646.655	0.	132.266	
8.74637	646.982	0.	130.493	
8.79347	647.309	0.	128.765	
8.83971	647.637	0.	127.08	
8.88509	647.964	0.	125.437	
8.92959	648.291	0.	123.834	
8.9732	648.618	0.	122.271	
9.01592	648.945	0.	120.745	
9.05772	649.273	0.	119.255	
9.09861	649.6	0.	117.802	
9.13857	649.927	0.	116.382	
9.17759	650.254	0.	114.996	
9.21566	650.582	0.	113.642	
9.25277	650.909	0.	112.319	
9.28891	651.236	0.	111.027	
9.32407	651.564	0.	109.764	
9.35824	651.891	0.	108.53	
9.39141	652.218	0.	107.324	
9.42356	652.546	0.	106.145	
9.45469	652.873	0.	104.993	
9.48479	653.2	0.	103.866	
9.51385	653.528	0.	102.764	
9.54185	653.855	0.	101.687	
9.56879	654.183	0.	100.634	
9.59465	654.51	0.	99.6031	
9.61943	654.837	0.	98.5953	
9.64311	655.165	0.	97.6095	
9.66569	655.492	0.	96.6452	
9.68715	655.82	0.	95.7019	
9.70749	656.147	0.	94.7792	
9.72668	656.475	0.	93.8765	
9.74473	656.802	0.	92.9933	
9.76163	657.13	0.	92.1294	
9.77735	657.458	0.	91.2842	
9.7919	657.785	0.	90.4573	
9.80526	658.113	0.	89.6483	
9.81741	658.44	0.	88.857	
9.82836	658.768	0.	88.0828	
9.83809	659.096	0.	87.3255	
9.84659	659.424	0.	86.5848	
9.85384	659.751	0.	85.8603	
9.85985	660.079	0.	85.1516	
9.86459	660.407	0.	84.4586	
9.86806	660.735	0.	83.7809	
9.87025	661.062	0.	83.1182	
9.87115	661.39	0.	82.4703	
9.87074	661.718	0.	81.8368	
9.86902	662.046	0.	81.2177	
9.86598	662.374	0.	80.6126	
9.8616	662.702	0.	80.0212	
9.85587	663.03	0.	79.4434	
9.84879	663.358	0.	78.879	
9.84034	663.686	0.	78.3277	
9.83052	664.014	0.	77.7893	
9.81931	664.342	0.	77.2637	
9.80671	664.67	0.	76.7506	
9.79269	664.998	0.	76.2499	
9.77726	665.326	0.	75.7614	
9.7604	665.655	0.	75.2849	
9.74211	665.983	0.	74.8203	
9.74074	666.006	0.	74.7875	
9.7209	666.335	0.	75.5345	
9.69961	666.663	0.	76.2993	
9.67691	666.991	0.	77.0825	
9.65279	667.319	0.	77.8843	
9.62727	667.648	0.	78.7053	
9.60036	667.976	0.	79.5457	
9.57208	668.305	0.	80.4062	
9.54245	668.633	0.	81.2871	
9.51146	668.962	0.	82.189	
9.47914	669.29	0.	83.1123	
9.4455	669.619	0.	84.0576	
9.41054	669.948	0.	85.0254	
9.37429	670.276	0.	86.0163	
9.33676	670.605	0.	87.0309	
9.29795	670.934	0.	88.0699	
9.25789	671.262	0.	89.1338	
9.21658	671.591	0.	90.2233	
9.17403	671.92	0.	91.3392	
9.13027	672.249	0.	92.4822	
9.0853	672.578	0.	93.6531	
9.03913	672.907	0.	94.8526	
8.99178	673.236	0.	96.0817	
8.94327	673.565	0.	97.3413	
8.89359	673.894	0.	98.6321	
8.84277	674.223	0.	99.9553	
8.79082	674.553	0.	101.312	
8.73775	674.882	0.	102.703	
8.68358	675.211	0.	104.129	
8.62831	675.541	0.	105.593	
8.57197	675.87	0.	107.094	
8.51455	676.199	0.	108.634	
8.45608	676.529	0.	110.215	
8.39657	676.859	0.	111.838	
8.33603	677.188	0.	113.505	
8.27447	677.518	0.	115.217	
8.21191	677.847	0.	116.976	
8.14835	678.177	0.	118.783	
8.08382	678.507	0.	120.641	
8.01833	678.837	0.	122.551	
7.95188	679.167	0.	124.516	
7.88449	679.497	0.	126.537	
7.81617	679.827	0.	128.618	
7.74694	680.157	0.	130.76	
7.6768	680.487	0.	132.967	
7.60578	680.817	0.	135.24	
7.53388	681.148	0.	137.583	
7.46112	681.478	0.	139.999	
7.3875	681.808	0.	142.492	
7.31305	682.139	0.	145.065	
7.23777	682.469	0.	147.721	
7.16168	682.8	0.	150.465	
7.08479	683.131	0.	153.301	
7.00712	683.461	0.	156.234	
6.92866	683.792	0.	159.268	
6.84945	684.123	0.	162.409	
6.76949	684.454	0.	165.663	
6.68879	684.785	0.	169.035	
6.60736	685.116	0.	172.532	
6.52523	685.447	0.	176.162	
6.4424	685.778	0.	179.931	
6.35888	686.109	0.	183.849	
6.27469	686.441	0.	187.923	
6.18984	686.772	0.	192.163	
6.10435	687.103	0.	196.58	
6.01822	687.435	0.	201.186	
5.93146	687.766	0.	205.992	
5.8441	688.098	0.	211.011	
5.75614	688.43	0.	216.26	
5.6676	688.762	0.	221.752	
5.57849	689.093	0.	227.507	
5.48882	689.425	0.	233.543	
5.39861	689.757	0.	239.882	
5.30786	690.09	0.	246.547	
5.21659	690.422	0.	253.564	
5.12482	690.754	0.	260.963	
5.03255	691.086	0.	268.775	
4.9398	691.419	0.	277.036	
4.84658	691.751	0.	285.787	
4.75291	692.084	0.	295.072	
4.65879	692.416	0.	304.943	
4.56424	692.749	0.	315.457	
4.46927	693.082	0.	326.68	
4.3739	693.415	0.	338.686	
4.27814	693.748	0.	351.561	
4.182	694.081	0.	365.404	
4.08549	694.414	0.	380.329	
3.98862	694.747	0.	396.469	
3.89142	695.081	0.	413.979	
3.79388	695.414	0.	433.043	
3.69603	695.747	0.	453.879	
3.59788	696.081	0.	476.746	
3.49944	696.415	0.	501.959	
3.40072	696.748	0.	529.9	
3.30173	697.082	0.	561.04	
3.20249	697.416	0.	595.963	
3.10302	697.75	0.	635.406	
3.00331	698.084	0.	680.311	
2.90339	698.418	0.	731.901	
2.80328	698.753	0.	791.792	
2.70297	699.087	0.	862.169	
2.60248	699.422	0.	946.057	
2.50184	699.756	0.	1047.77	
2.40104	700.091	0.	1173.67	
2.30011	700.426	0.	1333.56	
2.19905	700.76	0.	1543.39	
2.09788	701.095	0.	1830.89	
1.99661	701.43	0.	2249.03	
1.89525	701.766	0.	2913.1	
1.79382	702.101	0.	4130.57	
1.69233	702.436	0.	7087.71	
1.59079	702.772	0.	-1.	
1.48921	703.107	0.	-1.	
1.38762	703.443	0.	6211.47	
1.28601	703.779	0.	3825.56	
1.1844	704.114	0.	2764.9	
1.08281	704.45	0.	2165.29	
0.981248	704.787	0.	1779.76	
0.879727	705.123	0.	1511.01	
0.778259	705.459	0.	1312.94	
0.676858	705.795	0.	1160.91	
0.575535	706.132	0.	1040.52	
0.474305	706.468	0.	942.816	
0.373179	706.805	0.	861.937	
0.27217	707.142	0.	793.875	
0.171292	707.479	0.	735.804	
7.0556e-002	707.816	0.	685.67	
-3.00243e-002	708.153	0.	641.947	
-0.130436	708.49	0.	603.477	
-0.230667	708.828	0.	569.364	
-0.330705	709.165	0.	538.906	
-0.430535	709.503	0.	511.543	
-0.530147	709.84	0.	486.825	
-0.629527	710.178	0.	464.385	
-0.728661	710.516	0.	443.92	
-0.827539	710.854	0.	425.179	
-0.926146	711.192	0.	407.952	
-1.02447	711.53	0.	392.063	
-1.1225	711.869	0.	377.359	
-1.22022	712.207	0.	363.713	
-1.31762	712.546	0.	351.013	
-1.41468	712.885	0.	339.164	
-1.5114	713.224	0.	328.082	
-1.60776	713.562	0.	317.696	
-1.70375	713.902	0.	307.939	
-1.79935	714.241	0.	298.758	
-1.89456	714.58	0.	290.101	
-1.98935	714.92	0.	281.926	
-2.08372	715.259	0.	274.191	
-2.17766	715.599	0.	266.864	
-2.27114	715.939	0.	259.911	
-2.36417	716.279	0.	253.304	
-2.45672	716.619	0.	247.019	
-2.54879	716.959	0.	241.032	
-2.64035	717.299	0.	235.322	
-2.7314	717.64	0.	229.87	
-2.82193	717.98	0.	224.659	
-2.91192	718.321	0.	219.673	
-3.00136	718.662	0.	214.899	
-3.09024	719.003	0.	210.322	
-3.17854	719.344	0.	205.93	
-3.26625	719.685	0.	201.713	
-3.35336	720.027	0.	197.66	
-3.43986	720.368	0.	193.762	
-3.52573	720.71	0.	190.01	
-3.61096	721.052	0.	186.396	
-3.69553	721.394	0.	182.913	
-3.77945	721.736	0.	179.553	
-3.86268	722.078	0.	176.31	
-3.94522	722.42	0.	173.179	
-4.02706	722.763	0.	170.153	
-4.10819	723.105	0.	167.227	
-4.18858	723.448	0.	164.397	
-4.26824	723.791	0.	161.658	
-4.34714	724.134	0.	159.006	
-4.42527	724.477	0.	156.436	
-4.50262	724.82	0.	153.946	
-4.57918	725.164	0.	151.531	
-4.65494	725.507	0.	149.188	
-4.72987	725.851	0.	146.915	
-4.7352	725.875	0.	146.755	
-4.80924	726.219	0.	147.117	
-4.88246	726.563	0.	147.481	
-4.95486	726.908	0.	147.848	
-5.02642	727.252	0.	148.218	
-5.09716	727.596	0.	148.59	
-5.16708	727.941	0.	148.965	
-5.23619	728.286	0.	149.343	
-5.30447	728.63	0.	149.723	
-5.37194	728.975	0.	150.106	
-5.4386	729.32	0.	150.492	
-5.50444	729.666	0.	150.881	
-5.56948	730.011	0.	151.272	
-5.6337	730.356	0.	151.665	
-5.69713	730.702	0.	152.062	
-5.75975	731.048	0.	152.461	
-5.82157	731.394	0.	152.863	
-5.88259	731.74	0.	153.268	
-5.94281	732.086	0.	153.675	
-6.00224	732.432	0.	154.085	
-6.06088	732.778	0.	154.497	
-6.11872	733.125	0.	154.912	
-6.17578	733.471	0.	155.33	
-6.23205	733.818	0.	155.751	
-6.28753	734.164	0.	156.174	
-6.34224	734.511	0.	156.599	
-6.39616	734.858	0.	157.028	
-6.4493	735.205	0.	157.459	
-6.50167	735.553	0.	157.893	
-6.55327	735.9	0.	158.329	
-6.60409	736.247	0.	158.768	
-6.65414	736.595	0.	159.21	
-6.70342	736.942	0.	159.654	
-6.75194	737.29	0.	160.101	
-6.79969	737.638	0.	160.551	
-6.84668	737.985	0.	161.003	
-6.89291	738.333	0.	161.458	
-6.93838	738.681	0.	161.915	
-6.9831	739.029	0.	162.375	
-7.02706	739.378	0.	162.838	
-7.07027	739.726	0.	163.303	
-7.11273	740.074	0.	163.771	
-7.15445	740.423	0.	164.242	
-7.19542	740.771	0.	164.715	
-7.23564	741.12	0.	165.191	
-7.27512	741.468	0.	165.669	
-7.31387	741.817	0.	166.15	
-7.35187	742.166	0.	166.634	
-7.38914	742.515	0.	167.12	
-7.42568	742.864	0.	167.609	
-7.46148	743.213	0.	168.1	
-7.49656	743.562	0.	168.594	
-7.53091	743.911	0.	169.091	
-7.56453	744.26	0.	169.59	
-7.59744	744.61	0.	170.092	
-7.62961	744.959	0.	170.597	
-7.66108	745.308	0.	171.104	
-7.69182	745.658	0.	171.613	
-7.72185	746.007	0.	172.125	
-7.75116	746.357	0.	172.64	
-7.77977	746.706	0.	173.158	
-7.80767	747.056	0.	173.678	
-7.83486	747.406	0.	174.2	
-7.86134	747.756	0.	174.725	
-7.88712	748.105	0.	175.253	
-7.9122	748.455	0.	175.783	
-7.93659	748.805	0.	176.316	
-7.96027	749.155	0.	176.851	
-7.98327	749.505	0.	177.389	
-8.00557	749.855	0.	177.93	
-8.02717	750.205	0.	178.473	
-8.0481	750.555	0.	179.019	
-8.06833	750.905	0.	179.567	
-8.08788	751.256	0.	180.118	
-8.10675	751.606	0.	180.671	
-8.12494	751.956	0.	181.227	
-8.14245	752.306	0.	181.786	
-8.15928	752.657	0.	182.347	
-8.17544	753.007	0.	182.91	
-8.19093	753.357	0.	183.476	
-8.20575	753.708	0.	184.045	
-8.2199	754.058	0.	184.616	
-8.23338	754.408	0.	185.19	
-8.24621	754.759	0.	185.766	
-8.25837	755.109	0.	186.345	
-8.26986	755.46	0.	186.926	
-8.28071	755.81	0.	187.51	
-8.29089	756.16	0.	188.097	
-8.30043	756.511	0.	188.686	
-8.30931	756.861	0.	189.277	
-8.31754	757.212	0.	189.871	
-8.32513	757.562	0.	190.468	
-8.33207	757.913	0.	191.067	
-8.33836	758.263	0.	191.668	
-8.34402	758.614	0.	192.272	
-8.34903	758.964	0.	192.879	
-8.35341	759.315	0.	193.488	
-8.35716	759.665	0.	194.1	
-8.36027	760.016	0.	194.714	
-8.36275	760.366	0.	195.331	
-8.3646	760.717	0.	195.95	
-8.36582	761.067	0.	196.571	
-8.36642	761.418	0.	197.196	
-8.3664	761.768	0.	197.822	
-8.36575	762.118	0.	198.451	
-8.36449	762.469	0.	199.083	
-8.36261	762.819	0.	199.717	
-8.36012	763.17	0.	200.354	
-8.35701	763.52	0.	200.993	
-8.35329	763.87	0.	201.635	
-8.34897	764.221	0.	202.279	
-8.34403	764.571	0.	202.926	
-8.3385	764.921	0.	203.575	
-8.33236	765.271	0.	204.226	
-8.32562	765.621	0.	204.88	
-8.31828	765.972	0.	205.537	
-8.31035	766.322	0.	206.196	
-8.30182	766.672	0.	206.858	
-8.2927	767.022	0.	207.522	
-8.28299	767.372	0.	208.188	
-8.2727	767.722	0.	208.857	
-8.26181	768.072	0.	209.528	
-8.25035	768.422	0.	210.202	
-8.2383	768.771	0.	210.879	
-8.22567	769.121	0.	211.558	
-8.21246	769.471	0.	212.239	
-8.19868	769.821	0.	212.923	
-8.18432	770.17	0.	213.609	
-8.1694	770.52	0.	214.297	
-8.1539	770.87	0.	214.989	
-8.13784	771.219	0.	215.682	
-8.12121	771.568	0.	216.378	
-8.10401	771.918	0.	217.077	
-8.08626	772.267	0.	217.778	
-8.06794	772.616	0.	218.481	
-8.04907	772.966	0.	219.187	
-8.02965	773.315	0.	219.895	
-8.00967	773.664	0.	220.606	
-7.98914	774.013	0.	221.319	
-7.96806	774.362	0.	222.035	
-7.94643	774.711	0.	222.753	
-7.92426	775.059	0.	223.474	
-7.90155	775.408	0.	224.197	
-7.87829	775.757	0.	224.922	
-7.8545	776.105	0.	225.65	
-7.83017	776.454	0.	226.38	
-7.8053	776.802	0.	227.113	
-7.7799	777.15	0.	227.848	
-7.75397	777.499	0.	228.586	
-7.72752	777.847	0.	229.326	
-7.70053	778.195	0.	230.068	
-7.67302	778.543	0.	230.813	
-7.64499	778.891	0.	231.561	
-7.61644	779.239	0.	232.31	
-7.58737	779.586	0.	233.063	
-7.55779	779.934	0.	233.817	
-7.52769	780.281	0.	234.574	
-7.49707	780.629	0.	235.334	
-7.46595	780.976	0.	236.096	
-7.43432	781.323	0.	236.86	
-7.40219	781.67	0.	237.627	
-7.36955	782.017	0.	238.397	
-7.3364	782.364	0.	239.168	
-7.30276	782.711	0.	239.942	
-7.26862	783.058	0.	240.719	
-7.23399	783.405	0.	241.498	
-7.19886	783.751	0.	242.279	
-7.16323	784.097	0.	243.063	
-7.12712	784.444	0.	243.849	
-7.09052	784.79	0.	244.638	
-7.05344	785.136	0.	245.429	
-7.01587	785.482	0.	246.223	
-6.97782	785.828	0.	247.019	
-6.9393	786.173	0.	247.817	
-6.90029	786.519	0.	248.618	
-6.86081	786.864	0.	249.422	
-6.82085	787.209	0.	250.227	
-6.78043	787.555	0.	251.036	
-6.73953	787.9	0.	251.846	
-6.69817	788.245	0.	252.659	
-6.6952	788.269	0.	252.718	
-6.65334	788.614	0.	257.704	
-6.61102	788.959	0.	262.911	
-6.56826	789.303	0.	268.353	
-6.52506	789.648	0.	274.045	
-6.48143	789.992	0.	280.004	
-6.43738	790.336	0.	286.248	
-6.39292	790.68	0.	292.797	
-6.34806	791.024	0.	299.673	
-6.3028	791.368	0.	306.901	
-6.25716	791.712	0.	314.506	
-6.21115	792.056	0.	322.517	
-6.16476	792.399	0.	330.968	
-6.11802	792.743	0.	339.894	
-6.07093	793.086	0.	349.335	
-6.02351	793.43	0.	359.335	
-5.97575	793.773	0.	369.945	
-5.92767	794.117	0.	381.22	
-5.87927	794.46	0.	393.224	
-5.83058	794.803	0.	406.027	
-5.78158	795.147	0.	419.71	
-5.7323	795.49	0.	434.367	
-5.68275	795.833	0.	450.102	
-5.63293	796.176	0.	467.037	
-5.58284	796.52	0.	485.313	
-5.53251	796.863	0.	505.092	
-5.48194	797.206	0.	526.566	
-5.43113	797.549	0.	549.96	
-5.3801	797.893	0.	575.54	
-5.32886	798.236	0.	603.625	
-5.27741	798.579	0.	634.597	
-5.22576	798.922	0.	668.922	
-5.17393	799.266	0.	707.171	
-5.12192	799.609	0.	750.054	
-5.06974	799.953	0.	798.46	
-5.01739	800.296	0.	853.525	
-4.9649	800.64	0.	916.715	
-4.91227	800.983	0.	989.966	
-4.85949	801.327	0.	1075.88	
-4.8066	801.671	0.	1178.03	
-4.75359	802.015	0.	1301.5	
-4.70047	802.358	0.	1453.71	
-4.64726	802.702	0.	1646.01	
-4.59395	803.047	0.	1896.59	
-4.54057	803.391	0.	2236.65	
-4.48711	803.735	0.	2724.48	
-4.43359	804.079	0.	3483.02	
-4.38002	804.424	0.	4823.94	
-4.3264	804.769	0.	7835.4	
-4.27275	805.113	0.	-1.	
-4.21907	805.458	0.	-1.	
-4.16538	805.803	0.	9049.2	
-4.11168	806.148	0.	5275.29	
-4.05797	806.494	0.	3725.15	
-4.00428	806.839	0.	2880.62	
-3.9506	807.185	0.	2349.29	
-3.89695	807.531	0.	1984.22	
-3.84334	807.877	0.	1717.95	
-3.78978	808.223	0.	1515.17	
-3.73626	808.569	0.	1355.61	
-3.68281	808.916	0.	1226.8	
-3.62944	809.262	0.	1120.63	
-3.57614	809.609	0.	1031.63	
-3.52293	809.956	0.	955.958	
-3.46982	810.304	0.	890.829	
-3.41682	810.651	0.	834.19	
-3.36394	810.999	0.	784.489	
-3.31118	811.347	0.	740.529	
-3.25856	811.695	0.	701.375	
-3.20608	812.043	0.	666.281	
-3.15376	812.392	0.	634.653	
-3.10159	812.741	0.	606.003	
-3.0496	813.09	0.	579.933	
-2.99778	813.44	0.	556.113	
-2.94615	813.789	0.	534.265	
-2.89473	814.139	0.	514.157	
-2.8435	814.489	0.	495.591	
-2.79249	814.84	0.	478.399	
-2.74171	815.191	0.	462.435	
-2.69116	815.542	0.	447.575	
-2.64085	815.893	0.	433.709	
-2.59079	816.245	0.	420.742	
-2.541	816.597	0.	408.592	
-2.49147	816.949	0.	397.186	
-2.44222	817.301	0.	386.457	
-2.39325	817.654	0.	376.35	
-2.34459	818.007	0.	366.814	
-2.29622	818.361	0.	357.801	
-2.24817	818.715	0.	349.272	
-2.20044	819.069	0.	341.191	
-2.15305	819.424	0.	333.523	
-2.10599	819.779	0.	326.239	
-2.05929	820.134	0.	319.312	
-2.01294	820.49	0.	312.718	
-1.96696	820.846	0.	306.433	
-1.92136	821.202	0.	300.439	
-1.87614	821.559	0.	294.715	
-1.83132	821.916	0.	289.246	
-1.7869	822.273	0.	284.016	
-1.74289	822.631	0.	279.009	
-1.6993	822.99	0.	274.214	
-1.65614	823.348	0.	269.617	
-1.61342	823.708	0.	265.208	
-1.57115	824.067	0.	260.976	
-1.52934	824.427	0.	256.911	
-1.48799	824.788	0.	253.005	
-1.44712	825.148	0.	249.249	
-1.40673	825.51	0.	245.636	
-1.36683	825.871	0.	242.158	
-1.32743	826.234	0.	238.809	
-1.28855	826.596	0.	235.582	
-1.25018	826.959	0.	232.472	
-1.21235	827.323	0.	229.473	
-1.17505	827.687	0.	226.58	
-1.1383	828.051	0.	223.788	
-1.1021	828.416	0.	221.093	
-1.06646	828.782	0.	218.491	
-1.0314	829.148	0.	215.976	
-0.996925	829.514	0.	213.547	
-0.963038	829.881	0.	211.199	
-0.929751	830.249	0.	208.928	
-0.897073	830.617	0.	206.733	
-0.865013	830.985	0.	204.609	
-0.83358	831.354	0.	202.554	
-0.802783	831.724	0.	200.566	
-0.77263	832.094	0.	198.642	
-0.743131	832.465	0.	196.779	
-0.714295	832.836	0.	194.975	
-0.686131	833.207	0.	193.229	
-0.658647	833.58	0.	191.537	
-0.631853	833.953	0.	189.899	
-0.605757	834.326	0.	188.313	
-0.580369	834.7	0.	186.775	
-0.555697	835.075	0.	185.287	
-0.53175	835.45	0.	183.844	
-0.508538	835.825	0.	182.447	
-0.486069	836.202	0.	181.093	
-0.464352	836.579	0.	179.781	
-0.443396	836.956	0.	178.51	
-0.423211	837.334	0.	177.279	
-0.403804	837.713	0.	176.087	
-0.385185	838.093	0.	174.932	
-0.367364	838.473	0.	173.813	
-0.350348	838.853	0.	172.73	
-0.334147	839.235	0.	171.682	
-0.31877	839.616	0.	170.666	
-0.304225	839.999	0.	169.683	
-0.290523	840.382	0.	168.732	
-0.277671	840.766	0.	167.812	
-0.265678	841.151	0.	166.922	
-0.254554	841.536	0.	166.062	
-0.244308	841.922	0.	165.23	
-0.234948	842.308	0.	164.426	
-0.226483	842.696	0.	163.65	
-0.218923	843.084	0.	162.9	
-0.212276	843.472	0.	162.176	
-0.206551	843.862	0.	161.478	
-0.201757	844.252	0.	160.805	
-0.197904	844.642	0.	160.157	
-0.194999	845.034	0.	159.532	
-0.193053	845.426	0.	158.931	
-0.192073	845.819	0.	158.353	
-0.19207	846.213	0.	157.797	
-0.193051	846.607	0.	157.264	
-0.195027	847.002	0.	156.752	
-0.198005	847.398	0.	156.262	
-0.201994	847.795	0.	155.792	
-0.207005	848.192	0.	155.343	
-0.213045	848.59	0.	154.915	
-0.220123	848.989	0.	154.506	
-0.228249	849.389	0.	154.117	
-0.237432	849.79	0.	153.747	
-0.24768	850.191	0.	153.396	
-0.259002	850.593	0.	153.064	
-0.271408	850.996	0.	152.75	
-0.284906	851.4	0.	152.454	
-0.299505	851.804	0.	152.176	
-0.315215	852.209	0.	151.916	
-0.332043	852.616	0.	151.673	
-0.35	853.023	0.	151.447	
-0.351326	853.052	0.	151.432	
-0.370503	853.46	0.	150.15	
-0.390835	853.868	0.	148.951	
-0.412341	854.278	0.	147.83	
-0.435039	854.688	0.	146.786	
-0.458946	855.1	0.	145.815	
-0.484081	855.512	0.	144.914	
-0.510462	855.926	0.	144.083	
-0.538107	856.34	0.	143.317	
-0.567034	856.756	0.	142.616	
-0.59726	857.172	0.	141.978	
-0.628805	857.59	0.	141.4	
-0.661685	858.009	0.	140.881	
-0.695919	858.429	0.	140.42	
-0.731525	858.85	0.	140.014	
-0.768521	859.272	0.	139.664	
-0.806924	859.696	0.	139.367	
-0.846754	860.121	0.	139.122	
-0.888028	860.547	0.	138.929	
-0.930764	860.975	0.	138.786	
-0.974979	861.404	0.	138.692	
-1.02069	861.834	0.	138.647	
-1.06792	862.266	0.	138.649	
-1.11669	862.699	0.	138.699	
-1.167	863.134	0.	138.795	
-1.21889	863.57	0.	138.937	
-1.27236	864.008	0.	139.124	
-1.32744	864.447	0.	139.356	
-1.38415	864.888	0.	139.633	
-1.4425	865.33	0.	139.953	
-1.5025	865.774	0.	140.316	
-1.56419	866.22	0.	140.723	
-1.62757	866.667	0.	141.173	
-1.69267	867.117	0.	141.666	
-1.75949	867.567	0.	142.201	
-1.82807	868.02	0.	142.779	
-1.89842	868.475	0.	143.399	
-1.97055	868.931	0.	144.061	
-2.04449	869.389	0.	144.765	
-2.12025	869.849	0.	145.511	
-2.19785	870.311	0.	146.299	
-2.27731	870.775	0.	147.13	
-2.35864	871.241	0.	148.002	
-2.44187	871.709	0.	148.917	
-2.52701	872.179	0.	149.874	
-2.61409	872.651	0.	150.874	
-2.70311	873.125	0.	151.916	
-2.7941	873.601	0.	153.001	
-2.88707	874.079	0.	154.129	
-2.98204	874.56	0.	155.301	
-3.07904	875.043	0.	156.516	
-3.17807	875.527	0.	157.775	
-3.27916	876.015	0.	159.078	
-3.38233	876.504	0.	160.425	
-3.48758	876.996	0.	161.818	
-3.59495	877.49	0.	163.255	
-3.70445	877.986	0.	164.738	
-3.81609	878.485	0.	166.268	
-3.9299	878.986	0.	167.843	
-4.04589	879.49	0.	169.466	
-4.16409	879.996	0.	171.135	
-4.2845	880.505	0.	172.853	
-4.40715	881.016	0.	174.619	
-4.53205	881.53	0.	176.434	
-4.65922	882.046	0.	178.298	
-4.78869	882.565	0.	180.212	
-4.92047	883.087	0.	182.177	
-5.05457	883.611	0.	184.193	
-5.19102	884.138	0.	186.261	
-5.32983	884.667	0.	188.381	
-5.47102	885.2	0.	190.554	
-5.61461	885.735	0.	192.781	
-5.76061	886.273	0.	195.063	
-5.90906	886.814	0.	197.4	
-6.05995	887.358	0.	199.792	
-6.21332	887.904	0.	202.242	
-6.36917	888.454	0.	204.748	
-6.52754	889.006	0.	207.313	
-6.68842	889.561	0.	209.937	
-6.85185	890.12	0.	212.621	
-7.01785	890.681	0.	215.366	
-7.18642	891.246	0.	218.172	
-7.35758	891.813	0.	221.04	
-7.53137	892.384	0.	223.972	
-7.70779	892.958	0.	226.968	
-7.88685	893.535	0.	230.029	
-8.06859	894.115	0.	233.156	
-8.25302	894.699	0.	236.351	
-8.44015	895.285	0.	239.613	
-8.63	895.875	0.	242.945	
-8.82259	896.469	0.	246.347	
-9.01795	897.065	0.	249.819	
-9.21608	897.665	0.	253.365	
-9.41701	898.269	0.	256.983	
-9.62075	898.875	0.	260.676	
-9.82732	899.486	0.	264.444	
-10.0367	900.099	0.	268.289	
-10.249	900.717	0.	272.212	
-10.4642	901.337	0.	276.213	
-10.6823	901.962	0.	280.295	
-10.9033	902.589	0.	284.459	
-11.1272	903.221	0.	288.705	
-11.3541	903.856	0.	293.035	
-11.584	904.495	0.	297.45	
-11.8169	905.137	0.	301.951	
-12.0527	905.784	0.	306.541	
-12.2916	906.434	0.	311.219	
-12.5336	907.087	0.	315.988	
-12.7786	907.745	0.	320.849	
-13.0267	908.406	0.	325.804	
-13.2779	909.072	0.	330.853	
-13.5322	909.741	0.	335.998	
-13.7897	910.414	0.	341.241	
-14.0503	911.091	0.	346.583	
-14.3141	911.772	0.	352.026	
-14.5811	912.457	0.	357.571	
-14.8513	913.146	0.	363.219	
-15.1247	913.839	0.	368.973	
-15.4014	914.536	0.	374.834	
-15.6813	915.238	0.	380.804	
-15.9645	915.943	0.	386.883	
-16.2511	916.653	0.	393.075	
-16.5409	917.367	0.	399.38	
-16.8341	918.085	0.	405.801	
-17.1306	918.807	0.	412.338	
-17.4305	919.533	0.	418.994	
-17.7338	920.264	0.	425.771	
-18.0404	921.	0.	432.671	
-18.3506	921.739	0.	439.694	
-18.6641	922.483	0.	446.844	
-18.9811	923.232	0.	454.122	
-19.3017	923.984	0.	461.53	
-19.6257	924.742	0.	469.069	
-19.9532	925.504	0.	476.743	
-20.2842	926.27	0.	484.552	
-20.6188	927.041	0.	492.5	
-20.957	927.816	0.	500.587	
-21.2988	928.596	0.	508.816	
-21.6441	929.381	0.	517.189	
-21.9931	930.171	0.	525.709	
-22.3458	930.965	0.	534.377	
-22.7021	931.764	0.	543.196	
-23.062	932.567	0.	552.167	
-23.4257	933.376	0.	561.294	
-23.7931	934.189	0.	570.578	
-24.1642	935.007	0.	580.021	
-24.5391	935.83	0.	589.627	
-24.9177	936.658	0.	599.397	
-25.3002	937.49	0.	609.333	
-25.6864	938.328	0.	619.439	
-26.0764	939.171	0.	629.716	
-26.4703	940.018	0.	640.168	
-26.8681	940.871	0.	650.796	
-27.2697	941.729	0.	661.603	
-27.6752	942.592	0.	672.592	
-28.0847	943.46	0.	683.765	
-28.498	944.333	0.	695.125	
-28.9153	945.211	0.	706.675	
-29.3366	946.095	0.	718.418	
-29.7619	946.983	0.	730.355	
-30.1911	947.877	0.	742.49	
-30.6244	948.776	0.	754.826	
-31.0618	949.681	0.	767.366	
-31.5031	950.591	0.	780.111	
-31.9486	951.506	0.	793.066	
-32.3981	952.427	0.	806.234	
-32.8518	953.353	0.	819.616	
-33.3096	954.284	0.	833.217	
-33.7715	955.221	0.	847.04	
-34.2376	956.164	0.	861.086	
-34.7079	957.112	0.	875.36	
-35.1824	958.066	0.	889.865	
-35.6611	959.025	0.	904.604	
-36.1441	959.99	0.	919.579	
-36.6313	960.96	0.	934.795	
-37.1227	961.936	0.	950.255	
-37.6185	962.918	0.	965.962	
-38.1185	963.906	0.	981.919	
-38.6229	964.899	0.	998.13	
-39.1317	965.898	0.	1014.6	
-39.1682	965.97	0.	1015.79	

