0.	-2.10523	0.	379.783	
-1.35973e-003	-1.09006	0.	377.332	
-5.42028e-003	-8.05512e-002	0.	374.927	
-1.21537e-002	0.923328	0.	372.568	
-2.15321e-002	1.9216	0.	370.256	
-3.35275e-002	2.91429	0.	367.989	
-4.8112e-002	3.90144	0.	365.768	
-6.52576e-002	4.88305	0.	363.593	
-8.49365e-002	5.85917	0.	361.464	
-0.107121	6.82981	0.	359.38	
-0.131782	7.795	0.	357.342	
-0.158893	8.75478	0.	355.35	
-0.188425	9.70916	0.	353.404	
-0.220351	10.6582	0.	351.504	
-0.254642	11.6018	0.	349.65	
-0.291271	12.5402	0.	347.841	
-0.33021	13.4733	0.	346.079	
-0.37143	14.4011	0.	344.363	
-0.414905	15.3237	0.	342.693	
-0.460605	16.241	0.	341.069	
-0.508503	17.1532	0.	339.493	
-0.558571	18.0602	0.	337.963	
-0.610782	18.9621	0.	336.48	
-0.665106	19.8589	0.	335.045	
-0.721517	20.7506	0.	333.657	
-0.779986	21.6373	0.	332.317	
-0.840485	22.519	0.	331.025	
-0.902987	23.3956	0.	329.782	
-0.967463	24.2673	0.	328.589	
-1.03389	25.134	0.	327.444	
-1.10223	25.9958	0.	326.35	
-1.17246	26.8527	0.	325.306	
-1.24455	27.7048	0.	324.313	
-1.31848	28.552	0.	323.372	
-1.39422	29.3944	0.	322.482	
-1.47173	30.2321	0.	321.646	
-1.551	31.0649	0.	320.864	
-1.63199	31.8931	0.	320.136	
-1.71467	32.7165	0.	319.463	
-1.79902	33.5352	0.	318.846	
-1.88501	34.3493	0.	318.287	
-1.97262	35.1588	0.	317.786	
-2.0618	35.9636	0.	317.343	
-2.15254	36.7639	0.	316.962	
-2.24481	37.5597	0.	316.642	
-2.33858	38.3509	0.	316.385	
-2.43382	39.1376	0.	316.192	
-2.5305	39.9199	0.	316.066	
-2.6286	40.6977	0.	316.007	
-2.72809	41.4711	0.	316.017	
-2.82893	42.2401	0.	316.098	
-2.93111	43.0048	0.	316.253	
-3.03459	43.7651	0.	316.482	
-3.13935	44.5211	0.	316.789	
-3.24536	45.2728	0.	317.176	
-3.35258	46.0203	0.	317.646	
-3.461	46.7636	0.	318.2	
-3.57058	47.5026	0.	318.843	
-3.6813	48.2375	0.	319.577	
-3.79313	48.9682	0.	320.406	
-3.90604	49.6947	0.	321.332	
-4.02	50.4172	0.	322.361	
-4.13498	51.1356	0.	323.497	
-4.25097	51.85	0.	324.743	
-4.36792	52.5604	0.	326.105	
-4.48581	53.2667	0.	327.588	
-4.60461	53.9691	0.	329.198	
-4.7243	54.6676	0.	330.94	
-4.84485	55.3621	0.	332.821	
-4.96622	56.0528	0.	334.848	
-5.0884	56.7396	0.	337.03	
-5.21135	57.4226	0.	339.374	
-5.33504	58.1017	0.	341.889	
-5.45946	58.7771	0.	344.586	
-5.58456	59.4487	0.	347.475	
-5.71032	60.1166	0.	350.567	
-5.83672	60.7808	0.	353.877	
-5.96372	61.4414	0.	357.417	
-6.0913	62.0982	0.	361.204	
-6.21943	62.7515	0.	365.255	
-6.34808	63.4011	0.	369.587	
-6.47722	64.0472	0.	374.223	
-6.60683	64.6898	0.	379.185	
-6.73688	65.3288	0.	384.498	
-6.86734	65.9644	0.	390.192	
-6.99818	66.5964	0.	396.298	
-7.12938	67.2251	0.	402.852	
-7.2609	67.8503	0.	409.894	
-7.39271	68.4722	0.	417.469	
-7.5248	69.0907	0.	425.629	
-7.65714	69.7058	0.	434.431	
-7.78968	70.3177	0.	443.943	
-7.92241	70.9263	0.	454.241	
-8.05531	71.5316	0.	465.412	
-8.18833	72.1337	0.	477.559	
-8.32145	72.7326	0.	490.799	
-8.45465	73.3284	0.	505.272	
-8.5879	73.921	0.	521.14	
-8.72116	74.5104	0.	538.6	
-8.85442	75.0968	0.	557.882	
-8.98764	75.6801	0.	579.267	
-9.12079	76.2604	0.	603.097	
-9.25385	76.8377	0.	629.791	
-9.38679	77.412	0.	659.874	
-9.51958	77.9833	0.	694.002	
-9.6522	78.5517	0.	733.018	
-9.78461	79.1171	0.	778.016	
-9.91678	79.6797	0.	830.442	
-10.0487	80.2395	0.	892.253	
-10.1803	80.7964	0.	966.158	
-10.3116	81.3505	0.	1056.02	
-10.4426	81.9019	0.	1167.55	
-10.5732	82.4504	0.	1309.55	
-10.7034	82.9963	0.	1496.35	
-10.8332	83.5395	0.	1752.9	
-10.9625	84.08	0.	2126.98	
-11.0913	84.6179	0.	2722.87	
-11.2196	85.1531	0.	3820.02	
-11.3474	85.6858	0.	6507.38	
-11.4746	86.2158	0.	-1.	
-11.6012	86.7434	0.	-1.	
-11.7272	87.2684	0.	5354.78	
-11.8525	87.791	0.	3271.16	
-11.9772	88.3111	0.	2339.45	
-12.1011	88.8288	0.	1811.5	
-12.2244	89.3441	0.	1471.75	
-12.3468	89.8569	0.	1234.88	
-12.4685	90.3675	0.	1060.4	
-12.5893	90.8757	0.	926.573	
-12.7093	91.3816	0.	820.729	
-12.8284	91.8853	0.	734.957	
-12.9466	92.3867	0.	664.075	
-13.0639	92.8858	0.	604.541	
-13.1802	93.3828	0.	553.854	
-13.2956	93.8776	0.	510.199	
-13.4099	94.3703	0.	472.223	
-13.5232	94.8609	0.	438.9	
-13.6354	95.3494	0.	409.438	
-13.7465	95.8358	0.	383.213	
-13.8565	96.3202	0.	359.731	
-13.9653	96.8026	0.	338.591	
-14.073	97.283	0.	319.469	
-14.1794	97.7614	0.	302.095	
-14.2846	98.2379	0.	286.248	
-14.3885	98.7125	0.	271.741	
-14.4912	99.1853	0.	258.417	
-14.5925	99.6561	0.	246.142	
-14.6925	100.125	0.	234.802	
-14.791	100.592	0.	224.299	
-14.8882	101.058	0.	214.547	
-14.984	101.522	0.	205.474	
-15.0783	101.984	0.	197.013	
-15.1711	102.444	0.	189.11	
-15.2623	102.903	0.	181.713	
-15.3521	103.36	0.	174.78	
-15.4402	103.815	0.	168.27	
-15.5268	104.269	0.	162.149	
-15.6117	104.721	0.	156.386	
-15.695	105.172	0.	150.953	
-15.7766	105.621	0.	145.825	
-15.8565	106.069	0.	140.979	
-15.9346	106.516	0.	136.395	
-16.011	106.96	0.	132.055	
-16.0855	107.404	0.	127.942	
-16.1583	107.846	0.	124.04	
-16.2291	108.287	0.	120.336	
-16.2982	108.726	0.	116.817	
-16.3653	109.165	0.	113.471	
-16.4304	109.601	0.	110.288	
-16.4936	110.037	0.	107.258	
-16.5548	110.472	0.	104.372	
-16.614	110.905	0.	101.621	
-16.6711	111.337	0.	98.9989	
-16.7262	111.768	0.	96.4973	
-16.7792	112.198	0.	94.1101	
-16.83	112.627	0.	91.8312	
-16.8786	113.054	0.	89.6551	
-16.9251	113.481	0.	87.5764	
-16.9694	113.907	0.	85.5904	
-17.0114	114.331	0.	83.6925	
-17.0143	114.362	0.	83.5602	
-17.0539	114.785	0.	83.5454	
-17.0912	115.208	0.	83.5442	
-17.1263	115.63	0.	83.5566	
-17.1592	116.051	0.	83.5827	
-17.1898	116.471	0.	83.6226	
-17.2183	116.89	0.	83.6762	
-17.2446	117.308	0.	83.7438	
-17.2688	117.725	0.	83.8253	
-17.2908	118.141	0.	83.9209	
-17.3108	118.557	0.	84.0306	
-17.3286	118.971	0.	84.1546	
-17.3443	119.385	0.	84.2929	
-17.358	119.798	0.	84.4456	
-17.3697	120.21	0.	84.6129	
-17.3793	120.621	0.	84.7949	
-17.3869	121.031	0.	84.9918	
-17.3925	121.44	0.	85.2036	
-17.3962	121.848	0.	85.4306	
-17.3979	122.256	0.	85.6729	
-17.3976	122.663	0.	85.9306	
-17.3955	123.068	0.	86.2041	
-17.3914	123.474	0.	86.4933	
-17.3854	123.878	0.	86.7987	
-17.3776	124.281	0.	87.1203	
-17.368	124.684	0.	87.4584	
-17.3565	125.085	0.	87.8132	
-17.3432	125.486	0.	88.1851	
-17.3281	125.886	0.	88.5742	
-17.3112	126.286	0.	88.9809	
-17.2926	126.684	0.	89.4054	
-17.2723	127.082	0.	89.8481	
-17.2502	127.479	0.	90.3092	
-17.2264	127.875	0.	90.7892	
-17.2009	128.27	0.	91.2883	
-17.1737	128.665	0.	91.8071	
-17.1449	129.059	0.	92.3457	
-17.1145	129.452	0.	92.9048	
-17.0824	129.844	0.	93.4847	
-17.0488	130.236	0.	94.0858	
-17.0136	130.627	0.	94.7088	
-16.9768	131.017	0.	95.354	
-16.9384	131.406	0.	96.022	
-16.8986	131.795	0.	96.7134	
-16.8572	132.183	0.	97.4287	
-16.8143	132.57	0.	98.1687	
-16.77	132.957	0.	98.9339	
-16.7242	133.343	0.	99.7251	
-16.6769	133.728	0.	100.543	
-16.6283	134.112	0.	101.388	
-16.5782	134.496	0.	102.262	
-16.5268	134.879	0.	103.164	
-16.474	135.261	0.	104.097	
-16.4198	135.643	0.	105.06	
-16.3643	136.024	0.	106.055	
-16.3075	136.405	0.	107.084	
-16.2494	136.784	0.	108.146	
-16.19	137.163	0.	109.244	
-16.1294	137.542	0.	110.378	
-16.0675	137.92	0.	111.549	
-16.0044	138.297	0.	112.76	
-15.9401	138.673	0.	114.012	
-15.8746	139.049	0.	115.305	
-15.8079	139.425	0.	116.643	
-15.74	139.799	0.	118.026	
-15.6711	140.173	0.	119.456	
-15.601	140.547	0.	120.936	
-15.5298	140.92	0.	122.467	
-15.4575	141.292	0.	124.051	
-15.3842	141.664	0.	125.692	
-15.3098	142.035	0.	127.391	
-15.2344	142.405	0.	129.152	
-15.158	142.775	0.	130.976	
-15.0806	143.145	0.	132.868	
-15.0022	143.513	0.	134.83	
-14.9228	143.882	0.	136.866	
-14.8425	144.249	0.	138.98	
-14.7613	144.617	0.	141.175	
-14.6792	144.983	0.	143.457	
-14.5962	145.349	0.	145.829	
-14.5123	145.715	0.	148.297	
-14.4276	146.08	0.	150.866	
-14.342	146.444	0.	153.543	
-14.2556	146.808	0.	156.333	
-14.1684	147.172	0.	159.243	
-14.0805	147.535	0.	162.281	
-13.9918	147.897	0.	165.456	
-13.9023	148.259	0.	168.775	
-13.8121	148.621	0.	172.248	
-13.7212	148.982	0.	175.887	
-13.6296	149.342	0.	179.702	
-13.5373	149.703	0.	183.707	
-13.4444	150.062	0.	187.914	
-13.3508	150.421	0.	192.341	
-13.2566	150.78	0.	197.003	
-13.1619	151.138	0.	201.92	
-13.0665	151.496	0.	207.113	
-12.9705	151.854	0.	212.604	
-12.8741	152.21	0.	218.421	
-12.777	152.567	0.	224.592	
-12.6795	152.923	0.	231.149	
-12.5815	153.279	0.	238.131	
-12.483	153.634	0.	245.58	
-12.384	153.989	0.	253.542	
-12.2846	154.343	0.	262.073	
-12.1847	154.697	0.	271.236	
-12.0845	155.051	0.	281.102	
-11.9839	155.404	0.	291.756	
-11.8829	155.757	0.	303.295	
-11.7815	156.11	0.	315.834	
-11.6798	156.462	0.	329.508	
-11.5778	156.814	0.	344.478	
-11.4755	157.165	0.	360.937	
-11.3729	157.516	0.	379.118	
-11.27	157.867	0.	399.306	
-11.1669	158.217	0.	421.852	
-11.0636	158.567	0.	447.193	
-10.96	158.917	0.	475.885	
-10.8563	159.266	0.	508.636	
-10.7523	159.615	0.	546.375	
-10.6483	159.964	0.	590.333	
-10.544	160.312	0.	642.186	
-10.4397	160.66	0.	704.269	
-10.3352	161.008	0.	779.939	
-10.2307	161.356	0.	874.206	
-10.1261	161.703	0.	994.884	
-10.0214	162.05	0.	1154.88	
-9.91675	162.397	0.	1377.14	
-9.81205	162.743	0.	1706.8	
-9.70734	163.089	0.	2246.5	
-9.60266	163.435	0.	3290.82	
-9.49801	163.78	0.	6168.76	
-9.39341	164.126	0.	-1.	
-9.28889	164.471	0.	8132.44	
-9.18446	164.816	0.	3755.57	
-9.08014	165.16	0.	2438.46	
-8.97594	165.505	0.	1803.62	
-8.87189	165.849	0.	1429.99	
-8.768	166.193	0.	1183.86	
-8.66429	166.536	0.	1009.48	
-8.56077	166.88	0.	879.465	
-8.45747	167.223	0.	778.799	
-8.35441	167.566	0.	698.551	
-8.25159	167.909	0.	633.082	
-8.14904	168.252	0.	578.654	
-8.04678	168.594	0.	532.691	
-7.94483	168.937	0.	493.362	
-7.84319	169.279	0.	459.328	
-7.74189	169.621	0.	429.587	
-7.64095	169.962	0.	403.375	
-7.54039	170.304	0.	380.1	
-7.44022	170.646	0.	359.295	
-7.34046	170.987	0.	340.587	
-7.24112	171.328	0.	323.674	
-7.14224	171.669	0.	308.311	
-7.04381	172.01	0.	294.294	
-6.94587	172.351	0.	281.454	
-6.84843	172.692	0.	269.649	
-6.75151	173.032	0.	258.759	
-6.65512	173.373	0.	248.683	
-6.55928	173.713	0.	239.332	
-6.46401	174.053	0.	230.631	
-6.36934	174.393	0.	222.516	
-6.27526	174.734	0.	214.93	
-6.18181	175.073	0.	207.822	
-6.08901	175.413	0.	201.15	
-5.99686	175.753	0.	194.875	
-5.90539	176.093	0.	188.962	
-5.81462	176.433	0.	183.383	
-5.72455	176.772	0.	178.109	
-5.63522	177.112	0.	173.117	
-5.54664	177.451	0.	168.385	
-5.45882	177.791	0.	163.894	
-5.37179	178.13	0.	159.626	
-5.28556	178.47	0.	155.565	
-5.20015	178.809	0.	151.697	
-5.11557	179.149	0.	148.01	
-5.03185	179.488	0.	144.49	
-4.949	179.827	0.	141.128	
-4.86705	180.167	0.	137.912	
-4.86123	180.191	0.	137.688	
-4.78024	180.53	0.	139.304	
-4.70015	180.869	0.	140.97	
-4.62094	181.209	0.	142.69	
-4.54261	181.548	0.	144.464	
-4.46514	181.887	0.	146.295	
-4.38852	182.227	0.	148.186	
-4.31273	182.566	0.	150.139	
-4.23777	182.905	0.	152.156	
-4.16362	183.245	0.	154.241	
-4.09027	183.584	0.	156.396	
-4.01771	183.923	0.	158.626	
-3.94593	184.263	0.	160.932	
-3.8749	184.602	0.	163.319	
-3.80463	184.941	0.	165.791	
-3.7351	185.281	0.	168.351	
-3.6663	185.62	0.	171.005	
-3.59821	185.959	0.	173.756	
-3.53082	186.299	0.	176.61	
-3.46412	186.638	0.	179.573	
-3.39811	186.978	0.	182.649	
-3.33276	187.317	0.	185.846	
-3.26806	187.656	0.	189.171	
-3.204	187.996	0.	192.629	
-3.14058	188.335	0.	196.23	
-3.07777	188.674	0.	199.981	
-3.01556	189.014	0.	203.892	
-2.95395	189.353	0.	207.973	
-2.89292	189.692	0.	212.234	
-2.83246	190.032	0.	216.688	
-2.77256	190.371	0.	221.346	
-2.7132	190.71	0.	226.224	
-2.65438	191.05	0.	231.335	
-2.59607	191.389	0.	236.697	
-2.53827	191.728	0.	242.329	
-2.48097	192.068	0.	248.25	
-2.42415	192.407	0.	254.482	
-2.3678	192.746	0.	261.051	
-2.31191	193.086	0.	267.984	
-2.25647	193.425	0.	275.31	
-2.20147	193.764	0.	283.065	
-2.14688	194.104	0.	291.286	
-2.09271	194.443	0.	300.015	
-2.03894	194.782	0.	309.3	
-1.98555	195.122	0.	319.196	
-1.93253	195.461	0.	329.764	
-1.87988	195.8	0.	341.075	
-1.82758	196.14	0.	353.207	
-1.77561	196.479	0.	366.254	
-1.72398	196.818	0.	380.322	
-1.67265	197.158	0.	395.534	
-1.62163	197.497	0.	412.035	
-1.57089	197.836	0.	429.995	
-1.52043	198.176	0.	449.614	
-1.47024	198.515	0.	471.134	
-1.42029	198.854	0.	494.842	
-1.37059	199.194	0.	521.089	
-1.32112	199.533	0.	550.304	
-1.27186	199.872	0.	583.018	
-1.22281	200.212	0.	619.899	
-1.17395	200.551	0.	661.793	
-1.12526	200.89	0.	709.795	
-1.07675	201.23	0.	765.344	
-1.02839	201.569	0.	830.367	
-0.980169	201.908	0.	907.508	
-0.932082	202.248	0.	1000.5	
-0.884114	202.587	0.	1114.78	
-0.836252	202.926	0.	1258.61	
-0.788484	203.266	0.	1445.11	
-0.740799	203.605	0.	1696.59	
-0.693183	203.944	0.	2054.14	
-0.645625	204.284	0.	2602.79	
-0.598113	204.623	0.	3551.56	
-0.550633	204.962	0.	5589.15	
-0.503175	205.302	0.	-1.	
-0.455727	205.641	0.	-1.	
-0.408275	205.98	0.	7748.51	
-0.360807	206.32	0.	4315.74	
-0.313313	206.659	0.	2990.85	
-0.265778	206.998	0.	2288.43	
-0.218192	207.338	0.	1853.26	
-0.170542	207.677	0.	1557.21	
-0.122816	208.016	0.	1342.77	
-7.50009e-002	208.356	0.	1180.29	
-2.70857e-002	208.695	0.	1052.92	
2.0942e-002	209.034	0.	950.41	
6.90946e-002	209.374	0.	866.122	
0.117384	209.713	0.	795.6	
0.165823	210.052	0.	735.728	
0.214423	210.392	0.	684.266	
0.263197	210.731	0.	639.56	
0.312156	211.07	0.	600.364	
0.361313	211.41	0.	565.719	
0.41068	211.749	0.	534.878	
0.46027	212.088	0.	507.249	
0.510093	212.428	0.	482.356	
0.560163	212.767	0.	459.813	
0.610492	213.106	0.	439.303	
0.661092	213.446	0.	420.564	
0.711975	213.785	0.	403.378	
0.763153	214.124	0.	387.559	
0.814638	214.464	0.	372.952	
0.866443	214.803	0.	359.424	
0.918579	215.142	0.	346.859	
0.97106	215.482	0.	335.161	
1.0239	215.821	0.	324.241	
1.0771	216.16	0.	314.027	
1.13069	216.5	0.	304.452	
1.18466	216.839	0.	295.459	
1.23905	217.178	0.	286.997	
1.29385	217.518	0.	279.021	
1.34907	217.857	0.	271.491	
1.40474	218.196	0.	264.371	
1.46087	218.536	0.	257.629	
1.51745	218.875	0.	251.236	
1.57452	219.214	0.	245.167	
1.63208	219.554	0.	239.398	
1.69014	219.893	0.	233.907	
1.74871	220.232	0.	228.676	
1.80781	220.572	0.	223.687	
1.86744	220.911	0.	218.924	
1.92763	221.25	0.	214.373	
1.98838	221.59	0.	210.02	
2.04971	221.929	0.	205.852	
2.11162	222.268	0.	201.86	
2.17414	222.608	0.	198.032	
2.23726	222.947	0.	194.36	
2.30101	223.286	0.	190.833	
2.36539	223.626	0.	187.445	
2.43043	223.965	0.	184.187	
2.49612	224.304	0.	181.052	
2.56249	224.644	0.	178.035	
2.62954	224.983	0.	175.129	
2.69728	225.322	0.	172.328	
2.76574	225.662	0.	169.628	
2.83491	226.001	0.	167.023	
2.90482	226.34	0.	164.509	
2.97548	226.68	0.	162.081	
3.04689	227.019	0.	159.736	
3.11908	227.358	0.	157.47	
3.19204	227.698	0.	155.279	
3.2658	228.037	0.	153.16	
3.34037	228.376	0.	151.11	
3.41575	228.716	0.	149.126	
3.49196	229.055	0.	147.206	
3.56902	229.394	0.	145.346	
3.64693	229.734	0.	143.544	
3.72571	230.073	0.	141.799	
3.80537	230.412	0.	140.107	
3.88592	230.752	0.	138.467	
3.96738	231.091	0.	136.876	
4.04975	231.43	0.	135.334	
4.13304	231.77	0.	133.838	
4.21728	232.109	0.	132.387	
4.30247	232.449	0.	130.978	
4.38863	232.788	0.	129.611	
4.47576	233.127	0.	128.284	
4.56388	233.467	0.	126.996	
4.653	233.806	0.	125.746	
4.74314	234.145	0.	124.531	
4.8343	234.485	0.	123.352	
4.92649	234.824	0.	122.207	
5.01974	235.163	0.	121.095	
5.11405	235.503	0.	120.015	
5.20943	235.842	0.	118.966	
5.3059	236.181	0.	117.947	
5.40347	236.521	0.	116.957	
5.50215	236.86	0.	115.996	
5.60195	237.199	0.	115.063	
5.70289	237.539	0.	114.156	
5.80497	237.878	0.	113.276	
5.90821	238.217	0.	112.421	
6.01263	238.557	0.	111.592	
6.11823	238.896	0.	110.786	
6.22502	239.235	0.	110.004	
6.33302	239.575	0.	109.245	
6.44224	239.914	0.	108.509	
6.55269	240.253	0.	107.794	
6.66439	240.593	0.	107.102	
6.77735	240.932	0.	106.43	
6.78546	240.956	0.	106.382	
6.89977	241.295	0.	108.56	
7.01533	241.635	0.	110.811	
7.13211	241.974	0.	113.14	
7.2501	242.313	0.	115.549	
7.36928	242.653	0.	118.045	
7.48962	242.992	0.	120.63	
7.6111	243.331	0.	123.31	
7.7337	243.671	0.	126.09	
7.8574	244.01	0.	128.977	
7.98217	244.349	0.	131.975	
8.10801	244.689	0.	135.092	
8.23488	245.028	0.	138.336	
8.36277	245.367	0.	141.713	
8.49164	245.707	0.	145.232	
8.62149	246.046	0.	148.904	
8.7523	246.386	0.	152.737	
8.88403	246.725	0.	156.744	
9.01666	247.064	0.	160.936	
9.15019	247.404	0.	165.327	
9.28458	247.743	0.	169.932	
9.41981	248.082	0.	174.766	
9.55587	248.422	0.	179.849	
9.69273	248.761	0.	185.199	
9.83037	249.1	0.	190.84	
9.96877	249.44	0.	196.796	
10.1079	249.779	0.	203.095	
10.2478	250.118	0.	209.768	
10.3883	250.458	0.	216.851	
10.5295	250.797	0.	224.383	
10.6714	251.136	0.	232.41	
10.8139	251.476	0.	240.982	
10.957	251.815	0.	250.159	
11.1007	252.154	0.	260.009	
11.245	252.494	0.	270.609	
11.3898	252.833	0.	282.051	
11.5352	253.172	0.	294.441	
11.681	253.512	0.	307.905	
11.8274	253.851	0.	322.589	
11.9742	254.19	0.	338.672	
12.1214	254.53	0.	356.365	
12.269	254.869	0.	375.928	
12.4171	255.208	0.	397.676	
12.5655	255.548	0.	422.003	
12.7143	255.887	0.	449.402	
12.8634	256.226	0.	480.498	
13.0128	256.566	0.	516.103	
13.1626	256.905	0.	557.282	
13.3125	257.244	0.	605.465	
13.4628	257.584	0.	662.617	
13.6132	257.923	0.	731.514	
13.7639	258.262	0.	816.211	
13.9148	258.602	0.	922.872	
14.0658	258.941	0.	1061.34	
14.217	259.28	0.	1248.39	
14.3682	259.62	0.	1515.1	
14.5196	259.959	0.	1926.21	
14.6711	260.298	0.	2642.73	
14.8226	260.638	0.	4206.69	
14.9742	260.977	0.	-1.	
15.1257	261.316	0.	-1.	
15.2773	261.656	0.	5430.67	
15.4288	261.995	0.	3078.85	
15.5803	262.334	0.	2148.13	
15.7317	262.674	0.	1649.23	
15.883	263.013	0.	1338.16	
16.0343	263.352	0.	1125.62	
16.1853	263.692	0.	971.163	
16.3362	264.031	0.	853.824	
16.487	264.37	0.	761.64	
16.6375	264.71	0.	687.293	
16.7879	265.049	0.	626.05	
16.9379	265.388	0.	574.719	
17.0878	265.728	0.	531.065	
17.2373	266.067	0.	493.479	
17.3866	266.406	0.	460.773	
17.5355	266.746	0.	432.048	
17.684	267.085	0.	406.615	
17.8322	267.424	0.	383.936	
17.98	267.764	0.	363.581	
18.1274	268.103	0.	345.209	
18.2744	268.442	0.	328.54	
18.4209	268.782	0.	313.346	
18.5669	269.121	0.	299.436	
18.7125	269.46	0.	286.653	
18.8575	269.8	0.	274.864	
19.002	270.139	0.	263.954	
19.1459	270.478	0.	253.828	
19.2893	270.818	0.	244.404	
19.432	271.157	0.	235.608	
19.5741	271.496	0.	227.38	
19.7156	271.836	0.	219.665	
19.8564	272.175	0.	212.416	
19.9965	272.514	0.	205.591	
20.1359	272.854	0.	199.154	
20.2746	273.193	0.	193.07	
20.4125	273.532	0.	187.312	
20.5497	273.872	0.	181.854	
20.6861	274.211	0.	176.672	
20.8216	274.55	0.	171.745	
20.9563	274.89	0.	167.055	
21.0902	275.229	0.	162.585	
21.2232	275.568	0.	158.319	
21.3552	275.908	0.	154.243	
21.4864	276.247	0.	150.345	
21.6166	276.586	0.	146.613	
21.7459	276.926	0.	143.036	
21.8741	277.265	0.	139.606	
22.0014	277.604	0.	136.313	
22.1276	277.944	0.	133.148	
22.2528	278.283	0.	130.105	
22.3769	278.622	0.	127.177	
22.4999	278.962	0.	124.357	
22.6219	279.301	0.	121.639	
22.7426	279.64	0.	119.018	
22.8622	279.98	0.	116.49	
22.9807	280.319	0.	114.048	
23.0979	280.658	0.	111.689	
23.214	280.998	0.	109.409	
23.3288	281.337	0.	107.204	
23.4423	281.676	0.	105.07	
23.5545	282.016	0.	103.004	
23.6655	282.355	0.	101.004	
23.7751	282.694	0.	99.0657	
23.8833	283.034	0.	97.1869	
23.9902	283.373	0.	95.3652	
24.0957	283.712	0.	93.598	
24.1998	284.052	0.	91.8832	
24.3025	284.391	0.	90.2187	
24.4037	284.73	0.	88.6025	
24.5035	285.07	0.	87.0326	
24.6017	285.409	0.	85.5074	
24.6984	285.748	0.	84.0253	
24.7936	286.088	0.	82.5845	
24.8873	286.427	0.	81.1838	
24.9793	286.766	0.	79.8215	
25.0698	287.106	0.	78.4965	
25.1586	287.445	0.	77.2075	
25.2458	287.784	0.	75.9533	
25.3313	288.124	0.	74.7327	
25.4151	288.463	0.	73.5447	
25.4972	288.802	0.	72.3883	
25.5776	289.142	0.	71.2625	
25.6563	289.481	0.	70.1664	
25.7331	289.82	0.	69.0991	
25.8082	290.16	0.	68.0598	
25.8815	290.499	0.	67.0477	
25.9529	290.838	0.	66.0621	
26.0224	291.178	0.	65.1022	
26.0901	291.517	0.	64.1673	
26.1559	291.856	0.	63.2569	
26.2198	292.196	0.	62.3702	
26.2817	292.535	0.	61.5067	
26.3417	292.875	0.	60.6659	
26.3997	293.214	0.	59.8471	
26.4556	293.553	0.	59.0499	
26.5096	293.893	0.	58.2738	
26.5615	294.232	0.	57.5182	
26.6113	294.571	0.	56.7829	
26.659	294.911	0.	56.0672	
26.7047	295.25	0.	55.3708	
26.7481	295.589	0.	54.6934	
26.7895	295.929	0.	54.0345	
26.8286	296.268	0.	53.3938	
26.8656	296.607	0.	52.7709	
26.9003	296.947	0.	52.1656	
26.9328	297.286	0.	51.5774	
26.9631	297.625	0.	51.0061	
26.991	297.965	0.	50.4514	
27.0167	298.304	0.	49.913	
27.04	298.643	0.	49.3907	
27.061	298.983	0.	48.8842	
27.0796	299.322	0.	48.3933	
27.0958	299.661	0.	47.9177	
27.1097	300.001	0.	47.4572	
27.121	300.34	0.	47.0116	
27.13	300.679	0.	46.5807	
27.1364	301.019	0.	46.1643	
27.1404	301.358	0.	45.7623	
27.1418	301.697	0.	45.3744	
27.1419	301.721	0.	45.3473	
27.1406	302.061	0.	45.7341	
27.1368	302.4	0.	46.1352	
27.1305	302.739	0.	46.5505	
27.1218	303.079	0.	46.9803	
27.1106	303.418	0.	47.4249	
27.0969	303.757	0.	47.8843	
27.0809	304.097	0.	48.3588	
27.0624	304.436	0.	48.8486	
27.0416	304.775	0.	49.354	
27.0184	305.115	0.	49.8752	
26.9929	305.454	0.	50.4124	
26.9652	305.794	0.	50.9659	
26.9351	306.133	0.	51.536	
26.9027	306.472	0.	52.123	
26.8681	306.812	0.	52.7271	
26.8313	307.151	0.	53.3487	
26.7923	307.49	0.	53.9882	
26.7512	307.83	0.	54.6457	
26.7078	308.169	0.	55.3218	
26.6624	308.508	0.	56.0168	
26.6148	308.848	0.	56.7311	
26.5651	309.187	0.	57.465	
26.5133	309.526	0.	58.2191	
26.4596	309.866	0.	58.9938	
26.4037	310.205	0.	59.7895	
26.3459	310.544	0.	60.6067	
26.2861	310.884	0.	61.4459	
26.2243	311.223	0.	62.3078	
26.1606	311.562	0.	63.1928	
26.0949	311.902	0.	64.1015	
26.0273	312.241	0.	65.0346	
25.9579	312.58	0.	65.9927	
25.8866	312.92	0.	66.9765	
25.8135	313.259	0.	67.9866	
25.7385	313.598	0.	69.024	
25.6618	313.938	0.	70.0892	
25.5833	314.277	0.	71.1832	
25.503	314.616	0.	72.3069	
25.421	314.956	0.	73.4611	
25.3373	315.295	0.	74.6468	
25.2519	315.634	0.	75.865	
25.1649	315.974	0.	77.1168	
25.0762	316.313	0.	78.4033	
24.9858	316.652	0.	79.7257	
24.8939	316.992	0.	81.0852	
24.8004	317.331	0.	82.4832	
24.7053	317.67	0.	83.921	
24.6087	318.01	0.	85.4002	
24.5105	318.349	0.	86.9222	
24.4109	318.688	0.	88.4888	
24.3098	319.028	0.	90.1017	
24.2072	319.367	0.	91.7627	
24.1032	319.706	0.	93.4738	
23.9978	320.046	0.	95.2372	
23.891	320.385	0.	97.0549	
23.7829	320.724	0.	98.9295	
23.6733	321.064	0.	100.863	
23.5625	321.403	0.	102.859	
23.4503	321.742	0.	104.92	
23.3369	322.082	0.	107.049	
23.2222	322.421	0.	109.249	
23.1063	322.76	0.	111.523	
22.9891	323.1	0.	113.877	
22.8707	323.439	0.	116.312	
22.7512	323.778	0.	118.835	
22.6305	324.118	0.	121.449	
22.5087	324.457	0.	124.16	
22.3857	324.796	0.	126.972	
22.2617	325.136	0.	129.892	
22.1366	325.475	0.	132.927	
22.0104	325.814	0.	136.082	
21.8833	326.154	0.	139.366	
21.7551	326.493	0.	142.787	
21.6259	326.832	0.	146.352	
21.4957	327.172	0.	150.073	
21.3646	327.511	0.	153.959	
21.2326	327.85	0.	158.021	
21.0997	328.19	0.	162.273	
20.9659	328.529	0.	166.729	
20.8313	328.868	0.	171.403	
20.6958	329.208	0.	176.312	
20.5595	329.547	0.	181.475	
20.4224	329.886	0.	186.913	
20.2845	330.226	0.	192.649	
20.1459	330.565	0.	198.708	
20.0065	330.904	0.	205.119	
19.8664	331.244	0.	211.915	
19.7257	331.583	0.	219.133	
19.5842	331.922	0.	226.813	
19.4422	332.262	0.	235.002	
19.2995	332.601	0.	243.755	
19.1562	332.94	0.	253.133	
19.0123	333.28	0.	263.206	
18.8678	333.619	0.	274.056	
18.7228	333.958	0.	285.78	
18.5773	334.298	0.	298.487	
18.4313	334.637	0.	312.312	
18.2849	334.976	0.	327.408	
18.1379	335.316	0.	343.965	
17.9906	335.655	0.	362.207	
17.8428	335.994	0.	382.409	
17.6946	336.334	0.	404.91	
17.5461	336.673	0.	430.129	
17.3972	337.012	0.	458.598	
17.248	337.352	0.	490.993	
17.0985	337.691	0.	528.195	
16.9487	338.03	0.	571.368	
16.7986	338.37	0.	622.086	
16.6483	338.709	0.	682.529	
16.4978	339.048	0.	755.806	
16.347	339.388	0.	846.512	
16.1961	339.727	0.	961.729	
16.045	340.066	0.	1112.98	
15.8938	340.406	0.	1320.36	
15.7425	340.745	0.	1622.3	
15.5911	341.084	0.	2102.71	
15.4396	341.424	0.	2986.45	
15.2881	341.763	0.	5149.74	
15.1365	342.102	0.	-1.	
14.985	342.442	0.	-1.	
14.8334	342.781	0.	4392.31	
14.6819	343.12	0.	2714.84	
14.5304	343.46	0.	1964.26	
14.379	343.799	0.	1538.57	
14.2278	344.138	0.	1264.3	
14.0766	344.478	0.	1072.83	
13.9256	344.817	0.	931.559	
13.7747	345.156	0.	823.011	
13.624	345.496	0.	736.982	
13.4735	345.835	0.	667.109	
13.3233	346.174	0.	609.222	
13.1733	346.514	0.	560.472	
13.0235	346.853	0.	518.845	
12.8741	347.192	0.	482.881	
12.7249	347.532	0.	451.492	
12.5761	347.871	0.	423.852	
12.4277	348.21	0.	399.323	
12.2796	348.55	0.	377.404	
12.1319	348.889	0.	357.697	
11.9847	349.228	0.	339.879	
11.8378	349.568	0.	323.689	
11.6915	349.907	0.	308.911	
11.5456	350.246	0.	295.366	
11.4002	350.586	0.	282.903	
11.2553	350.925	0.	271.398	
11.111	351.264	0.	260.74	
10.9673	351.604	0.	250.84	
10.8241	351.943	0.	241.617	
10.6816	352.283	0.	233.004	
10.5396	352.622	0.	224.94	
10.3984	352.961	0.	217.374	
10.2578	353.301	0.	210.26	
10.1179	353.64	0.	203.559	
9.97868	353.979	0.	197.234	
9.84023	354.319	0.	191.255	
9.70254	354.658	0.	185.592	
9.56562	354.997	0.	180.222	
9.4295	355.337	0.	175.121	
9.29421	355.676	0.	170.269	
9.15976	356.015	0.	165.649	
9.02617	356.355	0.	161.243	
8.89347	356.694	0.	157.037	
8.76167	357.033	0.	153.018	
8.63081	357.373	0.	149.172	
8.50089	357.712	0.	145.49	
8.37194	358.051	0.	141.959	
8.24398	358.391	0.	138.572	
8.11704	358.73	0.	135.32	
7.99113	359.069	0.	132.194	
7.86627	359.409	0.	129.187	
7.7425	359.748	0.	126.293	
7.61982	360.087	0.	123.505	
7.49826	360.427	0.	120.818	
7.37784	360.766	0.	118.226	
7.25858	361.105	0.	115.725	
7.1405	361.445	0.	113.309	
7.02363	361.784	0.	110.975	
6.90798	362.123	0.	108.718	
6.79359	362.463	0.	106.536	
6.78546	362.487	0.	106.382	
6.67242	362.826	0.	107.17	
6.56063	363.165	0.	107.984	
6.45008	363.505	0.	108.823	
6.34077	363.844	0.	109.689	
6.23266	364.183	0.	110.583	
6.12576	364.523	0.	111.505	
6.02005	364.862	0.	112.457	
5.91552	365.202	0.	113.439	
5.81214	365.541	0.	114.451	
5.70991	365.88	0.	115.496	
5.60882	366.22	0.	116.574	
5.50885	366.559	0.	117.685	
5.40998	366.898	0.	118.832	
5.31221	367.238	0.	120.015	
5.21552	367.577	0.	121.236	
5.11989	367.916	0.	122.496	
5.02532	368.256	0.	123.796	
4.93178	368.595	0.	125.137	
4.83928	368.934	0.	126.522	
4.74778	369.274	0.	127.952	
4.65728	369.613	0.	129.428	
4.56777	369.952	0.	130.953	
4.47923	370.292	0.	132.528	
4.39165	370.631	0.	134.155	
4.30501	370.97	0.	135.837	
4.21931	371.31	0.	137.575	
4.13452	371.649	0.	139.372	
4.05063	371.988	0.	141.232	
3.96764	372.328	0.	143.155	
3.88552	372.667	0.	145.146	
3.80427	373.006	0.	147.207	
3.72386	373.346	0.	149.342	
3.64429	373.685	0.	151.553	
3.56555	374.024	0.	153.846	
3.48761	374.364	0.	156.223	
3.41047	374.703	0.	158.69	
3.33411	375.042	0.	161.25	
3.25852	375.382	0.	163.909	
3.18368	375.721	0.	166.672	
3.10959	376.06	0.	169.544	
3.03622	376.4	0.	172.532	
2.96357	376.739	0.	175.642	
2.89162	377.078	0.	178.881	
2.82035	377.418	0.	182.257	
2.74976	377.757	0.	185.779	
2.67983	378.096	0.	189.454	
2.61055	378.436	0.	193.294	
2.54189	378.775	0.	197.308	
2.47386	379.114	0.	201.509	
2.40644	379.454	0.	205.908	
2.3396	379.793	0.	210.519	
2.27335	380.132	0.	215.359	
2.20766	380.472	0.	220.443	
2.14252	380.811	0.	225.79	
2.07792	381.15	0.	231.419	
2.01385	381.49	0.	237.354	
1.95028	381.829	0.	243.619	
1.88722	382.168	0.	250.242	
1.82464	382.508	0.	257.253	
1.76252	382.847	0.	264.687	
1.70087	383.186	0.	272.582	
1.63966	383.526	0.	280.983	
1.57888	383.865	0.	289.937	
1.51851	384.204	0.	299.502	
1.45855	384.544	0.	309.739	
1.39898	384.883	0.	320.724	
1.33978	385.222	0.	332.537	
1.28094	385.562	0.	345.277	
1.22245	385.901	0.	359.056	
1.1643	386.24	0.	374.005	
1.10647	386.58	0.	390.277	
1.04895	386.919	0.	408.056	
0.991721	387.258	0.	427.559	
0.934774	387.598	0.	449.049	
0.878094	387.937	0.	472.844	
0.821667	388.276	0.	499.332	
0.765481	388.616	0.	528.998	
0.709522	388.955	0.	562.447	
0.653775	389.294	0.	600.448	
0.598228	389.634	0.	643.997	
0.542867	389.973	0.	694.4	
0.487679	390.312	0.	753.411	
0.432649	390.652	0.	823.433	
0.377765	390.991	0.	907.863	
0.323013	391.33	0.	1011.65	
0.268379	391.67	0.	1142.3	
0.21385	392.009	0.	1311.78	
0.159412	392.348	0.	1540.43	
0.105051	392.688	0.	1865.73	
5.07548e-002	393.027	0.	2365.38	
-3.49099e-003	393.366	0.	3230.77	
-5.76997e-002	393.706	0.	5095.14	
-0.111885	394.045	0.	-1.	
-0.16606	394.384	0.	-1.	
-0.220239	394.724	0.	6966.19	
-0.274435	395.063	0.	3893.86	
-0.328662	395.402	0.	2702.23	
-0.382933	395.742	0.	2069.13	
-0.437262	396.081	0.	1676.46	
-0.491663	396.42	0.	1409.12	
-0.546148	396.76	0.	1215.37	
-0.600731	397.099	0.	1068.52	
-0.655427	397.438	0.	953.376	
-0.710248	397.778	0.	860.679	
-0.765208	398.117	0.	784.451	
-0.820321	398.456	0.	720.665	
-0.8756	398.796	0.	666.508	
-0.931059	399.135	0.	619.955	
-0.986711	399.474	0.	579.512	
-1.04257	399.814	0.	544.052	
-1.09865	400.153	0.	512.71	
-1.15496	400.492	0.	484.81	
-1.21152	400.832	0.	459.815	
-1.26834	401.171	0.	437.296	
-1.32544	401.51	0.	416.904	
-1.38282	401.85	0.	398.352	
-1.44051	402.189	0.	381.403	
-1.49851	402.528	0.	365.859	
-1.55684	402.868	0.	351.553	
-1.61551	403.207	0.	338.345	
-1.67454	403.546	0.	326.113	
-1.73393	403.886	0.	314.754	
-1.79371	404.225	0.	304.178	
-1.85389	404.564	0.	294.309	
-1.91448	404.904	0.	285.078	
-1.97549	405.243	0.	276.426	
-2.03693	405.582	0.	268.301	
-2.09883	405.922	0.	260.658	
-2.16119	406.261	0.	253.454	
-2.22403	406.6	0.	246.655	
-2.28736	406.94	0.	240.227	
-2.3512	407.279	0.	234.142	
-2.41555	407.618	0.	228.373	
-2.48044	407.958	0.	222.897	
-2.54587	408.297	0.	217.694	
-2.61186	408.636	0.	212.742	
-2.67842	408.976	0.	208.027	
-2.74557	409.315	0.	203.53	
-2.81332	409.654	0.	199.239	
-2.88168	409.994	0.	195.14	
-2.95066	410.333	0.	191.22	
-3.02029	410.672	0.	187.47	
-3.09058	411.012	0.	183.878	
-3.16152	411.351	0.	180.435	
-3.23315	411.691	0.	177.133	
-3.30548	412.03	0.	173.964	
-3.37851	412.369	0.	170.92	
-3.45227	412.709	0.	167.995	
-3.52676	413.048	0.	165.182	
-3.60199	413.387	0.	162.475	
-3.67799	413.727	0.	159.87	
-3.75477	414.066	0.	157.36	
-3.83233	414.405	0.	154.942	
-3.9107	414.745	0.	152.61	
-3.98989	415.084	0.	150.361	
-4.0699	415.423	0.	148.191	
-4.15076	415.763	0.	146.096	
-4.23247	416.102	0.	144.073	
-4.31506	416.441	0.	142.119	
-4.39852	416.781	0.	140.23	
-4.48289	417.12	0.	138.404	
-4.56817	417.459	0.	136.639	
-4.65437	417.799	0.	134.931	
-4.74151	418.138	0.	133.279	
-4.8296	418.477	0.	131.68	
-4.91866	418.817	0.	130.132	
-5.0087	419.156	0.	128.633	
-5.09973	419.495	0.	127.182	
-5.19176	419.835	0.	125.776	
-5.28482	420.174	0.	124.415	
-5.3789	420.513	0.	123.096	
-5.47404	420.853	0.	121.817	
-5.57023	421.192	0.	120.579	
-5.6675	421.531	0.	119.378	
-5.76586	421.871	0.	118.215	
-5.86531	422.21	0.	117.087	
-5.96588	422.549	0.	115.993	
-6.06758	422.889	0.	114.933	
-6.17042	423.228	0.	113.906	
-6.17781	423.252	0.	113.834	
-6.28188	423.591	0.	116.103	
-6.38709	423.931	0.	118.449	
-6.49342	424.27	0.	120.875	
-6.60084	424.609	0.	123.387	
-6.70934	424.949	0.	125.988	
-6.8189	425.288	0.	128.683	
-6.9295	425.628	0.	131.477	
-7.04113	425.967	0.	134.377	
-7.15375	426.306	0.	137.387	
-7.26735	426.646	0.	140.515	
-7.38192	426.985	0.	143.767	
-7.49743	427.324	0.	147.152	
-7.61386	427.664	0.	150.677	
-7.7312	428.003	0.	154.351	
-7.84942	428.342	0.	158.185	
-7.96851	428.682	0.	162.188	
-8.08844	429.021	0.	166.373	
-8.2092	429.36	0.	170.753	
-8.33077	429.7	0.	175.342	
-8.45312	430.039	0.	180.155	
-8.57625	430.378	0.	185.209	
-8.70012	430.718	0.	190.524	
-8.82472	431.057	0.	196.12	
-8.95004	431.396	0.	202.022	
-9.07604	431.736	0.	208.254	
-9.20272	432.075	0.	214.847	
-9.33005	432.414	0.	221.834	
-9.45801	432.754	0.	229.25	
-9.58659	433.093	0.	237.139	
-9.71576	433.432	0.	245.548	
-9.8455	433.772	0.	254.53	
-9.9758	434.111	0.	264.149	
-10.1066	434.45	0.	274.474	
-10.238	434.79	0.	285.589	
-10.3698	435.129	0.	297.588	
-10.5022	435.468	0.	310.585	
-10.635	435.808	0.	324.71	
-10.7682	436.147	0.	340.119	
-10.9018	436.486	0.	356.999	
-11.0359	436.826	0.	375.573	
-11.1703	437.165	0.	396.113	
-11.3051	437.504	0.	418.952	
-11.4402	437.844	0.	444.502	
-11.5757	438.183	0.	473.283	
-11.7115	438.522	0.	505.954	
-11.8475	438.862	0.	543.366	
-11.9838	439.201	0.	586.641	
-12.1204	439.54	0.	637.283	
-12.2572	439.88	0.	697.358	
-12.3942	440.219	0.	769.787	
-12.5313	440.558	0.	858.835	
-12.6687	440.898	0.	970.984	
-12.8062	441.237	0.	1116.59	
-12.9438	441.576	0.	1313.3	
-13.0815	441.916	0.	1593.78	
-13.2194	442.255	0.	2026.15	
-13.3573	442.594	0.	2779.77	
-13.4952	442.934	0.	4424.71	
-13.6332	443.273	0.	-1.	
-13.7712	443.612	0.	-1.	
-13.9092	443.952	0.	5712.1	
-14.0471	444.291	0.	3238.47	
-14.1851	444.63	0.	2259.56	
-14.3229	444.97	0.	1734.85	
-14.4607	445.309	0.	1407.7	
-14.5983	445.648	0.	1184.18	
-14.7359	445.988	0.	1021.76	
-14.8733	446.327	0.	898.382	
-15.0105	446.666	0.	801.46	
-15.1476	447.006	0.	723.298	
-15.2845	447.345	0.	658.92	
-15.4211	447.684	0.	604.967	
-15.5575	448.024	0.	559.089	
-15.6937	448.363	0.	519.593	
-15.8295	448.702	0.	485.229	
-15.9651	449.042	0.	455.053	
-16.1004	449.381	0.	428.34	
-16.2353	449.72	0.	404.522	
-16.3699	450.06	0.	383.149	
-16.5041	450.399	0.	363.862	
-16.6379	450.738	0.	346.365	
-16.7713	451.078	0.	330.419	
-16.9042	451.417	0.	315.825	
-17.0367	451.756	0.	302.415	
-17.1688	452.096	0.	290.05	
-17.3003	452.435	0.	278.61	
-17.4313	452.774	0.	267.995	
-17.5619	453.114	0.	258.116	
-17.6918	453.453	0.	248.899	
-17.8212	453.792	0.	240.278	
-17.95	454.132	0.	232.197	
-18.0782	454.471	0.	224.606	
-18.2058	454.81	0.	217.46	
-18.3327	455.15	0.	210.722	
-18.459	455.489	0.	204.355	
-18.5846	455.828	0.	198.331	
-18.7094	456.168	0.	192.621	
-18.8336	456.507	0.	187.202	
-18.957	456.846	0.	182.051	
-19.0796	457.186	0.	177.148	
-19.2015	457.525	0.	172.476	
-19.3226	457.864	0.	168.018	
-19.4428	458.204	0.	163.76	
-19.5622	458.543	0.	159.689	
-19.6808	458.882	0.	155.792	
-19.7985	459.222	0.	152.058	
-19.9153	459.561	0.	148.478	
-20.0311	459.9	0.	145.041	
-20.146	460.24	0.	141.739	
-20.26	460.579	0.	138.565	
-20.373	460.918	0.	135.51	
-20.485	461.258	0.	132.569	
-20.596	461.597	0.	129.735	
-20.706	461.936	0.	127.003	
-20.8149	462.276	0.	124.367	
-20.9227	462.615	0.	121.822	
-21.0295	462.954	0.	119.363	
-21.1351	463.294	0.	116.987	
-21.2396	463.633	0.	114.689	
-21.343	463.972	0.	112.466	
-21.4452	464.312	0.	110.314	
-21.5462	464.651	0.	108.23	
-21.646	464.99	0.	106.211	
-21.7445	465.33	0.	104.254	
-21.8419	465.669	0.	102.356	
-21.9379	466.008	0.	100.515	
-22.0327	466.348	0.	98.729	
-22.1262	466.687	0.	96.995	
-22.2183	467.026	0.	95.3112	
-22.3091	467.366	0.	93.6756	
-22.3986	467.705	0.	92.0864	
-22.4866	468.044	0.	90.5418	
-22.5733	468.384	0.	89.0402	
-22.6586	468.723	0.	87.5801	
-22.7424	469.062	0.	86.1599	
-22.8247	469.402	0.	84.7783	
-22.9056	469.741	0.	83.4339	
-22.9849	470.08	0.	82.1255	
-23.0628	470.42	0.	80.8518	
-23.1391	470.759	0.	79.6119	
-23.2139	471.098	0.	78.4045	
-23.2871	471.438	0.	77.2287	
-23.3587	471.777	0.	76.0835	
-23.4287	472.117	0.	74.9679	
-23.497	472.456	0.	73.8812	
-23.5637	472.795	0.	72.8225	
-23.6287	473.135	0.	71.7909	
-23.6921	473.474	0.	70.7858	
-23.7537	473.813	0.	69.8063	
-23.8136	474.153	0.	68.8519	
-23.8718	474.492	0.	67.9218	
-23.9281	474.831	0.	67.0155	
-23.9827	475.171	0.	66.1323	
-24.0355	475.51	0.	65.2717	
-24.0865	475.849	0.	64.4331	
-24.1356	476.189	0.	63.616	
-24.1828	476.528	0.	62.8198	
-24.2282	476.867	0.	62.0442	
-24.2717	477.207	0.	61.2887	
-24.3132	477.546	0.	60.5528	
-24.3528	477.885	0.	59.8361	
-24.3904	478.225	0.	59.1382	
-24.4261	478.564	0.	58.4588	
-24.4597	478.903	0.	57.7974	
-24.4914	479.243	0.	57.1537	
-24.5209	479.582	0.	56.5274	
-24.5485	479.921	0.	55.9181	
-24.5739	480.261	0.	55.3256	
-24.5973	480.6	0.	54.7496	
-24.6185	480.939	0.	54.1897	
-24.6376	481.279	0.	53.6457	
-24.6546	481.618	0.	53.1174	
-24.6694	481.957	0.	52.6045	
-24.6819	482.297	0.	52.1067	
-24.6923	482.636	0.	51.6238	
-24.7004	482.975	0.	51.1557	
-24.7063	483.315	0.	50.702	
-24.7099	483.654	0.	50.2627	
-24.7112	483.993	0.	49.8375	
-24.7112	484.017	0.	49.8077	
-24.7101	484.357	0.	50.2064	
-24.7066	484.696	0.	50.6184	
-24.7009	485.036	0.	51.0437	
-24.6929	485.375	0.	51.4827	
-24.6827	485.714	0.	51.9354	
-24.6703	486.054	0.	52.4021	
-24.6556	486.393	0.	52.8829	
-24.6388	486.732	0.	53.378	
-24.6198	487.072	0.	53.8876	
-24.5987	487.411	0.	54.4119	
-24.5754	487.75	0.	54.9512	
-24.55	488.09	0.	55.5056	
-24.5226	488.429	0.	56.0755	
-24.493	488.768	0.	56.661	
-24.4614	489.108	0.	57.2625	
-24.4277	489.447	0.	57.8802	
-24.3921	489.786	0.	58.5144	
-24.3544	490.126	0.	59.1654	
-24.3148	490.465	0.	59.8335	
-24.2731	490.804	0.	60.5189	
-24.2296	491.144	0.	61.2222	
-24.1841	491.483	0.	61.9435	
-24.1367	491.822	0.	62.6833	
-24.0874	492.162	0.	63.442	
-24.0362	492.501	0.	64.2199	
-23.9831	492.84	0.	65.0175	
-23.9283	493.18	0.	65.8351	
-23.8716	493.519	0.	66.6733	
-23.8131	493.858	0.	67.5326	
-23.7528	494.198	0.	68.4133	
-23.6908	494.537	0.	69.316	
-23.627	494.876	0.	70.2413	
-23.5614	495.216	0.	71.1896	
-23.4942	495.555	0.	72.1617	
-23.4253	495.894	0.	73.1581	
-23.3547	496.234	0.	74.1794	
-23.2824	496.573	0.	75.2263	
-23.2085	496.912	0.	76.2996	
-23.133	497.252	0.	77.3999	
-23.0559	497.591	0.	78.528	
-22.9772	497.93	0.	79.6847	
-22.8969	498.27	0.	80.8709	
-22.8151	498.609	0.	82.0875	
-22.7318	498.948	0.	83.3353	
-22.6469	499.288	0.	84.6154	
-22.5606	499.627	0.	85.9288	
-22.4727	499.966	0.	87.2765	
-22.3835	500.306	0.	88.6597	
-22.2927	500.645	0.	90.0797	
-22.2006	500.984	0.	91.5376	
-22.1071	501.324	0.	93.0348	
-22.0121	501.663	0.	94.5726	
-21.9158	502.002	0.	96.1527	
-21.8182	502.342	0.	97.7764	
-21.7192	502.681	0.	99.4455	
-21.619	503.02	0.	101.162	
-21.5174	503.36	0.	102.927	
-21.4146	503.699	0.	104.743	
-21.3105	504.038	0.	106.612	
-21.2051	504.378	0.	108.536	
-21.0986	504.717	0.	110.518	
-20.9908	505.056	0.	112.56	
-20.8819	505.396	0.	114.664	
-20.7718	505.735	0.	116.833	
-20.6605	506.074	0.	119.071	
-20.5481	506.414	0.	121.381	
-20.4346	506.753	0.	123.765	
-20.3201	507.092	0.	126.229	
-20.2044	507.432	0.	128.774	
-20.0877	507.771	0.	131.406	
-19.9699	508.11	0.	134.129	
-19.8511	508.45	0.	136.948	
-19.7314	508.789	0.	139.868	
-19.6106	509.128	0.	142.894	
-19.4889	509.468	0.	146.033	
-19.3662	509.807	0.	149.291	
-19.2426	510.146	0.	152.674	
-19.1181	510.486	0.	156.191	
-18.9927	510.825	0.	159.849	
-18.8664	511.164	0.	163.658	
-18.7393	511.504	0.	167.626	
-18.6114	511.843	0.	171.764	
-18.4826	512.182	0.	176.085	
-18.353	512.522	0.	180.599	
-18.2226	512.861	0.	185.322	
-18.0915	513.2	0.	190.267	
-17.9596	513.54	0.	195.451	
-17.827	513.879	0.	200.893	
-17.6937	514.218	0.	206.613	
-17.5596	514.558	0.	212.633	
-17.425	514.897	0.	218.978	
-17.2896	515.236	0.	225.675	
-17.1536	515.576	0.	232.755	
-17.017	515.915	0.	240.253	
-16.8798	516.254	0.	248.209	
-16.7421	516.594	0.	256.665	
-16.6037	516.933	0.	265.671	
-16.4648	517.272	0.	275.285	
-16.3254	517.612	0.	285.572	
-16.1855	517.951	0.	296.605	
-16.045	518.29	0.	308.47	
-15.9041	518.63	0.	321.268	
-15.7628	518.969	0.	335.114	
-15.621	519.308	0.	350.146	
-15.4788	519.648	0.	366.523	
-15.3362	519.987	0.	384.438	
-15.1932	520.326	0.	404.122	
-15.0498	520.666	0.	425.853	
-14.9061	521.005	0.	449.972	
-14.7621	521.344	0.	476.9	
-14.6178	521.684	0.	507.162	
-14.4731	522.023	0.	541.425	
-14.3282	522.362	0.	580.544	
-14.1831	522.702	0.	625.639	
-14.0377	523.041	0.	678.201	
-13.8921	523.38	0.	740.265	
-13.7463	523.72	0.	814.674	
-13.6003	524.059	0.	905.538	
-13.4541	524.398	0.	1019.02	
-13.3078	524.738	0.	1164.77	
-13.1614	525.077	0.	1358.91	
-13.0148	525.416	0.	1630.36	
-12.8682	525.756	0.	2036.89	
-12.7215	526.095	0.	2712.86	
-12.5747	526.434	0.	4059.28	
-12.4279	526.774	0.	8056.2	
-12.2811	527.113	0.	-1.	
-12.1343	527.452	0.	8314.56	
-11.9875	527.792	0.	4123.86	
-11.8407	528.131	0.	2741.57	
-11.694	528.47	0.	2053.04	
-11.5474	528.81	0.	1640.7	
-11.4008	529.149	0.	1366.09	
-11.2544	529.488	0.	1170.05	
-11.1081	529.828	0.	1023.06	
-10.9619	530.167	0.	908.735	
-10.8159	530.506	0.	817.265	
-10.6701	530.846	0.	742.407	
-10.5244	531.185	0.	680.002	
-10.379	531.525	0.	627.175	
-10.2339	531.864	0.	581.869	
-10.089	532.203	0.	542.58	
-9.94433	532.543	0.	508.178	
-9.79998	532.882	0.	477.801	
-9.65594	533.221	0.	450.777	
-9.51223	533.561	0.	426.576	
-9.36886	533.9	0.	404.775	
-9.22586	534.239	0.	385.031	
-9.08324	534.579	0.	367.064	
-8.94102	534.918	0.	350.641	
-8.79922	535.257	0.	335.57	
-8.65785	535.597	0.	321.688	
-8.51694	535.936	0.	308.859	
-8.3765	536.275	0.	296.966	
-8.23656	536.615	0.	285.908	
-8.09712	536.954	0.	275.599	
-7.95821	537.293	0.	265.965	
-7.81985	537.633	0.	256.94	
-7.68205	537.972	0.	248.468	
-7.54483	538.311	0.	240.497	
-7.40821	538.651	0.	232.985	
-7.27221	538.99	0.	225.892	
-7.13685	539.329	0.	219.184	
-7.00214	539.669	0.	212.828	
-6.86811	540.008	0.	206.799	
-6.73477	540.347	0.	201.07	
-6.60213	540.687	0.	195.619	
-6.47023	541.026	0.	190.427	
-6.33907	541.365	0.	185.474	
-6.20867	541.705	0.	180.745	
-6.07906	542.044	0.	176.224	
-5.95025	542.383	0.	171.898	
-5.82225	542.723	0.	167.754	
-5.6951	543.062	0.	163.78	
-5.5688	543.401	0.	159.967	
-5.44337	543.741	0.	156.304	
-5.31883	544.08	0.	152.783	
-5.19521	544.419	0.	149.396	
-5.07251	544.759	0.	146.134	
-5.06378	544.783	0.	145.906	
-4.94209	545.122	0.	146.716	
-4.82134	545.462	0.	147.546	
-4.70152	545.801	0.	148.396	
-4.58263	546.14	0.	149.267	
-4.46466	546.48	0.	150.16	
-4.34759	546.819	0.	151.074	
-4.23142	547.158	0.	152.01	
-4.11615	547.498	0.	152.969	
-4.00177	547.837	0.	153.951	
-3.88826	548.176	0.	154.957	
-3.77562	548.516	0.	155.988	
-3.66384	548.855	0.	157.043	
-3.55292	549.194	0.	158.123	
-3.44285	549.534	0.	159.23	
-3.33361	549.873	0.	160.363	
-3.22521	550.212	0.	161.524	
-3.11763	550.552	0.	162.712	
-3.01087	550.891	0.	163.93	
-2.90491	551.23	0.	165.177	
-2.79976	551.57	0.	166.454	
-2.6954	551.909	0.	167.762	
-2.59182	552.248	0.	169.102	
-2.48902	552.588	0.	170.476	
-2.387	552.927	0.	171.882	
-2.28573	553.266	0.	173.324	
-2.18522	553.606	0.	174.801	
-2.08545	553.945	0.	176.315	
-1.98643	554.284	0.	177.867	
-1.88813	554.624	0.	179.457	
-1.79056	554.963	0.	181.088	
-1.6937	555.302	0.	182.76	
-1.59755	555.642	0.	184.474	
-1.50211	555.981	0.	186.233	
-1.40735	556.32	0.	188.037	
-1.31328	556.66	0.	189.888	
-1.21989	556.999	0.	191.787	
-1.12716	557.338	0.	193.736	
-1.0351	557.678	0.	195.737	
-0.943695	558.017	0.	197.791	
-0.852933	558.356	0.	199.9	
-0.762809	558.696	0.	202.067	
-0.673317	559.035	0.	204.293	
-0.584447	559.374	0.	206.581	
-0.496193	559.714	0.	208.932	
-0.408546	560.053	0.	211.349	
-0.321499	560.392	0.	213.835	
-0.235044	560.732	0.	216.392	
-0.149174	561.071	0.	219.023	
-6.38802e-002	561.41	0.	221.732	
2.08445e-002	561.75	0.	224.52	
0.105008	562.089	0.	227.391	
0.188618	562.428	0.	230.35	
0.271682	562.768	0.	233.398	
0.354208	563.107	0.	236.541	
0.436204	563.446	0.	239.783	
0.517677	563.786	0.	243.127	
0.598635	564.125	0.	246.579	
0.679087	564.464	0.	250.143	
0.759038	564.804	0.	253.825	
0.838498	565.143	0.	257.629	
0.917474	565.482	0.	261.563	
0.995974	565.822	0.	265.631	
1.07401	566.161	0.	269.842	
1.15158	566.5	0.	274.202	
1.22869	566.84	0.	278.719	
1.30536	567.179	0.	283.401	
1.3816	567.518	0.	288.257	
1.4574	567.858	0.	293.296	
1.53279	568.197	0.	298.529	
1.60775	568.536	0.	303.967	
1.68231	568.876	0.	309.62	
1.75648	569.215	0.	315.503	
1.83025	569.554	0.	321.629	
1.90363	569.894	0.	328.012	
1.97665	570.233	0.	334.669	
2.04929	570.572	0.	341.618	
2.12157	570.912	0.	348.877	
2.1935	571.251	0.	356.467	
2.26509	571.59	0.	364.411	
2.33633	571.93	0.	372.734	
2.40725	572.269	0.	381.463	
2.47785	572.608	0.	390.627	
2.54813	572.948	0.	400.261	
2.61811	573.287	0.	410.399	
2.68779	573.626	0.	421.083	
2.75717	573.966	0.	432.356	
2.82628	574.305	0.	444.269	
2.89511	574.644	0.	456.876	
2.96367	574.984	0.	470.24	
3.03197	575.323	0.	484.43	
3.10002	575.662	0.	499.523	
3.16782	576.002	0.	515.609	
3.23539	576.341	0.	532.788	
3.30273	576.68	0.	551.174	
3.36984	577.02	0.	570.897	
3.43675	577.359	0.	592.11	
3.50344	577.698	0.	614.984	
3.56994	578.038	0.	639.724	
3.63625	578.377	0.	666.565	
3.70238	578.716	0.	695.785	
3.76833	579.056	0.	727.714	
3.83411	579.395	0.	762.746	
3.89974	579.734	0.	801.353	
3.96521	580.074	0.	844.112	
4.03054	580.413	0.	891.728	
4.09573	580.752	0.	945.074	
4.16079	581.092	0.	1005.25	
4.22574	581.431	0.	1073.66	
4.29056	581.77	0.	1152.1	
4.35529	582.11	0.	1242.95	
4.41991	582.449	0.	1349.42	
4.48445	582.788	0.	1475.91	
4.5489	583.128	0.	1628.62	
4.61328	583.467	0.	1816.65	
4.6776	583.806	0.	2053.86	
4.74185	584.146	0.	2362.42	
4.80605	584.485	0.	2780.21	
4.87021	584.824	0.	3377.68	
4.93433	585.164	0.	4302.43	
4.99843	585.503	0.	5924.73	
5.0625	585.842	0.	9511.61	
5.12656	586.182	0.	-1.	
5.19062	586.521	0.	-1.	
5.25468	586.86	0.	-1.	
5.31874	587.2	0.	6689.95	
5.38283	587.539	0.	4692.12	
5.44694	587.878	0.	3613.23	
5.51109	588.218	0.	2937.83	
5.57528	588.557	0.	2475.24	
5.63952	588.896	0.	2138.58	
5.70381	589.236	0.	1882.6	
5.76817	589.575	0.	1681.4	
5.8326	589.914	0.	1519.11	
5.89711	590.254	0.	1385.43	
5.96171	590.593	0.	1273.43	
6.0264	590.933	0.	1178.22	
6.0912	591.272	0.	1096.29	
6.1561	591.611	0.	1025.06	
6.22113	591.951	0.	962.548	
6.28628	592.29	0.	907.258	
6.35157	592.629	0.	858.006	
6.417	592.969	0.	813.855	
6.48257	593.308	0.	774.054	
6.54831	593.647	0.	737.992	
6.61421	593.987	0.	705.167	
6.68028	594.326	0.	675.163	
6.74653	594.665	0.	647.632	
6.81297	595.005	0.	622.281	
6.87961	595.344	0.	598.864	
6.94645	595.683	0.	577.167	
7.0135	596.023	0.	557.008	
7.08077	596.362	0.	538.231	
7.14827	596.701	0.	520.699	
7.216	597.041	0.	504.293	
7.28397	597.38	0.	488.908	
7.3522	597.719	0.	474.453	
7.42068	598.059	0.	460.847	
7.48942	598.398	0.	448.017	
7.55844	598.737	0.	435.9	
7.62774	599.077	0.	424.438	
7.69733	599.416	0.	413.58	
7.76722	599.755	0.	403.281	
7.83741	600.095	0.	393.498	
7.90791	600.434	0.	384.195	
7.97873	600.773	0.	375.337	
8.04987	601.113	0.	366.894	
8.12136	601.452	0.	358.838	
8.19318	601.791	0.	351.143	
8.26536	602.131	0.	343.786	
8.33789	602.47	0.	336.745	
8.41079	602.809	0.	330.001	
8.48406	603.149	0.	323.537	
8.55771	603.488	0.	317.335	
8.63176	603.827	0.	311.38	
8.7062	604.167	0.	305.658	
8.78104	604.506	0.	300.156	
8.85629	604.845	0.	294.863	
8.93197	605.185	0.	289.766	
9.00807	605.524	0.	284.855	
9.01353	605.548	0.	284.511	
9.09009	605.888	0.	291.975	
9.16708	606.227	0.	299.822	
9.24449	606.566	0.	308.085	
9.3223	606.906	0.	316.797	
9.4005	607.245	0.	325.995	
9.47909	607.584	0.	335.723	
9.55804	607.924	0.	346.028	
9.63736	608.263	0.	356.963	
9.71702	608.602	0.	368.588	
9.79702	608.942	0.	380.972	
9.87736	609.281	0.	394.191	
9.958	609.62	0.	408.335	
10.039	609.96	0.	423.503	
10.1202	610.299	0.	439.813	
10.2017	610.638	0.	457.4	
10.2836	610.978	0.	476.419	
10.3656	611.317	0.	497.056	
10.448	611.656	0.	519.527	
10.5305	611.996	0.	544.089	
10.6133	612.335	0.	571.05	
10.6963	612.674	0.	600.78	
10.7796	613.014	0.	633.733	
10.863	613.353	0.	670.464	
10.9466	613.692	0.	711.665	
11.0304	614.032	0.	758.208	
11.1143	614.371	0.	811.207	
11.1984	614.71	0.	872.11	
11.2827	615.05	0.	942.833	
11.3671	615.389	0.	1025.96	
11.4516	615.728	0.	1125.09	
11.5362	616.068	0.	1245.32	
11.6209	616.407	0.	1394.23	
11.7058	616.746	0.	1583.46	
11.7907	617.086	0.	1831.98	
11.8756	617.425	0.	2172.85	
11.9606	617.764	0.	2669.36	
12.0457	618.104	0.	3459.68	
12.1308	618.443	0.	4914.35	
12.2159	618.782	0.	8478.81	
12.3011	619.122	0.	-1.	
12.3862	619.461	0.	-1.	
12.4714	619.8	0.	7211.5	
12.5565	620.14	0.	4460.01	
12.6416	620.479	0.	3228.13	
12.7267	620.818	0.	2529.34	
12.8117	621.158	0.	2079.13	
12.8966	621.497	0.	1764.88	
12.9815	621.836	0.	1533.05	
13.0663	622.176	0.	1354.98	
13.151	622.515	0.	1213.9	
13.2356	622.854	0.	1099.36	
13.3201	623.194	0.	1004.51	
13.4044	623.533	0.	924.67	
13.4886	623.872	0.	856.535	
13.5727	624.212	0.	797.702	
13.6566	624.551	0.	746.385	
13.7404	624.89	0.	701.228	
13.8239	625.23	0.	661.183	
13.9073	625.569	0.	625.425	
13.9905	625.908	0.	593.3	
14.0735	626.248	0.	564.278	
14.1562	626.587	0.	537.93	
14.2387	626.926	0.	513.901	
14.321	627.266	0.	491.897	
14.403	627.605	0.	471.67	
14.4847	627.944	0.	453.013	
14.5662	628.284	0.	435.75	
14.6474	628.623	0.	419.728	
14.7283	628.962	0.	404.818	
14.8088	629.302	0.	390.907	
14.8891	629.641	0.	377.898	
14.969	629.98	0.	365.705	
15.0486	630.32	0.	354.252	
15.1278	630.659	0.	343.475	
15.2067	630.998	0.	333.315	
15.2852	631.338	0.	323.719	
15.3633	631.677	0.	314.643	
15.441	632.016	0.	306.043	
15.5183	632.356	0.	297.884	
15.5952	632.695	0.	290.132	
15.6717	633.034	0.	282.758	
15.7477	633.374	0.	275.733	
15.8233	633.713	0.	269.034	
15.8984	634.052	0.	262.639	
15.973	634.392	0.	256.526	
16.0472	634.731	0.	250.678	
16.1208	635.07	0.	245.077	
16.194	635.41	0.	239.708	
16.2667	635.749	0.	234.558	
16.3388	636.088	0.	229.612	
16.4104	636.428	0.	224.859	
16.4814	636.767	0.	220.287	
16.5519	637.106	0.	215.887	
16.6218	637.446	0.	211.648	
16.6912	637.785	0.	207.563	
16.7599	638.124	0.	203.623	
16.8281	638.464	0.	199.82	
16.8956	638.803	0.	196.147	
16.9625	639.142	0.	192.599	
17.0288	639.482	0.	189.167	
17.0945	639.821	0.	185.848	
17.1595	640.16	0.	182.635	
17.2238	640.5	0.	179.524	
17.2874	640.839	0.	176.509	
17.3504	641.178	0.	173.587	
17.4126	641.518	0.	170.753	
17.4742	641.857	0.	168.004	
17.535	642.196	0.	165.335	
17.5951	642.536	0.	162.744	
17.6545	642.875	0.	160.227	
17.7131	643.214	0.	157.781	
17.771	643.554	0.	155.403	
17.828	643.893	0.	153.091	
17.8843	644.232	0.	150.842	
17.9398	644.572	0.	148.653	
17.9945	644.911	0.	146.522	
18.0484	645.25	0.	144.447	
18.1015	645.59	0.	142.426	
18.1537	645.929	0.	140.457	
18.205	646.268	0.	138.538	
18.2555	646.608	0.	136.667	
18.3052	646.947	0.	134.843	
18.3539	647.286	0.	133.064	
18.4018	647.626	0.	131.329	
18.4487	647.965	0.	129.636	
18.4948	648.304	0.	127.983	
18.5399	648.644	0.	126.37	
18.5841	648.983	0.	124.795	
18.6273	649.322	0.	123.256	
18.6696	649.662	0.	121.754	
18.7109	650.001	0.	120.286	
18.7513	650.341	0.	118.852	
18.7906	650.68	0.	117.451	
18.829	651.019	0.	116.081	
18.8663	651.359	0.	114.742	
18.9026	651.698	0.	113.433	
18.9379	652.037	0.	112.153	
18.9722	652.377	0.	110.902	
19.0054	652.716	0.	109.678	
19.0375	653.055	0.	108.48	
19.0685	653.395	0.	107.309	
19.0985	653.734	0.	106.163	
19.1274	654.073	0.	105.042	
19.1551	654.413	0.	103.946	
19.1818	654.752	0.	102.872	
19.2073	655.091	0.	101.822	
19.2316	655.431	0.	100.794	
19.2549	655.77	0.	99.7879	
19.2769	656.109	0.	98.8033	
19.2978	656.449	0.	97.8395	
19.3175	656.788	0.	96.8961	
19.336	657.127	0.	95.9726	
19.3533	657.467	0.	95.0687	
19.3694	657.806	0.	94.1839	
19.3843	658.145	0.	93.3178	
19.3979	658.485	0.	92.4699	
19.4103	658.824	0.	91.64	
19.4214	659.163	0.	90.8277	
19.4312	659.503	0.	90.0326	
19.4398	659.842	0.	89.2543	
19.4471	660.181	0.	88.4926	
19.4531	660.521	0.	87.7472	
19.4577	660.86	0.	87.0176	
19.4611	661.199	0.	86.3038	
19.4631	661.539	0.	85.6052	
19.4637	661.878	0.	84.9218	
19.463	662.217	0.	84.2532	
19.461	662.557	0.	83.5992	
19.4575	662.896	0.	82.9595	
19.4527	663.235	0.	82.334	
19.4465	663.575	0.	81.7223	
19.4388	663.914	0.	81.1242	
19.4298	664.253	0.	80.5396	
19.4193	664.593	0.	79.9682	
19.4073	664.932	0.	79.4099	
19.3939	665.271	0.	78.8644	
19.3791	665.611	0.	78.3316	
19.3628	665.95	0.	77.8113	
19.345	666.289	0.	77.3033	
19.3436	666.314	0.	77.2674	
19.3242	666.653	0.	78.0093	
19.3033	666.992	0.	78.7683	
19.281	667.332	0.	79.5449	
19.2571	667.671	0.	80.3395	
19.2319	668.01	0.	81.1523	
19.2052	668.35	0.	81.9838	
19.1771	668.689	0.	82.8345	
19.1475	669.028	0.	83.7046	
19.1166	669.368	0.	84.5947	
19.0843	669.707	0.	85.5052	
19.0507	670.046	0.	86.4366	
19.0157	670.386	0.	87.3894	
18.9793	670.725	0.	88.3642	
18.9416	671.064	0.	89.3613	
18.9026	671.404	0.	90.3815	
18.8624	671.743	0.	91.4253	
18.8208	672.082	0.	92.4933	
18.7779	672.422	0.	93.5862	
18.7338	672.761	0.	94.7046	
18.6885	673.1	0.	95.8492	
18.6419	673.44	0.	97.0207	
18.594	673.779	0.	98.2199	
18.545	674.118	0.	99.4477	
18.4948	674.458	0.	100.705	
18.4434	674.797	0.	101.992	
18.3908	675.136	0.	103.31	
18.3371	675.476	0.	104.661	
18.2822	675.815	0.	106.044	
18.2262	676.154	0.	107.462	
18.1691	676.494	0.	108.915	
18.1109	676.833	0.	110.404	
18.0516	677.172	0.	111.93	
17.9912	677.512	0.	113.496	
17.9298	677.851	0.	115.102	
17.8672	678.19	0.	116.749	
17.8037	678.53	0.	118.439	
17.7391	678.869	0.	120.174	
17.6736	679.208	0.	121.955	
17.607	679.548	0.	123.784	
17.5394	679.887	0.	125.663	
17.4709	680.226	0.	127.594	
17.4014	680.566	0.	129.578	
17.331	680.905	0.	131.618	
17.2596	681.244	0.	133.717	
17.1873	681.584	0.	135.875	
17.1141	681.923	0.	138.097	
17.04	682.262	0.	140.385	
16.9651	682.602	0.	142.741	
16.8892	682.941	0.	145.17	
16.8125	683.28	0.	147.672	
16.735	683.62	0.	150.254	
16.6567	683.959	0.	152.917	
16.5775	684.298	0.	155.666	
16.4975	684.638	0.	158.506	
16.4167	684.977	0.	161.439	
16.3352	685.316	0.	164.472	
16.2529	685.656	0.	167.61	
16.1699	685.995	0.	170.857	
16.0861	686.334	0.	174.22	
16.0016	686.674	0.	177.705	
15.9163	687.013	0.	181.318	
15.8304	687.352	0.	185.068	
15.7438	687.692	0.	188.961	
15.6566	688.031	0.	193.007	
15.5686	688.37	0.	197.214	
15.4801	688.71	0.	201.593	
15.3909	689.049	0.	206.154	
15.301	689.388	0.	210.909	
15.2106	689.728	0.	215.871	
15.1196	690.067	0.	221.054	
15.028	690.406	0.	226.472	
14.9359	690.746	0.	232.143	
14.8431	691.085	0.	238.085	
14.7499	691.424	0.	244.318	
14.6561	691.764	0.	250.865	
14.5618	692.103	0.	257.749	
14.467	692.442	0.	264.998	
14.3718	692.782	0.	272.643	
14.276	693.121	0.	280.716	
14.1798	693.46	0.	289.256	
14.0831	693.8	0.	298.305	
13.9861	694.139	0.	307.91	
13.8885	694.478	0.	318.124	
13.7906	694.818	0.	329.009	
13.6923	695.157	0.	340.633	
13.5936	695.496	0.	353.075	
13.4945	695.836	0.	366.426	
13.3951	696.175	0.	380.789	
13.2954	696.514	0.	396.287	
13.1953	696.854	0.	413.06	
13.0949	697.193	0.	431.273	
12.9942	697.532	0.	451.122	
12.8931	697.872	0.	472.84	
12.7919	698.211	0.	496.706	
12.6903	698.55	0.	523.058	
12.5885	698.89	0.	552.306	
12.4865	699.229	0.	584.96	
12.3843	699.568	0.	621.656	
12.2818	699.908	0.	663.195	
12.1791	700.247	0.	710.611	
12.0763	700.586	0.	765.25	
11.9733	700.926	0.	828.904	
11.8701	701.265	0.	904.014	
11.7668	701.604	0.	993.986	
11.6633	701.944	0.	1103.73	
11.5597	702.283	0.	1240.57	
11.4561	702.622	0.	1416.	
11.3523	702.962	0.	1649.02	
11.2484	703.301	0.	1973.62	
11.1445	703.64	0.	2457.03	
11.0405	703.98	0.	3253.64	
10.9365	704.319	0.	4813.92	
10.8325	704.658	0.	9247.79	
10.7284	704.998	0.	-1.	
10.6244	705.337	0.	-1.	
10.5203	705.676	0.	5245.68	
10.4163	706.016	0.	3445.35	
10.3123	706.355	0.	2564.84	
10.2084	706.694	0.	2042.62	
10.1045	707.034	0.	1696.94	
10.0007	707.373	0.	1451.21	
9.89704	707.712	0.	1267.54	
9.79345	708.052	0.	1125.04	
9.68997	708.391	0.	1011.25	
9.58663	708.73	0.	918.288	
9.48342	709.07	0.	840.903	
9.38038	709.409	0.	775.477	
9.2775	709.748	0.	719.434	
9.1748	710.088	0.	670.884	
9.07231	710.427	0.	628.417	
8.97002	710.767	0.	590.952	
8.86795	711.106	0.	557.654	
8.76611	711.445	0.	527.86	
8.66453	711.785	0.	501.043	
8.56321	712.124	0.	476.776	
8.46216	712.463	0.	454.71	
8.36139	712.803	0.	434.558	
8.26093	713.142	0.	416.079	
8.16079	713.481	0.	399.071	
8.06097	713.821	0.	383.365	
7.96149	714.16	0.	368.816	
7.86236	714.499	0.	355.299	
7.7636	714.839	0.	342.708	
7.66522	715.178	0.	330.95	
7.56723	715.517	0.	319.943	
7.46965	715.857	0.	309.618	
7.37248	716.196	0.	299.913	
7.27575	716.535	0.	290.772	
7.17946	716.875	0.	282.148	
7.08363	717.214	0.	273.997	
6.98827	717.553	0.	266.282	
6.8934	717.893	0.	258.967	
6.79902	718.232	0.	252.022	
6.70516	718.571	0.	245.419	
6.61182	718.911	0.	239.134	
6.51901	719.25	0.	233.143	
6.42676	719.589	0.	227.427	
6.33506	719.929	0.	221.966	
6.24395	720.268	0.	216.745	
6.15342	720.607	0.	211.746	
6.0635	720.947	0.	206.956	
5.97419	721.286	0.	202.363	
5.88551	721.625	0.	197.954	
5.79747	721.965	0.	193.718	
5.71009	722.304	0.	189.645	
5.62338	722.643	0.	185.726	
5.53734	722.983	0.	181.952	
5.45201	723.322	0.	178.316	
5.36737	723.661	0.	174.809	
5.28346	724.001	0.	171.426	
5.20029	724.34	0.	168.159	
5.11786	724.679	0.	165.003	
5.03618	725.019	0.	161.953	
4.95529	725.358	0.	159.002	
4.87518	725.697	0.	156.147	
4.79586	726.037	0.	153.383	
4.71737	726.376	0.	150.705	
4.63969	726.715	0.	148.11	
4.56286	727.055	0.	145.594	
4.5574	727.079	0.	145.417	
4.48148	727.418	0.	145.545	
4.4064	727.758	0.	145.677	
4.33218	728.097	0.	145.813	
4.2588	728.436	0.	145.953	
4.18626	728.776	0.	146.097	
4.11457	729.115	0.	146.245	
4.04372	729.454	0.	146.397	
3.9737	729.794	0.	146.553	
3.90452	730.133	0.	146.713	
3.83618	730.472	0.	146.877	
3.76867	730.812	0.	147.045	
3.70198	731.151	0.	147.217	
3.63612	731.49	0.	147.393	
3.57109	731.83	0.	147.573	
3.50688	732.169	0.	147.757	
3.4435	732.508	0.	147.946	
3.38093	732.848	0.	148.138	
3.31918	733.187	0.	148.334	
3.25824	733.526	0.	148.535	
3.19812	733.866	0.	148.739	
3.1388	734.205	0.	148.948	
3.0803	734.544	0.	149.16	
3.0226	734.884	0.	149.377	
2.9657	735.223	0.	149.598	
2.90961	735.562	0.	149.823	
2.85431	735.902	0.	150.052	
2.79982	736.241	0.	150.286	
2.74612	736.58	0.	150.523	
2.69321	736.92	0.	150.765	
2.64109	737.259	0.	151.011	
2.58977	737.598	0.	151.261	
2.53923	737.938	0.	151.515	
2.48947	738.277	0.	151.774	
2.4405	738.616	0.	152.037	
2.39231	738.956	0.	152.304	
2.3449	739.295	0.	152.575	
2.29826	739.634	0.	152.85	
2.2524	739.974	0.	153.13	
2.20731	740.313	0.	153.414	
2.16299	740.652	0.	153.703	
2.11944	740.992	0.	153.996	
2.07666	741.331	0.	154.293	
2.03464	741.67	0.	154.594	
1.99338	742.01	0.	154.9	
1.95288	742.349	0.	155.21	
1.91314	742.688	0.	155.525	
1.87415	743.028	0.	155.844	
1.83592	743.367	0.	156.168	
1.79844	743.706	0.	156.496	
1.7617	744.046	0.	156.828	
1.72572	744.385	0.	157.165	
1.69048	744.724	0.	157.506	
1.65598	745.064	0.	157.852	
1.62222	745.403	0.	158.203	
1.5892	745.742	0.	158.558	
1.55692	746.082	0.	158.918	
1.52537	746.421	0.	159.282	
1.49455	746.76	0.	159.651	
1.46446	747.1	0.	160.024	
1.4351	747.439	0.	160.402	
1.40647	747.778	0.	160.785	
1.37856	748.118	0.	161.173	
1.35137	748.457	0.	161.565	
1.3249	748.796	0.	161.962	
1.29915	749.136	0.	162.363	
1.27412	749.475	0.	162.77	
1.24979	749.814	0.	163.181	
1.22618	750.154	0.	163.597	
1.20328	750.493	0.	164.018	
1.18108	750.832	0.	164.444	
1.15959	751.172	0.	164.875	
1.1388	751.511	0.	165.311	
1.11871	751.85	0.	165.751	
1.09932	752.19	0.	166.197	
1.08062	752.529	0.	166.647	
1.06262	752.868	0.	167.103	
1.04531	753.208	0.	167.564	
1.02869	753.547	0.	168.029	
1.01276	753.886	0.	168.5	
0.997517	754.226	0.	168.976	
0.982954	754.565	0.	169.457	
0.969072	754.904	0.	169.944	
0.95587	755.244	0.	170.435	
0.943345	755.583	0.	170.932	
0.931495	755.922	0.	171.434	
0.920317	756.262	0.	171.941	
0.909811	756.601	0.	172.454	
0.899973	756.94	0.	172.972	
0.890801	757.28	0.	173.495	
0.882294	757.619	0.	174.024	
0.874449	757.958	0.	174.559	
0.867264	758.298	0.	175.098	
0.860738	758.637	0.	175.644	
0.854867	758.976	0.	176.195	
0.84965	759.316	0.	176.751	
0.845084	759.655	0.	177.314	
0.841168	759.994	0.	177.881	
0.8379	760.334	0.	178.455	
0.835277	760.673	0.	179.034	
0.833297	761.012	0.	179.619	
0.831959	761.352	0.	180.21	
0.831259	761.691	0.	180.807	
0.831196	762.03	0.	181.41	
0.831768	762.37	0.	182.018	
0.832972	762.709	0.	182.633	
0.834807	763.048	0.	183.254	
0.837271	763.388	0.	183.88	
0.84036	763.727	0.	184.513	
0.844074	764.066	0.	185.152	
0.84841	764.406	0.	185.797	
0.853366	764.745	0.	186.449	
0.858939	765.084	0.	187.106	
0.865129	765.424	0.	187.77	
0.871932	765.763	0.	188.441	
0.879346	766.102	0.	189.117	
0.88737	766.442	0.	189.801	
0.896001	766.781	0.	190.49	
0.905237	767.12	0.	191.187	
0.915076	767.46	0.	191.89	
0.925516	767.799	0.	192.599	
0.936554	768.138	0.	193.316	
0.94819	768.478	0.	194.039	
0.960419	768.817	0.	194.769	
0.973242	769.156	0.	195.506	
0.986654	769.496	0.	196.25	
1.00066	769.835	0.	197.001	
1.01524	770.175	0.	197.758	
1.03041	770.514	0.	198.523	
1.04617	770.853	0.	199.296	
1.0625	771.193	0.	200.075	
1.07941	771.532	0.	200.862	
1.09689	771.871	0.	201.656	
1.11495	772.211	0.	202.457	
1.13358	772.55	0.	203.266	
1.15278	772.889	0.	204.083	
1.17255	773.229	0.	204.907	
1.19288	773.568	0.	205.739	
1.21377	773.907	0.	206.578	
1.23523	774.247	0.	207.426	
1.25724	774.586	0.	208.281	
1.27981	774.925	0.	209.144	
1.30293	775.265	0.	210.015	
1.32661	775.604	0.	210.895	
1.35084	775.943	0.	211.782	
1.37561	776.283	0.	212.678	
1.40093	776.622	0.	213.582	
1.42679	776.961	0.	214.495	
1.4532	777.301	0.	215.416	
1.48014	777.64	0.	216.345	
1.50763	777.979	0.	217.284	
1.53564	778.319	0.	218.231	
1.56419	778.658	0.	219.187	
1.59328	778.997	0.	220.151	
1.62289	779.337	0.	221.125	
1.65302	779.676	0.	222.108	
1.68369	780.015	0.	223.1	
1.71487	780.355	0.	224.102	
1.74658	780.694	0.	225.112	
1.7788	781.033	0.	226.133	
1.81154	781.373	0.	227.162	
1.84479	781.712	0.	228.202	
1.87856	782.051	0.	229.251	
1.91283	782.391	0.	230.31	
1.94762	782.73	0.	231.379	
1.98291	783.069	0.	232.459	
2.0187	783.409	0.	233.548	
2.05499	783.748	0.	234.648	
2.09179	784.087	0.	235.758	
2.12908	784.427	0.	236.879	
2.16686	784.766	0.	238.01	
2.20514	785.105	0.	239.152	
2.24391	785.445	0.	240.305	
2.28317	785.784	0.	241.469	
2.32291	786.123	0.	242.644	
2.36314	786.463	0.	243.831	
2.40385	786.802	0.	245.028	
2.44504	787.141	0.	246.238	
2.48671	787.481	0.	247.459	
2.52886	787.82	0.	248.692	
2.53189	787.844	0.	248.78	
2.57454	788.184	0.	254.24	
2.61766	788.523	0.	259.953	
2.66123	788.862	0.	265.937	
2.70525	789.202	0.	272.212	
2.7497	789.541	0.	278.796	
2.79459	789.88	0.	285.714	
2.83989	790.22	0.	292.99	
2.88559	790.559	0.	300.651	
2.9317	790.899	0.	308.729	
2.9782	791.238	0.	317.256	
3.02508	791.578	0.	326.27	
3.07234	791.918	0.	335.814	
3.11995	792.258	0.	345.933	
3.16792	792.597	0.	356.68	
3.21623	792.937	0.	368.113	
3.26488	793.277	0.	380.301	
3.31385	793.617	0.	393.317	
3.36314	793.957	0.	407.247	
3.41274	794.298	0.	422.191	
3.46263	794.638	0.	438.26	
3.51281	794.978	0.	455.586	
3.56328	795.319	0.	474.318	
3.61401	795.66	0.	494.633	
3.665	796.	0.	516.738	
3.71625	796.341	0.	540.878	
3.76773	796.682	0.	567.345	
3.81945	797.024	0.	596.488	
3.87139	797.365	0.	628.732	
3.92355	797.706	0.	664.595	
3.97592	798.048	0.	704.719	
4.02847	798.39	0.	749.906	
4.08122	798.732	0.	801.173	
4.13414	799.074	0.	859.829	
4.18723	799.416	0.	927.588	
4.24048	799.759	0.	1006.74	
4.29388	800.101	0.	1100.41	
4.34742	800.444	0.	1212.98	
4.4011	800.787	0.	1350.8	
4.45489	801.131	0.	1523.43	
4.5088	801.474	0.	1745.91	
4.5628	801.818	0.	2043.48	
4.61691	802.162	0.	2461.78	
4.6711	802.506	0.	3092.95	
4.72536	802.85	0.	4154.73	
4.77969	803.195	0.	6315.69	
4.83408	803.539	0.	-1.	
4.88851	803.885	0.	-1.	
4.94299	804.23	0.	-1.	
4.99749	804.575	0.	5945.12	
5.05201	804.921	0.	4014.64	
5.10655	805.267	0.	3033.46	
5.16108	805.614	0.	2439.59	
5.21561	805.96	0.	2041.55	
5.27012	806.307	0.	1756.2	
5.3246	806.654	0.	1541.64	
5.37905	807.002	0.	1374.46	
5.43346	807.35	0.	1240.53	
5.48781	807.698	0.	1130.85	
5.54209	808.046	0.	1039.37	
5.59631	808.395	0.	961.937	
5.65044	808.744	0.	895.54	
5.70448	809.093	0.	837.986	
5.75842	809.443	0.	787.625	
5.81225	809.793	0.	743.191	
5.86596	810.143	0.	703.702	
5.91955	810.494	0.	668.379	
5.97299	810.845	0.	636.599	
6.02629	811.196	0.	607.859	
6.07944	811.548	0.	581.745	
6.13242	811.9	0.	557.915	
6.18522	812.253	0.	536.086	
6.23784	812.606	0.	516.018	
6.29027	812.959	0.	497.508	
6.3425	813.312	0.	480.384	
6.39451	813.666	0.	464.499	
6.4463	814.021	0.	449.723	
6.49787	814.376	0.	435.947	
6.54919	814.731	0.	423.075	
6.60027	815.087	0.	411.021	
6.65109	815.443	0.	399.713	
6.70164	815.799	0.	389.084	
6.75191	816.156	0.	379.076	
6.8019	816.513	0.	369.638	
6.8516	816.871	0.	360.724	
6.90099	817.229	0.	352.293	
6.95006	817.588	0.	344.307	
6.99882	817.947	0.	336.735	
7.04724	818.307	0.	329.545	
7.09532	818.667	0.	322.71	
7.14306	819.027	0.	316.206	
7.19043	819.388	0.	310.011	
7.23743	819.75	0.	304.104	
7.28405	820.112	0.	298.467	
7.33029	820.474	0.	293.082	
7.37613	820.837	0.	287.934	
7.42157	821.201	0.	283.008	
7.46659	821.565	0.	278.292	
7.51118	821.929	0.	273.773	
7.55534	822.294	0.	269.44	
7.59906	822.66	0.	265.282	
7.64233	823.026	0.	261.291	
7.68513	823.392	0.	257.457	
7.72747	823.759	0.	253.772	
7.76932	824.127	0.	250.228	
7.81069	824.495	0.	246.818	
7.85155	824.864	0.	243.535	
7.89191	825.233	0.	240.373	
7.93176	825.603	0.	237.327	
7.97107	825.974	0.	234.391	
8.00985	826.345	0.	231.56	
8.04809	826.717	0.	228.829	
8.08577	827.089	0.	226.193	
8.12288	827.462	0.	223.649	
8.15943	827.835	0.	221.193	
8.19539	828.209	0.	218.82	
8.23077	828.584	0.	216.528	
8.26554	828.959	0.	214.312	
8.2997	829.335	0.	212.171	
8.33324	829.711	0.	210.101	
8.36616	830.088	0.	208.098	
8.39844	830.466	0.	206.162	
8.43007	830.844	0.	204.289	
8.46104	831.224	0.	202.476	
8.49135	831.603	0.	200.722	
8.52099	831.984	0.	199.025	
8.54994	832.365	0.	197.382	
8.5782	832.746	0.	195.792	
8.60576	833.129	0.	194.252	
8.6326	833.512	0.	192.762	
8.65873	833.895	0.	191.319	
8.68412	834.28	0.	189.923	
8.70878	834.665	0.	188.57	
8.73268	835.051	0.	187.261	
8.75583	835.437	0.	185.994	
8.77822	835.824	0.	184.767	
8.79982	836.212	0.	183.58	
8.82064	836.601	0.	182.431	
8.84067	836.99	0.	181.319	
8.85989	837.38	0.	180.242	
8.8783	837.771	0.	179.201	
8.89588	838.163	0.	178.194	
8.91264	838.555	0.	177.22	
8.92855	838.948	0.	176.279	
8.94361	839.342	0.	175.369	
8.95782	839.736	0.	174.489	
8.97115	840.132	0.	173.64	
8.98361	840.528	0.	172.819	
8.99517	840.925	0.	172.027	
9.00585	841.322	0.	171.263	
9.01561	841.721	0.	170.526	
9.02446	842.12	0.	169.816	
9.03239	842.52	0.	169.131	
9.03938	842.921	0.	168.472	
9.04543	843.323	0.	167.838	
9.05053	843.725	0.	167.228	
9.05466	844.128	0.	166.642	
9.05783	844.533	0.	166.079	
9.06001	844.938	0.	165.539	
9.06121	845.343	0.	165.021	
9.06141	845.75	0.	164.526	
9.0606	846.157	0.	164.052	
9.05877	846.566	0.	163.6	
9.05591	846.975	0.	163.168	
9.05203	847.385	0.	162.757	
9.04709	847.796	0.	162.366	
9.0411	848.208	0.	161.994	
9.03405	848.62	0.	161.643	
9.02593	849.034	0.	161.31	
9.01672	849.448	0.	160.997	
9.00642	849.864	0.	160.702	
8.99503	850.28	0.	160.425	
8.98252	850.697	0.	160.167	
8.96889	851.115	0.	159.926	
8.95414	851.534	0.	159.703	
8.93825	851.954	0.	159.498	
8.92121	852.375	0.	159.31	
8.90302	852.797	0.	159.138	
8.88366	853.219	0.	158.984	
8.86312	853.643	0.	158.846	
8.86161	853.673	0.	158.837	
8.83981	854.098	0.	157.697	
8.8168	854.524	0.	156.634	
8.79258	854.95	0.	155.643	
8.76711	855.378	0.	154.722	
8.74039	855.807	0.	153.87	
8.7124	856.236	0.	153.084	
8.68312	856.667	0.	152.362	
8.65252	857.099	0.	151.703	
8.6206	857.532	0.	151.104	
8.58734	857.967	0.	150.564	
8.55271	858.402	0.	150.081	
8.5167	858.839	0.	149.654	
8.47929	859.277	0.	149.282	
8.44047	859.717	0.	148.963	
8.40021	860.157	0.	148.697	
8.35851	860.599	0.	148.482	
8.31533	861.043	0.	148.317	
8.27066	861.488	0.	148.201	
8.22449	861.934	0.	148.134	
8.1768	862.381	0.	148.115	
8.12756	862.831	0.	148.142	
8.07677	863.281	0.	148.216	
8.0244	863.733	0.	148.335	
7.97043	864.187	0.	148.5	
7.91485	864.643	0.	148.709	
7.85765	865.099	0.	148.962	
7.79879	865.558	0.	149.259	
7.73827	866.018	0.	149.599	
7.67606	866.48	0.	149.982	
7.61216	866.944	0.	150.408	
7.54653	867.409	0.	150.876	
7.47917	867.876	0.	151.386	
7.41005	868.345	0.	151.938	
7.33916	868.816	0.	152.532	
7.26648	869.289	0.	153.168	
7.19199	869.763	0.	153.845	
7.11567	870.239	0.	154.563	
7.03751	870.718	0.	155.323	
6.95749	871.198	0.	156.125	
6.87559	871.68	0.	156.968	
6.79179	872.165	0.	157.852	
6.70607	872.651	0.	158.778	
6.61843	873.139	0.	159.745	
6.52883	873.63	0.	160.754	
6.43726	874.122	0.	161.805	
6.3437	874.617	0.	162.898	
6.24814	875.114	0.	164.033	
6.15056	875.613	0.	165.211	
6.05094	876.114	0.	166.431	
5.94926	876.617	0.	167.694	
5.8455	877.123	0.	169.	
5.73965	877.631	0.	170.35	
5.63169	878.141	0.	171.743	
5.5216	878.654	0.	173.18	
5.40936	879.169	0.	174.662	
5.29496	879.687	0.	176.188	
5.17837	880.207	0.	177.76	
5.05959	880.729	0.	179.377	
4.93858	881.254	0.	181.04	
4.81534	881.781	0.	182.749	
4.68984	882.311	0.	184.505	
4.56208	882.844	0.	186.309	
4.43202	883.379	0.	188.16	
4.29965	883.916	0.	190.059	
4.16496	884.457	0.	192.008	
4.02793	885.	0.	194.005	
3.88853	885.545	0.	196.053	
3.74676	886.094	0.	198.15	
3.60258	886.645	0.	200.299	
3.456	887.199	0.	202.5	
3.30698	887.756	0.	204.752	
3.15551	888.315	0.	207.058	
3.00157	888.878	0.	209.417	
2.84515	889.443	0.	211.83	
2.68622	890.011	0.	214.299	
2.52477	890.582	0.	216.822	
2.36078	891.156	0.	219.402	
2.19424	891.733	0.	222.039	
2.02512	892.313	0.	224.734	
1.8534	892.896	0.	227.488	
1.67908	893.483	0.	230.3	
1.50212	894.072	0.	233.173	
1.32252	894.664	0.	236.106	
1.14026	895.26	0.	239.102	
0.955312	895.858	0.	242.159	
0.767665	896.46	0.	245.281	
0.577301	897.065	0.	248.466	
0.3842	897.674	0.	251.717	
0.188347	898.285	0.	255.034	
-1.02781e-002	898.9	0.	258.417	
-0.211692	899.519	0.	261.869	
-0.415913	900.14	0.	265.39	
-0.622959	900.765	0.	268.98	
-0.832848	901.394	0.	272.642	
-1.0456	902.025	0.	276.375	
-1.26122	902.661	0.	280.181	
-1.47975	903.299	0.	284.061	
-1.70119	903.942	0.	288.016	
-1.92555	904.588	0.	292.047	
-2.15287	905.237	0.	296.155	
-2.38316	905.89	0.	300.342	
-2.61643	906.547	0.	304.608	
-2.85271	907.207	0.	308.954	
-3.092	907.871	0.	313.382	
-3.33434	908.538	0.	317.893	
-3.57973	909.21	0.	322.487	
-3.82819	909.885	0.	327.167	
-4.07975	910.564	0.	331.934	
-4.33442	911.246	0.	336.788	
-4.59221	911.933	0.	341.731	
-4.85316	912.623	0.	346.765	
-5.11726	913.318	0.	351.89	
-5.38455	914.016	0.	357.108	
-5.65503	914.718	0.	362.42	
-5.92874	915.424	0.	367.827	
-6.20568	916.134	0.	373.332	
-6.48587	916.848	0.	378.935	
-6.76933	917.566	0.	384.637	
-7.05608	918.289	0.	390.441	
-7.34613	919.015	0.	396.348	
-7.63951	919.745	0.	402.358	
-7.93624	920.48	0.	408.474	
-8.23632	921.219	0.	414.698	
-8.53978	921.961	0.	421.029	
-8.84663	922.709	0.	427.471	
-9.1569	923.46	0.	434.025	
-9.4706	924.216	0.	440.692	
-9.78775	924.976	0.	447.475	
-10.1084	925.74	0.	454.373	
-10.4325	926.509	0.	461.39	
-10.7601	927.282	0.	468.527	
-11.0912	928.059	0.	475.785	
-11.4258	928.841	0.	483.167	
-11.7641	929.628	0.	490.674	
-12.1059	930.419	0.	498.308	
-12.4512	931.214	0.	506.07	
-12.8002	932.014	0.	513.963	
-13.1528	932.819	0.	521.988	
-13.5091	933.628	0.	530.147	
-13.869	934.441	0.	538.442	
-14.2326	935.26	0.	546.875	
-14.5999	936.083	0.	555.447	
-14.971	936.911	0.	564.162	
-15.3457	937.743	0.	573.02	
-15.7242	938.581	0.	582.023	
-16.1065	939.423	0.	591.175	
-16.4926	940.27	0.	600.476	
-16.8824	941.121	0.	609.929	
-17.2761	941.978	0.	619.535	
-17.6737	942.839	0.	629.298	
-18.0751	943.706	0.	639.219	
-18.4803	944.577	0.	649.3	
-18.8895	945.453	0.	659.543	
-19.3026	946.335	0.	669.951	
-19.7196	947.221	0.	680.526	
-20.1405	948.112	0.	691.27	
-20.5655	949.009	0.	702.186	
-20.9944	949.91	0.	713.275	
-21.4273	950.817	0.	724.541	
-21.8642	951.729	0.	735.984	
-22.3052	952.646	0.	747.609	
-22.7502	953.568	0.	759.417	
-23.1993	954.495	0.	771.41	
-23.6525	955.428	0.	783.592	
-24.1098	956.366	0.	795.965	
-24.5712	957.309	0.	808.53	
-25.0367	958.258	0.	821.292	
-25.5065	959.212	0.	834.251	
-25.9804	960.171	0.	847.412	
-26.4585	961.136	0.	860.776	
-26.9408	962.106	0.	874.347	
-27.4273	963.082	0.	888.126	
-27.9182	964.063	0.	902.118	
-28.4132	965.05	0.	916.323	
-28.9126	966.042	0.	930.746	
-29.4162	967.04	0.	945.389	
-29.9242	968.044	0.	960.255	
-30.4366	969.053	0.	975.347	
-30.9533	970.068	0.	990.668	
-30.9903	970.14	0.	991.771	

