EndlessNurbs
ctrlpoints
0	-3.02077	0
0.952458	-2.64317	0
0	-2.26557	0
-0.208167	-1.88798	0
0	-1.51038	0
0.791425	-1.13279	0
0.293446	-0.755191	0
-0.0537485	-0.377596	0
0.457083	0	0
-0.528146	0.377596	0
-0.963449	0.755191	0
-0.150195	1.13279	0
0.37716	1.51038	0
-0.282657	1.88798	0
0.254856	2.26557	0
0	2.64317	0
0	2.93612	0
knots
0
0
0
0
1
2
3
4
5
6
7
8
9
10
11
12
13
14
14
14
14
#Curvature
#8.08088
#8.07783
#8.07783
#8.07029
#8.05512
#8.04544
#8.04411
#8.04152
#8.0383
#8.03625
#Length
#8.32947
#Scale
#200
