TrialReplay

Frame:	2
1.	0.	0.	0.	
0.	1.	0.	0.	
0.	0.	1.	0.	
0.	0.	0.	1.	
Dynamic:	0	

Frame:	3
1.	0.	0.	0.	
0.	1.	0.	0.	
0.	0.	1.	0.	
0.	0.	0.	1.	
Dynamic:	0	

Frame:	4
1.	0.	0.	0.	
0.	1.	0.	0.	
0.	0.	1.	0.	
0.	0.	0.	1.	
Dynamic:	0	

Frame:	5
1.	0.	0.	0.	
0.	1.	0.	0.	
0.	0.	1.	0.	
0.	0.	0.	1.	
Dynamic:	0	

Frame:	6
1.	0.	0.	0.	
0.	1.	0.	0.	
0.	0.	1.	0.	
0.	0.	0.	1.	
Dynamic:	0	

Frame:	7
1.	0.	0.	0.	
0.	1.	0.	0.	
0.	0.	1.	0.	
0.	0.	0.	1.	
Dynamic:	0	

Frame:	8
1.	0.	0.	0.	
0.	1.	0.	0.	
0.	0.	1.	0.	
0.	0.	0.	1.	
Dynamic:	0	

Frame:	9
1.	0.	0.	0.	
0.	1.	0.	0.	
0.	0.	1.	0.	
0.	0.	0.	1.	
Dynamic:	0	

Frame:	10
0.999997	2.55791e-003	0.	0.	
-2.55791e-003	0.999997	0.	0.	
0.	0.	1.	0.	
-6.25427e-003	9.04104e-002	0.	1.	
Dynamic:	0	

Frame:	11
0.999952	9.77649e-003	0.	0.	
-9.77649e-003	0.999952	0.	0.	
0.	0.	1.	0.	
-2.43112e-002	0.176751	0.	1.	
Dynamic:	0	

Frame:	12
0.999968	7.96607e-003	0.	0.	
-7.96607e-003	0.999968	0.	0.	
0.	0.	1.	0.	
-2.07407e-002	0.178315	0.	1.	
Dynamic:	0	

Frame:	13
0.999979	6.4909e-003	0.	0.	
-6.4909e-003	0.999979	0.	0.	
0.	0.	1.	0.	
-1.81024e-002	0.179575	0.	1.	
Dynamic:	0	

Frame:	14
0.999972	7.41793e-003	0.	0.	
-7.41793e-003	0.999972	0.	0.	
0.	0.	1.	0.	
-2.43687e-002	0.27126	0.	1.	
Dynamic:	0	

Frame:	15
0.999978	6.59484e-003	0.	0.	
-6.59484e-003	0.999978	0.	0.	
0.	0.	1.	0.	
-2.34293e-002	0.271936	0.	1.	
Dynamic:	0	

Frame:	16
0.999989	4.63413e-003	0.	0.	
-4.63413e-003	0.999989	0.	0.	
0.	0.	1.	0.	
-2.22336e-002	0.273473	0.	1.	
Dynamic:	0	

Frame:	17
0.999992	4.11993e-003	0.	0.	
-4.11993e-003	0.999992	0.	0.	
0.	0.	1.	0.	
-2.22156e-002	0.273854	0.	1.	
Dynamic:	0	

Frame:	18
0.999987	5.15018e-003	0.	0.	
-5.15018e-003	0.999987	0.	0.	
0.	0.	1.	0.	
-1.38804e-002	0.180877	0.	1.	
Dynamic:	0	

