Time	FPS	Frame	Crash	RB	RU	LU	LB	OC	Dither	DAngle	swAngle	OX	OY	OZ	HX	HY	HZ	HA	AccumulativeHeading(Y)	Speed	Dynamic
3.62822e-004	2756.17	1	0	1	29	29	1	14	2.8125	0.	0.941191	-2.8125	0.	0.	0.	1.	0.	0.	0.	0.	0	
0.364016	2.74988	2	0	1	29	29	1	14	2.8125	0.	0.941191	-2.8125	0.	0.	0.	1.	0.	0.	0.	0.	0	
0.408695	22.3817	3	0	1	29	29	1	14	2.8125	0.	0.941191	-2.8125	0.	0.	0.	1.	0.	0.	0.	0.	0	
0.429307	48.5153	4	0	1	29	29	1	14	2.8125	0.	0.941191	-2.8125	0.	0.	0.	1.	0.	0.	0.	0.	0	
0.446643	57.6832	5	0	1	29	29	1	14	2.8125	0.	0.941191	-2.8125	0.	0.	0.	1.	0.	0.	0.	0.	0	
0.46263	62.5516	6	0	1	29	29	1	14	2.8125	0.	0.941191	-2.8125	0.	0.	0.	1.	0.	0.	0.	0.	0	
0.47968	58.6492	7	0	1	29	29	1	14	2.8125	0.	0.941191	-2.8125	0.	0.	0.	1.	0.	0.	0.	0.	0	
0.496661	58.8901	8	0	1	29	29	1	14	2.8125	0.	0.941191	-2.8125	0.	0.	0.	1.	0.	0.	0.	0.	0	
0.512694	62.3726	9	0	1	29	29	1	14	2.8125	0.	0.941191	-2.8125	0.	0.	0.	1.	0.	0.	0.	0.	0	
0.530021	57.7113	10	0	1	29	29	1	14	2.8125	0.	0.941191	-2.8125	0.	0.	0.	1.	0.	0.	0.	0.	0	
0.547512	57.1725	11	0	1	29	29	1	14	2.8125	0.	0.941191	-2.8125	0.	0.	0.	1.	0.	0.	0.	0.	0	
0.564837	57.7224	12	0	1	29	29	1	14	2.8125	0.	0.941191	-2.8125	0.	0.	0.	1.	0.	0.	0.	0.	0	
0.581506	59.9906	13	0	1	29	29	1	14	2.8125	0.	0.941191	-2.8125	0.	0.	0.	1.	0.	0.	0.	0.	0	
0.599369	55.9804	14	0	1	29	29	1	14	2.8125	0.	0.941191	-2.8125	0.	0.	0.	1.	0.	0.	0.	0.	0	
0.616686	57.7486	15	0	1	29	29	1	14	2.8125	0.	0.941191	-2.8125	0.	0.	0.	1.	0.	0.	0.	0.	0	
0.632667	62.5728	16	0	1	29	29	1	14	2.8125	0.	0.941191	-2.8125	0.	0.	0.	1.	0.	0.	0.	0.	0	
0.650465	56.1874	17	0	1	29	29	1	14	2.8125	0.	0.941191	-2.8125	0.	0.	0.	1.	0.	0.	0.	0.	0	
0.667645	58.2051	18	0	1	29	29	1	14	2.8125	0.	0.941191	-2.8125	0.	0.	0.	1.	0.	0.	0.	0.	0	
0.684635	58.8597	19	0	1	29	29	1	14	2.8125	0.	0.941191	-2.8125	0.	0.	0.	1.	0.	0.	0.	0.	0	
0.701657	58.7459	20	0	1	29	29	1	14	2.8125	0.	0.941191	-2.8125	0.	0.	0.	1.	0.	0.	0.	0.	0	
0.718634	58.9047	21	0	1	29	29	1	14	2.8125	0.	0.941191	-2.8125	0.	0.	0.	1.	0.	0.	0.	0.	0	
0.734665	62.3784	22	0	1	29	29	1	14	2.8125	0.	0.941191	-2.8125	0.	0.	0.	1.	0.	0.	0.	0.	0	
0.756594	45.603	23	0	1	29	29	1	14	2.8125	0.	0.941191	-2.8125	0.	0.	0.	1.	0.	0.	0.	0.	0	
0.773687	58.5022	24	0	1	29	29	1	14	2.8125	0.	0.941191	-2.8125	0.	0.	0.	1.	0.	0.	0.	0.	0	
0.78991	61.6403	25	0	1	29	29	1	14	2.8125	0.	0.941191	-2.8125	0.	0.	0.	1.	0.	0.	0.	0.	0	
0.806966	58.6316	26	0	1	29	29	1	14	2.8125	0.	0.941191	-2.8125	0.	0.	0.	1.	0.	0.	0.	0.	0	
0.825793	53.1138	27	0	1	29	29	1	14	2.8125	0.	0.941191	-2.8125	0.	0.	0.	1.	0.	0.	0.	0.	0	
0.844353	53.88	28	0	1	29	29	1	14	2.8125	0.	0.941191	-2.8125	0.	0.	0.	1.	0.	0.	0.	0.	0	
0.860644	61.3845	29	0	1	29	29	1	14	2.8125	0.	0.941191	-2.8125	0.	0.	0.	1.	0.	0.	0.	0.	0	
0.877667	58.7428	30	0	1	29	29	1	14	2.8125	0.	0.941191	-2.8125	0.	0.	0.	1.	0.	0.	0.	0.	0	
0.89474	58.5725	31	0	1	29	29	1	14	2.8125	0.	0.941191	-2.8125	0.	0.	0.	1.	0.	0.	0.	0.	0	
0.911977	58.0145	32	0	1	29	29	1	14	2.8125	0.	0.941191	-2.8125	0.	0.	0.	1.	0.	0.	0.	0.	0	
0.930163	54.9871	33	0	1	29	29	1	14	2.8125	0.	0.941191	-2.8125	0.	0.	0.	1.	0.	0.	0.	0.	0	
0.946857	59.9027	34	0	1	29	29	1	14	2.8125	0.	0.941191	-2.8125	0.	0.	0.	1.	0.	0.	0.	0.	0	
0.964126	57.907	35	0	1	29	29	1	14	2.8125	0.	0.941191	-2.8125	0.	0.	0.	1.	0.	0.	0.	0.	0	
0.98253	54.3351	36	0	1	29	29	1	14	2.8125	0.	0.941191	-2.8125	0.	0.	0.	1.	0.	0.	0.	0.	0	
0.99965	58.4124	37	0	1	29	29	1	14	2.8125	0.	0.941191	-2.8125	0.	0.	0.	1.	0.	0.	0.	0.	0	
1.01641	59.6697	38	0	1	29	29	1	14	2.8125	0.	0.941191	-2.8125	0.	0.	0.	1.	0.	0.	0.	0.	0	
1.03267	61.4858	39	0	1	29	29	1	14	2.8125	0.	0.941191	-2.8125	0.	0.	0.	1.	0.	0.	0.	0.	0	
1.04964	58.932	40	0	1	29	29	1	14	2.8125	0.	0.941191	-2.8125	0.	0.	0.	1.	0.	0.	0.	0.	0	
1.06565	62.4596	41	0	1	29	29	1	14	2.8125	0.	0.941191	-2.8125	0.	0.	0.	1.	0.	0.	0.	0.	0	
1.08267	58.7668	42	0	1	29	29	1	14	2.8125	0.	0.941191	-2.8125	0.	0.	0.	1.	0.	0.	0.	0.	0	
1.09965	58.8963	43	0	1	29	29	1	14	2.8125	0.	0.941191	-2.8125	0.	0.	0.	1.	0.	0.	0.	0.	0	
1.11668	58.7116	44	0	1	29	29	1	14	2.8125	0.	0.941191	-2.8125	0.	0.	0.	1.	0.	0.	0.	0.	0	
1.13264	62.6462	45	0	1	29	29	1	14	2.8125	0.	0.941191	-2.8125	0.	0.	0.	1.	0.	0.	0.	0.	0	
1.14966	58.7657	46	0	1	29	29	1	14	2.8125	0.	0.941191	-2.8125	0.	0.	0.	1.	0.	0.	0.	0.	0	
1.16665	58.8618	47	0	1	29	29	1	14	2.8125	0.	0.941191	-2.8125	0.	0.	0.	1.	0.	0.	0.	0.	0	
1.18364	58.8388	48	0	1	29	29	1	14	2.8125	0.	0.941191	-2.8125	0.	0.	0.	1.	0.	0.	0.	0.	0	
1.20064	58.8273	49	0	1	29	29	1	14	2.8125	0.	0.941191	-2.8125	0.	0.	0.	1.	0.	0.	0.	0.	0	
1.21665	62.4525	50	0	1	29	29	1	14	2.8125	0.	0.941191	-2.8125	0.	0.	0.	1.	0.	0.	0.	0.	0	
1.23367	58.7637	51	0	1	29	29	1	14	2.8125	0.	0.941191	-2.8125	0.	0.	0.	1.	0.	0.	0.	0.	0	
1.25067	58.8325	52	0	1	29	29	1	14	2.8125	0.	0.941191	-2.8125	0.	0.	0.	1.	0.	0.	0.	0.	0	
1.26765	58.8869	53	0	1	29	29	1	14	2.8125	0.	0.941191	-2.8125	0.	0.	0.	1.	0.	0.	0.	0.	0	
1.28466	58.7814	54	0	1	29	29	1	14	2.8125	0.	0.941191	-2.8125	0.	0.	0.	1.	0.	0.	0.	0.	0	
1.30148	59.4544	55	0	1	29	29	1	14	2.8125	0.	0.941191	-2.8125	0.	0.	0.	1.	0.	0.	0.	0.	0	
1.31867	58.1806	56	0	1	29	29	1	14	2.8125	0.	0.941191	-2.8125	0.	0.	0.	1.	0.	0.	0.	0.	0	
1.33566	58.8597	57	0	1	29	29	1	14	2.8125	0.	0.941191	-2.8125	0.	0.	0.	1.	0.	0.	0.	0.	0	
1.35267	58.7783	58	0	1	29	29	1	14	2.8125	0.	0.941191	-2.8125	0.	0.	0.	1.	0.	0.	0.	0.	0	
1.36966	58.8775	59	0	1	29	29	1	14	2.8125	0.	0.941191	-2.8125	0.	0.	0.	1.	0.	0.	0.	0.	0	
1.38669	58.7043	60	0	1	29	29	1	14	2.8125	0.	0.941191	-2.8125	0.	0.	0.	1.	0.	0.	0.	0.	0	
1.40367	58.8921	61	0	1	29	29	1	14	2.8125	0.	0.941191	-2.8125	0.	0.	0.	1.	0.	0.	0.	0.	0	
1.42071	58.6794	62	0	1	29	29	1	14	2.8125	0.	0.941191	-2.8125	0.	0.	0.	1.	0.	0.	0.	0.	0	
1.43765	59.0338	63	0	1	29	29	1	14	2.8125	0.	0.941191	-2.8125	0.	0.	0.	1.	0.	0.	0.	0.	0	
1.45472	58.5808	64	0	1	29	29	1	14	2.8125	0.	0.941191	-2.8125	0.	0.	0.	1.	0.	0.	0.	0.	0	
1.47169	58.9414	65	0	1	29	29	1	14	2.8125	0.	0.941191	-2.8125	0.	0.	0.	1.	0.	0.	0.	0.	0	
1.48865	58.9487	66	0	1	29	29	1	14	2.8125	0.	0.941191	-2.8125	0.	0.	0.	1.	0.	0.	0.	0.	0	
1.50544	59.5859	67	0	1	29	29	1	14	2.8125	0.	0.941191	-2.8125	0.	0.	0.	1.	0.	0.	0.	0.	0	
1.5265	47.4705	68	0	1	29	29	1	14	2.8125	0.	0.941191	-2.8125	0.	0.	0.	1.	0.	0.	0.	0.	0	
1.5437	58.1571	69	0	1	29	29	1	14	2.8125	0.	0.941191	-2.8125	0.	0.	0.	1.	0.	0.	0.	0.	0	
1.56107	57.5689	70	0	1	29	29	1	14	2.8125	0.	0.941191	-2.8125	0.	0.	0.	1.	0.	0.	0.	0.	0	
1.57908	55.5132	71	0	1	29	29	1	14	2.8125	0.	0.941191	-2.8125	0.	0.	0.	1.	0.	0.	0.	0.	0	
1.59694	56.0097	72	0	1	29	29	1	14	2.8125	0.	1.17924	-2.8125	0.	0.	0.	1.	0.	0.	0.	0.	0	
1.61546	53.9792	73	0	1	29	29	1	14	2.8125	0.	1.17924	-2.8125	0.	0.	0.	1.	0.	0.	0.	0.	0	
1.63165	61.7656	74	0	1	29	29	1	14	2.8125	0.	1.41362	-2.8125	0.	0.	0.	1.	0.	0.	0.	0.	0	
1.64941	56.2981	75	0	1	29	29	1	14	2.8125	0.	1.88238	-2.8125	0.	0.	0.	1.	0.	0.	0.	0.	0	
1.66667	57.9628	76	0	1	29	29	1	14	2.8125	0.	2.35481	-2.8125	0.	0.	0.	1.	0.	0.	0.	0.	0	
1.68265	62.5587	77	0	1	29	29	1	14	2.8125	0.	2.82357	-2.8125	0.	0.	0.	1.	0.	0.	0.	0.	0	
1.69969	58.6773	78	0	1	29	29	1	14	2.8125	0.	3.06162	-2.8125	0.	0.	0.	1.	0.	0.	0.	0.	0	
1.7167	58.8054	79	0	1	29	29	1	14	2.8125	0.	3.53038	-2.8125	0.	0.	0.	1.	0.	0.	0.	0.	0	
1.73354	59.3894	80	0	1	29	29	1	14	2.8125	0.	4.23719	-2.8125	0.	0.	0.	1.	0.	0.	0.	0.	0	
1.75067	58.3651	81	0	1	29	29	1	14	2.8125	0.	4.70595	-2.8125	0.	0.	0.	1.	0.	0.	0.	0.	0	
1.76752	59.3617	82	0	1	29	29	1	14	2.8125	0.	5.17838	-2.8125	0.	0.	0.	1.	0.	0.	0.	0.	0	
1.78369	61.8451	83	0	1	29	29	1	14	2.8125	0.	6.11957	-2.8125	0.	0.	0.	1.	0.	0.	0.	0.	0	
1.80063	59.0233	84	0	1	29	29	1	14	2.8125	0.	6.82638	-2.8125	0.	0.	0.	1.	0.	0.	0.	0.	0	
1.81667	62.3479	85	0	1	29	29	1	14	2.8125	0.	7.29514	-2.8125	0.	0.	0.	1.	0.	0.	0.	0.	0	
1.83434	56.5885	86	0	1	29	29	1	14	2.8125	0.	8.70876	-2.8125	0.	0.	0.	1.	0.	0.	0.	0.	0	
1.85066	61.2857	87	0	1	29	29	1	14	2.8125	0.	9.17753	-2.8125	0.	0.	0.	1.	0.	0.	0.	0.	0	
1.86766	58.8127	88	0	1	29	29	1	14	2.8125	0.	10.1187	-2.8125	0.	0.	0.	1.	0.	0.	0.	0.	0	
1.88369	62.389	89	0	1	29	29	1	14	2.8125	0.	10.8255	-2.8125	0.	0.	0.	1.	0.	0.	0.	0.	0	
1.90066	58.932	90	0	1	29	29	1	14	2.8125	0.	11.2943	-2.8125	0.	0.	0.	1.	0.	0.	0.	0.	0	
1.91766	58.821	91	0	1	29	29	1	14	2.8125	0.	12.0011	-2.8125	0.	0.	0.	1.	0.	0.	0.	0.	0	
1.93466	58.8221	92	0	1	29	29	1	14	2.8125	0.	12.4735	-2.8125	0.	0.	0.	1.	0.	0.	0.	0.	0	
1.95804	42.7689	93	0	1	29	29	1	14	2.8125	0.	13.1767	-2.8125	0.	0.	0.	1.	0.	0.	0.	0.	0	
1.97466	60.1474	94	0	1	29	29	1	14	2.8125	0.	13.8835	-2.8125	0.	0.	0.	1.	0.	0.	0.	0.	0	
1.99228	56.7669	95	0	1	29	29	1	14	2.8125	0.	14.3559	-2.8125	0.	0.	0.	1.	0.	0.	0.	0.	0	
2.01318	47.849	96	0	1	29	29	1	14	2.8125	0.	14.8247	-2.8125	0.	0.	0.	1.	0.	0.	0.	0.	0	
2.03279	51.0009	97	0	1	29	29	1	14	2.81088	-5.2504	14.8247	-2.81088	1.7649e-002	0.	9.15086e-002	0.995804	0.	315.024	5.2504	3.82824	0	
2.04968	59.1931	98	0	1	29	29	1	15	2.80879	-5.2504	14.8247	-2.80879	4.03405e-002	0.	9.15086e-002	0.995804	0.	0.	5.2504	4.92203	0	
2.06666	58.9005	99	0	1	30	30	1	15	2.80671	-5.2504	14.8247	-2.80671	6.30321e-002	0.	9.15086e-002	0.995804	0.	0.	5.2504	4.92203	0	
2.08338	59.7924	100	0	1	30	30	1	15	2.80462	-5.2504	14.8247	-2.80462	8.57236e-002	0.	9.15086e-002	0.995804	0.	0.	5.2504	4.92203	0	
2.1007	57.7576	101	0	1	30	30	1	15	2.80254	-5.2504	14.8247	-2.80254	0.108415	0.	9.15086e-002	0.995804	0.	0.	5.2504	4.92203	0	
2.11812	57.3874	102	0	1	30	30	1	15	2.80045	-5.2504	14.8247	-2.80045	0.131107	0.	9.15086e-002	0.995804	0.	0.	5.2504	4.92203	0	
2.1347	60.327	103	0	1	30	30	1	15	2.79837	-5.2504	14.8247	-2.79837	0.153798	0.	9.15086e-002	0.995804	0.	0.	5.2504	4.92203	0	
2.15169	58.8681	104	0	2	30	30	2	15	2.79628	-5.2504	14.8247	-2.79628	0.17649	0.	9.15086e-002	0.995804	0.	0.	5.2504	4.92203	0	
2.16869	58.8169	105	0	2	31	31	2	16	2.79396	-5.2504	14.8247	-2.79396	0.201703	0.	9.15086e-002	0.995804	0.	0.	5.2504	5.46892	0	
2.18569	58.8012	106	0	2	31	31	2	16	2.79165	-5.2504	14.8247	-2.79165	0.226915	0.	9.15086e-002	0.995804	0.	0.	5.2504	5.46892	0	
2.20166	62.6166	107	0	2	31	31	2	16	2.78933	-5.2504	14.8247	-2.78933	0.252128	0.	9.15086e-002	0.995804	0.	0.	5.2504	5.46892	0	
2.21867	58.8023	108	0	2	31	31	2	16	2.78655	-5.2504	14.8247	-2.78655	0.282384	0.	9.15086e-002	0.995804	0.	0.	5.2504	6.5627	0	
2.23566	58.8513	109	0	2	31	31	2	16	2.78377	-5.2504	14.8247	-2.78377	0.312639	0.	9.15086e-002	0.995804	0.	0.	5.2504	6.5627	0	
2.25265	58.8817	110	0	2	31	31	2	16	2.78099	-5.2504	14.8247	-2.78099	0.342894	0.	9.15086e-002	0.995804	0.	0.	5.2504	6.5627	0	
2.26867	62.416	111	0	3	32	32	3	17	2.77821	-5.2504	14.8247	-2.77821	0.37315	0.	9.15086e-002	0.995804	0.	0.	5.2504	6.5627	0	
2.28543	59.6514	112	0	3	32	32	3	17	2.77543	-5.2504	14.8247	-2.77543	0.403405	0.	9.15086e-002	0.995804	0.	0.	5.2504	6.5627	0	
2.30268	57.9699	113	0	3	32	32	3	17	2.77265	-5.2504	14.8247	-2.77265	0.433661	0.	9.15086e-002	0.995804	0.	0.	5.2504	6.5627	0	
2.31984	58.2645	114	0	3	32	32	3	17	2.76987	-5.2504	14.8247	-2.76987	0.463916	0.	9.15086e-002	0.995804	0.	0.	5.2504	6.5627	0	
2.33669	59.3681	115	0	3	32	32	3	17	2.76709	-5.2504	14.8247	-2.76709	0.494171	0.	9.15086e-002	0.995804	0.	0.	5.2504	6.5627	0	
2.35455	55.9766	116	0	4	33	33	4	18	2.76431	-5.2504	14.8247	-2.76431	0.524427	0.	9.15086e-002	0.995804	0.	0.	5.2504	6.5627	0	
2.37167	58.4052	117	0	4	33	33	4	18	2.76153	-5.2504	14.8247	-2.76153	0.554682	0.	9.15086e-002	0.995804	0.	0.	5.2504	6.5627	0	
2.38866	58.8639	118	0	4	33	33	4	18	2.7587	-5.33341	15.0591	-2.7587	0.584934	0.	9.29513e-002	0.995671	0.	4.98062	5.33341	6.5627	0	
2.40571	58.6617	119	0	4	33	33	4	18	2.75584	-5.41772	15.2971	-2.75584	0.615181	0.	9.44162e-002	0.995533	0.	5.05844	5.41772	6.5627	0	
2.42274	58.7095	120	0	4	33	33	4	18	2.75284	-5.66675	16.0002	-2.75284	0.645415	0.	9.87423e-002	0.995113	0.	14.9419	5.66675	6.5627	0	
2.44035	56.7874	121	0	4	34	34	4	19	2.7497	-5.91708	16.7071	-2.7497	0.675636	0.	0.103089	0.994672	0.	15.0197	5.91708	6.5627	0	
2.45902	53.5785	122	0	5	34	34	5	19	2.74593	-6.58376	18.5894	-2.74593	0.708334	0.	0.114656	0.993405	0.	40.0006	6.58376	7.10959	0	
2.4776	53.8205	123	0	5	34	34	5	19	2.74192	-7.00011	19.765	-2.74192	0.741003	0.	0.121871	0.992546	0.	24.9809	7.00011	7.10959	0	
2.49509	57.1617	124	0	5	34	34	5	19	2.73757	-7.58377	21.413	-2.73757	0.77363	0.	0.131976	0.991253	0.	35.02	7.58377	7.10959	0	
2.51404	52.7837	125	0	5	35	35	5	19	2.73271	-8.50078	24.0022	-2.73271	0.806183	0.	0.147823	0.989014	0.	55.0203	8.50078	7.10959	0	
2.53277	53.3739	126	0	5	35	35	5	20	2.72751	-9.08315	25.6465	-2.72751	0.838685	0.	0.157868	0.98746	0.	34.9422	9.08315	7.10959	0	
2.55013	57.601	127	0	6	35	35	6	20	2.72194	-9.74982	27.5289	-2.72194	0.871125	0.	0.169346	0.985557	0.	40.0006	9.74982	7.10959	0	
2.56667	60.4834	128	0	6	35	35	6	20	2.71599	-10.4165	29.4113	-2.71599	0.903497	0.	0.180802	0.983519	0.	40.0006	10.4165	7.10959	0	
2.58381	58.3301	129	0	6	35	35	6	20	2.70966	-11.0832	31.2937	-2.70966	0.935798	0.	0.192234	0.981349	0.	40.0006	11.0832	7.10959	0	
2.60067	59.3298	130	0	6	36	36	6	20	2.70291	-11.8342	33.4141	-2.70291	0.968013	0.	0.20508	0.978745	0.	45.0591	11.8342	7.10959	0	
2.61829	56.7426	131	0	6	36	36	6	21	2.69565	-12.7499	35.9996	-2.69565	1.00012	0.	0.220695	0.975343	0.	54.9425	12.7499	7.10959	0	
2.63472	60.8646	132	0	6	36	36	6	21	2.68801	-13.4165	37.882	-2.68801	1.03213	0.	0.232029	0.972709	0.	40.0006	13.4165	7.10959	0	
2.65166	59.0265	133	0	7	36	36	7	21	2.68005	-14.0002	39.53	-2.68005	1.06407	0.	0.241926	0.970295	0.	35.02	14.0002	7.10959	0	
2.6687	58.6731	134	0	7	37	37	7	21	2.67107	-14.6669	41.4124	-2.67107	1.09836	0.	0.253199	0.967414	0.	40.0006	14.6669	7.65648	0	
2.68567	58.9246	135	0	7	37	37	7	21	2.66175	-15.2506	43.0604	-2.66175	1.13256	0.	0.263041	0.964785	0.	35.02	15.2506	7.65648	0	
2.70267	58.8231	136	0	7	37	37	7	22	2.65208	-15.8329	44.7047	-2.65208	1.16666	0.	0.272833	0.962061	0.	34.9422	15.8329	7.65648	0	
2.71978	58.4743	137	0	7	37	37	7	22	2.64206	-16.4166	46.3527	-2.64206	1.20066	0.	0.282619	0.959232	0.	35.02	16.4166	7.65648	0	
2.73669	59.1381	138	0	8	37	37	8	22	2.63169	-17.0003	48.0007	-2.63169	1.23456	0.	0.292376	0.956303	0.	35.02	17.0003	7.65648	0	
2.75368	58.8513	139	0	8	38	38	8	22	2.62084	-17.833	50.3519	-2.62084	1.2683	0.	0.306243	0.951953	0.	49.9619	17.833	7.65648	0	
2.76973	62.2835	140	0	8	38	38	8	22	2.60964	-18.4166	51.9999	-2.60964	1.30194	0.	0.315924	0.948784	0.	35.02	18.4166	7.65648	0	
2.78668	59.0191	141	0	8	38	38	8	23	2.59645	-19.0003	53.6479	-2.59645	1.34024	0.	0.325573	0.945517	0.	35.02	19.0003	8.75027	0	
2.80268	62.4796	142	0	9	38	38	9	23	2.58287	-19.584	55.2959	-2.58287	1.37841	0.	0.335188	0.942151	0.	35.02	19.584	8.75027	0	
2.81938	59.8919	143	0	9	39	39	9	23	2.56891	-20.1663	56.9402	-2.56891	1.41643	0.	0.344747	0.938696	0.	34.9422	20.1663	8.75027	0	
2.83673	57.641	144	0	9	39	39	9	23	2.55366	-20.75	58.5882	-2.55366	1.45668	0.	0.354291	0.935135	0.	35.02	20.75	9.29716	0	
2.85482	55.2706	145	0	9	39	39	9	24	2.538	-21.3337	60.2362	-2.538	1.49678	0.	0.363798	0.931478	0.	35.02	21.3337	9.29716	0	
2.87174	59.1044	146	0	9	40	40	9	24	2.52099	-21.916	61.8806	-2.52099	1.53906	0.	0.373247	0.927732	0.	34.9422	21.916	9.84405	0	
2.89089	52.2205	147	0	10	40	40	10	24	2.5033	-22.833	64.4697	-2.5033	1.58106	0.	0.388047	0.92164	0.	55.0203	22.833	9.84405	0	
2.90905	55.0511	148	0	10	40	40	10	24	2.48519	-23.4167	66.1177	-2.48519	1.62288	0.	0.397415	0.917639	0.	35.02	23.4167	9.84405	0	
2.92808	52.5568	149	0	10	40	40	10	25	2.46659	-24.0834	68.0001	-2.46659	1.66449	0.	0.408066	0.912953	0.	40.0006	24.0834	9.84405	0	
2.94782	50.6547	150	0	10	41	41	10	25	2.44733	-25.0004	70.5893	-2.44733	1.70579	0.	0.422624	0.906305	0.	55.0203	25.0004	9.84405	0	
2.96598	55.063	151	0	11	41	41	11	25	2.4254	-25.6671	72.4717	-2.4254	1.75143	0.	0.433141	0.901326	0.	40.0006	25.6671	10.9378	0	
2.98335	57.5909	152	0	11	41	41	11	26	2.40294	-26.3337	74.3541	-2.40294	1.79682	0.	0.443599	0.896225	0.	40.0006	26.3337	10.9378	0	
2.99967	61.2551	153	0	11	42	42	11	26	2.37995	-27.0004	76.2365	-2.37995	1.84194	0.	0.453997	0.891003	0.	40.0006	27.0004	10.9378	0	
3.01709	57.4222	154	0	12	42	42	12	26	2.35617	-28.0004	79.06	-2.35617	1.88665	0.	0.469478	0.882944	0.	60.0009	28.0004	10.9378	0	
3.03367	60.2897	155	0	12	42	42	12	26	2.33188	-28.6658	80.9387	-2.33188	1.93108	0.	0.4797	0.877433	0.	39.9228	28.6658	10.9378	0	
3.05074	58.5849	156	0	12	43	43	12	27	2.30714	-29.2495	82.5867	-2.30714	1.97526	0.	0.488613	0.8725	0.	35.02	29.2495	10.9378	0	
3.06768	59.0317	157	0	12	43	43	12	27	2.28062	-29.9162	84.4691	-2.28062	2.02135	0.	0.498732	0.866756	0.	40.0006	29.9162	11.4847	0	
3.0846	59.1297	158	0	13	43	43	13	27	2.2535	-30.6658	86.5859	-2.2535	2.06708	0.	0.51003	0.860157	0.	44.9812	30.6658	11.4847	0	
3.10168	58.5414	159	0	13	43	43	13	28	2.22585	-31.3325	88.4683	-2.22585	2.1125	0.	0.520004	0.854164	0.	40.0006	31.3325	11.4847	0	
3.11868	58.8315	160	0	13	44	44	13	28	2.19761	-32.0835	90.5887	-2.19761	2.15755	0.	0.531155	0.847275	0.	45.0591	32.0835	11.4847	0	
3.13569	58.7814	161	0	13	44	44	13	28	2.16885	-32.7502	92.4711	-2.16885	2.20226	0.	0.540977	0.841037	0.	40.0006	32.7502	11.4847	0	
3.15305	57.5919	162	0	14	44	44	14	29	2.13931	-33.7502	95.2947	-2.13931	2.24647	0.	0.555573	0.831468	0.	60.0009	33.7502	11.4847	0	
3.16978	59.786	163	0	14	45	45	14	29	2.10926	-34.4169	97.177	-2.10926	2.29034	0.	0.56521	0.824947	0.	40.0006	34.4169	11.4847	0	
3.1867	59.0907	164	0	14	45	45	14	29	2.07863	-35.1666	99.2938	-2.07863	2.3338	0.	0.575955	0.817481	0.	44.9812	35.1666	11.4847	0	
3.20377	58.5818	165	0	15	45	45	15	29	2.04751	-35.8332	101.176	-2.04751	2.37691	0.	0.585428	0.810724	0.	40.0006	35.8332	11.4847	0	
3.22069	59.1033	166	0	15	46	46	15	30	2.01588	-36.4999	103.059	-2.01588	2.41965	0.	0.594822	0.803858	0.	40.0006	36.4999	11.4847	0	
3.23674	62.3186	167	0	15	46	46	15	30	1.98382	-37.0823	104.703	-1.98382	2.46207	0.	0.602961	0.79777	0.	34.9422	37.0823	11.4847	0	
3.25368	59.0275	168	0	15	46	46	15	30	1.95127	-37.749	106.585	-1.95127	2.50411	0.	0.612203	0.790701	0.	40.0006	37.749	11.4847	0	
3.26975	62.2179	169	0	16	47	47	16	30	1.91829	-38.3326	108.233	-1.91829	2.54582	0.	0.620226	0.784423	0.	35.02	38.3326	11.4847	0	
3.28668	59.0538	170	0	16	47	47	16	31	1.88489	-38.9163	109.881	-1.88489	2.58718	0.	0.628184	0.778065	0.	35.02	38.9163	11.4847	0	
3.30371	58.7428	171	0	16	47	47	16	31	1.85107	-39.5	111.529	-1.85107	2.62821	0.	0.636078	0.771625	0.	35.02	39.5	11.4847	0	
3.32069	58.8963	172	0	16	47	47	16	31	1.81684	-40.0823	113.174	-1.81684	2.66889	0.	0.643888	0.76512	0.	34.9422	40.0823	11.4847	0	
3.33775	58.6222	173	0	17	48	48	17	32	1.78207	-40.8333	115.294	-1.78207	2.70912	0.	0.653861	0.756615	0.	45.0591	40.8333	11.4847	0	
3.35469	59.0201	174	0	17	48	48	17	32	1.7469	-41.4157	116.938	-1.7469	2.749	0.	0.661517	0.74993	0.	34.9422	41.4157	11.4847	0	
3.37169	58.8169	175	0	17	48	48	17	32	1.71138	-41.9163	118.352	-1.71138	2.78856	0.	0.668045	0.744121	0.	30.0394	41.9163	11.4847	0	
3.38871	58.7657	176	0	17	49	49	17	32	1.67557	-42.3327	119.528	-1.67557	2.82787	0.	0.673434	0.739247	0.	24.9809	42.3327	11.4847	0	
3.40571	58.8263	177	0	18	49	49	18	33	1.63965	-42.5	120.	-1.63965	2.86707	0.	0.67559	0.737277	0.	10.0391	42.5	11.4847	0	
3.42489	52.1358	178	0	18	49	49	18	33	1.60373	-42.5	120.	-1.60373	2.90627	0.	0.67559	0.737277	0.	0.	42.5	11.4847	0	
3.44714	44.9392	179	0	18	49	49	18	33	1.56781	-42.5	120.	-1.56781	2.94547	0.	0.67559	0.737277	0.	0.	42.5	11.4847	0	
3.46572	53.8082	180	0	18	50	50	18	33	1.53189	-42.5	120.	-1.53189	2.98467	0.	0.67559	0.737277	0.	0.	42.5	11.4847	0	
3.48294	58.0908	181	0	19	50	50	19	34	1.49597	-42.5	120.	-1.49597	3.02387	0.	0.67559	0.737277	0.	0.	42.5	11.4847	0	
3.49968	59.7138	182	0	19	50	50	19	34	1.46004	-42.5	120.	-1.46004	3.06307	0.	0.67559	0.737277	0.	0.	42.5	11.4847	0	
3.51724	56.9494	183	0	19	51	51	19	34	1.42412	-42.5	120.	-1.42412	3.10227	0.	0.67559	0.737277	0.	0.	42.5	11.4847	0	
3.53371	60.7385	184	0	19	51	51	19	34	1.3882	-42.5	120.	-1.3882	3.14148	0.	0.67559	0.737277	0.	0.	42.5	11.4847	0	
3.55126	56.9847	185	0	19	51	51	19	35	1.35228	-42.5	120.	-1.35228	3.18068	0.	0.67559	0.737277	0.	0.	42.5	11.4847	0	
3.56768	60.8713	186	0	20	51	51	20	35	1.31636	-42.5	120.	-1.31636	3.21988	0.	0.67559	0.737277	0.	0.	42.5	11.4847	0	
3.58472	58.697	187	0	20	52	52	20	35	1.28044	-42.5	120.	-1.28044	3.25908	0.	0.67559	0.737277	0.	0.	42.5	11.4847	0	
3.60169	58.9362	188	0	20	52	52	20	35	1.24452	-42.5	120.	-1.24452	3.29828	0.	0.67559	0.737277	0.	0.	42.5	11.4847	0	
3.61869	58.8158	189	0	20	52	52	20	36	1.2086	-42.5	120.	-1.2086	3.33748	0.	0.67559	0.737277	0.	0.	42.5	11.4847	0	
3.6357	58.7845	190	0	21	53	53	21	36	1.17267	-42.5	120.	-1.17267	3.37668	0.	0.67559	0.737277	0.	0.	42.5	11.4847	0	
3.65282	58.4196	191	0	21	53	53	21	36	1.13675	-42.5	120.	-1.13675	3.41588	0.	0.67559	0.737277	0.	0.	42.5	11.4847	0	
3.66973	59.1392	192	0	21	53	53	21	37	1.10083	-42.5	120.	-1.10083	3.45508	0.	0.67559	0.737277	0.	0.	42.5	11.4847	0	
3.68673	58.8367	193	0	21	53	53	21	37	1.06491	-42.5	120.	-1.06491	3.49429	0.	0.67559	0.737277	0.	0.	42.5	11.4847	0	
3.70372	58.8273	194	0	22	54	54	22	37	1.02899	-42.5	120.	-1.02899	3.53349	0.	0.67559	0.737277	0.	0.	42.5	11.4847	0	
3.7207	58.9037	195	0	22	54	54	22	37	0.993069	-42.5	120.	-0.993069	3.57269	0.	0.67559	0.737277	0.	0.	42.5	11.4847	0	
3.73672	62.4278	196	0	22	54	54	22	38	0.957148	-42.5	120.	-0.957148	3.61189	0.	0.67559	0.737277	0.	0.	42.5	11.4847	0	
3.75434	56.7465	197	0	22	55	55	22	38	0.921227	-42.5	120.	-0.921227	3.65109	0.	0.67559	0.737277	0.	0.	42.5	11.4847	0	
3.77209	56.3393	198	0	23	55	55	23	38	0.885305	-42.5	120.	-0.885305	3.69029	0.	0.67559	0.737277	0.	0.	42.5	11.4847	0	
3.79223	49.6481	199	0	23	55	55	23	38	0.849384	-42.5	120.	-0.849384	3.72949	0.	0.67559	0.737277	0.	0.	42.5	11.4847	0	
3.80937	58.3702	200	0	23	55	55	23	39	0.813463	-42.5	120.	-0.813463	3.76869	0.	0.67559	0.737277	0.	0.	42.5	11.4847	0	
3.82831	52.772	201	0	23	56	56	23	39	0.777542	-42.5	120.	-0.777542	3.80789	0.	0.67559	0.737277	0.	0.	42.5	11.4847	0	
3.84782	51.2637	202	0	24	56	56	24	39	0.741621	-42.5	120.	-0.741621	3.84709	0.	0.67559	0.737277	0.	0.	42.5	11.4847	0	
3.86671	52.944	203	0	24	56	56	24	39	0.7057	-42.5	120.	-0.7057	3.8863	0.	0.67559	0.737277	0.	0.	42.5	11.4847	0	
3.88369	58.8911	204	0	24	57	57	24	40	0.669779	-42.5	120.	-0.669779	3.9255	0.	0.67559	0.737277	0.	0.	42.5	11.4847	0	
3.9008	58.4536	205	0	24	57	57	24	40	0.633857	-42.5	120.	-0.633857	3.9647	0.	0.67559	0.737277	0.	0.	42.5	11.4847	0	
3.91771	59.1181	206	0	25	57	57	25	40	0.597936	-42.5	120.	-0.597936	4.0039	0.	0.67559	0.737277	0.	0.	42.5	11.4847	0	
3.93488	58.2532	207	0	25	57	57	25	41	0.562015	-42.5	120.	-0.562015	4.0431	0.	0.67559	0.737277	0.	0.	42.5	11.4847	0	
3.9517	59.4672	208	0	25	58	58	25	41	0.526094	-42.5	120.	-0.526094	4.0823	0.	0.67559	0.737277	0.	0.	42.5	11.4847	0	
3.96915	57.3021	209	0	25	58	58	25	41	0.490173	-42.5	120.	-0.490173	4.1215	0.	0.67559	0.737277	0.	0.	42.5	11.4847	0	
3.98569	60.4382	210	0	26	58	58	26	41	0.454252	-42.5	120.	-0.454252	4.1607	0.	0.67559	0.737277	0.	0.	42.5	11.4847	0	
4.00306	57.5719	211	0	26	59	59	26	42	0.418331	-42.5	120.	-0.418331	4.1999	0.	0.67559	0.737277	0.	0.	42.5	11.4847	0	
4.0197	60.0972	212	0	26	59	59	26	42	0.382409	-42.5	120.	-0.382409	4.23911	0.	0.67559	0.737277	0.	0.	42.5	11.4847	0	
4.03569	62.5315	213	0	26	59	59	26	42	0.346488	-42.5	120.	-0.346488	4.27831	0.	0.67559	0.737277	0.	0.	42.5	11.4847	0	
4.0527	58.8043	214	0	27	60	60	27	42	0.310567	-42.5	120.	-0.310567	4.31751	0.	0.67559	0.737277	0.	0.	42.5	11.4847	0	
4.06999	57.8302	215	0	27	60	60	27	43	0.274646	-42.5	120.	-0.274646	4.35671	0.	0.67559	0.737277	0.	0.	42.5	11.4847	0	
4.08671	59.8021	216	0	27	60	60	27	43	0.238725	-42.5	120.	-0.238725	4.39591	0.	0.67559	0.737277	0.	0.	42.5	11.4847	0	
4.10371	58.8482	217	0	27	60	60	27	43	0.202804	-42.5	120.	-0.202804	4.43511	0.	0.67559	0.737277	0.	0.	42.5	11.4847	0	
4.12073	58.7407	218	0	28	61	61	28	44	0.166882	-42.5	120.	-0.166882	4.47431	0.	0.67559	0.737277	0.	0.	42.5	11.4847	0	
4.1377	58.9445	219	0	28	61	61	28	44	0.130961	-42.5	120.	-0.130961	4.51351	0.	0.67559	0.737277	0.	0.	42.5	11.4847	0	
4.15474	58.6794	220	0	28	61	61	28	44	9.50402e-002	-42.5	120.	-9.50402e-002	4.55271	0.	0.67559	0.737277	0.	0.	42.5	11.4847	0	
4.17242	56.5499	221	0	28	62	62	28	44	5.9119e-002	-42.5	120.	-5.9119e-002	4.59191	0.	0.67559	0.737277	0.	0.	42.5	11.4847	0	
4.18958	58.287	222	0	29	62	62	29	45	2.31979e-002	-42.5	120.	-2.31979e-002	4.63112	0.	0.67559	0.737277	0.	0.	42.5	11.4847	0	
4.20743	56.0069	223	0	29	62	62	29	45	1.27233e-002	-42.5	120.	1.27233e-002	4.67032	0.	0.67559	0.737277	0.	0.	42.5	11.4847	0	
4.22599	53.8765	224	0	29	63	63	29	45	4.86444e-002	-42.5	120.	4.86444e-002	4.70952	0.	0.67559	0.737277	0.	0.	42.5	11.4847	0	
4.24288	59.228	225	0	30	63	63	30	46	8.45656e-002	-42.5	120.	8.45656e-002	4.74872	0.	0.67559	0.737277	0.	0.	42.5	11.4847	0	
4.25998	58.4547	226	0	30	63	63	30	46	0.120487	-42.5	120.	0.120487	4.78792	0.	0.67559	0.737277	0.	0.	42.5	11.4847	0	
4.27882	53.0968	227	0	30	63	63	30	46	0.156408	-42.5	120.	0.156408	4.82712	0.	0.67559	0.737277	0.	0.	42.5	11.4847	0	
4.29639	56.9171	228	0	30	64	64	30	46	0.192329	-42.5	120.	0.192329	4.86632	0.	0.67559	0.737277	0.	0.	42.5	11.4847	0	
4.31374	57.627	229	0	31	64	64	31	47	0.22825	-42.5	120.	0.22825	4.90552	0.	0.67559	0.737277	0.	0.	42.5	11.4847	0	
4.33263	52.9279	230	0	31	64	64	31	47	0.264171	-42.5	120.	0.264171	4.94472	0.	0.67559	0.737277	0.	0.	42.5	11.4847	0	
4.34983	58.1418	231	0	31	65	65	31	47	0.300092	-42.5	120.	0.300092	4.98393	0.	0.67559	0.737277	0.	0.	42.5	11.4847	0	
4.36731	57.21	232	0	31	65	65	31	47	0.336014	-42.5	120.	0.336014	5.02313	0.	0.67559	0.737277	0.	0.	42.5	11.4847	0	
4.3847	57.5199	233	0	32	65	65	32	48	0.371935	-42.5	120.	0.371935	5.06233	0.	0.67559	0.737277	0.	0.	42.5	11.4847	0	
4.40145	59.6815	234	0	32	66	66	32	48	0.407856	-42.5	120.	0.407856	5.10153	0.	0.67559	0.737277	0.	0.	42.5	11.4847	0	
4.4177	61.5487	235	0	32	66	66	32	48	0.443777	-42.5	120.	0.443777	5.14073	0.	0.67559	0.737277	0.	0.	42.5	11.4847	0	
4.43472	58.7407	236	0	32	66	66	32	49	0.479698	-42.5	120.	0.479698	5.17993	0.	0.67559	0.737277	0.	0.	42.5	11.4847	0	
4.4517	58.9079	237	0	33	66	66	33	49	0.515619	-42.5	120.	0.515619	5.21913	0.	0.67559	0.737277	0.	0.	42.5	11.4847	0	
4.46903	57.7073	238	0	33	67	67	33	49	0.55154	-42.5	120.	0.55154	5.25833	0.	0.67559	0.737277	0.	0.	42.5	11.4847	0	
4.4857	59.984	239	0	33	67	67	33	49	0.587462	-42.5	120.	0.587462	5.29753	0.	0.67559	0.737277	0.	0.	42.5	11.4847	0	
4.50341	56.4583	240	0	33	67	67	33	50	0.623383	-42.5	120.	0.623383	5.33673	0.	0.67559	0.737277	0.	0.	42.5	11.4847	0	
4.52076	57.641	241	0	34	68	68	34	50	0.659304	-42.5	120.	0.659304	5.37594	0.	0.67559	0.737277	0.	0.	42.5	11.4847	0	
4.54074	50.0569	242	0	34	68	68	34	50	0.695225	-42.5	120.	0.695225	5.41514	0.	0.67559	0.737277	0.	0.	42.5	11.4847	0	
4.55878	55.413	243	0	34	68	68	34	51	0.731146	-42.5	120.	0.731146	5.45434	0.	0.67559	0.737277	0.	0.	42.5	11.4847	0	
4.57595	58.2645	244	0	34	69	69	34	51	0.767067	-42.5	120.	0.767067	5.49354	0.	0.67559	0.737277	0.	0.	42.5	11.4847	0	
4.59334	57.491	245	0	35	69	69	35	51	0.802989	-42.5	120.	0.802989	5.53274	0.	0.67559	0.737277	0.	0.	42.5	11.4847	0	
4.61071	57.5859	246	0	35	69	69	35	51	0.83891	-42.5	120.	0.83891	5.57194	0.	0.67559	0.737277	0.	0.	42.5	11.4847	0	
4.63449	42.0491	247	0	35	70	70	35	52	0.874831	-42.5	120.	0.874831	5.61114	0.	0.67559	0.737277	0.	0.	42.5	11.4847	0	
4.65262	55.1418	248	0	36	70	70	36	52	0.910752	-42.5	120.	0.910752	5.65034	0.	0.67559	0.737277	0.	0.	42.5	11.4847	0	
4.6703	56.5808	249	0	36	70	70	36	52	0.946673	-42.5	120.	0.946673	5.68954	0.	0.67559	0.737277	0.	0.	42.5	11.4847	0	
4.6877	57.4511	250	0	36	70	70	36	53	0.982594	-42.5	120.	0.982594	5.72875	0.	0.67559	0.737277	0.	0.	42.5	11.4847	0	
4.70584	55.1519	251	0	36	71	71	36	53	1.01852	-42.5	120.	1.01852	5.76795	0.	0.67559	0.737277	0.	0.	42.5	11.4847	0	
4.72251	59.9808	252	0	37	71	71	37	53	1.05444	-42.5	120.	1.05444	5.80715	0.	0.67559	0.737277	0.	0.	42.5	11.4847	0	
4.74361	47.3768	253	0	37	71	71	37	53	1.09036	-42.5	120.	1.09036	5.84635	0.	0.67559	0.737277	0.	0.	42.5	11.4847	0	
4.76223	53.721	254	0	37	72	72	37	54	1.12628	-42.5	120.	1.12628	5.88555	0.	0.67559	0.737277	0.	0.	42.5	11.4847	0	
4.7805	54.7328	255	0	37	72	72	37	54	1.1622	-42.5	120.	1.1622	5.92475	0.	0.67559	0.737277	0.	0.	42.5	11.4847	0	
4.79672	61.6621	256	0	38	72	72	38	54	1.19812	-42.5	120.	1.19812	5.96395	0.	0.67559	0.737277	0.	0.	42.5	11.4847	0	
4.81471	55.5822	257	0	38	73	73	38	55	1.23404	-42.5	120.	1.23404	6.00315	0.	0.67559	0.737277	0.	0.	42.5	11.4847	0	
4.83173	58.7355	258	0	38	73	73	38	55	1.27167	-42.5	120.	1.27167	6.04422	0.	0.67559	0.737277	0.	0.	42.5	12.0316	0	
4.84854	59.5003	259	0	38	73	73	38	55	1.30931	-42.5	120.	1.30931	6.08529	0.	0.67559	0.737277	0.	0.	42.5	12.0316	0	
4.86836	50.4564	260	0	39	74	74	39	55	1.34694	-42.5	120.	1.34694	6.12636	0.	0.67559	0.737277	0.	0.	42.5	12.0316	0	
4.8866	54.8351	261	0	39	74	74	39	56	1.38457	-42.5	120.	1.38457	6.16742	0.	0.67559	0.737277	0.	0.	42.5	12.0316	0	
4.90515	53.894	262	0	39	74	74	39	56	1.4222	-42.5	120.	1.4222	6.20849	0.	0.67559	0.737277	0.	0.	42.5	12.0316	0	
4.92453	51.591	263	0	40	75	75	40	56	1.45983	-42.5	120.	1.45983	6.24956	0.	0.67559	0.737277	0.	0.	42.5	12.0316	0	
4.94496	48.9664	264	0	40	75	75	40	57	1.49746	-42.5	120.	1.49746	6.29063	0.	0.67559	0.737277	0.	0.	42.5	12.0316	0	
4.96577	48.0502	265	0	40	75	75	40	57	1.5351	-42.5	120.	1.5351	6.3317	0.	0.67559	0.737277	0.	0.	42.5	12.0316	0	
4.98271	59.037	266	0	40	76	76	40	57	1.57273	-42.5	120.	1.57273	6.37276	0.	0.67559	0.737277	0.	0.	42.5	12.0316	0	
5.00089	54.9871	267	0	41	76	76	41	58	1.61036	-42.5	120.	1.61036	6.41383	0.	0.67559	0.737277	0.	0.	42.5	12.0316	0	
5.01772	59.4235	268	0	41	76	76	41	58	1.64799	-42.5	120.	1.64799	6.4549	0.	0.67559	0.737277	0.	0.	42.5	12.0316	0	
5.03371	62.5386	269	0	41	77	77	41	58	1.68562	-42.5	120.	1.68562	6.49597	0.	0.67559	0.737277	0.	0.	42.5	12.0316	0	
5.0498	62.1759	270	0	42	77	77	42	59	1.72325	-42.5	120.	1.72325	6.53703	0.	0.67559	0.737277	0.	0.	42.5	12.0316	0	
5.0664	60.213	271	0	42	77	77	42	59	1.76089	-42.5	120.	1.76089	6.5781	0.	0.67559	0.737277	0.	0.	42.5	12.0316	0	
5.08276	61.1341	272	0	42	78	78	42	59	1.79852	-42.5	120.	1.79852	6.61917	0.	0.67559	0.737277	0.	0.	42.5	12.0316	0	
5.10074	55.6027	273	0	42	78	78	42	59	1.83615	-42.5	120.	1.83615	6.66024	0.	0.67559	0.737277	0.	0.	42.5	12.0316	0	
5.11777	58.7366	274	0	43	78	78	43	60	1.87378	-42.5	120.	1.87378	6.70131	0.	0.67559	0.737277	0.	0.	42.5	12.0316	0	
5.1353	57.0524	275	0	43	79	79	43	60	1.91141	-42.5	120.	1.91141	6.74237	0.	0.67559	0.737277	0.	0.	42.5	12.0316	0	
5.15272	57.4113	276	0	43	79	79	43	60	1.94904	-42.5	120.	1.94904	6.78344	0.	0.67559	0.737277	0.	0.	42.5	12.0316	0	
5.17021	57.1755	277	0	44	79	79	44	61	1.98668	-42.5	120.	1.98668	6.82451	0.	0.67559	0.737277	0.	0.	42.5	12.0316	0	
5.18675	60.4591	278	0	44	80	80	44	61	2.02431	-42.5	120.	2.02431	6.86558	0.	0.67559	0.737277	0.	0.	42.5	12.0316	0	
5.20401	57.9141	279	0	44	80	80	44	61	2.06194	-42.5	120.	2.06194	6.90664	0.	0.67559	0.737277	0.	0.	42.5	12.0316	0	
5.22091	59.173	280	0	44	80	80	44	62	2.09957	-42.5	120.	2.09957	6.94771	0.	0.67559	0.737277	0.	0.	42.5	12.0316	0	
5.23992	52.6027	281	0	45	81	81	45	62	2.1372	-42.5	120.	2.1372	6.98878	0.	0.67559	0.737277	0.	0.	42.5	12.0316	0	
5.26005	49.6727	282	0	45	81	81	45	62	2.17483	-42.5	120.	2.17483	7.02985	0.	0.67559	0.737277	0.	0.	42.5	12.0316	0	
5.27828	54.856	283	0	45	81	81	45	63	2.21247	-42.5	120.	2.21247	7.07092	0.	0.67559	0.737277	0.	0.	42.5	12.0316	0	
5.29862	49.1655	284	0	46	82	82	46	63	2.2501	-42.5	120.	2.2501	7.11198	0.	0.67559	0.737277	0.	0.	42.5	12.0316	0	
5.31583	58.1346	285	0	46	82	82	46	63	2.28773	-42.5	120.	2.28773	7.15305	0.	0.67559	0.737277	0.	0.	42.5	12.0316	0	
5.33271	59.21	286	0	46	82	82	46	64	2.32536	-42.5	120.	2.32536	7.19412	0.	0.67559	0.737277	0.	0.	42.5	12.0316	0	
5.35023	57.0937	287	0	46	83	83	46	64	2.36299	-42.5	120.	2.36299	7.23519	0.	0.67559	0.737277	0.	0.	42.5	12.0316	0	
5.36676	60.4967	288	0	47	83	83	47	64	2.40062	-42.5	120.	2.40062	7.27625	0.	0.67559	0.737277	0.	0.	42.5	12.0316	0	
5.38463	55.9567	289	0	47	83	83	47	64	2.43826	-42.5	120.	2.43826	7.31732	0.	0.67559	0.737277	0.	0.	42.5	12.0316	0	
5.40172	58.5249	290	0	47	84	84	47	65	2.47589	-42.5	120.	2.47589	7.35839	0.	0.67559	0.737277	0.	0.	42.5	12.0316	0	
5.41946	56.37	291	0	48	84	84	48	65	2.51352	-42.5	120.	2.51352	7.39946	0.	0.67559	0.737277	0.	0.	42.5	12.0316	0	
5.43572	61.5018	292	0	48	85	85	48	65	2.55115	-42.5	120.	2.55115	7.44052	0.	0.67559	0.737277	0.	0.	42.5	12.0316	0	
5.45347	56.3297	293	0	48	85	85	48	66	2.58878	-42.5	120.	2.58878	7.48159	0.	0.67559	0.737277	0.	0.	42.5	12.0316	0	
5.47077	57.7939	294	0	49	85	85	49	66	2.62641	-42.5	120.	2.62641	7.52266	0.	0.67559	0.737277	0.	0.	42.5	12.0316	0	
5.48784	58.5994	295	0	49	86	86	49	66	2.66405	-42.5	120.	2.66405	7.56373	0.	0.67559	0.737277	0.	0.	42.5	12.0316	0	
5.51151	42.2458	296	0	49	86	86	49	67	2.70168	-42.5	120.	2.70168	7.6048	0.	0.67559	0.737277	0.	0.	42.5	12.0316	0	
5.52982	54.6074	297	0	49	86	86	49	67	2.73931	-42.5	120.	2.73931	7.64586	0.	0.67559	0.737277	0.	0.	42.5	12.0316	0	
5.54976	50.1585	298	0	50	87	87	50	67	2.77694	-42.5	120.	2.77694	7.68693	0.	0.67559	0.737277	0.	0.	42.5	12.0316	0	
5.56573	62.619	299	0	50	87	87	50	68	2.81457	-42.5	120.	2.81457	7.728	0.	0.67559	0.737277	0.	0.	42.5	12.0316	0	
5.58404	54.5921	300	0	50	87	87	50	68	2.8522	-42.5	120.	2.8522	7.76907	0.	0.67559	0.737277	0.	0.	42.5	12.0316	0	
5.60075	59.8605	301	0	51	88	88	51	68	2.88984	-42.5	120.	2.88984	7.81013	0.	0.67559	0.737277	0.	0.	42.5	12.0316	0	
5.61894	54.9844	302	0	51	88	88	51	69	2.92747	-42.5	120.	2.92747	7.8512	0.	0.67559	0.737277	0.	0.	42.5	12.0316	0	
5.63576	59.4437	303	0	51	88	88	51	69	2.9651	-42.5	120.	2.9651	7.89227	0.	0.67559	0.737277	0.	0.	42.5	12.0316	0	
5.65293	58.243	304	0	51	89	89	51	69	3.00273	-42.5	120.	3.00273	7.93334	0.	0.67559	0.737277	0.	0.	42.5	12.0316	0	
5.66973	59.511	305	0	52	89	89	52	70	3.04036	-42.5	120.	3.04036	7.97441	0.	0.67559	0.737277	0.	0.	42.5	12.0316	0	
5.68645	59.8227	306	0	52	89	89	52	70	3.07799	-42.5	120.	3.07799	8.01547	0.	0.67559	0.737277	0.	0.	42.5	12.0316	0	
5.70275	61.3458	307	0	52	90	90	52	70	3.11563	-42.5	120.	3.11563	8.05654	0.	0.67559	0.737277	0.	0.	42.5	12.0316	0	
5.71954	59.5506	308	0	53	90	90	53	71	3.15326	-42.5	120.	3.15326	8.09761	0.	0.67559	0.737277	0.	0.	42.5	12.0316	0	
5.74003	48.8178	309	0	53	91	91	53	71	3.19089	-42.5	120.	3.19089	8.13868	0.	0.67559	0.737277	0.	0.	42.5	12.0316	0	
5.7595	51.344	310	0	53	91	91	53	71	3.22852	-42.5	120.	3.22852	8.17974	0.	0.67559	0.737277	0.	0.	42.5	12.0316	0	
5.77742	55.8238	311	0	54	91	91	54	72	3.26615	-42.5	120.	3.26615	8.22081	0.	0.67559	0.737277	0.	0.	42.5	12.0316	0	
5.79788	48.8624	312	0	54	92	92	54	72	3.30378	-42.5	120.	3.30378	8.26188	0.	0.67559	0.737277	0.	0.	42.5	12.0316	0	
5.81595	55.3611	313	0	54	92	92	54	72	3.34142	-42.5	120.	3.34142	8.30295	0.	0.67559	0.737277	0.	0.	42.5	12.0316	0	
5.83272	59.5977	314	0	54	92	92	54	73	3.37905	-42.5	120.	3.37905	8.34402	0.	0.67559	0.737277	0.	0.	42.5	12.0316	0	
5.85106	54.5363	315	0	55	93	93	55	73	3.41668	-42.5	120.	3.41668	8.38508	0.	0.67559	0.737277	0.	0.	42.5	12.0316	0	
5.86772	60.0156	316	0	55	93	93	55	73	3.45431	-42.5	120.	3.45431	8.42615	0.	0.67559	0.737277	0.	0.	42.5	12.0316	0	
5.88666	52.8081	317	0	55	93	93	55	74	3.49194	-42.5	120.	3.49194	8.46722	0.	0.67559	0.737277	0.	0.	42.5	12.0316	0	
5.90274	62.2016	318	0	56	94	94	56	74	3.52957	-42.5	120.	3.52957	8.50829	0.	0.67559	0.737277	0.	0.	42.5	12.0316	0	
5.92208	51.6909	319	0	56	94	94	56	74	3.56721	-42.5	120.	3.56721	8.54935	0.	0.67559	0.737277	0.	0.	42.5	12.0316	0	
5.9411	52.5843	320	0	56	95	95	56	75	3.60484	-42.5	120.	3.60484	8.59042	0.	0.67559	0.737277	0.	0.	42.5	12.0316	0	
5.96015	52.491	321	0	57	95	95	57	75	3.64247	-42.5	120.	3.64247	8.63149	0.	0.67559	0.737277	0.	0.	42.5	12.0316	0	
5.98094	48.1088	322	0	57	95	95	57	75	3.6801	-42.5	120.	3.6801	8.67256	0.	0.67559	0.737277	0.	0.	42.5	12.0316	0	
5.99953	53.7943	323	0	57	96	96	57	76	3.71773	-42.5	120.	3.71773	8.71363	0.	0.67559	0.737277	0.	0.	42.5	12.0316	0	
6.01573	61.7195	324	0	58	96	96	58	76	3.75536	-42.5	120.	3.75536	8.75469	0.	0.67559	0.737277	0.	0.	42.5	12.0316	0	
6.03392	54.9689	325	0	58	96	96	58	76	3.793	-42.5	120.	3.793	8.79576	0.	0.67559	0.737277	0.	0.	42.5	12.0316	0	
6.05073	59.5025	326	0	58	97	97	58	77	3.83063	-42.5	120.	3.83063	8.83683	0.	0.67559	0.737277	0.	0.	42.5	12.0316	0	
6.07118	48.884	327	0	58	97	97	58	77	3.86826	-42.5	120.	3.86826	8.8779	0.	0.67559	0.737277	0.	0.	42.5	12.0316	0	
6.08776	60.3106	328	0	59	97	97	59	77	3.90589	-42.5	120.	3.90589	8.91896	0.	0.67559	0.737277	0.	0.	42.5	12.0316	0	
6.10618	54.3128	329	0	59	98	98	59	78	3.94352	-42.5	120.	3.94352	8.96003	0.	0.67559	0.737277	0.	0.	42.5	12.0316	0	
6.12665	48.8537	330	0	59	98	98	59	78	3.98116	-42.5	120.	3.98116	9.0011	0.	0.67559	0.737277	0.	0.	42.5	12.0316	0	
6.14552	52.9753	331	0	60	99	99	60	78	4.01879	-42.5	120.	4.01879	9.04217	0.	0.67559	0.737277	0.	0.	42.5	12.0316	0	
6.16605	48.7079	332	0	60	99	99	60	79	4.05642	-42.5	120.	4.05642	9.08324	0.	0.67559	0.737277	0.	0.	42.5	12.0316	0	
6.18275	59.893	333	0	60	99	99	60	79	4.09405	-42.5	120.	4.09405	9.1243	0.	0.67559	0.737277	0.	0.	42.5	12.0316	0	
6.20096	54.9024	334	0	61	100	100	61	79	4.13168	-42.5	120.	4.13168	9.16537	0.	0.67559	0.737277	0.	0.	42.5	12.0316	0	
6.21776	59.5239	335	0	61	100	100	61	80	4.16931	-42.5	120.	4.16931	9.20644	0.	0.67559	0.737277	0.	0.	42.5	12.0316	0	
6.23594	55.0264	336	0	61	100	100	61	80	4.20695	-42.5	120.	4.20695	9.24751	0.	0.67559	0.737277	0.	0.	42.5	12.0316	0	
6.25276	59.4384	337	0	62	101	101	62	80	4.24458	-42.5	120.	4.24458	9.28857	0.	0.67559	0.737277	0.	0.	42.5	12.0316	0	
6.27032	56.9484	338	0	62	101	101	62	81	4.28221	-42.5	120.	4.28221	9.32964	0.	0.67559	0.737277	0.	0.	42.5	12.0316	0	
6.28674	60.897	339	0	62	102	102	62	81	4.31984	-42.5	120.	4.31984	9.37071	0.	0.67559	0.737277	0.	0.	42.5	12.0316	0	
6.30571	52.7191	340	0	63	102	102	63	81	4.35747	-42.5	120.	4.35747	9.41178	0.	0.67559	0.737277	0.	0.	42.5	12.0316	0	
6.32402	54.6281	341	0	63	102	102	63	82	4.3951	-42.5	120.	4.3951	9.45285	0.	0.67559	0.737277	0.	0.	42.5	12.0316	0	
6.34489	47.9147	342	0	63	103	103	63	82	4.43274	-42.5	120.	4.43274	9.49391	0.	0.67559	0.737277	0.	0.	42.5	12.0316	0	
6.36593	47.5277	343	0	63	103	103	63	82	4.47037	-42.5	120.	4.47037	9.53498	0.	0.67559	0.737277	0.	0.	42.5	12.0316	0	
6.38278	59.3192	344	0	64	104	104	64	83	4.508	-42.5	120.	4.508	9.57605	0.	0.67559	0.737277	0.	0.	42.5	12.0316	0	
6.40053	56.3412	345	0	64	104	104	64	83	4.54563	-42.5	120.	4.54563	9.61712	0.	0.67559	0.737277	0.	0.	42.5	12.0316	0	
6.41673	61.7218	346	0	64	104	104	64	83	4.58326	-42.5	120.	4.58326	9.65818	0.	0.67559	0.737277	0.	0.	42.5	12.0316	0	
6.43379	58.6316	347	0	65	105	105	65	84	4.62089	-42.5	120.	4.62089	9.69925	0.	0.67559	0.737277	0.	0.	42.5	12.0316	0	
6.45074	59.0149	348	0	65	105	105	65	84	4.65853	-42.5	120.	4.65853	9.74032	0.	0.67559	0.737277	0.	0.	42.5	12.0316	0	
6.46784	58.4464	349	0	65	105	105	65	84	4.69616	-42.5	120.	4.69616	9.78139	0.	0.67559	0.737277	0.	0.	42.5	12.0316	0	
6.48475	59.1677	350	0	66	106	106	66	85	4.73379	-42.5	120.	4.73379	9.82246	0.	0.67559	0.737277	0.	0.	42.5	12.0316	0	
6.50194	58.15	351	0	66	106	106	66	85	4.77142	-42.5	120.	4.77142	9.86352	0.	0.67559	0.737277	0.	0.	42.5	12.0316	0	
6.51876	59.4619	352	1	-1	-1	107	66	86	4.80905	-42.5	120.	4.80905	9.90459	0.	0.67559	0.737277	0.	0.	42.5	12.0316	0	
6.54608	36.6048	353	1	-1	-1	107	67	86	4.83095	-42.5	120.	4.83095	9.92848	0.	0.67559	0.737277	0.	0.	42.5	7.	0	
6.57118	39.8427	354	1	-1	-1	107	67	86	4.85284	-42.5	120.	4.85284	9.95238	0.	0.67559	0.737277	0.	0.	42.5	7.	0	
6.60005	34.6377	355	1	-1	-1	107	67	86	4.87473	-42.5	120.	4.87473	9.97627	0.	0.67559	0.737277	0.	0.	42.5	7.	0	
6.63009	33.2823	356	1	-1	-1	107	67	86	4.89663	-42.5	120.	4.89663	10.0002	0.	0.67559	0.737277	0.	0.	42.5	7.	0	
6.65771	36.2151	357	1	-1	-1	108	67	87	4.91852	-42.5	120.	4.91852	10.0241	0.	0.67559	0.737277	0.	0.	42.5	7.	0	
6.68502	36.6113	358	1	-1	-1	108	67	87	4.94042	-42.5	120.	4.94042	10.048	0.	0.67559	0.737277	0.	0.	42.5	7.	0	
6.7123	36.6579	359	1	-1	-1	108	68	87	4.96231	-42.5	120.	4.96231	10.0718	0.	0.67559	0.737277	0.	0.	42.5	7.	0	
6.73975	36.4325	360	1	-1	-1	108	68	87	4.9842	-42.5	120.	4.9842	10.0957	0.	0.67559	0.737277	0.	0.	42.5	7.	0	
6.76775	35.7176	361	1	-1	-1	109	68	87	5.0061	-42.5	120.	5.0061	10.1196	0.	0.67559	0.737277	0.	0.	42.5	7.	0	
6.798	33.0535	362	1	-1	-1	109	68	88	5.02799	-42.5	120.	5.02799	10.1435	0.	0.67559	0.737277	0.	0.	42.5	7.	0	
6.82319	39.6928	363	1	-1	-1	109	68	88	5.04989	-42.5	120.	5.04989	10.1674	0.	0.67559	0.737277	0.	0.	42.5	7.	0	
6.85166	35.1291	364	1	-1	-1	109	69	88	5.07178	-42.5	120.	5.07178	10.1913	0.	0.67559	0.737277	0.	0.	42.5	7.	0	
6.88118	33.8758	365	1	-1	-1	110	69	88	5.09368	-42.5	120.	5.09368	10.2152	0.	0.67559	0.737277	0.	0.	42.5	7.	0	
6.90825	36.9444	366	1	-1	-1	110	69	88	5.11557	-42.5	120.	5.11557	10.2391	0.	0.67559	0.737277	0.	0.	42.5	7.	0	
6.93545	36.7592	367	1	-1	-1	110	69	89	5.13746	-42.5	120.	5.13746	10.263	0.	0.67559	0.737277	0.	0.	42.5	7.	0	
6.96435	34.5971	368	1	-1	-1	110	69	89	5.15936	-42.5	120.	5.15936	10.2869	0.	0.67559	0.737277	0.	0.	42.5	7.	0	
6.99103	37.4888	369	1	-1	-1	110	70	89	5.18125	-42.5	120.	5.18125	10.3108	0.	0.67559	0.737277	0.	0.	42.5	7.	0	
7.01895	35.8122	370	1	-1	-1	111	70	89	5.20315	-42.5	120.	5.20315	10.3347	0.	0.67559	0.737277	0.	0.	42.5	7.	0	
7.04902	33.2642	371	1	-1	-1	111	70	89	5.22504	-42.5	120.	5.22504	10.3586	0.	0.67559	0.737277	0.	0.	42.5	7.	0	
7.07495	38.5515	372	1	-1	-1	111	70	90	5.24693	-42.5	120.	5.24693	10.3825	0.	0.67559	0.737277	0.	0.	42.5	7.	0	
7.10249	36.3215	373	1	-1	-1	111	70	90	5.26883	-42.5	120.	5.26883	10.4063	0.	0.67559	0.737277	0.	0.	42.5	7.	0	
7.13271	33.0925	374	1	-1	-1	112	70	90	5.29072	-42.5	120.	5.29072	10.4302	0.	0.67559	0.737277	0.	0.	42.5	7.	0	
7.16237	33.709	375	1	-1	-1	112	71	90	5.31262	-42.5	120.	5.31262	10.4541	0.	0.67559	0.737277	0.	0.	42.5	7.	0	
7.19063	35.3903	376	1	-1	-1	112	71	90	5.33451	-42.5	120.	5.33451	10.478	0.	0.67559	0.737277	0.	0.	42.5	7.	0	
7.21743	37.3026	377	1	-1	-1	112	71	91	5.35641	-42.5	120.	5.35641	10.5019	0.	0.67559	0.737277	0.	0.	42.5	7.	0	
7.24521	35.9998	378	1	-1	-1	113	71	91	5.3783	-42.5	120.	5.3783	10.5258	0.	0.67559	0.737277	0.	0.	42.5	7.	0	
7.2718	37.6101	379	1	-1	-1	113	71	91	5.40019	-42.5	120.	5.40019	10.5497	0.	0.67559	0.737277	0.	0.	42.5	7.	0	
7.29983	35.6834	380	1	-1	-1	113	72	91	5.42209	-42.5	120.	5.42209	10.5736	0.	0.67559	0.737277	0.	0.	42.5	7.	0	
7.32796	35.5383	381	1	-1	-1	113	72	92	5.44398	-42.5	120.	5.44398	10.5975	0.	0.67559	0.737277	0.	0.	42.5	7.	0	
7.35597	35.703	382	1	-1	-1	113	72	92	5.46588	-42.5	120.	5.46588	10.6214	0.	0.67559	0.737277	0.	0.	42.5	7.	0	
7.38421	35.4183	383	1	-1	-1	114	72	92	5.48777	-42.5	120.	5.48777	10.6453	0.	0.67559	0.737277	0.	0.	42.5	7.	0	
7.41516	32.3076	384	1	-1	-1	114	72	92	5.50966	-42.5	120.	5.50966	10.6692	0.	0.67559	0.737277	0.	0.	42.5	7.	0	
7.44435	34.2626	385	1	-1	-1	114	73	92	5.53156	-42.5	120.	5.53156	10.6931	0.	0.67559	0.737277	0.	0.	42.5	7.	0	
7.47265	35.3295	386	1	-1	-1	114	73	93	5.55345	-42.5	120.	5.55345	10.717	0.	0.67559	0.737277	0.	0.	42.5	7.	0	
7.50034	36.1203	387	1	-1	-1	115	73	93	5.57535	-42.5	120.	5.57535	10.7409	0.	0.67559	0.737277	0.	0.	42.5	7.	0	
7.53203	31.5486	388	1	-1	-1	115	73	93	5.59724	-42.5	120.	5.59724	10.7647	0.	0.67559	0.737277	0.	0.	42.5	7.	0	
7.55943	36.5	389	1	-1	-1	115	73	93	5.61913	-42.5	120.	5.61913	10.7886	0.	0.67559	0.737277	0.	0.	42.5	7.	0	
7.58625	37.2841	390	1	-1	-1	115	74	-1	5.64103	-42.5	120.	5.64103	10.8125	0.	0.67559	0.737277	0.	0.	42.5	7.	0	
7.61991	29.7133	391	1	-1	-1	116	74	-1	5.66297	-42.5	120.	5.66292	10.8364	0.	0.67559	0.737277	0.	0.	42.5	7.	0	
7.65275	30.446	392	1	-1	-1	116	74	-1	5.68502	-42.5	120.	5.68482	10.8603	0.	0.67559	0.737277	0.	0.	42.5	7.	0	
7.6848	31.198	393	1	-1	-1	116	74	-1	5.70716	-42.5	120.	5.70671	10.8842	0.	0.67559	0.737277	0.	0.	42.5	7.	0	
7.71661	31.4444	394	1	-1	-1	116	74	-1	5.7294	-42.5	120.	5.72861	10.9081	0.	0.67559	0.737277	0.	0.	42.5	7.	0	
7.74969	30.2254	395	1	-1	-1	116	75	-1	5.75174	-42.5	120.	5.7505	10.932	0.	0.67559	0.737277	0.	0.	42.5	7.	0	
7.78271	30.2862	396	1	-1	-1	117	75	-1	5.77417	-42.5	120.	5.77239	10.9559	0.	0.67559	0.737277	0.	0.	42.5	7.	0	
7.81589	30.1385	397	1	-1	-1	117	75	-1	5.7967	-42.5	120.	5.79429	10.9798	0.	0.67559	0.737277	0.	0.	42.5	7.	0	
7.84691	32.2328	398	1	-1	-1	117	75	-1	5.81932	-42.5	120.	5.81618	11.0037	0.	0.67559	0.737277	0.	0.	42.5	7.	0	
7.87924	30.9396	399	1	-1	-1	117	75	-1	5.84204	-42.5	120.	5.83808	11.0276	0.	0.67559	0.737277	0.	0.	42.5	7.	0	
7.90896	33.6375	400	1	-1	-1	118	75	-1	5.86484	-42.5	120.	5.85997	11.0515	0.	0.67559	0.737277	0.	0.	42.5	7.	0	
7.94032	31.8967	401	1	-1	-1	118	76	-1	5.88773	-42.5	120.	5.88186	11.0754	0.	0.67559	0.737277	0.	0.	42.5	7.	0	
7.97223	31.3296	402	1	-1	-1	118	76	-1	5.91072	-42.5	120.	5.90376	11.0993	0.	0.67559	0.737277	0.	0.	42.5	7.	0	
8.0042	31.2852	403	1	-1	-1	118	76	-1	5.93379	-42.5	120.	5.92565	11.1231	0.	0.67559	0.737277	0.	0.	42.5	7.	0	
8.03687	30.6072	404	1	-1	-1	119	76	-1	5.95695	-42.5	120.	5.94755	11.147	0.	0.67559	0.737277	0.	0.	42.5	7.	0	
8.06922	30.9151	405	1	-1	-1	119	76	-1	5.98019	-42.5	120.	5.96944	11.1709	0.	0.67559	0.737277	0.	0.	42.5	7.	0	
8.10364	29.0536	406	1	-1	-1	119	77	-1	6.00352	-42.5	120.	5.99133	11.1948	0.	0.67559	0.737277	0.	0.	42.5	7.	0	
8.13756	29.4796	407	1	-1	-1	119	77	-1	6.02693	-42.5	120.	6.01323	11.2187	0.	0.67559	0.737277	0.	0.	42.5	7.	0	
8.16996	30.8635	408	1	-1	-1	120	77	-1	6.05043	-42.5	120.	6.03512	11.2426	0.	0.67559	0.737277	0.	0.	42.5	7.	0	
8.20264	30.5961	409	1	-1	-1	120	77	-1	6.07401	-42.5	120.	6.05702	11.2665	0.	0.67559	0.737277	0.	0.	42.5	7.	0	
8.23706	29.0566	410	1	-1	-1	120	77	-1	6.09767	-42.5	120.	6.07891	11.2904	0.	0.67559	0.737277	0.	0.	42.5	7.	0	
8.26889	31.4143	411	1	-1	-1	120	78	-1	6.1214	-42.5	120.	6.10081	11.3143	0.	0.67559	0.737277	0.	0.	42.5	7.	0	
8.30193	30.2652	412	1	-1	-1	120	78	-1	6.14522	-42.5	120.	6.1227	11.3382	0.	0.67559	0.737277	0.	0.	42.5	7.	0	
8.33509	30.161	413	1	-1	-1	121	78	-1	6.16912	-42.5	120.	6.14459	11.3621	0.	0.67559	0.737277	0.	0.	42.5	7.	0	
8.36933	29.2042	414	1	-1	-1	121	78	-1	6.19309	-42.5	120.	6.16649	11.386	0.	0.67559	0.737277	0.	0.	42.5	7.	0	
8.40155	31.0393	415	1	-1	-1	121	78	-1	6.21714	-42.5	120.	6.18838	11.4099	0.	0.67559	0.737277	0.	0.	42.5	7.	0	
8.43544	29.5056	416	1	-1	-1	121	79	-1	6.24127	-42.5	120.	6.21028	11.4338	0.	0.67559	0.737277	0.	0.	42.5	7.	0	
8.47024	28.737	417	1	-1	-1	122	79	-1	6.26547	-42.5	120.	6.23217	11.4577	0.	0.67559	0.737277	0.	0.	42.5	7.	0	
8.50439	29.2756	418	1	-1	-1	122	79	-1	6.28975	-42.5	120.	6.25406	11.4815	0.	0.67559	0.737277	0.	0.	42.5	7.	0	
8.54045	27.7385	419	1	-1	-1	122	79	-1	6.31409	-42.5	120.	6.27596	11.5054	0.	0.67559	0.737277	0.	0.	42.5	7.	0	
8.57085	32.8881	420	1	-1	-1	122	79	-1	6.33851	-42.5	120.	6.29785	11.5293	0.	0.67559	0.737277	0.	0.	42.5	7.	0	
8.60323	30.8865	421	1	-1	-1	123	80	-1	6.363	-42.5	120.	6.31975	11.5532	0.	0.67559	0.737277	0.	0.	42.5	7.	0	
8.63616	30.369	422	1	-1	-1	123	80	-1	6.38757	-42.5	120.	6.34164	11.5771	0.	0.67559	0.737277	0.	0.	42.5	7.	0	
8.66923	30.2321	423	1	-1	-1	123	80	-1	6.4122	-42.5	120.	6.36354	11.601	0.	0.67559	0.737277	0.	0.	42.5	7.	0	
8.70153	30.9607	424	1	-1	-1	123	80	-1	6.4369	-42.5	120.	6.38543	11.6249	0.	0.67559	0.737277	0.	0.	42.5	7.	0	
8.73596	29.051	425	1	-1	-1	124	80	-1	6.46167	-42.5	120.	6.40732	11.6488	0.	0.67559	0.737277	0.	0.	42.5	7.	0	
8.76844	30.7815	426	1	-1	-1	124	81	-1	6.4865	-42.5	120.	6.42922	11.6727	0.	0.67559	0.737277	0.	0.	42.5	7.	0	
8.80195	29.8418	427	1	-1	-1	124	81	-1	6.5114	-42.5	120.	6.45111	11.6966	0.	0.67559	0.737277	0.	0.	42.5	7.	0	
8.83378	31.4164	428	1	-1	-1	124	81	-1	6.53637	-42.5	120.	6.47301	11.7205	0.	0.67559	0.737277	0.	0.	42.5	7.	0	
8.86747	29.6819	429	0	-1	-1	-1	-1	-1	6.56141	-42.5	120.	6.4949	11.7444	0.	0.67559	0.737277	0.	0.	42.5	7.	0	
8.91138	22.7759	430	0	74	115	115	74	93	0.	9.54166e-015	120.	0.	10.8125	0.	-1.66533e-016	1.	0.	-2550.	2.13163e-014	0.	0	
8.92847	58.527	431	0	74	116	116	74	94	3.93422e-002	-42.5	120.	3.93422e-002	10.8555	0.	0.67559	0.737277	0.	2550.	42.5	12.5785	0	
8.94977	46.9491	432	0	74	116	116	74	94	7.86844e-002	-42.5	120.	7.86844e-002	10.8984	0.	0.67559	0.737277	0.	-3.81667e-013	42.5	12.5785	0	
8.96681	58.6658	433	0	75	117	117	75	95	0.118027	-42.5	120.	0.118027	10.9413	0.	0.67559	0.737277	0.	0.	42.5	12.5785	0	
8.9851	54.6768	434	0	75	117	117	75	95	0.157369	-42.5	120.	0.157369	10.9843	0.	0.67559	0.737277	0.	0.	42.5	12.5785	0	
9.0018	59.8962	435	0	75	117	117	75	95	0.196711	-42.5	120.	0.196711	11.0272	0.	0.67559	0.737277	0.	0.	42.5	12.5785	0	
9.02553	42.1271	436	0	76	118	118	76	96	0.236053	-42.5	120.	0.236053	11.0701	0.	0.67559	0.737277	0.	0.	42.5	12.5785	0	
9.04626	48.2448	437	0	76	118	118	76	96	0.275395	-42.5	120.	0.275395	11.1131	0.	0.67559	0.737277	0.	0.	42.5	12.5785	0	
9.06862	44.7329	438	0	76	119	119	76	96	0.314738	-42.5	120.	0.314738	11.156	0.	0.67559	0.737277	0.	0.	42.5	12.5785	0	
9.08579	58.2409	439	0	77	119	119	77	97	0.35408	-42.5	120.	0.35408	11.1989	0.	0.67559	0.737277	0.	0.	42.5	12.5785	0	
9.10759	45.8631	440	0	77	120	120	77	97	0.393422	-42.5	120.	0.393422	11.2419	0.	0.67559	0.737277	0.	0.	42.5	12.5785	0	
9.12909	46.5023	441	0	77	120	120	77	98	0.432764	-42.5	120.	0.432764	11.2848	0.	0.67559	0.737277	0.	0.	42.5	12.5785	0	
9.14997	47.9106	442	0	78	120	120	78	98	0.472107	-42.5	120.	0.472107	11.3277	0.	0.67559	0.737277	0.	0.	42.5	12.5785	0	
9.16681	59.3851	443	0	78	121	121	78	98	0.511449	-42.5	120.	0.511449	11.3707	0.	0.67559	0.737277	0.	0.	42.5	12.5785	0	
9.18604	52.0016	444	0	78	121	121	78	99	0.550791	-42.5	120.	0.550791	11.4136	0.	0.67559	0.737277	0.	0.	42.5	12.5785	0	
9.20282	59.5859	445	0	79	122	122	79	99	0.590133	-42.5	120.	0.590133	11.4566	0.	0.67559	0.737277	0.	0.	42.5	12.5785	0	
9.22149	53.5698	446	0	79	122	122	79	100	0.629475	-42.5	120.	0.629475	11.4995	0.	0.67559	0.737277	0.	0.	42.5	12.5785	0	
9.24667	39.7047	447	0	80	123	123	80	100	0.668818	-42.5	120.	0.668818	11.5424	0.	0.67559	0.737277	0.	0.	42.5	12.5785	0	
9.27089	41.2897	448	0	80	123	123	80	100	0.70816	-42.5	120.	0.70816	11.5854	0.	0.67559	0.737277	0.	0.	42.5	12.5785	0	
9.2878	59.1392	449	0	80	123	123	80	101	0.747502	-42.5	120.	0.747502	11.6283	0.	0.67559	0.737277	0.	0.	42.5	12.5785	0	
9.31253	40.4384	450	0	81	124	124	81	101	0.786844	-42.5	120.	0.786844	11.6712	0.	0.67559	0.737277	0.	0.	42.5	12.5785	0	
9.33388	46.829	451	0	81	124	124	81	102	0.826186	-42.5	120.	0.826186	11.7142	0.	0.67559	0.737277	0.	0.	42.5	12.5785	0	
9.3498	62.8184	452	0	81	125	125	81	102	0.865529	-42.5	120.	0.865529	11.7571	0.	0.67559	0.737277	0.	0.	42.5	12.5785	0	
9.36875	52.7779	453	0	82	125	125	82	102	0.904871	-42.5	120.	0.904871	11.8	0.	0.67559	0.737277	0.	0.	42.5	12.5785	0	
9.3858	58.6461	454	0	82	126	126	82	103	0.944213	-42.5	120.	0.944213	11.843	0.	0.67559	0.737277	0.	0.	42.5	12.5785	0	
9.4076	45.8796	455	0	82	126	126	82	103	0.983555	-42.5	120.	0.983555	11.8859	0.	0.67559	0.737277	0.	0.	42.5	12.5785	0	
9.42708	51.3185	456	0	83	126	126	83	104	1.0229	-42.5	120.	1.0229	11.9288	0.	0.67559	0.737277	0.	0.	42.5	12.5785	0	
9.44518	55.2512	457	0	83	127	127	83	104	1.06224	-42.5	120.	1.06224	11.9718	0.	0.67559	0.737277	0.	0.	42.5	12.5785	0	
9.46662	46.647	458	0	83	127	127	83	104	1.10158	-42.5	120.	1.10158	12.0147	0.	0.67559	0.737277	0.	0.	42.5	12.5785	0	
9.48285	61.6174	459	0	84	128	128	84	105	1.14092	-42.5	120.	1.14092	12.0576	0.	0.67559	0.737277	0.	0.	42.5	12.5785	0	
9.50362	48.1487	460	0	84	128	128	84	105	1.18027	-42.5	120.	1.18027	12.1006	0.	0.67559	0.737277	0.	0.	42.5	12.5785	0	
9.52087	57.977	461	0	85	129	129	85	106	1.21961	-42.5	120.	1.21961	12.1435	0.	0.67559	0.737277	0.	0.	42.5	12.5785	0	
9.54195	47.4243	462	0	85	129	129	85	106	1.25895	-42.5	120.	1.25895	12.1864	0.	0.67559	0.737277	0.	0.	42.5	12.5785	0	
9.56634	41.0086	463	0	85	130	130	85	106	1.29829	-42.5	120.	1.29829	12.2294	0.	0.67559	0.737277	0.	0.	42.5	12.5785	0	
9.58379	57.2931	464	0	86	130	130	86	107	1.33764	-42.5	120.	1.33764	12.2723	0.	0.67559	0.737277	0.	0.	42.5	12.5785	0	
9.60356	50.5882	465	0	86	130	130	86	107	1.37698	-42.5	120.	1.37698	12.3152	0.	0.67559	0.737277	0.	0.	42.5	12.5785	0	
9.6198	61.5819	466	0	86	131	131	86	108	1.41632	-42.5	120.	1.41632	12.3582	0.	0.67559	0.737277	0.	0.	42.5	12.5785	0	
9.64216	44.7142	467	0	87	131	131	87	108	1.45566	-42.5	120.	1.45566	12.4011	0.	0.67559	0.737277	0.	0.	42.5	12.5785	0	
9.66316	47.6302	468	0	87	132	132	87	108	1.495	-42.5	120.	1.495	12.444	0.	0.67559	0.737277	0.	0.	42.5	12.5785	0	
9.68339	49.4185	469	0	88	132	132	88	109	1.53435	-42.5	120.	1.53435	12.487	0.	0.67559	0.737277	0.	0.	42.5	12.5785	0	
9.70084	57.3278	470	0	88	133	133	88	109	1.57369	-42.5	120.	1.57369	12.5299	0.	0.67559	0.737277	0.	0.	42.5	12.5785	0	
9.71918	54.5058	471	0	88	133	133	88	110	1.61303	-42.5	120.	1.61303	12.5728	0.	0.67559	0.737277	0.	0.	42.5	12.5785	0	
9.7358	60.1627	472	0	89	134	134	89	110	1.65237	-42.5	120.	1.65237	12.6158	0.	0.67559	0.737277	0.	0.	42.5	12.5785	0	
9.7582	44.6515	473	0	89	134	134	89	110	1.69172	-42.5	120.	1.69172	12.6587	0.	0.67559	0.737277	0.	0.	42.5	12.5785	0	
9.78381	39.0486	474	0	89	135	135	89	111	1.73106	-42.5	120.	1.73106	12.7017	0.	0.67559	0.737277	0.	0.	42.5	12.5785	0	
9.80194	55.1427	475	0	90	135	135	90	111	1.7704	-42.5	120.	1.7704	12.7446	0.	0.67559	0.737277	0.	0.	42.5	12.5785	0	
9.82792	38.504	476	0	90	135	135	90	112	1.80974	-42.5	120.	1.80974	12.7875	0.	0.67559	0.737277	0.	0.	42.5	12.5785	0	
9.84887	47.7215	477	0	90	136	136	90	112	1.84908	-42.5	120.	1.84908	12.8305	0.	0.67559	0.737277	0.	0.	42.5	12.5785	0	
9.86582	59.0096	478	0	91	136	136	91	112	1.88843	-42.5	120.	1.88843	12.8734	0.	0.67559	0.737277	0.	0.	42.5	12.5785	0	
9.8859	49.7802	479	0	91	137	137	91	113	1.92777	-42.5	120.	1.92777	12.9163	0.	0.67559	0.737277	0.	0.	42.5	12.5785	0	
9.90295	58.6721	480	0	92	137	137	92	113	1.96711	-42.5	120.	1.96711	12.9593	0.	0.67559	0.737277	0.	0.	42.5	12.5785	0	
9.92251	51.1182	481	0	92	138	138	92	114	2.00645	-42.5	120.	2.00645	13.0022	0.	0.67559	0.737277	0.	0.	42.5	12.5785	0	
9.94505	44.3752	482	0	92	138	138	92	114	2.04579	-42.5	120.	2.04579	13.0451	0.	0.67559	0.737277	0.	0.	42.5	12.5785	0	
9.96601	47.6947	483	0	93	139	139	93	115	2.08514	-42.5	120.	2.08514	13.0881	0.	0.67559	0.737277	0.	0.	42.5	12.5785	0	
9.9828	59.5806	484	0	93	139	139	93	115	2.12448	-42.5	120.	2.12448	13.131	0.	0.67559	0.737277	0.	0.	42.5	12.5785	0	
10.0018	52.5843	485	0	94	140	140	94	115	2.16382	-42.5	120.	2.16382	13.1739	0.	0.67559	0.737277	0.	0.	42.5	12.5785	0	
10.0188	58.8806	486	0	94	140	140	94	116	2.20316	-42.5	120.	2.20316	13.2169	0.	0.67559	0.737277	0.	0.	42.5	12.5785	0	
10.046	36.7865	487	0	94	141	141	94	116	2.24251	-42.5	120.	2.24251	13.2598	0.	0.67559	0.737277	0.	0.	42.5	12.5785	0	
10.0673	46.9166	488	0	95	141	141	95	117	2.28185	-42.5	120.	2.28185	13.3027	0.	0.67559	0.737277	0.	0.	42.5	12.5785	0	
10.0839	60.3952	489	0	95	142	142	95	117	2.32119	-42.5	120.	2.32119	13.3457	0.	0.67559	0.737277	0.	0.	42.5	12.5785	0	
10.1027	52.9203	490	0	95	142	142	95	118	2.36053	-42.5	120.	2.36053	13.3886	0.	0.67559	0.737277	0.	0.	42.5	12.5785	0	
10.1198	58.586	491	0	96	142	142	96	118	2.39987	-42.5	120.	2.39987	13.4315	0.	0.67559	0.737277	0.	0.	42.5	12.5785	0	
10.1393	51.3942	492	0	96	143	143	96	118	2.43922	-42.5	120.	2.43922	13.4745	0.	0.67559	0.737277	0.	0.	42.5	12.5785	0	
10.1593	50.029	493	0	97	143	143	97	119	2.47856	-42.5	120.	2.47856	13.5174	0.	0.67559	0.737277	0.	0.	42.5	12.5785	0	
10.1803	47.5974	494	0	97	144	144	97	119	2.5179	-42.5	120.	2.5179	13.5603	0.	0.67559	0.737277	0.	0.	42.5	12.5785	0	
10.2001	50.4203	495	0	97	144	144	97	120	2.55724	-42.5	120.	2.55724	13.6033	0.	0.67559	0.737277	0.	0.	42.5	12.5785	0	
10.2168	59.8356	496	0	98	145	145	98	120	2.59659	-42.5	120.	2.59659	13.6462	0.	0.67559	0.737277	0.	0.	42.5	12.5785	0	
10.2349	55.1951	497	0	98	145	145	98	121	2.63593	-42.5	120.	2.63593	13.6891	0.	0.67559	0.737277	0.	0.	42.5	12.5785	0	
10.2508	62.8721	498	0	99	146	146	99	121	2.67527	-42.5	120.	2.67527	13.7321	0.	0.67559	0.737277	0.	0.	42.5	12.5785	0	
10.2688	55.8219	499	0	99	146	146	99	121	2.71461	-42.5	120.	2.71461	13.775	0.	0.67559	0.737277	0.	0.	42.5	12.5785	0	
10.293	41.2707	500	0	99	147	147	99	122	2.75395	-42.5	120.	2.75395	13.8179	0.	0.67559	0.737277	0.	0.	42.5	12.5785	0	
10.3146	46.1667	501	0	100	147	147	100	122	2.7933	-42.5	120.	2.7933	13.8609	0.	0.67559	0.737277	0.	0.	42.5	12.5785	0	
10.3337	52.4395	502	0	100	148	148	100	123	2.83264	-42.5	120.	2.83264	13.9038	0.	0.67559	0.737277	0.	0.	42.5	12.5785	0	
10.3498	62.1199	503	0	100	148	148	100	123	2.87198	-42.5	120.	2.87198	13.9468	0.	0.67559	0.737277	0.	0.	42.5	12.5785	0	
10.3677	55.988	504	0	101	149	149	101	124	2.91132	-42.5	120.	2.91132	13.9897	0.	0.67559	0.737277	0.	0.	42.5	12.5785	0	
10.388	49.202	505	0	101	149	149	101	124	2.95067	-42.5	120.	2.95067	14.0326	0.	0.67559	0.737277	0.	0.	42.5	12.5785	0	
10.4099	45.6149	506	0	102	150	150	102	124	2.99001	-42.5	120.	2.99001	14.0756	0.	0.67559	0.737277	0.	0.	42.5	12.5785	0	
10.4316	46.0806	507	0	102	150	150	102	125	3.02935	-42.5	120.	3.02935	14.1185	0.	0.67559	0.737277	0.	0.	42.5	12.5785	0	
10.4515	50.3613	508	0	102	151	151	102	125	3.06869	-42.5	120.	3.06869	14.1614	0.	0.67559	0.737277	0.	0.	42.5	12.5785	0	
10.4688	57.63	509	0	103	151	151	103	126	3.10803	-42.5	120.	3.10803	14.2044	0.	0.67559	0.737277	0.	0.	42.5	12.5785	0	
10.488	52.2592	510	0	103	152	152	103	126	3.14738	-42.5	120.	3.14738	14.2473	0.	0.67559	0.737277	0.	0.	42.5	12.5785	0	
10.5103	44.7365	511	0	104	152	152	104	127	3.18672	-42.5	120.	3.18672	14.2902	0.	0.67559	0.737277	0.	0.	42.5	12.5785	0	
10.5327	44.7486	512	0	104	153	153	104	127	3.22606	-42.5	120.	3.22606	14.3332	0.	0.67559	0.737277	0.	0.	42.5	12.5785	0	
10.5488	61.8486	513	0	104	153	153	104	127	3.2654	-42.5	120.	3.2654	14.3761	0.	0.67559	0.737277	0.	0.	42.5	12.5785	0	
10.5679	52.5218	514	0	105	154	154	105	128	3.30475	-42.5	120.	3.30475	14.419	0.	0.67559	0.737277	0.	0.	42.5	12.5785	0	
10.5848	59.0538	515	0	105	154	154	105	128	3.34409	-42.5	120.	3.34409	14.462	0.	0.67559	0.737277	0.	0.	42.5	12.5785	0	
10.6109	38.4026	516	0	106	155	155	106	129	3.38343	-42.5	120.	3.38343	14.5049	0.	0.67559	0.737277	0.	0.	42.5	12.5785	0	
10.6371	38.0301	517	0	106	155	155	106	129	3.42277	-42.5	120.	3.42277	14.5478	0.	0.67559	0.737277	0.	0.	42.5	12.5785	0	
10.6614	41.2691	518	0	106	156	156	106	130	3.46211	-42.5	120.	3.46211	14.5908	0.	0.67559	0.737277	0.	0.	42.5	12.5785	0	
10.6853	41.7249	519	0	107	156	156	107	130	3.50146	-42.5	120.	3.50146	14.6337	0.	0.67559	0.737277	0.	0.	42.5	12.5785	0	
10.7018	60.7329	520	0	107	156	156	107	131	3.5408	-42.5	120.	3.5408	14.6766	0.	0.67559	0.737277	0.	0.	42.5	12.5785	0	
10.7306	34.703	521	0	108	157	157	108	131	3.58014	-42.5	120.	3.58014	14.7196	0.	0.67559	0.737277	0.	0.	42.5	12.5785	0	
10.7579	36.7205	522	0	108	157	157	108	132	3.61948	-42.5	120.	3.61948	14.7625	0.	0.67559	0.737277	0.	0.	42.5	12.5785	0	
10.7791	47.1342	523	0	108	158	158	108	132	3.65883	-42.5	120.	3.65883	14.8054	0.	0.67559	0.737277	0.	0.	42.5	12.5785	0	
10.8014	44.8559	524	0	109	158	158	109	132	3.69817	-42.5	120.	3.69817	14.8484	0.	0.67559	0.737277	0.	0.	42.5	12.5785	0	
10.8188	57.2357	525	0	109	159	159	109	133	3.73751	-42.5	120.	3.73751	14.8913	0.	0.67559	0.737277	0.	0.	42.5	12.5785	0	
10.8394	48.665	526	0	110	160	160	110	133	3.77685	-42.5	120.	3.77685	14.9342	0.	0.67559	0.737277	0.	0.	42.5	12.5785	0	
10.86	48.6207	527	0	110	160	160	110	134	3.81619	-42.5	120.	3.81619	14.9772	0.	0.67559	0.737277	0.	0.	42.5	12.5785	0	
10.8845	40.7874	528	0	111	161	161	111	134	3.85554	-42.5	120.	3.85554	15.0201	0.	0.67559	0.737277	0.	0.	42.5	12.5785	0	
10.9018	57.6511	529	0	111	161	161	111	135	3.89488	-42.5	120.	3.89488	15.063	0.	0.67559	0.737277	0.	0.	42.5	12.5785	0	
10.9205	53.4023	530	0	111	162	162	111	135	3.93422	-42.5	120.	3.93422	15.106	0.	0.67559	0.737277	0.	0.	42.5	12.5785	0	
10.9418	47.1228	531	0	112	162	162	112	136	3.97356	-42.5	120.	3.97356	15.1489	0.	0.67559	0.737277	0.	0.	42.5	12.5785	0	
10.9633	46.3481	532	0	112	163	163	112	136	4.01291	-42.5	120.	4.01291	15.1919	0.	0.67559	0.737277	0.	0.	42.5	12.5785	0	
10.9838	48.8746	533	0	113	163	163	113	137	4.05225	-42.5	120.	4.05225	15.2348	0.	0.67559	0.737277	0.	0.	42.5	12.5785	0	
11.0008	58.7033	534	0	113	164	164	113	137	4.09159	-42.5	120.	4.09159	15.2777	0.	0.67559	0.737277	0.	0.	42.5	12.5785	0	
11.0183	57.1449	535	0	113	164	164	113	137	4.13093	-42.5	120.	4.13093	15.3207	0.	0.67559	0.737277	0.	0.	42.5	12.5785	0	
11.0403	45.4821	536	0	114	165	165	114	138	4.17027	-42.5	120.	4.17027	15.3636	0.	0.67559	0.737277	0.	0.	42.5	12.5785	0	
11.0644	41.4914	537	0	114	165	165	114	138	4.20962	-42.5	120.	4.20962	15.4065	0.	0.67559	0.737277	0.	0.	42.5	12.5785	0	
11.0808	60.8802	538	0	115	166	166	115	139	4.24896	-42.5	120.	4.24896	15.4495	0.	0.67559	0.737277	0.	0.	42.5	12.5785	0	
11.1005	50.8421	539	0	115	166	166	115	139	4.2883	-42.5	120.	4.2883	15.4924	0.	0.67559	0.737277	0.	0.	42.5	12.5785	0	
11.1168	61.2539	540	0	116	167	167	116	140	4.32764	-42.5	120.	4.32764	15.5353	0.	0.67559	0.737277	0.	0.	42.5	12.5785	0	
11.1372	49.105	541	0	116	167	167	116	140	4.36699	-42.5	120.	4.36699	15.5783	0.	0.67559	0.737277	0.	0.	42.5	12.5785	0	
11.1599	44.0431	542	0	116	168	168	116	141	4.40633	-42.5	120.	4.40633	15.6212	0.	0.67559	0.737277	0.	0.	42.5	12.5785	0	
11.1808	47.9515	543	0	117	168	168	117	141	4.44567	-42.5	120.	4.44567	15.6641	0.	0.67559	0.737277	0.	0.	42.5	12.5785	0	
11.2013	48.7811	544	0	117	169	169	117	142	4.48501	-42.5	120.	4.48501	15.7071	0.	0.67559	0.737277	0.	0.	42.5	12.5785	0	
11.2178	60.4216	545	0	118	169	169	118	142	4.52435	-42.5	120.	4.52435	15.75	0.	0.67559	0.737277	0.	0.	42.5	12.5785	0	
11.2376	50.5419	546	0	118	170	170	118	143	4.5637	-42.5	120.	4.5637	15.7929	0.	0.67559	0.737277	0.	0.	42.5	12.5785	0	
11.2605	43.7043	547	0	118	170	170	118	143	4.60304	-42.5	120.	4.60304	15.8359	0.	0.67559	0.737277	0.	0.	42.5	12.5785	0	
11.282	46.3812	548	0	119	171	171	119	144	4.64238	-42.5	120.	4.64238	15.8788	0.	0.67559	0.737277	0.	0.	42.5	12.5785	0	
11.2988	59.5999	549	0	119	171	171	119	144	4.68172	-42.5	120.	4.68172	15.9217	0.	0.67559	0.737277	0.	0.	42.5	12.5785	0	
11.3184	51.1932	550	0	120	172	172	120	144	4.72107	-42.5	120.	4.72107	15.9647	0.	0.67559	0.737277	0.	0.	42.5	12.5785	0	
11.3348	60.7396	551	0	120	172	172	120	145	4.76041	-42.5	120.	4.76041	16.0076	0.	0.67559	0.737277	0.	0.	42.5	12.5785	0	
11.3557	47.9834	552	1	-1	-1	173	121	145	4.79975	-42.5	120.	4.79975	16.0505	0.	0.67559	0.737277	0.	0.	42.5	12.5785	0	
11.3883	30.6369	553	1	-1	-1	173	121	146	4.82164	-42.5	120.	4.82164	16.0744	0.	0.67559	0.737277	0.	0.	42.5	7.	0	
11.4198	31.7902	554	1	-1	-1	173	121	146	4.84354	-42.5	120.	4.84354	16.0983	0.	0.67559	0.737277	0.	0.	42.5	7.	0	
11.4505	32.5121	555	1	-1	-1	174	121	146	4.86543	-42.5	120.	4.86543	16.1222	0.	0.67559	0.737277	0.	0.	42.5	7.	0	
11.483	30.8222	556	1	-1	-1	174	122	146	4.88733	-42.5	120.	4.88733	16.1461	0.	0.67559	0.737277	0.	0.	42.5	7.	0	
11.5143	31.8783	557	1	-1	-1	174	122	147	4.90922	-42.5	120.	4.90922	16.17	0.	0.67559	0.737277	0.	0.	42.5	7.	0	
11.5435	34.2878	558	1	-1	-1	175	122	147	4.93111	-42.5	120.	4.93111	16.1939	0.	0.67559	0.737277	0.	0.	42.5	7.	0	
11.5742	32.6023	559	1	-1	-1	175	122	147	4.95301	-42.5	120.	4.95301	16.2178	0.	0.67559	0.737277	0.	0.	42.5	7.	0	
11.6036	34.0317	560	1	-1	-1	175	123	148	4.9749	-42.5	120.	4.9749	16.2417	0.	0.67559	0.737277	0.	0.	42.5	7.	0	
11.6391	28.1428	561	1	-1	-1	176	123	148	4.9968	-42.5	120.	4.9968	16.2656	0.	0.67559	0.737277	0.	0.	42.5	7.	0	
11.6687	33.7987	562	1	-1	-1	176	123	148	5.01869	-42.5	120.	5.01869	16.2895	0.	0.67559	0.737277	0.	0.	42.5	7.	0	
11.7008	31.1479	563	1	-1	-1	176	123	148	5.04059	-42.5	120.	5.04059	16.3134	0.	0.67559	0.737277	0.	0.	42.5	7.	0	
11.7337	30.389	564	1	-1	-1	176	124	149	5.06248	-42.5	120.	5.06248	16.3373	0.	0.67559	0.737277	0.	0.	42.5	7.	0	
11.7658	31.0999	565	1	-1	-1	177	124	149	5.08437	-42.5	120.	5.08437	16.3612	0.	0.67559	0.737277	0.	0.	42.5	7.	0	
11.7977	31.4042	566	1	-1	-1	177	124	149	5.10627	-42.5	120.	5.10627	16.385	0.	0.67559	0.737277	0.	0.	42.5	7.	0	
11.8296	31.3169	567	1	-1	-1	177	124	149	5.12816	-42.5	120.	5.12816	16.4089	0.	0.67559	0.737277	0.	0.	42.5	7.	0	
11.8592	33.7918	568	1	-1	-1	178	124	150	5.15006	-42.5	120.	5.15006	16.4328	0.	0.67559	0.737277	0.	0.	42.5	7.	0	
11.8887	33.8474	569	1	-1	-1	178	125	150	5.17195	-42.5	120.	5.17195	16.4567	0.	0.67559	0.737277	0.	0.	42.5	7.	0	
11.9199	32.0637	570	1	-1	-1	178	125	150	5.19384	-42.5	120.	5.19384	16.4806	0.	0.67559	0.737277	0.	0.	42.5	7.	0	
11.9543	29.1194	571	1	-1	-1	179	125	151	5.21574	-42.5	120.	5.21574	16.5045	0.	0.67559	0.737277	0.	0.	42.5	7.	0	
11.9858	31.7044	572	1	-1	-1	179	125	151	5.23763	-42.5	120.	5.23763	16.5284	0.	0.67559	0.737277	0.	0.	42.5	7.	0	
12.0198	29.4715	573	1	-1	-1	179	126	151	5.25953	-42.5	120.	5.25953	16.5523	0.	0.67559	0.737277	0.	0.	42.5	7.	0	
12.0519	31.1362	574	1	-1	-1	179	126	151	5.28142	-42.5	120.	5.28142	16.5762	0.	0.67559	0.737277	0.	0.	42.5	7.	0	
12.0853	29.8741	575	1	-1	-1	180	126	152	5.30331	-42.5	120.	5.30331	16.6001	0.	0.67559	0.737277	0.	0.	42.5	7.	0	
12.1174	31.201	576	1	-1	-1	180	126	152	5.32521	-42.5	120.	5.32521	16.624	0.	0.67559	0.737277	0.	0.	42.5	7.	0	
12.1511	29.6458	577	1	-1	-1	180	127	152	5.3471	-42.5	120.	5.3471	16.6479	0.	0.67559	0.737277	0.	0.	42.5	7.	0	
12.1817	32.7431	578	1	-1	-1	181	127	152	5.369	-42.5	120.	5.369	16.6718	0.	0.67559	0.737277	0.	0.	42.5	7.	0	
12.2189	26.8709	579	1	-1	-1	181	127	153	5.39089	-42.5	120.	5.39089	16.6957	0.	0.67559	0.737277	0.	0.	42.5	7.	0	
12.2524	29.8354	580	1	-1	-1	181	127	153	5.41279	-42.5	120.	5.41279	16.7196	0.	0.67559	0.737277	0.	0.	42.5	7.	0	
12.2854	30.3275	581	1	-1	-1	182	128	153	5.43468	-42.5	120.	5.43468	16.7434	0.	0.67559	0.737277	0.	0.	42.5	7.	0	
12.3176	31.012	582	1	-1	-1	182	128	154	5.45657	-42.5	120.	5.45657	16.7673	0.	0.67559	0.737277	0.	0.	42.5	7.	0	
12.3507	30.2356	583	1	-1	-1	182	128	154	5.47847	-42.5	120.	5.47847	16.7912	0.	0.67559	0.737277	0.	0.	42.5	7.	0	
12.3852	29.0156	584	1	-1	-1	182	128	154	5.50036	-42.5	120.	5.50036	16.8151	0.	0.67559	0.737277	0.	0.	42.5	7.	0	
12.4166	31.7698	585	1	-1	-1	183	129	154	5.52226	-42.5	120.	5.52226	16.839	0.	0.67559	0.737277	0.	0.	42.5	7.	0	
12.4496	30.352	586	1	-1	-1	183	129	155	5.54415	-42.5	120.	5.54415	16.8629	0.	0.67559	0.737277	0.	0.	42.5	7.	0	
12.4832	29.7737	587	1	-1	-1	183	129	155	5.56604	-42.5	120.	5.56604	16.8868	0.	0.67559	0.737277	0.	0.	42.5	7.	0	
12.5188	28.0627	588	1	-1	-1	184	129	155	5.58794	-42.5	120.	5.58794	16.9107	0.	0.67559	0.737277	0.	0.	42.5	7.	0	
12.5511	30.9601	589	1	-1	-1	184	130	155	5.60983	-42.5	120.	5.60983	16.9346	0.	0.67559	0.737277	0.	0.	42.5	7.	0	
12.5852	29.3405	590	1	-1	-1	184	130	-1	5.63173	-42.5	120.	5.63173	16.9585	0.	0.67559	0.737277	0.	0.	42.5	7.	0	
12.6255	24.7984	591	1	-1	-1	185	130	-1	5.65367	-42.5	120.	5.65362	16.9824	0.	0.67559	0.737277	0.	0.	42.5	7.	0	
12.66	28.9837	592	1	-1	-1	185	130	-1	5.67572	-42.5	120.	5.67551	17.0063	0.	0.67559	0.737277	0.	0.	42.5	7.	0	
12.6976	26.5857	593	1	-1	-1	185	131	-1	5.69786	-42.5	120.	5.69741	17.0302	0.	0.67559	0.737277	0.	0.	42.5	7.	0	
12.7324	28.7882	594	1	-1	-1	185	131	-1	5.7201	-42.5	120.	5.7193	17.0541	0.	0.67559	0.737277	0.	0.	42.5	7.	0	
12.7716	25.506	595	1	-1	-1	186	131	-1	5.74244	-42.5	120.	5.7412	17.078	0.	0.67559	0.737277	0.	0.	42.5	7.	0	
12.8103	25.8277	596	1	-1	-1	186	131	-1	5.76487	-42.5	120.	5.76309	17.1018	0.	0.67559	0.737277	0.	0.	42.5	7.	0	
12.8443	29.4382	597	1	-1	-1	186	132	-1	5.7874	-42.5	120.	5.78499	17.1257	0.	0.67559	0.737277	0.	0.	42.5	7.	0	
12.8785	29.1975	598	1	-1	-1	187	132	-1	5.81002	-42.5	120.	5.80688	17.1496	0.	0.67559	0.737277	0.	0.	42.5	7.	0	
12.9162	26.5548	599	1	-1	-1	187	132	-1	5.83274	-42.5	120.	5.82877	17.1735	0.	0.67559	0.737277	0.	0.	42.5	7.	0	
12.9525	27.4965	600	1	-1	-1	187	132	-1	5.85554	-42.5	120.	5.85067	17.1974	0.	0.67559	0.737277	0.	0.	42.5	7.	0	
12.9915	25.6362	601	1	-1	-1	188	133	-1	5.87844	-42.5	120.	5.87256	17.2213	0.	0.67559	0.737277	0.	0.	42.5	7.	0	
13.0264	28.6701	602	1	-1	-1	188	133	-1	5.90143	-42.5	120.	5.89446	17.2452	0.	0.67559	0.737277	0.	0.	42.5	7.	0	
13.061	28.9431	603	1	-1	-1	188	133	-1	5.9245	-42.5	120.	5.91635	17.2691	0.	0.67559	0.737277	0.	0.	42.5	7.	0	
13.0958	28.6731	604	1	-1	-1	189	133	-1	5.94766	-42.5	120.	5.93824	17.293	0.	0.67559	0.737277	0.	0.	42.5	7.	0	
13.1308	28.567	605	1	-1	-1	189	134	-1	5.9709	-42.5	120.	5.96014	17.3169	0.	0.67559	0.737277	0.	0.	42.5	7.	0	
13.1668	27.7999	606	1	-1	-1	189	134	-1	5.99424	-42.5	120.	5.98203	17.3408	0.	0.67559	0.737277	0.	0.	42.5	7.	0	
13.2026	27.9595	607	1	-1	-1	189	134	-1	6.01765	-42.5	120.	6.00393	17.3647	0.	0.67559	0.737277	0.	0.	42.5	7.	0	
13.2381	28.1307	608	1	-1	-1	190	134	-1	6.04115	-42.5	120.	6.02582	17.3886	0.	0.67559	0.737277	0.	0.	42.5	7.	0	
13.2731	28.5658	609	1	-1	-1	190	135	-1	6.06473	-42.5	120.	6.04772	17.4125	0.	0.67559	0.737277	0.	0.	42.5	7.	0	
13.3081	28.5937	610	1	-1	-1	190	135	-1	6.08839	-42.5	120.	6.06961	17.4364	0.	0.67559	0.737277	0.	0.	42.5	7.	0	
13.3456	26.6762	611	1	-1	-1	191	135	-1	6.11213	-42.5	120.	6.0915	17.4602	0.	0.67559	0.737277	0.	0.	42.5	7.	0	
13.3832	26.5594	612	1	-1	-1	191	135	-1	6.13595	-42.5	120.	6.1134	17.4841	0.	0.67559	0.737277	0.	0.	42.5	7.	0	
13.4188	28.1409	613	1	-1	-1	191	136	-1	6.15985	-42.5	120.	6.13529	17.508	0.	0.67559	0.737277	0.	0.	42.5	7.	0	
13.4552	27.4767	614	1	-1	-1	192	136	-1	6.18383	-42.5	120.	6.15719	17.5319	0.	0.67559	0.737277	0.	0.	42.5	7.	0	
13.4921	27.0582	615	1	-1	-1	192	136	-1	6.20788	-42.5	120.	6.17908	17.5558	0.	0.67559	0.737277	0.	0.	42.5	7.	0	
13.5271	28.6137	616	1	-1	-1	192	136	-1	6.23201	-42.5	120.	6.20097	17.5797	0.	0.67559	0.737277	0.	0.	42.5	7.	0	
13.5633	27.6164	617	1	-1	-1	193	137	-1	6.25622	-42.5	120.	6.22287	17.6036	0.	0.67559	0.737277	0.	0.	42.5	7.	0	
13.5976	29.1846	618	1	-1	-1	193	137	-1	6.2805	-42.5	120.	6.24476	17.6275	0.	0.67559	0.737277	0.	0.	42.5	7.	0	
13.6356	26.2717	619	1	-1	-1	193	137	-1	6.30485	-42.5	120.	6.26666	17.6514	0.	0.67559	0.737277	0.	0.	42.5	7.	0	
13.6702	28.933	620	1	-1	-1	194	137	-1	6.32927	-42.5	120.	6.28855	17.6753	0.	0.67559	0.737277	0.	0.	42.5	7.	0	
13.7063	27.7229	621	1	-1	-1	194	138	-1	6.35377	-42.5	120.	6.31044	17.6992	0.	0.67559	0.737277	0.	0.	42.5	7.	0	
13.7409	28.8356	622	1	-1	-1	194	138	-1	6.37833	-42.5	120.	6.33234	17.7231	0.	0.67559	0.737277	0.	0.	42.5	7.	0	
13.7753	29.1322	623	1	-1	-1	194	138	-1	6.40297	-42.5	120.	6.35423	17.747	0.	0.67559	0.737277	0.	0.	42.5	7.	0	
13.8099	28.8713	624	1	-1	-1	195	139	-1	6.42767	-42.5	120.	6.37613	17.7709	0.	0.67559	0.737277	0.	0.	42.5	7.	0	
13.8439	29.3712	625	1	-1	-1	195	139	-1	6.45244	-42.5	120.	6.39802	17.7947	0.	0.67559	0.737277	0.	0.	42.5	7.	0	
13.8776	29.7488	626	1	-1	-1	195	139	-1	6.47728	-42.5	120.	6.41992	17.8186	0.	0.67559	0.737277	0.	0.	42.5	7.	0	
13.911	29.8879	627	1	-1	-1	196	139	-1	6.50219	-42.5	120.	6.44181	17.8425	0.	0.67559	0.737277	0.	0.	42.5	7.	0	
13.9506	25.2885	628	1	-1	-1	196	140	-1	6.52716	-42.5	120.	6.4637	17.8664	0.	0.67559	0.737277	0.	0.	42.5	7.	0	
13.9876	27.033	629	0	-1	-1	-1	-1	-1	6.5522	-42.5	120.	6.4856	17.8903	0.	0.67559	0.737277	0.	0.	42.5	7.	0	
14.0344	21.3386	630	0	130	184	184	130	156	0.	1.27222e-014	120.	0.	16.9585	0.	-2.22045e-016	1.	0.	-2550.	2.13163e-014	0.	0	
14.0509	60.792	631	0	130	185	185	130	156	3.93422e-002	-42.5	120.	3.93422e-002	17.0014	0.	0.67559	0.737277	0.	2550.	42.5	12.5785	0	
14.073	45.0829	632	0	131	185	185	131	157	7.86844e-002	-42.5	120.	7.86844e-002	17.0444	0.	0.67559	0.737277	0.	-5.725e-013	42.5	12.5785	0	
14.1007	36.2151	633	0	131	186	186	131	157	0.118027	-42.5	120.	0.118027	17.0873	0.	0.67559	0.737277	0.	0.	42.5	12.5785	0	
14.1208	49.6474	634	0	132	186	186	132	158	0.157369	-42.5	120.	0.157369	17.1302	0.	0.67559	0.737277	0.	0.	42.5	12.5785	0	
14.1409	49.7092	635	0	132	187	187	132	158	0.196711	-42.5	120.	0.196711	17.1732	0.	0.67559	0.737277	0.	0.	42.5	12.5785	0	
14.1624	46.5723	636	0	133	188	188	133	159	0.236053	-42.5	120.	0.236053	17.2161	0.	0.67559	0.737277	0.	0.	42.5	12.5785	0	
14.185	44.1958	637	0	133	188	188	133	159	0.275395	-42.5	120.	0.275395	17.259	0.	0.67559	0.737277	0.	0.	42.5	12.5785	0	
14.2019	59.3213	638	0	134	189	189	134	160	0.314738	-42.5	120.	0.314738	17.302	0.	0.67559	0.737277	0.	0.	42.5	12.5785	0	
14.225	43.3271	639	0	134	189	189	134	160	0.35408	-42.5	120.	0.35408	17.3449	0.	0.67559	0.737277	0.	0.	42.5	12.5785	0	
14.248	43.4532	640	0	134	190	190	134	161	0.393422	-42.5	120.	0.393422	17.3878	0.	0.67559	0.737277	0.	0.	42.5	12.5785	0	
14.2649	58.9582	641	0	135	190	190	135	161	0.432764	-42.5	120.	0.432764	17.4308	0.	0.67559	0.737277	0.	0.	42.5	12.5785	0	
14.2853	49.0396	642	0	135	191	191	135	162	0.472107	-42.5	120.	0.472107	17.4737	0.	0.67559	0.737277	0.	0.	42.5	12.5785	0	
14.3019	60.2108	643	0	136	191	191	136	162	0.511449	-42.5	120.	0.511449	17.5166	0.	0.67559	0.737277	0.	0.	42.5	12.5785	0	
14.3247	43.8373	644	0	136	192	192	136	163	0.550791	-42.5	120.	0.550791	17.5596	0.	0.67559	0.737277	0.	0.	42.5	12.5785	0	
14.3456	47.8697	645	0	137	193	193	137	163	0.590133	-42.5	120.	0.590133	17.6025	0.	0.67559	0.737277	0.	0.	42.5	12.5785	0	
14.3675	45.6407	646	0	137	193	193	137	164	0.629475	-42.5	120.	0.629475	17.6454	0.	0.67559	0.737277	0.	0.	42.5	12.5785	0	
14.3839	61.1059	647	0	138	194	194	138	164	0.668818	-42.5	120.	0.668818	17.6884	0.	0.67559	0.737277	0.	0.	42.5	12.5785	0	
14.4085	40.7088	648	0	138	194	194	138	165	0.70816	-42.5	120.	0.70816	17.7313	0.	0.67559	0.737277	0.	0.	42.5	12.5785	0	
14.4319	42.7507	649	0	139	195	195	139	165	0.747502	-42.5	120.	0.747502	17.7742	0.	0.67559	0.737277	0.	0.	42.5	12.5785	0	
14.4489	58.7845	650	0	139	195	195	139	166	0.786844	-42.5	120.	0.786844	17.8172	0.	0.67559	0.737277	0.	0.	42.5	12.5785	0	
14.4689	49.9596	651	0	139	196	196	139	166	0.826186	-42.5	120.	0.826186	17.8601	0.	0.67559	0.737277	0.	0.	42.5	12.5785	0	
14.4859	58.8064	652	0	140	196	196	140	167	0.865529	-42.5	120.	0.865529	17.903	0.	0.67559	0.737277	0.	0.	42.5	12.5785	0	
14.507	47.3382	653	0	140	197	197	140	167	0.904871	-42.5	120.	0.904871	17.946	0.	0.67559	0.737277	0.	0.	42.5	12.5785	0	
14.5295	44.4258	654	0	141	198	198	141	168	0.947634	-42.5	120.	0.947634	17.9926	0.	0.67559	0.737277	0.	0.	42.5	13.6723	0	
14.5507	47.2774	655	0	141	198	198	141	168	0.990397	-42.5	120.	0.990397	18.0393	0.	0.67559	0.737277	0.	0.	42.5	13.6723	0	
14.5669	61.5784	656	0	142	199	199	142	169	1.03316	-42.5	120.	1.03316	18.086	0.	0.67559	0.737277	0.	0.	42.5	13.6723	0	
14.5927	38.8334	657	0	142	200	200	142	170	1.07531	-41.749	117.88	1.07531	18.1332	0.	0.665869	0.746069	0.	-45.0591	41.749	13.6723	0	
14.6161	42.6192	658	0	143	200	200	143	170	1.1169	-41.0823	115.997	1.1169	18.1809	0.	0.657143	0.753766	0.	-40.0006	41.0823	13.6723	0	
14.6329	59.616	659	0	144	201	201	144	171	1.15745	-39.8333	112.47	1.15745	18.2295	0.	0.640556	0.767911	0.	-74.9428	39.8333	13.6723	0	
14.6535	48.5274	660	0	144	201	201	144	171	1.19707	-38.749	109.409	1.19707	18.2789	0.	0.625909	0.779896	0.	-65.0594	38.749	13.6723	0	
14.6775	41.7397	661	0	145	202	202	145	172	1.23538	-37.2496	105.175	1.23538	18.3293	0.	0.605288	0.796006	0.	-89.9625	37.2496	13.6723	0	
14.6997	45.0878	662	0	145	203	203	145	173	1.27214	-35.4999	100.235	1.27214	18.3808	0.	0.580701	0.814117	0.	-104.982	35.4999	13.6723	0	
14.7169	57.907	663	0	146	204	204	146	173	1.30776	-34.2495	96.7046	1.30776	18.4331	0.	0.562798	0.826594	0.	-75.0206	34.2495	13.6723	0	
14.7382	47.0619	664	0	146	204	204	146	174	1.34177	-32.4998	91.7643	1.34177	18.4865	0.	0.537297	0.843393	0.	-104.982	32.4998	13.6723	0	
14.762	42.0016	665	0	147	205	205	147	175	1.37406	-30.6658	86.5859	1.37406	18.541	0.	0.51003	0.860157	0.	-110.041	30.6658	13.6723	0	
14.7834	46.6687	666	0	148	206	206	148	175	1.40515	-29.4168	83.0592	1.40515	18.5961	0.	0.491159	0.87107	0.	-74.9428	29.4168	13.6723	0	
14.8009	57.1035	667	0	148	206	206	148	176	1.43437	-27.4998	77.6464	1.43437	18.6522	0.	0.461745	0.887013	0.	-115.021	27.4998	13.6723	0	
14.822	47.4623	668	0	149	207	207	149	177	1.45901	-26.2494	74.116	1.45901	18.7022	0.	0.44228	0.896877	0.	-75.0206	26.2494	12.0316	0	
14.8448	43.7493	669	0	149	208	208	149	177	1.48092	-24.3337	68.7069	1.48092	18.7506	0.	0.41205	0.911161	0.	-114.943	24.3337	11.4847	0	
14.8673	44.4735	670	0	150	208	208	150	178	1.50016	-22.3337	63.0598	1.50016	18.7975	0.	0.38	0.924987	0.	-120.002	22.3337	10.9378	0	
14.8839	60.3281	671	0	150	209	209	150	178	1.51655	-21.0833	59.5294	1.51655	18.84	0.	0.359725	0.933058	0.	-75.0206	21.0833	9.84405	0	
14.9054	46.55	672	0	151	209	209	151	179	1.52814	-19.0833	53.8823	1.52814	18.8735	0.	0.326942	0.945044	0.	-120.002	19.0833	7.65648	0	
14.9281	44.1258	673	0	151	210	210	151	179	1.53745	-17.833	50.3519	1.53745	18.9024	0.	0.306243	0.951953	0.	-75.0206	17.833	6.5627	0	
14.9505	44.4974	674	0	151	210	210	151	179	1.54303	-16.0002	45.1772	1.54303	18.9219	0.	0.275641	0.961261	0.	-109.963	16.0002	4.37513	0	
14.9669	61.0406	675	0	151	210	210	151	179	1.54303	-3.18055e-015	41.4124	1.54303	18.9219	0.	5.55112e-017	1.	0.	-960.015	2.4869e-014	0.	0	
14.9905	42.4461	676	0	151	210	210	151	179	1.54303	0.	35.9996	1.54303	18.9219	0.	0.	1.	0.	-1.90833e-013	2.16884e-014	0.	0	
15.0143	41.8901	677	0	151	210	210	151	179	1.54303	0.	30.5905	1.54303	18.9219	0.	0.	1.	0.	0.	2.16884e-014	0.	0	
15.0351	48.2799	678	0	151	210	210	151	179	1.54303	0.	24.9434	1.54303	18.9219	0.	0.	1.	0.	0.	2.16884e-014	0.	0	
15.0519	59.3958	679	0	151	210	210	151	179	1.54303	0.	21.413	1.54303	18.9219	0.	0.	1.	0.	0.	2.16884e-014	0.	0	
15.0765	40.6428	680	0	151	210	210	151	179	1.54303	0.	16.0002	1.54303	18.9219	0.	0.	1.	0.	0.	2.16884e-014	0.	0	
15.0986	45.1714	681	0	151	210	210	151	179	1.54303	0.	10.8255	1.54303	18.9219	0.	0.	1.	0.	0.	2.16884e-014	0.	0	
15.1168	54.9115	682	0	151	210	210	151	179	1.54303	0.	7.52953	1.54303	18.9219	0.	0.	1.	0.	0.	2.16884e-014	0.	0	
15.1443	36.4377	683	0	151	210	210	151	179	1.54303	0.	3.76476	1.54303	18.9219	0.	0.	1.	0.	0.	2.16884e-014	0.	0	
15.1671	43.9071	684	0	151	210	210	151	179	1.54303	0.	1.17924	1.54303	18.9219	0.	0.	1.	0.	0.	2.16884e-014	0.	0	
15.1846	57.1528	685	0	151	210	210	151	179	1.54303	0.	-0.234382	1.54303	18.9219	0.	0.	1.	0.	0.	2.16884e-014	0.	0	
15.2192	28.8637	686	0	151	210	210	151	179	1.54303	0.	-1.17191	1.54303	18.9219	0.	0.	1.	0.	0.	2.16884e-014	0.	0	
15.2403	47.4026	687	0	151	210	210	151	179	1.54303	0.	-1.17191	1.54303	18.9219	0.	0.	1.	0.	0.	2.16884e-014	0.	0	
15.2621	45.9349	688	0	151	210	210	151	179	1.54303	0.	-1.17191	1.54303	18.9219	0.	0.	1.	0.	0.	2.16884e-014	0.	0	
15.2836	46.3832	689	0	151	210	210	151	179	1.54303	0.	-1.17191	1.54303	18.9219	0.	0.	1.	0.	0.	2.16884e-014	0.	0	
15.2999	61.3435	690	0	151	210	210	151	179	1.54303	0.	-1.17191	1.54303	18.9219	0.	0.	1.	0.	0.	2.16884e-014	0.	0	
15.3236	42.2426	691	0	151	210	210	151	179	1.54303	0.	-1.17191	1.54303	18.9219	0.	0.	1.	0.	0.	2.16884e-014	0.	0	
15.3489	39.578	692	0	151	210	210	151	179	1.54303	0.	-1.17191	1.54303	18.9219	0.	0.	1.	0.	0.	2.16884e-014	0.	0	
15.3649	62.2168	693	0	151	210	210	151	179	1.54303	0.	-1.17191	1.54303	18.9219	0.	0.	1.	0.	0.	2.16884e-014	0.	0	
15.3846	50.867	694	0	151	210	210	151	179	1.54303	0.	-1.17191	1.54303	18.9219	0.	0.	1.	0.	0.	2.16884e-014	0.	0	
15.4009	61.3754	695	0	151	210	210	151	179	1.54303	0.	-1.17191	1.54303	18.9219	0.	0.	1.	0.	0.	2.16884e-014	0.	0	
15.4275	37.5955	696	0	151	210	210	151	179	1.54303	0.	-1.17191	1.54303	18.9219	0.	0.	1.	0.	0.	2.16884e-014	0.	0	
15.4494	45.6331	697	0	151	210	210	151	179	1.54303	0.	-1.17191	1.54303	18.9219	0.	0.	1.	0.	0.	2.16884e-014	0.	0	
15.4659	60.6584	698	0	151	210	210	151	179	1.54303	0.	-1.17191	1.54303	18.9219	0.	0.	1.	0.	0.	2.16884e-014	0.	0	
15.4847	53.0483	699	0	151	210	210	151	179	1.54303	0.	-1.17191	1.54303	18.9219	0.	0.	1.	0.	0.	2.16884e-014	0.	0	
15.5065	46.0479	700	0	151	210	210	151	179	1.54303	0.	-1.17191	1.54303	18.9219	0.	0.	1.	0.	0.	2.16884e-014	0.	0	
15.5293	43.7153	701	0	151	210	210	151	179	1.54303	0.	-1.17191	1.54303	18.9219	0.	0.	1.	0.	0.	2.16884e-014	0.	0	
15.5512	45.6633	702	0	151	210	210	151	179	1.54303	0.	-1.17191	1.54303	18.9219	0.	0.	1.	0.	0.	2.16884e-014	0.	0	
15.5679	60.0058	703	0	151	210	210	151	179	1.54303	0.	-1.17191	1.54303	18.9219	0.	0.	1.	0.	0.	2.16884e-014	0.	0	
15.5926	40.4819	704	0	151	210	210	151	179	1.54303	0.	-1.17191	1.54303	18.9219	0.	0.	1.	0.	0.	2.16884e-014	0.	0	
15.617	41.0645	705	0	151	210	210	151	179	1.54303	0.	-1.17191	1.54303	18.9219	0.	0.	1.	0.	0.	2.16884e-014	0.	0	
15.6329	62.7471	706	0	151	210	210	151	179	1.54303	0.	-1.17191	1.54303	18.9219	0.	0.	1.	0.	0.	2.16884e-014	0.	0	
15.6551	44.9978	707	0	151	210	210	151	179	1.54303	0.	-1.17191	1.54303	18.9219	0.	0.	1.	0.	0.	2.16884e-014	0.	0	
15.6816	37.7351	708	0	151	210	210	151	179	1.54303	0.	-1.17191	1.54303	18.9219	0.	0.	1.	0.	0.	2.16884e-014	0.	0	
15.6989	57.8716	709	0	151	210	210	151	179	1.54303	0.	-1.17191	1.54303	18.9219	0.	0.	1.	0.	0.	2.16884e-014	0.	0	
15.7187	50.4257	710	0	151	210	210	151	179	1.54303	0.	-1.17191	1.54303	18.9219	0.	0.	1.	0.	0.	2.16884e-014	0.	0	
15.7349	61.8278	711	0	151	210	210	151	179	1.54303	0.	-1.17191	1.54303	18.9219	0.	0.	1.	0.	0.	2.16884e-014	0.	0	
15.7574	44.4419	712	0	151	210	210	151	179	1.54303	0.	-1.17191	1.54303	18.9219	0.	0.	1.	0.	0.	2.16884e-014	0.	0	
15.7796	45.1321	713	0	151	210	210	151	179	1.54303	0.	-1.17191	1.54303	18.9219	0.	0.	1.	0.	0.	2.16884e-014	0.	0	

