TrialReplay

Frame:	2
1.	0.	0.	0.	
0.	1.	0.	0.	
0.	0.	1.	0.	
0.	0.	0.	1.	
Dynamic:	0	

Frame:	3
1.	0.	0.	0.	
0.	1.	0.	0.	
0.	0.	1.	0.	
0.	0.	0.	1.	
Dynamic:	0	

Frame:	4
1.	0.	0.	0.	
0.	1.	0.	0.	
0.	0.	1.	0.	
0.	0.	0.	1.	
Dynamic:	0	

Frame:	5
1.	0.	0.	0.	
0.	1.	0.	0.	
0.	0.	1.	0.	
0.	0.	0.	1.	
Dynamic:	0	

Frame:	6
1.	0.	0.	0.	
0.	1.	0.	0.	
0.	0.	1.	0.	
0.	0.	0.	1.	
Dynamic:	0	

Frame:	7
1.	0.	0.	0.	
0.	1.	0.	0.	
0.	0.	1.	0.	
0.	0.	0.	1.	
Dynamic:	0	

Frame:	8
1.	0.	0.	0.	
0.	1.	0.	0.	
0.	0.	1.	0.	
0.	0.	0.	1.	
Dynamic:	0	

Frame:	9
1.	0.	0.	0.	
0.	1.	0.	0.	
0.	0.	1.	0.	
0.	0.	0.	1.	
Dynamic:	0	

Frame:	10
1.	0.	0.	0.	
0.	1.	0.	0.	
0.	0.	1.	0.	
0.	0.	0.	1.	
Dynamic:	0	

Frame:	11
1.	0.	0.	0.	
0.	1.	0.	0.	
0.	0.	1.	0.	
0.	0.	0.	1.	
Dynamic:	0	

Frame:	12
1.	0.	0.	0.	
0.	1.	0.	0.	
0.	0.	1.	0.	
0.	0.	0.	1.	
Dynamic:	0	

Frame:	13
1.	0.	0.	0.	
0.	1.	0.	0.	
0.	0.	1.	0.	
0.	0.	0.	1.	
Dynamic:	0	

Frame:	14
1.	0.	0.	0.	
0.	1.	0.	0.	
0.	0.	1.	0.	
0.	0.	0.	1.	
Dynamic:	0	

Frame:	15
1.	0.	0.	0.	
0.	1.	0.	0.	
0.	0.	1.	0.	
0.	0.	0.	1.	
Dynamic:	0	

Frame:	16
1.	0.	0.	0.	
0.	1.	0.	0.	
0.	0.	1.	0.	
0.	0.	0.	1.	
Dynamic:	0	

Frame:	17
1.	0.	0.	0.	
0.	1.	0.	0.	
0.	0.	1.	0.	
0.	0.	0.	1.	
Dynamic:	0	

Frame:	18
1.	0.	0.	0.	
0.	1.	0.	0.	
0.	0.	1.	0.	
0.	0.	0.	1.	
Dynamic:	0	

Frame:	19
1.	0.	0.	0.	
0.	1.	0.	0.	
0.	0.	1.	0.	
0.	0.	0.	1.	
Dynamic:	0	

Frame:	20
1.	0.	0.	0.	
0.	1.	0.	0.	
0.	0.	1.	0.	
0.	0.	0.	1.	
Dynamic:	0	

Frame:	21
1.	0.	0.	0.	
0.	1.	0.	0.	
0.	0.	1.	0.	
0.	0.	0.	1.	
Dynamic:	0	

Frame:	22
1.	0.	0.	0.	
0.	1.	0.	0.	
0.	0.	1.	0.	
0.	0.	0.	1.	
Dynamic:	0	

Frame:	23
1.	0.	0.	0.	
0.	1.	0.	0.	
0.	0.	1.	0.	
0.	0.	0.	1.	
Dynamic:	0	

Frame:	24
1.	0.	0.	0.	
0.	1.	0.	0.	
0.	0.	1.	0.	
0.	0.	0.	1.	
Dynamic:	0	

Frame:	25
1.	0.	0.	0.	
0.	1.	0.	0.	
0.	0.	1.	0.	
0.	0.	0.	1.	
Dynamic:	0	

Frame:	26
1.	0.	0.	0.	
0.	1.	0.	0.	
0.	0.	1.	0.	
0.	0.	0.	1.	
Dynamic:	0	

Frame:	27
1.	0.	0.	0.	
0.	1.	0.	0.	
0.	0.	1.	0.	
0.	0.	0.	1.	
Dynamic:	0	

Frame:	28
1.	0.	0.	0.	
0.	1.	0.	0.	
0.	0.	1.	0.	
0.	0.	0.	1.	
Dynamic:	0	

Frame:	29
1.	0.	0.	0.	
0.	1.	0.	0.	
0.	0.	1.	0.	
0.	0.	0.	1.	
Dynamic:	0	

Frame:	30
1.	0.	0.	0.	
0.	1.	0.	0.	
0.	0.	1.	0.	
0.	0.	0.	1.	
Dynamic:	0	

Frame:	31
1.	0.	0.	0.	
0.	1.	0.	0.	
0.	0.	1.	0.	
0.	0.	0.	1.	
Dynamic:	0	

Frame:	32
1.	0.	0.	0.	
0.	1.	0.	0.	
0.	0.	1.	0.	
0.	0.	0.	1.	
Dynamic:	0	

Frame:	33
1.	0.	0.	0.	
0.	1.	0.	0.	
0.	0.	1.	0.	
0.	0.	0.	1.	
Dynamic:	0	

Frame:	34
1.	0.	0.	0.	
0.	1.	0.	0.	
0.	0.	1.	0.	
0.	0.	0.	1.	
Dynamic:	0	

Frame:	35
1.	0.	0.	0.	
0.	1.	0.	0.	
0.	0.	1.	0.	
0.	0.	0.	1.	
Dynamic:	0	

Frame:	36
1.	0.	0.	0.	
0.	1.	0.	0.	
0.	0.	1.	0.	
0.	0.	0.	1.	
Dynamic:	0	

Frame:	37
1.	0.	0.	0.	
0.	1.	0.	0.	
0.	0.	1.	0.	
0.	0.	0.	1.	
Dynamic:	0	

Frame:	38
1.	0.	0.	0.	
0.	1.	0.	0.	
0.	0.	1.	0.	
0.	0.	0.	1.	
Dynamic:	0	

Frame:	39
1.	0.	0.	0.	
0.	1.	0.	0.	
0.	0.	1.	0.	
0.	0.	0.	1.	
Dynamic:	0	

Frame:	40
1.	0.	0.	0.	
0.	1.	0.	0.	
0.	0.	1.	0.	
0.	0.	0.	1.	
Dynamic:	0	

Frame:	41
1.	0.	0.	0.	
0.	1.	0.	0.	
0.	0.	1.	0.	
0.	0.	0.	1.	
Dynamic:	0	

Frame:	42
1.	0.	0.	0.	
0.	1.	0.	0.	
0.	0.	1.	0.	
0.	0.	0.	1.	
Dynamic:	0	

Frame:	43
1.	0.	0.	0.	
0.	1.	0.	0.	
0.	0.	1.	0.	
0.	0.	0.	1.	
Dynamic:	0	

Frame:	44
1.	0.	0.	0.	
0.	1.	0.	0.	
0.	0.	1.	0.	
0.	0.	0.	1.	
Dynamic:	0	

Frame:	45
1.	0.	0.	0.	
0.	1.	0.	0.	
0.	0.	1.	0.	
0.	0.	0.	1.	
Dynamic:	0	

Frame:	46
1.	0.	0.	0.	
0.	1.	0.	0.	
0.	0.	1.	0.	
0.	0.	0.	1.	
Dynamic:	0	

Frame:	47
1.	0.	0.	0.	
0.	1.	0.	0.	
0.	0.	1.	0.	
0.	0.	0.	1.	
Dynamic:	0	

Frame:	48
1.	0.	0.	0.	
0.	1.	0.	0.	
0.	0.	1.	0.	
0.	0.	0.	1.	
Dynamic:	0	

Frame:	49
1.	0.	0.	0.	
0.	1.	0.	0.	
0.	0.	1.	0.	
0.	0.	0.	1.	
Dynamic:	0	

Frame:	50
1.	0.	0.	0.	
0.	1.	0.	0.	
0.	0.	1.	0.	
0.	0.	0.	1.	
Dynamic:	0	

Frame:	51
1.	0.	0.	0.	
0.	1.	0.	0.	
0.	0.	1.	0.	
0.	0.	0.	1.	
Dynamic:	0	

Frame:	52
1.	0.	0.	0.	
0.	1.	0.	0.	
0.	0.	1.	0.	
0.	0.	0.	1.	
Dynamic:	0	

Frame:	53
1.	0.	0.	0.	
0.	1.	0.	0.	
0.	0.	1.	0.	
0.	0.	0.	1.	
Dynamic:	0	

Frame:	54
1.	0.	0.	0.	
0.	1.	0.	0.	
0.	0.	1.	0.	
0.	0.	0.	1.	
Dynamic:	0	

Frame:	55
1.	0.	0.	0.	
0.	1.	0.	0.	
0.	0.	1.	0.	
0.	0.	0.	1.	
Dynamic:	0	

Frame:	56
1.	0.	0.	0.	
0.	1.	0.	0.	
0.	0.	1.	0.	
0.	0.	0.	1.	
Dynamic:	0	

Frame:	57
1.	0.	0.	0.	
0.	1.	0.	0.	
0.	0.	1.	0.	
0.	0.	0.	1.	
Dynamic:	0	

Frame:	58
1.	0.	0.	0.	
0.	1.	0.	0.	
0.	0.	1.	0.	
0.	0.	0.	1.	
Dynamic:	0	

Frame:	59
1.	0.	0.	0.	
0.	1.	0.	0.	
0.	0.	1.	0.	
0.	0.	0.	1.	
Dynamic:	0	

Frame:	60
1.	0.	0.	0.	
0.	1.	0.	0.	
0.	0.	1.	0.	
0.	0.	0.	1.	
Dynamic:	0	

Frame:	61
1.	0.	0.	0.	
0.	1.	0.	0.	
0.	0.	1.	0.	
0.	0.	0.	1.	
Dynamic:	0	

Frame:	62
1.	0.	0.	0.	
0.	1.	0.	0.	
0.	0.	1.	0.	
0.	0.	0.	1.	
Dynamic:	0	

Frame:	63
1.	0.	0.	0.	
0.	1.	0.	0.	
0.	0.	1.	0.	
0.	0.	0.	1.	
Dynamic:	0	

Frame:	64
1.	0.	0.	0.	
0.	1.	0.	0.	
0.	0.	1.	0.	
0.	0.	0.	1.	
Dynamic:	0	

Frame:	65
1.	0.	0.	0.	
0.	1.	0.	0.	
0.	0.	1.	0.	
0.	0.	0.	1.	
Dynamic:	0	

Frame:	66
1.	0.	0.	0.	
0.	1.	0.	0.	
0.	0.	1.	0.	
0.	0.	0.	1.	
Dynamic:	0	

Frame:	67
1.	0.	0.	0.	
0.	1.	0.	0.	
0.	0.	1.	0.	
0.	0.	0.	1.	
Dynamic:	0	

Frame:	68
1.	0.	0.	0.	
0.	1.	0.	0.	
0.	0.	1.	0.	
0.	0.	0.	1.	
Dynamic:	0	

Frame:	69
1.	0.	0.	0.	
0.	1.	0.	0.	
0.	0.	1.	0.	
0.	0.	0.	1.	
Dynamic:	0	

Frame:	70
1.	0.	0.	0.	
0.	1.	0.	0.	
0.	0.	1.	0.	
0.	0.	0.	1.	
Dynamic:	0	

Frame:	71
1.	0.	0.	0.	
0.	1.	0.	0.	
0.	0.	1.	0.	
0.	0.	0.	1.	
Dynamic:	0	

Frame:	72
1.	0.	0.	0.	
0.	1.	0.	0.	
0.	0.	1.	0.	
0.	0.	0.	1.	
Dynamic:	0	

Frame:	73
1.	0.	0.	0.	
0.	1.	0.	0.	
0.	0.	1.	0.	
0.	0.	0.	1.	
Dynamic:	0	

Frame:	74
1.	0.	0.	0.	
0.	1.	0.	0.	
0.	0.	1.	0.	
0.	0.	0.	1.	
Dynamic:	0	

Frame:	75
1.	0.	0.	0.	
0.	1.	0.	0.	
0.	0.	1.	0.	
0.	0.	0.	1.	
Dynamic:	0	

Frame:	76
1.	0.	0.	0.	
0.	1.	0.	0.	
0.	0.	1.	0.	
0.	0.	0.	1.	
Dynamic:	0	

Frame:	77
1.	0.	0.	0.	
0.	1.	0.	0.	
0.	0.	1.	0.	
0.	0.	0.	1.	
Dynamic:	0	

Frame:	78
1.	0.	0.	0.	
0.	1.	0.	0.	
0.	0.	1.	0.	
0.	0.	0.	1.	
Dynamic:	0	

Frame:	79
1.	0.	0.	0.	
0.	1.	0.	0.	
0.	0.	1.	0.	
0.	0.	0.	1.	
Dynamic:	0	

Frame:	80
1.	0.	0.	0.	
0.	1.	0.	0.	
0.	0.	1.	0.	
0.	0.	0.	1.	
Dynamic:	0	

Frame:	81
1.	0.	0.	0.	
0.	1.	0.	0.	
0.	0.	1.	0.	
0.	0.	0.	1.	
Dynamic:	0	

Frame:	82
1.	0.	0.	0.	
0.	1.	0.	0.	
0.	0.	1.	0.	
0.	0.	0.	1.	
Dynamic:	0	

Frame:	83
1.	0.	0.	0.	
0.	1.	0.	0.	
0.	0.	1.	0.	
0.	0.	0.	1.	
Dynamic:	0	

Frame:	84
1.	0.	0.	0.	
0.	1.	0.	0.	
0.	0.	1.	0.	
0.	0.	0.	1.	
Dynamic:	0	

Frame:	85
1.	0.	0.	0.	
0.	1.	0.	0.	
0.	0.	1.	0.	
0.	0.	0.	1.	
Dynamic:	0	

Frame:	86
1.	0.	0.	0.	
0.	1.	0.	0.	
0.	0.	1.	0.	
0.	0.	0.	1.	
Dynamic:	0	

Frame:	87
1.	0.	0.	0.	
0.	1.	0.	0.	
0.	0.	1.	0.	
0.	0.	0.	1.	
Dynamic:	0	

Frame:	88
1.	0.	0.	0.	
0.	1.	0.	0.	
0.	0.	1.	0.	
0.	0.	0.	1.	
Dynamic:	0	

Frame:	89
1.	0.	0.	0.	
0.	1.	0.	0.	
0.	0.	1.	0.	
0.	0.	0.	1.	
Dynamic:	0	

Frame:	90
1.	0.	0.	0.	
0.	1.	0.	0.	
0.	0.	1.	0.	
0.	0.	0.	1.	
Dynamic:	0	

Frame:	91
1.	0.	0.	0.	
0.	1.	0.	0.	
0.	0.	1.	0.	
0.	0.	0.	1.	
Dynamic:	0	

Frame:	92
1.	0.	0.	0.	
0.	1.	0.	0.	
0.	0.	1.	0.	
0.	0.	0.	1.	
Dynamic:	0	

Frame:	93
1.	0.	0.	0.	
0.	1.	0.	0.	
0.	0.	1.	0.	
0.	0.	0.	1.	
Dynamic:	0	

Frame:	94
1.	0.	0.	0.	
0.	1.	0.	0.	
0.	0.	1.	0.	
0.	0.	0.	1.	
Dynamic:	0	

Frame:	95
1.	0.	0.	0.	
0.	1.	0.	0.	
0.	0.	1.	0.	
0.	0.	0.	1.	
Dynamic:	0	

Frame:	96
1.	0.	0.	0.	
0.	1.	0.	0.	
0.	0.	1.	0.	
0.	0.	0.	1.	
Dynamic:	0	

Frame:	97
1.	0.	0.	0.	
0.	1.	0.	0.	
0.	0.	1.	0.	
0.	0.	0.	1.	
Dynamic:	0	

Frame:	98
1.	0.	0.	0.	
0.	1.	0.	0.	
0.	0.	1.	0.	
0.	0.	0.	1.	
Dynamic:	0	

Frame:	99
1.	0.	0.	0.	
0.	1.	0.	0.	
0.	0.	1.	0.	
0.	0.	0.	1.	
Dynamic:	0	

Frame:	100
1.	0.	0.	0.	
0.	1.	0.	0.	
0.	0.	1.	0.	
0.	0.	0.	1.	
Dynamic:	0	

Frame:	101
1.	0.	0.	0.	
0.	1.	0.	0.	
0.	0.	1.	0.	
0.	0.	0.	1.	
Dynamic:	0	

Frame:	102
1.	0.	0.	0.	
0.	1.	0.	0.	
0.	0.	1.	0.	
0.	0.	0.	1.	
Dynamic:	0	

Frame:	103
1.	0.	0.	0.	
0.	1.	0.	0.	
0.	0.	1.	0.	
0.	0.	0.	1.	
Dynamic:	0	

Frame:	104
1.	0.	0.	0.	
0.	1.	0.	0.	
0.	0.	1.	0.	
0.	0.	0.	1.	
Dynamic:	0	

Frame:	105
1.	0.	0.	0.	
0.	1.	0.	0.	
0.	0.	1.	0.	
0.	0.	0.	1.	
Dynamic:	0	

Frame:	106
1.	0.	0.	0.	
0.	1.	0.	0.	
0.	0.	1.	0.	
0.	0.	0.	1.	
Dynamic:	0	

Frame:	107
1.	0.	0.	0.	
0.	1.	0.	0.	
0.	0.	1.	0.	
0.	0.	0.	1.	
Dynamic:	0	

Frame:	108
1.	0.	0.	0.	
0.	1.	0.	0.	
0.	0.	1.	0.	
0.	0.	0.	1.	
Dynamic:	0	

Frame:	109
1.	0.	0.	0.	
0.	1.	0.	0.	
0.	0.	1.	0.	
0.	0.	0.	1.	
Dynamic:	0	

Frame:	110
1.	0.	0.	0.	
0.	1.	0.	0.	
0.	0.	1.	0.	
0.	0.	0.	1.	
Dynamic:	0	

Frame:	111
1.	0.	0.	0.	
0.	1.	0.	0.	
0.	0.	1.	0.	
0.	0.	0.	1.	
Dynamic:	0	

Frame:	112
1.	0.	0.	0.	
0.	1.	0.	0.	
0.	0.	1.	0.	
0.	0.	0.	1.	
Dynamic:	0	

Frame:	113
1.	0.	0.	0.	
0.	1.	0.	0.	
0.	0.	1.	0.	
0.	0.	0.	1.	
Dynamic:	0	

Frame:	114
1.	0.	0.	0.	
0.	1.	0.	0.	
0.	0.	1.	0.	
0.	0.	0.	1.	
Dynamic:	0	

Frame:	115
1.	0.	0.	0.	
0.	1.	0.	0.	
0.	0.	1.	0.	
0.	0.	0.	1.	
Dynamic:	0	

Frame:	116
1.	0.	0.	0.	
0.	1.	0.	0.	
0.	0.	1.	0.	
0.	0.	0.	1.	
Dynamic:	0	

Frame:	117
1.	0.	0.	0.	
0.	1.	0.	0.	
0.	0.	1.	0.	
0.	0.	0.	1.	
Dynamic:	0	

Frame:	118
1.	0.	0.	0.	
0.	1.	0.	0.	
0.	0.	1.	0.	
0.	0.	0.	1.	
Dynamic:	0	

Frame:	119
1.	0.	0.	0.	
0.	1.	0.	0.	
0.	0.	1.	0.	
0.	0.	0.	1.	
Dynamic:	0	

Frame:	120
1.	0.	0.	0.	
0.	1.	0.	0.	
0.	0.	1.	0.	
0.	0.	0.	1.	
Dynamic:	0	

Frame:	121
1.	0.	0.	0.	
0.	1.	0.	0.	
0.	0.	1.	0.	
0.	0.	0.	1.	
Dynamic:	0	

Frame:	122
1.	0.	0.	0.	
0.	1.	0.	0.	
0.	0.	1.	0.	
0.	0.	0.	1.	
Dynamic:	0	

Frame:	123
1.	0.	0.	0.	
0.	1.	0.	0.	
0.	0.	1.	0.	
0.	0.	0.	1.	
Dynamic:	0	

Frame:	124
1.	0.	0.	0.	
0.	1.	0.	0.	
0.	0.	1.	0.	
0.	0.	0.	1.	
Dynamic:	0	

Frame:	125
1.	0.	0.	0.	
0.	1.	0.	0.	
0.	0.	1.	0.	
0.	0.	0.	1.	
Dynamic:	0	

Frame:	126
1.	0.	0.	0.	
0.	1.	0.	0.	
0.	0.	1.	0.	
0.	0.	0.	1.	
Dynamic:	0	

Frame:	127
1.	0.	0.	0.	
0.	1.	0.	0.	
0.	0.	1.	0.	
0.	0.	0.	1.	
Dynamic:	0	

Frame:	128
1.	0.	0.	0.	
0.	1.	0.	0.	
0.	0.	1.	0.	
0.	0.	0.	1.	
Dynamic:	0	

Frame:	129
1.	0.	0.	0.	
0.	1.	0.	0.	
0.	0.	1.	0.	
0.	0.	0.	1.	
Dynamic:	0	

Frame:	130
1.	0.	0.	0.	
0.	1.	0.	0.	
0.	0.	1.	0.	
0.	0.	0.	1.	
Dynamic:	0	

Frame:	131
1.	0.	0.	0.	
0.	1.	0.	0.	
0.	0.	1.	0.	
0.	0.	0.	1.	
Dynamic:	0	

Frame:	132
1.	0.	0.	0.	
0.	1.	0.	0.	
0.	0.	1.	0.	
0.	0.	0.	1.	
Dynamic:	0	

Frame:	133
1.	0.	0.	0.	
0.	1.	0.	0.	
0.	0.	1.	0.	
0.	0.	0.	1.	
Dynamic:	0	

Frame:	134
1.	0.	0.	0.	
0.	1.	0.	0.	
0.	0.	1.	0.	
0.	0.	0.	1.	
Dynamic:	0	

Frame:	135
1.	0.	0.	0.	
0.	1.	0.	0.	
0.	0.	1.	0.	
0.	0.	0.	1.	
Dynamic:	0	

Frame:	136
1.	0.	0.	0.	
0.	1.	0.	0.	
0.	0.	1.	0.	
0.	0.	0.	1.	
Dynamic:	0	

Frame:	137
1.	0.	0.	0.	
0.	1.	0.	0.	
0.	0.	1.	0.	
0.	0.	0.	1.	
Dynamic:	0	

Frame:	138
1.	0.	0.	0.	
0.	1.	0.	0.	
0.	0.	1.	0.	
0.	0.	0.	1.	
Dynamic:	0	

Frame:	139
1.	0.	0.	0.	
0.	1.	0.	0.	
0.	0.	1.	0.	
0.	0.	0.	1.	
Dynamic:	0	

Frame:	140
1.	0.	0.	0.	
0.	1.	0.	0.	
0.	0.	1.	0.	
0.	0.	0.	1.	
Dynamic:	0	

Frame:	141
1.	0.	0.	0.	
0.	1.	0.	0.	
0.	0.	1.	0.	
0.	0.	0.	1.	
Dynamic:	0	

Frame:	142
1.	0.	0.	0.	
0.	1.	0.	0.	
0.	0.	1.	0.	
0.	0.	0.	1.	
Dynamic:	0	

Frame:	143
1.	0.	0.	0.	
0.	1.	0.	0.	
0.	0.	1.	0.	
0.	0.	0.	1.	
Dynamic:	0	

Frame:	144
1.	0.	0.	0.	
0.	1.	0.	0.	
0.	0.	1.	0.	
0.	0.	0.	1.	
Dynamic:	0	

Frame:	145
1.	0.	0.	0.	
0.	1.	0.	0.	
0.	0.	1.	0.	
0.	0.	0.	1.	
Dynamic:	0	

Frame:	146
1.	0.	0.	0.	
0.	1.	0.	0.	
0.	0.	1.	0.	
0.	0.	0.	1.	
Dynamic:	0	

Frame:	147
1.	0.	0.	0.	
0.	1.	0.	0.	
0.	0.	1.	0.	
0.	0.	0.	1.	
Dynamic:	0	

Frame:	148
1.	0.	0.	0.	
0.	1.	0.	0.	
0.	0.	1.	0.	
0.	0.	0.	1.	
Dynamic:	0	

Frame:	149
1.	0.	0.	0.	
0.	1.	0.	0.	
0.	0.	1.	0.	
0.	0.	0.	1.	
Dynamic:	0	

Frame:	150
1.	0.	0.	0.	
0.	1.	0.	0.	
0.	0.	1.	0.	
0.	0.	0.	1.	
Dynamic:	0	

Frame:	151
1.	0.	0.	0.	
0.	1.	0.	0.	
0.	0.	1.	0.	
0.	0.	0.	1.	
Dynamic:	0	

Frame:	152
1.	0.	0.	0.	
0.	1.	0.	0.	
0.	0.	1.	0.	
0.	0.	0.	1.	
Dynamic:	0	

Frame:	153
1.	0.	0.	0.	
0.	1.	0.	0.	
0.	0.	1.	0.	
0.	0.	0.	1.	
Dynamic:	0	

Frame:	154
1.	0.	0.	0.	
0.	1.	0.	0.	
0.	0.	1.	0.	
0.	0.	0.	1.	
Dynamic:	0	

Frame:	155
1.	0.	0.	0.	
0.	1.	0.	0.	
0.	0.	1.	0.	
0.	0.	0.	1.	
Dynamic:	0	

Frame:	156
1.	0.	0.	0.	
0.	1.	0.	0.	
0.	0.	1.	0.	
0.	0.	0.	1.	
Dynamic:	0	

Frame:	157
1.	0.	0.	0.	
0.	1.	0.	0.	
0.	0.	1.	0.	
0.	0.	0.	1.	
Dynamic:	0	

Frame:	158
1.	0.	0.	0.	
0.	1.	0.	0.	
0.	0.	1.	0.	
0.	0.	0.	1.	
Dynamic:	0	

Frame:	159
1.	0.	0.	0.	
0.	1.	0.	0.	
0.	0.	1.	0.	
0.	0.	0.	1.	
Dynamic:	0	

Frame:	160
1.	0.	0.	0.	
0.	1.	0.	0.	
0.	0.	1.	0.	
0.	0.	0.	1.	
Dynamic:	0	

Frame:	161
1.	0.	0.	0.	
0.	1.	0.	0.	
0.	0.	1.	0.	
0.	0.	0.	1.	
Dynamic:	0	

Frame:	162
1.	0.	0.	0.	
0.	1.	0.	0.	
0.	0.	1.	0.	
0.	0.	0.	1.	
Dynamic:	0	

Frame:	163
1.	0.	0.	0.	
0.	1.	0.	0.	
0.	0.	1.	0.	
0.	0.	0.	1.	
Dynamic:	0	

Frame:	164
1.	0.	0.	0.	
0.	1.	0.	0.	
0.	0.	1.	0.	
0.	0.	0.	1.	
Dynamic:	0	

Frame:	165
1.	0.	0.	0.	
0.	1.	0.	0.	
0.	0.	1.	0.	
0.	0.	0.	1.	
Dynamic:	0	

Frame:	166
1.	0.	0.	0.	
0.	1.	0.	0.	
0.	0.	1.	0.	
0.	0.	0.	1.	
Dynamic:	0	

Frame:	167
1.	0.	0.	0.	
0.	1.	0.	0.	
0.	0.	1.	0.	
0.	0.	0.	1.	
Dynamic:	0	

Frame:	168
1.	0.	0.	0.	
0.	1.	0.	0.	
0.	0.	1.	0.	
0.	0.	0.	1.	
Dynamic:	0	

Frame:	169
1.	0.	0.	0.	
0.	1.	0.	0.	
0.	0.	1.	0.	
0.	0.	0.	1.	
Dynamic:	0	

Frame:	170
1.	0.	0.	0.	
0.	1.	0.	0.	
0.	0.	1.	0.	
0.	0.	0.	1.	
Dynamic:	0	

Frame:	171
1.	0.	0.	0.	
0.	1.	0.	0.	
0.	0.	1.	0.	
0.	0.	0.	1.	
Dynamic:	0	

Frame:	172
1.	0.	0.	0.	
0.	1.	0.	0.	
0.	0.	1.	0.	
0.	0.	0.	1.	
Dynamic:	0	

Frame:	173
1.	0.	0.	0.	
0.	1.	0.	0.	
0.	0.	1.	0.	
0.	0.	0.	1.	
Dynamic:	0	

Frame:	174
1.	0.	0.	0.	
0.	1.	0.	0.	
0.	0.	1.	0.	
0.	0.	0.	1.	
Dynamic:	0	

Frame:	175
1.	0.	0.	0.	
0.	1.	0.	0.	
0.	0.	1.	0.	
0.	0.	0.	1.	
Dynamic:	0	

Frame:	176
1.	0.	0.	0.	
0.	1.	0.	0.	
0.	0.	1.	0.	
0.	0.	0.	1.	
Dynamic:	0	

Frame:	177
1.	0.	0.	0.	
0.	1.	0.	0.	
0.	0.	1.	0.	
0.	0.	0.	1.	
Dynamic:	0	

Frame:	178
1.	0.	0.	0.	
0.	1.	0.	0.	
0.	0.	1.	0.	
0.	0.	0.	1.	
Dynamic:	0	

Frame:	179
1.	0.	0.	0.	
0.	1.	0.	0.	
0.	0.	1.	0.	
0.	0.	0.	1.	
Dynamic:	0	

Frame:	180
1.	0.	0.	0.	
0.	1.	0.	0.	
0.	0.	1.	0.	
0.	0.	0.	1.	
Dynamic:	0	

Frame:	181
1.	0.	0.	0.	
0.	1.	0.	0.	
0.	0.	1.	0.	
0.	0.	0.	1.	
Dynamic:	0	

Frame:	182
1.	0.	0.	0.	
0.	1.	0.	0.	
0.	0.	1.	0.	
0.	0.	0.	1.	
Dynamic:	0	

Frame:	183
1.	0.	0.	0.	
0.	1.	0.	0.	
0.	0.	1.	0.	
0.	0.	0.	1.	
Dynamic:	0	

Frame:	184
1.	0.	0.	0.	
0.	1.	0.	0.	
0.	0.	1.	0.	
0.	0.	0.	1.	
Dynamic:	0	

Frame:	185
1.	0.	0.	0.	
0.	1.	0.	0.	
0.	0.	1.	0.	
0.	0.	0.	1.	
Dynamic:	0	

Frame:	186
1.	0.	0.	0.	
0.	1.	0.	0.	
0.	0.	1.	0.	
0.	0.	0.	1.	
Dynamic:	0	

Frame:	187
1.	0.	0.	0.	
0.	1.	0.	0.	
0.	0.	1.	0.	
0.	0.	0.	1.	
Dynamic:	0	

Frame:	188
1.	0.	0.	0.	
0.	1.	0.	0.	
0.	0.	1.	0.	
0.	0.	0.	1.	
Dynamic:	0	

Frame:	189
1.	0.	0.	0.	
0.	1.	0.	0.	
0.	0.	1.	0.	
0.	0.	0.	1.	
Dynamic:	0	

Frame:	190
1.	0.	0.	0.	
0.	1.	0.	0.	
0.	0.	1.	0.	
0.	0.	0.	1.	
Dynamic:	0	

Frame:	191
1.	0.	0.	0.	
0.	1.	0.	0.	
0.	0.	1.	0.	
0.	0.	0.	1.	
Dynamic:	0	

Frame:	192
1.	9.33955e-004	0.	0.	
-9.33955e-004	1.	0.	0.	
0.	0.	1.	0.	
-2.22483e-003	3.17582e-002	0.	1.	
Dynamic:	0	

Frame:	193
0.999997	2.25321e-003	0.	0.	
-2.25321e-003	0.999997	0.	0.	
0.	0.	1.	0.	
-5.47315e-003	7.76527e-002	0.	1.	
Dynamic:	0	

Frame:	194
0.999994	3.37116e-003	0.	0.	
-3.37116e-003	0.999994	0.	0.	
0.	0.	1.	0.	
-8.34593e-003	0.120098	0.	1.	
Dynamic:	0	

Frame:	195
0.999932	1.17028e-002	0.	0.	
-1.17028e-002	0.999932	0.	0.	
0.	0.	1.	0.	
-2.80605e-002	0.174357	0.	1.	
Dynamic:	0	

Frame:	196
0.999939	1.10868e-002	0.	0.	
-1.10868e-002	0.999939	0.	0.	
0.	0.	1.	0.	
-2.76128e-002	0.203819	0.	1.	
Dynamic:	0	

Frame:	197
0.999951	9.94278e-003	0.	0.	
-9.94278e-003	0.999951	0.	0.	
0.	0.	1.	0.	
-2.65511e-002	0.233723	0.	1.	
Dynamic:	0	

Frame:	198
0.999966	8.23396e-003	0.	0.	
-8.23396e-003	0.999966	0.	0.	
0.	0.	1.	0.	
-2.46609e-002	0.256861	0.	1.	
Dynamic:	0	

Frame:	199
0.999968	7.98906e-003	0.	0.	
-7.98906e-003	0.999968	0.	0.	
0.	0.	1.	0.	
-2.57062e-002	0.282347	0.	1.	
Dynamic:	0	

Frame:	200
0.999973	7.33059e-003	0.	0.	
-7.33059e-003	0.999973	0.	0.	
0.	0.	1.	0.	
-2.55942e-002	0.293721	0.	1.	
Dynamic:	0	

Frame:	201
0.999979	6.52923e-003	0.	0.	
-6.52923e-003	0.999979	0.	0.	
0.	0.	1.	0.	
-2.51103e-002	0.297977	0.	1.	
Dynamic:	0	

Frame:	202
0.999983	5.8051e-003	0.	0.	
-5.8051e-003	0.999983	0.	0.	
0.	0.	1.	0.	
-2.49345e-002	0.302153	0.	1.	
Dynamic:	0	

Frame:	203
0.999986	5.27189e-003	0.	0.	
-5.27189e-003	0.999986	0.	0.	
0.	0.	1.	0.	
-2.56384e-002	0.313376	0.	1.	
Dynamic:	0	

Frame:	204
0.999989	4.60159e-003	0.	0.	
-4.60159e-003	0.999989	0.	0.	
0.	0.	1.	0.	
-2.56321e-002	0.31387	0.	1.	
Dynamic:	0	

Frame:	205
0.99995	9.99237e-003	0.	0.	
-9.99237e-003	0.99995	0.	0.	
0.	0.	1.	0.	
-2.46505e-002	0.317242	0.	1.	
Dynamic:	0	

Frame:	206
0.999963	8.60748e-003	0.	0.	
-8.60748e-003	0.999963	0.	0.	
0.	0.	1.	0.	
-2.66426e-002	0.328977	0.	1.	
Dynamic:	0	

Frame:	207
0.999969	7.85738e-003	0.	0.	
-7.85738e-003	0.999969	0.	0.	
0.	0.	1.	0.	
-2.93683e-002	0.347435	0.	1.	
Dynamic:	0	

Frame:	208
0.999976	6.95685e-003	0.	0.	
-6.95685e-003	0.999976	0.	0.	
0.	0.	1.	0.	
-3.18077e-002	0.358759	0.	1.	
Dynamic:	0	

Frame:	209
0.999979	6.41757e-003	0.	0.	
-6.41757e-003	0.999979	0.	0.	
0.	0.	1.	0.	
-3.62943e-002	0.387777	0.	1.	
Dynamic:	0	

Frame:	210
0.999983	5.80896e-003	0.	0.	
-5.80896e-003	0.999983	0.	0.	
0.	0.	1.	0.	
-4.12815e-002	0.416786	0.	1.	
Dynamic:	0	

Frame:	211
0.999983	-5.9096e-003	0.	0.	
5.9096e-003	0.999983	0.	0.	
0.	0.	1.	0.	
-7.02153e-002	0.430487	0.	1.	
Dynamic:	0	

Frame:	212
0.999924	1.23624e-002	0.	0.	
-1.23624e-002	0.999924	0.	0.	
0.	0.	1.	0.	
-2.32902e-002	0.454174	0.	1.	
Dynamic:	0	

Frame:	213
0.999934	1.1469e-002	0.	0.	
-1.1469e-002	0.999934	0.	0.	
0.	0.	1.	0.	
-2.61834e-002	0.454478	0.	1.	
Dynamic:	0	

Frame:	214
0.999956	9.37084e-003	0.	0.	
-9.37084e-003	0.999956	0.	0.	
0.	0.	1.	0.	
-3.39372e-002	0.45506	0.	1.	
Dynamic:	0	

Frame:	215
0.999971	7.65651e-003	0.	0.	
-7.65651e-003	0.999971	0.	0.	
0.	0.	1.	0.	
-4.10556e-002	0.455424	0.	1.	
Dynamic:	0	

Frame:	216
0.99998	6.2558e-003	0.	0.	
-6.2558e-003	0.99998	0.	0.	
0.	0.	1.	0.	
-5.13199e-002	0.454987	0.	1.	
Dynamic:	0	

Frame:	217
0.999924	1.23624e-002	0.	0.	
-1.23624e-002	0.999924	0.	0.	
0.	0.	1.	0.	
-2.13459e-002	0.454533	0.	1.	
Dynamic:	0	

Frame:	218
0.999953	9.74473e-003	0.	0.	
-9.74473e-003	0.999953	0.	0.	
0.	0.	1.	0.	
-3.69788e-002	0.45418	0.	1.	
Dynamic:	0	

Frame:	219
0.999968	7.97419e-003	0.	0.	
-7.97419e-003	0.999968	0.	0.	
0.	0.	1.	0.	
-4.82629e-002	0.453804	0.	1.	
Dynamic:	0	

Frame:	220
0.999979	6.52533e-003	0.	0.	
-6.52533e-003	0.999979	0.	0.	
0.	0.	1.	0.	
-5.81621e-002	0.45336	0.	1.	
Dynamic:	0	

Frame:	221
0.999986	5.33971e-003	0.	0.	
-5.33971e-003	0.999986	0.	0.	
0.	0.	1.	0.	
-6.69048e-002	0.45286	0.	1.	
Dynamic:	0	

Frame:	222
0.999981	-6.19448e-003	0.	0.	
6.19448e-003	0.999981	0.	0.	
0.	0.	1.	0.	
-0.149592	0.43814	0.	1.	
Dynamic:	0	

Frame:	223
0.999924	1.23624e-002	0.	0.	
-1.23624e-002	0.999924	0.	0.	
0.	0.	1.	0.	
-8.17369e-003	0.457753	0.	1.	
Dynamic:	0	

Frame:	224
0.999953	9.66333e-003	0.	0.	
-9.66333e-003	0.999953	0.	0.	
0.	0.	1.	0.	
-3.06976e-002	0.455843	0.	1.	
Dynamic:	0	

Frame:	225
0.999969	7.92064e-003	0.	0.	
-7.92064e-003	0.999969	0.	0.	
0.	0.	1.	0.	
-4.62666e-002	0.454383	0.	1.	
Dynamic:	0	

Frame:	226
0.999979	6.49222e-003	0.	0.	
-6.49222e-003	0.999979	0.	0.	
0.	0.	1.	0.	
-5.9753e-002	0.453014	0.	1.	
Dynamic:	0	

Frame:	227
0.999986	5.3214e-003	0.	0.	
-5.3214e-003	0.999986	0.	0.	
0.	0.	1.	0.	
-7.17669e-002	0.451652	0.	1.	
Dynamic:	0	

Frame:	228
0.999941	1.09063e-002	0.	0.	
-1.09063e-002	0.999941	0.	0.	
0.	0.	1.	0.	
-1.62441e-002	0.457907	0.	1.	
Dynamic:	0	

Frame:	229
0.999965	8.35036e-003	0.	0.	
-8.35036e-003	0.999965	0.	0.	
0.	0.	1.	0.	
-4.35302e-002	0.454478	0.	1.	
Dynamic:	0	

Frame:	230
0.999976	6.85622e-003	0.	0.	
-6.85622e-003	0.999976	0.	0.	
0.	0.	1.	0.	
-6.03877e-002	0.452235	0.	1.	
Dynamic:	0	

Frame:	231
0.999984	5.62943e-003	0.	0.	
-5.62943e-003	0.999984	0.	0.	
0.	0.	1.	0.	
-7.47604e-002	0.450243	0.	1.	
Dynamic:	0	

Frame:	232
0.999989	4.62214e-003	0.	0.	
-4.62214e-003	0.999989	0.	0.	
0.	0.	1.	0.	
-8.72058e-002	0.448418	0.	1.	
Dynamic:	0	

Frame:	233
0.999986	-5.34778e-003	0.	0.	
5.34778e-003	0.999986	0.	0.	
0.	0.	1.	0.	
-0.207173	0.422351	0.	1.	
Dynamic:	0	

Frame:	234
0.999928	1.20042e-002	0.	0.	
-1.20042e-002	0.999928	0.	0.	
0.	0.	1.	0.	
9.21298e-003	0.464041	0.	1.	
Dynamic:	0	

Frame:	235
0.999967	8.10902e-003	0.	0.	
-8.10902e-003	0.999967	0.	0.	
0.	0.	1.	0.	
-4.22019e-002	0.455556	0.	1.	
Dynamic:	0	

Frame:	236
0.999978	6.66966e-003	0.	0.	
-6.66966e-003	0.999978	0.	0.	
0.	0.	1.	0.	
-6.21289e-002	0.452161	0.	1.	
Dynamic:	0	

Frame:	237
0.999985	5.48577e-003	0.	0.	
-5.48577e-003	0.999985	0.	0.	
0.	0.	1.	0.	
-7.90048e-002	0.449215	0.	1.	
Dynamic:	0	

Frame:	238
0.99999	4.51203e-003	0.	0.	
-4.51203e-003	0.99999	0.	0.	
0.	0.	1.	0.	
-9.3717e-002	0.446519	0.	1.	
Dynamic:	0	

Frame:	239
0.99999	-4.44253e-003	0.	0.	
4.44253e-003	0.99999	0.	0.	
0.	0.	1.	0.	
-0.224686	0.415707	0.	1.	
Dynamic:	0	

Frame:	240
0.999935	1.14452e-002	0.	0.	
-1.14452e-002	0.999935	0.	0.	
0.	0.	1.	0.	
1.50957e-002	0.467841	0.	1.	
Dynamic:	0	

Frame:	241
0.999972	7.54516e-003	0.	0.	
-7.54516e-003	0.999972	0.	0.	
0.	0.	1.	0.	
-4.6413e-002	0.455661	0.	1.	
Dynamic:	0	

Frame:	242
0.999981	6.21655e-003	0.	0.	
-6.21655e-003	0.999981	0.	0.	
0.	0.	1.	0.	
-6.8062e-002	0.451304	0.	1.	
Dynamic:	0	

Frame:	243
0.999987	5.12189e-003	0.	0.	
-5.12189e-003	0.999987	0.	0.	
0.	0.	1.	0.	
-8.6528e-002	0.447494	0.	1.	
Dynamic:	0	

Frame:	244
0.999991	4.21998e-003	0.	0.	
-4.21998e-003	0.999991	0.	0.	
0.	0.	1.	0.	
-0.102079	0.44423	0.	1.	
Dynamic:	0	

Frame:	245
0.999961	8.85048e-003	0.	0.	
-8.85048e-003	0.999961	0.	0.	
0.	0.	1.	0.	
-2.14522e-002	0.461532	0.	1.	
Dynamic:	0	

Frame:	246
0.999978	6.5922e-003	0.	0.	
-6.5922e-003	0.999978	0.	0.	
0.	0.	1.	0.	
-6.17292e-002	0.452643	0.	1.	
Dynamic:	0	

Frame:	247
0.999985	5.44043e-003	0.	0.	
-5.44043e-003	0.999985	0.	0.	
0.	0.	1.	0.	
-8.27695e-002	0.447935	0.	1.	
Dynamic:	0	

Frame:	248
0.99999	4.48989e-003	0.	0.	
-4.48989e-003	0.99999	0.	0.	
0.	0.	1.	0.	
-0.100542	0.443893	0.	1.	
Dynamic:	0	

Frame:	249
0.999993	3.70543e-003	0.	0.	
-3.70543e-003	0.999993	0.	0.	
0.	0.	1.	0.	
-0.115545	0.440423	0.	1.	
Dynamic:	0	

Frame:	250
0.999992	-4.03036e-003	0.	0.	
4.03036e-003	0.999992	0.	0.	
0.	0.	1.	0.	
-0.264411	0.399021	0.	1.	
Dynamic:	0	

Frame:	251
0.999953	9.67823e-003	0.	0.	
-9.67823e-003	0.999953	0.	0.	
0.	0.	1.	0.	
6.88079e-003	0.470837	0.	1.	
Dynamic:	0	

Frame:	252
0.99998	6.35839e-003	0.	0.	
-6.35839e-003	0.99998	0.	0.	
0.	0.	1.	0.	
-6.07413e-002	0.454017	0.	1.	
Dynamic:	0	

Frame:	253
0.999986	5.25577e-003	0.	0.	
-5.25577e-003	0.999986	0.	0.	
0.	0.	1.	0.	
-8.36772e-002	0.448268	0.	1.	
Dynamic:	0	

Frame:	254
0.999991	4.34435e-003	0.	0.	
-4.34435e-003	0.999991	0.	0.	
0.	0.	1.	0.	
-0.103024	0.443357	0.	1.	
Dynamic:	0	

Frame:	255
0.999994	3.59098e-003	0.	0.	
-3.59098e-003	0.999994	0.	0.	
0.	0.	1.	0.	
-0.119334	0.439163	0.	1.	
Dynamic:	0	

Frame:	256
0.999994	3.45502e-003	0.	0.	
-3.45502e-003	0.999994	0.	0.	
0.	0.	1.	0.	
-0.122335	0.43838	0.	1.	
Dynamic:	0	

Frame:	257
0.99998	6.29083e-003	0.	0.	
-6.29083e-003	0.99998	0.	0.	
0.	0.	1.	0.	
-5.85818e-002	0.455358	0.	1.	
Dynamic:	0	

Frame:	258
0.999986	5.20758e-003	0.	0.	
-5.20758e-003	0.999986	0.	0.	
0.	0.	1.	0.	
-8.33809e-002	0.448632	0.	1.	
Dynamic:	0	

Frame:	259
0.999991	4.31085e-003	0.	0.	
-4.31085e-003	0.999991	0.	0.	
0.	0.	1.	0.	
-0.104288	0.442901	0.	1.	
Dynamic:	0	

Frame:	260
0.999994	3.56854e-003	0.	0.	
-3.56854e-003	0.999994	0.	0.	
0.	0.	1.	0.	
-0.121907	0.438017	0.	1.	
Dynamic:	0	

Frame:	261
0.999995	3.27571e-003	0.	0.	
-3.27571e-003	0.999995	0.	0.	
0.	0.	1.	0.	
-0.128979	0.436034	0.	1.	
Dynamic:	0	

Frame:	262
0.999993	-3.87219e-003	0.	0.	
3.87219e-003	0.999993	0.	0.	
0.	0.	1.	0.	
-0.302036	0.380773	0.	1.	
Dynamic:	0	

Frame:	263
0.999969	7.92758e-003	0.	0.	
-7.92758e-003	0.999969	0.	0.	
0.	0.	1.	0.	
-9.94912e-003	0.471231	0.	1.	
Dynamic:	0	

Frame:	264
0.999986	5.27599e-003	0.	0.	
-5.27599e-003	0.999986	0.	0.	
0.	0.	1.	0.	
-7.71994e-002	0.451392	0.	1.	
Dynamic:	0	

Frame:	265
0.99999	4.37336e-003	0.	0.	
-4.37336e-003	0.99999	0.	0.	
0.	0.	1.	0.	
-0.100475	0.444486	0.	1.	
Dynamic:	0	

Frame:	266
0.999993	3.62515e-003	0.	0.	
-3.62515e-003	0.999993	0.	0.	
0.	0.	1.	0.	
-0.120081	0.438618	0.	1.	
Dynamic:	0	

Frame:	267
0.999995	3.00494e-003	0.	0.	
-3.00494e-003	0.999995	0.	0.	
0.	0.	1.	0.	
-0.13659	0.43363	0.	1.	
Dynamic:	0	

Frame:	268
0.999996	2.88268e-003	0.	0.	
-2.88268e-003	0.999996	0.	0.	
0.	0.	1.	0.	
-0.139895	0.432621	0.	1.	
Dynamic:	0	

Frame:	269
0.999986	5.25828e-003	0.	0.	
-5.25828e-003	0.999986	0.	0.	
0.	0.	1.	0.	
-7.47339e-002	0.452814	0.	1.	
Dynamic:	0	

Frame:	270
0.99999	4.3639e-003	0.	0.	
-4.3639e-003	0.99999	0.	0.	
0.	0.	1.	0.	
-9.96247e-002	0.444996	0.	1.	
Dynamic:	0	

Frame:	271
0.999993	3.62164e-003	0.	0.	
-3.62164e-003	0.999993	0.	0.	
0.	0.	1.	0.	
-0.120589	0.438359	0.	1.	
Dynamic:	0	

Frame:	272
0.999995	3.00564e-003	0.	0.	
-3.00564e-003	0.999995	0.	0.	
0.	0.	1.	0.	
-0.13824	0.432725	0.	1.	
Dynamic:	0	

Frame:	273
0.999996	2.73172e-003	0.	0.	
-2.73172e-003	0.999996	0.	0.	
0.	0.	1.	0.	
-0.146201	0.430161	0.	1.	
Dynamic:	0	

Frame:	274
0.999995	-3.09106e-003	0.	0.	
3.09106e-003	0.999995	0.	0.	
0.	0.	1.	0.	
-0.315582	0.370177	0.	1.	
Dynamic:	0	

Frame:	275
0.999978	6.66505e-003	0.	0.	
-6.66505e-003	0.999978	0.	0.	
0.	0.	1.	0.	
-2.6456e-002	0.470282	0.	1.	
Dynamic:	0	

Frame:	276
0.99999	4.38245e-003	0.	0.	
-4.38245e-003	0.99999	0.	0.	
0.	0.	1.	0.	
-9.54915e-002	0.447185	0.	1.	
Dynamic:	0	

Frame:	277
0.999993	3.64082e-003	0.	0.	
-3.64082e-003	0.999993	0.	0.	
0.	0.	1.	0.	
-0.118231	0.439544	0.	1.	
Dynamic:	0	

Frame:	278
0.999995	3.0247e-003	0.	0.	
-3.0247e-003	0.999995	0.	0.	
0.	0.	1.	0.	
-0.137374	0.433066	0.	1.	
Dynamic:	0	

Frame:	279
0.999997	2.59676e-003	0.	0.	
-2.59676e-003	0.999997	0.	0.	
0.	0.	1.	0.	
-0.150844	0.428475	0.	1.	
Dynamic:	0	

Frame:	280
0.999997	2.37751e-003	0.	0.	
-2.37751e-003	0.999997	0.	0.	
0.	0.	1.	0.	
-0.157834	0.426074	0.	1.	
Dynamic:	0	

Frame:	281
0.999991	4.34424e-003	0.	0.	
-4.34424e-003	0.999991	0.	0.	
0.	0.	1.	0.	
-9.43676e-002	0.448132	0.	1.	
Dynamic:	0	

Frame:	282
0.999993	3.61222e-003	0.	0.	
-3.61222e-003	0.999993	0.	0.	
0.	0.	1.	0.	
-0.118277	0.439734	0.	1.	
Dynamic:	0	

Frame:	283
0.999995	3.00354e-003	0.	0.	
-3.00354e-003	0.999995	0.	0.	
0.	0.	1.	0.	
-0.138404	0.43262	0.	1.	
Dynamic:	0	

Frame:	284
0.999997	2.45274e-003	0.	0.	
-2.45274e-003	0.999997	0.	0.	
0.	0.	1.	0.	
-0.15684	0.426062	0.	1.	
Dynamic:	0	

Frame:	285
0.999997	2.24644e-003	0.	0.	
-2.24644e-003	0.999997	0.	0.	
0.	0.	1.	0.	
-0.163827	0.423558	0.	1.	
Dynamic:	0	

Frame:	286
0.999997	-2.38726e-003	0.	0.	
2.38726e-003	0.999997	0.	0.	
0.	0.	1.	0.	
-0.32079	0.363044	0.	1.	
Dynamic:	0	

Frame:	287
0.999985	5.50056e-003	0.	0.	
-5.50056e-003	0.999985	0.	0.	
0.	0.	1.	0.	
-4.92781e-002	0.465894	0.	1.	
Dynamic:	0	

Frame:	288
0.999994	3.58516e-003	0.	0.	
-3.58516e-003	0.999994	0.	0.	
0.	0.	1.	0.	
-0.116369	0.441121	0.	1.	
Dynamic:	0	

Frame:	289
0.999996	2.9831e-003	0.	0.	
-2.9831e-003	0.999996	0.	0.	
0.	0.	1.	0.	
-0.137704	0.433215	0.	1.	
Dynamic:	0	

Frame:	290
0.999997	2.31548e-003	0.	0.	
-2.31548e-003	0.999997	0.	0.	
0.	0.	1.	0.	
-0.161631	0.424299	0.	1.	
Dynamic:	0	

Frame:	291
0.999998	2.1213e-003	0.	0.	
-2.1213e-003	0.999998	0.	0.	
0.	0.	1.	0.	
-0.168668	0.421662	0.	1.	
Dynamic:	0	

Frame:	292
0.999998	1.94341e-003	0.	0.	
-1.94341e-003	0.999998	0.	0.	
0.	0.	1.	0.	
-0.175185	0.419202	0.	1.	
Dynamic:	0	

Frame:	293
0.999994	3.59836e-003	0.	0.	
-3.59836e-003	0.999994	0.	0.	
0.	0.	1.	0.	
-0.113927	0.442535	0.	1.	
Dynamic:	0	

Frame:	294
0.999996	2.95366e-003	0.	0.	
-2.95366e-003	0.999996	0.	0.	
0.	0.	1.	0.	
-0.138038	0.433273	0.	1.	
Dynamic:	0	

Frame:	295
0.999998	2.18003e-003	0.	0.	
-2.18003e-003	0.999998	0.	0.	
0.	0.	1.	0.	
-0.167281	0.421987	0.	1.	
Dynamic:	0	

Frame:	296
0.999998	1.99758e-003	0.	0.	
-1.99758e-003	0.999998	0.	0.	
0.	0.	1.	0.	
-0.174146	0.419344	0.	1.	
Dynamic:	0	

Frame:	297
0.999998	1.83039e-003	0.	0.	
-1.83039e-003	0.999998	0.	0.	
0.	0.	1.	0.	
-0.180389	0.416947	0.	1.	
Dynamic:	0	

Frame:	298
0.999999	1.6772e-003	0.	0.	
-1.6772e-003	0.999999	0.	0.	
0.	0.	1.	0.	
-0.186048	0.414786	0.	1.	
Dynamic:	0	

Frame:	299
0.999995	3.07133e-003	0.	0.	
-3.07133e-003	0.999995	0.	0.	
0.	0.	1.	0.	
-0.130659	0.436825	0.	1.	
Dynamic:	0	

Frame:	300
0.999998	2.11057e-003	0.	0.	
-2.11057e-003	0.999998	0.	0.	
0.	0.	1.	0.	
-0.168221	0.42197	0.	1.	
Dynamic:	0	

Frame:	301
0.999998	1.9341e-003	0.	0.	
-1.9341e-003	0.999998	0.	0.	
0.	0.	1.	0.	
-0.174684	0.419505	0.	1.	
Dynamic:	0	

Frame:	302
0.999998	1.77239e-003	0.	0.	
-1.77239e-003	0.999998	0.	0.	
0.	0.	1.	0.	
-0.180411	0.417363	0.	1.	
Dynamic:	0	

Frame:	303
0.999999	1.6242e-003	0.	0.	
-1.6242e-003	0.999999	0.	0.	
0.	0.	1.	0.	
-0.185133	0.41572	0.	1.	
Dynamic:	0	

Frame:	304
0.999999	1.4884e-003	0.	0.	
-1.4884e-003	0.999999	0.	0.	
0.	0.	1.	0.	
-0.189712	0.414063	0.	1.	
Dynamic:	0	

Frame:	305
0.999996	2.65425e-003	0.	0.	
-2.65425e-003	0.999996	0.	0.	
0.	0.	1.	0.	
-0.139972	0.43468	0.	1.	
Dynamic:	0	

Frame:	306
0.999998	1.85829e-003	0.	0.	
-1.85829e-003	0.999998	0.	0.	
0.	0.	1.	0.	
-0.172332	0.421564	0.	1.	
Dynamic:	0	

Frame:	307
0.999999	1.70291e-003	0.	0.	
-1.70291e-003	0.999999	0.	0.	
0.	0.	1.	0.	
-0.176979	0.420034	0.	1.	
Dynamic:	0	

Frame:	308
0.999999	1.56052e-003	0.	0.	
-1.56052e-003	0.999999	0.	0.	
0.	0.	1.	0.	
-0.181851	0.418257	0.	1.	
Dynamic:	0	

Frame:	309
0.999999	1.35605e-003	0.	0.	
-1.35605e-003	0.999999	0.	0.	
0.	0.	1.	0.	
-0.189569	0.415263	0.	1.	
Dynamic:	0	

Frame:	310
0.999999	1.28041e-003	0.	0.	
-1.28041e-003	0.999999	0.	0.	
0.	0.	1.	0.	
-0.191846	0.414515	0.	1.	
Dynamic:	0	

Frame:	311
0.999997	2.44096e-003	0.	0.	
-2.44096e-003	0.999997	0.	0.	
0.	0.	1.	0.	
-0.137568	0.438062	0.	1.	
Dynamic:	0	

Frame:	312
0.999999	1.61e-003	0.	0.	
-1.61e-003	0.999999	0.	0.	
0.	0.	1.	0.	
-0.174482	0.42241	0.	1.	
Dynamic:	0	

Frame:	313
0.999999	1.47523e-003	0.	0.	
-1.47523e-003	0.999999	0.	0.	
0.	0.	1.	0.	
-0.180523	0.419841	0.	1.	
Dynamic:	0	

Frame:	314
0.999999	1.23002e-003	0.	0.	
-1.23002e-003	0.999999	0.	0.	
0.	0.	1.	0.	
-0.191611	0.415109	0.	1.	
Dynamic:	0	

Frame:	315
0.999999	1.1613e-003	0.	0.	
-1.1613e-003	0.999999	0.	0.	
0.	0.	1.	0.	
-0.194746	0.413766	0.	1.	
Dynamic:	0	

Frame:	316
0.999999	1.09641e-003	0.	0.	
-1.09641e-003	0.999999	0.	0.	
0.	0.	1.	0.	
-0.197731	0.412482	0.	1.	
Dynamic:	0	

Frame:	317
0.999998	2.23343e-003	0.	0.	
-2.23343e-003	0.999998	0.	0.	
0.	0.	1.	0.	
-0.14499	0.43529	0.	1.	
Dynamic:	0	

Frame:	318
0.999999	1.1994e-003	0.	0.	
-1.1994e-003	0.999999	0.	0.	
0.	0.	1.	0.	
-0.193357	0.414288	0.	1.	
Dynamic:	0	

Frame:	319
0.999999	1.09983e-003	0.	0.	
-1.09983e-003	0.999999	0.	0.	
0.	0.	1.	0.	
-0.198054	0.412243	0.	1.	
Dynamic:	0	

Frame:	320
0.999999	1.03821e-003	0.	0.	
-1.03821e-003	0.999999	0.	0.	
0.	0.	1.	0.	
-0.200985	0.410962	0.	1.	
Dynamic:	0	

Frame:	321
1.	9.80035e-004	0.	0.	
-9.80035e-004	1.	0.	0.	
0.	0.	1.	0.	
-0.203775	0.409739	0.	1.	
Dynamic:	0	

Frame:	322
1.	8.30308e-004	0.	0.	
-8.30308e-004	1.	0.	0.	
0.	0.	1.	0.	
-0.211014	0.406554	0.	1.	
Dynamic:	0	

Frame:	323
0.999998	2.15332e-003	0.	0.	
-2.15332e-003	0.999998	0.	0.	
0.	0.	1.	0.	
-0.146551	0.435071	0.	1.	
Dynamic:	0	

Frame:	324
0.999999	1.15639e-003	0.	0.	
-1.15639e-003	0.999999	0.	0.	
0.	0.	1.	0.	
-0.19551	0.413323	0.	1.	
Dynamic:	0	

Frame:	325
1.	6.21006e-004	0.	0.	
-6.21006e-004	1.	0.	0.	
0.	0.	1.	0.	
-0.222018	0.401528	0.	1.	
Dynamic:	0	

Frame:	326
1.	3.33494e-004	0.	0.	
-3.33494e-004	1.	0.	0.	
0.	0.	1.	0.	
-0.236368	0.395128	0.	1.	
Dynamic:	0	

Frame:	327
1.	1.79094e-004	0.	0.	
-1.79094e-004	1.	0.	0.	
0.	0.	1.	0.	
-0.244135	0.391653	0.	1.	
Dynamic:	0	

Frame:	328
1.	9.61776e-005	0.	0.	
-9.61776e-005	1.	0.	0.	
0.	0.	1.	0.	
-0.248339	0.389766	0.	1.	
Dynamic:	0	

Frame:	329
0.999996	2.76764e-003	0.	0.	
-2.76764e-003	0.999996	0.	0.	
0.	0.	1.	0.	
-0.111957	0.451401	0.	1.	
Dynamic:	0	

Frame:	330
0.999999	1.48629e-003	0.	0.	
-1.48629e-003	0.999999	0.	0.	
0.	0.	1.	0.	
-0.177847	0.421467	0.	1.	
Dynamic:	0	

Frame:	331
1.	7.98171e-004	0.	0.	
-7.98171e-004	1.	0.	0.	
0.	0.	1.	0.	
-0.213513	0.405252	0.	1.	
Dynamic:	0	

Frame:	332
1.	-4.32853e-004	0.	0.	
4.32853e-004	1.	0.	0.	
0.	0.	1.	0.	
-0.277418	0.375376	0.	1.	
Dynamic:	0	

Frame:	333
1.	6.29037e-004	0.	0.	
-6.29037e-004	1.	0.	0.	
0.	0.	1.	0.	
-0.221937	0.401497	0.	1.	
Dynamic:	0	

Frame:	334
1.	-4.35999e-004	0.	0.	
4.35999e-004	1.	0.	0.	
0.	0.	1.	0.	
-0.277991	0.375024	0.	1.	
Dynamic:	0	

Frame:	335
0.999997	2.63934e-003	0.	0.	
-2.63934e-003	0.999997	0.	0.	
0.	0.	1.	0.	
-0.114251	0.451248	0.	1.	
Dynamic:	0	

Frame:	336
0.999999	1.41739e-003	0.	0.	
-1.41739e-003	0.999999	0.	0.	
0.	0.	1.	0.	
-0.179917	0.420834	0.	1.	
Dynamic:	0	

Frame:	337
1.	7.61169e-004	0.	0.	
-7.61169e-004	1.	0.	0.	
0.	0.	1.	0.	
-0.21545	0.404366	0.	1.	
Dynamic:	0	

Frame:	338
1.	-4.10784e-004	0.	0.	
4.10784e-004	1.	0.	0.	
0.	0.	1.	0.	
-0.278999	0.374131	0.	1.	
Dynamic:	0	

Frame:	339
1.	5.98949e-004	0.	0.	
-5.98949e-004	1.	0.	0.	
0.	0.	1.	0.	
-0.223909	0.400516	0.	1.	
Dynamic:	0	

Frame:	340
1.	-4.14464e-004	0.	0.	
4.14464e-004	1.	0.	0.	
0.	0.	1.	0.	
-0.279588	0.373772	0.	1.	
Dynamic:	0	

Frame:	341
0.999998	1.99711e-003	0.	0.	
-1.99711e-003	0.999998	0.	0.	
0.	0.	1.	0.	
-0.145669	0.437318	0.	1.	
Dynamic:	0	

Frame:	342
0.999999	1.07249e-003	0.	0.	
-1.07249e-003	0.999999	0.	0.	
0.	0.	1.	0.	
-0.197502	0.412902	0.	1.	
Dynamic:	0	

Frame:	343
1.	5.75954e-004	0.	0.	
-5.75954e-004	1.	0.	0.	
0.	0.	1.	0.	
-0.225538	0.399682	0.	1.	
Dynamic:	0	

Frame:	344
1.	-5.39932e-004	0.	0.	
5.39932e-004	1.	0.	0.	
0.	0.	1.	0.	
-0.288484	0.368973	0.	1.	
Dynamic:	0	

Frame:	345
1.	5.59277e-004	0.	0.	
-5.59277e-004	1.	0.	0.	
0.	0.	1.	0.	
-0.226064	0.399518	0.	1.	
Dynamic:	0	

Frame:	346
1.	-5.4036e-004	0.	0.	
5.4036e-004	1.	0.	0.	
0.	0.	1.	0.	
-0.288931	0.368678	0.	1.	
Dynamic:	0	

Frame:	347
0.999999	1.41215e-003	0.	0.	
-1.41215e-003	0.999999	0.	0.	
0.	0.	1.	0.	
-0.176182	0.423398	0.	1.	
Dynamic:	0	

Frame:	348
1.	7.58358e-004	0.	0.	
-7.58358e-004	1.	0.	0.	
0.	0.	1.	0.	
-0.214346	0.405137	0.	1.	
Dynamic:	0	

Frame:	349
1.	-6.62181e-004	0.	0.	
6.62181e-004	1.	0.	0.	
0.	0.	1.	0.	
-0.297226	0.364245	0.	1.	
Dynamic:	0	

Frame:	350
1.	7.1383e-004	0.	0.	
-7.1383e-004	1.	0.	0.	
0.	0.	1.	0.	
-0.216436	0.404238	0.	1.	
Dynamic:	0	

Frame:	351
1.	-6.63492e-004	0.	0.	
6.63492e-004	1.	0.	0.	
0.	0.	1.	0.	
-0.29783	0.36385	0.	1.	
Dynamic:	0	

Frame:	352
1.	6.90525e-004	0.	0.	
-6.90525e-004	1.	0.	0.	
0.	0.	1.	0.	
-0.217304	0.40392	0.	1.	
Dynamic:	0	

Frame:	353
1.	-7.79271e-004	0.	0.	
7.79271e-004	1.	0.	0.	
0.	0.	1.	0.	
-0.305226	0.359966	0.	1.	
Dynamic:	0	

Frame:	354
1.	9.62973e-004	0.	0.	
-9.62973e-004	1.	0.	0.	
0.	0.	1.	0.	
-0.200209	0.412329	0.	1.	
Dynamic:	0	

Frame:	355
1.	-6.2542e-004	0.	0.	
6.2542e-004	1.	0.	0.	
0.	0.	1.	0.	
-0.296638	0.364292	0.	1.	
Dynamic:	0	

Frame:	356
1.	8.06694e-004	0.	0.	
-8.06694e-004	1.	0.	0.	
0.	0.	1.	0.	
-0.209203	0.408053	0.	1.	
Dynamic:	0	

Frame:	357
1.	-6.31858e-004	0.	0.	
6.31858e-004	1.	0.	0.	
0.	0.	1.	0.	
-0.29758	0.363719	0.	1.	
Dynamic:	0	

Frame:	358
1.	-7.71318e-004	0.	0.	
7.71318e-004	1.	0.	0.	
0.	0.	1.	0.	
-0.30613	0.359281	0.	1.	
Dynamic:	0	

Frame:	359
1.	-9.03502e-004	0.	0.	
9.03502e-004	1.	0.	0.	
0.	0.	1.	0.	
-0.314285	0.355042	0.	1.	
Dynamic:	0	

Frame:	360
0.999999	1.09117e-003	0.	0.	
-1.09117e-003	0.999999	0.	0.	
0.	0.	1.	0.	
-0.189476	0.418102	0.	1.	
Dynamic:	0	

Frame:	361
1.	-9.10254e-004	0.	0.	
9.10254e-004	1.	0.	0.	
0.	0.	1.	0.	
-0.315472	0.354308	0.	1.	
Dynamic:	0	

Frame:	362
0.999999	1.00741e-003	0.	0.	
-1.00741e-003	0.999999	0.	0.	
0.	0.	1.	0.	
-0.194048	0.415975	0.	1.	
Dynamic:	0	

Frame:	363
1.	-9.1375e-004	0.	0.	
9.1375e-004	1.	0.	0.	
0.	0.	1.	0.	
-0.316429	0.353698	0.	1.	
Dynamic:	0	

Frame:	364
0.999999	-1.10835e-003	0.	0.	
1.10835e-003	0.999999	0.	0.	
0.	0.	1.	0.	
-0.32881	0.347208	0.	1.	
Dynamic:	0	

Frame:	365
0.999999	-1.05817e-003	0.	0.	
1.05817e-003	0.999999	0.	0.	
0.	0.	1.	0.	
-0.325598	0.348894	0.	1.	
Dynamic:	0	

Frame:	366
0.999999	-1.01027e-003	0.	0.	
1.01027e-003	0.999999	0.	0.	
0.	0.	1.	0.	
-0.322514	0.350516	0.	1.	
Dynamic:	0	

Frame:	367
0.999999	1.36074e-003	0.	0.	
-1.36074e-003	0.999999	0.	0.	
0.	0.	1.	0.	
-0.167738	0.429674	0.	1.	
Dynamic:	0	

Frame:	368
0.999999	-1.02614e-003	0.	0.	
1.02614e-003	0.999999	0.	0.	
0.	0.	1.	0.	
-0.324458	0.349362	0.	1.	
Dynamic:	0	

Frame:	369
0.999999	1.20582e-003	0.	0.	
-1.20582e-003	0.999999	0.	0.	
0.	0.	1.	0.	
-0.17711	0.425118	0.	1.	
Dynamic:	0	

Frame:	370
0.999999	-1.38875e-003	0.	0.	
1.38875e-003	0.999999	0.	0.	
0.	0.	1.	0.	
-0.349224	0.336143	0.	1.	
Dynamic:	0	

Frame:	371
0.999999	-1.30434e-003	0.	0.	
1.30434e-003	0.999999	0.	0.	
0.	0.	1.	0.	
-0.343626	0.339108	0.	1.	
Dynamic:	0	

Frame:	372
0.999999	-1.22505e-003	0.	0.	
1.22505e-003	0.999999	0.	0.	
0.	0.	1.	0.	
-0.338337	0.341913	0.	1.	
Dynamic:	0	

Frame:	373
0.999999	-1.15059e-003	0.	0.	
1.15059e-003	0.999999	0.	0.	
0.	0.	1.	0.	
-0.333341	0.344568	0.	1.	
Dynamic:	0	

Frame:	374
0.999999	1.23284e-003	0.	0.	
-1.23284e-003	0.999999	0.	0.	
0.	0.	1.	0.	
-0.171462	0.42859	0.	1.	
Dynamic:	0	

Frame:	375
0.999999	-1.15559e-003	0.	0.	
1.15559e-003	0.999999	0.	0.	
0.	0.	1.	0.	
-0.334598	0.343779	0.	1.	
Dynamic:	0	

Frame:	376
0.999999	-1.64027e-003	0.	0.	
1.64027e-003	0.999999	0.	0.	
0.	0.	1.	0.	
-0.36768	0.326138	0.	1.	
Dynamic:	0	

Frame:	377
0.999999	-1.65409e-003	0.	0.	
1.65409e-003	0.999999	0.	0.	
0.	0.	1.	0.	
-0.368629	0.325631	0.	1.	
Dynamic:	0	

Frame:	378
0.999999	-1.55195e-003	0.	0.	
1.55195e-003	0.999999	0.	0.	
0.	0.	1.	0.	
-0.361577	0.3294	0.	1.	
Dynamic:	0	

Frame:	379
0.999999	-1.45611e-003	0.	0.	
1.45611e-003	0.999999	0.	0.	
0.	0.	1.	0.	
-0.354924	0.33296	0.	1.	
Dynamic:	0	

Frame:	380
0.999999	1.63455e-003	0.	0.	
-1.63455e-003	0.999999	0.	0.	
0.	0.	1.	0.	
-0.13784	0.446593	0.	1.	
Dynamic:	0	

Frame:	381
0.999998	-2.21885e-003	0.	0.	
2.21885e-003	0.999998	0.	0.	
0.	0.	1.	0.	
-0.409666	0.303474	0.	1.	
Dynamic:	0	

Frame:	382
0.999998	-2.01162e-003	0.	0.	
2.01162e-003	0.999998	0.	0.	
0.	0.	1.	0.	
-0.395035	0.311321	0.	1.	
Dynamic:	0	

Frame:	383
0.999998	-1.82375e-003	0.	0.	
1.82375e-003	0.999998	0.	0.	
0.	0.	1.	0.	
-0.3817	0.318486	0.	1.	
Dynamic:	0	

Frame:	384
0.999999	-1.65343e-003	0.	0.	
1.65343e-003	0.999999	0.	0.	
0.	0.	1.	0.	
-0.369545	0.325026	0.	1.	
Dynamic:	0	

Frame:	385
0.999998	-1.79761e-003	0.	0.	
1.79761e-003	0.999998	0.	0.	
0.	0.	1.	0.	
-0.37989	0.319453	0.	1.	
Dynamic:	0	

Frame:	386
0.999998	2.04291e-003	0.	0.	
-2.04291e-003	0.999998	0.	0.	
0.	0.	1.	0.	
-0.101222	0.466448	0.	1.	
Dynamic:	0	

Frame:	387
0.999996	-2.744e-003	0.	0.	
2.744e-003	0.999996	0.	0.	
0.	0.	1.	0.	
-0.450042	0.281482	0.	1.	
Dynamic:	0	

Frame:	388
0.999997	-2.48307e-003	0.	0.	
2.48307e-003	0.999997	0.	0.	
0.	0.	1.	0.	
-0.431006	0.291746	0.	1.	
Dynamic:	0	

Frame:	389
0.999997	-2.24695e-003	0.	0.	
2.24695e-003	0.999997	0.	0.	
0.	0.	1.	0.	
-0.41369	0.301097	0.	1.	
Dynamic:	0	

Frame:	390
0.999998	-2.03328e-003	0.	0.	
2.03328e-003	0.999998	0.	0.	
0.	0.	1.	0.	
-0.39794	0.309615	0.	1.	
Dynamic:	0	

Frame:	391
0.999998	-1.83993e-003	0.	0.	
1.83993e-003	0.999998	0.	0.	
0.	0.	1.	0.	
-0.383613	0.317374	0.	1.	
Dynamic:	0	

Frame:	392
0.999994	-3.36147e-003	0.	0.	
3.36147e-003	0.999994	0.	0.	
0.	0.	1.	0.	
-0.496995	0.256015	0.	1.	
Dynamic:	0	

Frame:	393
0.999996	-2.79783e-003	0.	0.	
2.79783e-003	0.999996	0.	0.	
0.	0.	1.	0.	
-0.454762	0.278863	0.	1.	
Dynamic:	0	

Frame:	394
0.999997	-2.52654e-003	0.	0.	
2.52654e-003	0.999997	0.	0.	
0.	0.	1.	0.	
-0.434332	0.289935	0.	1.	
Dynamic:	0	

Frame:	395
0.999997	-2.28156e-003	0.	0.	
2.28156e-003	0.999997	0.	0.	
0.	0.	1.	0.	
-0.415789	0.299998	0.	1.	
Dynamic:	0	

Frame:	396
0.999997	2.49571e-003	0.	0.	
-2.49571e-003	0.999997	0.	0.	
0.	0.	1.	0.	
-5.05851e-002	0.494678	0.	1.	
Dynamic:	0	

Frame:	397
0.999997	-2.30233e-003	0.	0.	
2.30233e-003	0.999997	0.	0.	
0.	0.	1.	0.	
-0.419253	0.297982	0.	1.	
Dynamic:	0	

Frame:	398
0.999991	-4.20068e-003	0.	0.	
4.20068e-003	0.999991	0.	0.	
0.	0.	1.	0.	
-0.565248	0.218757	0.	1.	
Dynamic:	0	

Frame:	399
0.999994	-3.39497e-003	0.	0.	
3.39497e-003	0.999994	0.	0.	
0.	0.	1.	0.	
-0.502947	0.252542	0.	1.	
Dynamic:	0	

Frame:	400
0.999995	-3.0588e-003	0.	0.	
3.0588e-003	0.999995	0.	0.	
0.	0.	1.	0.	
-0.476828	0.266734	0.	1.	
Dynamic:	0	

Frame:	401
0.999996	-2.75592e-003	0.	0.	
2.75592e-003	0.999996	0.	0.	
0.	0.	1.	0.	
-0.453179	0.2796	0.	1.	
Dynamic:	0	

Frame:	402
0.999996	2.79965e-003	0.	0.	
-2.79965e-003	0.999996	0.	0.	
0.	0.	1.	0.	
-1.54476e-002	0.514101	0.	1.	
Dynamic:	0	

Frame:	403
0.999984	-5.5811e-003	0.	0.	
5.5811e-003	0.999984	0.	0.	
0.	0.	1.	0.	
-0.678358	0.157231	0.	1.	
Dynamic:	0	

Frame:	404
0.99999	-4.4637e-003	0.	0.	
4.4637e-003	0.99999	0.	0.	
0.	0.	1.	0.	
-0.589679	0.2053	0.	1.	
Dynamic:	0	

Frame:	405
0.999994	-3.57001e-003	0.	0.	
3.57001e-003	0.999994	0.	0.	
0.	0.	1.	0.	
-0.518437	0.244027	0.	1.	
Dynamic:	0	

Frame:	406
0.999994	-3.4279e-003	0.	0.	
3.4279e-003	0.999994	0.	0.	
0.	0.	1.	0.	
-0.507055	0.250223	0.	1.	
Dynamic:	0	

Frame:	407
0.999995	-3.08077e-003	0.	0.	
3.08077e-003	0.999995	0.	0.	
0.	0.	1.	0.	
-0.479116	0.265448	0.	1.	
Dynamic:	0	

Frame:	408
0.999984	-5.60247e-003	0.	0.	
5.60247e-003	0.999984	0.	0.	
0.	0.	1.	0.	
-0.683209	0.154493	0.	1.	
Dynamic:	0	

Frame:	409
0.99999	-4.45449e-003	0.	0.	
4.45449e-003	0.99999	0.	0.	
0.	0.	1.	0.	
-0.589801	0.205202	0.	1.	
Dynamic:	0	

Frame:	410
0.999992	-4.11443e-003	0.	0.	
4.11443e-003	0.999992	0.	0.	
0.	0.	1.	0.	
-0.562004	0.220321	0.	1.	
Dynamic:	0	

Frame:	411
0.999993	-3.68771e-003	0.	0.	
3.68771e-003	0.999993	0.	0.	
0.	0.	1.	0.	
-0.526959	0.239402	0.	1.	
Dynamic:	0	

Frame:	412
0.99999	4.38834e-003	0.	0.	
-4.38834e-003	0.99999	0.	0.	
0.	0.	1.	0.	
0.141628	0.598621	0.	1.	
Dynamic:	0	

Frame:	413
0.999971	-7.61425e-003	0.	0.	
7.61425e-003	0.999971	0.	0.	
0.	0.	1.	0.	
-0.856161	6.08758e-002	0.	1.	
Dynamic:	0	

Frame:	414
0.999982	-6.01524e-003	0.	0.	
6.01524e-003	0.999982	0.	0.	
0.	0.	1.	0.	
-0.72269	0.13305	0.	1.	
Dynamic:	0	

Frame:	415
0.999989	-4.75202e-003	0.	0.	
4.75202e-003	0.999989	0.	0.	
0.	0.	1.	0.	
-0.616815	0.190495	0.	1.	
Dynamic:	0	

Frame:	416
0.999993	-3.75408e-003	0.	0.	
3.75408e-003	0.999993	0.	0.	
0.	0.	1.	0.	
-0.532818	0.236188	0.	1.	
Dynamic:	0	

Frame:	417
0.999991	-4.21042e-003	0.	0.	
4.21042e-003	0.999991	0.	0.	
0.	0.	1.	0.	
-0.57141	0.215184	0.	1.	
Dynamic:	0	

Frame:	418
0.999971	-7.62394e-003	0.	0.	
7.62394e-003	0.999971	0.	0.	
0.	0.	1.	0.	
-0.861791	5.79051e-002	0.	1.	
Dynamic:	0	

Frame:	419
0.999982	-5.98085e-003	0.	0.	
5.98085e-003	0.999982	0.	0.	
0.	0.	1.	0.	
-0.721271	0.133835	0.	1.	
Dynamic:	0	

Frame:	420
0.999989	-4.69186e-003	0.	0.	
4.69186e-003	0.999989	0.	0.	
0.	0.	1.	0.	
-0.610592	0.193831	0.	1.	
Dynamic:	0	

Frame:	421
0.999987	-5.01352e-003	0.	0.	
5.01352e-003	0.999987	0.	0.	
0.	0.	1.	0.	
-0.638337	0.17878	0.	1.	
Dynamic:	0	

Frame:	422
0.999983	5.91236e-003	0.	0.	
-5.91236e-003	0.999983	0.	0.	
0.	0.	1.	0.	
0.310357	0.688269	0.	1.	
Dynamic:	0	

Frame:	423
0.999946	-1.03638e-002	0.	0.	
1.03638e-002	0.999946	0.	0.	
0.	0.	1.	0.	
-1.10945	-7.46206e-002	0.	1.	
Dynamic:	0	

Frame:	424
0.999967	-8.06881e-003	0.	0.	
8.06881e-003	0.999967	0.	0.	
0.	0.	1.	0.	
-0.908176	3.32858e-002	0.	1.	
Dynamic:	0	

Frame:	425
0.99998	-6.28204e-003	0.	0.	
6.28204e-003	0.99998	0.	0.	
0.	0.	1.	0.	
-0.750897	0.117973	0.	1.	
Dynamic:	0	

Frame:	426
0.999988	-4.89093e-003	0.	0.	
4.89093e-003	0.999988	0.	0.	
0.	0.	1.	0.	
-0.627968	0.184375	0.	1.	
Dynamic:	0	

Frame:	427
0.999985	-5.44244e-003	0.	0.	
5.44244e-003	0.999985	0.	0.	
0.	0.	1.	0.	
-0.676924	0.157922	0.	1.	
Dynamic:	0	

Frame:	428
0.999952	-9.79715e-003	0.	0.	
9.79715e-003	0.999952	0.	0.	
0.	0.	1.	0.	
-1.06583	-5.08358e-002	0.	1.	
Dynamic:	0	

Frame:	429
0.999971	-7.56747e-003	0.	0.	
7.56747e-003	0.999971	0.	0.	
0.	0.	1.	0.	
-0.865647	5.62611e-002	0.	1.	
Dynamic:	0	

Frame:	430
0.999983	-5.84522e-003	0.	0.	
5.84522e-003	0.999983	0.	0.	
0.	0.	1.	0.	
-0.710455	0.139608	0.	1.	
Dynamic:	0	

Frame:	431
0.999987	5.01341e-003	0.	0.	
-5.01341e-003	0.999987	0.	0.	
0.	0.	1.	0.	
0.272654	0.665415	0.	1.	
Dynamic:	0	

Frame:	432
0.999924	-1.23624e-002	0.	0.	
1.23624e-002	0.999924	0.	0.	
0.	0.	1.	0.	
-1.30857	-0.178664	0.	1.	
Dynamic:	0	

Frame:	433
0.999946	-1.04292e-002	0.	0.	
1.04292e-002	0.999946	0.	0.	
0.	0.	1.	0.	
-1.13147	-8.48908e-002	0.	1.	
Dynamic:	0	

Frame:	434
0.999968	-7.99221e-003	0.	0.	
7.99221e-003	0.999968	0.	0.	
0.	0.	1.	0.	
-0.907424	3.42348e-002	0.	1.	
Dynamic:	0	

Frame:	435
0.999981	-6.12462e-003	0.	0.	
6.12462e-003	0.999981	0.	0.	
0.	0.	1.	0.	
-0.735128	0.126213	0.	1.	
Dynamic:	0	

Frame:	436
0.999986	5.2915e-003	0.	0.	
-5.2915e-003	0.999986	0.	0.	
0.	0.	1.	0.	
0.322503	0.689009	0.	1.	
Dynamic:	0	

Frame:	437
0.999924	-1.23624e-002	0.	0.	
1.23624e-002	0.999924	0.	0.	
0.	0.	1.	0.	
-1.32149	-0.1837	0.	1.	
Dynamic:	0	

Frame:	438
0.99994	-1.09784e-002	0.	0.	
1.09784e-002	0.99994	0.	0.	
0.	0.	1.	0.	
-1.19171	-0.115441	0.	1.	
Dynamic:	0	

Frame:	439
0.999965	-8.34743e-003	0.	0.	
8.34743e-003	0.999965	0.	0.	
0.	0.	1.	0.	
-0.944111	1.52316e-002	0.	1.	
Dynamic:	0	

Frame:	440
0.99998	-6.34695e-003	0.	0.	
6.34695e-003	0.99998	0.	0.	
0.	0.	1.	0.	
-0.755214	0.115339	0.	1.	
Dynamic:	0	

Frame:	441
0.999924	-1.23624e-002	0.	0.	
1.23624e-002	0.999924	0.	0.	
0.	0.	1.	0.	
-1.32647	-0.185472	0.	1.	
Dynamic:	0	

Frame:	442
0.999949	-1.00931e-002	0.	0.	
1.00931e-002	0.999949	0.	0.	
0.	0.	1.	0.	
-1.10976	-7.20559e-002	0.	1.	
Dynamic:	0	

Frame:	443
0.999971	-7.61553e-003	0.	0.	
7.61553e-003	0.999971	0.	0.	
0.	0.	1.	0.	
-0.872363	5.26897e-002	0.	1.	
Dynamic:	0	

Frame:	444
0.999983	-5.74609e-003	0.	0.	
5.74609e-003	0.999983	0.	0.	
0.	0.	1.	0.	
-0.692624	0.147467	0.	1.	
Dynamic:	0	

Frame:	445
0.999924	-1.23624e-002	0.	0.	
1.23624e-002	0.999924	0.	0.	
0.	0.	1.	0.	
-1.33249	-0.187373	0.	1.	
Dynamic:	0	

Frame:	446
0.999952	-9.81374e-003	0.	0.	
9.81374e-003	0.999952	0.	0.	
0.	0.	1.	0.	
-1.08461	-5.85463e-002	0.	1.	
Dynamic:	0	

Frame:	447
0.999973	-7.34933e-003	0.	0.	
7.34933e-003	0.999973	0.	0.	
0.	0.	1.	0.	
-0.84415	6.6936e-002	0.	1.	
Dynamic:	0	

Frame:	448
0.999985	-5.50377e-003	0.	0.	
5.50377e-003	0.999985	0.	0.	
0.	0.	1.	0.	
-0.663456	0.161527	0.	1.	
Dynamic:	0	

Frame:	449
0.99997	7.75016e-003	0.	0.	
-7.75016e-003	0.99997	0.	0.	
0.	0.	1.	0.	
0.638466	0.839583	0.	1.	
Dynamic:	0	

Frame:	450
0.999924	-1.23624e-002	0.	0.	
1.23624e-002	0.999924	0.	0.	
0.	0.	1.	0.	
-1.34775	-0.191573	0.	1.	
Dynamic:	0	

Frame:	451
0.999931	-1.17737e-002	0.	0.	
1.17737e-002	0.999931	0.	0.	
0.	0.	1.	0.	
-1.28915	-0.161513	0.	1.	
Dynamic:	0	

Frame:	452
0.999962	-8.75331e-003	0.	0.	
8.75331e-003	0.999962	0.	0.	
0.	0.	1.	0.	
-0.987468	-6.4043e-003	0.	1.	
Dynamic:	0	

Frame:	453
0.999979	-6.50772e-003	0.	0.	
6.50772e-003	0.999979	0.	0.	
0.	0.	1.	0.	
-0.762474	0.109755	0.	1.	
Dynamic:	0	

Frame:	454
0.999924	-1.23624e-002	0.	0.	
1.23624e-002	0.999924	0.	0.	
0.	0.	1.	0.	
-1.35227	-0.192672	0.	1.	
Dynamic:	0	

Frame:	455
0.999943	-1.06698e-002	0.	0.	
1.06698e-002	0.999943	0.	0.	
0.	0.	1.	0.	
-1.1808	-0.105415	0.	1.	
Dynamic:	0	

Frame:	456
0.999969	-7.87745e-003	0.	0.	
7.87745e-003	0.999969	0.	0.	
0.	0.	1.	0.	
-0.897012	3.94388e-002	0.	1.	
Dynamic:	0	

Frame:	457
0.999983	-5.81587e-003	0.	0.	
5.81587e-003	0.999983	0.	0.	
0.	0.	1.	0.	
-0.686816	0.147088	0.	1.	
Dynamic:	0	

Frame:	458
0.999924	-1.23624e-002	0.	0.	
1.23624e-002	0.999924	0.	0.	
0.	0.	1.	0.	
-1.35804	-0.193856	0.	1.	
Dynamic:	0	

Frame:	459
0.999948	-1.02258e-002	0.	0.	
1.02258e-002	0.999948	0.	0.	
0.	0.	1.	0.	
-1.13775	-8.28768e-002	0.	1.	
Dynamic:	0	

Frame:	460
0.999972	-7.49974e-003	0.	0.	
7.49974e-003	0.999972	0.	0.	
0.	0.	1.	0.	
-0.855796	5.96271e-002	0.	1.	
Dynamic:	0	

Frame:	461
0.999924	-1.23624e-002	0.	0.	
1.23624e-002	0.999924	0.	0.	
0.	0.	1.	0.	
-1.36124	-0.194408	0.	1.	
Dynamic:	0	

Frame:	462
0.999934	-1.15171e-002	0.	0.	
1.15171e-002	0.999934	0.	0.	
0.	0.	1.	0.	
-1.2729	-0.150362	0.	1.	
Dynamic:	0	

Frame:	463
0.999965	-8.39411e-003	0.	0.	
8.39411e-003	0.999965	0.	0.	
0.	0.	1.	0.	
-0.945421	1.3228e-002	0.	1.	
Dynamic:	0	

Frame:	464
0.999981	-6.1179e-003	0.	0.	
6.1179e-003	0.999981	0.	0.	
0.	0.	1.	0.	
-0.706026	0.133248	0.	1.	
Dynamic:	0	

Frame:	465
0.999924	-1.23624e-002	0.	0.	
1.23624e-002	0.999924	0.	0.	
0.	0.	1.	0.	
-1.36631	-0.195088	0.	1.	
Dynamic:	0	

Frame:	466
0.999945	-1.04737e-002	0.	0.	
1.04737e-002	0.999945	0.	0.	
0.	0.	1.	0.	
-1.16551	-9.6106e-002	0.	1.	
Dynamic:	0	

Frame:	467
0.999971	-7.5891e-003	0.	0.	
7.5891e-003	0.999971	0.	0.	
0.	0.	1.	0.	
-0.857878	5.59412e-002	0.	1.	
Dynamic:	0	

Frame:	468
0.999981	6.18268e-003	0.	0.	
-6.18268e-003	0.999981	0.	0.	
0.	0.	1.	0.	
0.612116	0.78427	0.	1.	
Dynamic:	0	

Frame:	469
0.999924	-1.23624e-002	0.	0.	
1.23624e-002	0.999924	0.	0.	
0.	0.	1.	0.	
-1.37779	-0.196238	0.	1.	
Dynamic:	0	

Frame:	470
0.999924	-1.23624e-002	0.	0.	
1.23624e-002	0.999924	0.	0.	
0.	0.	1.	0.	
-1.37779	-0.196238	0.	1.	
Dynamic:	0	

Frame:	471
0.999952	-9.76607e-003	0.	0.	
9.76607e-003	0.999952	0.	0.	
0.	0.	1.	0.	
-1.09586	-5.95008e-002	0.	1.	
Dynamic:	0	

Frame:	472
0.999975	-7.03816e-003	0.	0.	
7.03816e-003	0.999975	0.	0.	
0.	0.	1.	0.	
-0.798767	8.50438e-002	0.	1.	
Dynamic:	0	

Frame:	473
0.999924	-1.23624e-002	0.	0.	
1.23624e-002	0.999924	0.	0.	
0.	0.	1.	0.	
-1.38145	-0.196483	0.	1.	
Dynamic:	0	

Frame:	474
0.99994	-1.09685e-002	0.	0.	
1.09685e-002	0.99994	0.	0.	
0.	0.	1.	0.	
-1.22811	-0.123043	0.	1.	
Dynamic:	0	

Frame:	475
0.999969	-7.86577e-003	0.	0.	
7.86577e-003	0.999969	0.	0.	
0.	0.	1.	0.	
-0.885726	4.12624e-002	0.	1.	
Dynamic:	0	

Frame:	476
0.999924	-1.23624e-002	0.	0.	
1.23624e-002	0.999924	0.	0.	
0.	0.	1.	0.	
-1.38418	-0.19658	0.	1.	
Dynamic:	0	

Frame:	477
0.999935	-1.14041e-002	0.	0.	
1.14041e-002	0.999935	0.	0.	
0.	0.	1.	0.	
-1.27741	-0.146066	0.	1.	
Dynamic:	0	

Frame:	478
0.999967	-8.14142e-003	0.	0.	
8.14142e-003	0.999967	0.	0.	
0.	0.	1.	0.	
-0.912785	2.66882e-002	0.	1.	
Dynamic:	0	

Frame:	479
0.999983	-5.81216e-003	0.	0.	
5.81216e-003	0.999983	0.	0.	
0.	0.	1.	0.	
-0.65175	0.150749	0.	1.	
Dynamic:	0	

Frame:	480
0.999924	-1.23624e-002	0.	0.	
1.23624e-002	0.999924	0.	0.	
0.	0.	1.	0.	
-1.38961	-0.196571	0.	1.	
Dynamic:	0	

Frame:	481
0.999953	-9.70776e-003	0.	0.	
9.70776e-003	0.999953	0.	0.	
0.	0.	1.	0.	
-1.08906	-5.64067e-002	0.	1.	
Dynamic:	0	

Frame:	482
0.999976	-6.90255e-003	0.	0.	
6.90255e-003	0.999976	0.	0.	
0.	0.	1.	0.	
-0.770591	9.2539e-002	0.	1.	
Dynamic:	0	

Frame:	483
0.999976	-6.8899e-003	0.	0.	
6.8899e-003	0.999976	0.	0.	
0.	0.	1.	0.	
-0.769149	9.32127e-002	0.	1.	
Dynamic:	0	

Frame:	484
0.99993	-1.18317e-002	0.	0.	
1.18317e-002	0.99993	0.	0.	
0.	0.	1.	0.	
-1.33504	-0.168419	0.	1.	
Dynamic:	0	

Frame:	485
0.999965	-8.38272e-003	0.	0.	
8.38272e-003	0.999965	0.	0.	
0.	0.	1.	0.	
-0.93836	1.38086e-002	0.	1.	
Dynamic:	0	

Frame:	486
0.999982	-5.9391e-003	0.	0.	
5.9391e-003	0.999982	0.	0.	
0.	0.	1.	0.	
-0.656568	0.143677	0.	1.	
Dynamic:	0	

Frame:	487
0.999924	-1.23624e-002	0.	0.	
1.23624e-002	0.999924	0.	0.	
0.	0.	1.	0.	
-1.40095	-0.196027	0.	1.	
Dynamic:	0	

Frame:	488
0.999957	-9.24949e-003	0.	0.	
9.24949e-003	0.999957	0.	0.	
0.	0.	1.	0.	
-1.03848	-3.20988e-002	0.	1.	
Dynamic:	0	

Frame:	489
0.999979	-6.53268e-003	0.	0.	
6.53268e-003	0.999979	0.	0.	
0.	0.	1.	0.	
-0.721318	0.11178	0.	1.	
Dynamic:	0	

Frame:	490
0.999979	-6.47612e-003	0.	0.	
6.47612e-003	0.999979	0.	0.	
0.	0.	1.	0.	
-0.714693	0.114783	0.	1.	
Dynamic:	0	

Frame:	491
0.999939	-1.10798e-002	0.	0.	
1.10798e-002	0.999939	0.	0.	
0.	0.	1.	0.	
-1.2566	-0.128131	0.	1.	
Dynamic:	0	

Frame:	492
0.99997	-7.8041e-003	0.	0.	
7.8041e-003	0.99997	0.	0.	
0.	0.	1.	0.	
-0.869386	4.42925e-002	0.	1.	
Dynamic:	0	

Frame:	493
0.999985	-5.49683e-003	0.	0.	
5.49683e-003	0.999985	0.	0.	
0.	0.	1.	0.	
-0.595936	0.166375	0.	1.	
Dynamic:	0	

Frame:	494
0.999929	-1.19113e-002	0.	0.	
1.19113e-002	0.999929	0.	0.	
0.	0.	1.	0.	
-1.35981	-0.171097	0.	1.	
Dynamic:	0	

Frame:	495
0.999965	-8.37014e-003	0.	0.	
8.37014e-003	0.999965	0.	0.	
0.	0.	1.	0.	
-0.93621	1.43858e-002	0.	1.	
Dynamic:	0	

Frame:	496
0.999983	-5.8817e-003	0.	0.	
5.8817e-003	0.999983	0.	0.	
0.	0.	1.	0.	
-0.637799	0.145458	0.	1.	
Dynamic:	0	

Frame:	497
0.999983	-5.89149e-003	0.	0.	
5.89149e-003	0.999983	0.	0.	
0.	0.	1.	0.	
-0.638977	0.144941	0.	1.	
Dynamic:	0	

Frame:	498
0.999949	-1.00509e-002	0.	0.	
1.00509e-002	0.999949	0.	0.	
0.	0.	1.	0.	
-1.14176	-7.31315e-002	0.	1.	
Dynamic:	0	

Frame:	499
0.999975	-7.04866e-003	0.	0.	
7.04866e-003	0.999975	0.	0.	
0.	0.	1.	0.	
-0.77739	8.38365e-002	0.	1.	
Dynamic:	0	

Frame:	500
0.999981	-6.10048e-003	0.	0.	
6.10048e-003	0.999981	0.	0.	
0.	0.	1.	0.	
-0.66198	0.133562	0.	1.	
Dynamic:	0	

Frame:	501
0.999946	-1.03955e-002	0.	0.	
1.03955e-002	0.999946	0.	0.	
0.	0.	1.	0.	
-1.1871	-9.04554e-002	0.	1.	
Dynamic:	0	

Frame:	502
0.999974	-7.27804e-003	0.	0.	
7.27804e-003	0.999974	0.	0.	
0.	0.	1.	0.	
-0.804436	7.16513e-002	0.	1.	
Dynamic:	0	

Frame:	503
0.999982	-5.96797e-003	0.	0.	
5.96797e-003	0.999982	0.	0.	
0.	0.	1.	0.	
-0.643185	0.140011	0.	1.	
Dynamic:	0	

Frame:	504
0.999983	5.81751e-003	0.	0.	
-5.81751e-003	0.999983	0.	0.	
0.	0.	1.	0.	
0.806735	0.75369	0.	1.	
Dynamic:	0	

Frame:	505
0.999929	-1.19101e-002	0.	0.	
1.19101e-002	0.999929	0.	0.	
0.	0.	1.	0.	
-1.38592	-0.166154	0.	1.	
Dynamic:	0	

Frame:	506
0.999965	-8.32669e-003	0.	0.	
8.32669e-003	0.999965	0.	0.	
0.	0.	1.	0.	
-0.939352	1.82714e-002	0.	1.	
Dynamic:	0	

Frame:	507
0.999983	-5.82136e-003	0.	0.	
5.82136e-003	0.999983	0.	0.	
0.	0.	1.	0.	
-0.626409	0.147908	0.	1.	
Dynamic:	0	

Frame:	508
0.999945	-1.04919e-002	0.	0.	
1.04919e-002	0.999945	0.	0.	
0.	0.	1.	0.	
-1.21218	-9.26544e-002	0.	1.	
Dynamic:	0	

Frame:	509
0.999973	-7.32637e-003	0.	0.	
7.32637e-003	0.999973	0.	0.	
0.	0.	1.	0.	
-0.813615	6.97567e-002	0.	1.	
Dynamic:	0	

Frame:	510
0.999985	-5.53392e-003	0.	0.	
5.53392e-003	0.999985	0.	0.	
0.	0.	1.	0.	
-0.587355	0.162082	0.	1.	
Dynamic:	0	

Frame:	511
0.999956	-9.4069e-003	0.	0.	
9.4069e-003	0.999956	0.	0.	
0.	0.	1.	0.	
-1.07819	-3.64596e-002	0.	1.	
Dynamic:	0	

Frame:	512
0.999978	-6.56225e-003	0.	0.	
6.56225e-003	0.999978	0.	0.	
0.	0.	1.	0.	
-0.716326	0.108851	0.	1.	
Dynamic:	0	

Frame:	513
0.999987	-5.03423e-003	0.	0.	
5.03423e-003	0.999987	0.	0.	
0.	0.	1.	0.	
-0.521441	0.187146	0.	1.	
Dynamic:	0	

Frame:	514
0.999991	-4.2723e-003	0.	0.	
4.2723e-003	0.999991	0.	0.	
0.	0.	1.	0.	
-0.423969	0.226206	0.	1.	
Dynamic:	0	

Frame:	515
0.999974	-7.25844e-003	0.	0.	
7.25844e-003	0.999974	0.	0.	
0.	0.	1.	0.	
-0.807484	7.39215e-002	0.	1.	
Dynamic:	0	

Frame:	516
0.999987	-5.03567e-003	0.	0.	
5.03567e-003	0.999987	0.	0.	
0.	0.	1.	0.	
-0.520976	0.186886	0.	1.	
Dynamic:	0	

Frame:	517
0.999991	-4.27215e-003	0.	0.	
4.27215e-003	0.999991	0.	0.	
0.	0.	1.	0.	
-0.422279	0.225737	0.	1.	
Dynamic:	0	

Frame:	518
0.999974	-7.25474e-003	0.	0.	
7.25474e-003	0.999974	0.	0.	
0.	0.	1.	0.	
-0.809316	7.47909e-002	0.	1.	
Dynamic:	0	

Frame:	519
0.999989	-4.79287e-003	0.	0.	
4.79287e-003	0.999989	0.	0.	
0.	0.	1.	0.	
-0.488727	0.198971	0.	1.	
Dynamic:	0	

Frame:	520
0.999994	-3.52514e-003	0.	0.	
3.52514e-003	0.999994	0.	0.	
0.	0.	1.	0.	
-0.341552	0.204379	0.	1.	
Dynamic:	0	

Frame:	521
0.999996	-2.81273e-003	0.	0.	
2.81273e-003	0.999996	0.	0.	
0.	0.	1.	0.	
-0.258059	0.209342	0.	1.	
Dynamic:	0	

Frame:	522
0.999992	-4.02656e-003	0.	0.	
4.02656e-003	0.999992	0.	0.	
0.	0.	1.	0.	
-0.438466	8.27358e-002	0.	1.	
Dynamic:	0	

Frame:	523
0.999997	-2.36264e-003	0.	0.	
2.36264e-003	0.999997	0.	0.	
0.	0.	1.	0.	
-0.237117	0.111362	0.	1.	
Dynamic:	0	

Frame:	524
0.999999	-1.65527e-003	0.	0.	
1.65527e-003	0.999999	0.	0.	
0.	0.	1.	0.	
-0.161674	9.1946e-002	0.	1.	
Dynamic:	0	

Frame:	525
1.	-6.70773e-004	0.	0.	
6.70773e-004	1.	0.	0.	
0.	0.	1.	0.	
-6.40772e-002	4.18237e-002	0.	1.	
Dynamic:	0	

Frame:	526
1.	0.	0.	0.	
0.	1.	0.	0.	
0.	0.	1.	0.	
0.	0.	0.	1.	
Dynamic:	0	

Frame:	527
1.	0.	0.	0.	
0.	1.	0.	0.	
0.	0.	1.	0.	
0.	0.	0.	1.	
Dynamic:	0	

Frame:	528
1.	0.	0.	0.	
0.	1.	0.	0.	
0.	0.	1.	0.	
0.	0.	0.	1.	
Dynamic:	0	

Frame:	529
1.	0.	0.	0.	
0.	1.	0.	0.	
0.	0.	1.	0.	
0.	0.	0.	1.	
Dynamic:	0	

Frame:	530
1.	0.	0.	0.	
0.	1.	0.	0.	
0.	0.	1.	0.	
0.	0.	0.	1.	
Dynamic:	0	

Frame:	531
1.	0.	0.	0.	
0.	1.	0.	0.	
0.	0.	1.	0.	
0.	0.	0.	1.	
Dynamic:	0	

Frame:	532
1.	0.	0.	0.	
0.	1.	0.	0.	
0.	0.	1.	0.	
0.	0.	0.	1.	
Dynamic:	0	

Frame:	533
1.	0.	0.	0.	
0.	1.	0.	0.	
0.	0.	1.	0.	
0.	0.	0.	1.	
Dynamic:	0	

Frame:	534
1.	0.	0.	0.	
0.	1.	0.	0.	
0.	0.	1.	0.	
0.	0.	0.	1.	
Dynamic:	0	

Frame:	535
1.	0.	0.	0.	
0.	1.	0.	0.	
0.	0.	1.	0.	
0.	0.	0.	1.	
Dynamic:	0	

Frame:	536
1.	0.	0.	0.	
0.	1.	0.	0.	
0.	0.	1.	0.	
0.	0.	0.	1.	
Dynamic:	0	

Frame:	537
1.	0.	0.	0.	
0.	1.	0.	0.	
0.	0.	1.	0.	
0.	0.	0.	1.	
Dynamic:	0	

Frame:	538
1.	0.	0.	0.	
0.	1.	0.	0.	
0.	0.	1.	0.	
0.	0.	0.	1.	
Dynamic:	0	

