Time	FPS	Frame	Crash	RB	RU	LU	LB	OC	Dither	DAngle	swAngle	OX	OY	OZ	HX	HY	HZ	DX	DY	DZ	HA	RHA	AccumulativeHeading(Y)	Speed	RSpeed	Dynamic
2.53554e-005	39439.3	1	0	1	3	3	1	2	2.8125	-0.18037	0.	-2.8125	0.	0.	0.	1.	0.	0.	1.	0.	0.	0.	0.	0.	0.	0	
0.315195	3.17289	2	0	1	3	3	1	2	2.80887	-0.18037	0.	-2.8125	0.	0.	0.	1.	0.	0.	1.	0.	0.	0.	0.	0.	0.	0	
0.356163	24.4093	3	0	1	3	3	1	2	2.80887	-0.18037	0.	-2.8125	0.	0.	0.	1.	0.	0.	1.	0.	0.	0.	0.	0.	0.	0	
0.377227	47.4743	4	0	1	3	3	1	2	2.80887	-0.18037	0.	-2.8125	0.	0.	0.	1.	0.	0.	1.	0.	0.	0.	0.	0.	0.	0	
0.404144	37.1514	5	0	1	3	3	1	2	2.80887	-0.18037	0.	-2.8125	0.	0.	0.	1.	0.	0.	1.	0.	0.	0.	0.	0.	0.	0	
0.420755	60.2006	6	0	1	3	3	1	2	2.80887	-0.18037	0.	-2.8125	0.	0.	0.	1.	0.	0.	1.	0.	0.	0.	0.	0.	0.	0	
0.438892	55.1369	7	0	1	3	3	1	2	2.80887	-0.18037	0.	-2.8125	0.	0.	0.	1.	0.	0.	1.	0.	0.	0.	0.	0.	0.	0	
0.455754	59.303	8	0	1	3	3	1	2	2.80887	-0.18037	0.	-2.8125	0.	0.	0.	1.	0.	0.	1.	0.	0.	0.	0.	0.	0.	0	
0.471757	62.4887	9	0	1	3	3	1	2	2.80887	-0.18037	0.	-2.8125	0.	0.	0.	1.	0.	0.	1.	0.	0.	0.	0.	0.	0.	0	
0.487773	62.438	10	0	1	3	3	1	2	2.80887	-0.18037	0.	-2.8125	0.	0.	0.	1.	0.	0.	1.	0.	0.	0.	0.	0.	0.	0	
0.505408	56.7064	11	0	1	3	3	1	2	2.80887	-0.18037	0.	-2.8125	0.	0.	0.	1.	0.	0.	1.	0.	0.	0.	0.	0.	0.	0	
0.521758	61.162	12	0	1	3	3	1	2	2.80887	-0.18037	0.	-2.8125	0.	0.	0.	1.	0.	0.	1.	0.	0.	0.	0.	0.	0.	0	
0.540575	53.1441	13	0	1	3	3	1	2	2.80887	-0.18037	0.	-2.8125	0.	0.	0.	1.	0.	0.	1.	0.	0.	0.	0.	0.	0.	0	
0.557764	58.1762	14	0	1	3	3	1	2	2.80887	-0.18037	0.	-2.8125	0.	0.	0.	1.	0.	0.	1.	0.	0.	0.	0.	0.	0.	0	
0.574779	58.7717	15	0	1	3	3	1	2	2.80887	-0.18037	0.	-2.8125	0.	0.	0.	1.	0.	0.	1.	0.	0.	0.	0.	0.	0.	0	
0.590766	62.5512	16	0	1	3	3	1	2	2.80887	-0.18037	0.	-2.8125	0.	0.	0.	1.	0.	0.	1.	0.	0.	0.	0.	0.	0.	0	
0.607555	59.562	17	0	1	3	3	1	2	2.80887	-0.18037	0.	-2.8125	0.	0.	0.	1.	0.	0.	1.	0.	0.	0.	0.	0.	0.	0	
0.623764	61.695	18	0	1	3	3	1	2	2.80887	-0.18037	0.	-2.8125	0.	0.	0.	1.	0.	0.	1.	0.	0.	0.	0.	0.	0.	0	
0.641612	56.0283	19	0	1	3	3	1	2	2.80887	-0.18037	0.	-2.8125	0.	0.	0.	1.	0.	0.	1.	0.	0.	0.	0.	0.	0.	0	
0.657759	61.9292	20	0	1	3	3	1	2	2.80887	-0.18037	0.	-2.8125	0.	0.	0.	1.	0.	0.	1.	0.	0.	0.	0.	0.	0.	0	
0.675182	57.396	21	0	1	3	3	1	2	2.80887	-0.18037	0.	-2.8125	0.	0.	0.	1.	0.	0.	1.	0.	0.	0.	0.	0.	0.	0	
0.69942	41.2571	22	0	1	3	3	1	2	2.80887	-0.18037	0.	-2.8125	0.	0.	0.	1.	0.	0.	1.	0.	0.	0.	0.	0.	0.	0	
0.719549	49.6798	23	0	1	3	3	1	2	2.80887	-0.18037	0.	-2.8125	0.	0.	0.	1.	0.	0.	1.	0.	0.	0.	0.	0.	0.	0	
0.735777	61.625	24	0	1	3	3	1	2	2.80887	-0.18037	0.	-2.8125	0.	0.	0.	1.	0.	0.	1.	0.	0.	0.	0.	0.	0.	0	
0.753401	56.7404	25	0	1	3	3	1	2	2.80887	-0.18037	0.	-2.8125	0.	0.	0.	1.	0.	0.	1.	0.	0.	0.	0.	0.	0.	0	
0.773085	50.8028	26	0	1	3	3	1	2	2.80887	-0.18037	0.	-2.8125	0.	0.	0.	1.	0.	0.	1.	0.	0.	0.	0.	0.	0.	0	
0.789777	59.9078	27	0	1	3	3	1	2	2.80887	-0.18037	0.	-2.8125	0.	0.	0.	1.	0.	0.	1.	0.	0.	0.	0.	0.	0.	0	
0.808182	54.3339	28	0	1	3	3	1	2	2.80887	-0.18037	0.	-2.8125	0.	0.	0.	1.	0.	0.	1.	0.	0.	0.	0.	0.	0.	0	
0.833128	40.0864	29	0	1	3	3	1	2	2.80887	-0.18037	0.	-2.8125	0.	0.	0.	1.	0.	0.	1.	0.	0.	0.	0.	0.	0.	0	
0.849769	60.0925	30	0	1	3	3	1	2	2.80887	-0.18037	0.	-2.8125	0.	0.	0.	1.	0.	0.	1.	0.	0.	0.	0.	0.	0.	0	
0.866782	58.7769	31	0	1	3	3	1	2	2.80887	-0.18037	0.	-2.8125	0.	0.	0.	1.	0.	0.	1.	0.	0.	0.	0.	0.	0.	0	
0.884082	57.8046	32	0	1	3	3	1	2	2.80887	-0.18037	0.	-2.8125	0.	0.	0.	1.	0.	0.	1.	0.	0.	0.	0.	0.	0.	0	
0.900974	59.198	33	0	1	3	3	1	2	2.80887	-0.18037	0.	-2.8125	0.	0.	0.	1.	0.	0.	1.	0.	0.	0.	0.	0.	0.	0	
0.918602	56.7307	34	0	1	3	3	1	2	2.80887	-0.18037	0.	-2.8125	0.	0.	0.	1.	0.	0.	1.	0.	0.	0.	0.	0.	0.	0	
0.9359	57.8077	35	0	1	3	3	1	2	2.80887	-0.18037	0.	-2.8125	0.	0.	0.	1.	0.	0.	1.	0.	0.	0.	0.	0.	0.	0	
0.953674	56.2634	36	0	1	3	3	1	2	2.80887	-0.18037	0.	-2.8125	0.	0.	0.	1.	0.	0.	1.	0.	0.	0.	0.	0.	0.	0	
0.97715	42.5965	37	0	1	3	3	1	2	2.80887	-0.18037	0.	-2.8125	0.	0.	0.	1.	0.	0.	1.	0.	0.	0.	0.	0.	0.	0	
0.993804	60.0468	38	0	1	3	3	1	2	2.80887	-0.18037	0.	-2.8125	0.	0.	0.	1.	0.	0.	1.	0.	0.	0.	0.	0.	0.	0	
1.00978	62.6115	39	0	1	3	3	1	2	2.80887	-0.18037	0.	-2.8125	0.	0.	0.	1.	0.	0.	1.	0.	0.	0.	0.	0.	0.	0	
1.03414	41.049	40	0	1	3	3	1	2	2.80887	-0.18037	0.	-2.8125	0.	0.	0.	1.	0.	0.	1.	0.	0.	0.	0.	0.	0.	0	
1.05077	60.1241	41	0	1	3	3	1	2	2.80887	-0.18037	0.	-2.8125	0.	0.	0.	1.	0.	0.	1.	0.	0.	0.	0.	0.	0.	0	
1.06778	58.7811	42	0	1	3	3	1	2	2.80887	-0.18037	0.	-2.8125	0.	0.	0.	1.	0.	0.	1.	0.	0.	0.	0.	0.	0.	0	
1.09479	37.0247	43	0	1	3	3	1	2	2.80887	-0.18037	0.	-2.8125	0.	0.	0.	1.	0.	0.	1.	0.	0.	0.	0.	0.	0.	0	
1.11196	58.2396	44	0	1	3	3	1	2	2.80887	-0.18037	0.	-2.8125	0.	0.	0.	1.	0.	0.	1.	0.	0.	0.	0.	0.	0.	0	
1.12877	59.4936	45	0	1	3	3	1	2	2.80887	-0.18037	0.	-2.8125	0.	0.	0.	1.	0.	0.	1.	0.	0.	0.	0.	0.	0.	0	
1.15053	45.9608	46	0	1	3	3	1	2	2.80887	-0.18037	0.	-2.8125	0.	0.	0.	1.	0.	0.	1.	0.	0.	0.	0.	0.	0.	0	
1.16777	57.9898	47	0	1	3	3	1	2	2.80887	-0.18037	0.	-2.8125	0.	0.	0.	1.	0.	0.	1.	0.	0.	0.	0.	0.	0.	0	
1.18594	55.0416	48	0	1	3	3	1	2	2.80887	-0.18037	0.	-2.8125	0.	0.	0.	1.	0.	0.	1.	0.	0.	0.	0.	0.	0.	0	
1.20279	59.3348	49	0	1	3	3	1	2	2.80887	-0.18037	0.	-2.8125	0.	0.	0.	1.	0.	0.	1.	0.	0.	0.	0.	0.	0.	0	
1.22289	49.7612	50	0	1	3	3	1	2	2.80887	-0.18037	0.	-2.8125	0.	0.	0.	1.	0.	0.	1.	0.	0.	0.	0.	0.	0.	0	
1.23977	59.2203	51	0	1	3	3	1	2	2.80887	-0.18037	0.	-2.8125	0.	0.	0.	1.	0.	0.	1.	0.	0.	0.	0.	0.	0.	0	
1.26013	49.12	52	0	1	3	3	1	2	2.80887	-0.18037	0.	-2.8125	0.	0.	0.	1.	0.	0.	1.	0.	0.	0.	0.	0.	0.	0	
1.27733	58.1506	53	0	1	3	3	1	2	2.80887	-0.18037	0.	-2.8125	0.	0.	0.	1.	0.	0.	1.	0.	0.	0.	0.	0.	0.	0	
1.29377	60.8139	54	0	1	3	3	1	2	2.80887	-0.18037	0.	-2.8125	0.	0.	0.	1.	0.	0.	1.	0.	0.	0.	0.	0.	0.	0	
1.31466	47.8757	55	0	1	3	3	1	2	2.80887	-0.18037	0.	-2.8125	0.	0.	0.	1.	0.	0.	1.	0.	0.	0.	0.	0.	0.	0	
1.33178	58.4214	56	0	1	3	3	1	2	2.80887	-0.18037	0.	-2.8125	0.	0.	0.	1.	0.	0.	1.	0.	0.	0.	0.	0.	0.	0	
1.34888	58.4543	57	0	1	3	3	1	2	2.80887	-0.18037	0.	-2.8125	0.	0.	0.	1.	0.	0.	1.	0.	0.	0.	0.	0.	0.	0	
1.36643	56.9951	58	0	1	3	3	1	2	2.80887	-0.18037	0.	-2.8125	0.	0.	0.	1.	0.	0.	1.	0.	0.	0.	0.	0.	0.	0	
1.38774	46.9183	59	0	1	3	3	1	2	2.80887	-0.18037	0.	-2.8125	0.	0.	0.	1.	0.	0.	1.	0.	0.	0.	0.	0.	0.	0	
1.40479	58.6593	60	0	1	3	3	1	2	2.80887	-0.18037	0.	-2.8125	0.	0.	0.	1.	0.	0.	1.	0.	0.	0.	0.	0.	0.	0	
1.42309	54.6629	61	0	1	3	3	1	2	2.80887	-0.18037	0.	-2.8125	0.	0.	0.	1.	0.	0.	1.	0.	0.	0.	0.	0.	0.	0	
1.43978	59.9002	62	0	1	3	3	1	2	2.80887	-0.18037	0.	-2.8125	0.	0.	0.	1.	0.	0.	1.	0.	0.	0.	0.	0.	0.	0	
1.45728	57.1337	63	0	1	3	3	1	2	2.80887	-0.18037	0.	-2.8125	0.	0.	0.	1.	0.	0.	1.	0.	0.	0.	0.	0.	0.	0	
1.47378	60.6159	64	0	1	3	3	1	2	2.80887	-0.18037	0.	-2.8125	0.	0.	0.	1.	0.	0.	1.	0.	0.	0.	0.	0.	0.	0	
1.49202	54.8257	65	0	1	3	3	1	2	2.80887	-0.18037	0.	-2.8125	0.	0.	0.	1.	0.	0.	1.	0.	0.	0.	0.	0.	0.	0	
1.51599	41.721	66	0	1	3	3	1	2	2.80887	-0.18037	0.	-2.8125	0.	0.	0.	1.	0.	0.	1.	0.	0.	0.	0.	0.	0.	0	
1.54795	31.2833	67	0	1	3	3	1	2	2.80887	-0.18037	0.	-2.8125	0.	0.	0.	1.	0.	0.	1.	0.	0.	0.	0.	0.	0.	0	
1.56865	48.3085	68	0	1	3	3	1	2	2.80887	-0.18037	0.	-2.8125	0.	0.	0.	1.	0.	0.	1.	0.	0.	0.	0.	0.	0.	0	
1.58755	52.9107	69	0	1	3	3	1	2	2.80887	-0.18037	0.	-2.8125	0.	0.	0.	1.	0.	0.	1.	0.	0.	0.	0.	0.	0.	0	
1.61623	34.869	70	0	1	3	3	1	2	2.80887	-0.18037	0.	-2.8125	0.	0.	0.	1.	0.	0.	1.	0.	0.	0.	0.	0.	0.	0	
1.63439	55.0846	71	0	1	3	3	1	2	2.80887	-0.18037	0.	-2.8125	0.	0.	0.	1.	0.	0.	1.	0.	0.	0.	0.	0.	0.	0	
1.6518	57.4259	72	0	1	3	3	1	2	2.80887	-0.18037	0.	-2.8125	0.	0.	0.	1.	0.	0.	1.	0.	0.	0.	0.	0.	0.	0	
1.66885	58.6427	73	0	1	3	3	1	2	2.80887	-0.18037	0.	-2.8125	0.	0.	0.	1.	0.	0.	1.	0.	0.	0.	0.	0.	0.	0	
1.68579	59.0387	74	0	1	3	3	1	2	2.80887	-0.18037	0.	-2.8125	0.	0.	0.	1.	0.	0.	1.	0.	0.	0.	0.	0.	0.	0	
1.70282	58.7321	75	0	1	3	3	1	2	2.80887	-0.18037	0.	-2.8125	0.	0.	0.	1.	0.	0.	1.	0.	0.	0.	0.	0.	0.	0	
1.71981	58.8677	76	0	1	3	3	1	2	2.80887	-0.18037	0.	-2.8125	0.	0.	0.	1.	0.	0.	1.	0.	0.	0.	0.	0.	0.	0	
1.73681	58.8207	77	0	1	3	3	1	2	2.80887	-0.18037	0.	-2.8125	0.	0.	0.	1.	0.	0.	1.	0.	0.	0.	0.	0.	0.	0	
1.7568	50.0151	78	0	1	3	3	1	2	2.80887	-0.18037	0.	-2.8125	0.	0.	0.	1.	0.	0.	1.	0.	0.	0.	0.	0.	0.	0	
1.7728	62.4816	79	0	1	3	3	1	2	2.80887	-0.18037	0.	-2.8125	0.	0.	0.	1.	0.	0.	1.	0.	0.	0.	0.	0.	0.	0	
1.79188	52.4342	80	0	1	3	3	1	2	2.80887	-0.18037	0.	-2.8125	0.	0.	0.	1.	0.	0.	1.	0.	0.	0.	0.	0.	0.	0	
1.81582	41.7568	81	0	1	3	3	1	2	2.80887	-0.18037	0.	-2.8125	0.	0.	0.	1.	0.	0.	1.	0.	0.	0.	0.	0.	0.	0	
1.83179	62.6482	82	0	1	3	3	1	2	2.80887	-0.18037	0.	-2.8125	0.	0.	0.	1.	0.	0.	1.	0.	0.	0.	0.	0.	0.	0	
1.8478	62.438	83	0	1	3	3	1	2	2.80887	-0.18037	0.	-2.8125	0.	0.	0.	1.	0.	0.	1.	0.	0.	0.	0.	0.	0.	0	
1.86629	54.1014	84	0	1	3	3	1	2	2.80887	-0.18037	0.	-2.8125	0.	0.	0.	1.	0.	0.	1.	0.	0.	0.	0.	0.	0.	0	
1.8828	60.5516	85	0	1	3	3	1	2	2.80887	-0.18037	0.	-2.8125	0.	0.	0.	1.	0.	0.	1.	0.	0.	0.	0.	0.	0.	0	
1.89982	58.755	86	0	1	3	3	1	2	2.80887	-0.18037	0.	-2.8125	0.	0.	0.	1.	0.	0.	1.	0.	0.	0.	0.	0.	0.	0	
1.92449	40.5392	87	0	1	3	3	1	2	2.80887	-0.18037	0.	-2.8125	0.	0.	0.	1.	0.	0.	1.	0.	0.	0.	0.	0.	0.	0	
1.94774	43.0163	88	0	1	3	3	1	2	2.80887	-0.18037	0.	-2.8125	0.	0.	0.	1.	0.	0.	1.	0.	0.	0.	0.	0.	0.	0	
1.96955	45.8374	89	0	1	3	3	1	2	2.80887	-0.18037	0.	-2.8125	0.	0.	0.	1.	0.	0.	1.	0.	0.	0.	0.	0.	0.	0	
1.98581	61.5243	90	0	1	3	3	1	2	2.80887	-0.18037	0.	-2.8125	0.	0.	0.	1.	0.	0.	1.	0.	0.	0.	0.	0.	0.	0	
2.00709	46.9855	91	0	1	3	3	1	2	2.80887	-0.18037	0.	-2.8125	0.	0.	0.	1.	0.	0.	1.	0.	0.	0.	0.	0.	0.	0	
2.02379	59.8666	92	0	1	3	3	1	2	2.80887	-0.18037	0.	-2.8125	0.	0.	0.	1.	0.	0.	1.	0.	0.	0.	0.	0.	0.	0	
2.04174	55.7174	93	0	1	3	3	1	2	2.80887	-0.18037	0.	-2.8125	0.	0.	0.	1.	0.	0.	1.	0.	0.	0.	0.	0.	0.	0	
2.05779	62.2971	94	0	1	3	3	1	2	2.80887	-0.18037	0.	-2.8125	0.	0.	0.	1.	0.	0.	1.	0.	0.	0.	0.	0.	0.	0	
2.0883	32.7779	95	0	1	3	3	1	2	2.80887	-0.18037	0.	-2.8125	0.	0.	0.	1.	0.	0.	1.	0.	0.	0.	0.	0.	0.	0	
2.1125	41.3203	96	0	1	3	3	1	2	2.80887	-0.18037	0.	-2.8125	0.	0.	0.	1.	0.	0.	1.	0.	0.	0.	0.	0.	0.	0	
2.1288	61.3557	97	0	1	3	3	1	2	2.80887	-0.18037	0.	-2.8125	0.	0.	0.	1.	0.	0.	1.	0.	0.	0.	0.	0.	0.	0	
2.14479	62.5276	98	0	1	3	3	1	2	2.80887	-0.18037	0.	-2.8125	0.	0.	0.	1.	0.	0.	1.	0.	0.	0.	0.	0.	0.	0	
2.16773	43.5942	99	0	1	3	3	1	2	2.80887	-0.18037	0.	-2.8125	0.	0.	0.	1.	0.	0.	1.	0.	0.	0.	0.	0.	0.	0	
2.18633	53.7817	100	0	1	3	3	1	2	2.80887	-0.18037	0.	-2.8125	0.	0.	0.	1.	0.	0.	1.	0.	0.	0.	0.	0.	0.	0	
2.21201	38.929	101	0	1	3	3	1	2	2.80887	-0.18037	0.	-2.8125	0.	0.	0.	1.	0.	0.	1.	0.	0.	0.	0.	0.	0.	0	

