Time	FPS	Frame	Crash	RB	RU	LU	LB	OC	Dither	DAngle	swAngle	OX	OY	OZ	HX	HY	HZ	HA	AccumulativeHeading(Y)	Speed	Dynamic
2.47515e-005	40401.6	1	0	1	1	1	1	1	0.	3.35307e-005	0.	0.	0.	0.	0.	1.	0.	0.	0.	0.	0	
0.27729	3.60665	2	0	1	1	1	1	1	1.37527e-006	3.35307e-005	0.	0.	0.	0.	0.	1.	0.	0.	0.	0.	0	
0.309909	30.6571	3	0	1	1	1	1	1	1.37527e-006	3.35307e-005	0.	0.	0.	0.	0.	1.	0.	0.	0.	0.	0	
0.327332	57.3936	4	0	1	1	1	1	1	1.37527e-006	3.35307e-005	0.	0.	0.	0.	0.	1.	0.	0.	0.	0.	0	
0.344326	58.8473	5	0	1	1	1	1	1	1.37527e-006	3.35307e-005	0.	0.	0.	0.	0.	1.	0.	0.	0.	0.	0	
0.361344	58.7586	6	0	1	1	1	1	1	1.37527e-006	3.35307e-005	0.	0.	0.	0.	0.	1.	0.	0.	0.	0.	0	
0.378344	58.8233	7	0	1	1	1	1	1	1.37527e-006	3.35307e-005	0.	0.	0.	0.	0.	1.	0.	0.	0.	0.	0	
0.39535	58.8035	8	0	1	1	1	1	1	1.37527e-006	3.35307e-005	0.	0.	0.	0.	0.	1.	0.	0.	0.	0.	0	
0.412357	58.8003	9	0	1	1	1	1	1	1.37527e-006	3.35307e-005	0.	0.	0.	0.	0.	1.	0.	0.	0.	0.	0	
0.429355	58.8285	10	0	1	1	1	1	1	1.37527e-006	3.35307e-005	0.	0.	0.	0.	0.	1.	0.	0.	0.	0.	0	
0.446373	58.7628	11	0	1	1	1	1	1	1.37527e-006	3.35307e-005	0.	0.	0.	0.	0.	1.	0.	0.	0.	0.	0	
0.463364	58.8536	12	0	1	1	1	1	1	1.37527e-006	3.35307e-005	0.	0.	0.	0.	0.	1.	0.	0.	0.	0.	0	
0.480356	58.8536	13	0	1	1	1	1	1	1.37527e-006	3.35307e-005	0.	0.	0.	0.	0.	1.	0.	0.	0.	0.	0	
0.49735	58.8432	14	0	1	1	1	1	1	1.37527e-006	3.35307e-005	0.	0.	0.	0.	0.	1.	0.	0.	0.	0.	0	
0.514364	58.7743	15	0	1	1	1	1	1	1.37527e-006	3.35307e-005	0.	0.	0.	0.	0.	1.	0.	0.	0.	0.	0	
0.531371	58.8003	16	0	1	1	1	1	1	1.37527e-006	3.35307e-005	0.	0.	0.	0.	0.	1.	0.	0.	0.	0.	0	
0.54836	58.8599	17	0	1	1	1	1	1	1.37527e-006	3.35307e-005	0.	0.	0.	0.	0.	1.	0.	0.	0.	0.	0	
0.565326	58.9416	18	0	1	1	1	1	1	1.37527e-006	3.35307e-005	0.	0.	0.	0.	0.	1.	0.	0.	0.	0.	0	
0.582376	58.6515	19	0	1	1	1	1	1	1.37527e-006	3.35307e-005	0.	0.	0.	0.	0.	1.	0.	0.	0.	0.	0	
0.599378	58.817	20	0	1	1	1	1	1	1.37527e-006	3.35307e-005	0.	0.	0.	0.	0.	1.	0.	0.	0.	0.	0	
0.616359	58.8892	21	0	1	1	1	1	1	1.37527e-006	3.35307e-005	0.	0.	0.	0.	0.	1.	0.	0.	0.	0.	0	
0.633397	58.693	22	0	1	1	1	1	1	1.37527e-006	3.35307e-005	0.	0.	0.	0.	0.	1.	0.	0.	0.	0.	0	
0.650384	58.8672	23	0	1	1	1	1	1	1.37527e-006	3.35307e-005	0.	0.	0.	0.	0.	1.	0.	0.	0.	0.	0	
0.666418	62.3669	24	0	1	1	1	1	1	1.37527e-006	3.35307e-005	0.	0.	0.	0.	0.	1.	0.	0.	0.	0.	0	
0.682402	62.5624	25	0	1	1	1	1	1	1.37527e-006	3.35307e-005	0.	0.	0.	0.	0.	1.	0.	0.	0.	0.	0	
0.699403	58.8223	26	0	1	1	1	1	1	1.37527e-006	3.35307e-005	0.	0.	0.	0.	0.	1.	0.	0.	0.	0.	0	
0.715342	62.7389	27	0	1	1	1	1	1	1.37527e-006	3.35307e-005	0.	0.	0.	0.	0.	1.	0.	0.	0.	0.	0	
0.732394	58.6442	28	0	1	1	1	1	1	1.37527e-006	3.35307e-005	0.	0.	0.	0.	0.	1.	0.	0.	0.	0.	0	
0.748357	62.6452	29	0	1	1	1	1	1	1.37527e-006	3.35307e-005	0.	0.	0.	0.	0.	1.	0.	0.	0.	0.	0	
0.765404	58.6598	30	0	1	1	1	1	1	1.37527e-006	3.35307e-005	0.	0.	0.	0.	0.	1.	0.	0.	0.	0.	0	
0.782352	59.0035	31	0	1	1	1	1	1	1.37527e-006	3.35307e-005	0.	0.	0.	0.	0.	1.	0.	0.	0.	0.	0	
0.799385	58.7118	32	0	1	1	1	1	1	1.37527e-006	3.35307e-005	0.	0.	0.	0.	0.	1.	0.	0.	0.	0.	0	
0.81539	62.4798	33	0	1	1	1	1	1	1.37527e-006	3.35307e-005	0.	0.	0.	0.	0.	1.	0.	0.	0.	0.	0	
0.831385	62.5199	34	0	1	1	1	1	1	1.37527e-006	3.35307e-005	0.	0.	0.	0.	0.	1.	0.	0.	0.	0.	0	
0.848382	58.8327	35	0	1	1	1	1	1	1.37527e-006	3.35307e-005	0.	0.	0.	0.	0.	1.	0.	0.	0.	0.	0	
0.864395	62.4504	36	0	1	1	1	1	1	1.37527e-006	3.35307e-005	0.	0.	0.	0.	0.	1.	0.	0.	0.	0.	0	
0.881378	58.8829	37	0	1	1	1	1	1	1.37527e-006	3.35307e-005	0.	0.	0.	0.	0.	1.	0.	0.	0.	0.	0	
0.897398	62.4221	38	0	1	1	1	1	1	1.37527e-006	3.35307e-005	0.	0.	0.	0.	0.	1.	0.	0.	0.	0.	0	
0.914376	58.8976	39	0	1	1	1	1	1	1.37527e-006	3.35307e-005	0.	0.	0.	0.	0.	1.	0.	0.	0.	0.	0	
0.931386	58.7889	40	0	1	1	1	1	1	1.37527e-006	3.35307e-005	0.	0.	0.	0.	0.	1.	0.	0.	0.	0.	0	
0.948389	58.816	41	0	1	1	1	1	1	1.37527e-006	3.35307e-005	0.	0.	0.	0.	0.	1.	0.	0.	0.	0.	0	
0.965385	58.8348	42	0	1	1	1	1	1	1.37527e-006	3.35307e-005	0.	0.	0.	0.	0.	1.	0.	0.	0.	0.	0	
0.982382	58.8338	43	0	1	1	1	1	1	1.37527e-006	3.35307e-005	0.	0.	0.	0.	0.	1.	0.	0.	0.	0.	0	
0.999411	58.7253	44	0	1	1	1	1	1	1.37527e-006	3.35307e-005	0.	0.	0.	0.	0.	1.	0.	0.	0.	0.	0	
1.01637	58.9741	45	0	1	1	1	1	1	1.37527e-006	3.35307e-005	0.	0.	0.	0.	0.	1.	0.	0.	0.	0.	0	
1.03339	58.7503	46	0	1	1	1	1	1	1.37527e-006	3.35307e-005	0.	0.	0.	0.	0.	1.	0.	0.	0.	0.	1	
1.0504	58.793	47	0	1	1	1	1	1	1.37527e-006	3.35307e-005	0.	0.	0.	0.	0.	1.	0.	0.	0.	0.	1	
1.06738	58.8798	48	0	1	1	1	1	1	1.37527e-006	3.35307e-005	0.	0.	0.	0.	0.	1.	0.	0.	0.	0.	1	
1.0844	58.768	49	0	1	1	1	1	1	1.37527e-006	3.35307e-005	0.	0.	0.	0.	0.	1.	0.	0.	0.	0.	1	
1.1004	62.4975	50	0	1	1	1	1	1	1.37527e-006	3.35307e-005	0.	0.	0.	0.	0.	1.	0.	0.	0.	0.	1	
1.11637	62.618	51	0	1	1	1	1	1	1.37527e-006	3.35307e-005	0.	0.	0.	0.	0.	1.	0.	0.	0.	0.	1	
1.13339	58.7597	52	0	1	1	1	1	1	1.44029e-006	3.35307e-005	0.	0.	0.111111	0.	0.	1.	0.	0.	0.	24.	1	
1.1504	58.7889	53	0	1	1	1	1	1	1.50532e-006	3.35307e-005	0.	0.	0.222222	0.	0.	1.	0.	0.	0.	24.	1	
1.16735	58.9983	54	0	1	1	1	1	1	1.57034e-006	3.35307e-005	0.	0.	0.333333	0.	0.	1.	0.	0.	0.	24.	1	
1.1834	62.2953	55	0	1	1	1	1	1	1.63537e-006	3.35307e-005	0.	0.	0.444444	0.	0.	1.	0.	0.	0.	24.	1	
1.20041	58.7732	56	0	1	1	1	1	1	1.70039e-006	3.35307e-005	0.	0.	0.555556	0.	0.	1.	0.	0.	0.	24.	1	
1.21738	58.95	57	0	1	1	1	1	1	1.76542e-006	3.35307e-005	0.	0.	0.666667	0.	0.	1.	0.	0.	0.	24.	1	
1.23439	58.7941	58	0	1	1	1	1	1	1.83044e-006	3.35307e-005	0.	0.	0.777778	0.	0.	1.	0.	0.	0.	24.	1	
1.25139	58.8181	59	0	1	1	1	1	1	1.89547e-006	3.35307e-005	0.	0.	0.888889	0.	0.	1.	0.	0.	0.	24.	1	
1.26839	58.8244	60	0	1	1	1	1	1	1.96049e-006	3.35307e-005	0.	0.	1.	0.	0.	1.	0.	0.	0.	24.	1	
1.28439	62.4798	61	0	1	1	1	1	1	2.02551e-006	3.35307e-005	0.	0.	1.11111	0.	0.	1.	0.	0.	0.	24.	1	
1.30139	58.8285	62	0	1	1	1	1	1	2.09054e-006	3.35307e-005	0.	0.	1.22222	0.	0.	1.	0.	0.	0.	24.	1	
1.3174	62.4739	63	0	1	1	1	1	1	2.15556e-006	3.35307e-005	0.	0.	1.33333	0.	0.	1.	0.	0.	0.	24.	1	
1.3344	58.8056	64	0	1	1	1	1	1	2.22059e-006	3.35307e-005	0.	0.	1.44444	0.	0.	1.	0.	0.	0.	24.	1	
1.35141	58.7878	65	0	1	1	1	1	1	2.28561e-006	3.35307e-005	0.	0.	1.55556	0.	0.	1.	0.	0.	0.	24.	1	
1.36739	62.5943	66	0	1	1	1	1	1	2.35064e-006	3.35307e-005	0.	0.	1.66667	0.	0.	1.	0.	0.	0.	24.	1	
1.38339	62.5046	67	0	1	1	1	1	1	2.41566e-006	3.35307e-005	0.	0.	1.77778	0.	0.	1.	0.	0.	0.	24.	1	
1.40041	58.743	68	0	1	1	1	1	1	2.48069e-006	3.35307e-005	0.	0.	1.88889	0.	0.	1.	0.	0.	0.	24.	1	
1.41638	62.6203	69	0	1	1	1	1	1	2.54571e-006	3.35307e-005	0.	0.	2.	0.	0.	1.	0.	0.	0.	24.	1	
1.43339	58.7889	70	0	1	1	1	1	1	2.61074e-006	3.35307e-005	0.	0.	2.11111	0.	0.	1.	0.	0.	0.	24.	1	
1.45041	58.7618	71	0	1	1	1	1	1	2.67576e-006	3.35307e-005	0.	0.	2.22222	0.	0.	1.	0.	0.	0.	24.	1	
1.46737	58.9416	72	0	1	1	1	1	1	2.74078e-006	3.35307e-005	0.	0.	2.33333	0.	0.	1.	0.	0.	0.	24.	1	
1.48339	62.4386	73	0	1	1	1	1	1	2.80581e-006	3.35307e-005	0.	0.	2.44444	0.	0.	1.	0.	0.	0.	24.	1	
1.49942	62.3939	74	0	1	1	1	1	1	2.87083e-006	3.35307e-005	0.	0.	2.55556	0.	0.	1.	0.	0.	0.	24.	1	
1.51542	62.4881	75	0	1	1	1	1	1	2.93586e-006	3.35307e-005	0.	0.	2.66667	0.	0.	1.	0.	0.	0.	24.	1	
1.53142	62.4892	76	0	1	1	1	1	1	3.00088e-006	3.35307e-005	0.	0.	2.77778	0.	0.	1.	0.	0.	0.	24.	1	
1.54739	62.6345	77	0	1	1	1	1	1	3.06591e-006	3.35307e-005	0.	0.	2.88889	0.	0.	1.	0.	0.	0.	24.	1	
1.56339	62.4833	78	0	1	1	1	1	1	3.19596e-006	3.35307e-005	0.	0.	3.11111	0.	0.	1.	0.	0.	0.	24.	1	
1.57942	62.381	79	0	1	1	1	1	1	3.26098e-006	3.35307e-005	0.	0.	3.22222	0.	0.	1.	0.	0.	0.	24.	1	
1.59539	62.6156	80	0	1	1	1	1	1	3.32601e-006	3.35307e-005	0.	0.	3.33333	0.	0.	1.	0.	0.	0.	24.	1	
1.61242	58.7305	81	0	1	1	1	1	1	3.39103e-006	3.35307e-005	0.	0.	3.44444	0.	0.	1.	0.	0.	0.	24.	1	
1.62941	58.8578	82	0	1	1	1	1	1	3.45605e-006	3.35307e-005	0.	0.	3.55556	0.	0.	1.	0.	0.	0.	24.	1	
1.6464	58.8442	83	0	1	1	1	1	1	3.52108e-006	3.35307e-005	0.	0.	3.66667	0.	0.	1.	0.	0.	0.	24.	1	
1.66342	58.7524	84	0	1	1	1	1	1	3.5861e-006	3.35307e-005	0.	0.	3.77778	0.	0.	1.	0.	0.	0.	24.	1	
1.68041	58.8777	85	0	1	1	1	1	1	3.65113e-006	3.35307e-005	0.	0.	3.88889	0.	0.	1.	0.	0.	0.	24.	1	
1.69739	58.8756	86	0	1	1	1	1	1	3.71615e-006	3.35307e-005	0.	0.	4.	0.	0.	1.	0.	0.	0.	24.	1	
1.71442	58.744	87	0	1	1	1	1	1	3.78118e-006	3.35307e-005	0.	0.	4.11111	0.	0.	1.	0.	0.	0.	24.	1	
1.73141	58.8515	88	0	1	1	1	1	1	3.8462e-006	3.35307e-005	0.	0.	4.22222	0.	0.	1.	0.	0.	0.	24.	1	
1.7474	62.547	89	0	1	1	1	1	1	3.91123e-006	3.35307e-005	0.	0.	4.33333	0.	0.	1.	0.	0.	0.	24.	1	
1.7644	58.8035	90	0	1	1	1	1	1	3.97625e-006	3.35307e-005	0.	0.	4.44444	0.	0.	1.	0.	0.	0.	24.	1	
1.78138	58.9028	91	0	1	1	1	1	1	4.04128e-006	3.35307e-005	0.	0.	4.55556	0.	0.	1.	0.	0.	0.	24.	1	
1.79839	58.7732	92	0	1	1	1	1	1	4.1063e-006	3.35307e-005	0.	0.	4.66667	0.	0.	1.	0.	0.	0.	24.	1	
1.81538	58.8704	93	0	1	1	1	1	1	4.17132e-006	3.35307e-005	0.	0.	4.77778	0.	0.	1.	0.	0.	0.	24.	1	
1.83239	58.7951	94	0	1	1	1	1	1	4.23635e-006	3.35307e-005	0.	0.	4.88889	0.	0.	1.	0.	0.	0.	24.	1	
1.84939	58.8358	95	0	1	1	1	1	1	4.30137e-006	3.35307e-005	0.	0.	5.	0.	0.	1.	0.	0.	0.	24.	1	
1.86641	58.7472	96	0	1	1	1	1	1	4.3664e-006	3.35307e-005	0.	0.	5.11111	0.	0.	1.	0.	0.	0.	24.	1	
1.88244	62.3916	97	0	1	1	1	1	1	4.43142e-006	3.35307e-005	0.	0.	5.22222	0.	0.	1.	0.	0.	0.	24.	1	
1.89843	62.5128	98	0	1	1	1	1	1	4.49645e-006	3.35307e-005	0.	0.	5.33333	0.	0.	1.	0.	0.	0.	24.	1	
1.91443	62.5081	99	0	1	1	1	1	1	4.56147e-006	3.35307e-005	0.	0.	5.44444	0.	0.	1.	0.	0.	0.	24.	1	
1.9304	62.631	100	0	1	1	1	1	1	4.6265e-006	3.35307e-005	0.	0.	5.55556	0.	0.	1.	0.	0.	0.	24.	1	
1.94637	62.599	101	0	1	1	1	1	1	4.69152e-006	3.35307e-005	0.	0.	5.66667	0.	0.	1.	0.	0.	0.	24.	1	
1.9624	62.388	102	0	1	1	1	1	1	4.75655e-006	3.35307e-005	0.	0.	5.77778	0.	0.	1.	0.	0.	0.	24.	1	
1.97842	62.4292	103	0	1	1	1	1	1	4.82157e-006	3.35307e-005	0.	0.	5.88889	0.	0.	1.	0.	0.	0.	24.	1	
1.99441	62.5211	104	0	1	1	1	1	1	4.88659e-006	3.35307e-005	0.	0.	6.	0.	0.	1.	0.	0.	0.	24.	1	
2.01038	62.6286	105	0	1	1	1	1	1	4.95162e-006	3.35307e-005	0.	0.	6.11111	0.	0.	1.	0.	0.	0.	24.	1	
2.02638	62.5116	106	0	1	1	1	1	1	5.01664e-006	3.35307e-005	0.	0.	6.22222	0.	0.	1.	0.	0.	0.	24.	1	
2.04339	58.7795	107	0	1	1	1	1	1	5.08167e-006	3.35307e-005	0.	0.	6.33333	0.	0.	1.	0.	0.	0.	24.	1	
2.0604	58.7837	108	0	1	1	1	1	1	5.14669e-006	3.35307e-005	0.	0.	6.44444	0.	0.	1.	0.	0.	0.	24.	1	
2.07637	62.6132	109	0	1	1	1	1	1	5.21172e-006	3.35307e-005	0.	0.	6.55556	0.	0.	1.	0.	0.	0.	24.	1	
2.09338	58.7889	110	0	1	1	1	1	1	5.27674e-006	3.35307e-005	0.	0.	6.66667	0.	0.	1.	0.	0.	0.	24.	1	
2.1094	62.4492	111	0	1	1	1	1	1	5.34177e-006	3.35307e-005	0.	0.	6.77778	0.	0.	1.	0.	0.	0.	24.	1	
2.12538	62.5482	112	0	1	1	1	1	1	5.40679e-006	3.35307e-005	0.	0.	6.88889	0.	0.	1.	0.	0.	0.	24.	1	
2.14137	62.5695	113	0	1	1	1	1	1	5.47182e-006	3.35307e-005	0.	0.	7.	0.	0.	1.	0.	0.	0.	24.	1	
2.15839	58.7347	114	0	1	1	1	1	1	5.53684e-006	3.35307e-005	0.	0.	7.11111	0.	0.	1.	0.	0.	0.	24.	1	
2.17436	62.6263	115	0	1	1	1	1	1	5.60186e-006	3.35307e-005	0.	0.	7.22222	0.	0.	1.	0.	0.	0.	24.	1	
2.19138	58.7482	116	0	1	1	1	1	1	5.66689e-006	3.35307e-005	0.	0.	7.33333	0.	0.	1.	0.	0.	0.	24.	1	
2.2074	62.4339	117	0	1	1	1	1	1	5.73191e-006	3.35307e-005	0.	0.	7.44444	0.	0.	1.	0.	0.	0.	24.	1	
2.22338	62.5718	118	0	1	1	1	1	1	5.79694e-006	3.35307e-005	0.	0.	7.55556	0.	0.	1.	0.	0.	0.	24.	1	
2.24038	58.8087	119	0	1	1	1	1	1	5.86196e-006	3.35307e-005	0.	0.	7.66667	0.	0.	1.	0.	0.	0.	24.	1	
2.2564	62.4515	120	0	1	1	1	1	1	5.92699e-006	3.35307e-005	0.	0.	7.77778	0.	0.	1.	0.	0.	0.	24.	1	
2.27236	62.6357	121	0	1	1	1	1	1	5.99201e-006	3.35307e-005	0.	0.	7.88889	0.	0.	1.	0.	0.	0.	24.	1	
2.28939	58.7378	122	0	1	1	1	1	1	6.05704e-006	3.35307e-005	0.	0.	8.	0.	0.	1.	0.	0.	0.	24.	1	
2.30639	58.8233	123	0	1	1	1	1	1	6.12206e-006	3.35307e-005	0.	0.	8.11111	0.	0.	1.	0.	0.	0.	24.	1	
2.32238	62.5376	124	0	1	1	1	1	1	6.18709e-006	3.35307e-005	0.	0.	8.22222	0.	0.	1.	0.	0.	0.	24.	1	
2.33939	58.7816	125	0	1	1	1	1	1	6.25211e-006	3.35307e-005	0.	0.	8.33333	0.	0.	1.	0.	0.	0.	24.	1	
2.35637	58.8923	126	0	1	1	1	1	1	6.31713e-006	3.35307e-005	0.	0.	8.44444	0.	0.	1.	0.	0.	0.	24.	1	
2.37234	62.5955	127	0	1	1	1	1	1	6.38216e-006	3.35307e-005	0.	0.	8.55556	0.	0.	1.	0.	0.	0.	24.	1	
2.38938	58.6889	128	0	1	1	1	1	1	6.44718e-006	3.35307e-005	0.	0.	8.66667	0.	0.	1.	0.	0.	0.	24.	1	
2.40639	58.7868	129	0	1	1	1	1	1	6.51221e-006	3.35307e-005	0.	0.	8.77778	0.	0.	1.	0.	0.	0.	24.	1	
2.42339	58.8348	130	0	1	1	1	1	1	6.57723e-006	3.35307e-005	0.	0.	8.88889	0.	0.	1.	0.	0.	0.	24.	1	
2.4394	62.4527	131	0	1	1	1	1	1	6.64226e-006	3.35307e-005	0.	0.	9.	0.	0.	1.	0.	0.	0.	24.	1	
2.4564	58.8484	132	0	1	1	1	1	1	6.70728e-006	3.35307e-005	0.	0.	9.11111	0.	0.	1.	0.	0.	0.	24.	1	
2.47336	58.9405	133	0	1	1	1	1	1	6.77231e-006	3.35307e-005	0.	0.	9.22222	0.	0.	1.	0.	0.	0.	24.	1	
2.49038	58.7545	134	0	1	1	1	1	1	6.83733e-006	3.35307e-005	0.	0.	9.33333	0.	0.	1.	0.	0.	0.	24.	1	
2.50635	62.6097	135	0	1	1	1	1	1	6.90235e-006	3.35307e-005	0.	0.	9.44444	0.	0.	1.	0.	0.	0.	24.	1	
2.52339	58.7076	136	0	1	1	1	1	1	6.96738e-006	3.35307e-005	0.	0.	9.55556	0.	0.	1.	0.	0.	0.	24.	1	
2.53938	62.5341	137	0	1	1	1	1	1	7.0324e-006	3.35307e-005	0.	0.	9.66667	0.	0.	1.	0.	0.	0.	24.	1	
2.55639	58.7878	138	0	1	1	1	1	1	7.09743e-006	3.35307e-005	0.	0.	9.77778	0.	0.	1.	0.	0.	0.	24.	1	
2.5724	62.4504	139	0	1	1	1	1	1	7.16245e-006	3.35307e-005	0.	0.	9.88889	0.	0.	1.	0.	0.	0.	24.	1	
2.5894	58.8181	140	0	1	1	1	1	1	7.22748e-006	3.35307e-005	0.	0.	10.	0.	0.	1.	0.	0.	0.	24.	1	
2.60639	58.8568	141	0	1	1	1	1	1	7.2925e-006	3.35307e-005	0.	0.	10.1111	0.	0.	1.	0.	0.	0.	24.	1	
2.62339	58.8494	142	0	1	1	1	1	1	7.35753e-006	3.35307e-005	0.	0.	10.2222	0.	0.	1.	0.	0.	0.	24.	1	
2.63936	62.5848	143	0	1	1	1	1	1	7.42255e-006	3.35307e-005	0.	0.	10.3333	0.	0.	1.	0.	0.	0.	24.	1	
2.65639	58.7513	144	0	1	1	1	1	1	7.48758e-006	3.35307e-005	0.	0.	10.4444	0.	0.	1.	0.	0.	0.	24.	1	
2.67336	58.8965	145	0	1	1	1	1	1	7.5526e-006	3.35307e-005	0.	0.	10.5556	0.	0.	1.	0.	0.	0.	24.	1	
2.68938	62.4209	146	0	1	1	1	1	1	7.61762e-006	3.35307e-005	0.	0.	10.6667	0.	0.	1.	0.	0.	0.	24.	1	
2.7064	58.7691	147	0	1	1	1	1	1	7.68265e-006	3.35307e-005	0.	0.	10.7778	0.	0.	1.	0.	0.	0.	24.	1	
2.72239	62.5376	148	0	1	1	1	1	1	7.74767e-006	3.35307e-005	0.	0.	10.8889	0.	0.	1.	0.	0.	0.	24.	1	
2.73938	58.8453	149	0	1	1	1	1	1	7.8127e-006	3.35307e-005	0.	0.	11.	0.	0.	1.	0.	0.	0.	24.	1	
2.75639	58.816	150	0	1	1	1	1	1	7.87772e-006	3.35307e-005	0.	0.	11.1111	0.	0.	1.	0.	0.	0.	24.	1	
2.77235	62.6417	151	0	1	1	1	1	1	7.94275e-006	3.35307e-005	0.	0.	11.2222	0.	0.	1.	0.	0.	0.	24.	1	
2.78939	58.6962	152	0	1	1	1	1	1	8.00777e-006	3.35307e-005	0.	0.	11.3333	0.	0.	1.	0.	0.	0.	24.	1	
2.80638	58.839	153	0	1	1	1	1	1	8.0728e-006	3.35307e-005	0.	0.	11.4444	0.	0.	1.	0.	0.	0.	24.	1	
2.82237	62.5636	154	0	1	1	1	1	1	8.13782e-006	3.35307e-005	0.	0.	11.5556	0.	0.	1.	0.	0.	0.	24.	1	
2.8394	58.7243	155	0	1	1	1	1	1	8.20285e-006	3.35307e-005	0.	0.	11.6667	0.	0.	1.	0.	0.	0.	24.	1	
2.85637	58.9217	156	0	1	1	1	1	1	8.26787e-006	3.35307e-005	0.	0.	11.7778	0.	0.	1.	0.	0.	0.	24.	1	
2.87237	62.4987	157	0	1	1	1	1	1	8.33289e-006	3.35307e-005	0.	0.	11.8889	0.	0.	1.	0.	0.	0.	24.	1	
2.88939	58.7295	158	0	1	1	1	1	1	8.39792e-006	3.35307e-005	0.	0.	12.	0.	0.	1.	0.	0.	0.	24.	1	
2.90637	58.9164	159	0	1	1	1	1	1	8.46294e-006	3.35307e-005	0.	0.	12.1111	0.	0.	1.	0.	0.	0.	24.	1	
2.9224	62.3904	160	0	1	1	1	1	1	8.52797e-006	3.35307e-005	0.	0.	12.2222	0.	0.	1.	0.	0.	0.	24.	1	
2.93939	58.8484	161	0	1	1	1	1	1	8.59299e-006	3.35307e-005	0.	0.	12.3333	0.	0.	1.	0.	0.	0.	24.	1	
2.95641	58.7618	162	0	1	1	1	1	1	8.65802e-006	3.35307e-005	0.	0.	12.4444	0.	0.	1.	0.	0.	0.	24.	1	
2.97237	62.6452	163	0	1	1	1	1	1	8.72304e-006	3.35307e-005	0.	0.	12.5556	0.	0.	1.	0.	0.	0.	24.	1	
2.98939	58.7472	164	0	1	1	1	1	1	8.78807e-006	3.35307e-005	0.	0.	12.6667	0.	0.	1.	0.	0.	0.	24.	1	
3.0064	58.7816	165	0	1	1	1	1	1	8.85309e-006	3.35307e-005	0.	0.	12.7778	0.	0.	1.	0.	0.	0.	24.	1	
3.0234	58.8369	166	0	1	1	1	1	1	8.91812e-006	3.35307e-005	0.	0.	12.8889	0.	0.	1.	0.	0.	0.	24.	1	
3.04041	58.7826	167	0	1	1	1	1	1	8.98314e-006	3.35307e-005	0.	0.	13.	0.	0.	1.	0.	0.	0.	24.	1	
3.05741	58.839	168	0	1	1	1	1	1	9.04816e-006	3.35307e-005	0.	0.	13.1111	0.	0.	1.	0.	0.	0.	24.	1	
3.07437	58.9374	169	0	1	1	1	1	1	9.11319e-006	3.35307e-005	0.	0.	13.2222	0.	0.	1.	0.	0.	0.	24.	1	
3.0914	58.7326	170	0	1	1	1	1	1	9.17821e-006	3.35307e-005	0.	0.	13.3333	0.	0.	1.	0.	0.	0.	24.	1	
3.10838	58.8892	171	0	1	1	1	1	1	9.24324e-006	3.35307e-005	0.	0.	13.4444	0.	0.	1.	0.	0.	0.	24.	1	
3.1254	58.7659	172	0	1	1	1	1	1	9.30826e-006	3.35307e-005	0.	0.	13.5556	0.	0.	1.	0.	0.	0.	24.	1	
3.14238	58.9038	173	0	1	1	1	1	1	9.37329e-006	3.35307e-005	0.	0.	13.6667	0.	0.	1.	0.	0.	0.	24.	1	
3.1594	58.7336	174	0	1	1	1	1	1	9.43831e-006	3.35307e-005	0.	0.	13.7778	0.	0.	1.	0.	0.	0.	24.	1	
3.17641	58.8024	175	0	1	1	1	1	1	9.50334e-006	3.35307e-005	0.	0.	13.8889	0.	0.	1.	0.	0.	0.	24.	1	
3.19339	58.8787	176	0	1	1	1	1	1	9.56836e-006	3.35307e-005	0.	0.	14.	0.	0.	1.	0.	0.	0.	24.	1	
3.21039	58.8338	177	0	1	1	1	1	1	9.63339e-006	3.35307e-005	0.	0.	14.1111	0.	0.	1.	0.	0.	0.	24.	1	
3.22741	58.7513	178	0	1	1	1	1	1	9.69841e-006	3.35307e-005	0.	0.	14.2222	0.	0.	1.	0.	0.	0.	24.	1	
3.2444	58.862	179	0	1	1	1	1	1	9.76343e-006	3.35307e-005	0.	0.	14.3333	0.	0.	1.	0.	0.	0.	24.	1	
3.26141	58.7951	180	0	1	1	1	1	1	9.82846e-006	3.35307e-005	0.	0.	14.4444	0.	0.	1.	0.	0.	0.	24.	1	
3.2784	58.8473	181	0	1	1	1	1	1	9.89348e-006	3.35307e-005	0.	0.	14.5556	0.	0.	1.	0.	0.	0.	24.	1	
3.29538	58.8798	182	0	1	1	1	1	1	9.95851e-006	3.35307e-005	0.	0.	14.6667	0.	0.	1.	0.	0.	0.	24.	1	
3.3124	58.7565	183	0	1	1	1	1	1	1.00235e-005	3.35307e-005	0.	0.	14.7778	0.	0.	1.	0.	0.	0.	24.	1	
3.32942	58.7795	184	0	1	1	1	1	1	1.00886e-005	3.35307e-005	0.	0.	14.8889	0.	0.	1.	0.	0.	0.	24.	1	
3.34641	58.8379	185	0	1	1	1	1	1	1.01536e-005	3.35307e-005	0.	0.	15.	0.	0.	1.	0.	0.	0.	24.	1	
3.36342	58.7764	186	0	1	1	1	1	1	1.02186e-005	3.35307e-005	0.	0.	15.1111	0.	0.	1.	0.	0.	0.	24.	1	
3.38044	58.7847	187	0	1	1	1	1	1	1.02836e-005	3.35307e-005	0.	0.	15.2222	0.	0.	1.	0.	0.	0.	24.	1	
3.39741	58.929	188	0	1	1	1	1	1	1.03487e-005	3.35307e-005	0.	0.	15.3333	0.	0.	1.	0.	0.	0.	24.	1	
3.41442	58.768	189	0	1	1	1	1	1	1.04137e-005	3.35307e-005	0.	0.	15.4444	0.	0.	1.	0.	0.	0.	24.	1	
3.43041	62.5636	190	0	1	1	1	1	1	1.04787e-005	3.35307e-005	0.	0.	15.5556	0.	0.	1.	0.	0.	0.	24.	1	
3.44741	58.8045	191	0	1	1	1	1	1	1.05437e-005	3.35307e-005	0.	0.	15.6667	0.	0.	1.	0.	0.	0.	24.	1	
3.46441	58.8244	192	0	1	1	1	1	1	1.06088e-005	3.35307e-005	0.	0.	15.7778	0.	0.	1.	0.	0.	0.	24.	1	
3.48141	58.8129	193	0	1	1	1	1	1	1.06738e-005	3.35307e-005	0.	0.	15.8889	0.	0.	1.	0.	0.	0.	24.	1	
3.49843	58.7837	194	0	1	1	1	1	1	1.07388e-005	3.35307e-005	0.	0.	16.	0.	0.	1.	0.	0.	0.	24.	1	
3.51444	62.4574	195	0	1	1	1	1	1	1.08038e-005	3.35307e-005	0.	0.	16.1111	0.	0.	1.	0.	0.	0.	24.	1	
3.53141	58.9143	196	0	1	1	1	1	1	1.08689e-005	3.35307e-005	0.	0.	16.2222	0.	0.	1.	0.	0.	0.	24.	1	
3.54743	62.428	197	0	1	1	1	1	1	1.09339e-005	3.35307e-005	0.	0.	16.3333	0.	0.	1.	0.	0.	0.	24.	1	
3.56343	62.4822	198	0	1	1	1	1	1	1.09989e-005	3.35307e-005	0.	0.	16.4444	0.	0.	1.	0.	0.	0.	24.	1	
3.57942	62.5683	199	0	1	1	1	1	1	1.10639e-005	3.35307e-005	0.	0.	16.5556	0.	0.	1.	0.	0.	0.	24.	1	
3.59641	58.8473	200	0	1	1	1	1	1	1.11289e-005	3.35307e-005	0.	0.	16.6667	0.	0.	1.	0.	0.	0.	24.	1	
3.61343	58.7638	201	0	1	1	1	1	1	1.1194e-005	3.35307e-005	0.	0.	16.7778	0.	0.	1.	0.	0.	0.	24.	1	
3.63044	58.7691	202	0	1	1	1	1	1	1.1259e-005	3.35307e-005	0.	0.	16.8889	0.	0.	1.	0.	0.	0.	24.	1	
3.64741	58.9332	203	0	1	2	2	1	1	1.1324e-005	3.35307e-005	0.	0.	17.	0.	0.	1.	0.	0.	0.	24.	1	
3.6644	58.8421	204	0	1	2	2	1	1	1.1389e-005	3.35307e-005	0.	0.	17.1111	0.	0.	1.	0.	0.	0.	24.	1	
3.68143	58.7472	205	0	1	2	2	1	1	1.14541e-005	3.35307e-005	0.	0.	17.2222	0.	0.	1.	0.	0.	0.	24.	1	
3.69841	58.8923	206	0	1	2	2	1	1	1.15191e-005	3.35307e-005	0.	0.	17.3333	0.	0.	1.	0.	0.	0.	24.	1	
3.71542	58.792	207	0	1	2	2	1	1	1.15841e-005	3.35307e-005	0.	0.	17.4444	0.	0.	1.	0.	0.	0.	24.	1	
3.73246	58.6567	208	0	1	2	2	1	1	1.16491e-005	3.35307e-005	0.	0.	17.5556	0.	0.	1.	0.	0.	0.	24.	1	
3.7495	58.7014	209	0	1	2	2	1	1	1.17142e-005	3.35307e-005	0.	0.	17.6667	0.	0.	1.	0.	0.	0.	24.	1	
3.76641	59.1531	210	0	1	2	2	1	1	1.17792e-005	3.35307e-005	0.	0.	17.7778	0.	0.	1.	0.	0.	0.	24.	1	
3.78343	58.7336	211	0	1	2	2	1	1	1.18442e-005	3.35307e-005	0.	0.	17.8889	0.	0.	1.	0.	0.	0.	24.	1	
3.80043	58.8442	212	0	1	2	2	1	1	1.19092e-005	3.35307e-005	0.	0.	18.	0.	0.	1.	0.	0.	0.	24.	1	
3.81742	58.8369	213	0	1	2	2	1	1	1.19743e-005	3.35307e-005	0.	0.	18.1111	0.	0.	1.	0.	0.	0.	24.	1	
3.83444	58.7711	214	0	1	2	2	1	1	1.20393e-005	3.35307e-005	0.	0.	18.2222	0.	0.	1.	0.	0.	0.	24.	1	
3.85044	62.4987	215	0	1	2	2	1	1	1.21043e-005	3.35307e-005	0.	0.	18.3333	0.	0.	1.	0.	0.	0.	24.	1	
3.86745	58.7774	216	0	1	2	2	1	1	1.21693e-005	3.35307e-005	0.	0.	18.4444	0.	0.	1.	0.	0.	0.	24.	1	
3.88445	58.8097	217	0	1	2	2	1	1	1.22344e-005	3.35307e-005	0.	0.	18.5556	0.	0.	1.	0.	0.	0.	24.	1	
3.9014	59.0203	218	0	1	2	2	1	1	1.22994e-005	3.35307e-005	0.	0.	18.6667	0.	0.	1.	0.	0.	0.	24.	1	
3.91846	58.6069	219	0	1	2	2	1	1	1.23644e-005	3.35307e-005	0.	0.	18.7778	0.	0.	1.	0.	0.	0.	24.	1	
3.93544	58.8913	220	0	1	2	2	1	1	1.24294e-005	3.35307e-005	0.	0.	18.8889	0.	0.	1.	0.	0.	0.	24.	1	
3.95245	58.7972	221	0	1	2	2	1	1	1.24945e-005	3.35307e-005	0.	0.	19.	0.	0.	1.	0.	0.	0.	24.	1	
3.96945	58.8338	222	0	1	2	2	1	1	1.25595e-005	3.35307e-005	0.	0.	19.1111	0.	0.	1.	0.	0.	0.	24.	1	
3.98646	58.7638	223	0	1	2	2	1	1	1.26245e-005	3.35307e-005	0.	0.	19.2222	0.	0.	1.	0.	0.	0.	24.	1	
4.00347	58.7941	224	0	1	2	2	1	2	1.26895e-005	2.33821e-004	0.	0.	19.3333	0.	0.	1.	0.	0.	0.	24.	1	
4.02044	58.9384	225	0	1	2	2	1	2	1.34617e-005	2.33821e-004	0.	0.	19.4444	0.	0.	1.	0.	0.	0.	24.	1	
4.03744	58.8296	226	0	1	2	2	1	2	1.39151e-005	2.33821e-004	0.	0.	19.5556	0.	0.	1.	0.	0.	0.	24.	1	
4.05342	62.5612	227	0	1	2	2	1	2	1.43686e-005	2.33821e-004	0.	0.	19.6667	0.	0.	1.	0.	0.	0.	24.	1	
4.0704	58.8913	228	0	1	2	2	1	2	1.4822e-005	2.33821e-004	0.	0.	19.7778	0.	0.	1.	0.	0.	0.	24.	1	
4.08743	58.7191	229	0	1	2	2	1	2	1.52754e-005	2.33821e-004	0.	0.	19.8889	0.	0.	1.	0.	0.	0.	24.	1	
4.10444	58.8087	230	0	1	2	2	1	2	1.57289e-005	2.33821e-004	0.	0.	20.	0.	0.	1.	0.	0.	0.	24.	1	
4.12044	62.4751	231	0	1	2	2	1	2	1.61823e-005	2.33821e-004	0.	0.	20.1111	0.	0.	1.	0.	0.	0.	24.	1	
4.13744	58.8379	232	0	1	2	2	1	2	1.66357e-005	2.33821e-004	0.	0.	20.2222	0.	0.	1.	0.	0.	0.	24.	1	
4.15344	62.5057	233	0	1	2	2	1	2	1.70892e-005	2.33821e-004	0.	0.	20.3333	0.	0.	1.	0.	0.	0.	24.	1	
4.1694	62.6274	234	0	1	2	2	1	2	1.75426e-005	2.33821e-004	0.	0.	20.4444	0.	0.	1.	0.	0.	0.	24.	1	
4.1854	62.5223	235	0	1	2	2	1	2	1.79961e-005	2.33821e-004	0.	0.	20.5556	0.	0.	1.	0.	0.	0.	24.	1	
4.20148	62.1703	236	0	1	2	2	1	2	1.84495e-005	2.33821e-004	0.	0.	20.6667	0.	0.	1.	0.	0.	0.	24.	1	
4.21743	62.7081	237	0	1	2	2	1	2	6.06372e-003	-0.141433	0.	6.08262e-003	20.7757	0.	2.47255e-003	0.999997	0.	8.5	0.141667	24.	1	
4.23344	62.4598	238	0	1	2	2	1	2	1.24154e-002	-0.2831	0.	1.24347e-002	20.8847	0.	4.94508e-003	0.999988	0.	8.5	0.283333	24.	1	
4.24944	62.4845	239	0	1	2	2	1	2	1.90365e-002	-0.424766	0.	1.90563e-002	20.9936	0.	7.41758e-003	0.999972	0.	8.5	0.425	24.	1	
4.26544	62.5022	240	0	1	2	2	1	2	2.5927e-002	-0.566433	0.	2.59473e-002	21.1026	0.	9.89004e-003	0.999951	0.	8.5	0.566667	24.	1	
4.28141	62.6227	241	0	1	2	2	1	2	3.30869e-002	-0.7081	0.	3.31076e-002	21.2115	0.	1.23624e-002	0.999924	0.	8.5	0.708333	24.	1	
4.2974	62.5577	242	0	1	2	2	1	2	4.05162e-002	-0.849766	0.	4.05373e-002	21.3204	0.	1.48348e-002	0.99989	0.	8.5	0.85	24.	1	
4.3144	58.8223	243	0	1	2	2	1	2	4.82147e-002	-0.991433	0.	4.82363e-002	21.4293	0.	1.7307e-002	0.99985	0.	8.5	0.991667	24.	1	
4.33045	62.2965	244	0	1	2	2	1	2	5.61825e-002	-1.1331	0.	5.62045e-002	21.5382	0.	1.97791e-002	0.999804	0.	8.5	1.13333	24.	1	
4.34646	62.4798	245	0	2	2	2	2	2	6.44194e-002	-1.27477	0.	6.44418e-002	21.6471	0.	2.22511e-002	0.999752	0.	8.5	1.275	24.	1	
4.36344	58.8871	246	0	2	2	2	2	2	7.29255e-002	-1.41643	0.	7.29484e-002	21.7559	0.	2.4723e-002	0.999694	0.	8.5	1.41667	24.	1	
4.38043	58.8547	247	0	2	2	2	2	2	8.17006e-002	-1.5581	0.	8.1724e-002	21.8647	0.	2.71947e-002	0.99963	0.	8.5	1.55833	24.	1	
4.39744	58.7805	248	0	2	2	2	2	2	9.07448e-002	-1.69977	0.	9.07686e-002	21.9735	0.	2.96662e-002	0.99956	0.	8.5	1.7	24.	1	
4.41445	58.8024	249	0	2	2	2	2	2	0.100058	-1.84143	0.	0.100082	22.0823	0.	3.21376e-002	0.999483	0.	8.5	1.84167	24.	1	
4.43046	62.461	250	0	2	2	2	2	2	0.10964	-1.9831	0.	0.109665	22.1911	0.	3.46088e-002	0.999401	0.	8.5	1.98333	24.	1	
4.44745	58.8599	251	0	2	2	2	2	2	0.119491	-2.12477	0.	0.119516	22.2998	0.	3.70797e-002	0.999312	0.	8.5	2.125	24.	1	
4.46345	62.4987	252	0	2	2	2	2	2	0.129611	-2.26643	0.	0.129636	22.4085	0.	3.95505e-002	0.999218	0.	8.5	2.26667	24.	1	
4.48044	58.8547	253	0	2	2	2	2	2	0.139999	-2.4081	0.	0.140025	22.5172	0.	4.2021e-002	0.999117	0.	8.5	2.40833	24.	1	
4.49642	62.5813	254	0	2	2	2	2	2	0.150656	-2.54977	0.	0.150683	22.6258	0.	4.44912e-002	0.99901	0.	8.5	2.55	24.	1	
4.51242	62.501	255	0	2	2	2	2	2	0.161582	-2.69143	0.	0.161609	22.7344	0.	4.69612e-002	0.998897	0.	8.5	2.69167	24.	1	
4.52842	62.4892	256	0	2	2	2	2	2	0.172777	-2.8331	0.	0.172804	22.843	0.	4.94308e-002	0.998778	0.	8.5	2.83333	24.	1	
4.5454	58.885	257	0	2	2	2	2	2	0.184239	-2.97477	0.	0.184267	22.9516	0.	5.19002e-002	0.998652	0.	8.5	2.975	24.	1	
4.56142	62.4433	258	0	2	2	2	2	2	0.195971	-3.11643	0.	0.195999	23.0601	0.	5.43693e-002	0.998521	0.	8.5	3.11667	24.	1	
4.57842	58.8212	259	0	2	2	2	2	2	0.20797	-3.2581	0.	0.207999	23.1686	0.	5.6838e-002	0.998383	0.	8.5	3.25833	24.	1	
4.59441	62.5116	260	0	2	2	2	2	2	0.220238	-3.39977	0.	0.220267	23.2771	0.	5.93064e-002	0.99824	0.	8.5	3.4	24.	1	
4.61042	62.461	261	0	2	2	2	2	2	0.232774	-3.54143	0.	0.232803	23.3856	0.	6.17744e-002	0.99809	0.	8.5	3.54167	24.	1	
4.62643	62.4751	262	0	2	2	2	2	2	0.245578	-3.6831	0.	0.245608	23.494	0.	6.4242e-002	0.997934	0.	8.5	3.68333	24.	1	
4.64245	62.4139	263	0	2	2	2	2	2	0.25865	-3.82477	0.	0.25868	23.6024	0.	6.67093e-002	0.997772	0.	8.5	3.825	24.	1	
4.65842	62.6369	264	0	2	2	2	2	2	0.27199	-3.96643	0.	0.272021	23.7107	0.	6.91761e-002	0.997604	0.	8.5	3.96667	24.	1	
4.67543	58.7764	265	0	2	2	2	2	2	0.285598	-4.1081	0.	0.285629	23.8191	0.	7.16425e-002	0.99743	0.	8.5	4.10833	24.	1	
4.6924	58.9321	266	0	2	2	2	2	2	0.299474	-4.24977	0.	0.299506	23.9273	0.	7.41085e-002	0.99725	0.	8.5	4.25	24.	1	
4.70842	62.4362	267	0	2	2	2	2	2	0.31952	-4.5331	0.	0.319553	24.033	0.	7.90391e-002	0.996872	0.	17.	4.53333	24.	1	
4.72441	62.5069	268	0	2	2	2	2	2	0.340089	-4.81643	0.	0.340122	24.1386	0.	8.39677e-002	0.996468	0.	17.	4.81667	24.	1	
4.74143	58.7795	269	0	2	2	2	2	2	0.367051	-5.24143	0.	0.367084	24.2414	0.	9.13568e-002	0.995818	0.	25.5	5.24167	24.	1	
4.75745	62.4198	270	0	2	2	2	2	2	0.394775	-5.66643	0.	0.394809	24.3441	0.	9.87408e-002	0.995113	0.	25.5	5.66667	24.	1	
4.77342	62.6121	271	0	2	2	2	2	2	0.429084	-6.2331	0.	0.429118	24.4438	0.	0.108578	0.994088	0.	34.	6.23333	24.	1	
4.78945	62.3951	272	0	2	2	2	2	2	0.464378	-6.79977	0.	0.464412	24.5431	0.	0.118404	0.992966	0.	34.	6.8	24.	1	
4.8064	58.9951	273	0	2	2	2	2	2	0.506414	-7.5081	0.	0.506448	24.6392	0.	0.13067	0.991426	0.	42.5	7.50833	24.	1	
4.82339	58.8285	274	0	2	2	2	2	2	0.549635	-8.21643	0.	0.54967	24.7348	0.	0.142917	0.989735	0.	42.5	8.21667	24.	1	
4.84038	58.8735	275	0	2	2	2	2	2	0.594034	-8.92477	0.	0.594069	24.8298	0.	0.155141	0.987892	0.	42.5	8.925	24.	1	
4.8574	58.768	276	0	2	2	2	2	2	0.639605	-9.6331	0.	0.639641	24.9243	0.	0.167342	0.985899	0.	42.5	9.63333	24.	1	
4.87442	58.7305	277	0	2	2	2	2	2	0.68634	-10.3414	0.	0.686376	25.0183	0.	0.179518	0.983755	0.	42.5	10.3417	24.	1	
4.89142	58.8358	278	0	2	2	2	2	2	0.706286	-10.3414	0.	0.706323	25.1276	0.	0.179518	0.983755	0.	0.	10.3417	24.	1	
4.9084	58.8766	279	0	2	2	2	2	2	0.726232	-10.3414	0.	0.726269	25.2369	0.	0.179518	0.983755	0.	0.	10.3417	24.	1	
4.92443	62.4162	280	0	2	2	2	2	2	0.746178	-10.3414	0.	0.746216	25.3462	0.	0.179518	0.983755	0.	0.	10.3417	24.	1	
4.94044	62.461	281	0	2	2	2	2	2	0.766124	-10.3414	0.	0.766162	25.4555	0.	0.179518	0.983755	0.	0.	10.3417	24.	1	
4.95744	58.8087	282	0	2	2	2	2	2	0.78607	-10.3414	0.	0.786109	25.5648	0.	0.179518	0.983755	0.	0.	10.3417	24.	1	
4.97444	58.8306	283	0	2	2	2	2	2	0.806016	-10.3414	0.	0.806055	25.6741	0.	0.179518	0.983755	0.	0.	10.3417	24.	1	
4.99143	58.8515	284	0	2	2	2	2	2	0.825962	-10.3414	0.	0.826001	25.7834	0.	0.179518	0.983755	0.	0.	10.3417	24.	1	
5.0074	62.6061	285	0	2	2	2	2	2	0.865854	-10.3414	0.	0.865894	26.002	0.	0.179518	0.983755	0.	0.	10.3417	48.	1	
5.02343	62.4115	286	0	2	2	2	2	2	0.905746	-10.3414	0.	0.905787	26.2206	0.	0.179518	0.983755	0.	0.	10.3417	48.	1	
5.04044	58.7732	287	0	2	2	2	2	2	0.945638	-10.3414	0.	0.94568	26.4392	0.	0.179518	0.983755	0.	0.	10.3417	48.	1	
5.05643	62.5494	288	0	2	2	2	2	2	0.98553	-10.3414	0.	0.985573	26.6578	0.	0.179518	0.983755	0.	0.	10.3417	48.	1	
5.07241	62.5529	289	0	2	2	2	2	2	1.02542	-10.3414	0.	1.02547	26.8765	0.	0.179518	0.983755	0.	0.	10.3417	48.	1	
5.0884	62.5423	290	0	2	2	2	2	2	1.06531	-10.3414	0.	1.06536	27.0951	0.	0.179518	0.983755	0.	0.	10.3417	48.	1	
5.10442	62.4362	291	0	2	2	2	2	2	1.10521	-10.3414	0.	1.10525	27.3137	0.	0.179518	0.983755	0.	0.	10.3417	48.	1	
5.12144	58.767	292	0	2	2	2	2	2	1.1451	-10.3414	0.	1.14514	27.5323	0.	0.179518	0.983755	0.	0.	10.3417	48.	1	
5.13841	58.9122	293	0	2	2	2	2	2	1.18499	-10.3414	0.	1.18504	27.7509	0.	0.179518	0.983755	0.	0.	10.3417	48.	1	
5.15542	58.7805	294	0	2	2	2	2	2	1.22488	-10.3414	0.	1.22493	27.9695	0.	0.179518	0.983755	0.	0.	10.3417	48.	1	
5.17138	62.6476	295	0	2	2	2	2	2	1.26477	-10.3414	0.	1.26482	28.1881	0.	0.179518	0.983755	0.	0.	10.3417	48.	1	
5.18742	62.354	296	0	2	2	2	2	2	1.30467	-10.3414	0.	1.30472	28.4067	0.	0.179518	0.983755	0.	0.	10.3417	48.	1	
5.20443	58.793	297	0	2	2	2	2	2	1.34456	-10.3414	0.	1.34461	28.6254	0.	0.179518	0.983755	0.	0.	10.3417	48.	1	
5.2214	58.9258	298	0	2	2	2	2	2	1.38445	-10.3414	0.	1.3845	28.844	0.	0.179518	0.983755	0.	0.	10.3417	48.	1	
5.23842	58.7701	299	0	2	2	2	2	2	1.42434	-10.3414	0.	1.42439	29.0626	0.	0.179518	0.983755	0.	0.	10.3417	48.	1	
5.25443	62.4515	300	0	2	2	2	2	2	1.46423	-10.3414	0.	1.46429	29.2812	0.	0.179518	0.983755	0.	0.	10.3417	48.	1	
5.27142	58.8609	301	0	2	2	2	2	2	1.50412	-10.3414	0.	1.50418	29.4998	0.	0.179518	0.983755	0.	0.	10.3417	48.	1	
5.28743	62.4633	302	0	2	2	2	2	2	1.54402	-10.3414	0.	1.54407	29.7184	0.	0.179518	0.983755	0.	0.	10.3417	48.	1	
5.30443	58.8108	303	0	2	2	2	2	2	1.58391	-10.3414	0.	1.58396	29.937	0.	0.179518	0.983755	0.	0.	10.3417	48.	1	
5.32143	58.8421	304	0	2	2	2	2	2	1.6238	-10.3414	0.	1.62386	30.1556	0.	0.179518	0.983755	0.	0.	10.3417	48.	1	
5.33739	62.6499	305	0	2	2	2	2	2	1.66369	-10.3414	0.	1.66375	30.3742	0.	0.179518	0.983755	0.	0.	10.3417	48.	1	
5.35443	58.6878	306	0	2	2	2	2	2	1.70358	-10.3414	0.	1.70364	30.5929	0.	0.179518	0.983755	0.	0.	10.3417	48.	1	
5.37142	58.8505	307	0	2	2	2	2	2	1.74348	-10.3414	0.	1.74354	30.8115	0.	0.179518	0.983755	0.	0.	10.3417	48.	1	
5.38839	58.9332	308	0	2	2	2	2	2	1.78337	-10.3414	0.	1.78343	31.0301	0.	0.179518	0.983755	0.	0.	10.3417	48.	1	
5.40543	58.6899	309	0	2	2	2	2	2	1.86315	-10.3414	0.	1.86321	31.4673	0.	0.179518	0.983755	0.	0.	10.3417	48.	1	
5.42243	58.8045	310	0	2	2	2	2	2	1.90304	-10.3414	0.	1.90311	31.6859	0.	0.179518	0.983755	0.	0.	10.3417	48.	1	
5.43844	62.4692	311	0	2	2	2	2	2	1.94294	-10.3414	0.	1.943	31.9045	0.	0.179518	0.983755	0.	0.	10.3417	48.	1	
5.45443	62.5305	312	0	2	2	2	2	2	1.98283	-10.3414	0.	1.98289	32.1231	0.	0.179518	0.983755	0.	0.	10.3417	48.	1	
5.47143	58.8358	313	0	2	2	2	2	2	2.02272	-10.3414	0.	2.02279	32.3418	0.	0.179518	0.983755	0.	0.	10.3417	48.	1	
5.48843	58.8097	314	0	2	2	2	2	2	2.05598	-10.1998	0.	2.05605	32.5594	0.	0.177085	0.984196	0.	-8.5	10.2	48.	1	
5.50543	58.8306	315	0	2	2	2	2	2	2.0887	-10.0581	0.	2.08877	32.7772	0.	0.174651	0.98463	0.	-8.5	10.0583	48.	1	
5.5224	58.9133	316	0	2	2	2	2	2	2.12088	-9.91643	0.	2.12095	32.995	0.	0.172216	0.985059	0.	-8.5	9.91667	48.	1	
5.53944	58.6972	317	0	2	2	2	2	2	2.15253	-9.77477	0.	2.1526	33.213	0.	0.16978	0.985482	0.	-8.5	9.775	48.	1	
5.55643	58.8756	318	0	2	2	2	2	2	2.18363	-9.6331	0.	2.1837	33.431	0.	0.167342	0.985899	0.	-8.5	9.63333	48.	1	
5.57346	58.7107	319	0	2	2	2	2	2	2.2142	-9.49143	0.	2.21427	33.649	0.	0.164904	0.98631	0.	-8.5	9.49167	48.	1	
5.59044	58.9038	320	0	2	2	2	2	2	2.24422	-9.34977	0.	2.24429	33.8672	0.	0.162465	0.986714	0.	-8.5	9.35	48.	1	
5.60744	58.792	321	0	2	2	2	2	2	2.27371	-9.2081	0.	2.27378	34.0854	0.	0.160025	0.987113	0.	-8.5	9.20833	48.	1	
5.62443	58.884	322	0	2	2	2	2	2	2.30266	-9.06643	0.	2.30273	34.3037	0.	0.157584	0.987506	0.	-8.5	9.06667	48.	1	
5.64043	62.4998	323	0	2	2	2	2	2	2.33106	-8.92477	0.	2.33114	34.5221	0.	0.155141	0.987892	0.	-8.5	8.925	48.	1	
5.65743	58.8077	324	0	2	2	2	2	2	2.35893	-8.7831	0.	2.35901	34.7405	0.	0.152698	0.988273	0.	-8.5	8.78333	48.	1	
5.67443	58.8285	325	0	2	2	2	2	2	2.38626	-8.64143	0.	2.38633	34.959	0.	0.150254	0.988647	0.	-8.5	8.64167	48.	1	
5.69143	58.8223	326	0	2	2	2	2	2	2.41304	-8.49977	0.	2.41312	35.1776	0.	0.147809	0.989016	0.	-8.5	8.5	48.	1	
5.70843	58.8317	327	0	2	2	2	2	2	2.43929	-8.3581	0.	2.43937	35.3962	0.	0.145364	0.989378	0.	-8.5	8.35833	48.	1	
5.72443	62.4774	328	0	2	2	2	2	2	2.465	-8.21643	0.	2.46508	35.6149	0.	0.142917	0.989735	0.	-8.5	8.21667	48.	1	
5.74144	58.8129	329	0	2	2	2	2	2	2.49016	-8.07477	0.	2.49024	35.8337	0.	0.140469	0.990085	0.	-8.5	8.075	48.	1	
5.75841	58.9217	330	0	2	2	2	2	2	2.51479	-7.9331	0.	2.51487	36.0525	0.	0.138021	0.990429	0.	-8.5	7.93333	48.	1	
5.77545	58.6847	331	0	2	2	2	2	2	2.53887	-7.79143	0.	2.53895	36.2714	0.	0.135571	0.990768	0.	-8.5	7.79167	48.	1	
5.79141	62.6393	332	0	2	2	2	2	2	2.56241	-7.64977	0.	2.56249	36.4903	0.	0.133121	0.9911	0.	-8.5	7.65	48.	1	
5.80844	58.7472	333	0	2	2	2	2	2	2.58541	-7.5081	0.	2.58549	36.7093	0.	0.13067	0.991426	0.	-8.5	7.50833	48.	1	
5.82444	62.4845	334	0	2	2	2	2	2	2.60787	-7.36643	0.	2.60795	36.9284	0.	0.128219	0.991746	0.	-8.5	7.36667	48.	1	
5.84143	58.8662	335	0	2	2	2	2	2	2.62979	-7.22477	0.	2.62987	37.1475	0.	0.125766	0.99206	0.	-8.5	7.225	48.	1	
5.8584	58.9248	336	0	2	2	2	2	2	2.65116	-7.0831	0.	2.65125	37.3666	0.	0.123313	0.992368	0.	-8.5	7.08333	48.	1	
5.87543	58.7263	337	0	2	2	2	2	2	2.67856	-7.0831	0.	2.67865	37.5872	0.	0.123313	0.992368	0.	0.	7.08333	48.	1	
5.8924	58.9185	338	0	2	2	2	2	2	2.70596	-7.0831	0.	2.70605	37.8077	0.	0.123313	0.992368	0.	0.	7.08333	48.	1	
5.90943	58.7118	339	0	2	2	2	2	2	2.73337	-7.0831	0.	2.73346	38.0282	0.	0.123313	0.992368	0.	0.	7.08333	48.	1	
5.92645	58.7691	340	0	2	2	3	2	2	2.76077	-7.0831	0.	2.76086	38.2487	0.	0.123313	0.992368	0.	0.	7.08333	48.	1	
5.9434	58.9877	341	0	2	3	3	2	2	2.78817	-7.0831	0.	2.78826	38.4693	0.	0.123313	0.992368	0.	0.	7.08333	48.	1	
5.96042	58.7461	342	0	2	3	3	2	2	2.81557	-7.0831	0.	2.81566	38.6898	0.	0.123313	0.992368	0.	0.	7.08333	48.	1	
5.97641	62.547	343	0	2	3	3	2	2	2.84297	-7.0831	0.	2.84307	38.9103	0.	0.123313	0.992368	0.	0.	7.08333	48.	1	
5.99243	62.4233	344	0	2	3	3	2	2	2.87038	-7.0831	0.	2.87047	39.1308	0.	0.123313	0.992368	0.	0.	7.08333	48.	1	
6.00943	58.8202	345	0	2	3	3	2	2	2.89778	-7.0831	0.	2.89787	39.3514	0.	0.123313	0.992368	0.	0.	7.08333	48.	1	
6.0264	58.9363	346	0	2	3	3	2	2	2.91148	-7.0831	0.	2.91157	39.4616	0.	0.123313	0.992368	0.	0.	7.08333	24.	1	
6.04241	62.4374	347	0	2	3	3	2	2	2.92518	-7.0831	0.	2.92528	39.5719	0.	0.123313	0.992368	0.	0.	7.08333	24.	1	
6.05842	62.4822	348	0	2	3	3	2	2	2.93888	-7.0831	0.	2.93898	39.6822	0.	0.123313	0.992368	0.	0.	7.08333	24.	1	
6.07541	58.862	349	0	2	3	3	2	2	2.95258	-7.0831	0.	2.95268	39.7924	0.	0.123313	0.992368	0.	0.	7.08333	24.	1	
6.09242	58.7722	350	0	2	3	3	2	2	2.96628	-7.0831	0.	2.96638	39.9027	0.	0.123313	0.992368	0.	0.	7.08333	24.	1	
6.1084	62.6002	351	0	2	3	3	2	2	2.99368	-7.0831	0.	2.99378	40.1232	0.	0.123313	0.992368	0.	0.	7.08333	24.	1	
6.12441	62.4456	352	0	2	3	3	2	2	3.00739	-7.0831	0.	3.00748	40.2335	0.	0.123313	0.992368	0.	0.	7.08333	24.	1	
6.14041	62.5175	353	0	2	3	3	2	2	3.02109	-7.0831	0.	3.02119	40.3437	0.	0.123313	0.992368	0.	0.	7.08333	24.	1	
6.15644	62.3587	354	0	2	3	3	2	2	3.03479	-7.0831	0.	3.03489	40.454	0.	0.123313	0.992368	0.	0.	7.08333	24.	1	
6.17244	62.5199	355	0	2	3	3	2	2	3.04849	-7.0831	0.	3.04859	40.5643	0.	0.123313	0.992368	0.	0.	7.08333	24.	1	
6.18842	62.5671	356	0	2	3	3	2	2	3.06219	-7.0831	0.	3.06229	40.6745	0.	0.123313	0.992368	0.	0.	7.08333	24.	1	
6.20541	58.8641	357	0	2	3	3	2	3	3.07589	-7.08269	0.	3.07599	40.7848	0.	0.123313	0.992368	0.	0.	7.08333	24.	1	
6.22142	62.4562	358	0	2	3	3	2	3	3.08959	-7.08269	0.	3.08969	40.8951	0.	0.123313	0.992368	0.	0.	7.08333	24.	1	
6.23842	58.8097	359	0	2	3	3	2	3	3.08959	-7.08269	0.	3.08969	40.8951	0.	0.123313	0.992368	0.	0.	7.08333	0.	1	
6.25444	62.4304	360	0	2	3	3	2	3	3.08959	-7.08269	0.	3.08969	40.8951	0.	0.123313	0.992368	0.	0.	7.08333	0.	1	
6.27144	58.8233	361	0	2	3	3	2	3	3.08959	-7.08269	0.	3.08969	40.8951	0.	0.123313	0.992368	0.	0.	7.08333	0.	1	
6.28843	58.8557	362	0	2	3	3	2	3	3.08959	-7.08269	0.	3.08969	40.8951	0.	0.123313	0.992368	0.	0.	7.08333	0.	1	
6.30543	58.8296	363	0	2	3	3	2	3	3.08959	-7.08269	0.	3.08969	40.8951	0.	0.123313	0.992368	0.	0.	7.08333	0.	1	
6.32243	58.8118	364	0	2	3	3	2	3	3.08959	-7.08269	0.	3.08969	40.8951	0.	0.123313	0.992368	0.	0.	7.08333	0.	1	
6.33945	58.7545	365	0	2	3	3	2	3	3.08959	-7.08269	0.	3.08969	40.8951	0.	0.123313	0.992368	0.	0.	7.08333	0.	1	
6.35644	58.8588	366	0	2	3	3	2	3	3.08959	-7.08269	0.	3.08969	40.8951	0.	0.123313	0.992368	0.	0.	7.08333	0.	1	
6.37345	58.7962	367	0	2	3	3	2	3	3.08959	-7.08269	0.	3.08969	40.8951	0.	0.123313	0.992368	0.	0.	7.08333	0.	1	
6.39044	58.8526	368	0	2	3	3	2	3	3.08959	-7.08269	0.	3.08969	40.8951	0.	0.123313	0.992368	0.	0.	7.08333	0.	1	
6.40744	58.8369	369	0	2	3	3	2	3	3.08959	-7.08269	0.	3.08969	40.8951	0.	0.123313	0.992368	0.	0.	7.08333	0.	1	
6.42445	58.7868	370	0	2	3	3	2	3	3.08959	-7.08269	0.	3.08969	40.8951	0.	0.123313	0.992368	0.	0.	7.08333	0.	1	
6.44144	58.862	371	0	2	3	3	2	3	3.08959	-7.08269	0.	3.08969	40.8951	0.	0.123313	0.992368	0.	0.	7.08333	0.	1	
6.45842	58.8787	372	0	2	3	3	2	3	3.08959	-7.08269	0.	3.08969	40.8951	0.	0.123313	0.992368	0.	0.	7.08333	0.	1	
6.47547	58.6536	373	0	2	3	3	2	3	3.08959	-7.08269	0.	3.08969	40.8951	0.	0.123313	0.992368	0.	0.	7.08333	0.	1	
6.49245	58.9164	374	0	2	3	3	2	3	3.08959	-7.08269	0.	3.08969	40.8951	0.	0.123313	0.992368	0.	0.	7.08333	0.	1	
6.50944	58.8453	375	0	2	3	3	2	3	3.08959	-7.08269	0.	3.08969	40.8951	0.	0.123313	0.992368	0.	0.	7.08333	0.	1	
6.52643	58.8714	376	0	2	3	3	2	3	3.08959	-7.08269	0.	3.08969	40.8951	0.	0.123313	0.992368	0.	0.	7.08333	0.	1	
6.54343	58.8077	377	0	2	3	3	2	3	3.08959	-7.08269	0.	3.08969	40.8951	0.	0.123313	0.992368	0.	0.	7.08333	0.	1	
6.56044	58.7743	378	0	2	3	3	2	3	3.08959	-7.08269	0.	3.08969	40.8951	0.	0.123313	0.992368	0.	0.	7.08333	0.	1	
6.57744	58.8244	379	0	2	3	3	2	3	3.08959	-7.08269	0.	3.08969	40.8951	0.	0.123313	0.992368	0.	0.	7.08333	0.	1	
6.59345	62.4598	380	0	2	3	3	2	3	3.08959	-7.08269	0.	3.08969	40.8951	0.	0.123313	0.992368	0.	0.	7.08333	0.	1	
6.61043	58.9028	381	0	2	3	3	2	3	3.08959	-7.08269	0.	3.08969	40.8951	0.	0.123313	0.992368	0.	0.	7.08333	0.	1	
6.62748	58.6577	382	0	2	3	3	2	3	3.08959	-7.08269	0.	3.08969	40.8951	0.	0.123313	0.992368	0.	0.	7.08333	0.	1	
6.64443	58.9899	383	0	2	3	3	2	3	3.08959	-7.08269	0.	3.08969	40.8951	0.	0.123313	0.992368	0.	0.	7.08333	0.	1	
6.66145	58.7607	384	0	2	3	3	2	3	3.08959	-7.08269	0.	3.08969	40.8951	0.	0.123313	0.992368	0.	0.	7.08333	0.	1	
6.67843	58.885	385	0	2	3	3	2	3	3.08959	-7.08269	0.	3.08969	40.8951	0.	0.123313	0.992368	0.	0.	7.08333	0.	1	
6.69443	62.4939	386	0	2	3	3	2	3	3.08959	-7.08269	0.	3.08969	40.8951	0.	0.123313	0.992368	0.	0.	7.08333	0.	1	
6.71045	62.4198	387	0	2	3	3	2	3	3.08959	-7.08269	0.	3.08969	40.8951	0.	0.123313	0.992368	0.	0.	7.08333	0.	1	
6.72643	62.5967	388	0	2	3	3	2	3	3.08959	-7.08269	0.	3.08969	40.8951	0.	0.123313	0.992368	0.	0.	7.08333	0.	1	
6.74244	62.4539	389	0	2	3	3	2	3	3.08959	-7.08269	0.	3.08969	40.8951	0.	0.123313	0.992368	0.	0.	7.08333	0.	1	
6.75845	62.4492	390	0	2	3	3	2	3	3.08959	-7.08269	0.	3.08969	40.8951	0.	0.123313	0.992368	0.	0.	7.08333	0.	1	
6.77442	62.6274	391	0	2	3	3	2	3	3.08959	-7.08269	0.	3.08969	40.8951	0.	0.123313	0.992368	0.	0.	7.08333	0.	1	
6.79145	58.7295	392	0	2	3	3	2	3	3.08959	-7.08269	0.	3.08969	40.8951	0.	0.123313	0.992368	0.	0.	7.08333	0.	1	
6.80843	58.8766	393	0	2	3	3	2	3	3.08959	-7.08269	0.	3.08969	40.8951	0.	0.123313	0.992368	0.	0.	7.08333	0.	1	
6.82444	62.4939	394	0	2	3	3	2	3	3.08959	-7.08269	0.	3.08969	40.8951	0.	0.123313	0.992368	0.	0.	7.08333	0.	1	
6.84043	62.5223	395	0	2	3	3	2	3	3.08959	-7.08269	0.	3.08969	40.8951	0.	0.123313	0.992368	0.	0.	7.08333	0.	1	
6.85745	58.744	396	0	2	3	3	2	3	3.08959	-7.08269	0.	3.08969	40.8951	0.	0.123313	0.992368	0.	0.	7.08333	0.	1	
6.87445	58.8223	397	0	2	3	3	2	3	3.08959	-7.08269	0.	3.08969	40.8951	0.	0.123313	0.992368	0.	0.	7.08333	0.	1	
6.89045	62.5282	398	0	2	3	3	2	3	3.08959	-7.08269	0.	3.08969	40.8951	0.	0.123313	0.992368	0.	0.	7.08333	0.	1	
6.90746	58.7586	399	0	2	3	3	2	3	3.08959	-7.08269	0.	3.08969	40.8951	0.	0.123313	0.992368	0.	0.	7.08333	0.	1	
6.92344	62.5955	400	0	2	3	3	2	3	3.08959	-7.08269	0.	3.08969	40.8951	0.	0.123313	0.992368	0.	0.	7.08333	0.	1	
6.94044	58.815	401	0	2	3	3	2	3	3.08959	-7.08269	0.	3.08969	40.8951	0.	0.123313	0.992368	0.	0.	7.08333	0.	1	
6.95645	62.4598	402	0	2	3	3	2	3	3.08959	-7.08269	0.	3.08969	40.8951	0.	0.123313	0.992368	0.	0.	7.08333	0.	1	
6.97243	62.6038	403	0	2	3	3	2	3	3.08959	-7.08269	0.	3.08969	40.8951	0.	0.123313	0.992368	0.	0.	7.08333	0.	1	
6.98847	62.3399	404	0	2	3	3	2	3	3.08959	-7.08269	0.	3.08969	40.8951	0.	0.123313	0.992368	0.	0.	7.08333	0.	1	
7.00446	62.5187	405	0	2	3	3	2	3	3.08959	-7.08269	0.	3.08969	40.8951	0.	0.123313	0.992368	0.	0.	7.08333	0.	1	
7.02143	58.9458	406	0	2	3	3	2	3	3.08959	-7.08269	0.	3.08969	40.8951	0.	0.123313	0.992368	0.	0.	7.08333	0.	1	
7.03746	62.381	407	0	2	3	3	2	3	3.08959	-7.08269	0.	3.08969	40.8951	0.	0.123313	0.992368	0.	0.	7.08333	0.	1	
7.05445	58.8348	408	0	2	3	3	2	3	3.08959	-7.08269	0.	3.08969	40.8951	0.	0.123313	0.992368	0.	0.	7.08333	0.	1	
7.07145	58.8296	409	0	2	3	3	2	3	3.08959	-7.08269	0.	3.08969	40.8951	0.	0.123313	0.992368	0.	0.	7.08333	0.	1	
7.08743	62.5884	410	0	2	3	3	2	3	3.08959	-7.08269	0.	3.08969	40.8951	0.	0.123313	0.992368	0.	0.	7.08333	0.	1	
7.10443	58.8358	411	0	2	3	3	2	3	3.08959	-7.08269	0.	3.08969	40.8951	0.	0.123313	0.992368	0.	0.	7.08333	0.	1	
7.12046	62.354	412	0	2	3	3	2	3	3.08959	-7.08269	0.	3.08969	40.8951	0.	0.123313	0.992368	0.	0.	7.08333	0.	1	
7.13747	58.7878	413	0	2	3	3	2	3	3.08959	-7.08269	0.	3.08969	40.8951	0.	0.123313	0.992368	0.	0.	7.08333	0.	1	
7.15445	58.9112	414	0	2	3	3	2	3	3.08959	-7.08269	0.	3.08969	40.8951	0.	0.123313	0.992368	0.	0.	7.08333	0.	1	
7.17145	58.8129	415	0	2	3	3	2	3	3.08959	-7.08269	0.	3.08969	40.8951	0.	0.123313	0.992368	0.	0.	7.08333	0.	1	
7.18741	62.6559	416	0	2	3	3	2	3	3.08959	-7.08269	0.	3.08969	40.8951	0.	0.123313	0.992368	0.	0.	7.08333	0.	1	
7.20444	58.7451	417	0	2	3	3	2	3	3.08959	-7.08269	0.	3.08969	40.8951	0.	0.123313	0.992368	0.	0.	7.08333	0.	1	
7.22146	58.7357	418	0	2	3	3	2	3	3.08959	-7.08269	0.	3.08969	40.8951	0.	0.123313	0.992368	0.	0.	7.08333	0.	1	
7.23747	62.4727	419	0	2	3	3	2	3	3.08959	-7.08269	0.	3.08969	40.8951	0.	0.123313	0.992368	0.	0.	7.08333	0.	1	
7.25444	58.9353	420	0	2	3	3	2	3	3.08959	-7.08269	0.	3.08969	40.8951	0.	0.123313	0.992368	0.	0.	7.08333	0.	1	
7.27147	58.718	421	0	2	3	3	2	3	3.08959	-7.08269	0.	3.08969	40.8951	0.	0.123313	0.992368	0.	0.	7.08333	0.	1	
7.28745	62.5588	422	0	2	3	3	2	3	3.08959	-7.08269	0.	3.08969	40.8951	0.	0.123313	0.992368	0.	0.	7.08333	0.	1	
7.30444	58.8756	423	0	2	3	3	2	3	3.08959	-7.08269	0.	3.08969	40.8951	0.	0.123313	0.992368	0.	0.	7.08333	0.	1	
7.32146	58.7513	424	0	2	3	3	2	3	3.08959	-7.08269	0.	3.08969	40.8951	0.	0.123313	0.992368	0.	0.	7.08333	0.	1	
7.33843	58.9154	425	0	2	3	3	2	3	3.08959	-7.08269	0.	3.08969	40.8951	0.	0.123313	0.992368	0.	0.	7.08333	0.	1	
7.35442	62.5553	426	0	2	3	3	2	3	3.08959	-7.08269	0.	3.08969	40.8951	0.	0.123313	0.992368	0.	0.	7.08333	0.	1	
7.37045	62.3551	427	0	2	3	3	2	3	3.08959	-7.08269	0.	3.08969	40.8951	0.	0.123313	0.992368	0.	0.	7.08333	0.	1	

