Time	FPS	Frame	Crash	RB	RU	LU	LB	OC	Dither	DAngle	swAngle	OX	OY	OZ	HX	HY	HZ	DX	DY	DZ	HA	RHA	AccumulativeHeading(Y)	Speed	RSpeed	Dynamic
2.44499e-005	40900.	1	0	1	3	3	1	2	2.8125	-0.18037	0.	-2.8125	0.	0.	0.	1.	0.	0.	1.	0.	0.	0.	0.	0.	0.	0	
0.312651	3.1987	2	0	1	3	3	1	2	2.80887	-0.18037	0.	-2.8125	0.	0.	0.	1.	0.	0.	1.	0.	0.	0.	0.	0.	0.	0	
0.361658	20.4053	3	0	1	3	3	1	2	2.80887	-0.18037	0.	-2.8125	0.	0.	0.	1.	0.	0.	1.	0.	0.	0.	0.	0.	0.	0	
0.378538	59.2414	4	0	1	3	3	1	2	2.80887	-0.18037	0.	-2.8125	0.	0.	0.	1.	0.	0.	1.	0.	0.	0.	0.	0.	0.	0	
0.410327	31.458	5	0	1	3	3	1	2	2.80887	-0.18037	0.	-2.8125	0.	0.	0.	1.	0.	0.	1.	0.	0.	0.	0.	0.	0.	0	
0.426255	62.7824	6	0	1	3	3	1	2	2.80887	-0.18037	0.	-2.8125	0.	0.	0.	1.	0.	0.	1.	0.	0.	0.	0.	0.	0.	0	
0.446378	49.6933	7	0	1	3	3	1	2	2.80887	-0.18037	0.	-2.8125	0.	0.	0.	1.	0.	0.	1.	0.	0.	0.	0.	0.	0.	0	
0.462353	62.6009	8	0	1	3	3	1	2	2.80887	-0.18037	0.	-2.8125	0.	0.	0.	1.	0.	0.	1.	0.	0.	0.	0.	0.	0.	0	
0.479216	59.2998	9	0	1	3	3	1	2	2.80887	-0.18037	0.	-2.8125	0.	0.	0.	1.	0.	0.	1.	0.	0.	0.	0.	0.	0.	0	
0.496274	58.624	10	0	1	3	3	1	2	2.80887	-0.18037	0.	-2.8125	0.	0.	0.	1.	0.	0.	1.	0.	0.	0.	0.	0.	0.	0	
0.513335	58.6136	11	0	1	3	3	1	2	2.80887	-0.18037	0.	-2.8125	0.	0.	0.	1.	0.	0.	1.	0.	0.	0.	0.	0.	0.	0	
0.530262	59.0777	12	0	1	3	3	1	2	2.80887	-0.18037	0.	-2.8125	0.	0.	0.	1.	0.	0.	1.	0.	0.	0.	0.	0.	0.	0	
0.553193	43.6092	13	0	1	3	3	1	2	2.80887	-0.18037	0.	-2.8125	0.	0.	0.	1.	0.	0.	1.	0.	0.	0.	0.	0.	0.	0	
0.569321	62.0033	14	0	1	3	3	1	2	2.80887	-0.18037	0.	-2.8125	0.	0.	0.	1.	0.	0.	1.	0.	0.	0.	0.	0.	0.	0	
0.587055	56.3869	15	0	1	3	3	1	2	2.80887	-0.18037	0.	-2.8125	0.	0.	0.	1.	0.	0.	1.	0.	0.	0.	0.	0.	0.	0	
0.604471	57.4189	16	0	1	3	3	1	2	2.80887	-0.18037	0.	-2.8125	0.	0.	0.	1.	0.	0.	1.	0.	0.	0.	0.	0.	0.	0	
0.621548	58.5597	17	0	1	3	3	1	2	2.80887	-0.18037	0.	-2.8125	0.	0.	0.	1.	0.	0.	1.	0.	0.	0.	0.	0.	0.	0	
0.638303	59.6822	18	0	1	3	3	1	2	2.80887	-0.18037	0.	-2.8125	0.	0.	0.	1.	0.	0.	1.	0.	0.	0.	0.	0.	0.	0	
0.672178	29.5209	19	0	1	3	3	1	2	2.80887	-0.18037	0.	-2.8125	0.	0.	0.	1.	0.	0.	1.	0.	0.	0.	0.	0.	0.	0	
0.689329	58.3052	20	0	1	3	3	1	2	2.80887	-0.18037	0.	-2.8125	0.	0.	0.	1.	0.	0.	1.	0.	0.	0.	0.	0.	0.	0	
0.7063	58.9232	21	0	1	3	3	1	2	2.80887	-0.18037	0.	-2.8125	0.	0.	0.	1.	0.	0.	1.	0.	0.	0.	0.	0.	0.	0	
0.725545	51.9605	22	0	1	3	3	1	2	2.80887	-0.18037	0.	-2.8125	0.	0.	0.	1.	0.	0.	1.	0.	0.	0.	0.	0.	0.	0	
0.754241	34.8481	23	0	1	3	3	1	2	2.80887	-0.18037	0.	-2.8125	0.	0.	0.	1.	0.	0.	1.	0.	0.	0.	0.	0.	0.	0	
0.770228	62.5524	24	0	1	3	3	1	2	2.80887	-0.18037	0.	-2.8125	0.	0.	0.	1.	0.	0.	1.	0.	0.	0.	0.	0.	0.	0	
0.787234	58.803	25	0	1	3	3	1	2	2.80887	-0.18037	0.	-2.8125	0.	0.	0.	1.	0.	0.	1.	0.	0.	0.	0.	0.	0.	0	
0.804343	58.4482	26	0	1	3	3	1	2	2.80887	-0.18037	0.	-2.8125	0.	0.	0.	1.	0.	0.	1.	0.	0.	0.	0.	0.	0.	0	
0.821232	59.2118	27	0	1	3	3	1	2	2.80887	-0.18037	0.	-2.8125	0.	0.	0.	1.	0.	0.	1.	0.	0.	0.	0.	0.	0.	0	
0.838311	58.5504	28	0	1	3	3	1	2	2.80887	-0.18037	0.	-2.8125	0.	0.	0.	1.	0.	0.	1.	0.	0.	0.	0.	0.	0.	0	
0.854553	61.5666	29	0	1	3	3	1	2	2.80887	-0.18037	0.	-2.8125	0.	0.	0.	1.	0.	0.	1.	0.	0.	0.	0.	0.	0.	0	
0.871249	59.8969	30	0	1	3	3	1	2	2.80887	-0.18037	0.	-2.8125	0.	0.	0.	1.	0.	0.	1.	0.	0.	0.	0.	0.	0.	0	
0.888311	58.6095	31	0	1	3	3	1	2	2.80887	-0.18037	0.	-2.8125	0.	0.	0.	1.	0.	0.	1.	0.	0.	0.	0.	0.	0.	0	
0.905278	58.9358	32	0	1	3	3	1	2	2.80887	-0.18037	0.	-2.8125	0.	0.	0.	1.	0.	0.	1.	0.	0.	0.	0.	0.	0.	0	
0.922301	58.7446	33	0	1	3	3	1	2	2.80887	-0.18037	0.	-2.8125	0.	0.	0.	1.	0.	0.	1.	0.	0.	0.	0.	0.	0.	0	
0.939294	58.8489	34	0	1	3	3	1	2	2.80887	-0.18037	0.	-2.8125	0.	0.	0.	1.	0.	0.	1.	0.	0.	0.	0.	0.	0.	0	
0.956329	58.7029	35	0	1	3	3	1	2	2.80887	-0.18037	0.	-2.8125	0.	0.	0.	1.	0.	0.	1.	0.	0.	0.	0.	0.	0.	0	
0.973301	58.9201	36	0	1	3	3	1	2	2.80887	-0.18037	0.	-2.8125	0.	0.	0.	1.	0.	0.	1.	0.	0.	0.	0.	0.	0.	0	
0.989277	62.5926	37	0	1	3	3	1	2	2.80887	-0.18037	0.	-2.8125	0.	0.	0.	1.	0.	0.	1.	0.	0.	0.	0.	0.	0.	0	
1.00628	58.8103	38	0	1	3	3	1	2	2.80887	-0.18037	0.	-2.8125	0.	0.	0.	1.	0.	0.	1.	0.	0.	0.	0.	0.	0.	0	
1.02325	58.9201	39	0	1	3	3	1	2	2.80887	-0.18037	0.	-2.8125	0.	0.	0.	1.	0.	0.	1.	0.	0.	0.	0.	0.	0.	0	
1.03924	62.55	40	0	1	3	3	1	2	2.80887	-0.18037	0.	-2.8125	0.	0.	0.	1.	0.	0.	1.	0.	0.	0.	0.	0.	0.	0	
1.05635	58.4605	41	0	1	3	3	1	2	2.80887	-0.18037	0.	-2.8125	0.	0.	0.	1.	0.	0.	1.	0.	0.	0.	0.	0.	0.	0	
1.07331	58.94	42	0	1	3	3	1	2	2.80887	-0.18037	0.	-2.8125	0.	0.	0.	1.	0.	0.	1.	0.	0.	0.	0.	0.	0.	0	
1.08924	62.7752	43	0	1	3	3	1	2	2.80887	-0.18037	0.	-2.8125	0.	0.	0.	1.	0.	0.	1.	0.	0.	0.	0.	0.	0.	0	
1.10634	58.5008	44	0	1	3	3	1	2	2.80887	-0.18037	0.	-2.8125	0.	0.	0.	1.	0.	0.	1.	0.	0.	0.	0.	0.	0.	0	
1.12324	59.141	45	0	1	3	3	1	2	2.80887	-0.18037	0.	-2.8125	0.	0.	0.	1.	0.	0.	1.	0.	0.	0.	0.	0.	0.	0	
1.14028	58.7092	46	0	1	3	3	1	2	2.80887	-0.18037	0.	-2.8125	0.	0.	0.	1.	0.	0.	1.	0.	0.	0.	0.	0.	0.	0	
1.15727	58.8541	47	0	1	3	3	1	2	2.80887	-0.18037	0.	-2.8125	0.	0.	0.	1.	0.	0.	1.	0.	0.	0.	0.	0.	0.	0	
1.17433	58.6032	48	0	1	3	3	1	2	2.80887	-0.18037	0.	-2.8125	0.	0.	0.	1.	0.	0.	1.	0.	0.	0.	0.	0.	0.	0	
1.19026	62.7871	49	0	1	3	3	1	2	2.80887	-0.18037	0.	-2.8125	0.	0.	0.	1.	0.	0.	1.	0.	0.	0.	0.	0.	0.	0	
1.20733	58.5939	50	0	1	3	3	1	2	2.80887	-0.18037	0.	-2.8125	0.	0.	0.	1.	0.	0.	1.	0.	0.	0.	0.	0.	0.	0	
1.22325	62.8121	51	0	1	3	3	1	2	2.80887	-0.18037	0.	-2.8125	0.	0.	0.	1.	0.	0.	1.	0.	0.	0.	0.	0.	0.	0	
1.23925	62.4875	52	0	1	3	3	1	2	2.80887	-0.18037	0.	-2.8125	0.	0.	0.	1.	0.	0.	1.	0.	0.	0.	0.	0.	0.	0	
1.25627	58.7477	53	0	1	3	3	1	2	2.80887	-0.18037	0.	-2.8125	0.	0.	0.	1.	0.	0.	1.	0.	0.	0.	0.	0.	0.	0	
1.27327	58.8426	54	0	1	3	3	1	2	2.80887	-0.18037	0.	-2.8125	0.	0.	0.	1.	0.	0.	1.	0.	0.	0.	0.	0.	0.	0	
1.28932	62.2936	55	0	1	3	3	1	2	2.80887	-0.18037	0.	-2.8125	0.	0.	0.	1.	0.	0.	1.	0.	0.	0.	0.	0.	0.	0	
1.31452	39.684	56	0	1	3	3	1	2	2.80887	-0.18037	0.	-2.8125	0.	0.	0.	1.	0.	0.	1.	0.	0.	0.	0.	0.	0.	0	
1.33617	46.1883	57	0	1	3	3	1	2	2.80887	-0.18037	0.	-2.8125	0.	0.	0.	1.	0.	0.	1.	0.	0.	0.	0.	0.	0.	0	
1.35323	58.6084	58	0	1	3	3	1	2	2.80887	-0.18037	0.	-2.8125	0.	0.	0.	1.	0.	0.	1.	0.	0.	0.	0.	0.	0.	0	
1.37037	58.3452	59	0	1	3	3	1	2	2.80887	-0.18037	0.	-2.8125	0.	0.	0.	1.	0.	0.	1.	0.	0.	0.	0.	0.	0.	0	
1.38736	58.874	60	0	1	3	3	1	2	2.80887	-0.18037	0.	-2.8125	0.	0.	0.	1.	0.	0.	1.	0.	0.	0.	0.	0.	0.	0	
1.40433	58.9107	61	0	1	3	3	1	2	2.80887	-0.18037	0.	-2.8125	0.	0.	0.	1.	0.	0.	1.	0.	0.	0.	0.	0.	0.	0	
1.42132	58.874	62	0	1	3	3	1	2	2.80887	-0.18037	0.	-2.8125	0.	0.	0.	1.	0.	0.	1.	0.	0.	0.	0.	0.	0.	0	
1.43827	58.9967	63	0	1	3	3	1	2	2.80887	-0.18037	0.	-2.8125	0.	0.	0.	1.	0.	0.	1.	0.	0.	0.	0.	0.	0.	0	
1.45527	58.804	64	0	1	3	3	1	2	2.80887	-0.18037	0.	-2.8125	0.	0.	0.	1.	0.	0.	1.	0.	0.	0.	0.	0.	0.	0	
1.47231	58.6873	65	0	1	3	3	1	2	2.80887	-0.18037	0.	-2.8125	0.	0.	0.	1.	0.	0.	1.	0.	0.	0.	0.	0.	0.	0	
1.48932	58.7946	66	0	1	3	3	1	2	2.80887	-0.18037	0.	-2.8125	0.	0.	0.	1.	0.	0.	1.	0.	0.	0.	0.	0.	0.	0	
1.5063	58.8866	67	0	1	3	3	1	2	2.80887	-0.18037	0.	-2.8125	0.	0.	0.	1.	0.	0.	1.	0.	0.	0.	0.	0.	0.	0	
1.52332	58.7727	68	0	1	3	3	1	2	2.80887	-0.18037	0.	-2.8125	0.	0.	0.	1.	0.	0.	1.	0.	0.	0.	0.	0.	0.	0	
1.53935	62.3546	69	0	1	3	3	1	2	2.80887	-0.18037	0.	-2.8125	0.	0.	0.	1.	0.	0.	1.	0.	0.	0.	0.	0.	0.	0	
1.55627	59.1125	70	0	1	3	3	1	2	2.80887	-0.18037	0.	-2.8125	0.	0.	0.	1.	0.	0.	1.	0.	0.	0.	0.	0.	0.	0	
1.57327	58.8113	71	0	1	3	3	1	2	2.80887	-0.18037	0.	-2.8125	0.	0.	0.	1.	0.	0.	1.	0.	0.	0.	0.	0.	0.	0	
1.59031	58.6936	72	0	1	3	3	1	2	2.80887	-0.18037	0.	-2.8125	0.	0.	0.	1.	0.	0.	1.	0.	0.	0.	0.	0.	0.	0	
1.62155	32.0102	73	0	1	3	3	1	2	2.80887	-0.18037	0.	-2.8125	0.	0.	0.	1.	0.	0.	1.	0.	0.	0.	0.	0.	0.	0	
1.63909	57.0157	74	0	1	3	3	1	2	2.80887	-0.18037	0.	-2.8125	0.	0.	0.	1.	0.	0.	1.	0.	0.	0.	0.	0.	0.	0	
1.65528	61.7894	75	0	1	3	3	1	2	2.80887	-0.18037	0.	-2.8125	0.	0.	0.	1.	0.	0.	1.	0.	0.	0.	0.	0.	0.	0	
1.67131	62.3746	76	0	1	3	3	1	2	2.80887	-0.18037	0.	-2.8125	0.	0.	0.	1.	0.	0.	1.	0.	0.	0.	0.	0.	0.	0	
1.68825	59.0377	77	0	1	3	3	1	2	2.80887	-0.18037	0.	-2.8125	0.	0.	0.	1.	0.	0.	1.	0.	0.	0.	0.	0.	0.	0	
1.70453	61.4069	78	0	1	3	3	1	2	2.80887	-0.18037	0.	-2.8125	0.	0.	0.	1.	0.	0.	1.	0.	0.	0.	0.	0.	0.	0	
1.72144	59.1536	79	0	1	3	3	1	2	2.80887	-0.18037	0.	-2.8125	0.	0.	0.	1.	0.	0.	1.	0.	0.	0.	0.	0.	0.	0	
1.73867	58.0071	80	0	1	3	3	1	2	2.80887	-0.18037	0.	-2.8125	0.	0.	0.	1.	0.	0.	1.	0.	0.	0.	0.	0.	0.	0	
1.75632	56.6792	81	0	1	3	3	1	2	2.80887	-0.18037	0.	-2.8125	0.	0.	0.	1.	0.	0.	1.	0.	0.	0.	0.	0.	0.	0	
1.77227	62.6778	82	0	1	3	3	1	2	2.80887	-0.18037	0.	-2.8125	0.	0.	0.	1.	0.	0.	1.	0.	0.	0.	0.	0.	0.	0	
1.78927	58.8395	83	0	1	3	3	1	2	2.80887	-0.18037	0.	-2.8125	0.	0.	0.	1.	0.	0.	1.	0.	0.	0.	0.	0.	0.	0	
1.80628	58.7842	84	0	1	3	3	1	2	2.80887	-0.18037	0.	-2.8125	0.	0.	0.	1.	0.	0.	1.	0.	0.	0.	0.	0.	0.	0	
1.82232	62.344	85	0	1	3	3	1	2	2.80887	-0.18037	0.	-2.8125	0.	0.	0.	1.	0.	0.	1.	0.	0.	0.	0.	0.	0.	0	
1.83932	58.8082	86	0	1	3	3	1	2	2.80887	-0.18037	0.	-2.8125	0.	0.	0.	1.	0.	0.	1.	0.	0.	0.	0.	0.	0.	0	
1.85626	59.0398	87	0	1	3	3	1	2	2.80887	-0.18037	0.	-2.8125	0.	0.	0.	1.	0.	0.	1.	0.	0.	0.	0.	0.	0.	0	
1.87765	46.7495	88	0	1	3	3	1	2	2.80887	-0.18037	0.	-2.8125	0.	0.	0.	1.	0.	0.	1.	0.	0.	0.	0.	0.	0.	0	
1.89428	60.1263	89	0	1	3	3	1	2	2.80887	-0.18037	0.	-2.8125	0.	0.	0.	1.	0.	0.	1.	0.	0.	0.	0.	0.	0.	0	
1.91127	58.8803	90	0	1	3	3	1	2	2.80887	-0.18037	0.	-2.8125	0.	0.	0.	1.	0.	0.	1.	0.	0.	0.	0.	0.	0.	0	
1.9283	58.7144	91	0	1	3	3	1	2	2.80887	-0.18037	0.	-2.8125	0.	0.	0.	1.	0.	0.	1.	0.	0.	0.	0.	0.	0.	0	
1.9443	62.4804	92	0	1	3	3	1	2	2.80887	-0.18037	0.	-2.8125	0.	0.	0.	1.	0.	0.	1.	0.	0.	0.	0.	0.	0.	0	
1.96029	62.5654	93	0	1	3	3	1	2	2.80887	-0.18037	0.	-2.8125	0.	0.	0.	1.	0.	0.	1.	0.	0.	0.	0.	0.	0.	0	
1.97705	59.6478	94	0	1	3	3	1	2	2.80887	-0.18037	0.	-2.8125	0.	0.	0.	1.	0.	0.	1.	0.	0.	0.	0.	0.	0.	0	
1.99329	61.5746	95	0	1	3	3	1	2	2.80887	-0.18037	0.	-2.8125	0.	0.	0.	1.	0.	0.	1.	0.	0.	0.	0.	0.	0.	0	
2.01089	56.8133	96	0	1	3	3	1	2	2.80887	-0.18037	0.	-2.8125	0.	0.	0.	1.	0.	0.	1.	0.	0.	0.	0.	0.	0.	0	
2.02728	61.0144	97	0	1	3	3	1	2	2.80887	-0.18037	0.	-2.8125	0.	0.	0.	1.	0.	0.	1.	0.	0.	0.	0.	0.	0.	0	
2.04466	57.5426	98	0	1	3	3	1	2	2.80887	-0.18037	0.	-2.8125	0.	0.	0.	1.	0.	0.	1.	0.	0.	0.	0.	0.	0.	0	
2.06131	60.086	99	0	1	3	3	1	2	2.80887	-0.18037	0.	-2.8125	0.	0.	0.	1.	0.	0.	1.	0.	0.	0.	0.	0.	0.	0	
2.0783	58.8531	100	0	1	3	3	1	2	2.80887	-0.18037	0.	-2.8125	0.	0.	0.	1.	0.	0.	1.	0.	0.	0.	0.	0.	0.	0	
2.09431	62.4498	101	0	1	3	3	1	2	2.80887	-0.18037	0.	-2.8125	0.	0.	0.	1.	0.	0.	1.	0.	0.	0.	0.	0.	0.	0	
2.11136	58.6323	102	0	1	3	3	1	2	2.80887	-0.18037	0.	-2.8125	0.	0.	0.	1.	0.	0.	1.	0.	0.	0.	0.	0.	0.	0	
2.12902	56.6308	103	0	1	3	3	1	2	2.80887	-0.18037	0.	-2.8125	0.	0.	0.	1.	0.	0.	1.	0.	0.	0.	0.	0.	0.	0	
2.14527	61.546	104	0	1	3	3	1	2	2.80887	-0.18037	0.	-2.8125	0.	0.	0.	1.	0.	0.	1.	0.	0.	0.	0.	0.	0.	0	
2.16254	57.9037	105	0	1	3	3	1	2	2.80887	-0.18037	0.	-2.8125	0.	0.	0.	1.	0.	0.	1.	0.	0.	0.	0.	0.	0.	0	
2.17928	59.7242	106	0	1	3	3	1	2	2.80887	-0.18037	0.	-2.8125	0.	0.	0.	1.	0.	0.	1.	0.	0.	0.	0.	0.	0.	0	
2.19634	58.6302	107	0	1	3	3	1	2	2.80887	-0.18037	0.	-2.8125	0.	0.	0.	1.	0.	0.	1.	0.	0.	0.	0.	0.	0.	0	
2.21231	62.6044	108	0	1	3	3	1	2	2.80887	-0.18037	0.	-2.8125	0.	0.	0.	1.	0.	0.	1.	0.	0.	0.	0.	0.	0.	0	
2.22918	59.2998	109	0	1	3	3	1	2	2.80887	-0.18037	0.	-2.8125	0.	0.	0.	1.	0.	0.	1.	0.	0.	0.	0.	0.	0.	0	
2.24557	61.0009	110	0	1	3	3	1	2	2.80887	-0.18037	0.	-2.8125	0.	0.	0.	1.	0.	0.	1.	0.	0.	0.	0.	0.	0.	0	
2.26229	59.7975	111	0	1	3	3	1	2	2.80887	-0.18037	0.	-2.8125	0.	0.	0.	1.	0.	0.	1.	0.	0.	0.	0.	0.	0.	0	
2.27953	58.0122	112	0	1	3	3	1	2	2.80887	-0.18037	0.	-2.8125	0.	0.	0.	1.	0.	0.	1.	0.	0.	0.	0.	0.	0.	0	
2.2963	59.6446	113	0	1	3	3	1	2	2.80887	-0.18037	0.	-2.8125	0.	0.	0.	1.	0.	0.	1.	0.	0.	0.	0.	0.	0.	0	
2.31332	58.7446	114	0	1	3	3	1	2	2.80887	-0.18037	0.	-2.8125	0.	0.	0.	1.	0.	0.	1.	0.	0.	0.	0.	0.	0.	0	
2.33031	58.8688	115	0	1	3	3	1	2	2.80887	-0.18037	0.	-2.8125	0.	0.	0.	1.	0.	0.	1.	0.	0.	0.	0.	0.	0.	0	
2.34734	58.7227	116	0	1	3	3	1	2	2.80887	-0.18037	0.	-2.8125	0.	0.	0.	1.	0.	0.	1.	0.	0.	0.	0.	0.	0.	0	
2.36435	58.7654	117	0	1	3	3	1	2	2.80887	-0.18037	0.	-2.8125	0.	0.	0.	1.	0.	0.	1.	0.	0.	0.	0.	0.	0.	0	
2.38129	59.0608	118	0	1	3	3	1	2	2.80887	-0.18037	0.	-2.8125	0.	0.	0.	1.	0.	0.	1.	0.	0.	0.	0.	0.	0.	0	
2.39734	62.2784	119	0	1	3	3	1	2	2.80887	-0.18037	0.	-2.8125	0.	0.	0.	1.	0.	0.	1.	0.	0.	0.	0.	0.	0.	0	
2.43231	28.5937	120	0	1	3	3	1	2	2.80887	-0.18037	0.	-2.8125	0.	0.	0.	1.	0.	0.	1.	0.	0.	0.	0.	0.	0.	0	
2.45674	40.949	121	0	1	3	3	1	2	2.80887	-0.18037	0.	-2.8125	0.	0.	0.	1.	0.	0.	1.	0.	0.	0.	0.	0.	0.	0	
2.47369	58.982	122	0	1	3	3	1	2	2.80887	-0.18037	0.	-2.8125	0.	0.	0.	1.	0.	0.	1.	0.	0.	0.	0.	0.	0.	0	
2.49028	60.2663	123	0	1	3	3	1	2	2.80887	-0.18037	0.	-2.8125	0.	0.	0.	1.	0.	0.	1.	0.	0.	0.	0.	0.	0.	0	
2.50737	58.5308	124	0	1	3	3	1	2	2.80887	-0.18037	0.	-2.8125	0.	0.	0.	1.	0.	0.	1.	0.	0.	0.	0.	0.	0.	0	
2.52435	58.8761	125	0	1	3	3	1	2	2.80887	-0.18037	0.	-2.8125	0.	0.	0.	1.	0.	0.	1.	0.	0.	0.	0.	0.	0.	0	
2.54135	58.8322	126	0	1	3	3	1	2	2.80887	-0.18037	0.	-2.8125	0.	0.	0.	1.	0.	0.	1.	0.	0.	0.	0.	0.	0.	0	
2.55836	58.805	127	0	1	3	3	1	2	2.80887	-0.18037	0.	-2.8125	0.	0.	0.	1.	0.	0.	1.	0.	0.	0.	0.	0.	0.	0	
2.57527	59.1241	128	0	1	3	3	1	2	2.80887	-0.18037	0.	-2.8125	0.	0.	0.	1.	0.	0.	1.	0.	0.	0.	0.	0.	0.	0	
2.59227	58.8228	129	0	1	3	3	1	2	2.80887	-0.18037	0.	-2.8125	0.	0.	0.	1.	0.	0.	1.	0.	0.	0.	0.	0.	0.	0	
2.60928	58.7946	130	0	1	3	3	1	2	2.80887	-0.18037	0.	-2.8125	0.	0.	0.	1.	0.	0.	1.	0.	0.	0.	0.	0.	0.	0	
2.62629	58.7644	131	0	1	3	3	1	2	2.80887	-0.18037	0.	-2.8125	0.	0.	0.	1.	0.	0.	1.	0.	0.	0.	0.	0.	0.	0	
2.64325	58.962	132	0	1	3	3	1	2	2.80887	-0.18037	0.	-2.8125	0.	0.	0.	1.	0.	0.	1.	0.	0.	0.	0.	0.	0.	0	
2.66033	58.5525	133	0	1	3	3	1	2	2.80887	-0.18037	0.	-2.8125	0.	0.	0.	1.	0.	0.	1.	0.	0.	0.	0.	0.	0.	0	
2.67728	59.0019	134	0	1	3	3	1	2	2.80887	-0.18037	0.	-2.8125	0.	0.	0.	1.	0.	0.	1.	0.	0.	0.	0.	0.	0.	0	
2.69433	58.6686	135	0	1	3	3	1	2	2.80887	-0.18037	0.	-2.8125	0.	0.	0.	1.	0.	0.	1.	0.	0.	0.	0.	0.	0.	0	
2.71242	55.2666	136	0	1	3	3	1	2	2.80887	-0.18037	0.	-2.8125	0.	0.	0.	1.	0.	0.	1.	0.	0.	0.	0.	0.	0.	0	
2.7293	59.2626	137	0	1	3	3	1	2	2.80887	-0.18037	0.	-2.8125	0.	0.	0.	1.	0.	0.	1.	0.	0.	0.	0.	0.	0.	0	
2.74673	57.3623	138	0	1	3	3	1	2	2.80887	-0.18037	0.	-2.8125	0.	0.	0.	1.	0.	0.	1.	0.	0.	0.	0.	0.	0.	0	
2.76336	60.1394	139	0	1	3	3	1	2	2.80887	-0.18037	0.	-2.8125	0.	0.	0.	1.	0.	0.	1.	0.	0.	0.	0.	0.	0.	0	
2.77931	62.6933	140	0	1	3	3	1	2	2.80887	-0.18037	0.	-2.8125	0.	0.	0.	1.	0.	0.	1.	0.	0.	0.	0.	0.	0.	0	
2.79635	58.6811	141	0	1	3	3	1	2	2.80887	-0.18037	0.	-2.8125	0.	0.	0.	1.	0.	0.	1.	0.	0.	0.	0.	0.	0.	0	
2.81332	58.9159	142	0	1	3	3	1	2	2.80887	-0.18037	0.	-2.8125	0.	0.	0.	1.	0.	0.	1.	0.	0.	0.	0.	0.	0.	0	
2.82929	62.6316	143	0	1	3	3	1	2	2.80887	-0.18037	0.	-2.8125	0.	0.	0.	1.	0.	0.	1.	0.	0.	0.	0.	0.	0.	0	
2.84629	58.8155	144	0	1	3	3	1	2	2.80887	-0.18037	0.	-2.8125	0.	0.	0.	1.	0.	0.	1.	0.	0.	0.	0.	0.	0.	0	
2.86327	58.9096	145	0	1	3	3	1	2	2.80887	-0.18037	0.	-2.8125	0.	0.	0.	1.	0.	0.	1.	0.	0.	0.	0.	0.	0.	0	
2.88026	58.8458	146	0	1	3	3	1	2	2.80887	-0.18037	0.	-2.8125	0.	0.	0.	1.	0.	0.	1.	0.	0.	0.	0.	0.	0.	0	
2.89729	58.7185	147	0	1	3	3	1	2	2.80887	-0.18037	0.	-2.8125	0.	0.	0.	1.	0.	0.	1.	0.	0.	0.	0.	0.	0.	0	
2.91427	58.9065	148	0	1	3	3	1	2	2.80887	-0.18037	0.	-2.8125	0.	0.	0.	1.	0.	0.	1.	0.	0.	0.	0.	0.	0.	0	
2.93029	62.4086	149	0	1	3	3	1	2	2.80887	-0.18037	0.	-2.8125	0.	0.	0.	1.	0.	0.	1.	0.	0.	0.	0.	0.	0.	0	
2.947	59.8504	150	0	1	3	3	1	2	2.80887	-0.18037	0.	-2.8125	0.	0.	0.	1.	0.	0.	1.	0.	0.	0.	0.	0.	0.	0	
2.96326	61.4981	151	0	1	3	3	1	2	2.80887	-0.18037	0.	-2.8125	0.	0.	0.	1.	0.	0.	1.	0.	0.	0.	0.	0.	0.	0	
2.9815	54.804	152	0	1	3	3	1	2	2.80887	-0.18037	0.	-2.8125	0.	0.	0.	1.	0.	0.	1.	0.	0.	0.	0.	0.	0.	0	
2.99818	59.9815	153	0	1	3	3	1	2	2.80887	-0.18037	0.	-2.8125	0.	0.	0.	1.	0.	0.	1.	0.	0.	0.	0.	0.	0.	0	
3.01531	58.3812	154	0	1	3	3	1	2	2.80887	-0.18037	0.	-2.8125	0.	0.	0.	1.	0.	0.	1.	0.	0.	0.	0.	0.	0.	0	
3.03131	62.4793	155	0	1	3	3	1	2	2.80887	-0.18037	0.	-2.8125	0.	0.	0.	1.	0.	0.	1.	0.	0.	0.	0.	0.	0.	0	
3.0473	62.5453	156	0	1	3	3	1	2	2.80887	-0.18037	0.	-2.8125	0.	0.	0.	1.	0.	0.	1.	0.	0.	0.	0.	0.	0.	0	
3.06329	62.5359	157	0	1	3	3	1	2	2.80887	-0.18037	0.	-2.8125	0.	0.	0.	1.	0.	0.	1.	0.	0.	0.	0.	0.	0.	0	
3.07929	62.4934	158	0	1	3	3	1	2	2.80887	-0.18037	0.	-2.8125	0.	0.	0.	1.	0.	0.	1.	0.	0.	0.	0.	0.	0.	0	
3.09635	58.6157	159	0	1	3	3	1	2	2.80887	-0.18037	0.	-2.8125	0.	0.	0.	1.	0.	0.	1.	0.	0.	0.	0.	0.	0.	0	
3.11982	42.6075	160	0	1	3	3	1	2	2.80887	-0.18037	0.	-2.8125	0.	0.	0.	1.	0.	0.	1.	0.	0.	0.	0.	0.	0.	0	
3.13629	60.7225	161	0	1	3	3	1	2	2.80887	-0.18037	0.	-2.8125	0.	0.	0.	1.	0.	0.	1.	0.	0.	0.	0.	0.	0.	0	
3.1531	59.4872	162	0	1	3	3	1	2	2.80887	-0.18037	0.	-2.8125	0.	0.	0.	1.	0.	0.	1.	0.	0.	0.	0.	0.	0.	0	
3.17095	56.0283	163	0	1	3	3	1	2	2.80887	-0.18037	0.	-2.8125	0.	0.	0.	1.	0.	0.	1.	0.	0.	0.	0.	0.	0.	0	
3.18726	61.2898	164	0	1	3	3	1	2	2.80887	-0.18037	0.	-2.8125	0.	0.	0.	1.	0.	0.	1.	0.	0.	0.	0.	0.	0.	0	
3.20457	57.7704	165	0	1	3	3	1	2	2.80887	-0.18037	0.	-2.8125	0.	0.	0.	1.	0.	0.	1.	0.	0.	0.	0.	0.	0.	0	
3.22178	58.1119	166	0	1	3	3	1	2	2.80887	-0.18037	0.	-2.8125	0.	0.	0.	1.	0.	0.	1.	0.	0.	0.	0.	0.	0.	0	
3.23829	60.5815	167	0	1	3	3	1	2	2.80887	-0.18037	0.	-2.8125	0.	0.	0.	1.	0.	0.	1.	0.	0.	0.	0.	0.	0.	0	
3.25453	61.5643	168	0	1	3	3	1	2	2.80887	-0.18037	0.	-2.8125	0.	0.	0.	1.	0.	0.	1.	0.	0.	0.	0.	0.	0.	0	
3.27128	59.7016	169	0	1	3	3	1	2	2.80887	-0.18037	0.	-2.8125	0.	0.	0.	1.	0.	0.	1.	0.	0.	0.	0.	0.	0.	0	
3.28835	58.6012	170	0	1	3	3	1	2	2.80887	-0.18037	0.	-2.8125	0.	0.	0.	1.	0.	0.	1.	0.	0.	0.	0.	0.	0.	0	
3.30532	58.9253	171	0	1	3	3	1	2	2.80887	-0.18037	0.	-2.8125	0.	0.	0.	1.	0.	0.	1.	0.	0.	0.	0.	0.	0.	0	
3.32235	58.6988	172	0	1	3	3	1	2	2.80887	-0.18037	0.	-2.8125	0.	0.	0.	1.	0.	0.	1.	0.	0.	0.	0.	0.	0.	0	
3.33931	58.9746	173	0	1	3	3	1	2	2.80887	-0.18037	0.	-2.8125	0.	0.	0.	1.	0.	0.	1.	0.	0.	0.	0.	0.	0.	0	
3.35636	58.6686	174	0	1	3	3	1	2	2.80887	-0.18037	0.	-2.8125	0.	0.	0.	1.	0.	0.	1.	0.	0.	0.	0.	0.	0.	0	
3.37327	59.1262	175	0	1	3	3	1	2	2.80887	-0.18037	0.	-2.8125	0.	0.	0.	1.	0.	0.	1.	0.	0.	0.	0.	0.	0.	0	
3.3903	58.7019	176	0	1	3	3	1	2	2.80887	-0.18037	0.	-2.8125	0.	0.	0.	1.	0.	0.	1.	0.	0.	0.	0.	0.	0.	0	
3.40733	58.7446	177	0	1	3	3	1	2	2.80887	-0.18037	0.	-2.8125	0.	0.	0.	1.	0.	0.	1.	0.	0.	0.	0.	0.	0.	0	
3.42431	58.8667	178	0	1	3	3	1	2	2.80887	-0.18037	0.	-2.8125	0.	0.	0.	1.	0.	0.	1.	0.	0.	0.	0.	0.	0.	0	
3.44131	58.851	179	0	1	3	3	1	2	2.80887	-0.18037	0.	-2.8125	0.	0.	0.	1.	0.	0.	1.	0.	0.	0.	0.	0.	0.	0	
3.4584	58.5039	180	0	1	3	3	1	2	2.80887	-0.18037	0.	-2.8125	0.	0.	0.	1.	0.	0.	1.	0.	0.	0.	0.	0.	0.	0	
3.47439	62.5335	181	0	1	3	3	1	2	2.80887	-0.18037	0.	-2.8125	0.	0.	0.	1.	0.	0.	1.	0.	0.	0.	0.	0.	0.	0	
3.49528	47.8591	182	0	1	3	3	1	2	2.80887	-0.18037	0.	-2.8125	0.	0.	0.	1.	0.	0.	1.	0.	0.	0.	0.	0.	0.	0	
3.51132	62.3687	183	0	1	3	3	1	2	2.80887	-0.18037	0.	-2.8125	0.	0.	0.	1.	0.	0.	1.	0.	0.	0.	0.	0.	0.	0	
3.52729	62.602	184	0	1	3	3	1	2	2.80887	-0.18037	0.	-2.8125	0.	0.	0.	1.	0.	0.	1.	0.	0.	0.	0.	0.	0.	0	
3.54431	58.7665	185	0	1	3	3	1	2	2.80887	-0.18037	0.	-2.8125	0.	0.	0.	1.	0.	0.	1.	0.	0.	0.	0.	0.	0.	0	
3.56132	58.8009	186	0	1	3	3	1	2	2.80887	-0.18037	0.	-2.8125	0.	0.	0.	1.	0.	0.	1.	0.	0.	0.	0.	0.	0.	0	
3.57833	58.7873	187	0	1	3	3	1	2	2.80887	-0.18037	0.	-2.8125	0.	0.	0.	1.	0.	0.	1.	0.	0.	0.	0.	0.	0.	0	
3.59432	62.5134	188	0	1	3	3	1	2	2.80887	-0.18037	0.	-2.8125	0.	0.	0.	1.	0.	0.	1.	0.	0.	0.	0.	0.	0.	0	
3.61131	58.8761	189	0	1	3	3	1	2	2.80887	-0.18037	0.	-2.8125	0.	0.	0.	1.	0.	0.	1.	0.	0.	0.	0.	0.	0.	0	
3.62833	58.7487	190	0	1	3	3	1	2	2.80887	-0.18037	0.	-2.8125	0.	0.	0.	1.	0.	0.	1.	0.	0.	0.	0.	0.	0.	0	
3.64533	58.8082	191	0	1	3	3	1	2	2.80887	-0.18037	0.	-2.8125	0.	0.	0.	1.	0.	0.	1.	0.	0.	0.	0.	0.	0.	0	
3.6623	58.9295	192	0	1	3	3	1	2	2.80887	-0.18037	0.	-2.8125	0.	0.	0.	1.	0.	0.	1.	0.	0.	0.	0.	0.	0.	0	
3.67936	58.6157	193	0	1	3	3	1	2	2.80887	-0.18037	0.	-2.8125	0.	0.	0.	1.	0.	0.	1.	0.	0.	0.	0.	0.	0.	0	
3.69634	58.9023	194	0	1	3	3	1	2	2.80887	-0.18037	0.	-2.8125	0.	0.	0.	1.	0.	0.	1.	0.	0.	0.	0.	0.	0.	0	
3.71329	59.0146	195	0	1	3	3	1	2	2.80887	-0.18037	0.	-2.8125	0.	0.	0.	1.	0.	0.	1.	0.	0.	0.	0.	0.	0.	0	
3.73645	43.1699	196	0	1	3	3	1	2	2.80887	-0.18037	0.	-2.8125	0.	0.	0.	1.	0.	0.	1.	0.	0.	0.	0.	0.	0.	0	
3.75332	59.2637	197	0	1	3	3	1	2	2.80887	-0.18037	0.	-2.8125	0.	0.	0.	1.	0.	0.	1.	0.	0.	0.	0.	0.	0.	0	
3.77124	55.816	198	0	1	3	3	1	2	2.80887	-0.18037	0.	-2.8125	0.	0.	0.	1.	0.	0.	1.	0.	0.	0.	0.	0.	0.	0	
3.7883	58.6261	199	0	1	3	3	1	2	2.80887	-0.18037	0.	-2.8125	0.	0.	0.	1.	0.	0.	1.	0.	0.	0.	0.	0.	0.	0	
3.80538	58.5411	200	0	1	3	3	1	2	2.80887	-0.18037	0.	-2.8125	0.	0.	0.	1.	0.	0.	1.	0.	0.	0.	0.	0.	0.	0	
3.82238	58.8019	201	0	1	3	3	1	2	2.80887	-0.18037	0.	-2.8125	0.	0.	0.	1.	0.	0.	1.	0.	0.	0.	0.	0.	0.	0	
3.83991	57.0629	202	0	1	3	3	1	2	2.80887	-0.18037	0.	-2.8125	0.	0.	0.	1.	0.	0.	1.	0.	0.	0.	0.	0.	0.	0	
3.85631	60.9807	203	0	1	3	3	1	2	2.80887	-0.18037	0.	-2.8125	0.	0.	0.	1.	0.	0.	1.	0.	0.	0.	0.	0.	0.	0	
3.87337	58.6105	204	0	1	3	3	1	2	2.80887	-0.18037	0.	-2.8125	0.	0.	0.	1.	0.	0.	1.	0.	0.	0.	0.	0.	0.	0	
3.89031	59.0282	205	0	1	3	3	1	2	2.80887	-0.18037	0.	-2.8125	0.	0.	0.	1.	0.	0.	1.	0.	0.	0.	0.	0.	0.	0	
3.90629	62.5961	206	0	1	3	3	1	2	2.80887	-0.18037	0.	-2.8125	0.	0.	0.	1.	0.	0.	1.	0.	0.	0.	0.	0.	0.	0	
3.9233	58.7623	207	0	1	3	3	1	2	2.80887	-0.18037	0.	-2.8125	0.	0.	0.	1.	0.	0.	1.	0.	0.	0.	0.	0.	0.	0	
3.94032	58.7717	208	0	1	3	3	1	2	2.80887	-0.18037	0.	-2.8125	0.	0.	0.	1.	0.	0.	1.	0.	0.	0.	0.	0.	0.	0	
3.95632	62.4828	209	0	1	3	3	1	2	2.80887	-0.18037	0.	-2.8125	0.	0.	0.	1.	0.	0.	1.	0.	0.	0.	0.	0.	0.	0	
3.97331	58.8604	210	0	1	3	3	1	2	2.80887	-0.18037	0.	-2.8125	0.	0.	0.	1.	0.	0.	1.	0.	0.	0.	0.	0.	0.	0	
3.99037	58.6261	211	0	1	3	3	1	2	2.80887	-0.18037	0.	-2.8125	0.	0.	0.	1.	0.	0.	1.	0.	0.	0.	0.	0.	0.	0	
4.0075	58.3812	212	0	1	3	3	1	2	2.80887	-0.18037	0.	-2.8125	0.	0.	0.	1.	0.	0.	1.	0.	0.	0.	0.	0.	0.	0	
4.02435	59.3539	213	0	1	3	3	1	2	2.80887	-0.18037	0.	-2.8125	0.	0.	0.	1.	0.	0.	1.	0.	0.	0.	0.	0.	0.	0	
4.04132	58.9096	214	0	1	3	3	1	2	2.80887	-0.18037	0.	-2.8125	0.	0.	0.	1.	0.	0.	1.	0.	0.	0.	0.	0.	0.	0	
4.06324	45.6329	215	0	1	3	3	1	2	2.80887	-0.18037	0.	-2.8125	0.	0.	0.	1.	0.	0.	1.	0.	0.	0.	0.	0.	0.	0	
4.08617	43.6011	216	0	1	3	3	1	2	2.80887	-0.18037	0.	-2.8125	0.	0.	0.	1.	0.	0.	1.	0.	0.	0.	0.	0.	0.	0	
4.10603	50.3549	217	0	1	3	3	1	2	2.80887	-0.18037	0.	-2.8125	0.	0.	0.	1.	0.	0.	1.	0.	0.	0.	0.	0.	0.	0	
4.12232	61.3796	218	0	1	3	3	1	2	2.80887	-0.18037	0.	-2.8125	0.	0.	0.	1.	0.	0.	1.	0.	0.	0.	0.	0.	0.	0	
4.13937	58.6562	219	0	1	3	3	1	2	2.80887	-0.18037	0.	-2.8125	0.	0.	0.	1.	0.	0.	1.	0.	0.	0.	0.	0.	0.	0	
4.15633	58.9631	220	0	1	3	3	1	2	2.80887	-0.18037	0.	-2.8125	0.	0.	0.	1.	0.	0.	1.	0.	0.	0.	0.	0.	0.	0	
4.17337	58.6749	221	0	1	3	3	1	2	2.80887	-0.18037	0.	-2.8125	0.	0.	0.	1.	0.	0.	1.	0.	0.	0.	0.	0.	0.	0	
4.19037	58.8291	222	0	1	3	3	1	2	2.80887	-0.18037	0.	-2.8125	0.	0.	0.	1.	0.	0.	1.	0.	0.	0.	0.	0.	0.	0	

