Time	FPS	Frame	Crash	RB	RU	LU	LB	OC	Dither	DAngle	swAngle	OX	OY	OZ	HX	HY	HZ	DX	DY	DZ	HA	RHA	AccumulativeHeading(Y)	Speed	RSpeed	Dynamic	USRHIT	
1.90169e-005	52584.9	1	0	(0)1	(0)2	(0)2	(0)1	(0)1	0.	-1.39353	0.	0.	0.	0.	0.	1.	0.	0.	1.	0.	0.	0.	0.	0.	0.	0	-1	
0.175816	5.68837	2	0	(0)1	(0)2	(0)2	(0)1	(0)1	5.71504e-002	-1.39353	0.	0.	0.	0.	0.	1.	0.	0.	1.	0.	0.	0.	0.	0.	0.	0	-1	
0.225303	20.2076	3	0	(0)1	(0)2	(0)2	(0)1	(0)1	5.71504e-002	-1.39353	0.	0.	0.	0.	0.	1.	0.	0.	1.	0.	0.	0.	0.	0.	0.	0	-1	
0.261307	27.7742	4	0	(0)1	(0)2	(0)2	(0)1	(0)1	5.71504e-002	-1.39353	0.	0.	0.	0.	0.	1.	0.	0.	1.	0.	0.	0.	0.	0.	0.	0	-1	
0.277987	59.9535	5	0	(0)1	(0)2	(0)2	(0)1	(0)1	5.71504e-002	-1.39353	0.	0.	0.	0.	0.	1.	0.	0.	1.	0.	0.	0.	0.	0.	0.	0	-1	
0.294992	58.8052	6	0	(0)1	(0)2	(0)2	(0)1	(0)1	5.71504e-002	-1.39353	0.	0.	0.	0.	0.	1.	0.	0.	1.	0.	0.	0.	0.	0.	0.	0	-1	
0.31512	49.6828	7	0	(0)1	(0)2	(0)2	(0)1	(0)1	5.71504e-002	-1.39353	0.	0.	0.	0.	0.	1.	0.	0.	1.	0.	0.	0.	0.	0.	0.	0	-1	
0.343545	35.1795	8	0	(0)1	(0)2	(0)2	(0)1	(0)1	5.71504e-002	-1.39353	0.	0.	0.	0.	0.	1.	0.	0.	1.	0.	0.	0.	0.	0.	0.	0	-1	
0.375319	31.4727	9	0	(0)1	(0)2	(0)2	(0)1	(0)1	5.71504e-002	-1.39353	0.	0.	0.	0.	0.	1.	0.	0.	1.	0.	0.	0.	0.	0.	0.	0	-1	
0.392771	57.3009	10	0	(0)1	(0)2	(0)2	(0)1	(0)1	5.71504e-002	-1.39353	0.	0.	0.	0.	0.	1.	0.	0.	1.	0.	0.	0.	0.	0.	0.	0	-1	
0.41003	57.9403	11	0	(0)1	(0)2	(0)2	(0)1	(0)1	5.71504e-002	-1.39353	0.	0.	0.	0.	0.	1.	0.	0.	1.	0.	0.	0.	0.	0.	0.	0	-1	
0.425998	62.626	12	0	(0)1	(0)2	(0)2	(0)1	(0)1	5.71504e-002	-1.39353	0.	0.	0.	0.	0.	1.	0.	0.	1.	0.	0.	0.	0.	0.	0.	0	-1	
0.442023	62.403	13	0	(0)1	(0)2	(0)2	(0)1	(0)1	5.71504e-002	-1.39353	0.	0.	0.	0.	0.	1.	0.	0.	1.	0.	0.	0.	0.	0.	0.	0	-1	
0.461304	51.863	14	0	(0)1	(0)2	(0)2	(0)1	(0)1	5.71504e-002	-1.39353	0.	0.	0.	0.	0.	1.	0.	0.	1.	0.	0.	0.	0.	0.	0.	0	-1	
0.479766	54.1652	15	0	(0)1	(0)2	(0)2	(0)1	(0)1	5.71504e-002	-1.39353	0.	0.	0.	0.	0.	1.	0.	0.	1.	0.	0.	0.	0.	0.	0.	0	-1	
0.496021	61.52	16	0	(0)1	(0)2	(0)2	(0)1	(0)1	5.71504e-002	-1.39353	0.	0.	0.	0.	0.	1.	0.	0.	1.	0.	0.	0.	0.	0.	0.	0	-1	
0.512999	58.8993	17	0	(0)1	(0)2	(0)2	(0)1	(0)1	5.71504e-002	-1.39353	0.	0.	0.	0.	0.	1.	0.	0.	1.	0.	0.	0.	0.	0.	0.	0	-1	
0.529024	62.4018	18	0	(0)1	(0)2	(0)2	(0)1	(0)1	5.71504e-002	-1.39353	0.	0.	0.	0.	0.	1.	0.	0.	1.	0.	0.	0.	0.	0.	0.	0	-1	
0.544996	62.6094	19	0	(0)1	(0)2	(0)2	(0)1	(0)1	5.71504e-002	-1.39353	0.	0.	0.	0.	0.	1.	0.	0.	1.	0.	0.	0.	0.	0.	0.	0	-1	
0.561011	62.443	20	0	(0)1	(0)2	(0)2	(0)1	(0)1	5.71504e-002	-1.39353	0.	0.	0.	0.	0.	1.	0.	0.	1.	0.	0.	0.	0.	0.	0.	0	-1	
0.577011	62.5019	21	0	(0)1	(0)2	(0)2	(0)1	(0)1	5.71504e-002	-1.39353	0.	0.	0.	0.	0.	1.	0.	0.	1.	0.	0.	0.	0.	0.	0.	0	-1	
0.593045	62.3666	22	0	(0)1	(0)2	(0)2	(0)1	(0)1	5.71504e-002	-1.39353	0.	0.	0.	0.	0.	1.	0.	0.	1.	0.	0.	0.	0.	0.	0.	0	-1	
0.60901	62.6354	23	0	(0)1	(0)2	(0)2	(0)1	(0)1	5.71504e-002	-1.39353	0.	0.	0.	0.	0.	1.	0.	0.	1.	0.	0.	0.	0.	0.	0.	0	-1	
0.626057	58.6626	24	0	(0)1	(0)2	(0)2	(0)1	(0)1	5.71504e-002	-1.39353	0.	0.	0.	0.	0.	1.	0.	0.	1.	0.	0.	0.	0.	0.	0.	0	-1	
0.643036	58.8972	25	0	(0)1	(0)2	(0)2	(0)1	(0)1	5.71504e-002	-1.39353	0.	0.	0.	0.	0.	1.	0.	0.	1.	0.	0.	0.	0.	0.	0.	0	-1	
0.665027	45.4725	26	0	(0)1	(0)2	(0)2	(0)1	(0)1	5.71504e-002	-1.39353	0.	0.	0.	0.	0.	1.	0.	0.	1.	0.	0.	0.	0.	0.	0.	0	-1	
0.682	58.915	27	0	(0)1	(0)2	(0)2	(0)1	(0)1	5.71504e-002	-1.39353	0.	0.	0.	0.	0.	1.	0.	0.	1.	0.	0.	0.	0.	0.	0.	0	-1	
0.699021	58.7531	28	0	(0)1	(0)2	(0)2	(0)1	(0)1	5.71504e-002	-1.39353	0.	0.	0.	0.	0.	1.	0.	0.	1.	0.	0.	0.	0.	0.	0.	0	-1	
0.714999	62.5846	29	0	(0)1	(0)2	(0)2	(0)1	(0)1	5.71504e-002	-1.39353	0.	0.	0.	0.	0.	1.	0.	0.	1.	0.	0.	0.	0.	0.	0.	0	-1	
0.732024	58.7375	30	0	(0)1	(0)2	(0)2	(0)1	(0)1	5.71504e-002	-1.39353	0.	0.	0.	0.	0.	1.	0.	0.	1.	0.	0.	0.	0.	0.	0.	0	-1	
0.748998	58.9129	31	0	(0)1	(0)2	(0)2	(0)1	(0)1	5.71504e-002	-1.39353	0.	0.	0.	0.	0.	1.	0.	0.	1.	0.	0.	0.	0.	0.	0.	0	-1	
0.765024	62.3995	32	0	(0)1	(0)2	(0)2	(0)1	(0)1	5.71504e-002	-1.39353	0.	0.	0.	0.	0.	1.	0.	0.	1.	0.	0.	0.	0.	0.	0.	0	-1	
0.781999	58.9098	33	0	(0)1	(0)2	(0)2	(0)1	(0)1	5.71504e-002	-1.39353	0.	0.	0.	0.	0.	1.	0.	0.	1.	0.	0.	0.	0.	0.	0.	0	-1	
0.798007	62.4689	34	0	(0)1	(0)2	(0)2	(0)1	(0)1	5.71504e-002	-1.39353	0.	0.	0.	0.	0.	1.	0.	0.	1.	0.	0.	0.	0.	0.	0.	0	-1	
0.815018	58.7875	35	0	(0)1	(0)2	(0)2	(0)1	(0)1	5.71504e-002	-1.39353	0.	0.	0.	0.	0.	1.	0.	0.	1.	0.	0.	0.	0.	0.	0.	0	-1	
0.832018	58.8209	36	0	(0)1	(0)2	(0)2	(0)1	(0)1	5.71504e-002	-1.39353	0.	0.	0.	0.	0.	1.	0.	0.	1.	0.	0.	0.	0.	0.	0.	0	-1	
0.849003	58.8773	37	0	(0)1	(0)2	(0)2	(0)1	(0)1	5.71504e-002	-1.39353	0.	0.	0.	0.	0.	1.	0.	0.	1.	0.	0.	0.	0.	0.	0.	0	-1	
0.86505	62.315	38	0	(0)1	(0)2	(0)2	(0)1	(0)1	5.71504e-002	-1.39353	0.	0.	0.	0.	0.	1.	0.	0.	1.	0.	0.	0.	0.	0.	0.	0	-1	
0.882005	58.9801	39	0	(0)1	(0)2	(0)2	(0)1	(0)1	5.71504e-002	-1.39353	0.	0.	0.	0.	0.	1.	0.	0.	1.	0.	0.	0.	0.	0.	0.	0	-1	
0.899553	56.9865	40	0	(0)1	(0)2	(0)2	(0)1	(0)1	5.71504e-002	-1.39353	0.	0.	0.	0.	0.	1.	0.	0.	1.	0.	0.	0.	0.	0.	0.	0	-1	
0.916015	60.7472	41	0	(0)1	(0)2	(0)2	(0)1	(0)1	5.71504e-002	-1.39353	0.	0.	0.	0.	0.	1.	0.	0.	1.	0.	0.	0.	0.	0.	0.	0	-1	
0.933884	55.9622	42	0	(0)1	(0)2	(0)2	(0)1	(0)1	5.71504e-002	-1.39353	0.	0.	0.	0.	0.	1.	0.	0.	1.	0.	0.	0.	0.	0.	0.	0	-1	
0.950006	62.0268	43	0	(0)1	(0)2	(0)2	(0)1	(0)1	5.71504e-002	-1.39353	0.	0.	0.	0.	0.	1.	0.	0.	1.	0.	0.	0.	0.	0.	0.	0	-1	
0.966022	62.4383	44	0	(0)1	(0)2	(0)2	(0)1	(0)1	5.71504e-002	-1.39353	0.	0.	0.	0.	0.	1.	0.	0.	1.	0.	0.	0.	0.	0.	0.	0	-1	
0.98302	58.8292	45	0	(0)1	(0)2	(0)2	(0)1	(0)1	5.71504e-002	-1.39353	0.	0.	0.	0.	0.	1.	0.	0.	1.	0.	0.	0.	0.	0.	0.	0	-1	
1.00002	58.8355	46	0	(0)1	(0)2	(0)2	(0)1	(0)1	5.71504e-002	-1.39353	0.	0.	0.	0.	0.	1.	0.	0.	1.	0.	0.	0.	0.	0.	0.	0	-1	
1.01605	62.3725	47	0	(0)1	(0)2	(0)2	(0)1	(0)1	5.71504e-002	-1.39353	0.	0.	0.	0.	0.	1.	0.	0.	1.	0.	0.	0.	0.	0.	0.	0	-1	
1.03311	58.6159	48	0	(0)1	(0)2	(0)2	(0)1	(0)1	5.71504e-002	-1.39353	0.	0.	0.	0.	0.	1.	0.	0.	1.	0.	0.	0.	0.	0.	0.	0	-1	
1.05001	59.1728	49	0	(0)1	(0)2	(0)2	(0)1	(0)1	5.71504e-002	-1.39353	0.	0.	0.	0.	0.	1.	0.	0.	1.	0.	0.	0.	0.	0.	0.	0	-1	
1.07122	47.1399	50	0	(0)1	(0)2	(0)2	(0)1	(0)1	5.71504e-002	-1.39353	0.	0.	0.	0.	0.	1.	0.	0.	1.	0.	0.	0.	0.	0.	0.	0	-1	
1.08801	59.5665	51	0	(0)1	(0)2	(0)2	(0)1	(0)1	5.71504e-002	-1.39353	0.	0.	0.	0.	0.	1.	0.	0.	1.	0.	0.	0.	0.	0.	0.	0	-1	
1.10504	58.7229	52	0	(0)1	(0)2	(0)2	(0)1	(0)1	5.71504e-002	-1.39353	0.	0.	0.	0.	0.	1.	0.	0.	1.	0.	0.	0.	0.	0.	0.	0	-1	
1.13044	39.375	53	0	(0)1	(0)2	(0)2	(0)1	(0)1	5.71504e-002	-1.39353	0.	0.	0.	0.	0.	1.	0.	0.	1.	0.	0.	0.	0.	0.	0.	0	-1	
1.14703	60.2479	54	0	(0)1	(0)2	(0)2	(0)1	(0)1	5.71504e-002	-1.39353	0.	0.	0.	0.	0.	1.	0.	0.	1.	0.	0.	0.	0.	0.	0.	0	-1	
1.16401	58.8951	55	0	(0)1	(0)2	(0)2	(0)1	(0)1	5.71504e-002	-1.39353	0.	0.	0.	0.	0.	1.	0.	0.	1.	0.	0.	0.	0.	0.	0.	0	-1	
1.18104	58.7322	56	0	(0)1	(0)2	(0)2	(0)1	(0)1	5.71504e-002	-1.39353	0.	0.	0.	0.	0.	1.	0.	0.	1.	0.	0.	0.	0.	0.	0.	0	-1	
1.19801	58.9129	57	0	(0)1	(0)2	(0)2	(0)1	(0)1	5.71504e-002	-1.39353	0.	0.	0.	0.	0.	1.	0.	0.	1.	0.	0.	0.	0.	0.	0.	0	-1	
1.21519	58.208	58	0	(0)1	(0)2	(0)2	(0)1	(0)1	5.71504e-002	-1.39353	0.	0.	0.	0.	0.	1.	0.	0.	1.	0.	0.	0.	0.	0.	0.	0	-1	
1.23204	59.3573	59	0	(0)1	(0)2	(0)2	(0)1	(0)1	5.71504e-002	-1.39353	0.	0.	0.	0.	0.	1.	0.	0.	1.	0.	0.	0.	0.	0.	0.	0	-1	
1.25029	54.8023	60	0	(0)1	(0)2	(0)2	(0)1	(0)1	5.71504e-002	-1.39353	0.	0.	0.	0.	0.	1.	0.	0.	1.	0.	0.	0.	0.	0.	0.	0	-1	
1.26706	59.6255	61	0	(0)1	(0)2	(0)2	(0)1	(0)1	5.71504e-002	-1.39353	0.	0.	0.	0.	0.	1.	0.	0.	1.	0.	0.	0.	0.	0.	0.	0	-1	
1.28304	62.5905	62	0	(0)1	(0)2	(0)2	(0)1	(0)1	5.71504e-002	-1.39353	0.	0.	0.	0.	0.	1.	0.	0.	1.	0.	0.	0.	0.	0.	0.	0	-1	
1.30259	51.1392	63	0	(0)1	(0)2	(0)2	(0)1	(0)1	5.71504e-002	-1.39353	0.	0.	0.	0.	0.	1.	0.	0.	1.	0.	0.	0.	0.	0.	0.	0	-1	
1.32073	55.1214	64	0	(0)1	(0)2	(0)2	(0)1	(0)1	5.71504e-002	-1.39353	0.	0.	0.	0.	0.	1.	0.	0.	1.	0.	0.	0.	0.	0.	0.	0	-1	

