-4.59	-2.35	0.	
-4.59	18.5425	0.	
-4.59	37.9635	0.	
-4.59	56.0075	0.	
-4.59	72.7686	0.	
-4.59	88.3413	0.	
-4.59	102.82	0.	
-4.59	116.299	0.	
-4.59	128.872	0.	
-4.59	140.634	0.	
-4.59	151.679	0.	
-4.59	162.102	0.	
-4.59	171.996	0.	
-4.59	181.457	0.	
-4.59	189.077	0.	
-4.59	197.975	0.	
-4.59	206.63	0.	
-4.59	215.062	0.	
-4.59	223.29	0.	
-4.59	231.332	0.	
-4.59	239.208	0.	
-4.59	246.936	0.	
-4.59	254.535	0.	
-4.59	262.024	0.	
-4.59	269.422	0.	
-4.59	276.747	0.	
-4.59	284.019	0.	
-4.59	291.257	0.	
-4.59	297.275	0.	
-4.59	304.495	0.	
-4.59	311.715	0.	
-4.59	318.935	0.	
-4.59	326.155	0.	
-4.59	333.374	0.	
-4.59	340.594	0.	
-4.59	347.814	0.	
-4.59	355.034	0.	
-4.59	362.254	0.	
-4.59	369.474	0.	
-4.59	376.694	0.	
-4.59	383.914	0.	
-4.59	391.133	0.	
-4.59	397.15	0.	
-4.59	404.37	0.	
-4.59	411.59	0.	
-4.59	418.81	0.	
-4.59	426.03	0.	
-4.59	433.249	0.	
-4.59	440.469	0.	
-4.59	447.689	0.	
-4.59	454.909	0.	
-4.59	462.129	0.	
-4.59	469.349	0.	
-4.59	476.569	0.	
-4.59	483.789	0.	
-4.59	491.008	0.	
-4.59	497.025	0.	
-4.59	504.245	0.	
-4.59	511.465	0.	
-4.59	518.685	0.	
-4.59	525.905	0.	
-4.59	533.124	0.	
-4.59	540.344	0.	
-4.59	547.564	0.	
-4.59	554.784	0.	
-4.59	562.004	0.	
-4.59	569.224	0.	
-4.59	576.444	0.	
-4.59	583.664	0.	
-4.59	590.883	0.	
-4.59	596.9	0.	
-4.59	604.12	0.	
-4.59	611.34	0.	
-4.59	618.56	0.	
-4.59	625.78	0.	
-4.59	632.999	0.	
-4.59	640.219	0.	
-4.59	647.439	0.	
-4.59	654.659	0.	
-4.59	661.879	0.	
-4.59	669.099	0.	
-4.59	676.319	0.	
-4.59	683.539	0.	
-4.59	690.758	0.	
-4.59	696.775	0.	
-4.59	703.995	0.	
-4.59	711.215	0.	
-4.59	718.435	0.	
-4.59	725.655	0.	
-4.59	732.874	0.	
-4.59	740.094	0.	
-4.59	747.314	0.	
-4.59	754.534	0.	
-4.59	761.754	0.	
-4.59	768.974	0.	
-4.59	776.194	0.	
-4.59	783.414	0.	
-4.59	790.633	0.	
-4.59	796.65	0.	
-4.59	803.87	0.	
-4.59	811.09	0.	
-4.59	818.31	0.	
-4.59	825.53	0.	
-4.59	832.749	0.	
-4.59	839.969	0.	
-4.59	847.189	0.	
-4.59	854.409	0.	
-4.59	861.629	0.	
-4.59	868.849	0.	
-4.59	876.069	0.	
-4.59	883.289	0.	
-4.59	890.508	0.	
-4.59	896.525	0.	
-4.59	903.745	0.	
-4.59	910.965	0.	
-4.59	918.185	0.	
-4.59	925.405	0.	
-4.59	932.624	0.	
-4.59	939.844	0.	
-4.59	947.064	0.	
-4.59	954.284	0.	
-4.59	961.504	0.	
-4.59	968.724	0.	
-4.59	975.944	0.	
-4.59	983.164	0.	
-4.59	990.383	0.	
-4.59	996.4	0.	
-4.59	1003.62	0.	
-4.59	1010.84	0.	
-4.59	1018.06	0.	
-4.59	1025.28	0.	
-4.59	1032.5	0.	
-4.59	1039.72	0.	
-4.59	1046.94	0.	
-4.59	1054.16	0.	
-4.59	1061.38	0.	
-4.59	1068.6	0.	
-4.59	1075.82	0.	
-4.59	1083.04	0.	
-4.59	1090.26	0.	
-4.59	1096.27	0.	
-4.59	1103.49	0.	
-4.59	1110.71	0.	
-4.59	1117.93	0.	
-4.59	1125.15	0.	
-4.59	1132.37	0.	
-4.59	1139.59	0.	
-4.59	1146.81	0.	
-4.59	1154.03	0.	
-4.59	1161.25	0.	
-4.59	1168.47	0.	
-4.59	1175.69	0.	
-4.59	1182.91	0.	
-4.59	1190.13	0.	
-4.59	1196.15	0.	
-4.59	1203.37	0.	
-4.59	1210.59	0.	
-4.59	1217.81	0.	
-4.59	1225.03	0.	
-4.59	1232.25	0.	
-4.59	1239.47	0.	
-4.59	1246.69	0.	
-4.59	1253.91	0.	
-4.59	1261.13	0.	
-4.59	1268.35	0.	
-4.59	1275.57	0.	
-4.59	1282.79	0.	
-4.59	1290.01	0.	
-4.59	1296.02	0.	
-4.59	1303.24	0.	
-4.59	1310.46	0.	
-4.59	1317.68	0.	
-4.59	1324.9	0.	
-4.59	1332.12	0.	
-4.59	1339.34	0.	
-4.59	1346.56	0.	
-4.59	1353.78	0.	
-4.59	1361.	0.	
-4.59	1368.22	0.	
-4.59	1375.44	0.	
-4.59	1382.66	0.	
-4.59	1389.88	0.	
-4.59	1395.9	0.	
-4.59	1403.12	0.	
-4.59	1410.36	0.	
-4.59	1417.64	0.	
-4.59	1424.98	0.	
-4.59	1432.39	0.	
-4.59	1439.9	0.	
-4.59	1447.52	0.	
-4.59	1455.27	0.	
-4.59	1463.17	0.	
-4.59	1471.24	0.	
-4.59	1479.5	0.	
-4.59	1487.97	0.	
-4.59	1496.67	0.	
-4.59	1504.1	0.	
-4.59	1513.27	0.	
-4.59	1522.8	0.	
-4.59	1532.79	0.	
-4.59	1543.34	0.	
-4.59	1554.55	0.	
-4.59	1566.51	0.	
-4.59	1579.33	0.	
-4.59	1593.11	0.	
-4.59	1607.94	0.	
-4.59	1623.92	0.	
-4.59	1641.15	0.	
-4.59	1659.74	0.	
-4.59	1679.77	0.	
-4.59	1697.65	0.	

