Time	FPS	Frame	Crash	RB	RU	LU	LB	OC	Dither	DAngle	swAngle	OX	OY	OZ	HX	HY	HZ	DX	DY	DZ	HA	RHA	AccumulativeHeading(Y)	Speed	RSpeed	Dynamic	USRHIT	
2.29408e-005	43590.4	1	0	(0)1	(0)3	(0)3	(0)1	(0)2	0.	8.11822	0.	0.	0.	0.	0.	1.	0.	0.	1.	0.	0.	0.	0.	0.	0.	0	-1	
0.184079	5.43313	2	0	(0)1	(0)3	(0)3	(0)1	(0)2	0.135098	8.11822	0.	0.	0.	0.	0.	1.	0.	0.	1.	0.	0.	0.	0.	0.	0.	0	-1	
0.22709	23.2498	3	0	(0)1	(0)3	(0)3	(0)1	(0)2	0.135098	8.11822	0.	0.	0.	0.	0.	1.	0.	0.	1.	0.	0.	0.	0.	0.	0.	0	-1	
0.25333	38.1101	4	0	(0)1	(0)3	(0)3	(0)1	(0)2	0.135098	8.11822	0.	0.	0.	0.	0.	1.	0.	0.	1.	0.	0.	0.	0.	0.	0.	0	-1	
0.270236	59.151	5	0	(0)1	(0)3	(0)3	(0)1	(0)2	0.135098	8.11822	0.	0.	0.	0.	0.	1.	0.	0.	1.	0.	0.	0.	0.	0.	0.	0	-1	
0.45635	5.37305	6	0	(0)1	(0)3	(0)3	(0)1	(0)2	0.135098	8.11822	0.	0.	0.	0.	0.	1.	0.	0.	1.	0.	0.	0.	0.	0.	0.	0	-1	
0.473181	59.4152	7	0	(0)1	(0)3	(0)3	(0)1	(0)2	0.135098	8.11822	0.	0.	0.	0.	0.	1.	0.	0.	1.	0.	0.	0.	0.	0.	0.	0	-1	
0.49026	58.5489	8	0	(0)1	(0)3	(0)3	(0)1	(0)2	0.135098	8.11822	0.	0.	0.	0.	0.	1.	0.	0.	1.	0.	0.	0.	0.	0.	0.	0	-1	
0.507283	58.7461	9	0	(0)1	(0)3	(0)3	(0)1	(0)2	0.135098	8.11822	0.	0.	0.	0.	0.	1.	0.	0.	1.	0.	0.	0.	0.	0.	0.	0	-1	
0.524211	59.0719	10	0	(0)1	(0)3	(0)3	(0)1	(0)2	0.135098	8.11822	0.	0.	0.	0.	0.	1.	0.	0.	1.	0.	0.	0.	0.	0.	0.	0	-1	
0.541295	58.5334	11	0	(0)1	(0)3	(0)3	(0)1	(0)2	0.135098	8.11822	0.	0.	0.	0.	0.	1.	0.	0.	1.	0.	0.	0.	0.	0.	0.	0	-1	
0.558241	59.013	12	0	(0)1	(0)3	(0)3	(0)1	(0)2	0.135098	8.11822	0.	0.	0.	0.	0.	1.	0.	0.	1.	0.	0.	0.	0.	0.	0.	0	-1	
0.574255	62.4434	13	0	(0)1	(0)3	(0)3	(0)1	(0)2	0.135098	8.11822	0.	0.	0.	0.	0.	1.	0.	0.	1.	0.	0.	0.	0.	0.	0.	0	-1	
0.591308	58.6411	14	0	(0)1	(0)3	(0)3	(0)1	(0)2	0.135098	8.11822	0.	0.	0.	0.	0.	1.	0.	0.	1.	0.	0.	0.	0.	0.	0.	0	-1	
0.608285	58.9039	15	0	(0)1	(0)3	(0)3	(0)1	(0)2	0.135098	8.11822	0.	0.	0.	0.	0.	1.	0.	0.	1.	0.	0.	0.	0.	0.	0.	0	-1	
0.624288	62.4893	16	0	(0)1	(0)3	(0)3	(0)1	(0)2	0.135098	8.11822	0.	0.	0.	0.	0.	1.	0.	0.	1.	0.	0.	0.	0.	0.	0.	0	-1	
0.641276	58.8641	17	0	(0)1	(0)3	(0)3	(0)1	(0)2	0.135098	8.11822	0.	0.	0.	0.	0.	1.	0.	0.	1.	0.	0.	0.	0.	0.	0.	0	-1	
0.658292	58.767	18	0	(0)1	(0)3	(0)3	(0)1	(0)2	0.135098	8.11822	0.	0.	0.	0.	0.	1.	0.	0.	1.	0.	0.	0.	0.	0.	0.	0	-1	
0.67433	62.3552	19	0	(0)1	(0)3	(0)3	(0)1	(0)2	0.135098	8.11822	0.	0.	0.	0.	0.	1.	0.	0.	1.	0.	0.	0.	0.	0.	0.	0	-1	
0.733244	16.9737	20	0	(0)1	(0)3	(0)3	(0)1	(0)2	0.135098	8.11822	0.	0.	0.	0.	0.	1.	0.	0.	1.	0.	0.	0.	0.	0.	0.	0	-1	
0.755988	43.9682	21	0	(0)1	(0)3	(0)3	(0)1	(0)2	0.135098	8.11822	0.	0.	0.	0.	0.	1.	0.	0.	1.	0.	0.	0.	0.	0.	0.	0	-1	
0.773244	57.9528	22	0	(0)1	(0)3	(0)3	(0)1	(0)2	0.135098	8.11822	0.	0.	0.	0.	0.	1.	0.	0.	1.	0.	0.	0.	0.	0.	0.	0	-1	
0.800051	37.3025	23	0	(0)1	(0)3	(0)3	(0)1	(0)2	0.135098	8.11822	0.	0.	0.	0.	0.	1.	0.	0.	1.	0.	0.	0.	0.	0.	0.	0	-1	
0.816256	61.7106	24	0	(0)1	(0)3	(0)3	(0)1	(0)2	0.135098	8.11822	0.	0.	0.	0.	0.	1.	0.	0.	1.	0.	0.	0.	0.	0.	0.	0	-1	
0.833313	58.6266	25	0	(0)1	(0)3	(0)3	(0)1	(0)2	0.135098	8.11822	0.	0.	0.	0.	0.	1.	0.	0.	1.	0.	0.	0.	0.	0.	0.	0	-1	
0.854404	47.4141	26	0	(0)1	(0)3	(0)3	(0)1	(0)2	0.135098	8.11822	0.	0.	0.	0.	0.	1.	0.	0.	1.	0.	0.	0.	0.	0.	0.	0	-1	
0.871259	59.33	27	0	(0)1	(0)3	(0)3	(0)1	(0)2	0.135098	8.11822	0.	0.	0.	0.	0.	1.	0.	0.	1.	0.	0.	0.	0.	0.	0.	0	-1	
0.888252	58.8484	28	0	(0)1	(0)3	(0)3	(0)1	(0)2	0.135098	8.11822	0.	0.	0.	0.	0.	1.	0.	0.	1.	0.	0.	0.	0.	0.	0.	0	-1	
0.905316	58.6017	29	0	(0)1	(0)3	(0)3	(0)1	(0)2	0.135098	8.11822	0.	0.	0.	0.	0.	1.	0.	0.	1.	0.	0.	0.	0.	0.	0.	0	-1	
0.921228	62.8473	30	0	(0)1	(0)3	(0)3	(0)1	(0)2	0.135098	8.11822	0.	0.	0.	0.	0.	1.	0.	0.	1.	0.	0.	0.	0.	0.	0.	0	-1	
0.93824	58.7805	31	0	(0)1	(0)3	(0)3	(0)1	(0)2	0.135098	8.11822	0.	0.	0.	0.	0.	1.	0.	0.	1.	0.	0.	0.	0.	0.	0.	0	-1	
0.9553	58.6172	32	0	(0)1	(0)3	(0)3	(0)1	(0)2	0.135098	8.11822	0.	0.	0.	0.	0.	1.	0.	0.	1.	0.	0.	0.	0.	0.	0.	0	-1	
0.972289	58.8599	33	0	(0)1	(0)3	(0)3	(0)1	(0)2	0.135098	8.11822	0.	0.	0.	0.	0.	1.	0.	0.	1.	0.	0.	0.	0.	0.	0.	0	-1	
0.98835	62.265	34	0	(0)1	(0)3	(0)3	(0)1	(0)2	0.135098	8.11822	0.	0.	0.	0.	0.	1.	0.	0.	1.	0.	0.	0.	0.	0.	0.	0	-1	
1.00524	59.2092	35	0	(0)1	(0)3	(0)3	(0)1	(0)2	0.135098	8.11822	0.	0.	0.	0.	0.	1.	0.	0.	1.	0.	0.	0.	0.	0.	0.	0	-1	
1.02228	58.6983	36	0	(0)1	(0)3	(0)3	(0)1	(0)2	0.135098	8.11822	0.	0.	0.	0.	0.	1.	0.	0.	1.	0.	0.	0.	0.	0.	0.	0	-1	
1.03929	58.7701	37	0	(0)1	(0)3	(0)3	(0)1	(0)2	0.135098	8.11822	0.	0.	0.	0.	0.	1.	0.	0.	1.	0.	0.	0.	0.	0.	0.	0	-1	
1.05532	62.4034	38	0	(0)1	(0)3	(0)3	(0)1	(0)2	0.135098	8.11822	0.	0.	0.	0.	0.	1.	0.	0.	1.	0.	0.	0.	0.	0.	0.	0	-1	
1.07121	62.9154	39	0	(0)1	(0)3	(0)3	(0)1	(0)2	0.135098	8.11822	0.	0.	0.	0.	0.	1.	0.	0.	1.	0.	0.	0.	0.	0.	0.	0	-1	
1.08833	58.4085	40	0	(0)1	(0)3	(0)3	(0)1	(0)2	0.135098	8.11822	0.	0.	0.	0.	0.	1.	0.	0.	1.	0.	0.	0.	0.	0.	0.	0	-1	
1.10528	59.0098	41	0	(0)1	(0)3	(0)3	(0)1	(0)2	0.135098	8.11822	0.	0.	0.	0.	0.	1.	0.	0.	1.	0.	0.	0.	0.	0.	0.	0	-1	
1.1223	58.7493	42	0	(0)1	(0)3	(0)3	(0)1	(0)2	0.135098	8.11822	0.	0.	0.	0.	0.	1.	0.	0.	1.	0.	0.	0.	0.	0.	0.	0	-1	
1.13831	62.441	43	0	(0)1	(0)3	(0)3	(0)1	(0)2	0.135098	8.11822	0.	0.	0.	0.	0.	1.	0.	0.	1.	0.	0.	0.	0.	0.	0.	0	-1	
1.1553	58.8746	44	0	(0)1	(0)3	(0)3	(0)1	(0)2	0.135098	8.11822	0.	0.	0.	0.	0.	1.	0.	0.	1.	0.	0.	0.	0.	0.	0.	0	-1	
1.17143	62.0016	45	0	(0)1	(0)3	(0)3	(0)1	(0)2	0.135098	8.11822	0.	0.	0.	0.	0.	1.	0.	0.	1.	0.	0.	0.	0.	0.	0.	0	-1	
1.18822	59.5455	46	0	(0)1	(0)3	(0)3	(0)1	(0)2	0.135098	8.11822	0.	0.	0.	0.	0.	1.	0.	0.	1.	0.	0.	0.	0.	0.	0.	0	-1	
1.20531	58.5147	47	0	(0)1	(0)3	(0)3	(0)1	(0)2	0.135098	8.11822	0.	0.	0.	0.	0.	1.	0.	0.	1.	0.	0.	0.	0.	0.	0.	0	-1	
1.22232	58.7983	48	0	(0)1	(0)3	(0)3	(0)1	(0)2	0.135098	8.11822	0.	0.	0.	0.	0.	1.	0.	0.	1.	0.	0.	0.	0.	0.	0.	0	-1	
1.23837	62.3107	49	0	(0)1	(0)3	(0)3	(0)1	(0)2	0.135098	8.11822	0.	0.	0.	0.	0.	1.	0.	0.	1.	0.	0.	0.	0.	0.	0.	0	-1	
1.25524	59.2494	50	0	(0)1	(0)3	(0)3	(0)1	(0)2	0.135098	8.11822	0.	0.	0.	0.	0.	1.	0.	0.	1.	0.	0.	0.	0.	0.	0.	0	-1	
1.27124	62.5094	51	0	(0)1	(0)3	(0)3	(0)1	(0)2	0.135098	8.11822	0.	0.	0.	0.	0.	1.	0.	0.	1.	0.	0.	0.	0.	0.	0.	0	-1	
1.28833	58.5385	52	0	(0)1	(0)3	(0)3	(0)1	(0)2	0.135098	8.11822	0.	0.	0.	0.	0.	1.	0.	0.	1.	0.	0.	0.	0.	0.	0.	0	-1	
1.30524	59.131	53	0	(0)1	(0)3	(0)3	(0)1	(0)2	0.135098	8.11822	0.	0.	0.	0.	0.	1.	0.	0.	1.	0.	0.	0.	0.	0.	0.	0	-1	
1.32232	58.5458	54	0	(0)1	(0)3	(0)3	(0)1	(0)2	0.135098	8.11822	0.	0.	0.	0.	0.	1.	0.	0.	1.	0.	0.	0.	0.	0.	0.	0	-1	
1.33933	58.7795	55	0	(0)1	(0)3	(0)3	(0)1	(0)2	0.135098	8.11822	0.	0.	0.	0.	0.	1.	0.	0.	1.	0.	0.	0.	0.	0.	0.	0	-1	
1.35632	58.8641	56	0	(0)1	(0)3	(0)3	(0)1	(0)2	0.135098	8.11822	0.	0.	0.	0.	0.	1.	0.	0.	1.	0.	0.	0.	0.	0.	0.	0	-1	
1.3733	58.8861	57	0	(0)1	(0)3	(0)3	(0)1	(0)2	0.135098	8.11822	0.	0.	0.	0.	0.	1.	0.	0.	1.	0.	0.	0.	0.	0.	0.	0	-1	
1.39028	58.884	58	0	(0)1	(0)3	(0)3	(0)1	(0)2	0.135098	8.11822	0.	0.	0.	0.	0.	1.	0.	0.	1.	0.	0.	0.	0.	0.	0.	0	-1	
1.40733	58.6692	59	0	(0)1	(0)3	(0)3	(0)1	(0)2	0.135098	8.11822	0.	0.	0.	0.	0.	1.	0.	0.	1.	0.	0.	0.	0.	0.	0.	0	-1	
1.4243	58.9332	60	0	(0)1	(0)3	(0)3	(0)1	(0)2	0.135098	8.11822	0.	0.	0.	0.	0.	1.	0.	0.	1.	0.	0.	0.	0.	0.	0.	0	-1	
1.44028	62.5542	61	0	(0)1	(0)3	(0)3	(0)1	(0)2	0.135098	8.11822	0.	0.	0.	0.	0.	1.	0.	0.	1.	0.	0.	0.	0.	0.	0.	0	-1	
1.4583	55.4938	62	0	(0)1	(0)3	(0)3	(0)1	(0)2	0.135098	8.11822	0.	0.	0.	0.	0.	1.	0.	0.	1.	0.	0.	0.	0.	0.	0.	0	-1	
1.4743	62.4964	63	0	(0)1	(0)3	(0)3	(0)1	(0)2	0.135098	8.11822	0.	0.	0.	0.	0.	1.	0.	0.	1.	0.	0.	0.	0.	0.	0.	0	-1	
1.4913	58.8442	64	0	(0)1	(0)3	(0)3	(0)1	(0)2	0.135098	8.11822	0.	0.	0.	0.	0.	1.	0.	0.	1.	0.	0.	0.	0.	0.	0.	0	-1	
1.5084	58.4621	65	0	(0)1	(0)3	(0)3	(0)1	(0)2	0.135098	8.11822	0.	0.	0.	0.	0.	1.	0.	0.	1.	0.	0.	0.	0.	0.	0.	0	-1	
1.52533	59.073	66	0	(0)1	(0)3	(0)3	(0)1	(0)2	0.135098	8.11822	0.	0.	0.	0.	0.	1.	0.	0.	1.	0.	0.	0.	0.	0.	0.	0	-1	
1.54234	58.8035	67	0	(0)1	(0)3	(0)3	(0)1	(0)2	0.135098	8.11822	0.	0.	0.	0.	0.	1.	0.	0.	1.	0.	0.	0.	0.	0.	0.	0	-1	
1.55936	58.7274	68	0	(0)1	(0)3	(0)3	(0)1	(0)2	0.135098	8.11822	0.	0.	0.	0.	0.	1.	0.	0.	1.	0.	0.	0.	0.	0.	0.	0	-1	
1.57637	58.8192	69	0	(0)1	(0)3	(0)3	(0)1	(0)2	0.135098	8.11822	0.	0.	0.	0.	0.	1.	0.	0.	1.	0.	0.	0.	0.	0.	0.	0	-1	
1.59335	58.8882	70	0	(0)1	(0)3	(0)3	(0)1	(0)2	0.135098	8.11822	0.	0.	0.	0.	0.	1.	0.	0.	1.	0.	0.	0.	0.	0.	0.	0	-1	
1.61033	58.8829	71	0	(0)1	(0)3	(0)3	(0)1	(0)2	0.135098	8.11822	0.	0.	0.	0.	0.	1.	0.	0.	1.	0.	0.	0.	0.	0.	0.	0	-1	
1.62729	58.9521	72	0	(0)1	(0)3	(0)3	(0)1	(0)2	0.135098	8.11822	0.	0.	0.	0.	0.	1.	0.	0.	1.	0.	0.	0.	0.	0.	0.	0	-1	
1.64432	58.7274	73	0	(0)1	(0)3	(0)3	(0)1	(0)2	0.135098	8.11822	0.	0.	0.	0.	0.	1.	0.	0.	1.	0.	0.	0.	0.	0.	0.	0	-1	
1.66128	58.951	74	0	(0)1	(0)3	(0)3	(0)1	(0)2	0.135098	8.11822	0.	0.	0.	0.	0.	1.	0.	0.	1.	0.	0.	0.	0.	0.	0.	0	-1	
1.67832	58.7066	75	0	(0)1	(0)3	(0)3	(0)1	(0)2	0.135098	8.11822	0.	0.	0.	0.	0.	1.	0.	0.	1.	0.	0.	0.	0.	0.	0.	0	-1	
1.69527	58.993	76	0	(0)1	(0)3	(0)3	(0)1	(0)2	0.135098	8.11822	0.	0.	0.	0.	0.	1.	0.	0.	1.	0.	0.	0.	0.	0.	0.	0	-1	
1.71236	58.5065	77	0	(0)1	(0)3	(0)3	(0)1	(0)2	0.135098	8.11822	0.	0.	0.	0.	0.	1.	0.	0.	1.	0.	0.	0.	0.	0.	0.	0	-1	
1.72937	58.7795	78	0	(0)1	(0)3	(0)3	(0)1	(0)2	0.135098	8.11822	0.	0.	0.	0.	0.	1.	0.	0.	1.	0.	0.	0.	0.	0.	0.	0	-1	
1.74664	57.9315	79	0	(0)1	(0)3	(0)3	(0)1	(0)2	0.135098	8.11822	0.	0.	0.	0.	0.	1.	0.	0.	1.	0.	0.	0.	0.	0.	0.	0	-1	
1.76327	60.1007	80	0	(0)1	(0)3	(0)3	(0)1	(0)2	0.135098	8.11822	0.	0.	0.	0.	0.	1.	0.	0.	1.	0.	0.	0.	0.	0.	0.	0	-1	
1.78124	55.6748	81	0	(0)1	(0)3	(0)3	(0)1	(0)2	0.135098	8.11822	0.	0.	0.	0.	0.	1.	0.	0.	1.	0.	0.	0.	0.	0.	0.	0	-1	
1.79736	62.0063	82	0	(0)1	(0)3	(0)3	(0)1	(0)2	0.135098	8.11822	0.	0.	0.	0.	0.	1.	0.	0.	1.	0.	0.	0.	0.	0.	0.	0	-1	
1.81434	58.8944	83	0	(0)1	(0)3	(0)3	(0)1	(0)2	0.135098	8.11822	0.	0.	0.	0.	0.	1.	0.	0.	1.	0.	0.	0.	0.	0.	0.	0	-1	
1.83773	42.7528	84	0	(0)1	(0)3	(0)3	(0)1	(0)2	0.135098	8.11822	0.	0.	0.	0.	0.	1.	0.	0.	1.	0.	0.	0.	0.	0.	0.	0	-1	
1.85451	59.6012	85	0	(0)1	(0)3	(0)3	(0)1	(0)2	0.135098	8.11822	0.	0.	0.	0.	0.	1.	0.	0.	1.	0.	0.	0.	0.	0.	0.	0	-1	
1.87137	59.3311	86	0	(0)1	(0)3	(0)3	(0)1	(0)2	0.135098	8.11822	0.	0.	0.	0.	0.	1.	0.	0.	1.	0.	0.	0.	0.	0.	0.	0	-1	
1.8883	59.0656	87	0	(0)1	(0)3	(0)3	(0)1	(0)2	0.135098	8.11822	0.	0.	0.	0.	0.	1.	0.	0.	1.	0.	0.	0.	0.	0.	0.	0	-1	
1.90537	58.5841	88	0	(0)1	(0)3	(0)3	(0)1	(0)2	0.135098	8.11822	0.	0.	0.	0.	0.	1.	0.	0.	1.	0.	0.	0.	0.	0.	0.	0	-1	
1.92233	58.9311	89	0	(0)1	(0)3	(0)3	(0)1	(0)2	0.135098	8.11822	0.	0.	0.	0.	0.	1.	0.	0.	1.	0.	0.	0.	0.	0.	0.	0	-1	
1.93934	58.8014	90	0	(0)1	(0)3	(0)3	(0)1	(0)2	0.135098	8.11822	0.	0.	0.	0.	0.	1.	0.	0.	1.	0.	0.	0.	0.	0.	0.	0	-1	
1.95634	58.8171	91	0	(0)1	(0)3	(0)3	(0)1	(0)2	0.135098	8.11822	0.	0.	0.	0.	0.	1.	0.	0.	1.	0.	0.	0.	0.	0.	0.	0	-1	
1.97325	59.1595	92	0	(0)1	(0)3	(0)3	(0)1	(0)2	0.135098	8.11822	0.	0.	0.	0.	0.	1.	0.	0.	1.	0.	0.	0.	0.	0.	0.	0	-1	
1.99286	50.9712	93	0	(0)1	(0)3	(0)3	(0)1	(0)2	0.135098	8.11822	0.	0.	0.	0.	0.	1.	0.	0.	1.	0.	0.	0.	0.	0.	0.	0	-1	
2.00933	60.7276	94	0	(0)1	(0)3	(0)3	(0)1	(0)2	0.135098	8.11822	0.	0.	0.	0.	0.	1.	0.	0.	1.	0.	0.	0.	0.	0.	0.	0	-1	
2.02535	62.4246	95	0	(0)1	(0)3	(0)3	(0)1	(0)2	0.135098	8.11822	0.	0.	0.	0.	0.	1.	0.	0.	1.	0.	0.	0.	0.	0.	0.	0	-1	
2.0413	62.7022	96	0	(0)1	(0)3	(0)3	(0)1	(0)2	0.135098	8.11822	0.	0.	0.	0.	0.	1.	0.	0.	1.	0.	0.	0.	0.	0.	0.	0	-1	
2.05838	58.554	97	0	(0)1	(0)3	(0)3	(0)1	(0)2	0.135098	8.11822	0.	0.	0.	0.	0.	1.	0.	0.	1.	0.	0.	0.	0.	0.	0.	0	-1	
2.07538	58.8265	98	0	(0)1	(0)3	(0)3	(0)1	(0)2	0.135098	8.11822	0.	0.	0.	0.	0.	1.	0.	0.	1.	0.	0.	0.	0.	0.	0.	0	-1	
2.09236	58.8902	99	0	(0)1	(0)3	(0)3	(0)1	(0)2	0.135098	8.11822	0.	0.	0.	0.	0.	1.	0.	0.	1.	0.	0.	0.	0.	0.	0.	0	-1	
2.10935	58.8421	100	0	(0)1	(0)3	(0)3	(0)1	(0)2	0.135098	8.11822	0.	0.	0.	0.	0.	1.	0.	0.	1.	0.	0.	0.	0.	0.	0.	0	-1	
2.1264	58.6525	101	0	(0)1	(0)3	(0)3	(0)1	(0)2	0.135098	8.11822	0.	0.	0.	0.	0.	1.	0.	0.	1.	0.	0.	0.	0.	0.	0.	0	-1	
2.14337	58.9458	102	0	(0)1	(0)3	(0)3	(0)1	(0)2	0.135098	8.11822	0.	0.	0.	0.	0.	1.	0.	0.	1.	0.	0.	0.	0.	0.	0.	0	-1	
2.16035	58.8766	103	0	(0)1	(0)3	(0)3	(0)1	(0)2	0.135098	8.11822	0.	0.	0.	0.	0.	1.	0.	0.	1.	0.	0.	0.	0.	0.	0.	0	-1	
2.17729	59.0382	104	0	(0)1	(0)3	(0)3	(0)1	(0)2	0.135098	8.11822	0.	0.	0.	0.	0.	1.	0.	0.	1.	0.	0.	0.	0.	0.	0.	0	-1	
2.19428	58.8683	105	0	(0)1	(0)3	(0)3	(0)1	(0)2	0.135098	8.11822	0.	0.	0.	0.	0.	1.	0.	0.	1.	0.	0.	0.	0.	0.	0.	0	-1	
2.21128	58.8139	106	0	(0)1	(0)3	(0)3	(0)1	(0)2	0.135098	8.11822	0.	0.	0.	0.	0.	1.	0.	0.	1.	0.	0.	0.	0.	0.	0.	0	-1	
2.22833	58.6401	107	0	(0)1	(0)3	(0)3	(0)1	(0)2	0.135098	8.11822	0.	0.	0.	0.	0.	1.	0.	0.	1.	0.	0.	0.	0.	0.	0.	0	-1	
2.24438	62.32	108	0	(0)1	(0)3	(0)3	(0)1	(0)2	0.135098	8.11822	0.	0.	0.	0.	0.	1.	0.	0.	1.	0.	0.	0.	0.	0.	0.	0	-1	
2.2614	58.7472	109	0	(0)1	(0)3	(0)3	(0)1	(0)2	0.135098	8.11822	0.	0.	0.	0.	0.	1.	0.	0.	1.	0.	0.	0.	0.	0.	0.	0	-1	
2.27839	58.8704	110	0	(0)1	(0)3	(0)3	(0)1	(0)2	0.135098	8.11822	0.	0.	0.	0.	0.	1.	0.	0.	1.	0.	0.	0.	0.	0.	0.	0	-1	
2.29534	58.9857	111	0	(0)1	(0)3	(0)3	(0)1	(0)2	0.135098	8.11822	0.	0.	0.	0.	0.	1.	0.	0.	1.	0.	0.	0.	0.	0.	0.	0	-1	
2.31135	62.454	112	0	(0)1	(0)3	(0)3	(0)1	(0)2	0.135098	8.11822	0.	0.	0.	0.	0.	1.	0.	0.	1.	0.	0.	0.	0.	0.	0.	0	-1	
2.32834	58.8651	113	0	(0)1	(0)3	(0)3	(0)1	(0)2	0.135098	8.11822	0.	0.	0.	0.	0.	1.	0.	0.	1.	0.	0.	0.	0.	0.	0.	0	-1	
2.34541	58.5934	114	0	(0)1	(0)3	(0)3	(0)1	(0)2	0.135098	8.11822	0.	0.	0.	0.	0.	1.	0.	0.	1.	0.	0.	0.	0.	0.	0.	0	-1	
2.36134	62.7497	115	0	(0)1	(0)3	(0)3	(0)1	(0)2	0.135098	8.11822	0.	0.	0.	0.	0.	1.	0.	0.	1.	0.	0.	0.	0.	0.	0.	0	-1	
2.37831	58.9531	116	0	(0)1	(0)3	(0)3	(0)1	(0)2	0.135098	8.11822	0.	0.	0.	0.	0.	1.	0.	0.	1.	0.	0.	0.	0.	0.	0.	0	-1	
2.39529	58.8725	117	0	(0)1	(0)3	(0)3	(0)1	(0)2	0.135098	8.11822	0.	0.	0.	0.	0.	1.	0.	0.	1.	0.	0.	0.	0.	0.	0.	0	-1	
2.41139	62.1237	118	0	(0)1	(0)3	(0)3	(0)1	(0)2	0.135098	8.11822	0.	0.	0.	0.	0.	1.	0.	0.	1.	0.	0.	0.	0.	0.	0.	0	-1	
2.42827	59.224	119	0	(0)1	(0)3	(0)3	(0)1	(0)2	0.135098	8.11822	0.	0.	0.	0.	0.	1.	0.	0.	1.	0.	0.	0.	0.	0.	0.	0	-1	
2.44527	58.8286	120	0	(0)1	(0)3	(0)3	(0)1	(0)2	0.135098	8.11822	0.	0.	0.	0.	0.	1.	0.	0.	1.	0.	0.	0.	0.	0.	0.	0	-1	
2.46232	58.666	121	0	(0)1	(0)3	(0)3	(0)1	(0)2	0.135098	8.11822	0.	0.	0.	0.	0.	1.	0.	0.	1.	0.	0.	0.	0.	0.	0.	0	-1	
2.47834	62.4046	122	0	(0)1	(0)3	(0)3	(0)1	(0)2	0.135098	8.11822	0.	0.	0.	0.	0.	1.	0.	0.	1.	0.	0.	0.	0.	0.	0.	0	-1	
2.49536	58.7628	123	0	(0)1	(0)3	(0)3	(0)1	(0)2	0.135098	8.11822	0.	0.	0.	0.	0.	1.	0.	0.	1.	0.	0.	0.	0.	0.	0.	0	-1	
2.51138	62.4269	124	0	(0)1	(0)3	(0)3	(0)1	(0)2	0.135098	8.11822	0.	0.	0.	0.	0.	1.	0.	0.	1.	0.	0.	0.	0.	0.	0.	0	-1	
2.52838	58.8202	125	0	(0)1	(0)3	(0)3	(0)1	(0)2	0.135098	8.11822	0.	0.	0.	0.	0.	1.	0.	0.	1.	0.	0.	0.	0.	0.	0.	0	-1	
2.54437	62.5282	126	0	(0)1	(0)3	(0)3	(0)1	(0)2	0.135098	8.11822	0.	0.	0.	0.	0.	1.	0.	0.	1.	0.	0.	0.	0.	0.	0.	0	-1	
2.56134	58.9227	127	0	(0)1	(0)3	(0)3	(0)1	(0)2	0.135098	8.11822	0.	0.	0.	0.	0.	1.	0.	0.	1.	0.	0.	0.	0.	0.	0.	0	-1	
2.57834	58.8317	128	0	(0)1	(0)3	(0)3	(0)1	(0)2	0.135098	8.11822	0.	0.	0.	0.	0.	1.	0.	0.	1.	0.	0.	0.	0.	0.	0.	0	-1	
2.59539	58.6556	129	0	(0)1	(0)3	(0)3	(0)1	(0)2	0.135098	8.11822	0.	0.	0.	0.	0.	1.	0.	0.	1.	0.	0.	0.	0.	0.	0.	0	-1	
2.61237	58.9091	130	0	(0)1	(0)3	(0)3	(0)1	(0)2	0.135098	8.11822	0.	0.	0.	0.	0.	1.	0.	0.	1.	0.	0.	0.	0.	0.	0.	0	-1	
2.62928	59.113	131	0	(0)1	(0)3	(0)3	(0)1	(0)2	0.135098	8.11822	0.	0.	0.	0.	0.	1.	0.	0.	1.	0.	0.	0.	0.	0.	0.	0	-1	
2.64653	57.9639	132	0	(0)1	(0)3	(0)3	(0)1	(0)2	0.135098	8.11822	0.	0.	0.	0.	0.	1.	0.	0.	1.	0.	0.	0.	0.	0.	0.	0	-1	
2.66338	59.3545	133	0	(0)1	(0)3	(0)3	(0)1	(0)2	0.135098	8.11822	0.	0.	0.	0.	0.	1.	0.	0.	1.	0.	0.	0.	0.	0.	0.	0	-1	
2.67934	62.6619	134	0	(0)1	(0)3	(0)3	(0)1	(0)2	0.135098	8.11822	0.	0.	0.	0.	0.	1.	0.	0.	1.	0.	0.	0.	0.	0.	0.	0	-1	
2.6966	57.9366	135	0	(0)1	(0)3	(0)3	(0)1	(0)2	0.135098	8.11822	0.	0.	0.	0.	0.	1.	0.	0.	1.	0.	0.	0.	0.	0.	0.	0	-1	
2.7133	59.8997	136	0	(0)1	(0)3	(0)3	(0)1	(0)2	0.135098	8.11822	0.	0.	0.	0.	0.	1.	0.	0.	1.	0.	0.	0.	0.	0.	0.	0	-1	
2.73039	58.4848	137	0	(0)1	(0)3	(0)3	(0)1	(0)2	0.135098	8.11822	0.	0.	0.	0.	0.	1.	0.	0.	1.	0.	0.	0.	0.	0.	0.	0	-1	
2.74741	58.7691	138	0	(0)1	(0)3	(0)3	(0)1	(0)2	0.135098	8.11822	0.	0.	0.	0.	0.	1.	0.	0.	1.	0.	0.	0.	0.	0.	0.	0	-1	
2.76435	59.0277	139	0	(0)1	(0)3	(0)3	(0)1	(0)2	0.135098	8.11822	0.	0.	0.	0.	0.	1.	0.	0.	1.	0.	0.	0.	0.	0.	0.	0	-1	
2.78139	58.6785	140	0	(0)1	(0)3	(0)3	(0)1	(0)2	0.135098	8.11822	0.	0.	0.	0.	0.	1.	0.	0.	1.	0.	0.	0.	0.	0.	0.	0	-1	
2.7984	58.7837	141	0	(0)1	(0)3	(0)3	(0)1	(0)2	0.135098	8.11822	0.	0.	0.	0.	0.	1.	0.	0.	1.	0.	0.	0.	0.	0.	0.	0	-1	
2.81536	58.9815	142	0	(0)1	(0)3	(0)3	(0)1	(0)2	0.135098	8.11822	0.	0.	0.	0.	0.	1.	0.	0.	1.	0.	0.	0.	0.	0.	0.	0	-1	
2.83235	58.8474	143	0	(0)1	(0)3	(0)3	(0)1	(0)2	0.135098	8.11822	0.	0.	0.	0.	0.	1.	0.	0.	1.	0.	0.	0.	0.	0.	0.	0	-1	
2.84941	58.6245	144	0	(0)1	(0)3	(0)3	(0)1	(0)2	0.135098	8.11822	0.	0.	0.	0.	0.	1.	0.	0.	1.	0.	0.	0.	0.	0.	0.	0	-1	
2.86637	58.9615	145	0	(0)1	(0)3	(0)3	(0)1	(0)2	0.135098	8.11822	0.	0.	0.	0.	0.	1.	0.	0.	1.	0.	0.	0.	0.	0.	0.	0	-1	
2.88338	58.7983	146	0	(0)1	(0)3	(0)3	(0)1	(0)2	0.135098	8.11822	0.	0.	0.	0.	0.	1.	0.	0.	1.	0.	0.	0.	0.	0.	0.	0	-1	
2.90628	43.672	147	0	(0)1	(0)3	(0)3	(0)1	(0)2	0.135098	8.11822	0.	0.	0.	0.	0.	1.	0.	0.	1.	0.	0.	0.	0.	0.	0.	0	-1	
2.92328	58.7951	148	0	(0)1	(0)3	(0)3	(0)1	(0)2	0.135098	8.11822	0.	0.	0.	0.	0.	1.	0.	0.	1.	0.	0.	0.	0.	0.	0.	0	-1	
2.94088	56.8411	149	0	(0)1	(0)3	(0)3	(0)1	(0)2	0.135098	8.11822	0.	0.	0.	0.	0.	1.	0.	0.	1.	0.	0.	0.	0.	0.	0.	0	-1	
2.95871	56.0639	150	0	(0)1	(0)3	(0)3	(0)1	(0)2	0.135098	8.11822	0.	0.	0.	0.	0.	1.	0.	0.	1.	0.	0.	0.	0.	0.	0.	0	-1	
2.97536	60.0626	151	0	(0)1	(0)3	(0)3	(0)1	(0)2	0.135098	8.11822	0.	0.	0.	0.	0.	1.	0.	0.	1.	0.	0.	0.	0.	0.	0.	0	-1	
2.99237	58.7847	152	0	(0)1	(0)3	(0)3	(0)1	(0)2	0.135098	8.11822	0.	0.	0.	0.	0.	1.	0.	0.	1.	0.	0.	0.	0.	0.	0.	0	-1	
3.0094	58.7232	153	0	(0)1	(0)3	(0)3	(0)1	(0)2	0.135098	8.11822	0.	0.	0.	0.	0.	1.	0.	0.	1.	0.	0.	0.	0.	0.	0.	0	-1	
3.02639	58.8746	154	0	(0)1	(0)3	(0)3	(0)1	(0)2	0.135098	8.11822	0.	0.	0.	0.	0.	1.	0.	0.	1.	0.	0.	0.	0.	0.	0.	0	-1	
3.0434	58.7858	155	0	(0)1	(0)3	(0)3	(0)1	(0)2	0.135098	8.11822	0.	0.	0.	0.	0.	1.	0.	0.	1.	0.	0.	0.	0.	0.	0.	0	-1	
3.06041	58.7899	156	0	(0)1	(0)3	(0)3	(0)1	(0)2	0.135098	8.11822	0.	0.	0.	0.	0.	1.	0.	0.	1.	0.	0.	0.	0.	0.	0.	0	-1	
3.07638	62.6323	157	0	(0)1	(0)3	(0)3	(0)1	(0)2	0.135098	8.11822	0.	0.	0.	0.	0.	1.	0.	0.	1.	0.	0.	0.	0.	0.	0.	0	-1	
3.09341	58.7201	158	0	(0)1	(0)3	(0)3	(0)1	(0)2	0.135098	8.11822	0.	0.	0.	0.	0.	1.	0.	0.	1.	0.	0.	0.	0.	0.	0.	0	-1	
3.11036	58.9878	159	0	(0)1	(0)3	(0)3	(0)1	(0)2	0.135098	8.11822	0.	0.	0.	0.	0.	1.	0.	0.	1.	0.	0.	0.	0.	0.	0.	0	-1	
3.13081	48.8949	160	0	(0)1	(0)3	(0)3	(0)1	(0)2	0.135098	8.11822	0.	0.	0.	0.	0.	1.	0.	0.	1.	0.	0.	0.	0.	0.	0.	0	-1	
3.14741	60.2395	161	0	(0)1	(0)3	(0)3	(0)1	(0)2	0.135098	8.11822	0.	0.	0.	0.	0.	1.	0.	0.	1.	0.	0.	0.	0.	0.	0.	0	-1	
3.16431	59.1563	162	0	(0)1	(0)3	(0)3	(0)1	(0)2	0.135098	8.11822	0.	0.	0.	0.	0.	1.	0.	0.	1.	0.	0.	0.	0.	0.	0.	0	-1	
3.18134	58.7211	163	0	(0)1	(0)3	(0)3	(0)1	(0)2	0.135098	8.11822	0.	0.	0.	0.	0.	1.	0.	0.	1.	0.	0.	0.	0.	0.	0.	0	-1	
3.19842	58.5458	164	0	(0)1	(0)3	(0)3	(0)1	(0)2	0.135098	8.11822	0.	0.	0.	0.	0.	1.	0.	0.	1.	0.	0.	0.	0.	0.	0.	0	-1	
3.21539	58.9301	165	0	(0)1	(0)3	(0)3	(0)1	(0)2	0.135098	8.11822	0.	0.	0.	0.	0.	1.	0.	0.	1.	0.	0.	0.	0.	0.	0.	0	-1	
3.23243	58.7097	166	0	(0)1	(0)3	(0)3	(0)1	(0)2	0.135098	8.11822	0.	0.	0.	0.	0.	1.	0.	0.	1.	0.	0.	0.	0.	0.	0.	0	-1	
3.24942	58.8557	167	0	(0)1	(0)3	(0)3	(0)1	(0)2	0.135098	8.11822	0.	0.	0.	0.	0.	1.	0.	0.	1.	0.	0.	0.	0.	0.	0.	0	-1	
3.26637	59.0067	168	0	(0)1	(0)3	(0)3	(0)1	(0)2	0.135098	8.11822	0.	0.	0.	0.	0.	1.	0.	0.	1.	0.	0.	0.	0.	0.	0.	0	-1	
3.2833	59.0645	169	0	(0)1	(0)3	(0)3	(0)1	(0)2	0.135098	8.11822	0.	0.	0.	0.	0.	1.	0.	0.	1.	0.	0.	0.	0.	0.	0.	0	-1	
3.30031	58.7618	170	0	(0)1	(0)3	(0)3	(0)1	(0)2	0.135098	8.11822	0.	0.	0.	0.	0.	1.	0.	0.	1.	0.	0.	0.	0.	0.	0.	0	-1	
3.32298	44.1181	171	0	(0)1	(0)3	(0)3	(0)1	(0)2	0.135098	8.11822	0.	0.	0.	0.	0.	1.	0.	0.	1.	0.	0.	0.	0.	0.	0.	0	-1	
3.33943	60.8011	172	0	(0)1	(0)3	(0)3	(0)1	(0)2	0.135098	8.11822	0.	0.	0.	0.	0.	1.	0.	0.	1.	0.	0.	0.	0.	0.	0.	0	-1	
3.35723	56.1627	173	0	(0)1	(0)3	(0)3	(0)1	(0)2	0.135098	8.11822	0.	0.	0.	0.	0.	1.	0.	0.	1.	0.	0.	0.	0.	0.	0.	0	-1	
3.37433	58.4879	174	0	(0)1	(0)3	(0)3	(0)1	(0)2	0.135098	8.11822	0.	0.	0.	0.	0.	1.	0.	0.	1.	0.	0.	0.	0.	0.	0.	0	-1	
3.39035	62.4375	175	0	(0)1	(0)3	(0)3	(0)1	(0)2	0.135098	8.11822	0.	0.	0.	0.	0.	1.	0.	0.	1.	0.	0.	0.	0.	0.	0.	0	-1	
3.40885	54.0356	176	0	(0)1	(0)3	(0)3	(0)1	(0)2	0.135098	8.11822	0.	0.	0.	0.	0.	1.	0.	0.	1.	0.	0.	0.	0.	0.	0.	0	-1	
3.4253	60.7978	177	0	(0)1	(0)3	(0)3	(0)1	(0)2	0.135098	8.11822	0.	0.	0.	0.	0.	1.	0.	0.	1.	0.	0.	0.	0.	0.	0.	0	-1	
3.4423	58.8098	178	0	(0)1	(0)3	(0)3	(0)1	(0)2	0.135098	8.11822	0.	0.	0.	0.	0.	1.	0.	0.	1.	0.	0.	0.	0.	0.	0.	0	-1	
3.45938	58.5572	179	0	(0)1	(0)3	(0)3	(0)1	(0)2	0.135098	8.11822	0.	0.	0.	0.	0.	1.	0.	0.	1.	0.	0.	0.	0.	0.	0.	0	-1	
3.47642	58.6931	180	0	(0)1	(0)3	(0)3	(0)1	(0)2	0.135098	8.11822	0.	0.	0.	0.	0.	1.	0.	0.	1.	0.	0.	0.	0.	0.	0.	0	-1	
3.49341	58.8714	181	0	(0)1	(0)3	(0)3	(0)1	(0)2	0.135098	8.11822	0.	0.	0.	0.	0.	1.	0.	0.	1.	0.	0.	0.	0.	0.	0.	0	-1	
3.5104	58.8369	182	0	(0)1	(0)3	(0)3	(0)1	(0)2	0.135098	8.11822	0.	0.	0.	0.	0.	1.	0.	0.	1.	0.	0.	0.	0.	0.	0.	0	-1	
3.5273	59.1944	183	0	(0)1	(0)3	(0)3	(0)1	(0)2	0.135098	8.11822	0.	0.	0.	0.	0.	1.	0.	0.	1.	0.	0.	0.	0.	0.	0.	0	-1	
3.54442	58.4064	184	0	(0)1	(0)3	(0)3	(0)1	(0)2	0.135098	8.11822	0.	0.	0.	0.	0.	1.	0.	0.	1.	0.	0.	0.	0.	0.	0.	0	-1	
3.56133	59.1141	185	0	(0)1	(0)3	(0)3	(0)1	(0)2	0.135098	8.11822	0.	0.	0.	0.	0.	1.	0.	0.	1.	0.	0.	0.	0.	0.	0.	0	-1	
3.57832	58.8568	186	0	(0)1	(0)3	(0)3	(0)1	(0)2	0.135098	8.11822	0.	0.	0.	0.	0.	1.	0.	0.	1.	0.	0.	0.	0.	0.	0.	0	-1	
3.6351	17.6128	187	0	(0)1	(0)3	(0)3	(0)1	(0)2	0.135098	8.11822	0.	0.	0.	0.	0.	1.	0.	0.	1.	0.	0.	0.	0.	0.	0.	0	-1	
3.65874	42.2959	188	0	(0)1	(0)3	(0)3	(0)1	(0)2	0.135098	8.11822	0.	0.	0.	0.	0.	1.	0.	0.	1.	0.	0.	0.	0.	0.	0.	0	-1	
3.67529	60.4461	189	0	(0)1	(0)3	(0)3	(0)1	(0)2	0.135098	8.11822	0.	0.	0.	0.	0.	1.	0.	0.	1.	0.	0.	0.	0.	0.	0.	0	-1	
3.69846	43.1487	190	0	(0)1	(0)3	(0)3	(0)1	(0)2	0.135098	8.11822	0.	0.	0.	0.	0.	1.	0.	0.	1.	0.	0.	0.	0.	0.	0.	0	-1	
3.71539	59.0645	191	0	(0)1	(0)3	(0)3	(0)1	(0)2	0.135098	8.11822	0.	0.	0.	0.	0.	1.	0.	0.	1.	0.	0.	0.	0.	0.	0.	0	-1	
3.73233	59.054	192	0	(0)1	(0)3	(0)3	(0)1	(0)2	0.135098	8.11822	0.	0.	0.	0.	0.	1.	0.	0.	1.	0.	0.	0.	0.	0.	0.	0	-1	
3.74943	58.4817	193	0	(0)1	(0)3	(0)3	(0)1	(0)2	0.135098	8.11822	0.	0.	0.	0.	0.	1.	0.	0.	1.	0.	0.	0.	0.	0.	0.	0	-1	
3.76639	58.9594	194	0	(0)1	(0)3	(0)3	(0)1	(0)2	0.135098	8.11822	0.	0.	0.	0.	0.	1.	0.	0.	1.	0.	0.	0.	0.	0.	0.	0	-1	
3.78968	42.9323	195	0	(0)1	(0)3	(0)3	(0)1	(0)2	0.135098	8.11822	0.	0.	0.	0.	0.	1.	0.	0.	1.	0.	0.	0.	0.	0.	0.	0	-1	
3.80644	59.6699	196	0	(0)1	(0)3	(0)3	(0)1	(0)2	0.135098	8.11822	0.	0.	0.	0.	0.	1.	0.	0.	1.	0.	0.	0.	0.	0.	0.	0	-1	
3.82361	58.2309	197	0	(0)1	(0)3	(0)3	(0)1	(0)2	0.135098	8.11822	0.	0.	0.	0.	0.	1.	0.	0.	1.	0.	0.	0.	0.	0.	0.	0	-1	
3.84033	59.811	198	0	(0)1	(0)3	(0)3	(0)1	(0)2	0.135098	8.11822	0.	0.	0.	0.	0.	1.	0.	0.	1.	0.	0.	0.	0.	0.	0.	0	-1	
3.85841	55.3104	199	0	(0)1	(0)3	(0)3	(0)1	(0)2	0.135098	8.11822	0.	0.	0.	0.	0.	1.	0.	0.	1.	0.	0.	0.	0.	0.	0.	0	-1	
3.87541	58.8171	200	0	(0)1	(0)3	(0)3	(0)1	(0)2	0.135098	8.11822	0.	0.	0.	0.	0.	1.	0.	0.	1.	0.	0.	0.	0.	0.	0.	0	-1	
3.89135	62.7271	201	0	(0)1	(0)3	(0)3	(0)1	(0)2	0.135098	8.11822	0.	0.	0.	0.	0.	1.	0.	0.	1.	0.	0.	0.	0.	0.	0.	0	-1	
3.90856	58.1093	202	0	(0)1	(0)3	(0)3	(0)1	(0)2	0.135098	8.11822	0.	0.	0.	0.	0.	1.	0.	0.	1.	0.	0.	0.	0.	0.	0.	0	-1	
3.9253	59.7366	203	0	(0)1	(0)3	(0)3	(0)1	(0)2	0.135098	8.11822	0.	0.	0.	0.	0.	1.	0.	0.	1.	0.	0.	0.	0.	0.	0.	0	-1	
3.94242	58.4219	204	0	(0)1	(0)3	(0)3	(0)1	(0)2	0.135098	8.11822	0.	0.	0.	0.	0.	1.	0.	0.	1.	0.	0.	0.	0.	0.	0.	0	-1	
3.95942	58.8181	205	0	(0)1	(0)3	(0)3	(0)1	(0)2	0.135098	8.11822	0.	0.	0.	0.	0.	1.	0.	0.	1.	0.	0.	0.	0.	0.	0.	0	-1	
3.97639	58.9311	206	0	(0)1	(0)3	(0)3	(0)1	(0)2	0.135098	8.11822	0.	0.	0.	0.	0.	1.	0.	0.	1.	0.	0.	0.	0.	0.	0.	0	-1	
3.99341	58.742	207	0	(0)1	(0)3	(0)3	(0)1	(0)2	0.135098	8.11822	0.	0.	0.	0.	0.	1.	0.	0.	1.	0.	0.	0.	0.	0.	0.	0	-1	
4.00934	62.8056	208	0	(0)1	(0)3	(0)3	(0)1	(0)2	0.135098	8.11822	0.	0.	0.	0.	0.	1.	0.	0.	1.	0.	0.	0.	0.	0.	0.	0	-1	
4.02641	58.5582	209	0	(0)1	(0)3	(0)3	(0)1	(0)2	0.135098	8.11822	0.	0.	0.	0.	0.	1.	0.	0.	1.	0.	0.	0.	0.	0.	0.	0	-1	
4.0434	58.8547	210	0	(0)1	(0)3	(0)3	(0)1	(0)2	0.135098	8.11822	0.	0.	0.	0.	0.	1.	0.	0.	1.	0.	0.	0.	0.	0.	0.	0	-1	
4.06042	58.7837	211	0	(0)1	(0)3	(0)3	(0)1	(0)2	0.135098	8.11822	0.	0.	0.	0.	0.	1.	0.	0.	1.	0.	0.	0.	0.	0.	0.	0	-1	
4.07738	58.9531	212	0	(0)1	(0)3	(0)3	(0)1	(0)2	0.135098	8.11822	0.	0.	0.	0.	0.	1.	0.	0.	1.	0.	0.	0.	0.	0.	0.	0	-1	
4.09444	58.6131	213	0	(0)1	(0)3	(0)3	(0)1	(0)2	0.135098	8.11822	0.	0.	0.	0.	0.	1.	0.	0.	1.	0.	0.	0.	0.	0.	0.	0	-1	
4.11144	58.8244	214	0	(0)1	(0)3	(0)3	(0)1	(0)2	0.135098	8.11822	0.	0.	0.	0.	0.	1.	0.	0.	1.	0.	0.	0.	0.	0.	0.	0	-1	
4.12732	62.9764	215	0	(0)1	(0)3	(0)3	(0)1	(0)2	0.135098	8.11822	0.	0.	0.	0.	0.	1.	0.	0.	1.	0.	0.	0.	0.	0.	0.	0	-1	
4.14439	58.581	216	0	(0)1	(0)3	(0)3	(0)1	(0)2	0.135098	8.11822	0.	0.	0.	0.	0.	1.	0.	0.	1.	0.	0.	0.	0.	0.	0.	0	-1	
4.16136	58.9301	217	0	(0)1	(0)3	(0)3	(0)1	(0)2	0.135098	8.11822	0.	0.	0.	0.	0.	1.	0.	0.	1.	0.	0.	0.	0.	0.	0.	0	-1	
4.17841	58.6536	218	0	(0)1	(0)3	(0)3	(0)1	(0)2	0.135098	8.11822	0.	0.	0.	0.	0.	1.	0.	0.	1.	0.	0.	0.	0.	0.	0.	0	-1	
4.19535	59.034	219	0	(0)1	(0)3	(0)3	(0)1	(0)2	0.135098	8.11822	0.	0.	0.	0.	0.	1.	0.	0.	1.	0.	0.	0.	0.	0.	0.	0	-1	
4.21238	58.692	220	0	(0)1	(0)3	(0)3	(0)1	(0)2	0.135098	8.11822	0.	0.	0.	0.	0.	1.	0.	0.	1.	0.	0.	0.	0.	0.	0.	0	-1	
4.22835	62.6275	221	0	(0)1	(0)3	(0)3	(0)1	(0)2	0.135098	8.11822	0.	0.	0.	0.	0.	1.	0.	0.	1.	0.	0.	0.	0.	0.	0.	0	-1	
4.24443	62.217	222	0	(0)1	(0)3	(0)3	(0)1	(0)2	0.135098	8.11822	0.	0.	0.	0.	0.	1.	0.	0.	1.	0.	0.	0.	0.	0.	0.	0	-1	
4.26135	59.0951	223	0	(0)1	(0)3	(0)3	(0)1	(0)2	0.135098	8.11822	0.	0.	0.	0.	0.	1.	0.	0.	1.	0.	0.	0.	0.	0.	0.	0	-1	
4.27836	58.7826	224	0	(0)1	(0)3	(0)3	(0)1	(0)2	0.135098	8.11822	0.	0.	0.	0.	0.	1.	0.	0.	1.	0.	0.	0.	0.	0.	0.	0	-1	
4.29543	58.582	225	0	(0)1	(0)3	(0)3	(0)1	(0)2	0.135098	8.11822	0.	0.	0.	0.	0.	1.	0.	0.	1.	0.	0.	0.	0.	0.	0.	0	-1	
4.31234	59.1204	226	0	(0)1	(0)3	(0)3	(0)1	(0)2	0.135098	8.11822	0.	0.	0.	0.	0.	1.	0.	0.	1.	0.	0.	0.	0.	0.	0.	0	-1	
4.32957	58.0615	227	0	(0)1	(0)3	(0)3	(0)1	(0)2	0.135098	8.11822	0.	0.	0.	0.	0.	1.	0.	0.	1.	0.	0.	0.	0.	0.	0.	0	-1	
4.34638	59.4653	228	0	(0)1	(0)3	(0)3	(0)1	(0)2	0.135098	8.11822	0.	0.	0.	0.	0.	1.	0.	0.	1.	0.	0.	0.	0.	0.	0.	0	-1	
4.36342	58.6951	229	0	(0)1	(0)3	(0)3	(0)1	(0)2	0.135098	8.11822	0.	0.	0.	0.	0.	1.	0.	0.	1.	0.	0.	0.	0.	0.	0.	0	-1	
4.38039	58.9322	230	0	(0)1	(0)3	(0)3	(0)1	(0)2	0.135098	8.11822	0.	0.	0.	0.	0.	1.	0.	0.	1.	0.	0.	0.	0.	0.	0.	0	-1	
4.39744	58.6629	231	0	(0)1	(0)3	(0)3	(0)1	(0)2	0.135098	8.11822	0.	0.	0.	0.	0.	1.	0.	0.	1.	0.	0.	0.	0.	0.	0.	0	-1	
4.41432	59.2229	232	0	(0)1	(0)3	(0)3	(0)1	(0)2	0.135098	8.11822	0.	0.	0.	0.	0.	1.	0.	0.	1.	0.	0.	0.	0.	0.	0.	0	-1	
4.43358	51.9283	233	0	(0)1	(0)3	(0)3	(0)1	(0)2	0.135098	8.11822	0.	0.	0.	0.	0.	1.	0.	0.	1.	0.	0.	0.	0.	0.	0.	0	-1	
4.45034	59.657	234	0	(0)1	(0)3	(0)3	(0)1	(0)2	0.135098	8.11822	0.	0.	0.	0.	0.	1.	0.	0.	1.	0.	0.	0.	0.	0.	0.	0	-1	
4.46739	58.666	235	0	(0)1	(0)3	(0)3	(0)1	(0)2	0.135098	8.11822	0.	0.	0.	0.	0.	1.	0.	0.	1.	0.	0.	0.	0.	0.	0.	0	-1	
4.48333	62.72	236	0	(0)1	(0)3	(0)3	(0)1	(0)2	0.135098	8.11822	0.	0.	0.	0.	0.	1.	0.	0.	1.	0.	0.	0.	0.	0.	0.	0	-1	
4.50033	58.8317	237	0	(0)1	(0)3	(0)3	(0)1	(0)2	0.135098	8.11822	0.	0.	0.	0.	0.	1.	0.	0.	1.	0.	0.	0.	0.	0.	0.	0	-1	
4.51633	62.507	238	0	(0)1	(0)3	(0)3	(0)1	(0)2	0.135098	8.11822	0.	0.	0.	0.	0.	1.	0.	0.	1.	0.	0.	0.	0.	0.	0.	0	-1	
4.53235	62.3963	239	0	(0)1	(0)3	(0)3	(0)1	(0)2	0.135098	8.11822	0.	0.	0.	0.	0.	1.	0.	0.	1.	0.	0.	0.	0.	0.	0.	0	-1	
4.54835	62.5129	240	0	(0)1	(0)3	(0)3	(0)1	(0)2	0.135098	8.11822	0.	0.	0.	0.	0.	1.	0.	0.	1.	0.	0.	0.	0.	0.	0.	0	-1	
4.56541	58.6255	241	0	(0)1	(0)3	(0)3	(0)1	(0)2	0.135098	8.11822	0.	0.	0.	0.	0.	1.	0.	0.	1.	0.	0.	0.	0.	0.	0.	0	-1	
4.58138	62.6086	242	0	(0)1	(0)3	(0)3	(0)1	(0)2	0.135098	8.11822	0.	0.	0.	0.	0.	1.	0.	0.	1.	0.	0.	0.	0.	0.	0.	0	-1	
4.59834	58.9647	243	0	(0)1	(0)3	(0)3	(0)1	(0)2	0.135098	8.11822	0.	0.	0.	0.	0.	1.	0.	0.	1.	0.	0.	0.	0.	0.	0.	0	-1	
4.61444	62.1097	244	0	(0)1	(0)3	(0)3	(0)1	(0)2	0.135098	8.11822	0.	0.	0.	0.	0.	1.	0.	0.	1.	0.	0.	0.	0.	0.	0.	0	-1	
4.63147	58.7201	245	0	(0)1	(0)3	(0)3	(0)1	(0)2	0.135098	8.11822	0.	0.	0.	0.	0.	1.	0.	0.	1.	0.	0.	0.	0.	0.	0.	0	-1	
4.64846	58.8651	246	0	(0)1	(0)3	(0)3	(0)1	(0)2	0.135098	8.11822	0.	0.	0.	0.	0.	1.	0.	0.	1.	0.	0.	0.	0.	0.	0.	0	-1	
4.66541	58.9762	247	0	(0)1	(0)3	(0)3	(0)1	(0)2	0.135098	8.11822	0.	0.	0.	0.	0.	1.	0.	0.	1.	0.	0.	0.	0.	0.	0.	0	-1	
4.68247	58.6162	248	0	(0)1	(0)3	(0)3	(0)1	(0)2	0.135098	8.11822	0.	0.	0.	0.	0.	1.	0.	0.	1.	0.	0.	0.	0.	0.	0.	0	-1	
4.69943	58.9846	249	0	(0)1	(0)3	(0)3	(0)1	(0)2	0.135098	8.11822	0.	0.	0.	0.	0.	1.	0.	0.	1.	0.	0.	0.	0.	0.	0.	0	-1	
4.7164	58.9018	250	0	(0)1	(0)3	(0)3	(0)1	(0)2	0.135098	8.11822	0.	0.	0.	0.	0.	1.	0.	0.	1.	0.	0.	0.	0.	0.	0.	0	-1	
4.73339	58.8547	251	0	(0)1	(0)3	(0)3	(0)1	(0)2	0.135098	8.11822	0.	0.	0.	0.	0.	1.	0.	0.	1.	0.	0.	0.	0.	0.	0.	0	-1	
4.75035	58.9878	252	0	(0)1	(0)3	(0)3	(0)1	(0)2	0.135098	8.11822	0.	0.	0.	0.	0.	1.	0.	0.	1.	0.	0.	0.	0.	0.	0.	0	-1	
4.78049	33.1795	253	0	(0)1	(0)3	(0)3	(0)1	(0)2	0.135098	8.11822	0.	0.	0.	0.	0.	1.	0.	0.	1.	0.	0.	0.	0.	0.	0.	0	-1	
4.79735	59.2971	254	0	(0)1	(0)3	(0)3	(0)1	(0)2	0.135098	8.11822	0.	0.	0.	0.	0.	1.	0.	0.	1.	0.	0.	0.	0.	0.	0.	0	-1	
4.8144	58.6432	255	0	(0)1	(0)3	(0)3	(0)1	(0)2	0.135098	8.11822	0.	0.	0.	0.	0.	1.	0.	0.	1.	0.	0.	0.	0.	0.	0.	0	-1	
4.83136	58.9615	256	0	(0)1	(0)3	(0)3	(0)1	(0)2	0.135098	8.11822	0.	0.	0.	0.	0.	1.	0.	0.	1.	0.	0.	0.	0.	0.	0.	0	-1	
4.84843	58.5872	257	0	(0)1	(0)3	(0)3	(0)1	(0)2	0.135098	8.11822	0.	0.	0.	0.	0.	1.	0.	0.	1.	0.	0.	0.	0.	0.	0.	0	-1	
4.8654	58.9248	258	0	(0)1	(0)3	(0)3	(0)1	(0)2	0.135098	8.11822	0.	0.	0.	0.	0.	1.	0.	0.	1.	0.	0.	0.	0.	0.	0.	0	-1	
4.88243	58.7264	259	0	(0)1	(0)3	(0)3	(0)1	(0)2	0.135098	8.11822	0.	0.	0.	0.	0.	1.	0.	0.	1.	0.	0.	0.	0.	0.	0.	0	-1	
4.89946	58.7243	260	0	(0)1	(0)3	(0)3	(0)1	(0)2	0.135098	8.11822	0.	0.	0.	0.	0.	1.	0.	0.	1.	0.	0.	0.	0.	0.	0.	0	-1	
4.91647	58.8014	261	0	(0)1	(0)3	(0)3	(0)1	(0)2	0.135098	8.11822	0.	0.	0.	0.	0.	1.	0.	0.	1.	0.	0.	0.	0.	0.	0.	0	-1	
4.93945	43.5091	262	0	(0)1	(0)3	(0)3	(0)1	(0)2	0.135098	8.11822	0.	0.	0.	0.	0.	1.	0.	0.	1.	0.	0.	0.	0.	0.	0.	0	-1	
4.95636	59.1373	263	0	(0)1	(0)3	(0)3	(0)1	(0)2	0.135098	8.11822	0.	0.	0.	0.	0.	1.	0.	0.	1.	0.	0.	0.	0.	0.	0.	0	-1	
4.97373	57.5841	264	0	(0)1	(0)3	(0)3	(0)1	(0)2	0.135098	8.11822	0.	0.	0.	0.	0.	1.	0.	0.	1.	0.	0.	0.	0.	0.	0.	0	-1	
4.99166	55.7722	265	0	(0)1	(0)3	(0)3	(0)1	(0)2	0.135098	8.11822	0.	0.	0.	0.	0.	1.	0.	0.	1.	0.	0.	0.	0.	0.	0.	0	-1	
5.00846	59.523	266	0	(0)1	(0)3	(0)3	(0)1	(0)2	0.135098	8.11822	0.	0.	0.	0.	0.	1.	0.	0.	1.	0.	0.	0.	0.	0.	0.	0	-1	
5.0254	59.014	267	0	(0)1	(0)3	(0)3	(0)1	(0)2	0.135098	8.11822	0.	0.	0.	0.	0.	1.	0.	0.	1.	0.	0.	0.	0.	0.	0.	0	-1	
5.04247	58.6007	268	0	(0)1	(0)3	(0)3	(0)1	(0)2	0.135098	8.11822	0.	0.	0.	0.	0.	1.	0.	0.	1.	0.	0.	0.	0.	0.	0.	0	-1	
5.05942	58.972	269	0	(0)1	(0)3	(0)3	(0)1	(0)2	0.135098	8.11822	0.	0.	0.	0.	0.	1.	0.	0.	1.	0.	0.	0.	0.	0.	0.	0	-1	
5.07542	62.4987	270	0	(0)1	(0)3	(0)3	(0)1	(0)2	0.135098	8.11822	0.	0.	0.	0.	0.	1.	0.	0.	1.	0.	0.	0.	0.	0.	0.	0	-1	
5.09249	58.5882	271	0	(0)1	(0)3	(0)3	(0)1	(0)2	0.135098	8.11822	0.	0.	0.	0.	0.	1.	0.	0.	1.	0.	0.	0.	0.	0.	0.	0	-1	
5.1094	59.1468	272	0	(0)1	(0)3	(0)3	(0)1	(0)2	0.135098	8.11822	0.	0.	0.	0.	0.	1.	0.	0.	1.	0.	0.	0.	0.	0.	0.	0	-1	
5.1264	58.8244	273	0	(0)1	(0)3	(0)3	(0)1	(0)2	0.135098	8.11822	0.	0.	0.	0.	0.	1.	0.	0.	1.	0.	0.	0.	0.	0.	0.	0	-1	
5.14238	62.5684	274	0	(0)1	(0)3	(0)3	(0)1	(0)2	0.135098	8.11822	0.	0.	0.	0.	0.	1.	0.	0.	1.	0.	0.	0.	0.	0.	0.	0	-1	
5.1595	58.4188	275	0	(0)1	(0)3	(0)3	(0)1	(0)2	0.135098	8.11822	0.	0.	0.	0.	0.	1.	0.	0.	1.	0.	0.	0.	0.	0.	0.	0	-1	
5.17641	59.1267	276	0	(0)1	(0)3	(0)3	(0)1	(0)2	0.135098	8.11822	0.	0.	0.	0.	0.	1.	0.	0.	1.	0.	0.	0.	0.	0.	0.	0	-1	
5.19247	62.2685	277	0	(0)1	(0)3	(0)3	(0)1	(0)2	0.135098	8.11822	0.	0.	0.	0.	0.	1.	0.	0.	1.	0.	0.	0.	0.	0.	0.	0	-1	
5.20947	58.8254	278	0	(0)1	(0)3	(0)3	(0)1	(0)2	0.135098	8.11822	0.	0.	0.	0.	0.	1.	0.	0.	1.	0.	0.	0.	0.	0.	0.	0	-1	
5.22652	58.6432	279	0	(0)1	(0)3	(0)3	(0)1	(0)2	0.135098	8.11822	0.	0.	0.	0.	0.	1.	0.	0.	1.	0.	0.	0.	0.	0.	0.	0	-1	
5.24351	58.8536	280	0	(0)1	(0)3	(0)3	(0)1	(0)2	0.135098	8.11822	0.	0.	0.	0.	0.	1.	0.	0.	1.	0.	0.	0.	0.	0.	0.	0	-1	
5.26047	58.9605	281	0	(0)1	(0)3	(0)3	(0)1	(0)2	0.135098	8.11822	0.	0.	0.	0.	0.	1.	0.	0.	1.	0.	0.	0.	0.	0.	0.	0	-1	
5.27747	58.8338	282	0	(0)1	(0)3	(0)3	(0)1	(0)2	0.135098	8.11822	0.	0.	0.	0.	0.	1.	0.	0.	1.	0.	0.	0.	0.	0.	0.	0	-1	
5.29443	58.9584	283	0	(0)1	(0)3	(0)3	(0)1	(0)2	0.135098	8.11822	0.	0.	0.	0.	0.	1.	0.	0.	1.	0.	0.	0.	0.	0.	0.	0	-1	
5.31408	50.9054	284	0	(0)1	(0)3	(0)3	(0)1	(0)2	0.135098	8.11822	0.	0.	0.	0.	0.	1.	0.	0.	1.	0.	0.	0.	0.	0.	0.	0	-1	
5.33036	61.4006	285	0	(0)1	(0)3	(0)3	(0)1	(0)2	0.135098	8.11822	0.	0.	0.	0.	0.	1.	0.	0.	1.	0.	0.	0.	0.	0.	0.	0	-1	
5.34646	62.1342	286	0	(0)1	(0)3	(0)3	(0)1	(0)2	0.135098	8.11822	0.	0.	0.	0.	0.	1.	0.	0.	1.	0.	0.	0.	0.	0.	0.	0	-1	
5.36348	58.7482	287	0	(0)1	(0)3	(0)3	(0)1	(0)2	0.135098	8.11822	0.	0.	0.	0.	0.	1.	0.	0.	1.	0.	0.	0.	0.	0.	0.	0	-1	
5.3805	58.7441	288	0	(0)1	(0)3	(0)3	(0)1	(0)2	0.135098	8.11822	0.	0.	0.	0.	0.	1.	0.	0.	1.	0.	0.	0.	0.	0.	0.	0	-1	
5.39748	58.907	289	0	(0)1	(0)3	(0)3	(0)1	(0)2	0.135098	8.11822	0.	0.	0.	0.	0.	1.	0.	0.	1.	0.	0.	0.	0.	0.	0.	0	-1	
5.45332	17.9086	290	0	(0)1	(0)3	(0)3	(0)1	(0)2	0.135098	8.11822	0.	0.	0.	0.	0.	1.	0.	0.	1.	0.	0.	0.	0.	0.	0.	0	-1	
5.47035	58.7243	291	0	(0)1	(0)3	(0)3	(0)1	(0)2	0.135098	8.11822	0.	0.	0.	0.	0.	1.	0.	0.	1.	0.	0.	0.	0.	0.	0.	0	-1	
5.48639	62.3271	292	0	(0)1	(0)3	(0)3	(0)1	(0)2	0.135098	8.11822	0.	0.	0.	0.	0.	1.	0.	0.	1.	0.	0.	0.	0.	0.	0.	0	-1	
5.50598	51.0529	293	0	(0)1	(0)3	(0)3	(0)1	(0)2	0.135098	8.11822	0.	0.	0.	0.	0.	1.	0.	0.	1.	0.	0.	0.	0.	0.	0.	0	-1	
5.52249	60.5799	294	0	(0)1	(0)3	(0)3	(0)1	(0)2	0.135098	8.11822	0.	0.	0.	0.	0.	1.	0.	0.	1.	0.	0.	0.	0.	0.	0.	0	-1	
5.54008	56.8401	295	0	(0)1	(0)3	(0)3	(0)1	(0)2	0.135098	8.11822	0.	0.	0.	0.	0.	1.	0.	0.	1.	0.	0.	0.	0.	0.	0.	0	-1	
5.55645	61.0803	296	0	(0)1	(0)3	(0)3	(0)1	(0)2	0.135098	8.11822	0.	0.	0.	0.	0.	1.	0.	0.	1.	0.	0.	0.	0.	0.	0.	0	-1	
5.57357	58.4147	297	0	(0)1	(0)3	(0)3	(0)1	(0)2	0.135098	8.11822	0.	0.	0.	0.	0.	1.	0.	0.	1.	0.	0.	0.	0.	0.	0.	0	-1	
5.59046	59.2123	298	0	(0)1	(0)3	(0)3	(0)1	(0)2	0.135098	8.11822	0.	0.	0.	0.	0.	1.	0.	0.	1.	0.	0.	0.	0.	0.	0.	0	-1	
5.60814	56.5636	299	0	(0)1	(0)3	(0)3	(0)1	(0)2	0.135098	8.11822	0.	0.	0.	0.	0.	1.	0.	0.	1.	0.	0.	0.	0.	0.	0.	0	-1	
5.62445	61.287	300	0	(0)1	(0)3	(0)3	(0)1	(0)2	0.135098	8.11822	0.	0.	0.	0.	0.	1.	0.	0.	1.	0.	0.	0.	0.	0.	0.	0	-1	
5.64135	59.1891	301	0	(0)1	(0)3	(0)3	(0)1	(0)2	0.135098	8.11822	0.	0.	0.	0.	0.	1.	0.	0.	1.	0.	0.	0.	0.	0.	0.	0	-1	
5.65851	58.2544	302	0	(0)1	(0)3	(0)3	(0)1	(0)2	0.135098	8.11822	0.	0.	0.	0.	0.	1.	0.	0.	1.	0.	0.	0.	0.	0.	0.	0	-1	
5.6755	58.8892	303	0	(0)1	(0)3	(0)3	(0)1	(0)2	0.135098	8.11822	0.	0.	0.	0.	0.	1.	0.	0.	1.	0.	0.	0.	0.	0.	0.	0	-1	
5.69246	58.9521	304	0	(0)1	(0)3	(0)3	(0)1	(0)2	0.135098	8.11822	0.	0.	0.	0.	0.	1.	0.	0.	1.	0.	0.	0.	0.	0.	0.	0	-1	
5.70941	58.993	305	0	(0)1	(0)3	(0)3	(0)1	(0)2	0.135098	8.11822	0.	0.	0.	0.	0.	1.	0.	0.	1.	0.	0.	0.	0.	0.	0.	0	-1	
5.72652	58.4384	306	0	(0)1	(0)3	(0)3	(0)1	(0)2	0.135098	8.11822	0.	0.	0.	0.	0.	1.	0.	0.	1.	0.	0.	0.	0.	0.	0.	0	-1	
5.7435	58.9122	307	0	(0)1	(0)3	(0)3	(0)1	(0)2	0.135098	8.11822	0.	0.	0.	0.	0.	1.	0.	0.	1.	0.	0.	0.	0.	0.	0.	0	-1	
5.76049	58.8348	308	0	(0)1	(0)3	(0)3	(0)1	(0)2	0.135098	8.11822	0.	0.	0.	0.	0.	1.	0.	0.	1.	0.	0.	0.	0.	0.	0.	0	-1	
5.77749	58.8484	309	0	(0)1	(0)3	(0)3	(0)1	(0)2	0.135098	8.11822	0.	0.	0.	0.	0.	1.	0.	0.	1.	0.	0.	0.	0.	0.	0.	0	-1	
5.79344	62.6797	310	0	(0)1	(0)3	(0)3	(0)1	(0)2	0.135098	8.11822	0.	0.	0.	0.	0.	1.	0.	0.	1.	0.	0.	0.	0.	0.	0.	0	-1	
5.81041	58.9363	311	0	(0)1	(0)3	(0)3	(0)1	(0)2	0.135098	8.11822	0.	0.	0.	0.	0.	1.	0.	0.	1.	0.	0.	0.	0.	0.	0.	0	-1	
5.82741	58.8056	312	0	(0)1	(0)3	(0)3	(0)1	(0)2	0.135098	8.11822	0.	0.	0.	0.	0.	1.	0.	0.	1.	0.	0.	0.	0.	0.	0.	0	-1	
5.84347	62.2626	313	0	(0)1	(0)3	(0)3	(0)1	(0)2	0.135098	8.11822	0.	0.	0.	0.	0.	1.	0.	0.	1.	0.	0.	0.	0.	0.	0.	0	-1	
5.86048	58.8024	314	0	(0)1	(0)3	(0)3	(0)1	(0)2	0.135098	8.11822	0.	0.	0.	0.	0.	1.	0.	0.	1.	0.	0.	0.	0.	0.	0.	0	-1	
5.87747	58.8683	315	0	(0)1	(0)3	(0)3	(0)1	(0)2	0.135098	8.11822	0.	0.	0.	0.	0.	1.	0.	0.	1.	0.	0.	0.	0.	0.	0.	0	-1	
5.89447	58.8056	316	0	(0)1	(0)3	(0)3	(0)1	(0)2	0.135098	8.11822	0.	0.	0.	0.	0.	1.	0.	0.	1.	0.	0.	0.	0.	0.	0.	0	-1	
5.91153	58.6193	317	0	(0)1	(0)3	(0)3	(0)1	(0)2	0.135098	8.11822	0.	0.	0.	0.	0.	1.	0.	0.	1.	0.	0.	0.	0.	0.	0.	0	-1	
5.92851	58.907	318	0	(0)1	(0)3	(0)3	(0)1	(0)2	0.135098	8.11822	0.	0.	0.	0.	0.	1.	0.	0.	1.	0.	0.	0.	0.	0.	0.	0	-1	
5.94551	58.8139	319	0	(0)1	(0)3	(0)3	(0)1	(0)2	0.135098	8.11822	0.	0.	0.	0.	0.	1.	0.	0.	1.	0.	0.	0.	0.	0.	0.	0	-1	
5.96254	58.7201	320	0	(0)1	(0)3	(0)3	(0)1	(0)2	0.135098	8.11822	0.	0.	0.	0.	0.	1.	0.	0.	1.	0.	0.	0.	0.	0.	0.	0	-1	
5.9795	58.9731	321	0	(0)1	(0)3	(0)3	(0)1	(0)2	0.135098	8.11822	0.	0.	0.	0.	0.	1.	0.	0.	1.	0.	0.	0.	0.	0.	0.	0	-1	
5.99652	58.7566	322	0	(0)1	(0)3	(0)3	(0)1	(0)2	0.135098	8.11822	0.	0.	0.	0.	0.	1.	0.	0.	1.	0.	0.	0.	0.	0.	0.	0	-1	
6.01345	59.0393	323	0	(0)1	(0)3	(0)3	(0)1	(0)2	0.135098	8.11822	0.	0.	0.	0.	0.	1.	0.	0.	1.	0.	0.	0.	0.	0.	0.	0	-1	
6.03044	58.861	324	0	(0)1	(0)3	(0)3	(0)1	(0)2	0.135098	8.11822	0.	0.	0.	0.	0.	1.	0.	0.	1.	0.	0.	0.	0.	0.	0.	0	-1	
6.04741	58.9489	325	0	(0)1	(0)3	(0)3	(0)1	(0)2	0.135098	8.11822	0.	0.	0.	0.	0.	1.	0.	0.	1.	0.	0.	0.	0.	0.	0.	0	-1	
6.0645	58.5023	326	0	(0)1	(0)3	(0)3	(0)1	(0)2	0.135098	8.11822	0.	0.	0.	0.	0.	1.	0.	0.	1.	0.	0.	0.	0.	0.	0.	0	-1	
6.08145	58.9825	327	0	(0)1	(0)3	(0)3	(0)1	(0)2	0.135098	8.11822	0.	0.	0.	0.	0.	1.	0.	0.	1.	0.	0.	0.	0.	0.	0.	0	-1	
6.09844	58.8808	328	0	(0)1	(0)3	(0)3	(0)1	(0)2	0.135098	8.11822	0.	0.	0.	0.	0.	1.	0.	0.	1.	0.	0.	0.	0.	0.	0.	0	-1	
6.11551	58.5685	329	0	(0)1	(0)3	(0)3	(0)1	(0)2	0.135098	8.11822	0.	0.	0.	0.	0.	1.	0.	0.	1.	0.	0.	0.	0.	0.	0.	0	-1	
6.13251	58.8171	330	0	(0)1	(0)3	(0)3	(0)1	(0)2	0.135098	8.11822	0.	0.	0.	0.	0.	1.	0.	0.	1.	0.	0.	0.	0.	0.	0.	0	-1	
6.14949	58.9175	331	0	(0)1	(0)3	(0)3	(0)1	(0)2	0.135098	8.11822	0.	0.	0.	0.	0.	1.	0.	0.	1.	0.	0.	0.	0.	0.	0.	0	-1	
6.16643	59.0361	332	0	(0)1	(0)3	(0)3	(0)1	(0)2	0.135098	8.11822	0.	0.	0.	0.	0.	1.	0.	0.	1.	0.	0.	0.	0.	0.	0.	0	-1	
6.18338	58.9878	333	0	(0)1	(0)3	(0)3	(0)1	(0)2	0.135098	8.11822	0.	0.	0.	0.	0.	1.	0.	0.	1.	0.	0.	0.	0.	0.	0.	0	-1	
6.20044	58.5934	334	0	(0)1	(0)3	(0)3	(0)1	(0)2	0.135098	8.11822	0.	0.	0.	0.	0.	1.	0.	0.	1.	0.	0.	0.	0.	0.	0.	0	-1	
6.21647	62.3834	335	0	(0)1	(0)3	(0)3	(0)1	(0)2	0.135098	8.11822	0.	0.	0.	0.	0.	1.	0.	0.	1.	0.	0.	0.	0.	0.	0.	0	-1	
6.23337	59.1933	336	0	(0)1	(0)3	(0)3	(0)1	(0)2	0.135098	8.11822	0.	0.	0.	0.	0.	1.	0.	0.	1.	0.	0.	0.	0.	0.	0.	0	-1	
6.25052	58.316	337	0	(0)1	(0)3	(0)3	(0)1	(0)2	0.135098	8.11822	0.	0.	0.	0.	0.	1.	0.	0.	1.	0.	0.	0.	0.	0.	0.	0	-1	
6.2674	59.2452	338	0	(0)1	(0)3	(0)3	(0)1	(0)2	0.135098	8.11822	0.	0.	0.	0.	0.	1.	0.	0.	1.	0.	0.	0.	0.	0.	0.	0	-1	
6.28449	58.4858	339	0	(0)1	(0)3	(0)3	(0)1	(0)2	0.135098	8.11822	0.	0.	0.	0.	0.	1.	0.	0.	1.	0.	0.	0.	0.	0.	0.	0	-1	
6.30615	46.1737	340	0	(0)1	(0)3	(0)3	(0)1	(0)2	0.135098	8.11822	0.	0.	0.	0.	0.	1.	0.	0.	1.	0.	0.	0.	0.	0.	0.	0	-1	
6.3225	61.1558	341	0	(0)1	(0)3	(0)3	(0)1	(0)2	0.135098	8.11822	0.	0.	0.	0.	0.	1.	0.	0.	1.	0.	0.	0.	0.	0.	0.	0	-1	
6.33944	59.0466	342	0	(0)1	(0)3	(0)3	(0)1	(0)2	0.135098	8.11822	0.	0.	0.	0.	0.	1.	0.	0.	1.	0.	0.	0.	0.	0.	0.	0	-1	
6.35638	59.013	343	0	(0)1	(0)3	(0)3	(0)1	(0)2	0.135098	8.11822	0.	0.	0.	0.	0.	1.	0.	0.	1.	0.	0.	0.	0.	0.	0.	0	-1	
6.37371	57.7055	344	0	(0)1	(0)3	(0)3	(0)1	(0)2	0.135098	8.11822	0.	0.	0.	0.	0.	1.	0.	0.	1.	0.	0.	0.	0.	0.	0.	0	-1	
6.39046	59.7	345	0	(0)1	(0)3	(0)3	(0)1	(0)2	0.135098	8.11822	0.	0.	0.	0.	0.	1.	0.	0.	1.	0.	0.	0.	0.	0.	0.	0	-1	
6.40803	56.9173	346	0	(0)1	(0)3	(0)3	(0)1	(0)2	0.135098	8.11822	0.	0.	0.	0.	0.	1.	0.	0.	1.	0.	0.	0.	0.	0.	0.	0	-1	
6.42451	60.6808	347	0	(0)1	(0)3	(0)3	(0)1	(0)2	0.135098	8.11822	0.	0.	0.	0.	0.	1.	0.	0.	1.	0.	0.	0.	0.	0.	0.	0	-1	
6.44156	58.6775	348	0	(0)1	(0)3	(0)3	(0)1	(0)2	0.135098	8.11822	0.	0.	0.	0.	0.	1.	0.	0.	1.	0.	0.	0.	0.	0.	0.	0	-1	
6.45851	58.9647	349	0	(0)1	(0)3	(0)3	(0)1	(0)2	0.135098	8.11822	0.	0.	0.	0.	0.	1.	0.	0.	1.	0.	0.	0.	0.	0.	0.	0	-1	
6.47546	59.0203	350	0	(0)1	(0)3	(0)3	(0)1	(0)2	0.135098	8.11822	0.	0.	0.	0.	0.	1.	0.	0.	1.	0.	0.	0.	0.	0.	0.	0	-1	
6.49253	58.5748	351	0	(0)1	(0)3	(0)3	(0)1	(0)2	0.135098	8.11822	0.	0.	0.	0.	0.	1.	0.	0.	1.	0.	0.	0.	0.	0.	0.	0	-1	
6.50951	58.9028	352	0	(0)1	(0)3	(0)3	(0)1	(0)2	0.135098	8.11822	0.	0.	0.	0.	0.	1.	0.	0.	1.	0.	0.	0.	0.	0.	0.	0	-1	
6.52654	58.7118	353	0	(0)1	(0)3	(0)3	(0)1	(0)2	0.135098	8.11822	0.	0.	0.	0.	0.	1.	0.	0.	1.	0.	0.	0.	0.	0.	0.	0	-1	
6.54349	58.9836	354	0	(0)1	(0)3	(0)3	(0)1	(0)2	0.135098	8.11822	0.	0.	0.	0.	0.	1.	0.	0.	1.	0.	0.	0.	0.	0.	0.	0	-1	
6.56046	58.9458	355	0	(0)1	(0)3	(0)3	(0)1	(0)2	0.135098	8.11822	0.	0.	0.	0.	0.	1.	0.	0.	1.	0.	0.	0.	0.	0.	0.	0	-1	
6.57743	58.9217	356	0	(0)1	(0)3	(0)3	(0)1	(0)2	0.135098	8.11822	0.	0.	0.	0.	0.	1.	0.	0.	1.	0.	0.	0.	0.	0.	0.	0	-1	
6.59451	58.5427	357	0	(0)1	(0)3	(0)3	(0)1	(0)2	0.135098	8.11822	0.	0.	0.	0.	0.	1.	0.	0.	1.	0.	0.	0.	0.	0.	0.	0	-1	
6.61155	58.7014	358	0	(0)1	(0)3	(0)3	(0)1	(0)2	0.135098	8.11822	0.	0.	0.	0.	0.	1.	0.	0.	1.	0.	0.	0.	0.	0.	0.	0	-1	
6.62849	59.0151	359	0	(0)1	(0)3	(0)3	(0)1	(0)2	0.135098	8.11822	0.	0.	0.	0.	0.	1.	0.	0.	1.	0.	0.	0.	0.	0.	0.	0	-1	
6.64548	58.8495	360	0	(0)1	(0)3	(0)3	(0)1	(0)2	0.135098	8.11822	0.	0.	0.	0.	0.	1.	0.	0.	1.	0.	0.	0.	0.	0.	0.	0	-1	
6.66261	58.3941	361	0	(0)1	(0)3	(0)3	(0)1	(0)2	0.135098	8.11822	0.	0.	0.	0.	0.	1.	0.	0.	1.	0.	0.	0.	0.	0.	0.	0	-1	
6.67951	59.1785	362	0	(0)1	(0)3	(0)3	(0)1	(0)2	0.135098	8.11822	0.	0.	0.	0.	0.	1.	0.	0.	1.	0.	0.	0.	0.	0.	0.	0	-1	
6.7353	17.9228	363	0	(0)1	(0)3	(0)3	(0)1	(0)2	0.135098	8.11822	0.	0.	0.	0.	0.	1.	0.	0.	1.	0.	0.	0.	0.	0.	0.	0	-1	
6.75239	58.5251	364	0	(0)1	(0)3	(0)3	(0)1	(0)2	0.135098	8.11822	0.	0.	0.	0.	0.	1.	0.	0.	1.	0.	0.	0.	0.	0.	0.	0	-1	
6.77	56.7856	365	0	(0)1	(0)3	(0)3	(0)1	(0)2	0.135098	8.11822	0.	0.	0.	0.	0.	1.	0.	0.	1.	0.	0.	0.	0.	0.	0.	0	-1	
6.78648	60.6631	366	0	(0)1	(0)3	(0)3	(0)1	(0)2	0.135098	8.11822	0.	0.	0.	0.	0.	1.	0.	0.	1.	0.	0.	0.	0.	0.	0.	0	-1	
6.80551	52.5511	367	0	(0)1	(0)3	(0)3	(0)1	(0)2	0.135098	8.11822	0.	0.	0.	0.	0.	1.	0.	0.	1.	0.	0.	0.	0.	0.	0.	0	-1	
6.82252	58.7951	368	0	(0)1	(0)3	(0)3	(0)1	(0)2	0.135098	8.11822	0.	0.	0.	0.	0.	1.	0.	0.	1.	0.	0.	0.	0.	0.	0.	0	-1	
6.83943	59.1447	369	0	(0)1	(0)3	(0)3	(0)1	(0)2	0.135098	8.11822	0.	0.	0.	0.	0.	1.	0.	0.	1.	0.	0.	0.	0.	0.	0.	0	-1	
6.85647	58.692	370	0	(0)1	(0)3	(0)3	(0)1	(0)2	0.135098	8.11822	0.	0.	0.	0.	0.	1.	0.	0.	1.	0.	0.	0.	0.	0.	0.	0	-1	
6.87344	58.9133	371	0	(0)1	(0)3	(0)3	(0)1	(0)2	0.135098	8.11822	0.	0.	0.	0.	0.	1.	0.	0.	1.	0.	0.	0.	0.	0.	0.	0	-1	
6.88943	62.5448	372	0	(0)1	(0)3	(0)3	(0)1	(0)2	0.135098	8.11822	0.	0.	0.	0.	0.	1.	0.	0.	1.	0.	0.	0.	0.	0.	0.	0	-1	
6.90735	55.7854	373	0	(0)1	(0)3	(0)3	(0)1	(0)2	0.135098	8.11822	0.	0.	0.	0.	0.	1.	0.	0.	1.	0.	0.	0.	0.	0.	0.	0	-1	
6.92345	62.1167	374	0	(0)1	(0)3	(0)3	(0)1	(0)2	0.135098	8.11822	0.	0.	0.	0.	0.	1.	0.	0.	1.	0.	0.	0.	0.	0.	0.	0	-1	
6.94117	56.4373	375	0	(0)1	(0)3	(0)3	(0)1	(0)2	0.135098	8.11822	0.	0.	0.	0.	0.	1.	0.	0.	1.	0.	0.	0.	0.	0.	0.	0	-1	
6.9575	61.2383	376	0	(0)1	(0)3	(0)3	(0)1	(0)2	0.135098	8.11822	0.	0.	0.	0.	0.	1.	0.	0.	1.	0.	0.	0.	0.	0.	0.	0	-1	
6.97475	57.9792	377	0	(0)1	(0)3	(0)3	(0)1	(0)2	0.135098	8.11822	0.	0.	0.	0.	0.	1.	0.	0.	1.	0.	0.	0.	0.	0.	0.	0	-1	
6.99148	59.7689	378	0	(0)1	(0)3	(0)3	(0)1	(0)2	0.135098	8.11822	0.	0.	0.	0.	0.	1.	0.	0.	1.	0.	0.	0.	0.	0.	0.	0	-1	
7.0085	58.7399	379	0	(0)1	(0)3	(0)3	(0)1	(0)2	0.135098	8.11822	0.	0.	0.	0.	0.	1.	0.	0.	1.	0.	0.	0.	0.	0.	0.	0	-1	
7.02451	62.4599	380	0	(0)1	(0)3	(0)3	(0)1	(0)2	0.135098	8.11822	0.	0.	0.	0.	0.	1.	0.	0.	1.	0.	0.	0.	0.	0.	0.	0	-1	
7.04173	58.0981	381	0	(0)1	(0)3	(0)3	(0)1	(0)2	0.135098	8.11822	0.	0.	0.	0.	0.	1.	0.	0.	1.	0.	0.	0.	0.	0.	0.	0	-1	
7.0586	59.2664	382	0	(0)1	(0)3	(0)3	(0)1	(0)2	0.135098	8.11822	0.	0.	0.	0.	0.	1.	0.	0.	1.	0.	0.	0.	0.	0.	0.	0	-1	
7.07448	62.9644	383	0	(0)1	(0)3	(0)3	(0)1	(0)2	0.135098	8.11822	0.	0.	0.	0.	0.	1.	0.	0.	1.	0.	0.	0.	0.	0.	0.	0	-1	
7.09149	58.7962	384	0	(0)1	(0)3	(0)3	(0)1	(0)2	0.135098	8.11822	0.	0.	0.	0.	0.	1.	0.	0.	1.	0.	0.	0.	0.	0.	0.	0	-1	
7.10849	58.8338	385	0	(0)1	(0)3	(0)3	(0)1	(0)2	0.135098	8.11822	0.	0.	0.	0.	0.	1.	0.	0.	1.	0.	0.	0.	0.	0.	0.	0	-1	
7.12451	62.4293	386	0	(0)1	(0)3	(0)3	(0)1	(0)2	0.135098	8.11822	0.	0.	0.	0.	0.	1.	0.	0.	1.	0.	0.	0.	0.	0.	0.	0	-1	
7.1415	58.8306	387	0	(0)1	(0)3	(0)3	(0)1	(0)2	0.135098	8.11822	0.	0.	0.	0.	0.	1.	0.	0.	1.	0.	0.	0.	0.	0.	0.	0	-1	
7.15752	62.4163	388	0	(0)1	(0)3	(0)3	(0)1	(0)2	0.135098	8.11822	0.	0.	0.	0.	0.	1.	0.	0.	1.	0.	0.	0.	0.	0.	0.	0	-1	
7.17465	58.3951	389	0	(0)1	(0)3	(0)3	(0)1	(0)2	0.135098	8.11822	0.	0.	0.	0.	0.	1.	0.	0.	1.	0.	0.	0.	0.	0.	0.	0	-1	
7.19146	59.4738	390	0	(0)1	(0)3	(0)3	(0)1	(0)2	0.135098	8.11822	0.	0.	0.	0.	0.	1.	0.	0.	1.	0.	0.	0.	0.	0.	0.	0	-1	
7.20852	58.6204	391	0	(0)1	(0)3	(0)3	(0)1	(0)2	0.135098	8.11822	0.	0.	0.	0.	0.	1.	0.	0.	1.	0.	0.	0.	0.	0.	0.	0	-1	
7.22553	58.8077	392	0	(0)1	(0)3	(0)3	(0)1	(0)2	0.135098	8.11822	0.	0.	0.	0.	0.	1.	0.	0.	1.	0.	0.	0.	0.	0.	0.	0	-1	
7.24248	58.9857	393	0	(0)1	(0)3	(0)3	(0)1	(0)2	0.135098	8.11822	0.	0.	0.	0.	0.	1.	0.	0.	1.	0.	0.	0.	0.	0.	0.	0	-1	
7.25853	62.3013	394	0	(0)1	(0)3	(0)3	(0)1	(0)2	0.135098	8.11822	0.	0.	0.	0.	0.	1.	0.	0.	1.	0.	0.	0.	0.	0.	0.	0	-1	
7.27551	58.885	395	0	(0)1	(0)3	(0)3	(0)1	(0)2	0.135098	8.11822	0.	0.	0.	0.	0.	1.	0.	0.	1.	0.	0.	0.	0.	0.	0.	0	-1	
7.29151	62.5046	396	0	(0)1	(0)3	(0)3	(0)1	(0)2	0.135098	8.11822	0.	0.	0.	0.	0.	1.	0.	0.	1.	0.	0.	0.	0.	0.	0.	0	-1	
7.30842	59.1394	397	0	(0)1	(0)3	(0)3	(0)1	(0)2	0.135098	8.11822	0.	0.	0.	0.	0.	1.	0.	0.	1.	0.	0.	0.	0.	0.	0.	0	-1	
7.3255	58.5654	398	0	(0)1	(0)3	(0)3	(0)1	(0)2	0.135098	8.11822	0.	0.	0.	0.	0.	1.	0.	0.	1.	0.	0.	0.	0.	0.	0.	0	-1	
7.34262	58.4116	399	0	(0)1	(0)3	(0)3	(0)1	(0)2	0.135098	8.11822	0.	0.	0.	0.	0.	1.	0.	0.	1.	0.	0.	0.	0.	0.	0.	0	-1	
7.3595	59.2367	400	0	(0)1	(0)3	(0)3	(0)1	(0)2	0.135098	8.11822	0.	0.	0.	0.	0.	1.	0.	0.	1.	0.	0.	0.	0.	0.	0.	0	-1	
7.37653	58.7139	401	0	(0)1	(0)3	(0)3	(0)1	(0)2	0.135098	8.11822	0.	0.	0.	0.	0.	1.	0.	0.	1.	0.	0.	0.	0.	0.	0.	0	-1	
7.39351	58.8997	402	0	(0)1	(0)3	(0)3	(0)1	(0)2	0.135098	8.11822	0.	0.	0.	0.	0.	1.	0.	0.	1.	0.	0.	0.	0.	0.	0.	0	-1	
7.41048	58.9217	403	0	(0)1	(0)3	(0)3	(0)1	(0)2	0.135098	8.11822	0.	0.	0.	0.	0.	1.	0.	0.	1.	0.	0.	0.	0.	0.	0.	0	-1	
7.42751	58.7243	404	0	(0)1	(0)3	(0)3	(0)1	(0)2	0.135098	8.11822	0.	0.	0.	0.	0.	1.	0.	0.	1.	0.	0.	0.	0.	0.	0.	0	-1	
7.44449	58.8976	405	0	(0)1	(0)3	(0)3	(0)1	(0)2	0.135098	8.11822	0.	0.	0.	0.	0.	1.	0.	0.	1.	0.	0.	0.	0.	0.	0.	0	-1	
7.46153	58.6858	406	0	(0)1	(0)3	(0)3	(0)1	(0)2	0.135098	8.11822	0.	0.	0.	0.	0.	1.	0.	0.	1.	0.	0.	0.	0.	0.	0.	0	-1	
7.47753	62.494	407	0	(0)1	(0)3	(0)3	(0)1	(0)2	0.135098	8.11822	0.	0.	0.	0.	0.	1.	0.	0.	1.	0.	0.	0.	0.	0.	0.	0	-1	
7.49351	62.5826	408	0	(0)1	(0)3	(0)3	(0)1	(0)2	0.135098	8.11822	0.	0.	0.	0.	0.	1.	0.	0.	1.	0.	0.	0.	0.	0.	0.	0	-1	
7.50957	62.2463	409	0	(0)1	(0)3	(0)3	(0)1	(0)2	0.135098	8.11822	0.	0.	0.	0.	0.	1.	0.	0.	1.	0.	0.	0.	0.	0.	0.	0	-1	
7.52644	59.2738	410	0	(0)1	(0)3	(0)3	(0)1	(0)2	0.135098	8.11822	0.	0.	0.	0.	0.	1.	0.	0.	1.	0.	0.	0.	0.	0.	0.	0	-1	
7.54352	58.5489	411	0	(0)1	(0)3	(0)3	(0)1	(0)2	0.135098	8.11822	0.	0.	0.	0.	0.	1.	0.	0.	1.	0.	0.	0.	0.	0.	0.	0	-1	
7.56055	58.7222	412	0	(0)1	(0)3	(0)3	(0)1	(0)2	0.135098	8.11822	0.	0.	0.	0.	0.	1.	0.	0.	1.	0.	0.	0.	0.	0.	0.	0	-1	
7.57753	58.9154	413	0	(0)1	(0)3	(0)3	(0)1	(0)2	0.135098	8.11822	0.	0.	0.	0.	0.	1.	0.	0.	1.	0.	0.	0.	0.	0.	0.	0	-1	
7.59455	58.7274	414	0	(0)1	(0)3	(0)3	(0)1	(0)2	0.135098	8.11822	0.	0.	0.	0.	0.	1.	0.	0.	1.	0.	0.	0.	0.	0.	0.	0	-1	
7.61152	58.9426	415	0	(0)1	(0)3	(0)3	(0)1	(0)2	0.135098	8.11822	0.	0.	0.	0.	0.	1.	0.	0.	1.	0.	0.	0.	0.	0.	0.	0	-1	
7.62852	58.8139	416	0	(0)1	(0)3	(0)3	(0)1	(0)2	0.135098	8.11822	0.	0.	0.	0.	0.	1.	0.	0.	1.	0.	0.	0.	0.	0.	0.	0	-1	
7.6445	62.5755	417	0	(0)1	(0)3	(0)3	(0)1	(0)2	0.135098	8.11822	0.	0.	0.	0.	0.	1.	0.	0.	1.	0.	0.	0.	0.	0.	0.	0	-1	
7.66152	58.7607	418	0	(0)1	(0)3	(0)3	(0)1	(0)2	0.135098	8.11822	0.	0.	0.	0.	0.	1.	0.	0.	1.	0.	0.	0.	0.	0.	0.	0	-1	
7.67853	58.8014	419	0	(0)1	(0)3	(0)3	(0)1	(0)2	0.135098	8.11822	0.	0.	0.	0.	0.	1.	0.	0.	1.	0.	0.	0.	0.	0.	0.	0	-1	
7.69555	58.7597	420	0	(0)1	(0)3	(0)3	(0)1	(0)2	0.135098	8.11822	0.	0.	0.	0.	0.	1.	0.	0.	1.	0.	0.	0.	0.	0.	0.	0	-1	
7.71262	58.5623	421	0	(0)1	(0)3	(0)3	(0)1	(0)2	0.135098	8.11822	0.	0.	0.	0.	0.	1.	0.	0.	1.	0.	0.	0.	0.	0.	0.	0	-1	
7.72951	59.2166	422	0	(0)1	(0)3	(0)3	(0)1	(0)2	0.135098	8.11822	0.	0.	0.	0.	0.	1.	0.	0.	1.	0.	0.	0.	0.	0.	0.	0	-1	
7.7465	58.8547	423	0	(0)1	(0)3	(0)3	(0)1	(0)2	0.135098	8.11822	0.	0.	0.	0.	0.	1.	0.	0.	1.	0.	0.	0.	0.	0.	0.	0	-1	
7.76254	62.3423	424	0	(0)1	(0)3	(0)3	(0)1	(0)2	0.135098	8.11822	0.	0.	0.	0.	0.	1.	0.	0.	1.	0.	0.	0.	0.	0.	0.	0	-1	
7.77949	59.0025	425	0	(0)1	(0)3	(0)3	(0)1	(0)2	0.135098	8.11822	0.	0.	0.	0.	0.	1.	0.	0.	1.	0.	0.	0.	0.	0.	0.	0	-1	
7.7965	58.7951	426	0	(0)1	(0)3	(0)3	(0)1	(0)2	0.135098	8.11822	0.	0.	0.	0.	0.	1.	0.	0.	1.	0.	0.	0.	0.	0.	0.	0	-1	
7.81356	58.6172	427	0	(0)1	(0)3	(0)3	(0)1	(0)2	0.135098	8.11822	0.	0.	0.	0.	0.	1.	0.	0.	1.	0.	0.	0.	0.	0.	0.	0	-1	
7.83055	58.8442	428	0	(0)1	(0)3	(0)3	(0)1	(0)2	0.135098	8.11822	0.	0.	0.	0.	0.	1.	0.	0.	1.	0.	0.	0.	0.	0.	0.	0	-1	
7.84753	58.8777	429	0	(0)1	(0)3	(0)3	(0)1	(0)2	0.135098	8.11822	0.	0.	0.	0.	0.	1.	0.	0.	1.	0.	0.	0.	0.	0.	0.	0	-1	
7.86456	58.7493	430	0	(0)1	(0)3	(0)3	(0)1	(0)2	0.135098	8.11822	0.	0.	0.	0.	0.	1.	0.	0.	1.	0.	0.	0.	0.	0.	0.	0	-1	
7.88049	62.7438	431	0	(0)1	(0)3	(0)3	(0)1	(0)2	0.135098	8.11822	0.	0.	0.	0.	0.	1.	0.	0.	1.	0.	0.	0.	0.	0.	0.	0	-1	
7.89755	58.6152	432	0	(0)1	(0)3	(0)3	(0)1	(0)2	0.135098	8.11822	0.	0.	0.	0.	0.	1.	0.	0.	1.	0.	0.	0.	0.	0.	0.	0	-1	
7.91451	58.9815	433	0	(0)1	(0)3	(0)3	(0)1	(0)2	0.135098	8.11822	0.	0.	0.	0.	0.	1.	0.	0.	1.	0.	0.	0.	0.	0.	0.	0	-1	
7.93149	58.8965	434	0	(0)1	(0)3	(0)3	(0)1	(0)2	0.135098	8.11822	0.	0.	0.	0.	0.	1.	0.	0.	1.	0.	0.	0.	0.	0.	0.	0	-1	
7.94848	58.8421	435	0	(0)1	(0)3	(0)3	(0)1	(0)2	0.135098	8.11822	0.	0.	0.	0.	0.	1.	0.	0.	1.	0.	0.	0.	0.	0.	0.	0	-1	
7.96455	62.2381	436	0	(0)1	(0)3	(0)3	(0)1	(0)2	0.135098	8.11822	0.	0.	0.	0.	0.	1.	0.	0.	1.	0.	0.	0.	0.	0.	0.	0	-1	
7.98143	59.2282	437	0	(0)1	(0)3	(0)3	(0)1	(0)2	0.135098	8.11822	0.	0.	0.	0.	0.	1.	0.	0.	1.	0.	0.	0.	0.	0.	0.	0	-1	
7.99848	58.6795	438	0	(0)1	(0)3	(0)3	(0)1	(0)2	0.135098	8.11822	0.	0.	0.	0.	0.	1.	0.	0.	1.	0.	0.	0.	0.	0.	0.	0	-1	
8.01552	58.6588	439	0	(0)1	(0)3	(0)3	(0)1	(0)2	0.135098	8.11822	0.	0.	0.	0.	0.	1.	0.	0.	1.	0.	0.	0.	0.	0.	0.	0	-1	
8.03255	58.717	440	0	(0)1	(0)3	(0)3	(0)1	(0)2	0.135098	8.11822	0.	0.	0.	0.	0.	1.	0.	0.	1.	0.	0.	0.	0.	0.	0.	0	-1	
8.04857	62.4363	441	0	(0)1	(0)3	(0)3	(0)1	(0)2	0.135098	8.11822	0.	0.	0.	0.	0.	1.	0.	0.	1.	0.	0.	0.	0.	0.	0.	0	-1	
8.06557	58.838	442	0	(0)1	(0)3	(0)3	(0)1	(0)2	0.135098	8.11822	0.	0.	0.	0.	0.	1.	0.	0.	1.	0.	0.	0.	0.	0.	0.	0	-1	
8.08256	58.8526	443	0	(0)1	(0)3	(0)3	(0)1	(0)2	0.135098	8.11822	0.	0.	0.	0.	0.	1.	0.	0.	1.	0.	0.	0.	0.	0.	0.	0	-1	
8.09951	59.0056	444	0	(0)1	(0)3	(0)3	(0)1	(0)2	0.135098	8.11822	0.	0.	0.	0.	0.	1.	0.	0.	1.	0.	0.	0.	0.	0.	0.	0	-1	
8.1165	58.8463	445	0	(0)1	(0)3	(0)3	(0)1	(0)2	0.135098	8.11822	0.	0.	0.	0.	0.	1.	0.	0.	1.	0.	0.	0.	0.	0.	0.	0	-1	
8.13458	55.315	446	0	(0)1	(0)3	(0)3	(0)1	(0)2	0.135098	8.11822	0.	0.	0.	0.	0.	1.	0.	0.	1.	0.	0.	0.	0.	0.	0.	0	-1	
8.15143	59.3354	447	0	(0)1	(0)3	(0)3	(0)1	(0)2	0.135098	8.11822	0.	0.	0.	0.	0.	1.	0.	0.	1.	0.	0.	0.	0.	0.	0.	0	-1	
8.16802	60.2899	448	0	(0)1	(0)3	(0)3	(0)1	(0)2	0.135098	8.11822	0.	0.	0.	0.	0.	1.	0.	0.	1.	0.	0.	0.	0.	0.	0.	0	-1	
8.18456	60.4384	449	0	(0)1	(0)3	(0)3	(0)1	(0)2	0.135098	8.11822	0.	0.	0.	0.	0.	1.	0.	0.	1.	0.	0.	0.	0.	0.	0.	0	-1	
8.20601	46.6155	450	0	(0)1	(0)3	(0)3	(0)1	(0)2	0.135098	8.11822	0.	0.	0.	0.	0.	1.	0.	0.	1.	0.	0.	0.	0.	0.	0.	0	-1	
8.22258	60.3503	451	0	(0)1	(0)3	(0)3	(0)1	(0)2	0.135098	8.11822	0.	0.	0.	0.	0.	1.	0.	0.	1.	0.	0.	0.	0.	0.	0.	0	-1	
8.2395	59.1077	452	0	(0)1	(0)3	(0)3	(0)1	(0)2	0.135098	8.11822	0.	0.	0.	0.	0.	1.	0.	0.	1.	0.	0.	0.	0.	0.	0.	0	-1	
8.25654	58.6931	453	0	(0)1	(0)3	(0)3	(0)1	(0)2	0.135098	8.11822	0.	0.	0.	0.	0.	1.	0.	0.	1.	0.	0.	0.	0.	0.	0.	0	-1	
8.27349	59.013	454	0	(0)1	(0)3	(0)3	(0)1	(0)2	0.135098	8.11822	0.	0.	0.	0.	0.	1.	0.	0.	1.	0.	0.	0.	0.	0.	0.	0	-1	
8.29048	58.8526	455	0	(0)1	(0)3	(0)3	(0)1	(0)2	0.135098	8.11822	0.	0.	0.	0.	0.	1.	0.	0.	1.	0.	0.	0.	0.	0.	0.	0	-1	
8.30721	59.7646	456	0	(0)1	(0)3	(0)3	(0)1	(0)2	0.135098	8.11822	0.	0.	0.	0.	0.	1.	0.	0.	1.	0.	0.	0.	0.	0.	0.	0	-1	
8.32454	57.7125	457	0	(0)1	(0)3	(0)3	(0)1	(0)2	0.135098	8.11822	0.	0.	0.	0.	0.	1.	0.	0.	1.	0.	0.	0.	0.	0.	0.	0	-1	
8.38421	16.758	458	0	(0)1	(0)3	(0)3	(0)1	(0)2	0.135098	8.11822	0.	0.	0.	0.	0.	1.	0.	0.	1.	0.	0.	0.	0.	0.	0.	0	-1	
8.4075	42.9323	459	0	(0)1	(0)3	(0)3	(0)1	(0)2	0.135098	8.11822	0.	0.	0.	0.	0.	1.	0.	0.	1.	0.	0.	0.	0.	0.	0.	0	-1	
8.42355	62.306	460	0	(0)1	(0)3	(0)3	(0)1	(0)2	0.135098	8.11822	0.	0.	0.	0.	0.	1.	0.	0.	1.	0.	0.	0.	0.	0.	0.	0	-1	
8.44019	60.1116	461	0	(0)1	(0)3	(0)3	(0)1	(0)2	0.135098	8.11822	0.	0.	0.	0.	0.	1.	0.	0.	1.	0.	0.	0.	0.	0.	0.	0	-1	
8.45757	57.5211	462	0	(0)1	(0)3	(0)3	(0)1	(0)2	0.135098	8.11822	0.	0.	0.	0.	0.	1.	0.	0.	1.	0.	0.	0.	0.	0.	0.	0	-1	
8.47453	58.9762	463	0	(0)1	(0)3	(0)3	(0)1	(0)2	0.135098	8.11822	0.	0.	0.	0.	0.	1.	0.	0.	1.	0.	0.	0.	0.	0.	0.	0	-1	
8.53192	17.4243	464	0	(0)1	(0)3	(0)3	(0)1	(0)2	0.135098	8.11822	0.	0.	0.	0.	0.	1.	0.	0.	1.	0.	0.	0.	0.	0.	0.	0	-1	
8.54848	60.3998	465	0	(0)1	(0)3	(0)3	(0)1	(0)2	0.135098	8.11822	0.	0.	0.	0.	0.	1.	0.	0.	1.	0.	0.	0.	0.	0.	0.	0	-1	
8.56815	50.8405	466	0	(0)1	(0)3	(0)3	(0)1	(0)2	0.135098	8.11822	0.	0.	0.	0.	0.	1.	0.	0.	1.	0.	0.	0.	0.	0.	0.	0	-1	
8.58459	60.8201	467	0	(0)1	(0)3	(0)3	(0)1	(0)2	0.135098	8.11822	0.	0.	0.	0.	0.	1.	0.	0.	1.	0.	0.	0.	0.	0.	0.	0	-1	
8.60601	46.6812	468	0	(0)1	(0)3	(0)3	(0)1	(0)2	0.135098	8.11822	0.	0.	0.	0.	0.	1.	0.	0.	1.	0.	0.	0.	0.	0.	0.	0	-1	
8.62254	60.4848	469	0	(0)1	(0)3	(0)3	(0)1	(0)2	0.135098	8.11822	0.	0.	0.	0.	0.	1.	0.	0.	1.	0.	0.	0.	0.	0.	0.	0	-1	
8.64013	56.8694	470	0	(0)1	(0)3	(0)3	(0)1	(0)2	0.135098	8.11822	0.	0.	0.	0.	0.	1.	0.	0.	1.	0.	0.	0.	0.	0.	0.	0	-1	
8.65654	60.9364	471	0	(0)1	(0)3	(0)3	(0)1	(0)2	0.135098	8.11822	0.	0.	0.	0.	0.	1.	0.	0.	1.	0.	0.	0.	0.	0.	0.	0	-1	
8.67406	57.0644	472	0	(0)1	(0)3	(0)3	(0)1	(0)2	0.135098	8.11822	0.	0.	0.	0.	0.	1.	0.	0.	1.	0.	0.	0.	0.	0.	0.	0	-1	
8.69056	60.6165	473	0	(0)1	(0)3	(0)3	(0)1	(0)2	0.135098	8.11822	0.	0.	0.	0.	0.	1.	0.	0.	1.	0.	0.	0.	0.	0.	0.	0	-1	
8.70745	59.1869	474	0	(0)1	(0)3	(0)3	(0)1	(0)2	0.135098	8.11822	0.	0.	0.	0.	0.	1.	0.	0.	1.	0.	0.	0.	0.	0.	0.	0	-1	
8.72458	58.4044	475	0	(0)1	(0)3	(0)3	(0)1	(0)2	0.135098	8.11822	0.	0.	0.	0.	0.	1.	0.	0.	1.	0.	0.	0.	0.	0.	0.	0	-1	
8.74055	62.5885	476	0	(0)1	(0)3	(0)3	(0)1	(0)2	0.135098	8.11822	0.	0.	0.	0.	0.	1.	0.	0.	1.	0.	0.	0.	0.	0.	0.	0	-1	
8.75759	58.7014	477	0	(0)1	(0)3	(0)3	(0)1	(0)2	0.135098	8.11822	0.	0.	0.	0.	0.	1.	0.	0.	1.	0.	0.	0.	0.	0.	0.	0	-1	
8.77457	58.9039	478	0	(0)1	(0)3	(0)3	(0)1	(0)2	0.135098	8.11822	0.	0.	0.	0.	0.	1.	0.	0.	1.	0.	0.	0.	0.	0.	0.	0	-1	
8.79158	58.7659	479	0	(0)1	(0)3	(0)3	(0)1	(0)2	0.135098	8.11822	0.	0.	0.	0.	0.	1.	0.	0.	1.	0.	0.	0.	0.	0.	0.	0	-1	
8.80845	59.2961	480	0	(0)1	(0)3	(0)3	(0)1	(0)2	0.135098	8.11822	0.	0.	0.	0.	0.	1.	0.	0.	1.	0.	0.	0.	0.	0.	0.	0	-1	
8.8256	58.3129	481	0	(0)1	(0)3	(0)3	(0)1	(0)2	0.135098	8.11822	0.	0.	0.	0.	0.	1.	0.	0.	1.	0.	0.	0.	0.	0.	0.	0	-1	
8.8426	58.8045	482	0	(0)1	(0)3	(0)3	(0)1	(0)2	0.135098	8.11822	0.	0.	0.	0.	0.	1.	0.	0.	1.	0.	0.	0.	0.	0.	0.	0	-1	
8.85956	58.9762	483	0	(0)1	(0)3	(0)3	(0)1	(0)2	0.135098	8.11822	0.	0.	0.	0.	0.	1.	0.	0.	1.	0.	0.	0.	0.	0.	0.	0	-1	
8.87658	58.7409	484	0	(0)1	(0)3	(0)3	(0)1	(0)2	0.135098	8.11822	0.	0.	0.	0.	0.	1.	0.	0.	1.	0.	0.	0.	0.	0.	0.	0	-1	
8.89258	62.5058	485	0	(0)1	(0)3	(0)3	(0)1	(0)2	0.135098	8.11822	0.	0.	0.	0.	0.	1.	0.	0.	1.	0.	0.	0.	0.	0.	0.	0	-1	
8.90955	58.9227	486	0	(0)1	(0)3	(0)3	(0)1	(0)2	0.135098	8.11822	0.	0.	0.	0.	0.	1.	0.	0.	1.	0.	0.	0.	0.	0.	0.	0	-1	
8.92657	58.768	487	0	(0)1	(0)3	(0)3	(0)1	(0)2	0.135098	8.11822	0.	0.	0.	0.	0.	1.	0.	0.	1.	0.	0.	0.	0.	0.	0.	0	-1	
8.94354	58.9154	488	0	(0)1	(0)3	(0)3	(0)1	(0)2	0.135098	8.11822	0.	0.	0.	0.	0.	1.	0.	0.	1.	0.	0.	0.	0.	0.	0.	0	-1	
8.9596	62.265	489	0	(0)1	(0)3	(0)3	(0)1	(0)2	0.135098	8.11822	0.	0.	0.	0.	0.	1.	0.	0.	1.	0.	0.	0.	0.	0.	0.	0	-1	
8.97665	58.6733	490	0	(0)1	(0)3	(0)3	(0)1	(0)2	0.135098	8.11822	0.	0.	0.	0.	0.	1.	0.	0.	1.	0.	0.	0.	0.	0.	0.	0	-1	
8.99346	59.4589	491	0	(0)1	(0)3	(0)3	(0)1	(0)2	0.135098	8.11822	0.	0.	0.	0.	0.	1.	0.	0.	1.	0.	0.	0.	0.	0.	0.	0	-1	
9.00967	61.6979	492	0	(0)1	(0)3	(0)3	(0)1	(0)2	0.135098	8.11822	0.	0.	0.	0.	0.	1.	0.	0.	1.	0.	0.	0.	0.	0.	0.	0	-1	
9.02662	59.0035	493	0	(0)1	(0)3	(0)3	(0)1	(0)2	0.135098	8.11822	0.	0.	0.	0.	0.	1.	0.	0.	1.	0.	0.	0.	0.	0.	0.	0	-1	
9.04361	58.8421	494	0	(0)1	(0)3	(0)3	(0)1	(0)2	0.135098	8.11822	0.	0.	0.	0.	0.	1.	0.	0.	1.	0.	0.	0.	0.	0.	0.	0	-1	
9.05951	62.9106	495	0	(0)1	(0)3	(0)3	(0)1	(0)2	0.135098	8.11822	0.	0.	0.	0.	0.	1.	0.	0.	1.	0.	0.	0.	0.	0.	0.	0	-1	
9.07659	58.553	496	0	(0)1	(0)3	(0)3	(0)1	(0)2	0.135098	8.11822	0.	0.	0.	0.	0.	1.	0.	0.	1.	0.	0.	0.	0.	0.	0.	0	-1	
9.09254	62.7034	497	0	(0)1	(0)3	(0)3	(0)1	(0)2	0.135098	8.11822	0.	0.	0.	0.	0.	1.	0.	0.	1.	0.	0.	0.	0.	0.	0.	0	-1	
9.11654	41.6556	498	0	(0)1	(0)3	(0)3	(0)1	(0)2	0.135098	8.11822	0.	0.	0.	0.	0.	1.	0.	0.	1.	0.	0.	0.	0.	0.	0.	0	-1	
9.13423	56.552	499	0	(0)1	(0)3	(0)3	(0)1	(0)2	0.135098	8.11822	0.	0.	0.	0.	0.	1.	0.	0.	1.	0.	0.	0.	0.	0.	0.	0	-1	
9.15167	57.3092	500	0	(0)1	(0)3	(0)3	(0)1	(0)2	0.135098	8.11822	0.	0.	0.	0.	0.	1.	0.	0.	1.	0.	0.	0.	0.	0.	0.	0	-1	
9.17311	46.6444	501	0	(0)1	(0)3	(0)3	(0)1	(0)2	0.135098	8.11822	0.	0.	0.	0.	0.	1.	0.	0.	1.	0.	0.	0.	0.	0.	0.	0	-1	
9.18946	61.192	502	0	(0)1	(0)3	(0)3	(0)1	(0)2	0.135098	8.11822	0.	0.	0.	0.	0.	1.	0.	0.	1.	0.	0.	0.	0.	0.	0.	0	-1	
9.20577	61.3131	503	0	(0)1	(0)3	(0)3	(0)1	(0)2	0.135098	8.11822	0.	0.	0.	0.	0.	1.	0.	0.	1.	0.	0.	0.	0.	0.	0.	0	-1	
9.22245	59.9192	504	0	(0)1	(0)3	(0)3	(0)1	(0)2	0.135098	8.11822	0.	0.	0.	0.	0.	1.	0.	0.	1.	0.	0.	0.	0.	0.	0.	0	-1	
9.23962	58.2606	505	0	(0)1	(0)3	(0)3	(0)1	(0)2	0.135098	8.11822	0.	0.	0.	0.	0.	1.	0.	0.	1.	0.	0.	0.	0.	0.	0.	0	-1	
9.25649	59.2738	506	0	(0)1	(0)3	(0)3	(0)1	(0)2	0.135098	8.11822	0.	0.	0.	0.	0.	1.	0.	0.	1.	0.	0.	0.	0.	0.	0.	0	-1	
9.27388	57.5001	507	0	(0)1	(0)3	(0)3	(0)1	(0)2	0.135098	8.11822	0.	0.	0.	0.	0.	1.	0.	0.	1.	0.	0.	0.	0.	0.	0.	0	-1	
9.29055	59.9745	508	0	(0)1	(0)3	(0)3	(0)1	(0)2	0.135098	8.11822	0.	0.	0.	0.	0.	1.	0.	0.	1.	0.	0.	0.	0.	0.	0.	0	-1	
9.30719	60.1171	509	0	(0)1	(0)3	(0)3	(0)1	(0)2	0.135098	8.11822	0.	0.	0.	0.	0.	1.	0.	0.	1.	0.	0.	0.	0.	0.	0.	0	-1	
9.32353	61.1976	510	0	(0)1	(0)3	(0)3	(0)1	(0)2	0.135098	8.11822	0.	0.	0.	0.	0.	1.	0.	0.	1.	0.	0.	0.	0.	0.	0.	0	-1	
9.34048	58.9836	511	0	(0)1	(0)3	(0)3	(0)1	(0)2	0.135098	8.11822	0.	0.	0.	0.	0.	1.	0.	0.	1.	0.	0.	0.	0.	0.	0.	0	-1	
9.35754	58.6411	512	0	(0)1	(0)3	(0)3	(0)1	(0)2	0.135098	8.11822	0.	0.	0.	0.	0.	1.	0.	0.	1.	0.	0.	0.	0.	0.	0.	0	-1	
9.37457	58.692	513	0	(0)1	(0)3	(0)3	(0)1	(0)2	0.135098	8.11822	0.	0.	0.	0.	0.	1.	0.	0.	1.	0.	0.	0.	0.	0.	0.	0	-1	
9.39156	58.8871	514	0	(0)1	(0)3	(0)3	(0)1	(0)2	0.135098	8.11822	0.	0.	0.	0.	0.	1.	0.	0.	1.	0.	0.	0.	0.	0.	0.	0	-1	
9.40856	58.7951	515	0	(0)1	(0)3	(0)3	(0)1	(0)2	0.135098	8.11822	0.	0.	0.	0.	0.	1.	0.	0.	1.	0.	0.	0.	0.	0.	0.	0	-1	
9.42559	58.7451	516	0	(0)1	(0)3	(0)3	(0)1	(0)2	0.135098	8.11822	0.	0.	0.	0.	0.	1.	0.	0.	1.	0.	0.	0.	0.	0.	0.	0	-1	
9.44259	58.7983	517	0	(0)1	(0)3	(0)3	(0)1	(0)2	0.135098	8.11822	0.	0.	0.	0.	0.	1.	0.	0.	1.	0.	0.	0.	0.	0.	0.	0	-1	
9.45952	59.0867	518	0	(0)1	(0)3	(0)3	(0)1	(0)2	0.135098	8.11822	0.	0.	0.	0.	0.	1.	0.	0.	1.	0.	0.	0.	0.	0.	0.	0	-1	
9.47661	58.5116	519	0	(0)1	(0)3	(0)3	(0)1	(0)2	0.135098	8.11822	0.	0.	0.	0.	0.	1.	0.	0.	1.	0.	0.	0.	0.	0.	0.	0	-1	
9.49359	58.8955	520	0	(0)1	(0)3	(0)3	(0)1	(0)2	0.135098	8.11822	0.	0.	0.	0.	0.	1.	0.	0.	1.	0.	0.	0.	0.	0.	0.	0	-1	
9.51062	58.7066	521	0	(0)1	(0)3	(0)3	(0)1	(0)2	0.135098	8.11822	0.	0.	0.	0.	0.	1.	0.	0.	1.	0.	0.	0.	0.	0.	0.	0	-1	
9.52749	59.2738	522	0	(0)1	(0)3	(0)3	(0)1	(0)2	0.135098	8.11822	0.	0.	0.	0.	0.	1.	0.	0.	1.	0.	0.	0.	0.	0.	0.	0	-1	
9.54358	62.1552	523	0	(0)1	(0)3	(0)3	(0)1	(0)2	0.135098	8.11822	0.	0.	0.	0.	0.	1.	0.	0.	1.	0.	0.	0.	0.	0.	0.	0	-1	
9.5606	58.767	524	0	(0)1	(0)3	(0)3	(0)1	(0)2	0.135098	8.11822	0.	0.	0.	0.	0.	1.	0.	0.	1.	0.	0.	0.	0.	0.	0.	0	-1	
9.57755	58.9909	525	0	(0)1	(0)3	(0)3	(0)1	(0)2	0.135098	8.11822	0.	0.	0.	0.	0.	1.	0.	0.	1.	0.	0.	0.	0.	0.	0.	0	-1	
9.59462	58.5893	526	0	(0)1	(0)3	(0)3	(0)1	(0)2	0.135098	8.11822	0.	0.	0.	0.	0.	1.	0.	0.	1.	0.	0.	0.	0.	0.	0.	0	-1	
9.61159	58.907	527	0	(0)1	(0)3	(0)3	(0)1	(0)2	0.135098	8.11822	0.	0.	0.	0.	0.	1.	0.	0.	1.	0.	0.	0.	0.	0.	0.	0	-1	
9.62857	58.9133	528	0	(0)1	(0)3	(0)3	(0)1	(0)2	0.135098	8.11822	0.	0.	0.	0.	0.	1.	0.	0.	1.	0.	0.	0.	0.	0.	0.	0	-1	
9.64559	58.7493	529	0	(0)1	(0)3	(0)3	(0)1	(0)2	0.135098	8.11822	0.	0.	0.	0.	0.	1.	0.	0.	1.	0.	0.	0.	0.	0.	0.	0	-1	
9.66263	58.6816	530	0	(0)1	(0)3	(0)3	(0)1	(0)2	0.135098	8.11822	0.	0.	0.	0.	0.	1.	0.	0.	1.	0.	0.	0.	0.	0.	0.	0	-1	
9.68357	47.7469	531	0	(0)1	(0)3	(0)3	(0)1	(0)2	0.135098	8.11822	0.	0.	0.	0.	0.	1.	0.	0.	1.	0.	0.	0.	0.	0.	0.	0	-1	
9.70115	56.9056	532	0	(0)1	(0)3	(0)3	(0)1	(0)2	0.135098	8.11822	0.	0.	0.	0.	0.	1.	0.	0.	1.	0.	0.	0.	0.	0.	0.	0	-1	
9.71758	60.8402	533	0	(0)1	(0)3	(0)3	(0)1	(0)2	0.135098	8.11822	0.	0.	0.	0.	0.	1.	0.	0.	1.	0.	0.	0.	0.	0.	0.	0	-1	
9.73901	46.6759	534	0	(0)1	(0)3	(0)3	(0)1	(0)2	0.135098	8.11822	0.	0.	0.	0.	0.	1.	0.	0.	1.	0.	0.	0.	0.	0.	0.	0	-1	

