TrialReplay

Frame:	2
1.	0.	0.	0.	
0.	1.	0.	0.	
0.	0.	1.	0.	
0.	0.	0.	1.	
Dynamic:	0	

Frame:	3
1.	0.	0.	0.	
0.	1.	0.	0.	
0.	0.	1.	0.	
0.	0.	0.	1.	
Dynamic:	0	

Frame:	4
1.	0.	0.	0.	
0.	1.	0.	0.	
0.	0.	1.	0.	
0.	0.	0.	1.	
Dynamic:	0	

Frame:	5
1.	0.	0.	0.	
0.	1.	0.	0.	
0.	0.	1.	0.	
0.	0.	0.	1.	
Dynamic:	0	

Frame:	6
1.	0.	0.	0.	
0.	1.	0.	0.	
0.	0.	1.	0.	
0.	0.	0.	1.	
Dynamic:	0	

Frame:	7
1.	0.	0.	0.	
0.	1.	0.	0.	
0.	0.	1.	0.	
0.	0.	0.	1.	
Dynamic:	0	

Frame:	8
1.	0.	0.	0.	
0.	1.	0.	0.	
0.	0.	1.	0.	
0.	0.	0.	1.	
Dynamic:	0	

Frame:	9
1.	0.	0.	0.	
0.	1.	0.	0.	
0.	0.	1.	0.	
0.	0.	0.	1.	
Dynamic:	0	

Frame:	10
1.	0.	0.	0.	
0.	1.	0.	0.	
0.	0.	1.	0.	
0.	0.	0.	1.	
Dynamic:	0	

Frame:	11
1.	0.	0.	0.	
0.	1.	0.	0.	
0.	0.	1.	0.	
0.	0.	0.	1.	
Dynamic:	0	

Frame:	12
1.	0.	0.	0.	
0.	1.	0.	0.	
0.	0.	1.	0.	
0.	0.	0.	1.	
Dynamic:	0	

Frame:	13
1.	0.	0.	0.	
0.	1.	0.	0.	
0.	0.	1.	0.	
0.	0.	0.	1.	
Dynamic:	0	

Frame:	14
1.	0.	0.	0.	
0.	1.	0.	0.	
0.	0.	1.	0.	
0.	0.	0.	1.	
Dynamic:	0	

Frame:	15
1.	0.	0.	0.	
0.	1.	0.	0.	
0.	0.	1.	0.	
0.	0.	0.	1.	
Dynamic:	0	

Frame:	16
1.	0.	0.	0.	
0.	1.	0.	0.	
0.	0.	1.	0.	
0.	0.	0.	1.	
Dynamic:	0	

Frame:	17
1.	0.	0.	0.	
0.	1.	0.	0.	
0.	0.	1.	0.	
0.	0.	0.	1.	
Dynamic:	0	

Frame:	18
1.	0.	0.	0.	
0.	1.	0.	0.	
0.	0.	1.	0.	
0.	0.	0.	1.	
Dynamic:	0	

Frame:	19
1.	0.	0.	0.	
0.	1.	0.	0.	
0.	0.	1.	0.	
0.	0.	0.	1.	
Dynamic:	0	

Frame:	20
1.	0.	0.	0.	
0.	1.	0.	0.	
0.	0.	1.	0.	
0.	0.	0.	1.	
Dynamic:	0	

Frame:	21
1.	0.	0.	0.	
0.	1.	0.	0.	
0.	0.	1.	0.	
0.	0.	0.	1.	
Dynamic:	0	

Frame:	22
1.	0.	0.	0.	
0.	1.	0.	0.	
0.	0.	1.	0.	
0.	0.	0.	1.	
Dynamic:	0	

Frame:	23
1.	0.	0.	0.	
0.	1.	0.	0.	
0.	0.	1.	0.	
0.	0.	0.	1.	
Dynamic:	0	

Frame:	24
1.	0.	0.	0.	
0.	1.	0.	0.	
0.	0.	1.	0.	
0.	0.	0.	1.	
Dynamic:	0	

Frame:	25
1.	0.	0.	0.	
0.	1.	0.	0.	
0.	0.	1.	0.	
0.	0.	0.	1.	
Dynamic:	0	

Frame:	26
1.	0.	0.	0.	
0.	1.	0.	0.	
0.	0.	1.	0.	
0.	0.	0.	1.	
Dynamic:	0	

Frame:	27
1.	0.	0.	0.	
0.	1.	0.	0.	
0.	0.	1.	0.	
0.	0.	0.	1.	
Dynamic:	0	

Frame:	28
1.	0.	0.	0.	
0.	1.	0.	0.	
0.	0.	1.	0.	
0.	0.	0.	1.	
Dynamic:	0	

Frame:	29
1.	0.	0.	0.	
0.	1.	0.	0.	
0.	0.	1.	0.	
0.	0.	0.	1.	
Dynamic:	0	

Frame:	30
1.	0.	0.	0.	
0.	1.	0.	0.	
0.	0.	1.	0.	
0.	0.	0.	1.	
Dynamic:	0	

Frame:	31
1.	0.	0.	0.	
0.	1.	0.	0.	
0.	0.	1.	0.	
0.	0.	0.	1.	
Dynamic:	0	

Frame:	32
1.	0.	0.	0.	
0.	1.	0.	0.	
0.	0.	1.	0.	
0.	0.	0.	1.	
Dynamic:	0	

Frame:	33
1.	0.	0.	0.	
0.	1.	0.	0.	
0.	0.	1.	0.	
0.	0.	0.	1.	
Dynamic:	0	

Frame:	34
1.	0.	0.	0.	
0.	1.	0.	0.	
0.	0.	1.	0.	
0.	0.	0.	1.	
Dynamic:	0	

Frame:	35
1.	0.	0.	0.	
0.	1.	0.	0.	
0.	0.	1.	0.	
0.	0.	0.	1.	
Dynamic:	0	

Frame:	36
1.	0.	0.	0.	
0.	1.	0.	0.	
0.	0.	1.	0.	
0.	0.	0.	1.	
Dynamic:	0	

Frame:	37
1.	0.	0.	0.	
0.	1.	0.	0.	
0.	0.	1.	0.	
0.	0.	0.	1.	
Dynamic:	0	

Frame:	38
1.	0.	0.	0.	
0.	1.	0.	0.	
0.	0.	1.	0.	
0.	0.	0.	1.	
Dynamic:	0	

Frame:	39
1.	0.	0.	0.	
0.	1.	0.	0.	
0.	0.	1.	0.	
0.	0.	0.	1.	
Dynamic:	0	

Frame:	40
1.	0.	0.	0.	
0.	1.	0.	0.	
0.	0.	1.	0.	
0.	0.	0.	1.	
Dynamic:	0	

Frame:	41
1.	0.	0.	0.	
0.	1.	0.	0.	
0.	0.	1.	0.	
0.	0.	0.	1.	
Dynamic:	0	

Frame:	42
1.	0.	0.	0.	
0.	1.	0.	0.	
0.	0.	1.	0.	
0.	0.	0.	1.	
Dynamic:	0	

Frame:	43
1.	0.	0.	0.	
0.	1.	0.	0.	
0.	0.	1.	0.	
0.	0.	0.	1.	
Dynamic:	0	

Frame:	44
1.	0.	0.	0.	
0.	1.	0.	0.	
0.	0.	1.	0.	
0.	0.	0.	1.	
Dynamic:	0	

Frame:	45
1.	0.	0.	0.	
0.	1.	0.	0.	
0.	0.	1.	0.	
0.	0.	0.	1.	
Dynamic:	0	

Frame:	46
1.	0.	0.	0.	
0.	1.	0.	0.	
0.	0.	1.	0.	
0.	0.	0.	1.	
Dynamic:	0	

Frame:	47
1.	0.	0.	0.	
0.	1.	0.	0.	
0.	0.	1.	0.	
0.	0.	0.	1.	
Dynamic:	0	

Frame:	48
0.999999	1.03773e-003	0.	0.	
-1.03773e-003	0.999999	0.	0.	
0.	0.	1.	0.	
-2.47725e-003	3.82053e-002	0.	1.	
Dynamic:	0	

Frame:	49
0.999994	3.47711e-003	0.	0.	
-3.47711e-003	0.999994	0.	0.	
0.	0.	1.	0.	
-8.61254e-003	0.129787	0.	1.	
Dynamic:	0	

Frame:	50
0.999924	1.23624e-002	0.	0.	
-1.23624e-002	0.999924	0.	0.	
0.	0.	1.	0.	
-3.08969e-002	0.241091	0.	1.	
Dynamic:	0	

Frame:	51
0.999924	1.23624e-002	0.	0.	
-1.23624e-002	0.999924	0.	0.	
0.	0.	1.	0.	
-3.38578e-002	0.342324	0.	1.	
Dynamic:	0	

Frame:	52
0.999924	1.23624e-002	0.	0.	
-1.23624e-002	0.999924	0.	0.	
0.	0.	1.	0.	
-3.88222e-002	0.461582	0.	1.	
Dynamic:	0	

Frame:	53
0.999924	1.23624e-002	0.	0.	
-1.23624e-002	0.999924	0.	0.	
0.	0.	1.	0.	
-4.01871e-002	0.48685	0.	1.	
Dynamic:	0	

Frame:	54
0.999933	1.15913e-002	0.	0.	
-1.15913e-002	0.999933	0.	0.	
0.	0.	1.	0.	
-3.92291e-002	0.485323	0.	1.	
Dynamic:	0	

Frame:	55
0.999955	9.44764e-003	0.	0.	
-9.44764e-003	0.999955	0.	0.	
0.	0.	1.	0.	
-3.75627e-002	0.481012	0.	1.	
Dynamic:	0	

Frame:	56
0.99997	7.70043e-003	0.	0.	
-7.70043e-003	0.99997	0.	0.	
0.	0.	1.	0.	
-3.7018e-002	0.477435	0.	1.	
Dynamic:	0	

Frame:	57
0.999924	1.23624e-002	0.	0.	
-1.23624e-002	0.999924	0.	0.	
0.	0.	1.	0.	
-3.63346e-002	0.48716	0.	1.	
Dynamic:	0	

Frame:	58
0.99993	1.18425e-002	0.	0.	
-1.18425e-002	0.99993	0.	0.	
0.	0.	1.	0.	
-3.66482e-002	0.486052	0.	1.	
Dynamic:	0	

Frame:	59
0.999953	9.66304e-003	0.	0.	
-9.66304e-003	0.999953	0.	0.	
0.	0.	1.	0.	
-3.89726e-002	0.481305	0.	1.	
Dynamic:	0	

Frame:	60
0.999969	7.88463e-003	0.	0.	
-7.88463e-003	0.999969	0.	0.	
0.	0.	1.	0.	
-4.16946e-002	0.47734	0.	1.	
Dynamic:	0	

Frame:	61
0.999979	6.43352e-003	0.	0.	
-6.43352e-003	0.999979	0.	0.	
0.	0.	1.	0.	
-4.45876e-002	0.474026	0.	1.	
Dynamic:	0	

Frame:	62
0.999924	1.23624e-002	0.	0.	
-1.23624e-002	0.999924	0.	0.	
0.	0.	1.	0.	
-3.00772e-002	0.487961	0.	1.	
Dynamic:	0	

Frame:	63
0.999946	1.03516e-002	0.	0.	
-1.03516e-002	0.999946	0.	0.	
0.	0.	1.	0.	
-3.5911e-002	0.483093	0.	1.	
Dynamic:	0	

Frame:	64
0.999964	8.45786e-003	0.	0.	
-8.45786e-003	0.999964	0.	0.	
0.	0.	1.	0.	
-4.22804e-002	0.478386	0.	1.	
Dynamic:	0	

Frame:	65
0.999976	6.91054e-003	0.	0.	
-6.91054e-003	0.999976	0.	0.	
0.	0.	1.	0.	
-4.81983e-002	0.474434	0.	1.	
Dynamic:	0	

Frame:	66
0.999984	5.6463e-003	0.	0.	
-5.6463e-003	0.999984	0.	0.	
0.	0.	1.	0.	
-5.36151e-002	0.471114	0.	1.	
Dynamic:	0	

Frame:	67
0.999934	1.14963e-002	0.	0.	
-1.14963e-002	0.999934	0.	0.	
0.	0.	1.	0.	
-2.59192e-002	0.487013	0.	1.	
Dynamic:	0	

Frame:	68
0.999956	9.40753e-003	0.	0.	
-9.40753e-003	0.999956	0.	0.	
0.	0.	1.	0.	
-3.67482e-002	0.48114	0.	1.	
Dynamic:	0	

Frame:	69
0.99997	7.69825e-003	0.	0.	
-7.69825e-003	0.99997	0.	0.	
0.	0.	1.	0.	
-4.63951e-002	0.476197	0.	1.	
Dynamic:	0	

Frame:	70
0.99998	6.29953e-003	0.	0.	
-6.29953e-003	0.99998	0.	0.	
0.	0.	1.	0.	
-5.49298e-002	0.472034	0.	1.	
Dynamic:	0	

Frame:	71
0.999987	5.15494e-003	0.	0.	
-5.15494e-003	0.999987	0.	0.	
0.	0.	1.	0.	
-6.24365e-002	0.468527	0.	1.	
Dynamic:	0	

Frame:	72
0.999978	-6.57975e-003	0.	0.	
6.57975e-003	0.999978	0.	0.	
0.	0.	1.	0.	
-0.142594	0.421003	0.	1.	
Dynamic:	0	

Frame:	73
0.999924	1.23624e-002	0.	0.	
-1.23624e-002	0.999924	0.	0.	
0.	0.	1.	0.	
-3.54738e-003	0.493342	0.	1.	
Dynamic:	0	

Frame:	74
0.999954	9.58274e-003	0.	0.	
-9.58274e-003	0.999954	0.	0.	
0.	0.	1.	0.	
-2.54697e-002	0.483886	0.	1.	
Dynamic:	0	

Frame:	75
0.999969	7.85459e-003	0.	0.	
-7.85459e-003	0.999969	0.	0.	
0.	0.	1.	0.	
-3.9891e-002	0.477857	0.	1.	
Dynamic:	0	

Frame:	76
0.999979	6.43808e-003	0.	0.	
-6.43808e-003	0.999979	0.	0.	
0.	0.	1.	0.	
-5.23567e-002	0.472779	0.	1.	
Dynamic:	0	

Frame:	77
0.999986	5.27702e-003	0.	0.	
-5.27702e-003	0.999986	0.	0.	
0.	0.	1.	0.	
-6.31012e-002	0.4685	0.	1.	
Dynamic:	0	

Frame:	78
0.999942	1.08129e-002	0.	0.	
-1.08129e-002	0.999942	0.	0.	
0.	0.	1.	0.	
-9.43355e-003	0.489653	0.	1.	
Dynamic:	0	

Frame:	79
0.999965	8.33097e-003	0.	0.	
-8.33097e-003	0.999965	0.	0.	
0.	0.	1.	0.	
-3.45912e-002	0.479838	0.	1.	
Dynamic:	0	

Frame:	80
0.999977	6.84031e-003	0.	0.	
-6.84031e-003	0.999977	0.	0.	
0.	0.	1.	0.	
-5.0378e-002	0.473791	0.	1.	
Dynamic:	0	

Frame:	81
0.999984	5.61636e-003	0.	0.	
-5.61636e-003	0.999984	0.	0.	
0.	0.	1.	0.	
-6.38921e-002	0.468689	0.	1.	
Dynamic:	0	

Frame:	82
0.999989	4.61141e-003	0.	0.	
-4.61141e-003	0.999989	0.	0.	
0.	0.	1.	0.	
-7.54398e-002	0.464384	0.	1.	
Dynamic:	0	

Frame:	83
0.999986	-5.37057e-003	0.	0.	
5.37057e-003	0.999986	0.	0.	
0.	0.	1.	0.	
-0.192262	0.412204	0.	1.	
Dynamic:	0	

Frame:	84
0.999928	1.1992e-002	0.	0.	
-1.1992e-002	0.999928	0.	0.	
0.	0.	1.	0.	
2.01442e-002	0.49951	0.	1.	
Dynamic:	0	

Frame:	85
0.999967	8.1065e-003	0.	0.	
-8.1065e-003	0.999967	0.	0.	
0.	0.	1.	0.	
-2.95558e-002	0.481097	0.	1.	
Dynamic:	0	

Frame:	86
0.999978	6.66758e-003	0.	0.	
-6.66758e-003	0.999978	0.	0.	
0.	0.	1.	0.	
-4.86153e-002	0.474131	0.	1.	
Dynamic:	0	

Frame:	87
0.999985	5.48407e-003	0.	0.	
-5.48407e-003	0.999985	0.	0.	
0.	0.	1.	0.	
-6.48216e-002	0.468256	0.	1.	
Dynamic:	0	

Frame:	88
0.99999	4.51063e-003	0.	0.	
-4.51063e-003	0.99999	0.	0.	
0.	0.	1.	0.	
-7.85852e-002	0.4633	0.	1.	
Dynamic:	0	

Frame:	89
0.999956	9.38555e-003	0.	0.	
-9.38555e-003	0.999956	0.	0.	
0.	0.	1.	0.	
-7.56287e-003	0.488963	0.	1.	
Dynamic:	0	

Frame:	90
0.999975	7.12445e-003	0.	0.	
-7.12445e-003	0.999975	0.	0.	
0.	0.	1.	0.	
-4.14813e-002	0.476682	0.	1.	
Dynamic:	0	

Frame:	91
0.999983	5.86992e-003	0.	0.	
-5.86992e-003	0.999983	0.	0.	
0.	0.	1.	0.	
-6.08609e-002	0.469712	0.	1.	
Dynamic:	0	

Frame:	92
0.999988	4.8363e-003	0.	0.	
-4.8363e-003	0.999988	0.	0.	
0.	0.	1.	0.	
-7.72857e-002	0.463828	0.	1.	
Dynamic:	0	

Frame:	93
0.999992	3.98468e-003	0.	0.	
-3.98468e-003	0.999992	0.	0.	
0.	0.	1.	0.	
-9.11941e-002	0.458859	0.	1.	
Dynamic:	0	

Frame:	94
0.99999	-4.47794e-003	0.	0.	
4.47794e-003	0.99999	0.	0.	
0.	0.	1.	0.	
-0.230735	0.401653	0.	1.	
Dynamic:	0	

Frame:	95
0.999946	1.04139e-002	0.	0.	
-1.04139e-002	0.999946	0.	0.	
0.	0.	1.	0.	
2.28952e-002	0.50003	0.	1.	
Dynamic:	0	

Frame:	96
0.999976	6.90904e-003	0.	0.	
-6.90904e-003	0.999976	0.	0.	
0.	0.	1.	0.	
-3.87994e-002	0.477661	0.	1.	
Dynamic:	0	

Frame:	97
0.999984	5.70192e-003	0.	0.	
-5.70192e-003	0.999984	0.	0.	
0.	0.	1.	0.	
-6.05887e-002	0.469809	0.	1.	
Dynamic:	0	

Frame:	98
0.999989	4.7057e-003	0.	0.	
-4.7057e-003	0.999989	0.	0.	
0.	0.	1.	0.	
-7.90087e-002	0.463184	0.	1.	
Dynamic:	0	

Frame:	99
0.999992	3.88353e-003	0.	0.	
-3.88353e-003	0.999992	0.	0.	
0.	0.	1.	0.	
-9.45701e-002	0.457592	0.	1.	
Dynamic:	0	

Frame:	100
0.999966	8.2018e-003	0.	0.	
-8.2018e-003	0.999966	0.	0.	
0.	0.	1.	0.	
-1.10294e-002	0.487843	0.	1.	
Dynamic:	0	

Frame:	101
0.999982	6.0614e-003	0.	0.	
-6.0614e-003	0.999982	0.	0.	
0.	0.	1.	0.	
-5.33405e-002	0.472433	0.	1.	
Dynamic:	0	

Frame:	102
0.999987	5.01028e-003	0.	0.	
-5.01028e-003	0.999987	0.	0.	
0.	0.	1.	0.	
-7.45809e-002	0.464715	0.	1.	
Dynamic:	0	

Frame:	103
0.999991	4.14143e-003	0.	0.	
-4.14143e-003	0.999991	0.	0.	
0.	0.	1.	0.	
-9.25155e-002	0.458197	0.	1.	
Dynamic:	0	

Frame:	104
0.999994	3.42325e-003	0.	0.	
-3.42325e-003	0.999994	0.	0.	
0.	0.	1.	0.	
-0.107651	0.452692	0.	1.	
Dynamic:	0	

Frame:	105
0.999993	-3.64186e-003	0.	0.	
3.64186e-003	0.999993	0.	0.	
0.	0.	1.	0.	
-0.257352	0.392147	0.	1.	
Dynamic:	0	

Frame:	106
0.99996	8.94956e-003	0.	0.	
-8.94956e-003	0.99996	0.	0.	
0.	0.	1.	0.	
1.637e-002	0.498615	0.	1.	
Dynamic:	0	

Frame:	107
0.999983	5.83413e-003	0.	0.	
-5.83413e-003	0.999983	0.	0.	
0.	0.	1.	0.	
-5.31556e-002	0.472791	0.	1.	
Dynamic:	0	

Frame:	108
0.999988	4.82951e-003	0.	0.	
-4.82951e-003	0.999988	0.	0.	
0.	0.	1.	0.	
-7.60179e-002	0.464324	0.	1.	
Dynamic:	0	

Frame:	109
0.999992	3.99789e-003	0.	0.	
-3.99789e-003	0.999992	0.	0.	
0.	0.	1.	0.	
-9.53016e-002	0.457175	0.	1.	
Dynamic:	0	

Frame:	110
0.999995	3.30947e-003	0.	0.	
-3.30947e-003	0.999995	0.	0.	
0.	0.	1.	0.	
-0.11156	0.451139	0.	1.	
Dynamic:	0	

Frame:	111
0.999995	3.16883e-003	0.	0.	
-3.16883e-003	0.999995	0.	0.	
0.	0.	1.	0.	
-0.114941	0.449881	0.	1.	
Dynamic:	0	

Frame:	112
0.999983	5.77502e-003	0.	0.	
-5.77502e-003	0.999983	0.	0.	
0.	0.	1.	0.	
-5.12147e-002	0.473784	0.	1.	
Dynamic:	0	

Frame:	113
0.999989	4.78701e-003	0.	0.	
-4.78701e-003	0.999989	0.	0.	
0.	0.	1.	0.	
-7.57812e-002	0.46451	0.	1.	
Dynamic:	0	

Frame:	114
0.999992	3.96803e-003	0.	0.	
-3.96803e-003	0.999992	0.	0.	
0.	0.	1.	0.	
-9.64949e-002	0.45668	0.	1.	
Dynamic:	0	

Frame:	115
0.999995	3.28917e-003	0.	0.	
-3.28917e-003	0.999995	0.	0.	
0.	0.	1.	0.	
-0.113954	0.450068	0.	1.	
Dynamic:	0	

Frame:	116
0.999995	3.00014e-003	0.	0.	
-3.00014e-003	0.999995	0.	0.	
0.	0.	1.	0.	
-0.121509	0.447199	0.	1.	
Dynamic:	0	

Frame:	117
0.999994	-3.44935e-003	0.	0.	
3.44935e-003	0.999994	0.	0.	
0.	0.	1.	0.	
-0.290463	0.377165	0.	1.	
Dynamic:	0	

Frame:	118
0.999973	7.29513e-003	0.	0.	
-7.29513e-003	0.999973	0.	0.	
0.	0.	1.	0.	
-3.0977e-003	0.493083	0.	1.	
Dynamic:	0	

Frame:	119
0.999988	4.8184e-003	0.	0.	
-4.8184e-003	0.999988	0.	0.	
0.	0.	1.	0.	
-7.08467e-002	0.466805	0.	1.	
Dynamic:	0	

Frame:	120
0.999992	3.99884e-003	0.	0.	
-3.99884e-003	0.999992	0.	0.	
0.	0.	1.	0.	
-9.36196e-002	0.457979	0.	1.	
Dynamic:	0	

Frame:	121
0.999994	3.31867e-003	0.	0.	
-3.31867e-003	0.999994	0.	0.	
0.	0.	1.	0.	
-0.112806	0.450528	0.	1.	
Dynamic:	0	

Frame:	122
0.999996	2.86128e-003	0.	0.	
-2.86128e-003	0.999996	0.	0.	
0.	0.	1.	0.	
-0.125901	0.44543	0.	1.	
Dynamic:	0	

Frame:	123
0.999997	2.61856e-003	0.	0.	
-2.61856e-003	0.999997	0.	0.	
0.	0.	1.	0.	
-0.132951	0.442676	0.	1.	
Dynamic:	0	

Frame:	124
0.999989	4.78068e-003	0.	0.	
-4.78068e-003	0.999989	0.	0.	
0.	0.	1.	0.	
-6.9282e-002	0.467722	0.	1.	
Dynamic:	0	

Frame:	125
0.999992	3.97167e-003	0.	0.	
-3.97167e-003	0.999992	0.	0.	
0.	0.	1.	0.	
-9.34323e-002	0.458163	0.	1.	
Dynamic:	0	

Frame:	126
0.999995	3.29955e-003	0.	0.	
-3.29955e-003	0.999995	0.	0.	
0.	0.	1.	0.	
-0.113778	0.450093	0.	1.	
Dynamic:	0	

Frame:	127
0.999996	2.71069e-003	0.	0.	
-2.71069e-003	0.999996	0.	0.	
0.	0.	1.	0.	
-0.131849	0.442907	0.	1.	
Dynamic:	0	

Frame:	128
0.999997	2.48182e-003	0.	0.	
-2.48182e-003	0.999997	0.	0.	
0.	0.	1.	0.	
-0.138967	0.440067	0.	1.	
Dynamic:	0	

Frame:	129
0.999996	-2.73319e-003	0.	0.	
2.73319e-003	0.999996	0.	0.	
0.	0.	1.	0.	
-0.301303	0.370574	0.	1.	
Dynamic:	0	

Frame:	130
0.999982	6.06986e-003	0.	0.	
-6.06986e-003	0.999982	0.	0.	
0.	0.	1.	0.	
-2.24076e-002	0.487458	0.	1.	
Dynamic:	0	

Frame:	131
0.999992	3.97259e-003	0.	0.	
-3.97259e-003	0.999992	0.	0.	
0.	0.	1.	0.	
-9.01347e-002	0.459908	0.	1.	
Dynamic:	0	

Frame:	132
0.999995	3.30319e-003	0.	0.	
-3.30319e-003	0.999995	0.	0.	
0.	0.	1.	0.	
-0.115115	0.449333	0.	1.	
Dynamic:	0	

Frame:	133
0.999997	2.57711e-003	0.	0.	
-2.57711e-003	0.999997	0.	0.	
0.	0.	1.	0.	
-0.140338	0.438887	0.	1.	
Dynamic:	0	

Frame:	134
0.999997	2.36035e-003	0.	0.	
-2.36035e-003	0.999997	0.	0.	
0.	0.	1.	0.	
-0.14909	0.4351	0.	1.	
Dynamic:	0	

Frame:	135
0.999988	4.96957e-003	0.	0.	
-4.96957e-003	0.999988	0.	0.	
0.	0.	1.	0.	
-6.19378e-002	0.470855	0.	1.	
Dynamic:	0	

Frame:	136
0.999994	3.48173e-003	0.	0.	
-3.48173e-003	0.999994	0.	0.	
0.	0.	1.	0.	
-0.114161	0.449014	0.	1.	
Dynamic:	0	

Frame:	137
0.999997	2.52267e-003	0.	0.	
-2.52267e-003	0.999997	0.	0.	
0.	0.	1.	0.	
-0.148528	0.434575	0.	1.	
Dynamic:	0	

Frame:	138
0.999997	2.31112e-003	0.	0.	
-2.31112e-003	0.999997	0.	0.	
0.	0.	1.	0.	
-0.157748	0.430464	0.	1.	
Dynamic:	0	

Frame:	139
0.999998	2.1173e-003	0.	0.	
-2.1173e-003	0.999998	0.	0.	
0.	0.	1.	0.	
-0.165895	0.426863	0.	1.	
Dynamic:	0	

Frame:	140
0.999998	1.93974e-003	0.	0.	
-1.93974e-003	0.999998	0.	0.	
0.	0.	1.	0.	
-0.173639	0.423399	0.	1.	
Dynamic:	0	

Frame:	141
0.999994	3.57983e-003	0.	0.	
-3.57983e-003	0.999994	0.	0.	
0.	0.	1.	0.	
-0.11616	0.447444	0.	1.	
Dynamic:	0	

Frame:	142
0.999996	2.95006e-003	0.	0.	
-2.95006e-003	0.999996	0.	0.	
0.	0.	1.	0.	
-0.140634	0.436796	0.	1.	
Dynamic:	0	

Frame:	143
0.999998	2.17853e-003	0.	0.	
-2.17853e-003	0.999998	0.	0.	
0.	0.	1.	0.	
-0.170619	0.423751	0.	1.	
Dynamic:	0	

Frame:	144
0.999998	1.9962e-003	0.	0.	
-1.9962e-003	0.999998	0.	0.	
0.	0.	1.	0.	
-0.179227	0.419775	0.	1.	
Dynamic:	0	

Frame:	145
0.999998	1.82913e-003	0.	0.	
-1.82913e-003	0.999998	0.	0.	
0.	0.	1.	0.	
-0.186702	0.416367	0.	1.	
Dynamic:	0	

Frame:	146
0.999999	1.67604e-003	0.	0.	
-1.67604e-003	0.999999	0.	0.	
0.	0.	1.	0.	
-0.193394	0.413332	0.	1.	
Dynamic:	0	

Frame:	147
0.999997	-2.41721e-003	0.	0.	
2.41721e-003	0.999997	0.	0.	
0.	0.	1.	0.	
-0.35045	0.340624	0.	1.	
Dynamic:	0	

Frame:	148
0.999992	4.06013e-003	0.	0.	
-4.06013e-003	0.999992	0.	0.	
0.	0.	1.	0.	
-0.100127	0.45454	0.	1.	
Dynamic:	0	

Frame:	149
0.999998	2.22895e-003	0.	0.	
-2.22895e-003	0.999998	0.	0.	
0.	0.	1.	0.	
-0.172913	0.42222	0.	1.	
Dynamic:	0	

Frame:	150
0.999998	2.04258e-003	0.	0.	
-2.04258e-003	0.999998	0.	0.	
0.	0.	1.	0.	
-0.180643	0.418741	0.	1.	
Dynamic:	0	

Frame:	151
0.999998	1.8718e-003	0.	0.	
-1.8718e-003	0.999998	0.	0.	
0.	0.	1.	0.	
-0.187611	0.415618	0.	1.	
Dynamic:	0	

Frame:	152
0.999999	1.7153e-003	0.	0.	
-1.7153e-003	0.999999	0.	0.	
0.	0.	1.	0.	
-0.193961	0.412772	0.	1.	
Dynamic:	0	

Frame:	153
0.999999	1.57188e-003	0.	0.	
-1.57188e-003	0.999999	0.	0.	
0.	0.	1.	0.	
-0.199836	0.410128	0.	1.	
Dynamic:	0	

Frame:	154
0.999995	3.07784e-003	0.	0.	
-3.07784e-003	0.999995	0.	0.	
0.	0.	1.	0.	
-0.137593	0.438339	0.	1.	
Dynamic:	0	

Frame:	155
0.999998	1.89938e-003	0.	0.	
-1.89938e-003	0.999998	0.	0.	
0.	0.	1.	0.	
-0.186745	0.415941	0.	1.	
Dynamic:	0	

Frame:	156
0.999998	1.74056e-003	0.	0.	
-1.74056e-003	0.999998	0.	0.	
0.	0.	1.	0.	
-0.193431	0.412885	0.	1.	
Dynamic:	0	

Frame:	157
0.999999	1.59502e-003	0.	0.	
-1.59502e-003	0.999999	0.	0.	
0.	0.	1.	0.	
-0.199613	0.410046	0.	1.	
Dynamic:	0	

Frame:	158
0.999999	1.46166e-003	0.	0.	
-1.46166e-003	0.999999	0.	0.	
0.	0.	1.	0.	
-0.20533	0.40741	0.	1.	
Dynamic:	0	

Frame:	159
0.999999	1.29561e-003	0.	0.	
-1.29561e-003	0.999999	0.	0.	
0.	0.	1.	0.	
-0.212511	0.404084	0.	1.	
Dynamic:	0	

Frame:	160
0.999997	2.56009e-003	0.	0.	
-2.56009e-003	0.999997	0.	0.	
0.	0.	1.	0.	
-0.157365	0.429782	0.	1.	
Dynamic:	0	

Frame:	161
0.999999	1.62157e-003	0.	0.	
-1.62157e-003	0.999999	0.	0.	
0.	0.	1.	0.	
-0.198646	0.410449	0.	1.	
Dynamic:	0	

Frame:	162
0.999999	1.48583e-003	0.	0.	
-1.48583e-003	0.999999	0.	0.	
0.	0.	1.	0.	
-0.204669	0.407619	0.	1.	
Dynamic:	0	

Frame:	163
0.999999	1.23651e-003	0.	0.	
-1.23651e-003	0.999999	0.	0.	
0.	0.	1.	0.	
-0.215827	0.402356	0.	1.	
Dynamic:	0	

Frame:	164
0.999999	1.16742e-003	0.	0.	
-1.16742e-003	0.999999	0.	0.	
0.	0.	1.	0.	
-0.218945	0.400879	0.	1.	
Dynamic:	0	

Frame:	165
0.999999	1.10219e-003	0.	0.	
-1.10219e-003	0.999999	0.	0.	
0.	0.	1.	0.	
-0.221914	0.399468	0.	1.	
Dynamic:	0	

Frame:	166
0.999997	2.27863e-003	0.	0.	
-2.27863e-003	0.999997	0.	0.	
0.	0.	1.	0.	
-0.167947	0.425279	0.	1.	
Dynamic:	0	

Frame:	167
0.999999	1.22368e-003	0.	0.	
-1.22368e-003	0.999999	0.	0.	
0.	0.	1.	0.	
-0.216735	0.401842	0.	1.	
Dynamic:	0	

Frame:	168
0.999999	1.10141e-003	0.	0.	
-1.10141e-003	0.999999	0.	0.	
0.	0.	1.	0.	
-0.222437	0.399095	0.	1.	
Dynamic:	0	

Frame:	169
0.999999	1.03969e-003	0.	0.	
-1.03969e-003	0.999999	0.	0.	
0.	0.	1.	0.	
-0.225338	0.397692	0.	1.	
Dynamic:	0	

Frame:	170
1.	9.8144e-004	0.	0.	
-9.8144e-004	1.	0.	0.	
0.	0.	1.	0.	
-0.228098	0.396352	0.	1.	
Dynamic:	0	

Frame:	171
1.	8.31305e-004	0.	0.	
-8.31305e-004	1.	0.	0.	
0.	0.	1.	0.	
-0.235269	0.392858	0.	1.	
Dynamic:	0	

Frame:	172
0.999998	2.16383e-003	0.	0.	
-2.16383e-003	0.999998	0.	0.	
0.	0.	1.	0.	
-0.171148	0.424277	0.	1.	
Dynamic:	0	

Frame:	173
0.999999	1.16203e-003	0.	0.	
-1.16203e-003	0.999999	0.	0.	
0.	0.	1.	0.	
-0.219724	0.400371	0.	1.	
Dynamic:	0	

Frame:	174
1.	6.24035e-004	0.	0.	
-6.24035e-004	1.	0.	0.	
0.	0.	1.	0.	
-0.246021	0.387405	0.	1.	
Dynamic:	0	

Frame:	175
1.	3.35121e-004	0.	0.	
-3.35121e-004	1.	0.	0.	
0.	0.	1.	0.	
-0.260254	0.380368	0.	1.	
Dynamic:	0	

Frame:	176
1.	1.79968e-004	0.	0.	
-1.79968e-004	1.	0.	0.	
0.	0.	1.	0.	
-0.267956	0.376547	0.	1.	
Dynamic:	0	

Frame:	177
1.	9.66467e-005	0.	0.	
-9.66467e-005	1.	0.	0.	
0.	0.	1.	0.	
-0.272123	0.374473	0.	1.	
Dynamic:	0	

Frame:	178
0.999996	2.76789e-003	0.	0.	
-2.76789e-003	0.999996	0.	0.	
0.	0.	1.	0.	
-0.137513	0.441954	0.	1.	
Dynamic:	0	

Frame:	179
0.999999	1.48642e-003	0.	0.	
-1.48642e-003	0.999999	0.	0.	
0.	0.	1.	0.	
-0.202494	0.409212	0.	1.	
Dynamic:	0	

Frame:	180
1.	7.98244e-004	0.	0.	
-7.98244e-004	1.	0.	0.	
0.	0.	1.	0.	
-0.237361	0.391671	0.	1.	
Dynamic:	0	

Frame:	181
1.	-4.32852e-004	0.	0.	
4.32852e-004	1.	0.	0.	
0.	0.	1.	0.	
-0.300156	0.359173	0.	1.	
Dynamic:	0	

Frame:	182
1.	6.29076e-004	0.	0.	
-6.29076e-004	1.	0.	0.	
0.	0.	1.	0.	
-0.245275	0.387828	0.	1.	
Dynamic:	0	

Frame:	183
1.	-4.35998e-004	0.	0.	
4.35998e-004	1.	0.	0.	
0.	0.	1.	0.	
-0.300308	0.359056	0.	1.	
Dynamic:	0	

Frame:	184
0.999997	2.63936e-003	0.	0.	
-2.63936e-003	0.999997	0.	0.	
0.	0.	1.	0.	
-0.138689	0.442569	0.	1.	
Dynamic:	0	

Frame:	185
0.999999	1.4174e-003	0.	0.	
-1.4174e-003	0.999999	0.	0.	
0.	0.	1.	0.	
-0.202668	0.409779	0.	1.	
Dynamic:	0	

Frame:	186
1.	7.61175e-004	0.	0.	
-7.61175e-004	1.	0.	0.	
0.	0.	1.	0.	
-0.237263	0.392036	0.	1.	
Dynamic:	0	

Frame:	187
1.	-4.10784e-004	0.	0.	
4.10784e-004	1.	0.	0.	
0.	0.	1.	0.	
-0.299238	0.359425	0.	1.	
Dynamic:	0	

Frame:	188
1.	5.98952e-004	0.	0.	
-5.98952e-004	1.	0.	0.	
0.	0.	1.	0.	
-0.244497	0.388559	0.	1.	
Dynamic:	0	

Frame:	189
1.	-4.14464e-004	0.	0.	
4.14464e-004	1.	0.	0.	
0.	0.	1.	0.	
-0.298706	0.359773	0.	1.	
Dynamic:	0	

Frame:	190
0.999998	1.99711e-003	0.	0.	
-1.99711e-003	0.999998	0.	0.	
0.	0.	1.	0.	
-0.166185	0.42965	0.	1.	
Dynamic:	0	

Frame:	191
0.999999	1.07249e-003	0.	0.	
-1.07249e-003	0.999999	0.	0.	
0.	0.	1.	0.	
-0.216598	0.403373	0.	1.	
Dynamic:	0	

Frame:	192
1.	5.08232e-004	0.	0.	
-5.08232e-004	1.	0.	0.	
0.	0.	1.	0.	
-0.22638	0.357893	0.	1.	
Dynamic:	0	

Frame:	193
1.	0.	0.	0.	
0.	1.	0.	0.	
0.	0.	1.	0.	
-2.5123e-002	3.19532e-003	0.	1.	
Dynamic:	0	

Frame:	194
1.	0.	0.	0.	
0.	1.	0.	0.	
0.	0.	1.	0.	
-2.43217e-002	3.7339e-003	0.	1.	
Dynamic:	0	

Frame:	195
1.	0.	0.	0.	
0.	1.	0.	0.	
0.	0.	1.	0.	
-2.35204e-002	4.27249e-003	0.	1.	
Dynamic:	0	

Frame:	196
1.	0.	0.	0.	
0.	1.	0.	0.	
0.	0.	1.	0.	
-2.25188e-002	4.94572e-003	0.	1.	
Dynamic:	0	

Frame:	197
1.	0.	0.	0.	
0.	1.	0.	0.	
0.	0.	1.	0.	
-2.15172e-002	5.61895e-003	0.	1.	
Dynamic:	0	

Frame:	198
1.	0.	0.	0.	
0.	1.	0.	0.	
0.	0.	1.	0.	
-2.05156e-002	6.29219e-003	0.	1.	
Dynamic:	0	

Frame:	199
1.	0.	0.	0.	
0.	1.	0.	0.	
0.	0.	1.	0.	
-1.88128e-002	7.43669e-003	0.	1.	
Dynamic:	0	

Frame:	200
1.	0.	0.	0.	
0.	1.	0.	0.	
0.	0.	1.	0.	
-1.76109e-002	8.24457e-003	0.	1.	
Dynamic:	0	

Frame:	201
1.	0.	0.	0.	
0.	1.	0.	0.	
0.	0.	1.	0.	
-1.64089e-002	9.05245e-003	0.	1.	
Dynamic:	0	

Frame:	202
1.	0.	0.	0.	
0.	1.	0.	0.	
0.	0.	1.	0.	
-1.5207e-002	9.86033e-003	0.	1.	
Dynamic:	0	

Frame:	203
1.	0.	0.	0.	
0.	1.	0.	0.	
0.	0.	1.	0.	
-1.4005e-002	1.06682e-002	0.	1.	
Dynamic:	0	

Frame:	204
1.	0.	0.	0.	
0.	1.	0.	0.	
0.	0.	1.	0.	
-1.28031e-002	1.14761e-002	0.	1.	
Dynamic:	0	

Frame:	205
1.	0.	0.	0.	
0.	1.	0.	0.	
0.	0.	1.	0.	
0.	0.	0.	1.	
Dynamic:	0	

Frame:	206
1.	0.	0.	0.	
0.	1.	0.	0.	
0.	0.	1.	0.	
0.	0.	0.	1.	
Dynamic:	0	

Frame:	207
1.	0.	0.	0.	
0.	1.	0.	0.	
0.	0.	1.	0.	
0.	0.	0.	1.	
Dynamic:	0	

Frame:	208
1.	0.	0.	0.	
0.	1.	0.	0.	
0.	0.	1.	0.	
0.	0.	0.	1.	
Dynamic:	0	

Frame:	209
1.	0.	0.	0.	
0.	1.	0.	0.	
0.	0.	1.	0.	
0.	0.	0.	1.	
Dynamic:	0	

Frame:	210
1.	0.	0.	0.	
0.	1.	0.	0.	
0.	0.	1.	0.	
0.	0.	0.	1.	
Dynamic:	0	

Frame:	211
1.	0.	0.	0.	
0.	1.	0.	0.	
0.	0.	1.	0.	
0.	0.	0.	1.	
Dynamic:	0	

Frame:	212
1.	0.	0.	0.	
0.	1.	0.	0.	
0.	0.	1.	0.	
0.	0.	0.	1.	
Dynamic:	0	

Frame:	213
1.	0.	0.	0.	
0.	1.	0.	0.	
0.	0.	1.	0.	
0.	0.	0.	1.	
Dynamic:	0	

Frame:	214
1.	0.	0.	0.	
0.	1.	0.	0.	
0.	0.	1.	0.	
0.	0.	0.	1.	
Dynamic:	0	

Frame:	215
1.	0.	0.	0.	
0.	1.	0.	0.	
0.	0.	1.	0.	
0.	0.	0.	1.	
Dynamic:	0	

Frame:	216
1.	0.	0.	0.	
0.	1.	0.	0.	
0.	0.	1.	0.	
0.	0.	0.	1.	
Dynamic:	0	

Frame:	217
1.	0.	0.	0.	
0.	1.	0.	0.	
0.	0.	1.	0.	
0.	0.	0.	1.	
Dynamic:	0	

Frame:	218
1.	0.	0.	0.	
0.	1.	0.	0.	
0.	0.	1.	0.	
0.	0.	0.	1.	
Dynamic:	0	

Frame:	219
1.	0.	0.	0.	
0.	1.	0.	0.	
0.	0.	1.	0.	
0.	0.	0.	1.	
Dynamic:	0	

Frame:	220
1.	0.	0.	0.	
0.	1.	0.	0.	
0.	0.	1.	0.	
0.	0.	0.	1.	
Dynamic:	0	

Frame:	221
1.	0.	0.	0.	
0.	1.	0.	0.	
0.	0.	1.	0.	
0.	0.	0.	1.	
Dynamic:	0	

Frame:	222
1.	0.	0.	0.	
0.	1.	0.	0.	
0.	0.	1.	0.	
0.	0.	0.	1.	
Dynamic:	0	

Frame:	223
1.	0.	0.	0.	
0.	1.	0.	0.	
0.	0.	1.	0.	
0.	0.	0.	1.	
Dynamic:	0	

Frame:	224
1.	0.	0.	0.	
0.	1.	0.	0.	
0.	0.	1.	0.	
0.	0.	0.	1.	
Dynamic:	0	

Frame:	225
1.	0.	0.	0.	
0.	1.	0.	0.	
0.	0.	1.	0.	
0.	0.	0.	1.	
Dynamic:	0	

Frame:	226
1.	0.	0.	0.	
0.	1.	0.	0.	
0.	0.	1.	0.	
0.	0.	0.	1.	
Dynamic:	0	

Frame:	227
1.	0.	0.	0.	
0.	1.	0.	0.	
0.	0.	1.	0.	
0.	0.	0.	1.	
Dynamic:	0	

Frame:	228
1.	0.	0.	0.	
0.	1.	0.	0.	
0.	0.	1.	0.	
0.	0.	0.	1.	
Dynamic:	0	

Frame:	229
1.	0.	0.	0.	
0.	1.	0.	0.	
0.	0.	1.	0.	
0.	0.	0.	1.	
Dynamic:	0	

Frame:	230
1.	0.	0.	0.	
0.	1.	0.	0.	
0.	0.	1.	0.	
0.	0.	0.	1.	
Dynamic:	0	

Frame:	231
1.	0.	0.	0.	
0.	1.	0.	0.	
0.	0.	1.	0.	
0.	0.	0.	1.	
Dynamic:	0	

Frame:	232
1.	0.	0.	0.	
0.	1.	0.	0.	
0.	0.	1.	0.	
0.	0.	0.	1.	
Dynamic:	0	

Frame:	233
1.	0.	0.	0.	
0.	1.	0.	0.	
0.	0.	1.	0.	
0.	0.	0.	1.	
Dynamic:	0	

Frame:	234
1.	0.	0.	0.	
0.	1.	0.	0.	
0.	0.	1.	0.	
0.	0.	0.	1.	
Dynamic:	0	

Frame:	235
1.	0.	0.	0.	
0.	1.	0.	0.	
0.	0.	1.	0.	
0.	0.	0.	1.	
Dynamic:	0	

Frame:	236
1.	0.	0.	0.	
0.	1.	0.	0.	
0.	0.	1.	0.	
0.	0.	0.	1.	
Dynamic:	0	

Frame:	237
1.	0.	0.	0.	
0.	1.	0.	0.	
0.	0.	1.	0.	
0.	0.	0.	1.	
Dynamic:	0	

Frame:	238
1.	0.	0.	0.	
0.	1.	0.	0.	
0.	0.	1.	0.	
0.	0.	0.	1.	
Dynamic:	0	

Frame:	239
1.	0.	0.	0.	
0.	1.	0.	0.	
0.	0.	1.	0.	
0.	0.	0.	1.	
Dynamic:	0	

Frame:	240
1.	0.	0.	0.	
0.	1.	0.	0.	
0.	0.	1.	0.	
0.	0.	0.	1.	
Dynamic:	0	

Frame:	241
1.	0.	0.	0.	
0.	1.	0.	0.	
0.	0.	1.	0.	
0.	0.	0.	1.	
Dynamic:	0	

Frame:	242
1.	0.	0.	0.	
0.	1.	0.	0.	
0.	0.	1.	0.	
0.	0.	0.	1.	
Dynamic:	0	

Frame:	243
1.	0.	0.	0.	
0.	1.	0.	0.	
0.	0.	1.	0.	
0.	0.	0.	1.	
Dynamic:	0	

Frame:	244
1.	0.	0.	0.	
0.	1.	0.	0.	
0.	0.	1.	0.	
0.	0.	0.	1.	
Dynamic:	0	

Frame:	245
1.	0.	0.	0.	
0.	1.	0.	0.	
0.	0.	1.	0.	
0.	0.	0.	1.	
Dynamic:	0	

Frame:	246
1.	0.	0.	0.	
0.	1.	0.	0.	
0.	0.	1.	0.	
0.	0.	0.	1.	
Dynamic:	0	

Frame:	247
1.	0.	0.	0.	
0.	1.	0.	0.	
0.	0.	1.	0.	
0.	0.	0.	1.	
Dynamic:	0	

Frame:	248
1.	0.	0.	0.	
0.	1.	0.	0.	
0.	0.	1.	0.	
0.	0.	0.	1.	
Dynamic:	0	

Frame:	249
1.	0.	0.	0.	
0.	1.	0.	0.	
0.	0.	1.	0.	
0.	0.	0.	1.	
Dynamic:	0	

Frame:	250
1.	0.	0.	0.	
0.	1.	0.	0.	
0.	0.	1.	0.	
0.	0.	0.	1.	
Dynamic:	0	

Frame:	251
1.	0.	0.	0.	
0.	1.	0.	0.	
0.	0.	1.	0.	
0.	0.	0.	1.	
Dynamic:	0	

Frame:	252
1.	0.	0.	0.	
0.	1.	0.	0.	
0.	0.	1.	0.	
0.	0.	0.	1.	
Dynamic:	0	

Frame:	253
1.	0.	0.	0.	
0.	1.	0.	0.	
0.	0.	1.	0.	
0.	0.	0.	1.	
Dynamic:	0	

Frame:	254
1.	0.	0.	0.	
0.	1.	0.	0.	
0.	0.	1.	0.	
0.	0.	0.	1.	
Dynamic:	0	

Frame:	255
1.	0.	0.	0.	
0.	1.	0.	0.	
0.	0.	1.	0.	
0.	0.	0.	1.	
Dynamic:	0	

Frame:	256
1.	0.	0.	0.	
0.	1.	0.	0.	
0.	0.	1.	0.	
0.	0.	0.	1.	
Dynamic:	0	

Frame:	257
1.	0.	0.	0.	
0.	1.	0.	0.	
0.	0.	1.	0.	
0.	0.	0.	1.	
Dynamic:	0	

Frame:	258
1.	0.	0.	0.	
0.	1.	0.	0.	
0.	0.	1.	0.	
0.	0.	0.	1.	
Dynamic:	0	

Frame:	259
1.	0.	0.	0.	
0.	1.	0.	0.	
0.	0.	1.	0.	
0.	0.	0.	1.	
Dynamic:	0	

Frame:	260
1.	0.	0.	0.	
0.	1.	0.	0.	
0.	0.	1.	0.	
0.	0.	0.	1.	
Dynamic:	0	

Frame:	261
1.	0.	0.	0.	
0.	1.	0.	0.	
0.	0.	1.	0.	
0.	0.	0.	1.	
Dynamic:	0	

Frame:	262
1.	0.	0.	0.	
0.	1.	0.	0.	
0.	0.	1.	0.	
0.	0.	0.	1.	
Dynamic:	0	

Frame:	263
1.	0.	0.	0.	
0.	1.	0.	0.	
0.	0.	1.	0.	
0.	0.	0.	1.	
Dynamic:	0	

Frame:	264
1.	0.	0.	0.	
0.	1.	0.	0.	
0.	0.	1.	0.	
0.	0.	0.	1.	
Dynamic:	0	

Frame:	265
1.	0.	0.	0.	
0.	1.	0.	0.	
0.	0.	1.	0.	
0.	0.	0.	1.	
Dynamic:	0	

Frame:	266
1.	0.	0.	0.	
0.	1.	0.	0.	
0.	0.	1.	0.	
0.	0.	0.	1.	
Dynamic:	0	

Frame:	267
1.	0.	0.	0.	
0.	1.	0.	0.	
0.	0.	1.	0.	
0.	0.	0.	1.	
Dynamic:	0	

Frame:	268
1.	0.	0.	0.	
0.	1.	0.	0.	
0.	0.	1.	0.	
0.	0.	0.	1.	
Dynamic:	0	

Frame:	269
1.	0.	0.	0.	
0.	1.	0.	0.	
0.	0.	1.	0.	
0.	0.	0.	1.	
Dynamic:	0	

Frame:	270
1.	0.	0.	0.	
0.	1.	0.	0.	
0.	0.	1.	0.	
0.	0.	0.	1.	
Dynamic:	0	

Frame:	271
1.	0.	0.	0.	
0.	1.	0.	0.	
0.	0.	1.	0.	
0.	0.	0.	1.	
Dynamic:	0	

Frame:	272
1.	0.	0.	0.	
0.	1.	0.	0.	
0.	0.	1.	0.	
0.	0.	0.	1.	
Dynamic:	0	

Frame:	273
1.	0.	0.	0.	
0.	1.	0.	0.	
0.	0.	1.	0.	
0.	0.	0.	1.	
Dynamic:	0	

Frame:	274
1.	0.	0.	0.	
0.	1.	0.	0.	
0.	0.	1.	0.	
0.	0.	0.	1.	
Dynamic:	0	

Frame:	275
1.	0.	0.	0.	
0.	1.	0.	0.	
0.	0.	1.	0.	
0.	0.	0.	1.	
Dynamic:	0	

Frame:	276
1.	0.	0.	0.	
0.	1.	0.	0.	
0.	0.	1.	0.	
0.	0.	0.	1.	
Dynamic:	0	

Frame:	277
1.	0.	0.	0.	
0.	1.	0.	0.	
0.	0.	1.	0.	
0.	0.	0.	1.	
Dynamic:	0	

Frame:	278
1.	0.	0.	0.	
0.	1.	0.	0.	
0.	0.	1.	0.	
0.	0.	0.	1.	
Dynamic:	0	

Frame:	279
1.	0.	0.	0.	
0.	1.	0.	0.	
0.	0.	1.	0.	
0.	0.	0.	1.	
Dynamic:	0	

Frame:	280
1.	0.	0.	0.	
0.	1.	0.	0.	
0.	0.	1.	0.	
2.43865e-002	3.64729e-002	0.	1.	
Dynamic:	0	

Frame:	281
1.	0.	0.	0.	
0.	1.	0.	0.	
0.	0.	1.	0.	
2.45884e-002	3.66086e-002	0.	1.	
Dynamic:	0	

Frame:	282
1.	0.	0.	0.	
0.	1.	0.	0.	
0.	0.	1.	0.	
2.45884e-002	3.66086e-002	0.	1.	
Dynamic:	0	

Frame:	283
1.	0.	0.	0.	
0.	1.	0.	0.	
0.	0.	1.	0.	
2.45884e-002	3.66086e-002	0.	1.	
Dynamic:	0	

Frame:	284
1.	-3.7438e-004	0.	0.	
3.7438e-004	1.	0.	0.	
0.	0.	1.	0.	
-0.16641	0.278373	0.	1.	
Dynamic:	0	

Frame:	285
1.	-5.05307e-004	0.	0.	
5.05307e-004	1.	0.	0.	
0.	0.	1.	0.	
-0.240192	0.373431	0.	1.	
Dynamic:	0	

Frame:	286
1.	7.4793e-004	0.	0.	
-7.4793e-004	1.	0.	0.	
0.	0.	1.	0.	
-0.181512	0.429506	0.	1.	
Dynamic:	0	

Frame:	287
0.999999	1.26329e-003	0.	0.	
-1.26329e-003	0.999999	0.	0.	
0.	0.	1.	0.	
-0.152023	0.445004	0.	1.	
Dynamic:	0	

Frame:	288
1.	6.78415e-004	0.	0.	
-6.78415e-004	1.	0.	0.	
0.	0.	1.	0.	
-0.185728	0.427285	0.	1.	
Dynamic:	0	

Frame:	289
1.	-6.64536e-004	0.	0.	
6.64536e-004	1.	0.	0.	
0.	0.	1.	0.	
-0.263072	0.385434	0.	1.	
Dynamic:	0	

Frame:	290
1.	6.71989e-004	0.	0.	
-6.71989e-004	1.	0.	0.	
0.	0.	1.	0.	
-0.185558	0.427389	0.	1.	
Dynamic:	0	

Frame:	291
1.	-6.64725e-004	0.	0.	
6.64725e-004	1.	0.	0.	
0.	0.	1.	0.	
-0.263626	0.385128	0.	1.	
Dynamic:	0	

Frame:	292
1.	6.68626e-004	0.	0.	
-6.68626e-004	1.	0.	0.	
0.	0.	1.	0.	
-0.185214	0.427585	0.	1.	
Dynamic:	0	

Frame:	293
1.	-7.80028e-004	0.	0.	
7.80028e-004	1.	0.	0.	
0.	0.	1.	0.	
-0.270943	0.381055	0.	1.	
Dynamic:	0	

Frame:	294
1.	9.51564e-004	0.	0.	
-9.51564e-004	1.	0.	0.	
0.	0.	1.	0.	
-0.16763	0.436862	0.	1.	
Dynamic:	0	

Frame:	295
1.	-6.2589e-004	0.	0.	
6.2589e-004	1.	0.	0.	
0.	0.	1.	0.	
-0.262464	0.385781	0.	1.	
Dynamic:	0	

Frame:	296
1.	8.00784e-004	0.	0.	
-8.00784e-004	1.	0.	0.	
0.	0.	1.	0.	
-0.176169	0.432378	0.	1.	
Dynamic:	0	

Frame:	297
1.	-6.32101e-004	0.	0.	
6.32101e-004	1.	0.	0.	
0.	0.	1.	0.	
-0.263419	0.385251	0.	1.	
Dynamic:	0	

Frame:	298
1.	-7.71515e-004	0.	0.	
7.71515e-004	1.	0.	0.	
0.	0.	1.	0.	
-0.271894	0.380531	0.	1.	
Dynamic:	0	

Frame:	299
1.	-9.03733e-004	0.	0.	
9.03733e-004	1.	0.	0.	
0.	0.	1.	0.	
-0.279986	0.376027	0.	1.	
Dynamic:	0	

Frame:	300
0.999999	1.08831e-003	0.	0.	
-1.08831e-003	0.999999	0.	0.	
0.	0.	1.	0.	
-0.156286	0.442923	0.	1.	
Dynamic:	0	

Frame:	301
1.	-9.10374e-004	0.	0.	
9.10374e-004	1.	0.	0.	
0.	0.	1.	0.	
-0.281207	0.375352	0.	1.	
Dynamic:	0	

Frame:	302
0.999999	1.00593e-003	0.	0.	
-1.00593e-003	0.999999	0.	0.	
0.	0.	1.	0.	
-0.16069	0.440615	0.	1.	
Dynamic:	0	

Frame:	303
1.	-9.13811e-004	0.	0.	
9.13811e-004	1.	0.	0.	
0.	0.	1.	0.	
-0.282202	0.374802	0.	1.	
Dynamic:	0	

Frame:	304
0.999999	-1.10842e-003	0.	0.	
1.10842e-003	0.999999	0.	0.	
0.	0.	1.	0.	
-0.294509	0.367956	0.	1.	
Dynamic:	0	

Frame:	305
0.999999	-1.05824e-003	0.	0.	
1.05824e-003	0.999999	0.	0.	
0.	0.	1.	0.	
-0.291316	0.369732	0.	1.	
Dynamic:	0	

Frame:	306
0.999999	-1.01034e-003	0.	0.	
1.01034e-003	0.999999	0.	0.	
0.	0.	1.	0.	
-0.288247	0.371439	0.	1.	
Dynamic:	0	

Frame:	307
0.999999	1.36007e-003	0.	0.	
-1.36007e-003	0.999999	0.	0.	
0.	0.	1.	0.	
-0.134256	0.454676	0.	1.	
Dynamic:	0	

Frame:	308
1.	-9.86087e-004	0.	0.	
9.86087e-004	1.	0.	0.	
0.	0.	1.	0.	
-0.277597	0.356761	0.	1.	
Dynamic:	0	

Frame:	309
0.999999	1.0022e-003	0.	0.	
-1.0022e-003	0.999999	0.	0.	
0.	0.	1.	0.	
-0.124995	0.394447	0.	1.	
Dynamic:	0	

Frame:	310
1.	-9.04871e-004	0.	0.	
9.04871e-004	1.	0.	0.	
0.	0.	1.	0.	
-0.195026	0.241776	0.	1.	
Dynamic:	0	

Frame:	311
1.	-7.23981e-004	0.	0.	
7.23981e-004	1.	0.	0.	
0.	0.	1.	0.	
-0.155177	0.206162	0.	1.	
Dynamic:	0	

Frame:	312
1.	-5.69931e-004	0.	0.	
5.69931e-004	1.	0.	0.	
0.	0.	1.	0.	
-0.119086	0.17258	0.	1.	
Dynamic:	0	

Frame:	313
1.	-3.98854e-004	0.	0.	
3.98854e-004	1.	0.	0.	
0.	0.	1.	0.	
-7.59312e-002	0.130535	0.	1.	
Dynamic:	0	

Frame:	314
1.	0.	0.	0.	
0.	1.	0.	0.	
0.	0.	1.	0.	
-1.15376e-002	8.79218e-002	0.	1.	
Dynamic:	0	

Frame:	315
1.	0.	0.	0.	
0.	1.	0.	0.	
0.	0.	1.	0.	
1.82345e-002	4.25635e-002	0.	1.	
Dynamic:	0	

Frame:	316
1.	0.	0.	0.	
0.	1.	0.	0.	
0.	0.	1.	0.	
0.	0.	0.	1.	
Dynamic:	0	

Frame:	317
1.	0.	0.	0.	
0.	1.	0.	0.	
0.	0.	1.	0.	
0.	0.	0.	1.	
Dynamic:	0	

Frame:	318
1.	0.	0.	0.	
0.	1.	0.	0.	
0.	0.	1.	0.	
0.	0.	0.	1.	
Dynamic:	0	

Frame:	319
1.	0.	0.	0.	
0.	1.	0.	0.	
0.	0.	1.	0.	
0.	0.	0.	1.	
Dynamic:	0	

Frame:	320
1.	0.	0.	0.	
0.	1.	0.	0.	
0.	0.	1.	0.	
0.	0.	0.	1.	
Dynamic:	0	

Frame:	321
1.	0.	0.	0.	
0.	1.	0.	0.	
0.	0.	1.	0.	
0.	0.	0.	1.	
Dynamic:	0	

Frame:	322
1.	0.	0.	0.	
0.	1.	0.	0.	
0.	0.	1.	0.	
0.	0.	0.	1.	
Dynamic:	0	

Frame:	323
1.	0.	0.	0.	
0.	1.	0.	0.	
0.	0.	1.	0.	
0.	0.	0.	1.	
Dynamic:	0	

Frame:	324
1.	0.	0.	0.	
0.	1.	0.	0.	
0.	0.	1.	0.	
0.	0.	0.	1.	
Dynamic:	0	

Frame:	325
1.	0.	0.	0.	
0.	1.	0.	0.	
0.	0.	1.	0.	
0.	0.	0.	1.	
Dynamic:	0	

Frame:	326
1.	0.	0.	0.	
0.	1.	0.	0.	
0.	0.	1.	0.	
0.	0.	0.	1.	
Dynamic:	0	

Frame:	327
1.	0.	0.	0.	
0.	1.	0.	0.	
0.	0.	1.	0.	
0.	0.	0.	1.	
Dynamic:	0	

Frame:	328
1.	0.	0.	0.	
0.	1.	0.	0.	
0.	0.	1.	0.	
0.	0.	0.	1.	
Dynamic:	0	

Frame:	329
1.	0.	0.	0.	
0.	1.	0.	0.	
0.	0.	1.	0.	
0.	0.	0.	1.	
Dynamic:	0	

Frame:	330
1.	0.	0.	0.	
0.	1.	0.	0.	
0.	0.	1.	0.	
0.	0.	0.	1.	
Dynamic:	0	

Frame:	331
1.	0.	0.	0.	
0.	1.	0.	0.	
0.	0.	1.	0.	
0.	0.	0.	1.	
Dynamic:	0	

Frame:	332
1.	0.	0.	0.	
0.	1.	0.	0.	
0.	0.	1.	0.	
0.	0.	0.	1.	
Dynamic:	0	

Frame:	333
1.	0.	0.	0.	
0.	1.	0.	0.	
0.	0.	1.	0.	
0.	0.	0.	1.	
Dynamic:	0	

Frame:	334
1.	0.	0.	0.	
0.	1.	0.	0.	
0.	0.	1.	0.	
0.	0.	0.	1.	
Dynamic:	0	

Frame:	335
1.	0.	0.	0.	
0.	1.	0.	0.	
0.	0.	1.	0.	
0.	0.	0.	1.	
Dynamic:	0	

Frame:	336
1.	0.	0.	0.	
0.	1.	0.	0.	
0.	0.	1.	0.	
0.	0.	0.	1.	
Dynamic:	0	

Frame:	337
1.	0.	0.	0.	
0.	1.	0.	0.	
0.	0.	1.	0.	
0.	0.	0.	1.	
Dynamic:	0	

Frame:	338
1.	0.	0.	0.	
0.	1.	0.	0.	
0.	0.	1.	0.	
0.	0.	0.	1.	
Dynamic:	0	

Frame:	339
1.	0.	0.	0.	
0.	1.	0.	0.	
0.	0.	1.	0.	
0.	0.	0.	1.	
Dynamic:	0	

Frame:	340
1.	0.	0.	0.	
0.	1.	0.	0.	
0.	0.	1.	0.	
0.	0.	0.	1.	
Dynamic:	0	

Frame:	341
1.	0.	0.	0.	
0.	1.	0.	0.	
0.	0.	1.	0.	
0.	0.	0.	1.	
Dynamic:	0	

Frame:	342
1.	0.	0.	0.	
0.	1.	0.	0.	
0.	0.	1.	0.	
0.	0.	0.	1.	
Dynamic:	0	

Frame:	343
1.	0.	0.	0.	
0.	1.	0.	0.	
0.	0.	1.	0.	
0.	0.	0.	1.	
Dynamic:	0	

Frame:	344
1.	0.	0.	0.	
0.	1.	0.	0.	
0.	0.	1.	0.	
0.	0.	0.	1.	
Dynamic:	0	

Frame:	345
1.	0.	0.	0.	
0.	1.	0.	0.	
0.	0.	1.	0.	
0.	0.	0.	1.	
Dynamic:	0	

Frame:	346
1.	0.	0.	0.	
0.	1.	0.	0.	
0.	0.	1.	0.	
0.	0.	0.	1.	
Dynamic:	0	

Frame:	347
1.	0.	0.	0.	
0.	1.	0.	0.	
0.	0.	1.	0.	
0.	0.	0.	1.	
Dynamic:	0	

Frame:	348
1.	0.	0.	0.	
0.	1.	0.	0.	
0.	0.	1.	0.	
0.	0.	0.	1.	
Dynamic:	0	

Frame:	349
1.	0.	0.	0.	
0.	1.	0.	0.	
0.	0.	1.	0.	
0.	0.	0.	1.	
Dynamic:	0	

Frame:	350
1.	0.	0.	0.	
0.	1.	0.	0.	
0.	0.	1.	0.	
0.	0.	0.	1.	
Dynamic:	0	

Frame:	351
1.	0.	0.	0.	
0.	1.	0.	0.	
0.	0.	1.	0.	
0.	0.	0.	1.	
Dynamic:	0	

Frame:	352
1.	0.	0.	0.	
0.	1.	0.	0.	
0.	0.	1.	0.	
0.	0.	0.	1.	
Dynamic:	0	

Frame:	353
1.	0.	0.	0.	
0.	1.	0.	0.	
0.	0.	1.	0.	
0.	0.	0.	1.	
Dynamic:	0	

Frame:	354
1.	0.	0.	0.	
0.	1.	0.	0.	
0.	0.	1.	0.	
0.	0.	0.	1.	
Dynamic:	0	

Frame:	355
1.	0.	0.	0.	
0.	1.	0.	0.	
0.	0.	1.	0.	
0.	0.	0.	1.	
Dynamic:	0	

Frame:	356
1.	0.	0.	0.	
0.	1.	0.	0.	
0.	0.	1.	0.	
0.	0.	0.	1.	
Dynamic:	0	

Frame:	357
1.	0.	0.	0.	
0.	1.	0.	0.	
0.	0.	1.	0.	
0.	0.	0.	1.	
Dynamic:	0	

Frame:	358
1.	0.	0.	0.	
0.	1.	0.	0.	
0.	0.	1.	0.	
0.	0.	0.	1.	
Dynamic:	0	

Frame:	359
1.	0.	0.	0.	
0.	1.	0.	0.	
0.	0.	1.	0.	
0.	0.	0.	1.	
Dynamic:	0	

Frame:	360
1.	0.	0.	0.	
0.	1.	0.	0.	
0.	0.	1.	0.	
0.	0.	0.	1.	
Dynamic:	0	

Frame:	361
1.	0.	0.	0.	
0.	1.	0.	0.	
0.	0.	1.	0.	
0.	0.	0.	1.	
Dynamic:	0	

Frame:	362
1.	0.	0.	0.	
0.	1.	0.	0.	
0.	0.	1.	0.	
0.	0.	0.	1.	
Dynamic:	0	

Frame:	363
1.	0.	0.	0.	
0.	1.	0.	0.	
0.	0.	1.	0.	
0.	0.	0.	1.	
Dynamic:	0	

Frame:	364
1.	0.	0.	0.	
0.	1.	0.	0.	
0.	0.	1.	0.	
0.	0.	0.	1.	
Dynamic:	0	

Frame:	365
1.	0.	0.	0.	
0.	1.	0.	0.	
0.	0.	1.	0.	
0.	0.	0.	1.	
Dynamic:	0	

Frame:	366
1.	0.	0.	0.	
0.	1.	0.	0.	
0.	0.	1.	0.	
0.	0.	0.	1.	
Dynamic:	0	

Frame:	367
1.	0.	0.	0.	
0.	1.	0.	0.	
0.	0.	1.	0.	
0.	0.	0.	1.	
Dynamic:	0	

Frame:	368
1.	0.	0.	0.	
0.	1.	0.	0.	
0.	0.	1.	0.	
0.	0.	0.	1.	
Dynamic:	0	

Frame:	369
1.	0.	0.	0.	
0.	1.	0.	0.	
0.	0.	1.	0.	
0.	0.	0.	1.	
Dynamic:	0	

Frame:	370
1.	0.	0.	0.	
0.	1.	0.	0.	
0.	0.	1.	0.	
0.	0.	0.	1.	
Dynamic:	0	

Frame:	371
1.	0.	0.	0.	
0.	1.	0.	0.	
0.	0.	1.	0.	
0.	0.	0.	1.	
Dynamic:	0	

Frame:	372
1.	0.	0.	0.	
0.	1.	0.	0.	
0.	0.	1.	0.	
0.	0.	0.	1.	
Dynamic:	0	

Frame:	373
1.	0.	0.	0.	
0.	1.	0.	0.	
0.	0.	1.	0.	
0.	0.	0.	1.	
Dynamic:	0	

Frame:	374
1.	0.	0.	0.	
0.	1.	0.	0.	
0.	0.	1.	0.	
0.	0.	0.	1.	
Dynamic:	0	

Frame:	375
1.	0.	0.	0.	
0.	1.	0.	0.	
0.	0.	1.	0.	
0.	0.	0.	1.	
Dynamic:	0	

Frame:	376
1.	0.	0.	0.	
0.	1.	0.	0.	
0.	0.	1.	0.	
0.	0.	0.	1.	
Dynamic:	0	

Frame:	377
1.	0.	0.	0.	
0.	1.	0.	0.	
0.	0.	1.	0.	
0.	0.	0.	1.	
Dynamic:	0	

Frame:	378
1.	0.	0.	0.	
0.	1.	0.	0.	
0.	0.	1.	0.	
0.	0.	0.	1.	
Dynamic:	0	

Frame:	379
1.	0.	0.	0.	
0.	1.	0.	0.	
0.	0.	1.	0.	
0.	0.	0.	1.	
Dynamic:	0	

Frame:	380
1.	0.	0.	0.	
0.	1.	0.	0.	
0.	0.	1.	0.	
0.	0.	0.	1.	
Dynamic:	0	

Frame:	381
1.	0.	0.	0.	
0.	1.	0.	0.	
0.	0.	1.	0.	
0.	0.	0.	1.	
Dynamic:	0	

Frame:	382
1.	0.	0.	0.	
0.	1.	0.	0.	
0.	0.	1.	0.	
0.	0.	0.	1.	
Dynamic:	0	

Frame:	383
1.	0.	0.	0.	
0.	1.	0.	0.	
0.	0.	1.	0.	
0.	0.	0.	1.	
Dynamic:	0	

Frame:	384
1.	0.	0.	0.	
0.	1.	0.	0.	
0.	0.	1.	0.	
0.	0.	0.	1.	
Dynamic:	0	

Frame:	385
1.	0.	0.	0.	
0.	1.	0.	0.	
0.	0.	1.	0.	
0.	0.	0.	1.	
Dynamic:	0	

Frame:	386
1.	0.	0.	0.	
0.	1.	0.	0.	
0.	0.	1.	0.	
0.	0.	0.	1.	
Dynamic:	0	

Frame:	387
1.	0.	0.	0.	
0.	1.	0.	0.	
0.	0.	1.	0.	
0.	0.	0.	1.	
Dynamic:	0	

Frame:	388
1.	0.	0.	0.	
0.	1.	0.	0.	
0.	0.	1.	0.	
1.19169e-002	5.13933e-002	0.	1.	
Dynamic:	0	

Frame:	389
1.	-4.76938e-004	0.	0.	
4.76938e-004	1.	0.	0.	
0.	0.	1.	0.	
-0.100165	0.154149	0.	1.	
Dynamic:	0	

Frame:	390
1.	-6.98421e-004	0.	0.	
6.98421e-004	1.	0.	0.	
0.	0.	1.	0.	
-0.165047	0.221258	0.	1.	
Dynamic:	0	

Frame:	391
1.	-9.51946e-004	0.	0.	
9.51946e-004	1.	0.	0.	
0.	0.	1.	0.	
-0.244043	0.305302	0.	1.	
Dynamic:	0	

Frame:	392
0.999999	1.14905e-003	0.	0.	
-1.14905e-003	0.999999	0.	0.	
0.	0.	1.	0.	
-0.145319	0.448332	0.	1.	
Dynamic:	0	

Frame:	393
0.999998	-1.75535e-003	0.	0.	
1.75535e-003	0.999998	0.	0.	
0.	0.	1.	0.	
-0.343285	0.341145	0.	1.	
Dynamic:	0	

Frame:	394
0.999999	-1.72435e-003	0.	0.	
1.72435e-003	0.999999	0.	0.	
0.	0.	1.	0.	
-0.34117	0.34231	0.	1.	
Dynamic:	0	

Frame:	395
0.999999	-1.61787e-003	0.	0.	
1.61787e-003	0.999999	0.	0.	
0.	0.	1.	0.	
-0.333859	0.346337	0.	1.	
Dynamic:	0	

Frame:	396
0.999999	-1.51796e-003	0.	0.	
1.51796e-003	0.999999	0.	0.	
0.	0.	1.	0.	
-0.32696	0.350138	0.	1.	
Dynamic:	0	

Frame:	397
0.999999	-1.42422e-003	0.	0.	
1.42422e-003	0.999999	0.	0.	
0.	0.	1.	0.	
-0.320448	0.353726	0.	1.	
Dynamic:	0	

Frame:	398
0.999998	1.85888e-003	0.	0.	
-1.85888e-003	0.999998	0.	0.	
0.	0.	1.	0.	
-8.95361e-002	0.477859	0.	1.	
Dynamic:	0	

Frame:	399
0.999998	-2.19455e-003	0.	0.	
2.19455e-003	0.999998	0.	0.	
0.	0.	1.	0.	
-0.375933	0.323197	0.	1.	
Dynamic:	0	

Frame:	400
0.999998	-1.98959e-003	0.	0.	
1.98959e-003	0.999998	0.	0.	
0.	0.	1.	0.	
-0.361441	0.331169	0.	1.	
Dynamic:	0	

Frame:	401
0.999998	-1.80378e-003	0.	0.	
1.80378e-003	0.999998	0.	0.	
0.	0.	1.	0.	
-0.348227	0.338439	0.	1.	
Dynamic:	0	

Frame:	402
0.999999	-1.63532e-003	0.	0.	
1.63532e-003	0.999999	0.	0.	
0.	0.	1.	0.	
-0.336179	0.34507	0.	1.	
Dynamic:	0	

Frame:	403
0.999998	-1.78656e-003	0.	0.	
1.78656e-003	0.999998	0.	0.	
0.	0.	1.	0.	
-0.347058	0.339084	0.	1.	
Dynamic:	0	

Frame:	404
0.999997	-2.53407e-003	0.	0.	
2.53407e-003	0.999997	0.	0.	
0.	0.	1.	0.	
-0.401142	0.30936	0.	1.	
Dynamic:	0	

Frame:	405
0.999997	-2.2931e-003	0.	0.	
2.2931e-003	0.999997	0.	0.	
0.	0.	1.	0.	
-0.383606	0.31899	0.	1.	
Dynamic:	0	

Frame:	406
0.999998	-2.07505e-003	0.	0.	
2.07505e-003	0.999998	0.	0.	
0.	0.	1.	0.	
-0.367649	0.327754	0.	1.	
Dynamic:	0	

Frame:	407
0.999998	-1.87773e-003	0.	0.	
1.87773e-003	0.999998	0.	0.	
0.	0.	1.	0.	
-0.353131	0.335731	0.	1.	
Dynamic:	0	

Frame:	408
0.999998	2.14508e-003	0.	0.	
-2.14508e-003	0.999998	0.	0.	
0.	0.	1.	0.	
-5.38768e-002	0.496759	0.	1.	
Dynamic:	0	

Frame:	409
0.999993	-3.84234e-003	0.	0.	
3.84234e-003	0.999993	0.	0.	
0.	0.	1.	0.	
-0.501023	0.254745	0.	1.	
Dynamic:	0	

Frame:	410
0.999996	-2.99407e-003	0.	0.	
2.99407e-003	0.999996	0.	0.	
0.	0.	1.	0.	
-0.437613	0.289424	0.	1.	
Dynamic:	0	

Frame:	411
0.999996	-2.70376e-003	0.	0.	
2.70376e-003	0.999996	0.	0.	
0.	0.	1.	0.	
-0.415868	0.301324	0.	1.	
Dynamic:	0	

Frame:	412
0.999997	-2.44159e-003	0.	0.	
2.44159e-003	0.999997	0.	0.	
0.	0.	1.	0.	
-0.396134	0.312126	0.	1.	
Dynamic:	0	

Frame:	413
0.999998	-2.20484e-003	0.	0.	
2.20484e-003	0.999998	0.	0.	
0.	0.	1.	0.	
-0.37833	0.321865	0.	1.	
Dynamic:	0	

Frame:	414
0.999996	2.8265e-003	0.	0.	
-2.8265e-003	0.999996	0.	0.	
0.	0.	1.	0.	
8.33448e-003	0.529453	0.	1.	
Dynamic:	0	

Frame:	415
0.99999	-4.57656e-003	0.	0.	
4.57656e-003	0.99999	0.	0.	
0.	0.	1.	0.	
-0.563191	0.220991	0.	1.	
Dynamic:	0	

Frame:	416
0.999993	-3.67996e-003	0.	0.	
3.67996e-003	0.999993	0.	0.	
0.	0.	1.	0.	
-0.49412	0.258603	0.	1.	
Dynamic:	0	

Frame:	417
0.999995	-3.18335e-003	0.	0.	
3.18335e-003	0.999995	0.	0.	
0.	0.	1.	0.	
-0.455809	0.279483	0.	1.	
Dynamic:	0	

Frame:	418
0.999996	-2.86813e-003	0.	0.	
2.86813e-003	0.999996	0.	0.	
0.	0.	1.	0.	
-0.43148	0.292744	0.	1.	
Dynamic:	0	

Frame:	419
0.999997	-2.58413e-003	0.	0.	
2.58413e-003	0.999997	0.	0.	
0.	0.	1.	0.	
-0.409582	0.304677	0.	1.	
Dynamic:	0	

Frame:	420
0.999989	-4.70762e-003	0.	0.	
4.70762e-003	0.999989	0.	0.	
0.	0.	1.	0.	
-0.577917	0.213003	0.	1.	
Dynamic:	0	

Frame:	421
0.999993	-3.7651e-003	0.	0.	
3.7651e-003	0.999993	0.	0.	
0.	0.	1.	0.	
-0.503433	0.253459	0.	1.	
Dynamic:	0	

Frame:	422
0.999994	-3.50682e-003	0.	0.	
3.50682e-003	0.999994	0.	0.	
0.	0.	1.	0.	
-0.48333	0.264372	0.	1.	
Dynamic:	0	

Frame:	423
0.999995	-3.1517e-003	0.	0.	
3.1517e-003	0.999995	0.	0.	
0.	0.	1.	0.	
-0.45535	0.279573	0.	1.	
Dynamic:	0	

Frame:	424
0.999993	3.71989e-003	0.	0.	
-3.71989e-003	0.999993	0.	0.	
0.	0.	1.	0.	
0.100297	0.577008	0.	1.	
Dynamic:	0	

Frame:	425
0.999979	-6.49367e-003	0.	0.	
6.49367e-003	0.999979	0.	0.	
0.	0.	1.	0.	
-0.730707	0.130629	0.	1.	
Dynamic:	0	

Frame:	426
0.999987	-5.16309e-003	0.	0.	
5.16309e-003	0.999987	0.	0.	
0.	0.	1.	0.	
-0.622414	0.189072	0.	1.	
Dynamic:	0	

Frame:	427
0.999992	-4.10514e-003	0.	0.	
4.10514e-003	0.999992	0.	0.	
0.	0.	1.	0.	
-0.535882	0.235879	0.	1.	
Dynamic:	0	

Frame:	428
0.999992	-3.97384e-003	0.	0.	
3.97384e-003	0.999992	0.	0.	
0.	0.	1.	0.	
-0.525277	0.241617	0.	1.	
Dynamic:	0	

Frame:	429
0.999994	-3.5617e-003	0.	0.	
3.5617e-003	0.999994	0.	0.	
0.	0.	1.	0.	
-0.491472	0.259914	0.	1.	
Dynamic:	0	

Frame:	430
0.999979	-6.46401e-003	0.	0.	
6.46401e-003	0.999979	0.	0.	
0.	0.	1.	0.	
-0.733359	0.129446	0.	1.	
Dynamic:	0	

Frame:	431
0.999987	-5.10655e-003	0.	0.	
5.10655e-003	0.999987	0.	0.	
0.	0.	1.	0.	
-0.619916	0.190474	0.	1.	
Dynamic:	0	

Frame:	432
0.999992	-4.03415e-003	0.	0.	
4.03415e-003	0.999992	0.	0.	
0.	0.	1.	0.	
-0.529949	0.238976	0.	1.	
Dynamic:	0	

Frame:	433
0.999991	-4.32249e-003	0.	0.	
4.32249e-003	0.999991	0.	0.	
0.	0.	1.	0.	
-0.554527	0.225728	0.	1.	
Dynamic:	0	

Frame:	434
0.999969	-7.82685e-003	0.	0.	
7.82685e-003	0.999969	0.	0.	
0.	0.	1.	0.	
-0.852759	6.58162e-002	0.	1.	
Dynamic:	0	

Frame:	435
0.999981	-6.14003e-003	0.	0.	
6.14003e-003	0.999981	0.	0.	
0.	0.	1.	0.	
-0.709435	0.142449	0.	1.	
Dynamic:	0	

Frame:	436
0.99999	-4.4028e-003	0.	0.	
4.4028e-003	0.99999	0.	0.	
0.	0.	1.	0.	
-0.543221	0.186486	0.	1.	
Dynamic:	0	

Frame:	437
0.999995	-3.14263e-003	0.	0.	
3.14263e-003	0.999995	0.	0.	
0.	0.	1.	0.	
-0.414613	0.202304	0.	1.	
Dynamic:	0	

Frame:	438
0.999995	-3.05267e-003	0.	0.	
3.05267e-003	0.999995	0.	0.	
0.	0.	1.	0.	
-0.373136	0.13438	0.	1.	
Dynamic:	0	

Frame:	439
0.999995	3.13125e-003	0.	0.	
-3.13125e-003	0.999995	0.	0.	
0.	0.	1.	0.	
0.18542	0.377392	0.	1.	
Dynamic:	0	

Frame:	440
0.99999	-4.53687e-003	0.	0.	
4.53687e-003	0.99999	0.	0.	
0.	0.	1.	0.	
-0.471228	-8.10354e-003	0.	1.	
Dynamic:	0	

Frame:	441
0.999994	-3.32052e-003	0.	0.	
3.32052e-003	0.999994	0.	0.	
0.	0.	1.	0.	
-0.349233	1.22043e-002	0.	1.	
Dynamic:	0	

Frame:	442
0.999997	-2.29478e-003	0.	0.	
2.29478e-003	0.999997	0.	0.	
0.	0.	1.	0.	
-0.241826	2.06863e-002	0.	1.	
Dynamic:	0	

Frame:	443
0.999999	-1.27712e-003	0.	0.	
1.27712e-003	0.999999	0.	0.	
0.	0.	1.	0.	
-0.130351	1.91416e-002	0.	1.	
Dynamic:	0	

Frame:	444
1.	-8.37624e-004	0.	0.	
8.37624e-004	1.	0.	0.	
0.	0.	1.	0.	
-8.23286e-002	1.63486e-002	0.	1.	
Dynamic:	0	

Frame:	445
1.	-5.43925e-004	0.	0.	
5.43925e-004	1.	0.	0.	
0.	0.	1.	0.	
-5.01223e-002	1.32523e-002	0.	1.	
Dynamic:	0	

Frame:	446
1.	0.	0.	0.	
0.	1.	0.	0.	
0.	0.	1.	0.	
0.	0.	0.	1.	
Dynamic:	0	

Frame:	447
1.	0.	0.	0.	
0.	1.	0.	0.	
0.	0.	1.	0.	
0.	0.	0.	1.	
Dynamic:	0	

Frame:	448
1.	0.	0.	0.	
0.	1.	0.	0.	
0.	0.	1.	0.	
0.	0.	0.	1.	
Dynamic:	0	

Frame:	449
1.	0.	0.	0.	
0.	1.	0.	0.	
0.	0.	1.	0.	
0.	0.	0.	1.	
Dynamic:	0	

Frame:	450
1.	0.	0.	0.	
0.	1.	0.	0.	
0.	0.	1.	0.	
0.	0.	0.	1.	
Dynamic:	0	

Frame:	451
1.	0.	0.	0.	
0.	1.	0.	0.	
0.	0.	1.	0.	
0.	0.	0.	1.	
Dynamic:	0	

Frame:	452
1.	0.	0.	0.	
0.	1.	0.	0.	
0.	0.	1.	0.	
0.	0.	0.	1.	
Dynamic:	0	

Frame:	453
1.	0.	0.	0.	
0.	1.	0.	0.	
0.	0.	1.	0.	
0.	0.	0.	1.	
Dynamic:	0	

Frame:	454
1.	0.	0.	0.	
0.	1.	0.	0.	
0.	0.	1.	0.	
0.	0.	0.	1.	
Dynamic:	0	

Frame:	455
1.	0.	0.	0.	
0.	1.	0.	0.	
0.	0.	1.	0.	
0.	0.	0.	1.	
Dynamic:	0	

Frame:	456
1.	0.	0.	0.	
0.	1.	0.	0.	
0.	0.	1.	0.	
0.	0.	0.	1.	
Dynamic:	0	

Frame:	457
1.	0.	0.	0.	
0.	1.	0.	0.	
0.	0.	1.	0.	
0.	0.	0.	1.	
Dynamic:	0	

Frame:	458
1.	0.	0.	0.	
0.	1.	0.	0.	
0.	0.	1.	0.	
0.	0.	0.	1.	
Dynamic:	0	

Frame:	459
1.	0.	0.	0.	
0.	1.	0.	0.	
0.	0.	1.	0.	
0.	0.	0.	1.	
Dynamic:	0	

Frame:	460
1.	0.	0.	0.	
0.	1.	0.	0.	
0.	0.	1.	0.	
0.	0.	0.	1.	
Dynamic:	0	

Frame:	461
1.	0.	0.	0.	
0.	1.	0.	0.	
0.	0.	1.	0.	
0.	0.	0.	1.	
Dynamic:	0	

Frame:	462
1.	0.	0.	0.	
0.	1.	0.	0.	
0.	0.	1.	0.	
0.	0.	0.	1.	
Dynamic:	0	

Frame:	463
1.	0.	0.	0.	
0.	1.	0.	0.	
0.	0.	1.	0.	
0.	0.	0.	1.	
Dynamic:	0	

Frame:	464
1.	0.	0.	0.	
0.	1.	0.	0.	
0.	0.	1.	0.	
0.	0.	0.	1.	
Dynamic:	0	

Frame:	465
1.	0.	0.	0.	
0.	1.	0.	0.	
0.	0.	1.	0.	
0.	0.	0.	1.	
Dynamic:	0	

Frame:	466
1.	0.	0.	0.	
0.	1.	0.	0.	
0.	0.	1.	0.	
0.	0.	0.	1.	
Dynamic:	0	

Frame:	467
1.	0.	0.	0.	
0.	1.	0.	0.	
0.	0.	1.	0.	
0.	0.	0.	1.	
Dynamic:	0	

Frame:	468
1.	0.	0.	0.	
0.	1.	0.	0.	
0.	0.	1.	0.	
0.	0.	0.	1.	
Dynamic:	0	

Frame:	469
1.	0.	0.	0.	
0.	1.	0.	0.	
0.	0.	1.	0.	
0.	0.	0.	1.	
Dynamic:	0	

Frame:	470
1.	0.	0.	0.	
0.	1.	0.	0.	
0.	0.	1.	0.	
0.	0.	0.	1.	
Dynamic:	0	

Frame:	471
1.	0.	0.	0.	
0.	1.	0.	0.	
0.	0.	1.	0.	
0.	0.	0.	1.	
Dynamic:	0	

Frame:	472
1.	0.	0.	0.	
0.	1.	0.	0.	
0.	0.	1.	0.	
0.	0.	0.	1.	
Dynamic:	0	

Frame:	473
1.	0.	0.	0.	
0.	1.	0.	0.	
0.	0.	1.	0.	
0.	0.	0.	1.	
Dynamic:	0	

Frame:	474
1.	0.	0.	0.	
0.	1.	0.	0.	
0.	0.	1.	0.	
0.	0.	0.	1.	
Dynamic:	0	

Frame:	475
1.	0.	0.	0.	
0.	1.	0.	0.	
0.	0.	1.	0.	
0.	0.	0.	1.	
Dynamic:	0	

Frame:	476
1.	0.	0.	0.	
0.	1.	0.	0.	
0.	0.	1.	0.	
0.	0.	0.	1.	
Dynamic:	0	

Frame:	477
1.	0.	0.	0.	
0.	1.	0.	0.	
0.	0.	1.	0.	
0.	0.	0.	1.	
Dynamic:	0	

Frame:	478
1.	0.	0.	0.	
0.	1.	0.	0.	
0.	0.	1.	0.	
0.	0.	0.	1.	
Dynamic:	0	

Frame:	479
1.	0.	0.	0.	
0.	1.	0.	0.	
0.	0.	1.	0.	
0.	0.	0.	1.	
Dynamic:	0	

Frame:	480
1.	0.	0.	0.	
0.	1.	0.	0.	
0.	0.	1.	0.	
0.	0.	0.	1.	
Dynamic:	0	

Frame:	481
1.	0.	0.	0.	
0.	1.	0.	0.	
0.	0.	1.	0.	
0.	0.	0.	1.	
Dynamic:	0	

Frame:	482
1.	0.	0.	0.	
0.	1.	0.	0.	
0.	0.	1.	0.	
0.	0.	0.	1.	
Dynamic:	0	

Frame:	483
1.	0.	0.	0.	
0.	1.	0.	0.	
0.	0.	1.	0.	
0.	0.	0.	1.	
Dynamic:	0	

Frame:	484
1.	0.	0.	0.	
0.	1.	0.	0.	
0.	0.	1.	0.	
0.	0.	0.	1.	
Dynamic:	0	

Frame:	485
1.	0.	0.	0.	
0.	1.	0.	0.	
0.	0.	1.	0.	
0.	0.	0.	1.	
Dynamic:	0	

Frame:	486
1.	0.	0.	0.	
0.	1.	0.	0.	
0.	0.	1.	0.	
0.	0.	0.	1.	
Dynamic:	0	

Frame:	487
1.	0.	0.	0.	
0.	1.	0.	0.	
0.	0.	1.	0.	
0.	0.	0.	1.	
Dynamic:	0	

Frame:	488
1.	0.	0.	0.	
0.	1.	0.	0.	
0.	0.	1.	0.	
0.	0.	0.	1.	
Dynamic:	0	

Frame:	489
1.	0.	0.	0.	
0.	1.	0.	0.	
0.	0.	1.	0.	
0.	0.	0.	1.	
Dynamic:	0	

Frame:	490
1.	0.	0.	0.	
0.	1.	0.	0.	
0.	0.	1.	0.	
0.	0.	0.	1.	
Dynamic:	0	

Frame:	491
1.	0.	0.	0.	
0.	1.	0.	0.	
0.	0.	1.	0.	
0.	0.	0.	1.	
Dynamic:	0	

Frame:	492
1.	0.	0.	0.	
0.	1.	0.	0.	
0.	0.	1.	0.	
0.	0.	0.	1.	
Dynamic:	0	

Frame:	493
1.	0.	0.	0.	
0.	1.	0.	0.	
0.	0.	1.	0.	
0.	0.	0.	1.	
Dynamic:	0	

Frame:	494
1.	0.	0.	0.	
0.	1.	0.	0.	
0.	0.	1.	0.	
0.	0.	0.	1.	
Dynamic:	0	

Frame:	495
1.	0.	0.	0.	
0.	1.	0.	0.	
0.	0.	1.	0.	
0.	0.	0.	1.	
Dynamic:	0	

Frame:	496
1.	0.	0.	0.	
0.	1.	0.	0.	
0.	0.	1.	0.	
0.	0.	0.	1.	
Dynamic:	0	

Frame:	497
1.	0.	0.	0.	
0.	1.	0.	0.	
0.	0.	1.	0.	
0.	0.	0.	1.	
Dynamic:	0	

Frame:	498
1.	0.	0.	0.	
0.	1.	0.	0.	
0.	0.	1.	0.	
0.	0.	0.	1.	
Dynamic:	0	

Frame:	499
1.	0.	0.	0.	
0.	1.	0.	0.	
0.	0.	1.	0.	
0.	0.	0.	1.	
Dynamic:	0	

Frame:	500
1.	0.	0.	0.	
0.	1.	0.	0.	
0.	0.	1.	0.	
0.	0.	0.	1.	
Dynamic:	0	

Frame:	501
1.	0.	0.	0.	
0.	1.	0.	0.	
0.	0.	1.	0.	
0.	0.	0.	1.	
Dynamic:	0	

Frame:	502
1.	0.	0.	0.	
0.	1.	0.	0.	
0.	0.	1.	0.	
0.	0.	0.	1.	
Dynamic:	0	

Frame:	503
1.	0.	0.	0.	
0.	1.	0.	0.	
0.	0.	1.	0.	
0.	0.	0.	1.	
Dynamic:	0	

Frame:	504
1.	0.	0.	0.	
0.	1.	0.	0.	
0.	0.	1.	0.	
0.	0.	0.	1.	
Dynamic:	0	

Frame:	505
1.	0.	0.	0.	
0.	1.	0.	0.	
0.	0.	1.	0.	
0.	0.	0.	1.	
Dynamic:	0	

Frame:	506
1.	0.	0.	0.	
0.	1.	0.	0.	
0.	0.	1.	0.	
0.	0.	0.	1.	
Dynamic:	0	

Frame:	507
1.	0.	0.	0.	
0.	1.	0.	0.	
0.	0.	1.	0.	
0.	0.	0.	1.	
Dynamic:	0	

Frame:	508
1.	0.	0.	0.	
0.	1.	0.	0.	
0.	0.	1.	0.	
0.	0.	0.	1.	
Dynamic:	0	

Frame:	509
1.	0.	0.	0.	
0.	1.	0.	0.	
0.	0.	1.	0.	
0.	0.	0.	1.	
Dynamic:	0	

Frame:	510
1.	0.	0.	0.	
0.	1.	0.	0.	
0.	0.	1.	0.	
0.	0.	0.	1.	
Dynamic:	0	

Frame:	511
1.	0.	0.	0.	
0.	1.	0.	0.	
0.	0.	1.	0.	
0.	0.	0.	1.	
Dynamic:	0	

Frame:	512
1.	0.	0.	0.	
0.	1.	0.	0.	
0.	0.	1.	0.	
0.	0.	0.	1.	
Dynamic:	0	

Frame:	513
1.	0.	0.	0.	
0.	1.	0.	0.	
0.	0.	1.	0.	
0.	0.	0.	1.	
Dynamic:	0	

Frame:	514
1.	0.	0.	0.	
0.	1.	0.	0.	
0.	0.	1.	0.	
0.	0.	0.	1.	
Dynamic:	0	

Frame:	515
1.	0.	0.	0.	
0.	1.	0.	0.	
0.	0.	1.	0.	
0.	0.	0.	1.	
Dynamic:	0	

Frame:	516
1.	0.	0.	0.	
0.	1.	0.	0.	
0.	0.	1.	0.	
0.	0.	0.	1.	
Dynamic:	0	

Frame:	517
1.	0.	0.	0.	
0.	1.	0.	0.	
0.	0.	1.	0.	
0.	0.	0.	1.	
Dynamic:	0	

Frame:	518
1.	0.	0.	0.	
0.	1.	0.	0.	
0.	0.	1.	0.	
0.	0.	0.	1.	
Dynamic:	0	

Frame:	519
1.	0.	0.	0.	
0.	1.	0.	0.	
0.	0.	1.	0.	
0.	0.	0.	1.	
Dynamic:	0	

Frame:	520
1.	0.	0.	0.	
0.	1.	0.	0.	
0.	0.	1.	0.	
0.	0.	0.	1.	
Dynamic:	0	

Frame:	521
1.	0.	0.	0.	
0.	1.	0.	0.	
0.	0.	1.	0.	
0.	0.	0.	1.	
Dynamic:	0	

Frame:	522
1.	0.	0.	0.	
0.	1.	0.	0.	
0.	0.	1.	0.	
0.	0.	0.	1.	
Dynamic:	0	

Frame:	523
1.	0.	0.	0.	
0.	1.	0.	0.	
0.	0.	1.	0.	
0.	0.	0.	1.	
Dynamic:	0	

Frame:	524
1.	0.	0.	0.	
0.	1.	0.	0.	
0.	0.	1.	0.	
0.	0.	0.	1.	
Dynamic:	0	

Frame:	525
1.	0.	0.	0.	
0.	1.	0.	0.	
0.	0.	1.	0.	
0.	0.	0.	1.	
Dynamic:	0	

Frame:	526
1.	0.	0.	0.	
0.	1.	0.	0.	
0.	0.	1.	0.	
0.	0.	0.	1.	
Dynamic:	0	

Frame:	527
1.	0.	0.	0.	
0.	1.	0.	0.	
0.	0.	1.	0.	
0.	0.	0.	1.	
Dynamic:	0	

Frame:	528
1.	0.	0.	0.	
0.	1.	0.	0.	
0.	0.	1.	0.	
0.	0.	0.	1.	
Dynamic:	0	

Frame:	529
1.	0.	0.	0.	
0.	1.	0.	0.	
0.	0.	1.	0.	
0.	0.	0.	1.	
Dynamic:	0	

Frame:	530
1.	0.	0.	0.	
0.	1.	0.	0.	
0.	0.	1.	0.	
0.	0.	0.	1.	
Dynamic:	0	

Frame:	531
1.	0.	0.	0.	
0.	1.	0.	0.	
0.	0.	1.	0.	
0.	0.	0.	1.	
Dynamic:	0	

Frame:	532
1.	0.	0.	0.	
0.	1.	0.	0.	
0.	0.	1.	0.	
0.	0.	0.	1.	
Dynamic:	0	

Frame:	533
1.	0.	0.	0.	
0.	1.	0.	0.	
0.	0.	1.	0.	
0.	0.	0.	1.	
Dynamic:	0	

Frame:	534
1.	0.	0.	0.	
0.	1.	0.	0.	
0.	0.	1.	0.	
0.	0.	0.	1.	
Dynamic:	0	

Frame:	535
1.	0.	0.	0.	
0.	1.	0.	0.	
0.	0.	1.	0.	
0.	0.	0.	1.	
Dynamic:	0	

Frame:	536
1.	0.	0.	0.	
0.	1.	0.	0.	
0.	0.	1.	0.	
0.	0.	0.	1.	
Dynamic:	0	

Frame:	537
1.	0.	0.	0.	
0.	1.	0.	0.	
0.	0.	1.	0.	
0.	0.	0.	1.	
Dynamic:	0	

Frame:	538
1.	0.	0.	0.	
0.	1.	0.	0.	
0.	0.	1.	0.	
0.	0.	0.	1.	
Dynamic:	0	

Frame:	539
1.	0.	0.	0.	
0.	1.	0.	0.	
0.	0.	1.	0.	
0.	0.	0.	1.	
Dynamic:	0	

Frame:	540
1.	0.	0.	0.	
0.	1.	0.	0.	
0.	0.	1.	0.	
0.	0.	0.	1.	
Dynamic:	0	

Frame:	541
1.	0.	0.	0.	
0.	1.	0.	0.	
0.	0.	1.	0.	
0.	0.	0.	1.	
Dynamic:	0	

Frame:	542
1.	0.	0.	0.	
0.	1.	0.	0.	
0.	0.	1.	0.	
0.	0.	0.	1.	
Dynamic:	0	

Frame:	543
1.	0.	0.	0.	
0.	1.	0.	0.	
0.	0.	1.	0.	
0.	0.	0.	1.	
Dynamic:	0	

Frame:	544
1.	0.	0.	0.	
0.	1.	0.	0.	
0.	0.	1.	0.	
0.	0.	0.	1.	
Dynamic:	0	

Frame:	545
1.	0.	0.	0.	
0.	1.	0.	0.	
0.	0.	1.	0.	
0.	0.	0.	1.	
Dynamic:	0	

Frame:	546
1.	0.	0.	0.	
0.	1.	0.	0.	
0.	0.	1.	0.	
0.	0.	0.	1.	
Dynamic:	0	

Frame:	547
1.	0.	0.	0.	
0.	1.	0.	0.	
0.	0.	1.	0.	
0.	0.	0.	1.	
Dynamic:	0	

Frame:	548
1.	-5.87966e-004	0.	0.	
5.87966e-004	1.	0.	0.	
0.	0.	1.	0.	
-6.88848e-002	8.03828e-003	0.	1.	
Dynamic:	0	

Frame:	549
0.999999	-1.31086e-003	0.	0.	
1.31086e-003	0.999999	0.	0.	
0.	0.	1.	0.	
-0.154283	1.95435e-002	0.	1.	
Dynamic:	0	

Frame:	550
0.999997	-2.35782e-003	0.	0.	
2.35782e-003	0.999997	0.	0.	
0.	0.	1.	0.	
-0.280562	4.19776e-002	0.	1.	
Dynamic:	0	

Frame:	551
0.999996	-2.9035e-003	0.	0.	
2.9035e-003	0.999996	0.	0.	
0.	0.	1.	0.	
-0.35332	6.85749e-002	0.	1.	
Dynamic:	0	

Frame:	552
0.999995	-3.24406e-003	0.	0.	
3.24406e-003	0.999995	0.	0.	
0.	0.	1.	0.	
-0.407885	0.104924	0.	1.	
Dynamic:	0	

Frame:	553
0.999994	-3.58063e-003	0.	0.	
3.58063e-003	0.999994	0.	0.	
0.	0.	1.	0.	
-0.471094	0.161225	0.	1.	
Dynamic:	0	

Frame:	554
0.999989	-4.73422e-003	0.	0.	
4.73422e-003	0.999989	0.	0.	
0.	0.	1.	0.	
-0.590124	0.142775	0.	1.	
Dynamic:	0	

Frame:	555
0.999951	-9.89363e-003	0.	0.	
9.89363e-003	0.999951	0.	0.	
0.	0.	1.	0.	
-1.07456	-4.80726e-002	0.	1.	
Dynamic:	0	

Frame:	556
0.999971	-7.64199e-003	0.	0.	
7.64199e-003	0.999971	0.	0.	
0.	0.	1.	0.	
-0.872419	5.83665e-002	0.	1.	
Dynamic:	0	

Frame:	557
0.999983	-5.90278e-003	0.	0.	
5.90278e-003	0.999983	0.	0.	
0.	0.	1.	0.	
-0.715709	0.141215	0.	1.	
Dynamic:	0	

Frame:	558
0.999988	4.92296e-003	0.	0.	
-4.92296e-003	0.999988	0.	0.	
0.	0.	1.	0.	
0.264362	0.657327	0.	1.	
Dynamic:	0	

Frame:	559
0.999984	-5.67978e-003	0.	0.	
5.67978e-003	0.999984	0.	0.	
0.	0.	1.	0.	
-0.700001	0.149984	0.	1.	
Dynamic:	0	

Frame:	560
0.999928	-1.20153e-002	0.	0.	
1.20153e-002	0.999928	0.	0.	
0.	0.	1.	0.	
-1.27955	-0.154037	0.	1.	
Dynamic:	0	

Frame:	561
0.999958	-9.20768e-003	0.	0.	
9.20768e-003	0.999958	0.	0.	
0.	0.	1.	0.	
-1.02128	-1.92602e-002	0.	1.	
Dynamic:	0	

Frame:	562
0.999975	-7.05608e-003	0.	0.	
7.05608e-003	0.999975	0.	0.	
0.	0.	1.	0.	
-0.822688	8.48859e-002	0.	1.	
Dynamic:	0	

Frame:	563
0.999985	-5.40724e-003	0.	0.	
5.40724e-003	0.999985	0.	0.	
0.	0.	1.	0.	
-0.669949	0.165265	0.	1.	
Dynamic:	0	

Frame:	564
0.999927	-1.21092e-002	0.	0.	
1.21092e-002	0.999927	0.	0.	
0.	0.	1.	0.	
-1.29451	-0.160997	0.	1.	
Dynamic:	0	

Frame:	565
0.999958	-9.20723e-003	0.	0.	
9.20723e-003	0.999958	0.	0.	
0.	0.	1.	0.	
-1.02254	-1.97635e-002	0.	1.	
Dynamic:	0	

Frame:	566
0.999975	-7.0007e-003	0.	0.	
7.0007e-003	0.999975	0.	0.	
0.	0.	1.	0.	
-0.815072	8.85009e-002	0.	1.	
Dynamic:	0	

Frame:	567
0.999986	-5.32296e-003	0.	0.	
5.32296e-003	0.999986	0.	0.	
0.	0.	1.	0.	
-0.656751	0.171387	0.	1.	
Dynamic:	0	

Frame:	568
0.999924	-1.23303e-002	0.	0.	
1.23303e-002	0.999924	0.	0.	
0.	0.	1.	0.	
-1.322	-0.174103	0.	1.	
Dynamic:	0	

Frame:	569
0.999957	-9.30355e-003	0.	0.	
9.30355e-003	0.999957	0.	0.	
0.	0.	1.	0.	
-1.03302	-2.49931e-002	0.	1.	
Dynamic:	0	

Frame:	570
0.999975	-7.01976e-003	0.	0.	
7.01976e-003	0.999975	0.	0.	
0.	0.	1.	0.	
-0.81428	8.84212e-002	0.	1.	
Dynamic:	0	

Frame:	571
0.999986	-5.29656e-003	0.	0.	
5.29656e-003	0.999986	0.	0.	
0.	0.	1.	0.	
-0.648645	0.174568	0.	1.	
Dynamic:	0	

Frame:	572
0.999924	-1.23624e-002	0.	0.	
1.23624e-002	0.999924	0.	0.	
0.	0.	1.	0.	
-1.3319	-0.177828	0.	1.	
Dynamic:	0	

Frame:	573
0.999955	-9.46677e-003	0.	0.	
9.46677e-003	0.999955	0.	0.	
0.	0.	1.	0.	
-1.05031	-3.36082e-002	0.	1.	
Dynamic:	0	

Frame:	574
0.999975	-7.08949e-003	0.	0.	
7.08949e-003	0.999975	0.	0.	
0.	0.	1.	0.	
-0.818384	8.57063e-002	0.	1.	
Dynamic:	0	

Frame:	575
0.999985	5.56083e-003	0.	0.	
-5.56083e-003	0.999985	0.	0.	
0.	0.	1.	0.	
0.419122	0.722381	0.	1.	
Dynamic:	0	

Frame:	576
0.999978	-6.70561e-003	0.	0.	
6.70561e-003	0.999978	0.	0.	
0.	0.	1.	0.	
-0.786196	0.103556	0.	1.	
Dynamic:	0	

Frame:	577
0.999924	-1.23624e-002	0.	0.	
1.23624e-002	0.999924	0.	0.	
0.	0.	1.	0.	
-1.34921	-0.18265	0.	1.	
Dynamic:	0	

Frame:	578
0.999943	-1.0705e-002	0.	0.	
1.0705e-002	0.999943	0.	0.	
0.	0.	1.	0.	
-1.18452	-9.92428e-002	0.	1.	
Dynamic:	0	

Frame:	579
0.999968	-7.95873e-003	0.	0.	
7.95873e-003	0.999968	0.	0.	
0.	0.	1.	0.	
-0.910697	3.9892e-002	0.	1.	
Dynamic:	0	

Frame:	580
0.999982	-5.91698e-003	0.	0.	
5.91698e-003	0.999982	0.	0.	
0.	0.	1.	0.	
-0.70643	0.144064	0.	1.	
Dynamic:	0	

Frame:	581
0.999924	-1.23624e-002	0.	0.	
1.23624e-002	0.999924	0.	0.	
0.	0.	1.	0.	
-1.35587	-0.184327	0.	1.	
Dynamic:	0	

Frame:	582
0.999948	-1.02218e-002	0.	0.	
1.02218e-002	0.999948	0.	0.	
0.	0.	1.	0.	
-1.13929	-7.55647e-002	0.	1.	
Dynamic:	0	

Frame:	583
0.999972	-7.54668e-003	0.	0.	
7.54668e-003	0.999972	0.	0.	
0.	0.	1.	0.	
-0.867588	6.13146e-002	0.	1.	
Dynamic:	0	

Frame:	584
0.999984	5.72049e-003	0.	0.	
-5.72049e-003	0.999984	0.	0.	
0.	0.	1.	0.	
0.482658	0.742768	0.	1.	
Dynamic:	0	

Frame:	585
0.999924	-1.23624e-002	0.	0.	
1.23624e-002	0.999924	0.	0.	
0.	0.	1.	0.	
-1.3685	-0.187076	0.	1.	
Dynamic:	0	

Frame:	586
0.999924	-1.23624e-002	0.	0.	
1.23624e-002	0.999924	0.	0.	
0.	0.	1.	0.	
-1.36874	-0.187123	0.	1.	
Dynamic:	0	

Frame:	587
0.999952	-9.7568e-003	0.	0.	
9.7568e-003	0.999952	0.	0.	
0.	0.	1.	0.	
-1.09922	-5.33972e-002	0.	1.	
Dynamic:	0	

Frame:	588
0.999974	-7.15574e-003	0.	0.	
7.15574e-003	0.999974	0.	0.	
0.	0.	1.	0.	
-0.829466	8.10023e-002	0.	1.	
Dynamic:	0	

Frame:	589
0.999924	-1.23624e-002	0.	0.	
1.23624e-002	0.999924	0.	0.	
0.	0.	1.	0.	
-1.37336	-0.187977	0.	1.	
Dynamic:	0	

Frame:	590
0.999937	-1.12605e-002	0.	0.	
1.12605e-002	0.999937	0.	0.	
0.	0.	1.	0.	
-1.25821	-0.131292	0.	1.	
Dynamic:	0	

Frame:	591
0.999966	-8.20707e-003	0.	0.	
8.20707e-003	0.999966	0.	0.	
0.	0.	1.	0.	
-0.937219	2.68189e-002	0.	1.	
Dynamic:	0	

Frame:	592
0.999924	-1.23624e-002	0.	0.	
1.23624e-002	0.999924	0.	0.	
0.	0.	1.	0.	
-1.3772	-0.188567	0.	1.	
Dynamic:	0	

Frame:	593
0.999928	-1.20201e-002	0.	0.	
1.20201e-002	0.999928	0.	0.	
0.	0.	1.	0.	
-1.3414	-0.170952	0.	1.	
Dynamic:	0	

Frame:	594
0.999962	-8.70966e-003	0.	0.	
8.70966e-003	0.999962	0.	0.	
0.	0.	1.	0.	
-0.988691	9.36496e-004	0.	1.	
Dynamic:	0	

Frame:	595
0.99998	-6.31089e-003	0.	0.	
6.31089e-003	0.99998	0.	0.	
0.	0.	1.	0.	
-0.732391	0.126356	0.	1.	
Dynamic:	0	

Frame:	596
0.999924	-1.23624e-002	0.	0.	
1.23624e-002	0.999924	0.	0.	
0.	0.	1.	0.	
-1.38386	-0.189354	0.	1.	
Dynamic:	0	

Frame:	597
0.999944	-1.0553e-002	0.	0.	
1.0553e-002	0.999944	0.	0.	
0.	0.	1.	0.	
-1.18893	-9.53524e-002	0.	1.	
Dynamic:	0	

Frame:	598
0.999971	-7.60526e-003	0.	0.	
7.60526e-003	0.999971	0.	0.	
0.	0.	1.	0.	
-0.869818	5.87289e-002	0.	1.	
Dynamic:	0	

Frame:	599
0.999981	6.15292e-003	0.	0.	
-6.15292e-003	0.999981	0.	0.	
0.	0.	1.	0.	
0.622643	0.780677	0.	1.	
Dynamic:	0	

Frame:	600
0.999924	-1.23624e-002	0.	0.	
1.23624e-002	0.999924	0.	0.	
0.	0.	1.	0.	
-1.39806	-0.190636	0.	1.	
Dynamic:	0	

Frame:	601
0.999924	-1.23624e-002	0.	0.	
1.23624e-002	0.999924	0.	0.	
0.	0.	1.	0.	
-1.39878	-0.190681	0.	1.	
Dynamic:	0	

Frame:	602
0.999954	-9.62586e-003	0.	0.	
9.62586e-003	0.999954	0.	0.	
0.	0.	1.	0.	
-1.0974	-4.77539e-002	0.	1.	
Dynamic:	0	

Frame:	603
0.999976	-6.90289e-003	0.	0.	
6.90289e-003	0.999976	0.	0.	
0.	0.	1.	0.	
-0.796648	9.53789e-002	0.	1.	
Dynamic:	0	

Frame:	604
0.999924	-1.23624e-002	0.	0.	
1.23624e-002	0.999924	0.	0.	
0.	0.	1.	0.	
-1.4051	-0.191034	0.	1.	
Dynamic:	0	

Frame:	605
0.999943	-1.07057e-002	0.	0.	
1.07057e-002	0.999943	0.	0.	
0.	0.	1.	0.	
-1.22059	-0.104453	0.	1.	
Dynamic:	0	

Frame:	606
0.999971	-7.64287e-003	0.	0.	
7.64287e-003	0.999971	0.	0.	
0.	0.	1.	0.	
-0.877811	5.65117e-002	0.	1.	
Dynamic:	0	

Frame:	607
0.999924	-1.23624e-002	0.	0.	
1.23624e-002	0.999924	0.	0.	
0.	0.	1.	0.	
-1.41011	-0.19118	0.	1.	
Dynamic:	0	

Frame:	608
0.999939	-1.10278e-002	0.	0.	
1.10278e-002	0.999939	0.	0.	
0.	0.	1.	0.	
-1.26009	-0.121357	0.	1.	
Dynamic:	0	

Frame:	609
0.999969	-7.84113e-003	0.	0.	
7.84113e-003	0.999969	0.	0.	
0.	0.	1.	0.	
-0.898966	4.61846e-002	0.	1.	
Dynamic:	0	

Frame:	610
0.999984	-5.5753e-003	0.	0.	
5.5753e-003	0.999984	0.	0.	
0.	0.	1.	0.	
-0.641678	0.16604	0.	1.	
Dynamic:	0	

Frame:	611
0.999924	-1.23624e-002	0.	0.	
1.23624e-002	0.999924	0.	0.	
0.	0.	1.	0.	
-1.4191	-0.191179	0.	1.	
Dynamic:	0	

Frame:	612
0.999957	-9.28444e-003	0.	0.	
9.28444e-003	0.999957	0.	0.	
0.	0.	1.	0.	
-1.06616	-2.9766e-002	0.	1.	
Dynamic:	0	

Frame:	613
0.999978	-6.57796e-003	0.	0.	
6.57796e-003	0.999978	0.	0.	
0.	0.	1.	0.	
-0.754758	0.11305	0.	1.	
Dynamic:	0	

Frame:	614
0.999924	-1.23624e-002	0.	0.	
1.23624e-002	0.999924	0.	0.	
0.	0.	1.	0.	
-1.42574	-0.190993	0.	1.	
Dynamic:	0	

Frame:	615
0.999953	-9.70555e-003	0.	0.	
9.70555e-003	0.999953	0.	0.	
0.	0.	1.	0.	
-1.11703	-5.17813e-002	0.	1.	
Dynamic:	0	

Frame:	616
0.999977	-6.85479e-003	0.	0.	
6.85479e-003	0.999977	0.	0.	
0.	0.	1.	0.	
-0.784966	9.84729e-002	0.	1.	
Dynamic:	0	

Frame:	617
0.999978	-6.59024e-003	0.	0.	
6.59024e-003	0.999978	0.	0.	
0.	0.	1.	0.	
-0.755064	0.112554	0.	1.	
Dynamic:	0	

Frame:	618
0.999936	-1.1275e-002	0.	0.	
1.1275e-002	0.999936	0.	0.	
0.	0.	1.	0.	
-1.30717	-0.133664	0.	1.	
Dynamic:	0	

Frame:	619
0.999968	-7.94162e-003	0.	0.	
7.94162e-003	0.999968	0.	0.	
0.	0.	1.	0.	
-0.914013	4.13338e-002	0.	1.	
Dynamic:	0	

Frame:	620
0.999984	-5.59369e-003	0.	0.	
5.59369e-003	0.999984	0.	0.	
0.	0.	1.	0.	
-0.636484	0.165341	0.	1.	
Dynamic:	0	

Frame:	621
0.999928	-1.19799e-002	0.	0.	
1.19799e-002	0.999928	0.	0.	
0.	0.	1.	0.	
-1.39767	-0.16992	0.	1.	
Dynamic:	0	

Frame:	622
0.999965	-8.41835e-003	0.	0.	
8.41835e-003	0.999965	0.	0.	
0.	0.	1.	0.	
-0.97236	1.64902e-002	0.	1.	
Dynamic:	0	

Frame:	623
0.999983	-5.91558e-003	0.	0.	
5.91558e-003	0.999983	0.	0.	
0.	0.	1.	0.	
-0.673906	0.148472	0.	1.	
Dynamic:	0	

Frame:	624
0.999983	-5.90342e-003	0.	0.	
5.90342e-003	0.999983	0.	0.	
0.	0.	1.	0.	
-0.673158	0.149222	0.	1.	
Dynamic:	0	

Frame:	625
0.999949	-1.00712e-002	0.	0.	
1.00712e-002	0.999949	0.	0.	
0.	0.	1.	0.	
-1.17747	-6.93572e-002	0.	1.	
Dynamic:	0	

Frame:	626
0.999975	-7.06293e-003	0.	0.	
7.06293e-003	0.999975	0.	0.	
0.	0.	1.	0.	
-0.813393	8.83067e-002	0.	1.	
Dynamic:	0	

Frame:	627
0.999981	-6.10549e-003	0.	0.	
6.10549e-003	0.999981	0.	0.	
0.	0.	1.	0.	
-0.697432	0.138718	0.	1.	
Dynamic:	0	

Frame:	628
0.999946	-1.04041e-002	0.	0.	
1.04041e-002	0.999946	0.	0.	
0.	0.	1.	0.	
-1.22381	-8.59408e-002	0.	1.	
Dynamic:	0	

Frame:	629
0.999973	-7.28403e-003	0.	0.	
7.28403e-003	0.999973	0.	0.	
0.	0.	1.	0.	
-0.841793	7.70385e-002	0.	1.	
Dynamic:	0	

Frame:	630
0.999982	-5.97007e-003	0.	0.	
5.97007e-003	0.999982	0.	0.	
0.	0.	1.	0.	
-0.681079	0.146087	0.	1.	
Dynamic:	0	

Frame:	631
0.999948	-1.01634e-002	0.	0.	
1.01634e-002	0.999948	0.	0.	
0.	0.	1.	0.	
-1.20058	-7.24245e-002	0.	1.	
Dynamic:	0	

Frame:	632
0.999975	-7.10548e-003	0.	0.	
7.10548e-003	0.999975	0.	0.	
0.	0.	1.	0.	
-0.821756	8.68473e-002	0.	1.	
Dynamic:	0	

Frame:	633
0.999984	-5.68825e-003	0.	0.	
5.68825e-003	0.999984	0.	0.	
0.	0.	1.	0.	
-0.646026	0.161044	0.	1.	
Dynamic:	0	

Frame:	634
0.999986	5.22902e-003	0.	0.	
-5.22902e-003	0.999986	0.	0.	
0.	0.	1.	0.	
0.711784	0.730593	0.	1.	
Dynamic:	0	

Frame:	635
0.999937	-1.12535e-002	0.	0.	
1.12535e-002	0.999937	0.	0.	
0.	0.	1.	0.	
-1.35118	-0.126494	0.	1.	
Dynamic:	0	

Frame:	636
0.999969	-7.85824e-003	0.	0.	
7.85824e-003	0.999969	0.	0.	
0.	0.	1.	0.	
-0.924553	4.91944e-002	0.	1.	
Dynamic:	0	

Frame:	637
0.999985	-5.4873e-003	0.	0.	
5.4873e-003	0.999985	0.	0.	
0.	0.	1.	0.	
-0.625827	0.172565	0.	1.	
Dynamic:	0	

Frame:	638
0.999952	-9.79323e-003	0.	0.	
9.79323e-003	0.999952	0.	0.	
0.	0.	1.	0.	
-1.17275	-5.01282e-002	0.	1.	
Dynamic:	0	

Frame:	639
0.999977	-6.83176e-003	0.	0.	
6.83176e-003	0.999977	0.	0.	
0.	0.	1.	0.	
-0.796428	0.102901	0.	1.	
Dynamic:	0	

Frame:	640
0.999987	-5.12833e-003	0.	0.	
5.12833e-003	0.999987	0.	0.	
0.	0.	1.	0.	
-0.579628	0.191365	0.	1.	
Dynamic:	0	

Frame:	641
0.999991	-4.35216e-003	0.	0.	
4.35216e-003	0.999991	0.	0.	
0.	0.	1.	0.	
-0.481149	0.231906	0.	1.	
Dynamic:	0	

Frame:	642
0.999973	-7.39411e-003	0.	0.	
7.39411e-003	0.999973	0.	0.	
0.	0.	1.	0.	
-0.873145	7.49193e-002	0.	1.	
Dynamic:	0	

Frame:	643
0.999987	-5.08299e-003	0.	0.	
5.08299e-003	0.999987	0.	0.	
0.	0.	1.	0.	
-0.576117	0.194432	0.	1.	
Dynamic:	0	

Frame:	644
0.999991	-4.31229e-003	0.	0.	
4.31229e-003	0.999991	0.	0.	
0.	0.	1.	0.	
-0.47716	0.234492	0.	1.	
Dynamic:	0	

Frame:	645
0.999973	-7.32291e-003	0.	0.	
7.32291e-003	0.999973	0.	0.	
0.	0.	1.	0.	
-0.869718	7.99896e-002	0.	1.	
Dynamic:	0	

Frame:	646
0.999988	-4.81663e-003	0.	0.	
4.81663e-003	0.999988	0.	0.	
0.	0.	1.	0.	
-0.543608	0.208876	0.	1.	
Dynamic:	0	

Frame:	647
0.999992	-4.08518e-003	0.	0.	
4.08518e-003	0.999992	0.	0.	
0.	0.	1.	0.	
-0.448731	0.24676	0.	1.	
Dynamic:	0	

Frame:	648
0.999976	-6.93462e-003	0.	0.	
6.93462e-003	0.999976	0.	0.	
0.	0.	1.	0.	
-0.823744	0.101046	0.	1.	
Dynamic:	0	

Frame:	649
0.99999	-4.43419e-003	0.	0.	
4.43419e-003	0.99999	0.	0.	
0.	0.	1.	0.	
-0.495125	0.229149	0.	1.	
Dynamic:	0	

Frame:	650
0.999993	-3.75987e-003	0.	0.	
3.75987e-003	0.999993	0.	0.	
0.	0.	1.	0.	
-0.406575	0.263884	0.	1.	
Dynamic:	0	

Frame:	651
0.99998	-6.38045e-003	0.	0.	
6.38045e-003	0.99998	0.	0.	
0.	0.	1.	0.	
-0.754719	0.130353	0.	1.	
Dynamic:	0	

Frame:	652
0.999992	-3.99677e-003	0.	0.	
3.99677e-003	0.999992	0.	0.	
0.	0.	1.	0.	
-0.437932	0.251883	0.	1.	
Dynamic:	0	

Frame:	653
0.999994	-3.38817e-003	0.	0.	
3.38817e-003	0.999994	0.	0.	
0.	0.	1.	0.	
-0.357015	0.283042	0.	1.	
Dynamic:	0	

Frame:	654
0.999996	-2.87224e-003	0.	0.	
2.87224e-003	0.999996	0.	0.	
0.	0.	1.	0.	
-0.28825	0.309465	0.	1.	
Dynamic:	0	

Frame:	655
0.999992	-3.9659e-003	0.	0.	
3.9659e-003	0.999992	0.	0.	
0.	0.	1.	0.	
-0.435371	0.253894	0.	1.	
Dynamic:	0	

Frame:	656
0.999994	-3.36121e-003	0.	0.	
3.36121e-003	0.999994	0.	0.	
0.	0.	1.	0.	
-0.353808	0.284561	0.	1.	
Dynamic:	0	

Frame:	657
0.999996	-2.84873e-003	0.	0.	
2.84873e-003	0.999996	0.	0.	
0.	0.	1.	0.	
-0.284462	0.31054	0.	1.	
Dynamic:	0	

Frame:	658
0.999993	-3.6962e-003	0.	0.	
3.6962e-003	0.999993	0.	0.	
0.	0.	1.	0.	
-0.399528	0.267686	0.	1.	
Dynamic:	0	

Frame:	659
0.999995	-3.1319e-003	0.	0.	
3.1319e-003	0.999995	0.	0.	
0.	0.	1.	0.	
-0.322649	0.296152	0.	1.	
Dynamic:	0	

Frame:	660
0.999997	-2.45591e-003	0.	0.	
2.45591e-003	0.999997	0.	0.	
0.	0.	1.	0.	
-0.230267	0.330237	0.	1.	
Dynamic:	0	

Frame:	661
0.999995	-3.3109e-003	0.	0.	
3.3109e-003	0.999995	0.	0.	
0.	0.	1.	0.	
-0.347504	0.287228	0.	1.	
Dynamic:	0	

Frame:	662
0.999996	-2.80473e-003	0.	0.	
2.80473e-003	0.999996	0.	0.	
0.	0.	1.	0.	
-0.277863	0.312624	0.	1.	
Dynamic:	0	

Frame:	663
0.999998	-2.10387e-003	0.	0.	
2.10387e-003	0.999998	0.	0.	
0.	0.	1.	0.	
-0.180915	0.347684	0.	1.	
Dynamic:	0	

Frame:	664
0.999996	-2.83601e-003	0.	0.	
2.83601e-003	0.999996	0.	0.	
0.	0.	1.	0.	
-0.282061	0.310967	0.	1.	
Dynamic:	0	

Frame:	665
0.999998	-1.95295e-003	0.	0.	
1.95295e-003	0.999998	0.	0.	
0.	0.	1.	0.	
-0.15917	0.354974	0.	1.	
Dynamic:	0	

Frame:	666
0.999999	-1.45161e-003	0.	0.	
1.45161e-003	0.999999	0.	0.	
0.	0.	1.	0.	
-8.90945e-002	0.379913	0.	1.	
Dynamic:	0	

Frame:	667
0.999999	-1.34029e-003	0.	0.	
1.34029e-003	0.999999	0.	0.	
0.	0.	1.	0.	
-7.30861e-002	0.385287	0.	1.	
Dynamic:	0	

Frame:	668
0.999997	-2.42047e-003	0.	0.	
2.42047e-003	0.999997	0.	0.	
0.	0.	1.	0.	
-0.223897	0.33138	0.	1.	
Dynamic:	0	

Frame:	669
0.999999	-1.29985e-003	0.	0.	
1.29985e-003	0.999999	0.	0.	
0.	0.	1.	0.	
-6.55603e-002	0.386642	0.	1.	
Dynamic:	0	

Frame:	670
1.	7.02546e-004	0.	0.	
-7.02546e-004	1.	0.	0.	
0.	0.	1.	0.	
0.217819	0.484423	0.	1.	
Dynamic:	0	

Frame:	671
0.999994	-3.37782e-003	0.	0.	
3.37782e-003	0.999994	0.	0.	
0.	0.	1.	0.	
-0.358487	0.283671	0.	1.	
Dynamic:	0	

Frame:	672
0.999998	-1.81397e-003	0.	0.	
1.81397e-003	0.999998	0.	0.	
0.	0.	1.	0.	
-0.135064	0.359947	0.	1.	
Dynamic:	0	

Frame:	673
1.	-9.74143e-004	0.	0.	
9.74143e-004	1.	0.	0.	
0.	0.	1.	0.	
-1.40698e-002	0.400675	0.	1.	
Dynamic:	0	

Frame:	674
0.999998	-2.11127e-003	0.	0.	
2.11127e-003	0.999998	0.	0.	
0.	0.	1.	0.	
-0.175136	0.344389	0.	1.	
Dynamic:	0	

Frame:	675
0.999999	-1.1338e-003	0.	0.	
1.1338e-003	0.999999	0.	0.	
0.	0.	1.	0.	
-3.34226e-002	0.391507	0.	1.	
Dynamic:	0	

Frame:	676
1.	9.38828e-004	0.	0.	
-9.38828e-004	1.	0.	0.	
0.	0.	1.	0.	
0.265373	0.490871	0.	1.	
Dynamic:	0	

Frame:	677
0.999998	-1.8608e-003	0.	0.	
1.8608e-003	0.999998	0.	0.	
0.	0.	1.	0.	
-0.136089	0.355181	0.	1.	
Dynamic:	0	

Frame:	678
0.999999	1.14422e-003	0.	0.	
-1.14422e-003	0.999999	0.	0.	
0.	0.	1.	0.	
0.29943	0.498902	0.	1.	
Dynamic:	0	

Frame:	679
0.999999	-1.52904e-003	0.	0.	
1.52904e-003	0.999999	0.	0.	
0.	0.	1.	0.	
-8.60188e-002	0.370303	0.	1.	
Dynamic:	0	

Frame:	680
0.999999	1.39865e-003	0.	0.	
-1.39865e-003	0.999999	0.	0.	
0.	0.	1.	0.	
0.340708	0.509195	0.	1.	
Dynamic:	0	

Frame:	681
0.999999	-1.50881e-003	0.	0.	
1.50881e-003	0.999999	0.	0.	
0.	0.	1.	0.	
-8.11139e-002	0.370368	0.	1.	
Dynamic:	0	

Frame:	682
0.999999	1.40549e-003	0.	0.	
-1.40549e-003	0.999999	0.	0.	
0.	0.	1.	0.	
0.347129	0.507439	0.	1.	
Dynamic:	0	

Frame:	683
0.999999	-1.46098e-003	0.	0.	
1.46098e-003	0.999999	0.	0.	
0.	0.	1.	0.	
-7.12298e-002	0.371395	0.	1.	
Dynamic:	0	

Frame:	684
0.999998	1.76341e-003	0.	0.	
-1.76341e-003	0.999998	0.	0.	
0.	0.	1.	0.	
0.4041	0.522368	0.	1.	
Dynamic:	0	

Frame:	685
0.999999	1.62638e-003	0.	0.	
-1.62638e-003	0.999999	0.	0.	
0.	0.	1.	0.	
0.385633	0.515335	0.	1.	
Dynamic:	0	

Frame:	686
0.999999	-1.62109e-003	0.	0.	
1.62109e-003	0.999999	0.	0.	
0.	0.	1.	0.	
-9.29224e-002	0.362795	0.	1.	
Dynamic:	0	

Frame:	687
0.999998	2.17083e-003	0.	0.	
-2.17083e-003	0.999998	0.	0.	
0.	0.	1.	0.	
0.470931	0.538622	0.	1.	
Dynamic:	0	

Frame:	688
0.999998	1.9456e-003	0.	0.	
-1.9456e-003	0.999998	0.	0.	
0.	0.	1.	0.	
0.440776	0.526962	0.	1.	
Dynamic:	0	

Frame:	689
0.999998	2.10396e-003	0.	0.	
-2.10396e-003	0.999998	0.	0.	
0.	0.	1.	0.	
0.466014	0.533553	0.	1.	
Dynamic:	0	

Frame:	690
0.999997	2.59025e-003	0.	0.	
-2.59025e-003	0.999997	0.	0.	
0.	0.	1.	0.	
0.540127	0.555174	0.	1.	
Dynamic:	0	

Frame:	691
0.999997	2.32076e-003	0.	0.	
-2.32076e-003	0.999997	0.	0.	
0.	0.	1.	0.	
0.501494	0.542223	0.	1.	
Dynamic:	0	

Frame:	692
0.999998	-2.19918e-003	0.	0.	
2.19918e-003	0.999998	0.	0.	
0.	0.	1.	0.	
-0.176856	0.334276	0.	1.	
Dynamic:	0	

Frame:	693
0.999994	3.46703e-003	0.	0.	
-3.46703e-003	0.999994	0.	0.	
0.	0.	1.	0.	
0.679296	0.592208	0.	1.	
Dynamic:	0	

Frame:	694
0.999996	2.92519e-003	0.	0.	
-2.92519e-003	0.999996	0.	0.	
0.	0.	1.	0.	
0.600019	0.566727	0.	1.	
Dynamic:	0	

Frame:	695
0.999996	2.88692e-003	0.	0.	
-2.88692e-003	0.999996	0.	0.	
0.	0.	1.	0.	
0.595917	0.564352	0.	1.	
Dynamic:	0	

Frame:	696
0.999992	3.88412e-003	0.	0.	
-3.88412e-003	0.999992	0.	0.	
0.	0.	1.	0.	
0.748812	0.608592	0.	1.	
Dynamic:	0	

Frame:	697
0.999995	3.27536e-003	0.	0.	
-3.27536e-003	0.999995	0.	0.	
0.	0.	1.	0.	
0.657759	0.580699	0.	1.	
Dynamic:	0	

Frame:	698
0.999996	2.76201e-003	0.	0.	
-2.76201e-003	0.999996	0.	0.	
0.	0.	1.	0.	
0.580537	0.557383	0.	1.	
Dynamic:	0	

Frame:	699
0.999995	-3.04711e-003	0.	0.	
3.04711e-003	0.999995	0.	0.	
0.	0.	1.	0.	
-0.308079	0.296017	0.	1.	
Dynamic:	0	

Frame:	700
0.999984	5.62142e-003	0.	0.	
-5.62142e-003	0.999984	0.	0.	
0.	0.	1.	0.	
1.02497	0.682415	0.	1.	
Dynamic:	0	

Frame:	701
0.999992	3.92205e-003	0.	0.	
-3.92205e-003	0.999992	0.	0.	
0.	0.	1.	0.	
0.763521	0.606979	0.	1.	
Dynamic:	0	

Frame:	702
0.999995	3.3056e-003	0.	0.	
-3.3056e-003	0.999995	0.	0.	
0.	0.	1.	0.	
0.668379	0.579822	0.	1.	
Dynamic:	0	

Frame:	703
0.999984	5.5799e-003	0.	0.	
-5.5799e-003	0.999984	0.	0.	
0.	0.	1.	0.	
1.0203	0.67995	0.	1.	
Dynamic:	0	

Frame:	704
0.999992	3.96378e-003	0.	0.	
-3.96378e-003	0.999992	0.	0.	
0.	0.	1.	0.	
0.769542	0.608966	0.	1.	
Dynamic:	0	

Frame:	705
0.999994	3.33904e-003	0.	0.	
-3.33904e-003	0.999994	0.	0.	
0.	0.	1.	0.	
0.672304	0.581729	0.	1.	
Dynamic:	0	

Frame:	706
0.999984	5.63324e-003	0.	0.	
-5.63324e-003	0.999984	0.	0.	
0.	0.	1.	0.	
1.03031	0.681701	0.	1.	
Dynamic:	0	

Frame:	707
0.999992	4.03864e-003	0.	0.	
-4.03864e-003	0.999992	0.	0.	
0.	0.	1.	0.	
0.780799	0.612365	0.	1.	
Dynamic:	0	

Frame:	708
0.999994	3.40037e-003	0.	0.	
-3.40037e-003	0.999994	0.	0.	
0.	0.	1.	0.	
0.680618	0.584817	0.	1.	
Dynamic:	0	

Frame:	709
0.999984	5.7336e-003	0.	0.	
-5.7336e-003	0.999984	0.	0.	
0.	0.	1.	0.	
1.04778	0.685493	0.	1.	
Dynamic:	0	

Frame:	710
0.999991	4.13031e-003	0.	0.	
-4.13031e-003	0.999991	0.	0.	
0.	0.	1.	0.	
0.7948	0.61645	0.	1.	
Dynamic:	0	

Frame:	711
0.999994	3.47583e-003	0.	0.	
-3.47583e-003	0.999994	0.	0.	
0.	0.	1.	0.	
0.691214	0.588475	0.	1.	
Dynamic:	0	

Frame:	712
0.999983	5.85765e-003	0.	0.	
-5.85765e-003	0.999983	0.	0.	
0.	0.	1.	0.	
1.06916	0.690279	0.	1.	
Dynamic:	0	

Frame:	713
0.999991	4.22758e-003	0.	0.	
-4.22758e-003	0.999991	0.	0.	
0.	0.	1.	0.	
0.809806	0.620733	0.	1.	
Dynamic:	0	

Frame:	714
0.999994	3.556e-003	0.	0.	
-3.556e-003	0.999994	0.	0.	
0.	0.	1.	0.	
0.702623	0.592293	0.	1.	
Dynamic:	0	

Frame:	715
0.999982	5.98963e-003	0.	0.	
-5.98963e-003	0.999982	0.	0.	
0.	0.	1.	0.	
1.09202	0.695369	0.	1.	
Dynamic:	0	

Frame:	716
0.999991	4.33002e-003	0.	0.	
-4.33002e-003	0.999991	0.	0.	
0.	0.	1.	0.	
0.825759	0.625191	0.	1.	
Dynamic:	0	

Frame:	717
0.999993	3.64048e-003	0.	0.	
-3.64048e-003	0.999993	0.	0.	
0.	0.	1.	0.	
0.714795	0.596252	0.	1.	
Dynamic:	0	

Frame:	718
0.999992	-3.94153e-003	0.	0.	
3.94153e-003	0.999992	0.	0.	
0.	0.	1.	0.	
-0.511865	0.277636	0.	1.	
Dynamic:	0	

Frame:	719
0.999973	7.38556e-003	0.	0.	
-7.38556e-003	0.999973	0.	0.	
0.	0.	1.	0.	
1.32391	0.75246	0.	1.	
Dynamic:	0	

Frame:	720
0.999988	4.8644e-003	0.	0.	
-4.8644e-003	0.999988	0.	0.	
0.	0.	1.	0.	
0.915054	0.646726	0.	1.	
Dynamic:	0	

Frame:	721
0.999992	4.08799e-003	0.	0.	
-4.08799e-003	0.999992	0.	0.	
0.	0.	1.	0.	
0.788745	0.614468	0.	1.	
Dynamic:	0	

Frame:	722
0.999976	6.87861e-003	0.	0.	
-6.87861e-003	0.999976	0.	0.	
0.	0.	1.	0.	
1.24386	0.730531	0.	1.	
Dynamic:	0	

Frame:	723
0.999989	4.74689e-003	0.	0.	
-4.74689e-003	0.999989	0.	0.	
0.	0.	1.	0.	
0.895278	0.642011	0.	1.	
Dynamic:	0	

Frame:	724
0.999992	3.98759e-003	0.	0.	
-3.98759e-003	0.999992	0.	0.	
0.	0.	1.	0.	
0.770732	0.610749	0.	1.	
Dynamic:	0	

Frame:	725
0.999978	6.70646e-003	0.	0.	
-6.70646e-003	0.999978	0.	0.	
0.	0.	1.	0.	
1.21782	0.722818	0.	1.	
Dynamic:	0	

Frame:	726
0.999989	4.74545e-003	0.	0.	
-4.74545e-003	0.999989	0.	0.	
0.	0.	1.	0.	
0.894502	0.642084	0.	1.	
Dynamic:	0	

Frame:	727
0.999992	3.98486e-003	0.	0.	
-3.98486e-003	0.999992	0.	0.	
0.	0.	1.	0.	
0.768718	0.611025	0.	1.	
Dynamic:	0	

Frame:	728
0.999978	6.6988e-003	0.	0.	
-6.6988e-003	0.999978	0.	0.	
0.	0.	1.	0.	
1.21865	0.721999	0.	1.	
Dynamic:	0	

Frame:	729
0.999988	4.797e-003	0.	0.	
-4.797e-003	0.999988	0.	0.	
0.	0.	1.	0.	
0.902533	0.644305	0.	1.	
Dynamic:	0	

Frame:	730
0.999992	4.02671e-003	0.	0.	
-4.02671e-003	0.999992	0.	0.	
0.	0.	1.	0.	
0.774106	0.613087	0.	1.	
Dynamic:	0	

Frame:	731
0.999977	6.76618e-003	0.	0.	
-6.76618e-003	0.999977	0.	0.	
0.	0.	1.	0.	
1.23198	0.724288	0.	1.	
Dynamic:	0	

Frame:	732
0.999988	4.87747e-003	0.	0.	
-4.87747e-003	0.999988	0.	0.	
0.	0.	1.	0.	
0.915479	0.647672	0.	1.	
Dynamic:	0	

Frame:	733
0.999992	4.09295e-003	0.	0.	
-4.09295e-003	0.999992	0.	0.	
0.	0.	1.	0.	
0.783617	0.616098	0.	1.	
Dynamic:	0	

Frame:	734
0.999976	6.87457e-003	0.	0.	
-6.87457e-003	0.999976	0.	0.	
0.	0.	1.	0.	
1.25231	0.728256	0.	1.	
Dynamic:	0	

Frame:	735
0.999988	4.96727e-003	0.	0.	
-4.96727e-003	0.999988	0.	0.	
0.	0.	1.	0.	
0.930101	0.651384	0.	1.	
Dynamic:	0	

Frame:	736
0.999991	4.16714e-003	0.	0.	
-4.16714e-003	0.999991	0.	0.	
0.	0.	1.	0.	
0.794527	0.619389	0.	1.	
Dynamic:	0	

Frame:	737
0.999976	6.99653e-003	0.	0.	
-6.99653e-003	0.999976	0.	0.	
0.	0.	1.	0.	
1.27511	0.732773	0.	1.	
Dynamic:	0	

Frame:	738
0.999987	5.06315e-003	0.	0.	
-5.06315e-003	0.999987	0.	0.	
0.	0.	1.	0.	
0.945872	0.655309	0.	1.	
Dynamic:	0	

Frame:	739
0.999991	4.24655e-003	0.	0.	
-4.24655e-003	0.999991	0.	0.	
0.	0.	1.	0.	
0.806395	0.622849	0.	1.	
Dynamic:	0	

Frame:	740
0.999975	7.12732e-003	0.	0.	
-7.12732e-003	0.999975	0.	0.	
0.	0.	1.	0.	
1.29964	0.737646	0.	1.	
Dynamic:	0	

Frame:	741
0.999987	5.15838e-003	0.	0.	
-5.15838e-003	0.999987	0.	0.	
0.	0.	1.	0.	
0.961654	0.65918	0.	1.	
Dynamic:	0	

Frame:	742
0.999991	4.32556e-003	0.	0.	
-4.32556e-003	0.999991	0.	0.	
0.	0.	1.	0.	
0.818268	0.626253	0.	1.	
Dynamic:	0	

Frame:	743
0.999974	7.25771e-003	0.	0.	
-7.25771e-003	0.999974	0.	0.	
0.	0.	1.	0.	
1.32432	0.742506	0.	1.	
Dynamic:	0	

Frame:	744
0.999986	5.25448e-003	0.	0.	
-5.25448e-003	0.999986	0.	0.	
0.	0.	1.	0.	
0.977706	0.663058	0.	1.	
Dynamic:	0	

Frame:	745
0.999991	4.30222e-003	0.	0.	
-4.30222e-003	0.999991	0.	0.	
0.	0.	1.	0.	
0.810965	0.614864	0.	1.	
Dynamic:	0	

Frame:	746
0.999977	6.84312e-003	0.	0.	
-6.84312e-003	0.999977	0.	0.	
0.	0.	1.	0.	
1.2497	0.689905	0.	1.	
Dynamic:	0	

Frame:	747
0.999991	4.30313e-003	0.	0.	
-4.30313e-003	0.999991	0.	0.	
0.	0.	1.	0.	
0.798941	0.528947	0.	1.	
Dynamic:	0	

Frame:	748
0.999997	2.52759e-003	0.	0.	
-2.52759e-003	0.999997	0.	0.	
0.	0.	1.	0.	
0.473624	0.34139	0.	1.	
Dynamic:	0	

Frame:	749
1.	5.7763e-004	0.	0.	
-5.7763e-004	1.	0.	0.	
0.	0.	1.	0.	
0.109016	8.31461e-002	0.	1.	
Dynamic:	0	

Frame:	750
1.	0.	0.	0.	
0.	1.	0.	0.	
0.	0.	1.	0.	
0.	0.	0.	1.	
Dynamic:	0	

Frame:	751
1.	0.	0.	0.	
0.	1.	0.	0.	
0.	0.	1.	0.	
0.	0.	0.	1.	
Dynamic:	0	

Frame:	752
1.	0.	0.	0.	
0.	1.	0.	0.	
0.	0.	1.	0.	
0.	0.	0.	1.	
Dynamic:	0	

Frame:	753
1.	0.	0.	0.	
0.	1.	0.	0.	
0.	0.	1.	0.	
0.	0.	0.	1.	
Dynamic:	0	

Frame:	754
1.	0.	0.	0.	
0.	1.	0.	0.	
0.	0.	1.	0.	
0.	0.	0.	1.	
Dynamic:	0	

Frame:	755
1.	0.	0.	0.	
0.	1.	0.	0.	
0.	0.	1.	0.	
0.	0.	0.	1.	
Dynamic:	0	

Frame:	756
1.	0.	0.	0.	
0.	1.	0.	0.	
0.	0.	1.	0.	
0.	0.	0.	1.	
Dynamic:	0	

Frame:	757
1.	0.	0.	0.	
0.	1.	0.	0.	
0.	0.	1.	0.	
0.	0.	0.	1.	
Dynamic:	0	

Frame:	758
1.	0.	0.	0.	
0.	1.	0.	0.	
0.	0.	1.	0.	
0.	0.	0.	1.	
Dynamic:	0	

Frame:	759
1.	0.	0.	0.	
0.	1.	0.	0.	
0.	0.	1.	0.	
0.	0.	0.	1.	
Dynamic:	0	

Frame:	760
1.	0.	0.	0.	
0.	1.	0.	0.	
0.	0.	1.	0.	
0.	0.	0.	1.	
Dynamic:	0	

Frame:	761
1.	0.	0.	0.	
0.	1.	0.	0.	
0.	0.	1.	0.	
0.	0.	0.	1.	
Dynamic:	0	

Frame:	762
1.	0.	0.	0.	
0.	1.	0.	0.	
0.	0.	1.	0.	
0.	0.	0.	1.	
Dynamic:	0	

Frame:	763
1.	0.	0.	0.	
0.	1.	0.	0.	
0.	0.	1.	0.	
0.	0.	0.	1.	
Dynamic:	0	

Frame:	764
1.	0.	0.	0.	
0.	1.	0.	0.	
0.	0.	1.	0.	
0.	0.	0.	1.	
Dynamic:	0	

Frame:	765
1.	0.	0.	0.	
0.	1.	0.	0.	
0.	0.	1.	0.	
0.	0.	0.	1.	
Dynamic:	0	

Frame:	766
1.	0.	0.	0.	
0.	1.	0.	0.	
0.	0.	1.	0.	
0.	0.	0.	1.	
Dynamic:	0	

Frame:	767
1.	0.	0.	0.	
0.	1.	0.	0.	
0.	0.	1.	0.	
0.	0.	0.	1.	
Dynamic:	0	

Frame:	768
1.	0.	0.	0.	
0.	1.	0.	0.	
0.	0.	1.	0.	
0.	0.	0.	1.	
Dynamic:	0	

Frame:	769
1.	0.	0.	0.	
0.	1.	0.	0.	
0.	0.	1.	0.	
0.	0.	0.	1.	
Dynamic:	0	

Frame:	770
1.	0.	0.	0.	
0.	1.	0.	0.	
0.	0.	1.	0.	
0.	0.	0.	1.	
Dynamic:	0	

Frame:	771
1.	0.	0.	0.	
0.	1.	0.	0.	
0.	0.	1.	0.	
0.	0.	0.	1.	
Dynamic:	0	

Frame:	772
1.	0.	0.	0.	
0.	1.	0.	0.	
0.	0.	1.	0.	
0.	0.	0.	1.	
Dynamic:	0	

Frame:	773
1.	0.	0.	0.	
0.	1.	0.	0.	
0.	0.	1.	0.	
0.	0.	0.	1.	
Dynamic:	0	

Frame:	774
1.	0.	0.	0.	
0.	1.	0.	0.	
0.	0.	1.	0.	
0.	0.	0.	1.	
Dynamic:	0	

Frame:	775
1.	0.	0.	0.	
0.	1.	0.	0.	
0.	0.	1.	0.	
0.	0.	0.	1.	
Dynamic:	0	

Frame:	776
1.	0.	0.	0.	
0.	1.	0.	0.	
0.	0.	1.	0.	
0.	0.	0.	1.	
Dynamic:	0	

Frame:	777
1.	0.	0.	0.	
0.	1.	0.	0.	
0.	0.	1.	0.	
0.	0.	0.	1.	
Dynamic:	0	

Frame:	778
1.	0.	0.	0.	
0.	1.	0.	0.	
0.	0.	1.	0.	
0.	0.	0.	1.	
Dynamic:	0	

Frame:	779
1.	0.	0.	0.	
0.	1.	0.	0.	
0.	0.	1.	0.	
0.	0.	0.	1.	
Dynamic:	0	

