Time	FPS	Frame	Crash	RB	RU	LU	LB	OC	Dither	DAngle	swAngle	OX	OY	OZ	HX	HY	HZ	DX	DY	DZ	HA	RHA	AccumulativeHeading(Y)	Speed	RSpeed	Dynamic	USRHIT	
2.50538e-005	39914.1	1	0	(0)1	(0)3	(0)3	(0)1	(0)2	0.	8.11822	0.	0.	0.	0.	0.	1.	0.	0.	1.	0.	0.	0.	0.	0.	0.	0	-1	
0.180181	5.55075	2	0	(0)1	(0)3	(0)3	(0)1	(0)2	0.135098	8.11822	0.	0.	0.	0.	0.	1.	0.	0.	1.	0.	0.	0.	0.	0.	0.	0	-1	
0.230718	19.7873	3	0	(0)1	(0)3	(0)3	(0)1	(0)2	0.135098	8.11822	0.	0.	0.	0.	0.	1.	0.	0.	1.	0.	0.	0.	0.	0.	0.	0	-1	
0.256672	38.5307	4	0	(0)1	(0)3	(0)3	(0)1	(0)2	0.135098	8.11822	0.	0.	0.	0.	0.	1.	0.	0.	1.	0.	0.	0.	0.	0.	0.	0	-1	
0.285221	35.0268	5	0	(0)1	(0)3	(0)3	(0)1	(0)2	0.135098	8.11822	0.	0.	0.	0.	0.	1.	0.	0.	1.	0.	0.	0.	0.	0.	0.	0	-1	
0.304881	50.8647	6	0	(0)1	(0)3	(0)3	(0)1	(0)2	0.135098	8.11822	0.	0.	0.	0.	0.	1.	0.	0.	1.	0.	0.	0.	0.	0.	0.	0	-1	
0.320929	62.3154	7	0	(0)1	(0)3	(0)3	(0)1	(0)2	0.135098	8.11822	0.	0.	0.	0.	0.	1.	0.	0.	1.	0.	0.	0.	0.	0.	0.	0	-1	
0.338625	56.5076	8	0	(0)1	(0)3	(0)3	(0)1	(0)2	0.135098	8.11822	0.	0.	0.	0.	0.	1.	0.	0.	1.	0.	0.	0.	0.	0.	0.	0	-1	
0.355926	57.8021	9	0	(0)1	(0)3	(0)3	(0)1	(0)2	0.135098	8.11822	0.	0.	0.	0.	0.	1.	0.	0.	1.	0.	0.	0.	0.	0.	0.	0	-1	
0.371928	62.4929	10	0	(0)1	(0)3	(0)3	(0)1	(0)2	0.135098	8.11822	0.	0.	0.	0.	0.	1.	0.	0.	1.	0.	0.	0.	0.	0.	0.	0	-1	
0.389759	56.08	11	0	(0)1	(0)3	(0)3	(0)1	(0)2	0.135098	8.11822	0.	0.	0.	0.	0.	1.	0.	0.	1.	0.	0.	0.	0.	0.	0.	0	-1	
0.40597	61.6888	12	0	(0)1	(0)3	(0)3	(0)1	(0)2	0.135098	8.11822	0.	0.	0.	0.	0.	1.	0.	0.	1.	0.	0.	0.	0.	0.	0.	0	-1	
0.422979	58.791	13	0	(0)1	(0)3	(0)3	(0)1	(0)2	0.135098	8.11822	0.	0.	0.	0.	0.	1.	0.	0.	1.	0.	0.	0.	0.	0.	0.	0	-1	
0.439986	58.8004	14	0	(0)1	(0)3	(0)3	(0)1	(0)2	0.135098	8.11822	0.	0.	0.	0.	0.	1.	0.	0.	1.	0.	0.	0.	0.	0.	0.	0	-1	
0.457009	58.743	15	0	(0)1	(0)3	(0)3	(0)1	(0)2	0.135098	8.11822	0.	0.	0.	0.	0.	1.	0.	0.	1.	0.	0.	0.	0.	0.	0.	0	-1	
0.473967	58.9678	16	0	(0)1	(0)3	(0)3	(0)1	(0)2	0.135098	8.11822	0.	0.	0.	0.	0.	1.	0.	0.	1.	0.	0.	0.	0.	0.	0.	0	-1	
0.491008	58.6847	17	0	(0)1	(0)3	(0)3	(0)1	(0)2	0.135098	8.11822	0.	0.	0.	0.	0.	1.	0.	0.	1.	0.	0.	0.	0.	0.	0.	0	-1	
0.506977	62.6204	18	0	(0)1	(0)3	(0)3	(0)1	(0)2	0.135098	8.11822	0.	0.	0.	0.	0.	1.	0.	0.	1.	0.	0.	0.	0.	0.	0.	0	-1	
0.524004	58.7305	19	0	(0)1	(0)3	(0)3	(0)1	(0)2	0.135098	8.11822	0.	0.	0.	0.	0.	1.	0.	0.	1.	0.	0.	0.	0.	0.	0.	0	-1	
0.541024	58.7524	20	0	(0)1	(0)3	(0)3	(0)1	(0)2	0.135098	8.11822	0.	0.	0.	0.	0.	1.	0.	0.	1.	0.	0.	0.	0.	0.	0.	0	-1	
0.557937	59.1278	21	0	(0)1	(0)3	(0)3	(0)1	(0)2	0.135098	8.11822	0.	0.	0.	0.	0.	1.	0.	0.	1.	0.	0.	0.	0.	0.	0.	0	-1	
0.574927	58.8589	22	0	(0)1	(0)3	(0)3	(0)1	(0)2	0.135098	8.11822	0.	0.	0.	0.	0.	1.	0.	0.	1.	0.	0.	0.	0.	0.	0.	0	-1	
0.590911	62.5601	23	0	(0)1	(0)3	(0)3	(0)1	(0)2	0.135098	8.11822	0.	0.	0.	0.	0.	1.	0.	0.	1.	0.	0.	0.	0.	0.	0.	0	-1	
0.610355	51.4317	24	0	(0)1	(0)3	(0)3	(0)1	(0)2	0.135098	8.11822	0.	0.	0.	0.	0.	1.	0.	0.	1.	0.	0.	0.	0.	0.	0.	0	-1	
0.626939	60.2965	25	0	(0)1	(0)3	(0)3	(0)1	(0)2	0.135098	8.11822	0.	0.	0.	0.	0.	1.	0.	0.	1.	0.	0.	0.	0.	0.	0.	0	-1	
0.644035	58.4941	26	0	(0)1	(0)3	(0)3	(0)1	(0)2	0.135098	8.11822	0.	0.	0.	0.	0.	1.	0.	0.	1.	0.	0.	0.	0.	0.	0.	0	-1	
0.660969	59.054	27	0	(0)1	(0)3	(0)3	(0)1	(0)2	0.135098	8.11822	0.	0.	0.	0.	0.	1.	0.	0.	1.	0.	0.	0.	0.	0.	0.	0	-1	
0.677001	62.3752	28	0	(0)1	(0)3	(0)3	(0)1	(0)2	0.135098	8.11822	0.	0.	0.	0.	0.	1.	0.	0.	1.	0.	0.	0.	0.	0.	0.	0	-1	
0.694034	58.7097	29	0	(0)1	(0)3	(0)3	(0)1	(0)2	0.135098	8.11822	0.	0.	0.	0.	0.	1.	0.	0.	1.	0.	0.	0.	0.	0.	0.	0	-1	
0.711076	58.6775	30	0	(0)1	(0)3	(0)3	(0)1	(0)2	0.135098	8.11822	0.	0.	0.	0.	0.	1.	0.	0.	1.	0.	0.	0.	0.	0.	0.	0	-1	
0.727997	59.0972	31	0	(0)1	(0)3	(0)3	(0)1	(0)2	0.135098	8.11822	0.	0.	0.	0.	0.	1.	0.	0.	1.	0.	0.	0.	0.	0.	0.	0	-1	
0.744992	58.8421	32	0	(0)1	(0)3	(0)3	(0)1	(0)2	0.135098	8.11822	0.	0.	0.	0.	0.	1.	0.	0.	1.	0.	0.	0.	0.	0.	0.	0	-1	
0.761999	58.8004	33	0	(0)1	(0)3	(0)3	(0)1	(0)2	0.135098	8.11822	0.	0.	0.	0.	0.	1.	0.	0.	1.	0.	0.	0.	0.	0.	0.	0	-1	
0.778021	62.4128	34	0	(0)1	(0)3	(0)3	(0)1	(0)2	0.135098	8.11822	-0.937529	0.	0.	0.	0.	1.	0.	0.	1.	0.	0.	0.	0.	0.	0.	0	-1	
0.795035	58.7743	35	0	(0)1	(0)3	(0)3	(0)1	(0)2	0.134712	7.96822	-0.937529	6.263e-003	4.11706e-002	0.	2.61799e-003	0.999997	0.	2.61799e-003	0.999997	0.	9.	8.81614	0.15	9.37529	8.8114	0	-1	
0.811977	59.0256	36	0	(0)1	(0)3	(0)3	(0)1	(0)2	0.1446	7.66822	-0.937529	1.98792e-002	0.20665	0.	7.8539e-003	0.999969	0.	7.8539e-003	0.999969	0.	18.	17.7077	0.45	36.7199	35.2819	0	-1	
0.829027	58.6494	37	0	(0)1	(0)3	(0)3	(0)1	(0)2	0.154066	7.21822	-0.937529	4.18354e-002	0.4276	0.	1.57073e-002	0.999877	0.	1.57073e-002	0.999877	0.	27.	26.3922	0.9	49.2203	46.8808	0	-1	
0.845021	62.5259	38	0	(0)1	(0)3	(0)3	(0)1	(0)2	0.162747	6.61822	-0.937529	7.40165e-002	0.714679	0.	2.61769e-002	0.999657	0.	2.61769e-002	0.999657	0.	36.	37.5155	1.5	64.0645	65.0241	0	-1	
0.862069	58.6577	39	0	(0)1	(0)3	(0)3	(0)1	(0)2	0.169964	5.90988	-0.937529	0.116651	1.06467	0.	3.85331e-002	0.999257	0.	3.85331e-002	0.999257	0.	42.5	41.5492	2.20833	78.1274	74.4528	0	-1	
0.879012	59.0193	40	0	(0)1	(0)3	(0)3	(0)1	(0)2	0.180037	5.20155	-0.937529	0.167658	1.49358	0.	5.08835e-002	0.998705	0.	5.08835e-002	0.998705	0.	42.5	41.8053	2.91667	95.3154	91.7717	0	-1	
0.895984	58.9238	41	0	(0)1	(0)4	(0)4	(0)1	(0)3	0.186469	9.76359	-0.937529	0.225335	1.94346	0.	6.3226e-002	0.997999	0.	6.3226e-002	0.997999	0.	42.5	41.7377	3.625	100.	96.2138	0	-1	
0.911979	62.5188	42	0	(0)2	(0)4	(0)4	(0)2	(0)3	0.239429	9.05526	-0.937529	0.288569	2.3926	0.	7.55589e-002	0.997141	0.	7.55589e-002	0.997141	0.	42.5	44.2841	4.33333	100.	102.084	0	-1	
0.929037	58.6235	43	0	(0)2	(0)4	(0)4	(0)2	(0)3	0.276328	8.34693	-0.937529	0.35735	2.84093	0.	8.78802e-002	0.996131	0.	8.78802e-002	0.996131	0.	42.5	41.525	5.04167	100.	95.7235	0	-1	
0.945055	62.4304	44	0	(0)2	(0)4	(0)4	(0)2	(0)3	0.307636	7.63859	-0.937529	0.431669	3.28837	0.	0.100188	0.994969	0.	0.100188	0.994969	0.	42.5	44.2216	5.75	100.	101.94	0	-1	
0.961996	59.0267	45	0	(0)2	(0)5	(0)5	(0)2	(0)3	0.333347	6.93026	-0.937529	0.511514	3.73486	0.	0.112481	0.993654	0.	0.112481	0.993654	0.	42.5	41.8105	6.45833	100.	96.3818	0	-1	
0.978956	58.9636	46	0	(0)2	(0)5	(0)5	(0)3	(0)4	0.353458	11.2779	-0.937529	0.596872	4.18032	0.	0.124756	0.992187	0.	0.124756	0.992187	0.	42.5	41.7659	7.16667	100.	96.2789	0	-1	
0.995925	58.929	47	0	(0)3	(0)5	(0)5	(0)3	(0)4	0.431236	10.5696	-0.937529	0.68773	4.6247	0.	0.137012	0.990569	0.	0.137012	0.990569	0.	42.5	41.7414	7.875	100.	96.2224	0	-1	
1.01204	62.0597	48	0	(0)3	(0)5	(0)5	(0)3	(0)4	0.480069	9.86128	-0.937529	0.784076	5.06792	0.	0.149248	0.9888	0.	0.149248	0.9888	0.	42.5	43.959	8.58333	100.	101.334	0	-1	
1.02796	62.7973	49	0	(0)3	(0)5	(0)5	(0)3	(0)4	0.523324	9.15295	-0.937529	0.885893	5.50991	0.	0.16146	0.986879	0.	0.16146	0.986879	0.	42.5	44.4814	9.29167	100.	102.539	0	-1	
1.04494	58.8955	50	0	(0)3	(0)6	(0)6	(0)3	(0)5	0.560994	13.2239	-0.937529	0.993166	5.95061	0.	0.173648	0.984808	0.	0.173648	0.984808	0.	42.5	41.7176	10.	100.	96.1676	0	-1	
1.06207	58.3786	51	0	(0)4	(0)6	(0)6	(0)4	(0)5	0.624027	12.5156	-1.17191	1.10588	6.38995	0.	0.18581	0.982586	0.	0.18581	0.982586	0.	42.5	41.3515	10.7083	100.	95.3237	0	-1	
1.07802	62.6939	52	0	(0)4	(0)6	(0)6	(0)4	(0)5	0.688145	11.8073	-1.87506	1.22402	6.82787	0.	0.197942	0.980214	0.	0.197942	0.980214	0.	42.5	44.4082	11.4167	100.	102.37	0	-1	
1.09405	62.3811	53	0	(0)4	(0)6	(0)6	(0)4	(0)5	0.746706	11.0989	-3.75011	1.34756	7.26429	0.	0.210045	0.977692	0.	0.210045	0.977692	0.	42.5	44.1866	12.125	100.	101.859	0	-1	
1.11105	58.8286	54	0	(0)4	(0)6	(0)7	(0)4	(0)5	0.799703	10.3906	-5.85955	1.47648	7.69915	0.	0.222116	0.97502	0.	0.222116	0.97502	0.	42.5	41.6702	12.8333	100.	96.0583	0	-1	
1.12797	59.1004	55	0	(0)4	(0)7	(0)7	(0)5	(0)6	0.857514	14.1442	-8.20338	1.60048	8.13473	0.	0.234152	0.9722	0.	0.234152	0.9722	0.	42.5	41.8628	13.5417	100.	96.3563	0	-1	
1.14658	53.7368	56	0	(0)5	(0)7	(0)7	(0)5	(0)6	0.945571	13.4359	-11.2503	1.72604	8.56966	0.	0.246153	0.969231	0.	0.246153	0.969231	0.	42.5	38.0635	14.25	100.	87.5743	0	-1	
1.16303	60.7967	57	0	(0)5	(0)7	(0)7	(0)5	(0)6	1.03538	12.7276	-14.7661	1.85258	9.00412	0.	0.258117	0.966114	0.	0.258117	0.966114	0.	42.5	43.0643	14.9583	100.	99.0405	0	-1	
1.17905	62.4022	58	0	(0)5	(0)7	(0)7	(0)5	(0)6	1.12352	12.0192	-17.813	1.98069	9.438	0.	0.27004	0.962849	0.	0.27004	0.962849	0.	42.5	44.2016	15.6667	100.	101.629	0	-1	
1.19598	59.093	59	0	(0)5	(0)8	(0)8	(0)5	(0)6	1.21267	11.3109	-22.9695	2.10776	9.87205	0.	0.281923	0.959437	0.	0.281923	0.959437	0.	42.5	41.8575	16.375	100.	96.2134	0	-1	
1.21299	58.7858	60	0	(0)6	(0)8	(0)8	(0)6	(0)7	1.30017	14.7272	-26.0164	2.23643	10.3056	0.	0.293762	0.955879	0.	0.293762	0.955879	0.	42.5	41.6399	17.0833	100.	95.7073	0	-1	
1.22896	62.6133	61	0	(0)6	(0)8	(0)8	(0)6	(0)7	1.41087	14.0188	-29.0634	2.3667	10.7387	0.	0.305557	0.952174	0.	0.305557	0.952174	0.	42.5	44.3511	17.7917	100.	101.94	0	-1	
1.24592	58.9626	62	0	(0)6	(0)8	(0)8	(0)6	(0)7	1.52656	13.3105	-31.876	2.49886	11.1712	0.	0.317305	0.948324	0.	0.317305	0.948324	0.	42.5	41.7652	18.5	100.	96.0042	0	-1	
1.26198	62.2451	63	0	(0)6	(0)8	(0)8	(0)6	(0)7	1.64006	12.6022	-34.4542	2.63322	11.6032	0.	0.329004	0.944329	0.	0.329004	0.944329	0.	42.5	44.0903	19.2083	100.	101.362	0	-1	
1.27897	58.8651	64	0	(0)6	(0)9	(0)9	(0)6	(0)8	1.75108	15.6779	-36.798	2.77005	12.0344	0.	0.340653	0.940189	0.	0.340653	0.940189	0.	42.5	41.6961	19.9167	100.	95.8737	0	-1	
1.29596	58.8651	65	0	(0)7	(0)9	(0)9	(0)7	(0)8	1.84117	14.9696	-38.6731	2.90994	12.4647	0.	0.35225	0.935906	0.	0.35225	0.935906	0.	42.5	41.6961	20.625	100.	95.8894	0	-1	
1.31196	62.4881	66	0	(0)7	(0)9	(0)9	(0)7	(0)8	1.97488	14.2613	-40.5481	3.05287	12.8941	0.	0.363793	0.93148	0.	0.363793	0.93148	0.	42.5	44.2624	21.3333	100.	101.811	0	-1	
1.32902	58.6328	67	0	(0)7	(0)9	(0)9	(0)7	(0)8	2.10499	13.5529	-41.9544	3.19942	13.3224	0.	0.375281	0.926911	0.	0.375281	0.926911	0.	42.5	41.5316	22.0417	100.	95.5448	0	-1	
1.34597	58.9909	68	0	(0)7	(0)9	(0)9	(0)7	(0)8	2.23149	12.8446	-43.3607	3.34957	13.7495	0.	0.386711	0.922201	0.	0.386711	0.922201	0.	42.5	41.7852	22.75	100.	96.1455	0	-1	
1.363	58.7211	69	0	(0)7	(0)10	(0)10	(0)8	(0)9	2.35349	15.5893	-44.0638	3.50416	14.1751	0.	0.398082	0.91735	0.	0.398082	0.91735	0.	42.5	41.5941	23.4583	100.	95.715	0	-1	
1.38045	57.3022	70	0	(0)8	(0)10	(0)10	(0)8	(0)9	2.4374	14.881	-44.767	3.66317	14.5991	0.	0.409392	0.912358	0.	0.409392	0.912358	0.	42.5	40.5891	24.1667	100.	93.4114	0	-1	
1.39707	60.1564	71	0	(0)8	(0)10	(0)10	(0)8	(0)9	2.57569	14.1726	-44.767	3.8274	15.021	0.	0.42064	0.907228	0.	0.42064	0.907228	0.	42.5	42.6108	24.875	100.	98.0641	0	-1	
1.41397	59.1774	72	0	(0)8	(0)10	(0)10	(0)8	(0)9	2.70864	13.4643	-44.767	3.99684	15.441	0.	0.431823	0.901958	0.	0.431823	0.901958	0.	42.5	41.9173	25.5833	100.	96.4683	0	-1	
1.431	58.7159	73	0	(0)8	(0)10	(0)10	(0)8	(0)9	2.83622	12.756	-44.767	4.17146	15.8588	0.	0.442941	0.896551	0.	0.442941	0.896551	0.	42.5	41.5905	26.2917	100.	95.716	0	-1	
1.44798	58.9185	74	0	(0)8	(0)10	(0)11	(0)9	(0)10	2.95843	15.1876	-44.767	4.35123	16.2744	0.	0.45399	0.891007	0.	0.45399	0.891007	0.	42.5	41.734	27.	100.	96.0462	0	-1	
1.46397	62.5377	75	0	(0)9	(0)11	(0)11	(0)9	(0)10	3.02356	14.4792	-44.767	4.53612	16.6877	0.	0.464971	0.885326	0.	0.464971	0.885326	0.	42.5	44.2975	27.7083	100.	101.946	0	-1	
1.48101	58.692	76	0	(0)9	(0)11	(0)11	(0)9	(0)10	3.15882	13.7709	-44.767	4.72611	17.0988	0.	0.47588	0.87951	0.	0.47588	0.87951	0.	42.5	41.5735	28.4167	100.	95.677	0	-1	
1.49705	62.3118	77	0	(0)9	(0)11	(0)11	(0)9	(0)10	3.28873	13.0626	-44.767	4.92117	17.5074	0.	0.486717	0.87356	0.	0.486717	0.87356	0.	42.5	44.1375	29.125	100.	101.578	0	-1	
1.51397	59.112	78	0	(0)9	(0)11	(0)11	(0)9	(0)10	3.41298	12.3542	-44.5326	5.12152	17.9135	0.	0.497479	0.867476	0.	0.497479	0.867476	0.	42.5	41.871	29.8333	100.	96.3583	0	-1	
1.53098	58.7931	79	0	(0)9	(0)11	(0)12	(0)10	(0)11	3.53124	14.4951	-44.0638	5.32741	18.3167	0.	0.508165	0.86126	0.	0.508165	0.86126	0.	42.5	41.6451	30.5417	100.	95.8322	0	-1	
1.54705	62.2206	80	0	(0)10	(0)12	(0)12	(0)10	(0)11	3.57291	13.7867	-43.5951	5.53878	18.7171	0.	0.518773	0.854912	0.	0.518773	0.854912	0.	42.5	44.0729	31.25	100.	101.412	0	-1	
1.56397	59.0972	81	0	(0)10	(0)12	(0)12	(0)10	(0)11	3.7	13.0784	-42.4232	5.75638	19.1141	0.	0.529302	0.848433	0.	0.529302	0.848433	0.	42.5	41.8605	31.9583	100.	96.3071	0	-1	
1.58099	58.7607	82	0	(0)10	(0)12	(0)12	(0)10	(0)11	3.82055	12.3701	-41.4856	5.97989	19.5076	0.	0.539751	0.841825	0.	0.539751	0.841825	0.	42.5	41.6222	32.6667	100.	95.7479	0	-1	
1.598	58.8024	83	0	(0)10	(0)12	(0)12	(0)10	(0)11	3.93392	11.6617	-40.0793	6.20977	19.8975	0.	0.550116	0.835088	0.	0.550116	0.835088	0.	42.5	41.6517	33.375	100.	95.8008	0	-1	
1.62145	42.6356	84	0	(0)10	(0)12	(0)13	(0)11	(0)12	4.03921	13.5364	-37.9699	6.44673	20.2829	0.	0.560398	0.828223	0.	0.560398	0.828223	0.	42.5	30.2002	34.0833	100.	69.4475	0	-1	
1.63819	59.7484	85	0	(0)11	(0)13	(0)13	(0)11	(0)12	4.04794	12.8281	-36.3292	6.69018	20.6642	0.	0.570594	0.821232	0.	0.570594	0.821232	0.	42.5	42.3218	34.7917	100.	97.3088	0	-1	
1.65395	63.4589	86	0	(0)11	(0)13	(0)13	(0)11	(0)12	4.15775	12.1198	-34.4542	6.94031	21.0411	0.	0.580703	0.814116	0.	0.580703	0.814116	0.	42.5	44.95	35.5	100.	103.339	0	-1	
1.67191	55.6738	87	0	(0)11	(0)13	(0)13	(0)11	(0)12	4.25918	11.4114	-32.1104	7.19753	21.4132	0.	0.590723	0.806874	0.	0.590723	0.806874	0.	42.5	39.4356	36.2083	100.	90.6503	0	-1	
1.68805	61.939	88	0	(0)11	(0)13	(0)13	(0)11	(0)12	4.35219	10.7031	-29.7665	7.46177	21.7802	0.	0.600653	0.79951	0.	0.600653	0.79951	0.	42.5	43.8735	36.9167	100.	100.844	0	-1	
1.704	62.7259	89	0	(0)11	(0)13	(0)14	(0)12	(0)12	4.43676	9.99476	-27.4227	7.73293	22.1421	0.	0.610491	0.792023	0.	0.610491	0.792023	0.	42.5	44.4309	37.625	100.	102.122	0	-1	
1.72096	58.9563	90	0	(0)12	(0)13	(0)14	(0)12	(0)13	4.51227	11.6281	-24.6101	8.01142	22.4984	0.	0.620235	0.784416	0.	0.620235	0.784416	0.	42.5	41.7607	38.3333	100.	95.9867	0	-1	
1.73801	58.6473	91	0	(0)12	(0)14	(0)14	(0)12	(0)13	4.49053	10.9198	-21.5632	8.29737	22.8489	0.	0.629885	0.776688	0.	0.629885	0.776688	0.	42.5	41.5419	39.0417	100.	95.4929	0	-1	
1.75503	58.7347	92	0	(0)12	(0)14	(0)14	(0)12	(0)13	4.56522	10.2114	-18.2818	8.59091	23.1931	0.	0.639439	0.768842	0.	0.639439	0.768842	0.	42.5	41.6037	39.75	100.	95.653	0	-1	
1.77126	61.6291	93	0	(0)12	(0)14	(0)14	(0)12	(0)13	4.63053	9.50308	-15.2348	8.8917	23.5311	0.	0.648895	0.760878	0.	0.648895	0.760878	0.	42.5	43.6539	40.4583	100.	100.392	0	-1	
1.78804	59.5883	94	0	(0)12	(0)14	(0)14	(0)13	(0)13	4.68436	8.79475	-10.5472	9.20124	23.8615	0.	0.658252	0.752798	0.	0.658252	0.752798	0.	42.5	42.2084	41.1667	100.	97.1194	0	-1	
1.80398	62.7295	95	0	(0)12	(0)14	(0)15	(0)13	(0)14	4.72874	10.2106	-7.50023	9.51778	24.1855	0.	0.667508	0.744603	0.	0.667508	0.744603	0.	42.5	44.4334	41.875	100.	102.284	0	-1	
1.82137	57.5091	96	0	(0)13	(0)14	(0)15	(0)13	(0)14	4.65344	9.5023	-5.15641	9.8455	24.499	0.	0.676662	0.736294	0.	0.676662	0.736294	0.	42.5	40.7356	42.5833	100.	93.9039	0	-1	
1.83798	60.1935	97	0	(0)13	(0)15	(0)15	(0)13	(0)14	4.69387	8.79396	-2.5782	10.1771	24.8085	0.	0.685712	0.727872	0.	0.685712	0.727872	0.	42.5	42.6371	43.2917	100.	98.2871	0	-1	
1.85398	62.5035	98	0	(0)13	(0)15	(0)15	(0)13	(0)14	4.72871	8.08563	-0.468764	10.5124	25.1139	0.	0.694658	0.71934	0.	0.694658	0.71934	0.	42.5	44.2733	44.	100.	102.059	0	-1	
1.86998	62.4976	99	0	(0)13	(0)15	(0)15	(0)13	(0)14	4.75795	7.3773	1.17924	10.8516	25.4151	0.	0.703498	0.710697	0.	0.703498	0.710697	0.	42.5	44.2691	44.7083	100.	102.049	0	-1	
1.88791	55.7751	100	0	(0)13	(0)15	(0)15	(0)14	(0)14	4.7816	6.66896	3.06162	11.1944	25.7121	0.	0.71223	0.701946	0.	0.71223	0.701946	0.	42.5	39.5073	45.4167	100.	91.0724	0	-1	
1.90499	58.5623	101	0	(0)13	(0)15	(0)16	(0)14	(0)15	4.79964	7.88964	4.944	11.5408	26.0048	0.	0.720854	0.693087	0.	0.720854	0.693087	0.	42.5	41.4817	46.125	100.	95.6236	0	-1	
1.92196	58.9395	102	0	(0)14	(0)15	(0)16	(0)14	(0)15	4.69975	7.1813	6.35395	11.8966	26.2873	0.	0.729367	0.684123	0.	0.729367	0.684123	0.	42.5	41.7488	46.8333	100.	96.3878	0	-1	
1.939	58.6577	103	0	(0)14	(0)16	(0)16	(0)14	(0)15	4.71223	6.47297	7.52953	12.2568	26.5643	0.	0.737768	0.675054	0.	0.737768	0.675054	0.	42.5	41.5492	47.5417	100.	95.9577	0	-1	
1.95506	62.2943	104	0	(0)14	(0)16	(0)16	(0)14	(0)15	4.71728	5.76464	8.94314	12.6216	26.8355	0.	0.746057	0.665882	0.	0.746057	0.665882	0.	42.5	44.1251	48.25	100.	101.947	0	-1	
1.97135	61.3779	105	0	(0)14	(0)16	(0)16	(0)14	(0)15	4.71491	5.0563	10.3531	12.991	27.1008	0.	0.754232	0.656608	0.	0.754232	0.656608	0.	42.5	43.476	48.9583	100.	100.489	0	-1	
1.98803	59.9506	106	0	(0)14	(0)16	(0)16	(0)15	(0)15	4.70481	4.34797	12.0011	13.3651	27.3599	0.	0.762292	0.647233	0.	0.762292	0.647233	0.	42.5	42.465	49.6667	100.	98.2019	0	-1	
2.00508	58.6546	107	0	(0)14	(0)16	(0)16	(0)15	(0)15	4.68787	3.63964	12.9423	13.743	27.6135	0.	0.770235	0.63776	0.	0.770235	0.63776	0.	42.5	41.547	50.375	100.	96.1075	0	-1	
2.02206	58.8923	108	0	(0)15	(0)16	(0)17	(0)15	(0)16	4.6638	4.68547	14.1179	14.1251	27.8612	0.	0.77806	0.628189	0.	0.77806	0.628189	0.	42.5	41.7154	51.0833	100.	96.5338	0	-1	
2.03912	58.6287	109	0	(0)15	(0)16	(0)17	(0)15	(0)16	4.54213	3.97714	14.8247	14.5108	28.1034	0.	0.785767	0.618523	0.	0.785767	0.618523	0.	42.5	41.5286	51.7917	100.	96.1241	0	-1	
2.05602	59.1489	110	0	(0)15	(0)16	(0)17	(0)15	(0)16	4.51832	3.26881	16.0002	14.9003	28.3397	0.	0.793353	0.608761	0.	0.793353	0.608761	0.	42.5	41.8971	52.5	100.	97.0156	0	-1	
2.07307	58.6598	111	0	(0)15	(0)17	(0)17	(0)15	(0)16	4.48768	2.56047	16.9414	15.2935	28.5701	0.	0.800818	0.598907	0.	0.800818	0.598907	0.	42.5	41.5507	53.2083	100.	96.2448	0	-1	
2.08907	62.4858	112	0	(0)15	(0)17	(0)17	(0)16	(0)16	4.45021	1.85214	17.8826	15.6903	28.7948	0.	0.808161	0.588961	0.	0.808161	0.588961	0.	42.5	44.2608	53.9167	100.	102.556	0	-1	
2.10597	59.1679	113	0	(0)15	(0)17	(0)17	(0)16	(0)16	4.40592	1.14381	18.8238	16.0905	29.0135	0.	0.81538	0.578925	0.	0.81538	0.578925	0.	42.5	41.9106	54.625	100.	97.1438	0	-1	
2.12308	58.4569	114	0	(0)15	(0)17	(0)17	(0)16	(0)16	4.36249	0.585473	19.5306	16.4915	29.2338	0.	0.820983	0.570952	0.	0.820983	0.570952	0.	33.5	32.6385	55.1833	100.	96.2932	0	-1	
2.139	62.8032	115	0	(0)16	(0)17	(0)18	(0)16	(0)17	4.32048	1.77481	20.7062	16.8932	29.4563	0.	0.825031	0.565087	0.	0.825031	0.565087	0.	24.5	25.6447	55.5917	100.	103.824	0	-1	
2.15851	51.2527	116	0	(0)16	(0)17	(0)18	(0)16	(0)17	4.18501	1.21647	21.8818	17.2996	29.6674	0.	0.830499	0.557021	0.	0.830499	0.557021	0.	33.5	28.6161	56.15	100.	84.4919	0	-1	
2.17499	60.6909	117	0	(0)16	(0)17	(0)18	(0)16	(0)17	4.1388	0.669941	22.5886	17.7084	29.8743	0.	0.835774	0.549073	0.	0.835774	0.549073	0.	32.792	33.1695	56.6965	100.	100.099	0	-1	
2.19098	62.5566	118	0	(0)16	(0)18	(0)18	(0)16	(0)17	4.09441	0.273408	23.5298	18.1176	30.0836	0.	0.839554	0.543276	0.	0.839554	0.543276	0.	23.792	24.8057	57.0931	100.	103.529	0	-1	
2.20803	58.6349	119	0	(0)16	(0)18	(0)18	(0)17	(0)17	4.05269	2.03283e-002	24.471	18.527	30.2962	0.	0.841946	0.539562	0.	0.841946	0.539562	0.	15.1848	14.8393	57.3461	100.	97.3688	0	-1	
2.22404	62.4528	120	0	(0)16	(0)18	(0)18	(0)17	(0)17	4.00984	-0.19575	25.1778	18.9373	30.508	0.	0.843974	0.536383	0.	0.843974	0.536383	0.	12.9647	13.4947	57.5622	100.	103.814	0	-1	
2.241	58.9909	121	0	(0)16	(0)18	(0)18	(0)17	(0)17	3.96589	-0.380236	25.8846	19.3484	30.7191	0.	0.845697	0.533663	0.	0.845697	0.533663	0.	11.0692	10.883	57.7467	100.	98.1473	0	-1	
2.25799	58.84	122	0	(0)17	(0)18	(0)19	(0)17	(0)18	3.9269	1.04286	26.5877	19.7587	30.9356	0.	0.846018	0.533154	0.	0.846018	0.533154	0.	2.06919	2.02919	57.7812	100.	98.2533	0	-1	
2.275	58.7858	123	0	(0)17	(0)18	(0)19	(0)17	(0)18	3.80577	0.858374	27.2945	20.1716	31.1435	0.	0.847731	0.530427	0.	0.847731	0.530427	0.	11.0692	10.8452	57.9657	100.	97.8419	0	-1	
2.291	62.4976	124	0	(0)17	(0)18	(0)19	(0)17	(0)18	3.76018	0.523888	28.0013	20.5876	31.342	0.	0.850813	0.525469	0.	0.850813	0.525469	0.	20.0692	20.9046	58.3002	100.	103.709	0	-1	
2.30806	58.637	125	0	(0)17	(0)18	(0)19	(0)17	(0)18	3.71414	0.259303	28.9425	21.0046	31.5404	0.	0.85323	0.521535	0.	0.85323	0.521535	0.	15.8751	15.5144	58.5648	100.	97.472	0	-1	
2.32499	59.0393	126	0	(0)17	(0)19	(0)19	(0)18	(0)18	3.66723	3.24415e-002	29.4113	21.4222	31.7383	0.	0.855288	0.518152	0.	0.855288	0.518152	0.	13.6117	13.3938	58.7916	100.	98.2322	0	-1	
2.34205	58.6255	127	0	(0)17	(0)19	(0)19	(0)18	(0)18	3.61918	-0.162076	30.1181	21.8408	31.9354	0.	0.857043	0.515246	0.	0.857043	0.515246	0.	11.6711	11.4037	58.9861	100.	97.6308	0	-1	
2.35903	58.9028	128	0	(0)17	(0)19	(0)19	(0)18	(0)18	3.57031	-0.328861	30.5905	22.2599	32.1319	0.	0.858539	0.512749	0.	0.858539	0.512749	0.	10.0071	9.82411	59.1529	100.	98.1637	0	-1	
2.37507	62.3411	129	0	(0)17	(0)19	(0)19	(0)18	(0)18	3.52067	-0.471867	31.0593	22.6796	32.3278	0.	0.859816	0.510604	0.	0.859816	0.510604	0.	8.58037	8.91517	59.2959	100.	103.96	0	-1	
2.39201	59.0256	130	0	(0)18	(0)19	(0)20	(0)18	(0)19	3.47661	0.867033	31.5317	23.0982	32.5295	0.	0.859754	0.510709	0.	0.859754	0.510709	0.	-0.419632	-0.412818	59.2889	100.	98.7251	0	-1	
2.40911	58.4827	131	0	(0)18	(0)19	(0)20	(0)18	(0)19	3.36762	0.724027	31.7661	23.5188	32.7237	0.	0.861026	0.508562	0.	0.861026	0.508562	0.	8.58037	8.36339	59.4319	100.	97.5456	0	-1	
2.42604	59.074	132	0	(0)18	(0)19	(0)20	(0)18	(0)19	3.31785	0.431021	32.0005	23.9419	32.9091	0.	0.863615	0.504152	0.	0.863615	0.504152	0.	17.5804	17.309	59.7249	100.	98.2378	0	-1	
2.44311	58.5696	133	0	(0)18	(0)19	(0)20	(0)19	(0)19	3.26854	0.201257	32.2349	24.3654	33.0952	0.	0.86563	0.500684	0.	0.86563	0.500684	0.	13.7858	13.4572	59.9547	100.	97.5292	0	-1	
2.45907	62.6809	134	0	(0)18	(0)20	(0)20	(0)19	(0)19	3.21835	3.48309e-003	32.7073	24.7896	33.2806	0.	0.867353	0.497693	0.	0.867353	0.497693	0.	11.8665	12.3967	60.1525	100.	104.458	0	-1	
2.47509	62.4104	135	0	(0)18	(0)20	(0)20	(0)19	(0)19	3.16762	-0.166756	32.9417	25.2142	33.4658	0.	0.868828	0.495114	0.	0.868828	0.495114	0.	10.2143	10.6247	60.3227	100.	104.074	0	-1	
2.49218	58.5096	136	0	(0)18	(0)20	(0)20	(0)19	(0)19	3.11668	-0.313293	32.9417	25.6391	33.6508	0.	0.870091	0.492891	0.	0.870091	0.492891	0.	8.79222	8.57382	60.4693	100.	97.6167	0	-1	
2.50916	58.8902	137	0	(0)19	(0)20	(0)20	(0)19	(0)19	3.06492	-0.452599	32.9417	26.0643	33.8351	0.	0.871287	0.490774	0.	0.871287	0.490774	0.	8.35839	8.20379	60.6086	100.	98.2666	0	-1	
2.52599	59.4333	138	0	(0)19	(0)20	(0)21	(0)19	(0)20	3.01939	0.777357	32.9417	26.4881	34.0258	0.	0.871196	0.490936	0.	0.871196	0.490936	0.	-0.64161	-0.63555	60.5979	100.	99.4261	0	-1	
2.54309	58.4734	139	0	(0)19	(0)20	(0)21	(0)19	(0)20	2.92188	0.638051	32.9417	26.9138	34.2092	0.	0.872387	0.488817	0.	0.872387	0.488817	0.	8.35839	8.14573	60.7372	100.	97.5711	0	-1	
2.55901	62.7997	140	0	(0)19	(0)20	(0)21	(0)19	(0)20	2.87091	0.359315	32.9417	27.3415	34.3845	0.	0.874754	0.484567	0.	0.874754	0.484567	0.	16.7242	17.5045	61.0159	100.	104.496	0	-1	
2.57636	57.6502	141	0	(0)19	(0)20	(0)21	(0)20	(0)20	2.82153	0.158206	32.9417	27.7692	34.5617	0.	0.87645	0.481493	0.	0.87645	0.481493	0.	12.0665	11.594	61.217	100.	96.0754	0	-1	
2.59521	53.0382	142	0	(0)19	(0)21	(0)21	(0)20	(0)20	2.77187	-1.55217e-002	32.9417	28.1972	34.7387	0.	0.877906	0.478834	0.	0.877906	0.478834	0.	10.4236	9.21418	61.3907	100.	88.4387	0	-1	
2.6121	59.224	143	0	(0)19	(0)21	(0)21	(0)20	(0)20	2.72197	-0.165595	32.9417	28.6255	34.9156	0.	0.879157	0.476533	0.	0.879157	0.476533	0.	9.00442	8.88796	61.5408	100.	98.8014	0	-1	
2.63411	45.4235	144	0	(0)19	(0)21	(0)21	(0)20	(0)20	2.67169	-0.298886	32.9417	29.0541	35.0922	0.	0.880263	0.474486	0.	0.880263	0.474486	0.	7.99741	6.0545	61.6741	100.	75.8049	0	-1	
2.65415	49.9114	145	0	(0)20	(0)21	(0)21	(0)20	(0)20	2.62078	-0.423197	32.9417	29.483	35.2683	0.	0.88129	0.472575	0.	0.88129	0.472575	0.	7.45867	6.20454	61.7984	100.	83.3103	0	-1	
2.67004	62.9285	146	0	(0)20	(0)21	(0)22	(0)20	(0)21	2.57622	0.720253	32.9417	29.9101	35.4507	0.	0.881078	0.47297	0.	0.881078	0.47297	0.	-1.54133	-1.61656	61.7727	100.	105.208	0	-1	
2.686	62.6643	147	0	(0)20	(0)21	(0)22	(0)20	(0)21	2.48947	0.595942	32.9417	30.3393	35.626	0.	0.882103	0.471057	0.	0.882103	0.471057	0.	7.45867	7.78986	61.897	100.	104.597	0	-1	
2.70304	58.666	148	0	(0)20	(0)21	(0)22	(0)20	(0)21	2.43913	0.336701	32.9417	30.7703	35.7937	0.	0.884225	0.467061	0.	0.884225	0.467061	0.	15.5544	15.2086	62.1563	100.	97.6548	0	-1	
2.71903	62.5637	149	0	(0)20	(0)21	(0)22	(0)21	(0)21	2.39051	0.154943	32.9417	31.2012	35.9632	0.	0.885702	0.464254	0.	0.885702	0.464254	0.	10.9055	11.3715	62.338	100.	104.305	0	-1	
2.73782	53.2188	150	0	(0)20	(0)22	(0)22	(0)21	(0)21	2.34162	-2.58103e-003	32.9417	31.6324	36.1327	0.	0.886975	0.461817	0.	0.886975	0.461817	0.	9.45141	8.38322	62.4956	100.	88.7695	0	-1	
2.75508	57.9254	151	0	(0)20	(0)22	(0)22	(0)21	(0)21	2.29249	-0.139101	32.9417	32.064	36.302	0.	0.888073	0.459702	0.	0.888073	0.459702	0.	8.1912	7.90798	62.6321	100.	96.6623	0	-1	
2.77249	57.4473	152	0	(0)20	(0)22	(0)22	(0)21	(0)21	2.24304	-0.259983	32.9417	32.4957	36.4711	0.	0.889041	0.457828	0.	0.889041	0.457828	0.	7.25293	6.94435	62.753	100.	95.8958	0	-1	
2.78905	60.3745	153	0	(0)21	(0)22	(0)22	(0)21	(0)21	2.193	-0.372885	32.9417	32.9278	36.6396	0.	0.889941	0.456075	0.	0.889941	0.456075	0.	6.77411	6.8164	62.8659	100.	100.799	0	-1	
2.80515	62.1225	154	0	(0)21	(0)22	(0)23	(0)21	(0)22	2.14941	0.690675	32.9417	33.3578	36.8144	0.	0.889646	0.456651	0.	0.889646	0.456651	0.	-2.22589	-2.30463	62.8288	100.	103.812	0	-1	
2.82201	59.3226	155	0	(0)21	(0)22	(0)23	(0)21	(0)22	2.07094	0.577774	32.9417	33.7901	36.9824	0.	0.890544	0.454897	0.	0.890544	0.454897	0.	6.77411	6.69763	62.9417	100.	99.0429	0	-1	
2.83899	58.8641	156	0	(0)21	(0)22	(0)23	(0)21	(0)22	2.02086	0.326944	32.9417	34.2239	37.1426	0.	0.892527	0.450994	0.	0.892527	0.450994	0.	15.0498	14.7648	63.1925	100.	98.0008	0	-1	
2.85507	62.1984	157	0	(0)21	(0)22	(0)23	(0)22	(0)22	1.97293	0.160796	32.9417	34.6577	37.3051	0.	0.893831	0.448404	0.	0.893831	0.448404	0.	9.9689	10.3342	63.3587	100.	103.729	0	-1	
2.87211	58.6743	158	0	(0)21	(0)22	(0)23	(0)22	(0)22	1.92473	1.63729e-002	32.9417	35.0918	37.4675	0.	0.894958	0.44615	0.	0.894958	0.44615	0.	8.66539	8.47393	63.5031	100.	97.8959	0	-1	
2.88905	59.0309	159	0	(0)21	(0)23	(0)23	(0)22	(0)22	1.87664	-0.102098	32.9417	35.5261	37.6301	0.	0.895879	0.444298	0.	0.895879	0.444298	0.	7.10828	6.99346	63.6215	100.	98.5442	0	-1	
2.90505	62.5082	160	0	(0)21	(0)23	(0)23	(0)22	(0)22	1.82798	-0.212894	32.9417	35.9606	37.7922	0.	0.896736	0.442565	0.	0.896736	0.442565	0.	6.64776	6.92566	63.7323	100.	104.366	0	-1	
2.92207	58.7732	161	0	(0)21	(0)23	(0)23	(0)22	(0)22	1.77877	-0.316512	32.9417	36.3954	37.9538	0.	0.897535	0.440943	0.	0.897535	0.440943	0.	6.21708	6.08997	63.836	100.	98.1449	0	-1	
2.939	59.0645	162	0	(0)22	(0)23	(0)23	(0)22	(0)23	1.73609	0.673578	32.9417	36.828	38.1217	0.	0.897178	0.441669	0.	0.897178	0.441669	0.	-2.78292	-2.73953	63.7896	100.	98.664	0	-1	
2.95603	58.6962	163	0	(0)22	(0)23	(0)24	(0)22	(0)23	1.66387	0.56996	32.9417	37.2629	38.2829	0.	0.897975	0.440046	0.	0.897975	0.440046	0.	6.21708	6.08198	63.8932	100.	98.0162	0	-1	
2.973	58.9468	164	0	(0)22	(0)23	(0)24	(0)22	(0)23	1.61391	0.322748	32.9417	37.6994	38.436	0.	0.899866	0.436167	0.	0.899866	0.436167	0.	14.8327	14.5723	64.1404	100.	98.1456	0	-1	
2.98999	58.8641	165	0	(0)22	(0)23	(0)24	(0)22	(0)23	1.56659	0.169774	32.9417	38.1357	38.592	0.	0.901027	0.433763	0.	0.901027	0.433763	0.	9.17844	9.00467	64.2934	100.	98.1951	0	-1	
3.007	58.7941	166	0	(0)22	(0)23	(0)24	(0)23	(0)23	1.51901	3.6443e-002	32.9417	38.5723	38.7479	0.	0.902034	0.431665	0.	0.902034	0.431665	0.	7.99987	7.83908	64.4267	100.	98.1184	0	-1	
3.024	58.7972	167	0	(0)22	(0)23	(0)24	(0)23	(0)23	1.47157	-7.21408e-002	32.9417	39.009	38.9039	0.	0.90285	0.429955	0.	0.90285	0.429955	0.	6.51503	6.38443	64.5353	100.	98.1747	0	-1	
3.04104	58.7024	168	0	(0)22	(0)24	(0)24	(0)23	(0)23	1.42359	-0.173812	32.9417	39.446	39.0596	0.	0.903612	0.428352	0.	0.903612	0.428352	0.	6.10026	5.96834	64.637	100.	98.0307	0	-1	
3.05702	62.5908	169	0	(0)22	(0)24	(0)24	(0)23	(0)23	1.37512	-0.26901	32.9417	39.8832	39.2147	0.	0.904322	0.42685	0.	0.904322	0.42685	0.	5.7119	5.95854	64.7322	100.	104.539	0	-1	
3.07408	58.5955	170	0	(0)23	(0)24	(0)24	(0)23	(0)23	1.33323	-0.214208	32.9417	40.3181	39.3761	0.	0.903914	0.427715	0.	0.903914	0.427715	0.	-3.2881	-3.21113	64.6774	100.	97.8467	0	-1	
3.09102	59.0309	171	0	(0)23	(0)24	(0)25	(0)23	(0)24	1.28456	0.561746	32.9417	40.7554	39.5311	0.	0.904604	0.426253	0.	0.904604	0.426253	0.	5.55759	5.46782	64.77	100.	98.5981	0	-1	
3.10803	58.7962	172	0	(0)23	(0)24	(0)25	(0)23	(0)24	1.21559	0.319119	33.1761	41.1942	39.6775	0.	0.906401	0.422419	0.	0.906401	0.422419	0.	14.5576	14.2655	65.0126	100.	97.9112	0	-1	
3.12507	58.6972	173	0	(0)23	(0)24	(0)25	(0)23	(0)24	1.16791	0.177741	33.6485	41.6332	39.8266	0.	0.90744	0.420181	0.	0.90744	0.420181	0.	8.48271	8.29852	65.154	100.	97.9609	0	-1	
3.141	62.7521	174	0	(0)23	(0)24	(0)25	(0)24	(0)24	1.12044	7.02067e-002	33.8829	42.0724	39.9761	0.	0.908227	0.418477	0.	0.908227	0.418477	0.	6.45204	6.74798	65.2615	100.	104.809	0	-1	
3.15709	62.1692	175	0	(0)23	(0)24	(0)25	(0)24	(0)24	1.07214	-3.05908e-002	34.1173	42.512	40.1248	0.	0.908962	0.416879	0.	0.908962	0.416879	0.	6.04785	6.2665	65.3623	100.	103.857	0	-1	
3.174	59.112	176	0	(0)23	(0)24	(0)25	(0)24	(0)24	1.02273	-0.125074	34.5897	42.952	40.2725	0.	0.909648	0.415379	0.	0.909648	0.415379	0.	5.66898	5.58508	65.4568	100.	98.7765	0	-1	
3.19104	58.6962	177	0	(0)23	(0)25	(0)25	(0)24	(0)24	0.972249	-0.213638	35.0584	43.3925	40.4193	0.	0.910289	0.413972	0.	0.910289	0.413972	0.	5.31385	5.19838	65.5454	100.	98.1073	0	-1	
3.20802	58.8913	178	0	(0)23	(0)25	(0)25	(0)24	(0)24	0.920715	-0.296654	35.5309	43.8334	40.5651	0.	0.910888	0.412653	0.	0.910888	0.412653	0.	4.98097	4.88893	65.6284	100.	98.4584	0	-1	
3.22506	58.7045	179	0	(0)24	(0)25	(0)25	(0)24	(0)24	0.875271	-0.22967	35.9996	44.272	40.7165	0.	0.910405	0.413718	0.	0.910405	0.413718	0.	-4.01903	-3.93226	65.5614	100.	98.0535	0	-1	
3.24199	59.0424	180	0	(0)24	(0)25	(0)26	(0)24	(0)25	0.830872	0.660555	36.4721	44.7098	40.8687	0.	0.909757	0.415142	0.	0.909757	0.415142	0.	-5.37992	-5.29406	65.4717	100.	98.5365	0	-1	
3.26332	46.8906	181	0	(0)24	(0)25	(0)26	(0)24	(0)25	0.775416	0.60022	37.1789	45.1513	41.0143	0.	0.910193	0.414184	0.	0.910193	0.414184	0.	3.62008	2.82913	65.5321	100.	78.4701	0	-1	
3.28006	59.7441	182	0	(0)24	(0)25	(0)26	(0)24	(0)25	0.721453	0.389886	37.6476	45.5942	41.1513	0.	0.911708	0.41084	0.	0.911708	0.41084	0.	12.6201	12.5663	65.7424	100.	99.7032	0	-1	
3.29713	58.5893	183	0	(0)24	(0)25	(0)26	(0)25	(0)25	0.667477	0.226044	38.1201	46.0375	41.2884	0.	0.912879	0.408231	0.	0.912879	0.408231	0.	9.83048	9.59935	65.9063	100.	97.8778	0	-1	
3.31409	58.951	184	0	(0)24	(0)25	(0)26	(0)25	(0)25	0.614638	0.124476	38.5888	46.4811	41.4269	0.	0.913601	0.406612	0.	0.913601	0.406612	0.	6.09408	5.98754	66.0078	100.	98.6156	0	-1	
3.3373	43.0847	185	0	(0)24	(0)25	(0)26	(0)25	(0)25	0.56038	2.91771e-002	39.2956	46.9252	41.5641	0.	0.914276	0.405092	0.	0.914276	0.405092	0.	5.71794	4.10593	66.1031	100.	72.0993	0	-1	
3.35427	58.9133	186	0	(0)24	(0)26	(0)26	(0)25	(0)25	0.505038	-6.02397e-002	39.7644	47.3698	41.7003	0.	0.914907	0.403664	0.	0.914907	0.403664	0.	5.36501	5.26784	66.1925	100.	98.6137	0	-1	
3.37105	59.614	187	0	(0)24	(0)26	(0)26	(0)25	(0)25	0.448639	-0.144137	40.2368	47.8148	41.8355	0.	0.915497	0.402324	0.	0.915497	0.402324	0.	5.03387	5.00148	66.2764	100.	99.8129	0	-1	
3.38702	62.592	188	0	(0)25	(0)26	(0)26	(0)25	(0)25	0.390913	-0.222857	40.94	48.2603	41.9695	0.	0.916049	0.401066	0.	0.916049	0.401066	0.	4.72316	4.92721	66.3552	100.	104.834	0	-1	
3.40404	58.7555	189	0	(0)25	(0)26	(0)26	(0)25	(0)26	0.339005	0.586689	41.6468	48.7035	42.1088	0.	0.915549	0.402205	0.	0.915549	0.402205	0.	-4.27684	-4.18813	66.2839	100.	98.275	0	-1	
3.42034	61.3642	190	0	(0)25	(0)26	(0)27	(0)25	(0)26	0.28264	0.50797	42.1192	49.1497	42.2414	0.	0.916101	0.400947	0.	0.916101	0.400947	0.	4.72316	4.83055	66.3626	100.	102.819	0	-1	
3.437	60.0299	191	0	(0)25	(0)26	(0)27	(0)25	(0)26	0.220873	0.289458	42.8224	49.5972	42.3654	0.	0.917624	0.397451	0.	0.917624	0.397451	0.	13.1107	13.1172	66.5811	100.	100.359	0	-1	
3.45402	58.743	192	0	(0)25	(0)26	(0)27	(0)26	(0)26	0.161712	0.172112	43.2948	50.0449	42.4923	0.	0.918436	0.39557	0.	0.918436	0.39557	0.	7.04075	6.89324	66.6985	100.	98.3987	0	-1	
3.4711	58.5447	193	0	(0)25	(0)26	(0)27	(0)26	(0)26	0.102634	8.18448e-002	43.5292	50.4928	42.6193	0.	0.919058	0.394123	0.	0.919058	0.394123	0.	5.41605	5.28469	66.7887	100.	98.1226	0	-1	
3.48804	59.0319	194	0	(0)25	(0)26	(0)27	(0)26	(0)26	4.27975e-002	-2.92607e-003	43.7635	50.9409	42.7457	0.	0.91964	0.392763	0.	0.91964	0.392763	0.	5.08625	5.00419	66.8735	100.	98.9573	0	-1	
3.50509	58.6608	195	0	(0)25	(0)27	(0)27	(0)26	(0)26	1.74692e-002	-8.2535e-002	43.7635	51.3893	42.8717	0.	0.920185	0.391485	0.	0.920185	0.391485	0.	4.77654	4.66993	66.9531	100.	98.3444	0	-1	
3.52209	58.8275	196	0	(0)25	(0)27	(0)27	(0)26	(0)26	7.81397e-002	-0.157296	43.7635	51.8378	42.9973	0.	0.920695	0.390284	0.	0.920695	0.390284	0.	4.48568	4.39802	67.0279	100.	98.6325	0	-1	
3.53908	58.8453	197	0	(0)25	(0)27	(0)27	(0)26	(0)26	0.139189	-0.227505	43.7635	52.2864	43.1225	0.	0.921172	0.389155	0.	0.921172	0.389155	0.	4.21253	4.13146	67.0981	100.	98.6705	0	-1	
3.55612	58.7024	198	0	(0)26	(0)27	(0)27	(0)26	(0)26	0.193442	-0.147714	43.7635	52.7321	43.2539	0.	0.920629	0.390437	0.	0.920629	0.390437	0.	-4.78747	-4.68393	67.0183	100.	98.2134	0	-1	
3.57302	59.1584	199	0	(0)26	(0)27	(0)28	(0)26	(0)27	0.254414	0.463318	43.7635	53.1807	43.3792	0.	0.921107	0.389309	0.	0.921107	0.389309	0.	4.21253	4.15345	67.0885	100.	99.1955	0	-1	
3.58913	62.0911	200	0	(0)26	(0)27	(0)28	(0)26	(0)27	0.308912	0.265479	43.7635	53.6302	43.4975	0.	0.922446	0.386126	0.	0.922446	0.386126	0.	11.8703	12.284	67.2863	100.	103.88	0	-1	
3.60506	62.7771	201	0	(0)26	(0)27	(0)28	(0)26	(0)27	0.368324	0.159235	43.7635	54.0795	43.6189	0.	0.92316	0.384415	0.	0.92316	0.384415	0.	6.37464	6.66969	67.3926	100.	105.195	0	-1	
3.62107	62.461	202	0	(0)26	(0)27	(0)28	(0)27	(0)27	0.427418	7.68851e-002	43.7635	54.529	43.7406	0.	0.923712	0.383088	0.	0.923712	0.383088	0.	4.94099	5.14366	67.4749	100.	104.71	0	-1	
3.63733	61.4884	203	0	(0)26	(0)27	(0)28	(0)27	(0)27	0.486933	-5.11454e-004	43.7635	54.9786	43.862	0.	0.924229	0.38184	0.	0.924229	0.38184	0.	4.64379	4.75899	67.5523	100.	103.089	0	-1	
3.65433	58.8024	204	0	(0)26	(0)27	(0)28	(0)27	(0)27	0.546843	-7.32527e-002	43.7635	55.4284	43.983	0.	0.924713	0.380666	0.	0.924713	0.380666	0.	4.36447	4.27736	67.6251	100.	98.5941	0	-1	
3.67112	59.5776	205	0	(0)26	(0)28	(0)28	(0)27	(0)27	0.607125	-0.141619	43.7635	55.8783	44.1036	0.	0.925166	0.379562	0.	0.925166	0.379562	0.	4.10195	4.07307	67.6934	100.	99.9017	0	-1	
3.6881	58.8787	206	0	(0)26	(0)28	(0)28	(0)27	(0)27	0.667455	-0.205872	43.5292	56.3282	44.2242	0.	0.925591	0.378525	0.	0.925591	0.378525	0.	3.85522	3.78317	67.7577	100.	98.7291	0	-1	
3.70415	62.3376	207	0	(0)26	(0)28	(0)28	(0)27	(0)27	0.721287	-0.127225	43.5292	56.7754	44.3508	0.	0.925071	0.379795	0.	0.925071	0.379795	0.	-4.71885	-4.90269	67.679	100.	104.293	0	-1	
3.72117	58.7545	208	0	(0)27	(0)28	(0)28	(0)27	(0)27	0.781242	-0.192344	43.2948	57.2251	44.4717	0.	0.925502	0.378743	0.	0.925502	0.378743	0.	3.90717	3.82606	67.7441	100.	98.5111	0	-1	
3.73701	63.1179	209	0	(0)27	(0)28	(0)29	(0)27	(0)28	0.834669	0.50909	43.0604	57.6722	44.5986	0.	0.925023	0.379912	0.	0.925023	0.379912	0.	-4.34306	-4.56875	67.6718	100.	105.612	0	-1	
3.75417	58.2606	210	0	(0)27	(0)28	(0)29	(0)27	(0)28	0.872988	0.431475	42.8224	58.1218	44.7196	0.	0.925536	0.378659	0.	0.925536	0.378659	0.	4.65694	4.52194	67.7494	100.	97.6444	0	-1	
3.77111	59.0319	211	0	(0)27	(0)28	(0)29	(0)27	(0)28	0.933327	0.248378	42.588	58.5719	44.8348	0.	0.926742	0.375699	0.	0.926742	0.375699	0.	10.9858	10.8085	67.9325	100.	98.7417	0	-1	
3.78805	59.0382	212	0	(0)27	(0)28	(0)29	(0)28	(0)28	0.990371	0.150052	42.1192	59.0218	44.9534	0.	0.927385	0.374108	0.	0.927385	0.374108	0.	5.89961	5.80504	68.0308	100.	98.8857	0	-1	
3.82353	28.1843	213	0	(0)27	(0)28	(0)29	(0)28	(0)28	1.04647	7.46764e-002	41.6468	59.4716	45.0731	0.	0.927876	0.372888	0.	0.927876	0.372888	0.	4.52251	2.1244	68.1062	100.	47.2196	0	-1	
3.84006	60.519	214	0	(0)27	(0)28	(0)29	(0)28	(0)28	1.10266	3.78528e-003	41.4124	59.9213	45.1926	0.	0.928337	0.371739	0.	0.928337	0.371739	0.	4.25347	4.29026	68.1771	100.	101.393	0	-1	
3.85604	62.5743	215	0	(0)27	(0)29	(0)29	(0)28	(0)28	1.15921	-6.28886e-002	41.4124	60.3712	45.3118	0.	0.928769	0.370659	0.	0.928769	0.370659	0.	4.00043	4.17207	68.2437	100.	104.845	0	-1	
3.8731	58.6183	216	0	(0)27	(0)29	(0)29	(0)28	(0)28	1.2158	-0.125596	41.178	60.8211	45.431	0.	0.929174	0.369642	0.	0.929174	0.369642	0.	3.76245	3.67581	68.3065	100.	98.2162	0	-1	
3.89003	59.0393	217	0	(0)27	(0)29	(0)29	(0)28	(0)28	1.2724	-0.184247	40.94	61.271	45.5502	0.	0.929552	0.368691	0.	0.929552	0.368691	0.	3.51908	3.46273	68.3651	100.	98.9214	0	-1	
3.90712	58.5282	218	0	(0)28	(0)29	(0)29	(0)28	(0)28	1.32291	-0.115612	40.7056	61.7185	45.6749	0.	0.92911	0.369804	0.	0.92911	0.369804	0.	-4.11814	-4.01712	68.2965	100.	97.8787	0	-1	
3.92418	58.6318	219	0	(0)28	(0)29	(0)30	(0)28	(0)29	1.37856	0.405616	40.2368	62.1681	45.7949	0.	0.929494	0.368838	0.	0.929494	0.368838	0.	3.57426	3.49275	68.356	100.	98.2143	0	-1	
3.94114	58.9468	220	0	(0)28	(0)29	(0)30	(0)28	(0)29	1.4118	0.234492	40.0024	62.6181	45.9091	0.	0.930591	0.36606	0.	0.930591	0.36606	0.	10.2675	10.0872	68.5272	100.	98.5265	0	-1	
3.9571	62.6429	221	0	(0)28	(0)29	(0)30	(0)29	(0)29	1.46561	0.142594	39.7644	63.0681	46.0262	0.	0.931177	0.364567	0.	0.931177	0.364567	0.	5.51386	5.75674	68.6191	100.	104.852	0	-1	
3.97415	58.6536	222	0	(0)28	(0)29	(0)30	(0)29	(0)29	1.51874	7.34703e-002	39.53	63.518	46.1441	0.	0.931616	0.363443	0.	0.931616	0.363443	0.	4.14744	4.05436	68.6882	100.	98.21	0	-1	
3.99104	59.2028	223	0	(0)28	(0)29	(0)30	(0)29	(0)29	1.57193	8.41834e-003	39.2956	63.9679	46.2619	0.	0.932028	0.362385	0.	0.932028	0.362385	0.	3.90312	3.85126	68.7532	100.	99.1301	0	-1	
4.00812	58.5603	224	0	(0)28	(0)29	(0)30	(0)29	(0)29	1.62514	-5.28015e-002	39.0613	64.4179	46.3797	0.	0.932415	0.361389	0.	0.932415	0.361389	0.	3.67319	3.58505	68.8145	100.	98.0543	0	-1	
4.02408	62.6607	225	0	(0)28	(0)29	(0)30	(0)29	(0)29	1.6783	-0.108888	38.8232	64.8679	46.4975	0.	0.932768	0.360476	0.	0.932768	0.360476	0.	3.36517	3.5144	68.8705	100.	104.923	0	-1	
4.04004	62.6406	226	0	(0)28	(0)30	(0)30	(0)29	(0)29	1.7318	-0.162781	38.8232	65.3179	46.615	0.	0.933107	0.359599	0.	0.933107	0.359599	0.	3.23357	3.37588	68.9244	100.	104.894	0	-1	
4.05714	58.4807	227	0	(0)28	(0)30	(0)30	(0)29	(0)29	1.78021	-0.104084	38.8232	65.766	46.7372	0.	0.932738	0.360555	0.	0.932738	0.360555	0.	-3.52182	-3.43264	68.8657	100.	97.7881	0	-1	
4.07411	58.9405	228	0	(0)29	(0)30	(0)30	(0)29	(0)29	1.83368	-0.158164	38.8232	66.2161	46.8548	0.	0.933078	0.359674	0.	0.933078	0.359674	0.	3.24484	3.18755	68.9198	100.	98.6976	0	-1	
4.09115	58.6879	229	0	(0)29	(0)30	(0)31	(0)29	(0)30	1.88215	0.434582	38.8232	66.6643	46.977	0.	0.932722	0.360595	0.	0.932722	0.360595	0.	-3.39359	-3.31937	68.8633	100.	98.1435	0	-1	
4.10817	58.742	230	0	(0)29	(0)30	(0)31	(0)29	(0)30	1.90447	0.341142	38.8232	67.1144	47.0925	0.	0.933309	0.359073	0.	0.933309	0.359073	0.	5.60641	5.48886	68.9567	100.	98.289	0	-1	
4.12513	58.9731	231	0	(0)29	(0)30	(0)31	(0)30	(0)30	1.95864	0.199868	38.8232	67.565	47.2049	0.	0.934192	0.356771	0.	0.934192	0.356771	0.	8.47645	8.33137	69.098	100.	98.5848	0	-1	
4.14119	62.2662	232	0	(0)29	(0)30	(0)31	(0)30	(0)30	2.01072	0.124	38.8232	68.0156	47.3195	0.	0.934663	0.355534	0.	0.934663	0.355534	0.	4.55205	4.72397	69.1738	100.	104.222	0	-1	
4.15818	58.8641	233	0	(0)29	(0)30	(0)31	(0)30	(0)30	2.06278	6.12285e-002	38.8232	68.4663	47.4342	0.	0.935052	0.35451	0.	0.935052	0.35451	0.	3.7663	3.69499	69.2366	100.	98.5526	0	-1	
4.17518	58.8087	234	0	(0)29	(0)30	(0)31	(0)30	(0)30	2.11516	2.12296e-003	38.8232	68.9171	47.5485	0.	0.935418	0.353545	0.	0.935418	0.353545	0.	3.54633	3.47592	69.2957	100.	98.467	0	-1	
4.19113	62.6868	235	0	(0)29	(0)30	(0)31	(0)30	(0)30	2.16774	-5.11388e-002	38.8232	69.368	47.6627	0.	0.935746	0.352675	0.	0.935746	0.352675	0.	3.1957	3.33881	69.349	100.	104.972	0	-1	
4.20815	58.7691	236	0	(0)29	(0)31	(0)31	(0)30	(0)30	2.22064	-0.102334	38.8232	69.8191	47.7766	0.	0.936061	0.351839	0.	0.936061	0.351839	0.	3.07173	3.00871	69.4002	100.	98.4161	0	-1	
4.22654	54.3664	237	0	(0)29	(0)31	(0)31	(0)30	(0)30	2.27386	-0.151544	38.8232	70.2702	47.8902	0.	0.936362	0.351035	0.	0.936362	0.351035	0.	2.95256	2.67534	69.4494	100.	91.0469	0	-1	
4.24413	56.8548	238	0	(0)30	(0)31	(0)31	(0)30	(0)30	2.32243	-9.80491e-002	38.8232	70.7196	48.0081	0.	0.936034	0.351909	0.	0.936034	0.351909	0.	-3.20967	-3.04142	69.3959	100.	95.0904	0	-1	
4.26006	62.7901	239	0	(0)30	(0)31	(0)31	(0)30	(0)31	2.37562	0.347215	38.8232	71.1707	48.1217	0.	0.936337	0.351102	0.	0.936337	0.351102	0.	2.96254	3.1003	69.4453	100.	105.154	0	-1	
4.27611	62.3118	240	0	(0)30	(0)31	(0)32	(0)30	(0)31	2.39708	0.203129	38.8232	71.6222	48.2301	0.	0.937217	0.348746	0.	0.937217	0.348746	0.	8.64516	8.97827	69.5894	100.	104.161	0	-1	
4.29316	58.6224	241	0	(0)30	(0)31	(0)32	(0)30	(0)31	2.44922	0.125752	38.8232	72.0737	48.3408	0.	0.937687	0.34748	0.	0.937687	0.34748	0.	4.64265	4.53606	69.6667	100.	98.1198	0	-1	
4.31007	59.1405	242	0	(0)30	(0)31	(0)32	(0)31	(0)31	2.50103	6.76699e-002	38.8232	72.5254	48.4518	0.	0.938039	0.346529	0.	0.938039	0.346529	0.	3.48491	3.43498	69.7248	100.	99.0245	0	-1	
4.32714	58.6007	243	0	(0)30	(0)31	(0)32	(0)31	(0)31	2.55297	1.64372e-002	38.8232	72.9772	48.5627	0.	0.938349	0.345691	0.	0.938349	0.345691	0.	3.07396	3.00227	69.776	100.	98.134	0	-1	
4.34415	58.767	244	0	(0)30	(0)31	(0)32	(0)31	(0)31	2.60524	-3.28215e-002	38.8232	73.429	48.6734	0.	0.938645	0.344884	0.	0.938645	0.344884	0.	2.95552	2.89479	69.8253	100.	98.4164	0	-1	
4.3601	62.7176	245	0	(0)30	(0)31	(0)32	(0)31	(0)31	2.6578	-8.01823e-002	38.8232	73.8809	48.7837	0.	0.93893	0.344108	0.	0.93893	0.344108	0.	2.84165	2.97036	69.8727	100.	105.036	0	-1	
4.37715	58.637	246	0	(0)30	(0)31	(0)32	(0)31	(0)31	2.71066	-0.125718	38.8232	74.333	48.8937	0.	0.939203	0.343361	0.	0.939203	0.343361	0.	2.73216	2.67009	69.9182	100.	98.2059	0	-1	
4.39413	58.9122	247	0	(0)30	(0)32	(0)32	(0)31	(0)31	2.7638	-0.1695	38.8232	74.7851	49.0035	0.	0.939465	0.342644	0.	0.939465	0.342644	0.	2.62689	2.57927	69.962	100.	98.6704	0	-1	
4.41014	62.4422	248	0	(0)31	(0)32	(0)32	(0)31	(0)31	2.81211	-0.107692	38.8232	75.2352	49.1177	0.	0.939095	0.343657	0.	0.939095	0.343657	0.	-3.70847	-3.85942	69.9002	100.	104.399	0	-1	
4.42711	58.9479	249	0	(0)31	(0)32	(0)32	(0)31	(0)32	2.86514	0.303998	38.8232	75.6873	49.2276	0.	0.939362	0.342928	0.	0.939362	0.342928	0.	2.66856	2.62177	69.9446	100.	98.7287	0	-1	
4.44406	58.9804	250	0	(0)31	(0)32	(0)33	(0)31	(0)32	2.88298	0.17992	38.8232	76.1397	49.3331	0.	0.940102	0.340893	0.	0.940102	0.340893	0.	7.44464	7.31813	70.0687	100.	98.6295	0	-1	
4.46111	58.6401	251	0	(0)31	(0)32	(0)33	(0)31	(0)32	2.93478	0.113288	38.8232	76.5921	49.4405	0.	0.940498	0.339799	0.	0.940498	0.339799	0.	3.99794	3.90733	70.1354	100.	98.17	0	-1	
4.47821	58.5106	252	0	(0)31	(0)32	(0)33	(0)32	(0)32	2.98623	6.45131e-002	38.8232	77.0447	49.5483	0.	0.940787	0.338998	0.	0.940787	0.338998	0.	2.9265	2.85385	70.1841	100.	97.988	0	-1	
4.49413	62.7866	253	0	(0)31	(0)32	(0)33	(0)32	(0)32	3.03799	1.76068e-002	38.8232	77.4973	49.6559	0.	0.941064	0.338228	0.	0.941064	0.338228	0.	2.81438	2.94509	70.231	100.	105.153	0	-1	
4.51014	62.4599	254	0	(0)31	(0)32	(0)33	(0)32	(0)32	3.09004	-2.75025e-002	38.8232	77.95	49.7631	0.	0.94133	0.337487	0.	0.94133	0.337487	0.	2.70655	2.81752	70.2761	100.	104.609	0	-1	
4.52721	58.581	255	0	(0)31	(0)32	(0)33	(0)32	(0)32	3.14237	-7.08835e-002	38.8232	78.4027	49.8701	0.	0.941585	0.336774	0.	0.941585	0.336774	0.	2.60286	2.5413	70.3195	100.	98.1163	0	-1	
4.54313	62.8175	256	0	(0)31	(0)32	(0)33	(0)32	(0)32	3.19496	-0.112602	38.8232	78.8556	49.9768	0.	0.94183	0.336089	0.	0.94183	0.336089	0.	2.50314	2.62068	70.3612	100.	105.216	0	-1	
4.56008	58.9983	257	0	(0)31	(0)33	(0)33	(0)32	(0)32	3.24782	-0.152723	38.8232	79.3085	50.0833	0.	0.942065	0.335429	0.	0.942065	0.335429	0.	2.40724	2.36705	70.4014	100.	98.8217	0	-1	
4.57714	58.6328	258	0	(0)31	(0)33	(0)33	(0)32	(0)32	3.29637	-9.86824e-002	38.8232	79.7598	50.1937	0.	0.941749	0.336317	0.	0.941749	0.336317	0.	-3.24244	-3.16855	70.3473	100.	98.0619	0	-1	
4.59315	62.4304	259	0	(0)32	(0)33	(0)33	(0)32	(0)32	3.34914	-0.139336	38.8232	80.2127	50.3003	0.	0.941987	0.335649	0.	0.941987	0.335649	0.	2.43923	2.53804	70.388	100.	104.569	0	-1	
4.61018	58.7347	260	0	(0)32	(0)33	(0)33	(0)32	(0)33	3.39789	0.328505	38.8232	80.6641	50.4106	0.	0.941706	0.336436	0.	0.941706	0.336436	0.	-2.87057	-2.81004	70.3401	100.	98.2583	0	-1	
4.6272	58.7513	261	0	(0)32	(0)33	(0)34	(0)32	(0)33	3.40903	0.226348	38.8232	81.1172	50.514	0.	0.942305	0.334756	0.	0.942305	0.334756	0.	6.12943	6.00187	70.4423	100.	98.288	0	-1	
4.64407	59.2664	262	0	(0)32	(0)33	(0)34	(0)32	(0)33	3.46151	0.138221	38.8232	81.5704	50.6174	0.	0.942819	0.333306	0.	0.942819	0.333306	0.	5.28763	5.22298	70.5304	100.	99.1767	0	-1	
4.66108	58.7951	263	0	(0)32	(0)33	(0)34	(0)33	(0)33	3.51269	9.08943e-002	38.8232	82.0236	50.7222	0.	0.943094	0.332527	0.	0.943094	0.332527	0.	2.83958	2.78256	70.5777	100.	98.4673	0	-1	
4.67702	62.7271	264	0	(0)32	(0)33	(0)34	(0)33	(0)33	3.5641	4.68751e-002	38.8232	82.477	50.8267	0.	0.943349	0.331803	0.	0.943349	0.331803	0.	2.64115	2.7612	70.6218	100.	105.059	0	-1	
4.6931	62.2194	265	0	(0)32	(0)33	(0)34	(0)33	(0)33	3.61577	4.53481e-003	38.8232	82.9304	50.931	0.	0.943594	0.331106	0.	0.943594	0.331106	0.	2.54042	2.63439	70.6641	100.	104.212	0	-1	
4.71009	58.8411	266	0	(0)32	(0)33	(0)34	(0)33	(0)33	3.66771	-3.61906e-002	38.8232	83.3839	51.0351	0.	0.943829	0.330435	0.	0.943829	0.330435	0.	2.44353	2.39633	70.7048	100.	98.5572	0	-1	
4.72711	58.7441	267	0	(0)32	(0)33	(0)34	(0)33	(0)33	3.7199	-7.53628e-002	38.8232	83.8374	51.1389	0.	0.944055	0.329789	0.	0.944055	0.329789	0.	2.35033	2.30113	70.744	100.	98.3978	0	-1	
4.74412	58.8171	268	0	(0)32	(0)34	(0)34	(0)33	(0)33	3.77228	-0.111988	38.8232	84.291	51.2425	0.	0.944265	0.329186	0.	0.944265	0.329186	0.	2.19752	2.15419	70.7806	100.	98.5251	0	-1	
4.76107	58.9804	269	0	(0)32	(0)34	(0)34	(0)33	(0)33	3.82491	-0.147567	38.8232	84.7447	51.3459	0.	0.944469	0.328599	0.	0.944469	0.328599	0.	2.13475	2.09847	70.8162	100.	98.8008	0	-1	
4.77816	58.5044	270	0	(0)33	(0)34	(0)34	(0)33	(0)33	3.87354	-9.59137e-002	38.8232	85.1968	51.4529	0.	0.944173	0.329451	0.	0.944173	0.329451	0.	-3.09922	-3.02196	70.7646	100.	97.8572	0	-1	
4.79514	58.9039	271	0	(0)33	(0)34	(0)34	(0)33	(0)34	3.92606	0.253899	38.8232	85.6505	51.5564	0.	0.94438	0.328857	0.	0.94438	0.328857	0.	2.1623	2.1228	70.8006	100.	98.6716	0	-1	
4.81215	58.8056	272	0	(0)33	(0)34	(0)35	(0)33	(0)34	3.93366	0.153016	38.8232	86.1044	51.6563	0.	0.944957	0.327194	0.	0.944957	0.327194	0.	6.05297	5.93247	70.9015	100.	98.3811	0	-1	
4.82823	62.1762	273	0	(0)33	(0)34	(0)35	(0)34	(0)34	3.98506	9.88399e-002	38.8232	86.5583	51.7578	0.	0.945266	0.3263	0.	0.945266	0.3263	0.	3.25058	3.36848	70.9557	100.	104.116	0	-1	
4.85127	43.3951	274	0	(0)33	(0)34	(0)35	(0)34	(0)34	4.03624	5.81424e-002	38.8232	87.0123	51.8595	0.	0.945498	0.325628	0.	0.945498	0.325628	0.	2.44185	1.76607	70.9964	100.	72.6857	0	-1	
4.87069	51.4893	275	0	(0)33	(0)34	(0)35	(0)34	(0)34	4.08767	1.89919e-002	38.8232	87.4664	51.961	0.	0.94572	0.324982	0.	0.94572	0.324982	0.	2.34903	2.01583	71.0355	100.	86.2458	0	-1	
4.88707	61.0577	276	0	(0)33	(0)34	(0)35	(0)34	(0)34	4.13925	-1.68213e-002	38.8232	87.9205	52.0624	0.	0.945923	0.324391	0.	0.945923	0.324391	0.	2.14879	2.18667	71.0713	100.	102.28	0	-1	
4.90443	57.5971	277	0	(0)33	(0)34	(0)35	(0)34	(0)34	4.19107	-5.16144e-002	38.8232	88.3747	52.1635	0.	0.94612	0.323817	0.	0.94612	0.323817	0.	2.08759	2.00398	71.1061	100.	96.4851	0	-1	
4.92118	59.7323	278	0	(0)33	(0)34	(0)35	(0)34	(0)34	4.24312	-8.54165e-002	38.8232	88.829	52.2644	0.	0.946311	0.323258	0.	0.946311	0.323258	0.	2.02813	2.01908	71.1399	100.	100.064	0	-1	
4.93808	59.1669	279	0	(0)33	(0)35	(0)35	(0)34	(0)34	4.2954	-0.118256	38.8232	89.2833	52.3651	0.	0.946496	0.322716	0.	0.946496	0.322716	0.	1.97036	1.943	71.1728	100.	99.1185	0	-1	
4.95435	61.4724	280	0	(0)33	(0)35	(0)35	(0)34	(0)34	4.34415	-8.01727e-002	38.5888	89.7364	52.4691	0.	0.946281	0.323345	0.	0.946281	0.323345	0.	-2.28498	-2.34106	71.1347	100.	102.874	0	-1	
4.97113	59.5851	281	0	(0)34	(0)35	(0)35	(0)34	(0)34	4.39579	-0.113161	38.3544	90.1905	52.5704	0.	0.946467	0.3228	0.	0.946467	0.3228	0.	1.97932	1.96563	71.1677	100.	99.8046	0	-1	
4.98815	58.7628	282	0	(0)34	(0)35	(0)35	(0)34	(0)35	4.44342	0.276515	37.6476	90.6433	52.6754	0.	0.946266	0.32339	0.	0.946266	0.32339	0.	-2.14347	-2.09927	71.1319	100.	98.3236	0	-1	
5.00514	58.8265	283	0	(0)34	(0)35	(0)36	(0)34	(0)35	4.44598	0.165162	36.9408	91.0969	52.7744	0.	0.946892	0.32155	0.	0.946892	0.32155	0.	6.68121	6.55054	71.2433	100.	98.3362	0	-1	
5.02216	58.7649	284	0	(0)34	(0)35	(0)36	(0)35	(0)35	4.49362	0.105362	35.7653	91.5502	52.8766	0.	0.947228	0.320562	0.	0.947228	0.320562	0.	3.58796	3.51411	71.3031	100.	98.301	0	-1	
5.03914	58.8986	285	0	(0)34	(0)35	(0)36	(0)35	(0)35	4.53871	7.04003e-002	34.3553	92.003	52.9814	0.	0.947423	0.319984	0.	0.947423	0.319984	0.	2.09772	2.05921	71.338	100.	98.537	0	-1	
5.05618	58.6972	286	0	(0)34	(0)35	(0)36	(0)35	(0)35	4.58161	3.64326e-002	32.4729	92.455	53.0882	0.	0.947613	0.319422	0.	0.947613	0.319422	0.	2.03806	1.99381	71.372	100.	98.1529	0	-1	
5.07317	58.8296	287	0	(0)34	(0)35	(0)36	(0)35	(0)35	4.62201	3.43084e-003	30.3525	92.9063	53.1973	0.	0.947796	0.318876	0.	0.947796	0.318876	0.	1.98011	1.94148	71.405	100.	98.3239	0	-1	
5.08915	62.5778	288	0	(0)34	(0)35	(0)36	(0)35	(0)35	4.65869	-2.86324e-002	27.2945	93.3563	53.31	0.	0.947975	0.318346	0.	0.947975	0.318346	0.	1.9238	2.00645	71.4371	100.	104.517	0	-1	
5.10616	58.7983	289	0	(0)34	(0)35	(0)36	(0)35	(0)35	4.69195	-5.97839e-002	24.471	93.8053	53.4259	0.	0.948148	0.31783	0.	0.948148	0.31783	0.	1.86909	1.83165	71.4682	100.	98.1485	0	-1	
5.12319	58.7295	290	0	(0)34	(0)36	(0)36	(0)35	(0)35	4.72027	-9.00495e-002	20.4718	94.2527	53.5465	0.	0.948315	0.31733	0.	0.948315	0.31733	0.	1.81594	1.77748	71.4985	100.	97.9644	0	-1	
5.14011	59.0867	291	0	(0)35	(0)36	(0)36	(0)35	(0)35	4.74062	-0.119454	14.1179	94.6975	53.6747	0.	0.948478	0.316843	0.	0.948478	0.316843	0.	1.7643	1.73744	71.5279	100.	98.4734	0	-1	
5.15721	58.5023	292	0	(0)35	(0)36	(0)36	(0)35	(0)36	4.7512	0.242631	8.94314	95.1391	53.8121	0.	0.948264	0.317482	0.	0.948264	0.317482	0.	-2.31828	-2.26041	71.4893	100.	97.4041	0	-1	
5.17417	58.9353	293	0	(0)35	(0)36	(0)37	(0)35	(0)36	4.70646	0.146965	3.53038	95.5783	53.9542	0.	0.948793	0.315899	0.	0.948793	0.315899	0.	5.73997	5.63811	71.5849	100.	97.9286	0	-1	
5.19116	58.8578	294	0	(0)35	(0)36	(0)37	(0)36	(0)36	4.7078	9.55904e-002	-0.937529	96.0176	54.0978	0.	0.949076	0.315048	0.	0.949076	0.315048	0.	3.08249	3.02381	71.6363	100.	97.9361	0	-1	
5.20819	58.742	295	0	(0)35	(0)36	(0)37	(0)36	(0)36	4.70858	6.40395e-002	-5.62517	96.457	54.242	0.	0.949249	0.314525	0.	0.949249	0.314525	0.	1.89306	1.85336	71.6679	100.	97.8048	0	-1	
5.22516	58.9101	296	0	(0)35	(0)36	(0)37	(0)36	(0)36	4.69689	3.33854e-002	-9.84405	96.8926	54.3981	0.	0.949417	0.314017	0.	0.949417	0.314017	0.	1.83925	1.80584	71.6985	100.	98.1156	0	-1	
5.24113	62.6133	297	0	(0)35	(0)36	(0)37	(0)36	(0)36	4.68028	3.60256e-003	-13.8285	97.3266	54.5588	0.	0.94958	0.313524	0.	0.94958	0.313524	0.	1.78697	1.8648	71.7283	100.	104.321	0	-1	
5.25819	58.6318	298	0	(0)35	(0)36	(0)37	(0)36	(0)36	4.65965	-2.53337e-002	-17.1099	97.7593	54.7234	0.	0.949739	0.313044	0.	0.949739	0.313044	0.	1.73617	1.69658	71.7572	100.	97.7258	0	-1	
5.2752	58.8056	299	0	(0)35	(0)37	(0)37	(0)36	(0)36	4.63613	-5.21274e-002	-19.4537	98.1912	54.8908	0.	0.949885	0.3126	0.	0.949885	0.3126	0.	1.60763	1.57562	71.784	100.	98.0538	0	-1	
5.29118	62.5495	300	0	(0)36	(0)37	(0)37	(0)36	(0)36	4.60978	-7.83115e-002	-21.7975	98.6222	55.0608	0.	0.950028	0.312166	0.	0.950028	0.312166	0.	1.57105	1.6378	71.8102	100.	104.336	0	-1	
5.30816	58.8955	301	0	(0)36	(0)37	(0)38	(0)36	(0)37	4.58089	0.190494	-23.907	99.0525	55.2332	0.	0.950167	0.311741	0.	0.950167	0.311741	0.	1.5353	1.50704	71.8358	100.	98.2781	0	-1	
5.32521	58.6505	302	0	(0)36	(0)37	(0)38	(0)37	(0)37	4.50643	0.118966	-25.3133	99.4823	55.4049	0.	0.950555	0.310555	0.	0.950555	0.310555	0.	4.29165	4.19512	71.9073	100.	97.7193	0	-1	
5.34115	62.739	303	0	(0)36	(0)37	(0)38	(0)37	(0)37	4.47296	8.05542e-002	-26.7196	99.9117	55.5794	0.	0.950763	0.309918	0.	0.950763	0.309918	0.	2.30471	2.40993	71.9457	100.	104.694	0	-1	
5.35818	58.7264	304	0	(0)36	(0)37	(0)38	(0)37	(0)37	4.43769	5.42907e-002	-27.8915	100.341	55.7556	0.	0.950905	0.309482	0.	0.950905	0.309482	0.	1.57581	1.54236	71.972	100.	98.0682	0	-1	
5.37511	59.0635	305	0	(0)36	(0)37	(0)38	(0)37	(0)37	4.4008	2.86256e-002	-29.2978	100.769	55.9335	0.	0.951044	0.309056	0.	0.951044	0.309056	0.	1.53991	1.51587	71.9977	100.	98.6631	0	-1	
5.39213	58.7691	306	0	(0)36	(0)37	(0)38	(0)37	(0)37	4.36227	3.5452e-003	-30.7041	101.197	56.1128	0.	0.951179	0.308639	0.	0.951179	0.308639	0.	1.50482	1.47395	72.0227	100.	98.2044	0	-1	
5.40916	58.6889	307	0	(0)36	(0)38	(0)38	(0)37	(0)37	4.32242	-2.09638e-002	-31.876	101.625	56.2935	0.	0.951311	0.308233	0.	0.951311	0.308233	0.	1.47054	1.43841	72.0473	100.	98.0996	0	-1	
5.42607	59.15	308	0	(0)37	(0)38	(0)38	(0)37	(0)37	4.28092	-4.49144e-002	-33.2823	102.052	56.4757	0.	0.95144	0.307835	0.	0.95144	0.307835	0.	1.43704	1.41668	72.0712	100.	98.9063	0	-1	
5.4432	58.3776	309	0	(0)37	(0)38	(0)39	(0)37	(0)38	4.23808	0.198225	-34.4542	102.479	56.6592	0.	0.951565	0.307446	0.	0.951565	0.307446	0.	1.4043	1.36632	72.0946	100.	97.646	0	-1	
5.46009	59.2092	310	0	(0)37	(0)38	(0)39	(0)38	(0)38	4.15502	0.123118	-36.5636	102.905	56.8425	0.	0.951968	0.306199	0.	0.951968	0.306199	0.	4.50641	4.44701	72.1697	100.	98.8772	0	-1	
5.47712	58.7139	311	0	(0)37	(0)38	(0)39	(0)38	(0)38	4.10713	8.27838e-002	-37.9699	103.331	57.0287	0.	0.952183	0.305528	0.	0.952183	0.305528	0.	2.42004	2.36817	72.21	100.	98.2313	0	-1	
5.49418	58.61	312	0	(0)37	(0)38	(0)39	(0)38	(0)38	4.05722	5.93191e-002	-39.1418	103.757	57.217	0.	0.952308	0.305138	0.	0.952308	0.305138	0.	1.40788	1.37527	72.2335	100.	98.161	0	-1	
5.51112	59.0445	313	0	(0)37	(0)38	(0)39	(0)38	(0)38	4.00598	3.63902e-002	-40.3137	104.182	57.4065	0.	0.95243	0.304757	0.	0.95243	0.304757	0.	1.37573	1.35382	72.2564	100.	98.9256	0	-1	
5.52823	58.4373	314	0	(0)37	(0)38	(0)39	(0)38	(0)38	3.95391	1.54911e-002	-41.0169	104.607	57.5968	0.	0.952541	0.30441	0.	0.952541	0.30441	0.	1.25395	1.22129	72.2773	100.	97.9378	0	-1	
5.54521	58.9143	315	0	(0)37	(0)39	(0)39	(0)38	(0)38	3.90108	-5.00947e-003	-41.72	105.031	57.7878	0.	0.95265	0.304069	0.	0.95265	0.304069	0.	1.23003	1.20778	72.2978	100.	98.7605	0	-1	
5.56109	62.9464	316	0	(0)38	(0)39	(0)39	(0)38	(0)39	3.8478	0.214567	-42.1888	105.456	57.9793	0.	0.952757	0.303735	0.	0.952757	0.303735	0.	1.20657	1.26582	72.318	100.	105.537	0	-1	
5.57714	62.3165	317	0	(0)38	(0)39	(0)40	(0)38	(0)39	3.76471	0.131894	-42.4232	105.88	58.1677	0.	0.953194	0.302359	0.	0.953194	0.302359	0.	4.96037	5.15188	72.4006	100.	104.204	0	-1	
5.59322	62.1855	318	0	(0)38	(0)39	(0)40	(0)39	(0)39	3.71121	8.74967e-002	-42.4232	106.305	58.3575	0.	0.953428	0.301621	0.	0.953428	0.301621	0.	2.66383	2.76086	72.445	100.	104.158	0	-1	
5.61017	58.9962	319	0	(0)38	(0)39	(0)40	(0)39	(0)39	3.65707	6.36544e-002	-42.4232	106.73	58.5479	0.	0.953553	0.301224	0.	0.953553	0.301224	0.	1.43054	1.40661	72.4689	100.	98.9052	0	-1	
5.62718	58.7951	320	0	(0)38	(0)39	(0)40	(0)39	(0)39	3.60309	4.65387e-002	-42.1888	107.155	58.7383	0.	0.953643	0.300939	0.	0.953643	0.300939	0.	1.02694	1.00632	72.486	100.	98.5898	0	-1	
5.64417	58.8589	321	0	(0)38	(0)39	(0)40	(0)39	(0)39	3.54983	2.97049e-002	-41.72	107.581	58.928	0.	0.953732	0.300659	0.	0.953732	0.300659	0.	1.01003	0.990818	72.5028	100.	98.6833	0	-1	
5.66013	62.6394	322	0	(0)38	(0)40	(0)40	(0)39	(0)39	3.49791	1.31484e-002	-40.7825	108.006	59.1164	0.	0.953819	0.300383	0.	0.953819	0.300383	0.	0.993391	1.03709	72.5194	100.	104.992	0	-1	
5.67718	58.666	323	0	(0)39	(0)40	(0)40	(0)39	(0)39	3.44711	1.31484e-002	-39.3762	108.433	59.3038	0.	0.953819	0.300383	0.	0.953819	0.300383	0.	0.	0.	72.5194	100.	98.361	0	-1	
5.6942	58.7493	324	0	(0)39	(0)40	(0)41	(0)39	(0)40	3.39873	0.22694	-37.5011	108.86	59.4889	0.	0.953819	0.300383	0.	0.953819	0.300383	0.	0.	0.	72.5194	100.	98.4463	0	-1	
5.71121	58.7889	325	0	(0)39	(0)40	(0)41	(0)40	(0)40	3.32984	0.138538	-35.1573	109.288	59.6666	0.	0.954281	0.298911	0.	0.954281	0.298911	0.	5.30407	5.19701	72.6078	100.	98.0862	0	-1	
5.72821	58.8108	326	0	(0)39	(0)40	(0)41	(0)40	(0)40	3.28881	9.1065e-002	-32.8135	109.717	59.8429	0.	0.954528	0.298121	0.	0.954528	0.298121	0.	2.84841	2.79195	72.6552	100.	98.2328	0	-1	
5.74522	58.8129	327	0	(0)39	(0)40	(0)41	(0)40	(0)40	3.25041	6.55706e-002	-30.2353	110.147	60.0167	0.	0.954661	0.297696	0.	0.954661	0.297696	0.	1.52966	1.4994	72.6807	100.	98.2655	0	-1	
5.76112	62.8843	328	0	(0)39	(0)40	(0)41	(0)40	(0)40	3.21525	5.18796e-002	-27.4227	110.579	60.1876	0.	0.954732	0.297468	0.	0.954732	0.297468	0.	0.821462	0.860952	72.6944	100.	105.054	0	-1	
5.77719	62.2077	329	0	(0)39	(0)40	(0)41	(0)40	(0)40	3.18382	4.45272e-002	-24.3757	111.012	60.3549	0.	0.95477	0.297345	0.	0.95477	0.297345	0.	0.441144	0.457376	72.7018	100.	103.888	0	-1	
5.7942	58.8024	330	0	(0)39	(0)41	(0)41	(0)40	(0)40	3.15619	4.05788e-002	-21.3288	111.445	60.5185	0.	0.954791	0.297279	0.	0.954791	0.297279	0.	0.236905	0.232176	72.7057	100.	98.1615	0	-1	
5.81019	62.5412	331	0	(0)40	(0)41	(0)41	(0)40	(0)40	3.13304	3.84584e-002	-17.813	111.881	60.6779	0.	0.954802	0.297244	0.	0.954802	0.297244	0.	0.127223	0.132612	72.7079	100.	104.355	0	-1	
5.8273	58.458	332	0	(0)40	(0)41	(0)42	(0)40	(0)41	3.11589	0.225791	-13.1254	112.318	60.8316	0.	0.954807	0.297225	0.	0.954807	0.297225	0.	6.83217e-002	6.65658e-002	72.709	100.	97.4908	0	-1	
5.84424	59.0267	333	0	(0)40	(0)41	(0)42	(0)41	(0)41	3.08384	0.137922	-9.84405	112.756	60.9768	0.	0.955262	0.29576	0.	0.955262	0.29576	0.	5.27216	5.18664	72.7969	100.	98.1161	0	-1	
5.86013	62.9142	334	0	(0)40	(0)41	(0)42	(0)41	(0)41	3.07599	9.07337e-002	-7.03146	113.196	61.12	0.	0.955505	0.294974	0.	0.955505	0.294974	0.	2.83127	2.96879	72.844	100.	104.709	0	-1	
5.8772	58.6007	335	0	(0)40	(0)41	(0)42	(0)41	(0)41	3.0765	6.53928e-002	-4.92203	113.638	61.2552	0.	0.955636	0.294551	0.	0.955636	0.294551	0.	1.52046	1.485	72.8694	100.	97.5887	0	-1	
5.89324	62.32	336	0	(0)40	(0)41	(0)42	(0)41	(0)41	3.07664	5.17841e-002	-3.04697	114.08	61.3909	0.	0.955706	0.294324	0.	0.955706	0.294324	0.	0.816521	0.848094	72.883	100.	103.822	0	-1	
5.91011	59.2886	337	0	(0)40	(0)41	(0)42	(0)41	(0)41	3.07658	4.44759e-002	-1.64068	114.523	61.5268	0.	0.955743	0.294202	0.	0.955743	0.294202	0.	0.43849	0.433292	72.8903	100.	98.7913	0	-1	
5.92718	58.5996	338	0	(0)40	(0)41	(0)42	(0)41	(0)41	3.07642	4.05512e-002	-0.937529	114.965	61.6628	0.	0.955763	0.294137	0.	0.955763	0.294137	0.	0.235479	0.229983	72.8942	100.	97.6538	0	-1	
5.94421	58.692	339	0	(0)40	(0)42	(0)42	(0)41	(0)41	3.07619	3.84436e-002	-0.468764	115.408	61.7989	0.	0.955774	0.294101	0.	0.955774	0.294101	0.	0.126458	0.123701	72.8963	100.	97.8134	0	-1	
5.96117	58.9888	340	0	(0)41	(0)42	(0)43	(0)41	(0)42	3.07594	0.20104	-0.468764	115.85	61.935	0.	0.95578	0.294083	0.	0.95578	0.294083	0.	6.79107e-002	6.67662e-002	72.8975	100.	98.3111	0	-1	
5.97826	58.5023	341	0	(0)41	(0)42	(0)43	(0)41	(0)42	3.06006	0.12463	-0.468764	116.293	62.0672	0.	0.956171	0.292808	0.	0.956171	0.292808	0.	4.58461	4.47017	72.9739	100.	97.2679	0	-1	
5.99517	59.1236	342	0	(0)41	(0)42	(0)43	(0)42	(0)42	3.06107	8.35956e-002	-0.468764	116.735	62.2007	0.	0.956381	0.292123	0.	0.956381	0.292123	0.	2.46204	2.42608	73.0149	100.	98.4105	0	-1	
6.01226	58.5385	343	0	(0)41	(0)42	(0)43	(0)42	(0)42	3.06148	6.15594e-002	-0.468764	117.178	62.3348	0.	0.956493	0.291755	0.	0.956493	0.291755	0.	1.32217	1.28997	73.0369	100.	97.4955	0	-1	
6.02914	59.2176	344	0	(0)41	(0)42	(0)43	(0)42	(0)42	3.06156	4.97255e-002	-0.468764	117.621	62.4692	0.	0.956553	0.291557	0.	0.956553	0.291557	0.	0.710036	0.700778	73.0488	100.	98.6587	0	-1	
6.04525	62.076	345	0	(0)41	(0)42	(0)43	(0)42	(0)42	3.06147	4.33704e-002	-0.468764	118.064	62.6039	0.	0.956586	0.291451	0.	0.956586	0.291451	0.	0.381306	0.394499	73.0551	100.	103.439	0	-1	
6.06118	62.7866	346	0	(0)41	(0)42	(0)43	(0)42	(0)42	3.06129	3.99576e-002	-0.468764	118.507	62.7386	0.	0.956603	0.291394	0.	0.956603	0.291394	0.	0.20477	0.21428	73.0586	100.	104.633	0	-1	
6.07824	58.6027	347	0	(0)41	(0)42	(0)43	(0)42	(0)42	3.06106	3.81248e-002	-0.468764	118.95	62.8734	0.	0.956612	0.291364	0.	0.956612	0.291364	0.	0.109966	0.107405	73.0604	100.	97.6655	0	-1	
6.09519	59.0046	348	0	(0)41	(0)43	(0)43	(0)42	(0)42	3.0608	3.71406e-002	-0.468764	119.392	63.0083	0.	0.956617	0.291347	0.	0.956617	0.291347	0.	5.90543e-002	5.80746e-002	73.0614	100.	98.3379	0	-1	
6.11122	62.3834	349	0	(0)42	(0)43	(0)44	(0)42	(0)43	3.06052	0.175565	-0.468764	119.835	63.1431	0.	0.95662	0.291338	0.	0.95662	0.291338	0.	3.17135e-002	3.29733e-002	73.0619	100.	103.971	0	-1	
6.12815	59.0698	350	0	(0)42	(0)43	(0)44	(0)42	(0)43	3.04664	0.112219	-0.468764	120.271	63.2727	0.	0.956942	0.290281	0.	0.956942	0.290281	0.	3.80074	3.74181	73.1252	98.4405	96.7164	0	-1	
6.14506	59.1468	351	0	(0)42	(0)43	(0)44	(0)43	(0)43	3.04744	7.77426e-002	-0.468764	120.707	63.4032	0.	0.957116	0.289705	0.	0.957116	0.289705	0.	2.06858	2.03916	73.1597	98.4405	96.9323	0	-1	
6.16122	61.8592	352	0	(0)42	(0)43	(0)44	(0)43	(0)43	3.04772	5.9541e-002	-0.468764	121.137	63.5322	0.	0.957208	0.289401	0.	0.957208	0.289401	0.	1.09209	1.12594	73.1779	96.878	99.82	0	-1	
6.17809	59.2865	353	0	(0)42	(0)43	(0)44	(0)43	(0)43	3.04772	5.01491e-002	-0.468764	121.556	63.6584	0.	0.957255	0.289244	0.	0.957255	0.289244	0.	0.563515	0.556814	73.1873	94.5341	93.3803	0	-1	
6.19413	62.3576	354	0	(0)42	(0)43	(0)44	(0)43	(0)43	3.04758	4.52304e-002	-0.468764	121.968	63.7826	0.	0.95728	0.289162	0.	0.95728	0.289162	0.	0.295122	0.306718	73.1922	92.9716	96.6083	0	-1	
6.2112	58.5779	355	0	(0)42	(0)43	(0)44	(0)43	(0)43	3.04733	4.40648e-002	-0.468764	122.345	63.8966	0.	0.957286	0.289142	0.	0.957286	0.289142	0.	6.9935e-002	6.82774e-002	73.1934	85.1588	83.1367	0	-1	
6.22824	58.6692	356	0	(0)42	(0)43	(0)44	(0)43	(0)43	3.04705	4.40648e-002	-0.468764	122.688	64.0001	0.	0.957286	0.289142	0.	0.957286	0.289142	0.	0.	0.	73.1934	77.3461	75.6305	0	-1	
6.24526	58.7513	357	0	(0)42	(0)43	(0)44	(0)43	(0)43	3.04681	4.40648e-002	-0.468764	122.989	64.0911	0.	0.957286	0.289142	0.	0.957286	0.289142	0.	0.	0.	73.1934	67.9708	66.5563	0	-1	
6.26222	58.9836	358	0	(0)42	(0)44	(0)44	(0)43	(0)43	3.0466	4.40648e-002	-0.468764	123.249	64.1696	0.	0.957286	0.289142	0.	0.957286	0.289142	0.	0.	0.	73.1934	58.5955	57.6029	0	-1	
6.27923	58.7618	359	0	(0)42	(0)44	(0)44	(0)43	(0)43	3.04642	4.40648e-002	-0.468764	123.477	64.2386	0.	0.957286	0.289142	0.	0.957286	0.289142	0.	0.	0.	73.1934	51.5641	50.4999	0	-1	
6.29623	58.8296	360	0	(0)42	(0)44	(0)45	(0)43	(0)43	3.04627	4.40648e-002	-0.468764	123.664	64.295	0.	0.957286	0.289142	0.	0.957286	0.289142	0.	0.	0.	73.1934	42.1888	41.3658	0	-1	
6.31315	59.1215	361	0	(0)43	(0)44	(0)45	(0)43	(0)44	3.04615	0.158719	-0.468764	123.81	64.339	0.	0.957286	0.289142	0.	0.957286	0.289142	0.	0.	0.	73.1934	32.8135	32.333	0	-1	
6.33017	58.7472	362	0	(0)43	(0)44	(0)45	(0)43	(0)44	3.03276	0.158719	-0.468764	123.9	64.3662	0.	0.957286	0.289142	0.	0.957286	0.289142	0.	0.	0.	73.1934	20.3131	19.889	0	-1	
6.34716	58.8568	363	0	(0)43	(0)44	(0)45	(0)43	(0)44	3.03268	0.158719	-0.468764	123.927	64.3745	0.	0.957286	0.289142	0.	0.957286	0.289142	0.	0.	0.	73.1934	6.25019	6.1311	0	-1	
6.36409	59.0688	364	0	(0)43	(0)44	(0)45	(0)43	(0)44	3.03268	0.158719	-0.468764	123.927	64.3745	0.	0.957286	0.289142	0.	0.957286	0.289142	0.	0.	0.	73.1934	0.	0.	0	-1	
6.38731	43.073	365	0	(0)43	(0)44	(0)45	(0)43	(0)44	3.03268	0.158719	-0.468764	123.927	64.3745	0.	0.957286	0.289142	0.	0.957286	0.289142	0.	0.	0.	73.1934	0.	0.	0	-1	
6.40416	59.3152	366	0	(0)43	(0)44	(0)45	(0)43	(0)44	3.03268	0.158719	-0.468764	123.927	64.3745	0.	0.957286	0.289142	0.	0.957286	0.289142	0.	0.	0.	73.1934	0.	0.	0	-1	
6.42116	58.8495	367	0	(0)43	(0)44	(0)45	(0)43	(0)44	3.03268	0.158719	-0.468764	123.927	64.3745	0.	0.957286	0.289142	0.	0.957286	0.289142	0.	0.	0.	73.1934	0.	0.	0	-1	
6.44199	48.0022	368	0	(0)43	(0)44	(0)45	(0)43	(0)44	3.03268	0.158719	-0.468764	123.927	64.3745	0.	0.957286	0.289142	0.	0.957286	0.289142	0.	0.	0.	73.1934	0.	0.	0	-1	
6.45913	58.3427	369	0	(0)43	(0)44	(0)45	(0)43	(0)44	3.03268	0.158719	-0.468764	123.927	64.3745	0.	0.957286	0.289142	0.	0.957286	0.289142	0.	0.	0.	73.1934	0.	0.	0	-1	
6.47623	58.4931	370	0	(0)43	(0)44	(0)45	(0)43	(0)44	3.03268	0.158719	-0.468764	123.927	64.3745	0.	0.957286	0.289142	0.	0.957286	0.289142	0.	0.	0.	73.1934	0.	0.	0	-1	
6.49326	58.7159	371	0	(0)43	(0)44	(0)45	(0)43	(0)44	3.03268	0.158719	-0.468764	123.927	64.3745	0.	0.957286	0.289142	0.	0.957286	0.289142	0.	0.	0.	73.1934	0.	0.	0	-1	
6.51026	58.8004	372	0	(0)43	(0)44	(0)45	(0)43	(0)44	3.03268	0.158719	-0.468764	123.927	64.3745	0.	0.957286	0.289142	0.	0.957286	0.289142	0.	0.	0.	73.1934	0.	0.	0	-1	
6.52722	58.9888	373	0	(0)43	(0)44	(0)45	(0)43	(0)44	3.03268	0.158719	-0.468764	123.927	64.3745	0.	0.957286	0.289142	0.	0.957286	0.289142	0.	0.	0.	73.1934	0.	0.	0	-1	
6.54423	58.7628	374	0	(0)43	(0)44	(0)45	(0)43	(0)44	3.03268	0.158719	-0.468764	123.927	64.3745	0.	0.957286	0.289142	0.	0.957286	0.289142	0.	0.	0.	73.1934	0.	0.	0	-1	
6.56111	59.2388	375	0	(0)43	(0)44	(0)45	(0)43	(0)44	3.03268	0.158719	-0.468764	123.927	64.3745	0.	0.957286	0.289142	0.	0.957286	0.289142	0.	0.	0.	73.1934	0.	0.	0	-1	
6.57814	58.7211	376	0	(0)43	(0)44	(0)45	(0)43	(0)44	3.03268	0.158719	-0.468764	123.927	64.3745	0.	0.957286	0.289142	0.	0.957286	0.289142	0.	0.	0.	73.1934	0.	0.	0	-1	
6.59668	53.9476	377	0	(0)43	(0)44	(0)45	(0)43	(0)44	3.03268	0.158719	-0.468764	123.927	64.3745	0.	0.957286	0.289142	0.	0.957286	0.289142	0.	0.	0.	73.1934	0.	0.	0	-1	
6.61417	57.1825	378	0	(0)43	(0)44	(0)45	(0)43	(0)44	3.03268	0.158719	-0.468764	123.927	64.3745	0.	0.957286	0.289142	0.	0.957286	0.289142	0.	0.	0.	73.1934	0.	0.	0	-1	
6.63026	62.1447	379	0	(0)43	(0)44	(0)45	(0)43	(0)44	3.03268	0.158719	-0.468764	123.927	64.3745	0.	0.957286	0.289142	0.	0.957286	0.289142	0.	0.	0.	73.1934	0.	0.	0	-1	
6.64646	61.7117	380	0	(0)43	(0)44	(0)45	(0)43	(0)44	3.03268	0.158719	-0.468764	123.927	64.3745	0.	0.957286	0.289142	0.	0.957286	0.289142	0.	0.	0.	73.1934	0.	0.	0	-1	
6.66312	60.043	381	0	(0)43	(0)44	(0)45	(0)43	(0)44	3.03268	0.158719	-0.468764	123.927	64.3745	0.	0.957286	0.289142	0.	0.957286	0.289142	0.	0.	0.	73.1934	0.	0.	0	-1	
6.68015	58.7295	382	0	(0)43	(0)44	(0)45	(0)43	(0)44	3.03268	0.158719	-0.468764	123.927	64.3745	0.	0.957286	0.289142	0.	0.957286	0.289142	0.	0.	0.	73.1934	0.	0.	0	-1	
6.69724	58.5065	383	0	(0)43	(0)44	(0)45	(0)43	(0)44	3.03268	0.158719	-0.468764	123.927	64.3745	0.	0.957286	0.289142	0.	0.957286	0.289142	0.	0.	0.	73.1934	0.	0.	0	-1	
6.71686	50.968	384	0	(0)43	(0)44	(0)45	(0)43	(0)44	3.03268	0.158719	-0.468764	123.927	64.3745	0.	0.957286	0.289142	0.	0.957286	0.289142	0.	0.	0.	73.1934	0.	0.	0	-1	
6.7331	61.5718	385	0	(0)43	(0)44	(0)45	(0)43	(0)44	3.03268	0.158719	-0.468764	123.927	64.3745	0.	0.957286	0.289142	0.	0.957286	0.289142	0.	0.	0.	73.1934	0.	0.	0	-1	
6.75013	58.7097	386	0	(0)43	(0)44	(0)45	(0)43	(0)44	3.03268	0.158719	-0.468764	123.927	64.3745	0.	0.957286	0.289142	0.	0.957286	0.289142	0.	0.	0.	73.1934	0.	0.	0	-1	
6.76709	58.9657	387	0	(0)43	(0)44	(0)45	(0)43	(0)44	3.03268	0.158719	-0.468764	123.927	64.3745	0.	0.957286	0.289142	0.	0.957286	0.289142	0.	0.	0.	73.1934	0.	0.	0	-1	
6.78686	50.5959	388	0	(0)43	(0)44	(0)45	(0)43	(0)44	3.03268	0.158719	-0.468764	123.927	64.3745	0.	0.957286	0.289142	0.	0.957286	0.289142	0.	0.	0.	73.1934	0.	0.	0	-1	
6.80371	59.3247	389	0	(0)43	(0)44	(0)45	(0)43	(0)44	3.03268	0.158719	-0.468764	123.927	64.3745	0.	0.957286	0.289142	0.	0.957286	0.289142	0.	0.	0.	73.1934	0.	0.	0	-1	
6.82015	60.838	390	0	(0)43	(0)44	(0)45	(0)43	(0)44	3.03268	0.158719	-0.468764	123.927	64.3745	0.	0.957286	0.289142	0.	0.957286	0.289142	0.	0.	0.	73.1934	0.	0.	0	-1	
6.8371	58.992	391	0	(0)43	(0)44	(0)45	(0)43	(0)44	3.03268	0.158719	-0.468764	123.927	64.3745	0.	0.957286	0.289142	0.	0.957286	0.289142	0.	0.	0.	73.1934	0.	0.	0	-1	
6.85313	62.3858	392	0	(0)43	(0)44	(0)45	(0)43	(0)44	3.03268	0.158719	-0.468764	123.927	64.3745	0.	0.957286	0.289142	0.	0.957286	0.289142	0.	0.	0.	73.1934	0.	0.	0	-1	
6.87011	58.885	393	0	(0)43	(0)44	(0)45	(0)43	(0)44	3.03268	0.158719	-0.468764	123.927	64.3745	0.	0.957286	0.289142	0.	0.957286	0.289142	0.	0.	0.	73.1934	0.	0.	0	-1	
6.88716	58.6692	394	0	(0)43	(0)44	(0)45	(0)43	(0)44	3.03268	0.158719	-0.468764	123.927	64.3745	0.	0.957286	0.289142	0.	0.957286	0.289142	0.	0.	0.	73.1934	0.	0.	0	-1	
6.90419	58.717	395	0	(0)43	(0)44	(0)45	(0)43	(0)44	3.03268	0.158719	-0.468764	123.927	64.3745	0.	0.957286	0.289142	0.	0.957286	0.289142	0.	0.	0.	73.1934	0.	0.	0	-1	
6.9212	58.7951	396	0	(0)43	(0)44	(0)45	(0)43	(0)44	3.03268	0.158719	-0.468764	123.927	64.3745	0.	0.957286	0.289142	0.	0.957286	0.289142	0.	0.	0.	73.1934	0.	0.	0	-1	
6.93816	58.9657	397	0	(0)43	(0)44	(0)45	(0)43	(0)44	3.03268	0.158719	-0.468764	123.927	64.3745	0.	0.957286	0.289142	0.	0.957286	0.289142	0.	0.	0.	73.1934	0.	0.	0	-1	
6.95516	58.8118	398	0	(0)43	(0)44	(0)45	(0)43	(0)44	3.03268	0.158719	-0.468764	123.927	64.3745	0.	0.957286	0.289142	0.	0.957286	0.289142	0.	0.	0.	73.1934	0.	0.	0	-1	
6.97212	58.9626	399	0	(0)43	(0)44	(0)45	(0)43	(0)44	3.03268	0.158719	-0.468764	123.927	64.3745	0.	0.957286	0.289142	0.	0.957286	0.289142	0.	0.	0.	73.1934	0.	0.	0	-1	
6.98821	62.1342	400	0	(0)43	(0)44	(0)45	(0)43	(0)44	3.03268	0.158719	-0.468764	123.927	64.3745	0.	0.957286	0.289142	0.	0.957286	0.289142	0.	0.	0.	73.1934	0.	0.	0	-1	
7.00521	58.8254	401	0	(0)43	(0)44	(0)45	(0)43	(0)44	3.03268	0.158719	-0.468764	123.927	64.3745	0.	0.957286	0.289142	0.	0.957286	0.289142	0.	0.	0.	73.1934	0.	0.	0	-1	
7.02215	59.0382	402	0	(0)43	(0)44	(0)45	(0)43	(0)44	3.03268	0.158719	-0.468764	123.927	64.3745	0.	0.957286	0.289142	0.	0.957286	0.289142	0.	0.	0.	73.1934	0.	0.	0	-1	
7.03913	58.9112	403	0	(0)43	(0)44	(0)45	(0)43	(0)44	3.03268	0.158719	-0.468764	123.927	64.3745	0.	0.957286	0.289142	0.	0.957286	0.289142	0.	0.	0.	73.1934	0.	0.	0	-1	
7.05621	58.5385	404	0	(0)43	(0)44	(0)45	(0)43	(0)44	3.03268	0.158719	-0.468764	123.927	64.3745	0.	0.957286	0.289142	0.	0.957286	0.289142	0.	0.	0.	73.1934	0.	0.	0	-1	
7.07222	62.4398	405	0	(0)43	(0)44	(0)45	(0)43	(0)44	3.03268	0.158719	-0.468764	123.927	64.3745	0.	0.957286	0.289142	0.	0.957286	0.289142	0.	0.	0.	73.1934	0.	0.	0	-1	
7.08915	59.0909	406	0	(0)43	(0)44	(0)45	(0)43	(0)44	3.03268	0.158719	-0.468764	123.927	64.3745	0.	0.957286	0.289142	0.	0.957286	0.289142	0.	0.	0.	73.1934	0.	0.	0	-1	
7.10616	58.7774	407	0	(0)43	(0)44	(0)45	(0)43	(0)44	3.03268	0.158719	-0.468764	123.927	64.3745	0.	0.957286	0.289142	0.	0.957286	0.289142	0.	0.	0.	73.1934	0.	0.	0	-1	
7.12223	62.2381	408	0	(0)43	(0)44	(0)45	(0)43	(0)44	3.03268	0.158719	-0.468764	123.927	64.3745	0.	0.957286	0.289142	0.	0.957286	0.289142	0.	0.	0.	73.1934	0.	0.	0	-1	
7.13922	58.8651	409	0	(0)43	(0)44	(0)45	(0)43	(0)44	3.03268	0.158719	-0.468764	123.927	64.3745	0.	0.957286	0.289142	0.	0.957286	0.289142	0.	0.	0.	73.1934	0.	0.	0	-1	
7.15615	59.0498	410	0	(0)43	(0)44	(0)45	(0)43	(0)44	3.03268	0.158719	-0.468764	123.927	64.3745	0.	0.957286	0.289142	0.	0.957286	0.289142	0.	0.	0.	73.1934	0.	0.	0	-1	
7.17218	62.3775	411	0	(0)43	(0)44	(0)45	(0)43	(0)44	3.03268	0.158719	-0.468764	123.927	64.3745	0.	0.957286	0.289142	0.	0.957286	0.289142	0.	0.	0.	73.1934	0.	0.	0	-1	
7.18919	58.7795	412	0	(0)43	(0)44	(0)45	(0)43	(0)44	3.03268	0.158719	-0.468764	123.927	64.3745	0.	0.957286	0.289142	0.	0.957286	0.289142	0.	0.	0.	73.1934	0.	0.	0	-1	
7.20621	58.7701	413	0	(0)43	(0)44	(0)45	(0)43	(0)44	3.03268	0.158719	-0.468764	123.927	64.3745	0.	0.957286	0.289142	0.	0.957286	0.289142	0.	0.	0.	73.1934	0.	0.	0	-1	
7.2222	62.5365	414	0	(0)43	(0)44	(0)45	(0)43	(0)44	3.03268	0.158719	-0.468764	123.927	64.3745	0.	0.957286	0.289142	0.	0.957286	0.289142	0.	0.	0.	73.1934	0.	0.	0	-1	
7.2392	58.8265	415	0	(0)43	(0)44	(0)45	(0)43	(0)44	3.03268	0.158719	-0.468764	123.927	64.3745	0.	0.957286	0.289142	0.	0.957286	0.289142	0.	0.	0.	73.1934	0.	0.	0	-1	
7.25619	58.8693	416	0	(0)43	(0)44	(0)45	(0)43	(0)44	3.03268	0.158719	-0.468764	123.927	64.3745	0.	0.957286	0.289142	0.	0.957286	0.289142	0.	0.	0.	73.1934	0.	0.	0	-1	
7.27218	62.5212	417	0	(0)43	(0)44	(0)45	(0)43	(0)44	3.03268	0.158719	-0.468764	123.927	64.3745	0.	0.957286	0.289142	0.	0.957286	0.289142	0.	0.	0.	73.1934	0.	0.	0	-1	
7.28921	58.7368	418	0	(0)43	(0)44	(0)45	(0)43	(0)44	3.03268	0.158719	-0.468764	123.927	64.3745	0.	0.957286	0.289142	0.	0.957286	0.289142	0.	0.	0.	73.1934	0.	0.	0	-1	
7.30617	58.9542	419	0	(0)43	(0)44	(0)45	(0)43	(0)44	3.03268	0.158719	-0.468764	123.927	64.3745	0.	0.957286	0.289142	0.	0.957286	0.289142	0.	0.	0.	73.1934	0.	0.	0	-1	
7.32221	62.3552	420	0	(0)43	(0)44	(0)45	(0)43	(0)44	3.03268	0.158719	-0.468764	123.927	64.3745	0.	0.957286	0.289142	0.	0.957286	0.289142	0.	0.	0.	73.1934	0.	0.	0	-1	
7.33914	59.0666	421	0	(0)43	(0)44	(0)45	(0)43	(0)44	3.03268	0.158719	-0.468764	123.927	64.3745	0.	0.957286	0.289142	0.	0.957286	0.289142	0.	0.	0.	73.1934	0.	0.	0	-1	
7.35625	58.4415	422	0	(0)43	(0)44	(0)45	(0)43	(0)44	3.03268	0.158719	-0.468764	123.927	64.3745	0.	0.957286	0.289142	0.	0.957286	0.289142	0.	0.	0.	73.1934	0.	0.	0	-1	
7.37222	62.5908	423	0	(0)43	(0)44	(0)45	(0)43	(0)44	3.03268	0.158719	-0.468764	123.927	64.3745	0.	0.957286	0.289142	0.	0.957286	0.289142	0.	0.	0.	73.1934	0.	0.	0	-1	
7.38916	59.0551	424	0	(0)43	(0)44	(0)45	(0)43	(0)44	3.03268	0.158719	-0.468764	123.927	64.3745	0.	0.957286	0.289142	0.	0.957286	0.289142	0.	0.	0.	73.1934	0.	0.	0	-1	
7.40623	58.5685	425	0	(0)43	(0)44	(0)45	(0)43	(0)44	3.03268	0.158719	-0.468764	123.927	64.3745	0.	0.957286	0.289142	0.	0.957286	0.289142	0.	0.	0.	73.1934	0.	0.	0	-1	
7.42217	62.7188	426	0	(0)43	(0)44	(0)45	(0)43	(0)44	3.03268	0.158719	-0.468764	123.927	64.3745	0.	0.957286	0.289142	0.	0.957286	0.289142	0.	0.	0.	73.1934	0.	0.	0	-1	
7.43925	58.5499	427	0	(0)43	(0)44	(0)45	(0)43	(0)44	3.03268	0.158719	-0.468764	123.927	64.3745	0.	0.957286	0.289142	0.	0.957286	0.289142	0.	0.	0.	73.1934	0.	0.	0	-1	
7.45624	58.8766	428	0	(0)43	(0)44	(0)45	(0)43	(0)44	3.03268	0.158719	-0.468764	123.927	64.3745	0.	0.957286	0.289142	0.	0.957286	0.289142	0.	0.	0.	73.1934	0.	0.	0	-1	
7.47221	62.5979	429	0	(0)43	(0)44	(0)45	(0)43	(0)44	3.03268	0.158719	-0.468764	123.927	64.3745	0.	0.957286	0.289142	0.	0.957286	0.289142	0.	0.	0.	73.1934	0.	0.	0	-1	
7.48917	58.9804	430	0	(0)43	(0)44	(0)45	(0)43	(0)44	3.03268	0.158719	-0.468764	123.927	64.3745	0.	0.957286	0.289142	0.	0.957286	0.289142	0.	0.	0.	73.1934	0.	0.	0	-1	
7.50895	50.5573	431	0	(0)43	(0)44	(0)45	(0)43	(0)44	3.03268	0.158719	-0.468764	123.927	64.3745	0.	0.957286	0.289142	0.	0.957286	0.289142	0.	0.	0.	73.1934	0.	0.	0	-1	
7.52625	57.786	432	0	(0)43	(0)44	(0)45	(0)43	(0)44	3.03268	0.158719	-0.468764	123.927	64.3745	0.	0.957286	0.289142	0.	0.957286	0.289142	0.	0.	0.	73.1934	0.	0.	0	-1	
7.54317	59.113	433	0	(0)43	(0)44	(0)45	(0)43	(0)44	3.03268	0.158719	-0.468764	123.927	64.3745	0.	0.957286	0.289142	0.	0.957286	0.289142	0.	0.	0.	73.1934	0.	0.	0	-1	
7.56016	58.8536	434	0	(0)43	(0)44	(0)45	(0)43	(0)44	3.03268	0.158719	-0.468764	123.927	64.3745	0.	0.957286	0.289142	0.	0.957286	0.289142	0.	0.	0.	73.1934	0.	0.	0	-1	
7.57722	58.6183	435	0	(0)43	(0)44	(0)45	(0)43	(0)44	3.03268	0.158719	-0.468764	123.927	64.3745	0.	0.957286	0.289142	0.	0.957286	0.289142	0.	0.	0.	73.1934	0.	0.	0	-1	

