Time	FPS	Frame	Crash	RB	RU	LU	LB	Dither	DAngle	swAngle	OX	OY	OZ	HX	HY	HZ	HA	Speed
2.68664e-005	37221.2	1	0	1	1	1	1	0.	0.	0.	0.	0.	0.	0.	1.	0.	0.	0.	
1.26068	0.793241	2	0	1	1	1	1	2.22045e-016	0.	0.	0.	0.	0.	0.	1.	0.	0.	0.	
1.30665	21.7523	3	0	1	1	1	1	2.22045e-016	0.	0.	0.	0.	0.	0.	1.	0.	0.	0.	
1.35771	19.5836	4	0	1	1	1	1	2.22045e-016	0.	0.	0.	0.	0.	0.	1.	0.	0.	0.	
1.37176	71.2068	5	0	1	1	1	1	2.22045e-016	0.	0.	0.	0.	0.	0.	1.	0.	0.	0.	
1.38833	60.3283	6	0	1	1	1	1	2.22045e-016	0.	0.	0.	0.	0.	0.	1.	0.	0.	0.	
1.40503	59.8779	7	0	1	1	1	1	2.22045e-016	0.	0.	0.	0.	0.	0.	1.	0.	0.	0.	
1.42251	57.208	8	0	1	1	1	1	2.22045e-016	0.	0.	0.	0.	0.	0.	1.	0.	0.	0.	
1.43748	66.8109	9	0	1	1	1	1	2.22045e-016	0.	0.	0.	0.	0.	0.	1.	0.	0.	0.	
1.45589	54.3295	10	0	1	1	1	1	2.22045e-016	0.	0.	0.	0.	0.	0.	1.	0.	0.	0.	
1.47078	67.1576	11	0	1	1	1	1	2.22045e-016	0.	0.	0.	0.	0.	0.	1.	0.	0.	0.	
1.4875	59.8044	12	0	1	1	1	1	2.22045e-016	0.	0.	0.	0.	0.	0.	1.	0.	0.	0.	
1.505	57.1428	13	0	1	1	1	1	2.22045e-016	0.	0.	0.	0.	0.	0.	1.	0.	0.	0.	
1.52423	52.0094	14	0	1	1	1	1	2.22045e-016	0.	0.	0.	0.	0.	0.	1.	0.	0.	0.	
1.53903	67.5562	15	0	1	1	1	1	2.22045e-016	0.	0.	0.	0.	0.	0.	1.	0.	0.	0.	
1.55503	62.4858	16	0	1	1	1	1	2.22045e-016	0.	0.	0.	0.	0.	0.	1.	0.	0.	0.	
1.57184	59.5047	17	0	1	1	1	1	2.22045e-016	0.	0.	0.	0.	0.	0.	1.	0.	0.	0.	
1.58746	64.0071	18	0	1	1	1	1	2.22045e-016	0.	0.	0.	0.	0.	0.	1.	0.	0.	0.	
1.60437	59.1297	19	0	1	1	1	1	2.22045e-016	0.	0.	0.	0.	0.	0.	1.	0.	0.	0.	
1.62297	53.7582	20	0	1	1	1	1	2.22045e-016	0.	0.	0.	0.	0.	0.	1.	0.	0.	0.	
1.63877	63.3171	21	0	1	1	1	1	2.22045e-016	0.	0.	0.	0.	0.	0.	1.	0.	0.	0.	
1.65419	64.8478	22	0	1	1	1	1	2.22045e-016	0.	0.	0.	0.	0.	0.	1.	0.	0.	0.	
1.67083	60.0951	23	0	1	1	1	1	2.22045e-016	0.	0.	0.	0.	0.	0.	1.	0.	0.	0.	
1.68827	57.3347	24	0	1	1	1	1	2.22045e-016	0.	0.	0.	0.	0.	0.	1.	0.	0.	0.	
1.70505	59.6042	25	0	1	1	1	1	2.22045e-016	0.	0.	0.	0.	0.	0.	1.	0.	0.	0.	
1.72081	63.4298	26	0	1	1	1	1	2.22045e-016	0.	0.	0.	0.	0.	0.	1.	0.	0.	0.	
1.7375	59.9256	27	0	1	1	1	1	2.22045e-016	0.	0.	0.	0.	0.	0.	1.	0.	0.	0.	
1.75654	52.5356	28	0	1	1	1	1	2.22045e-016	0.	0.	0.	0.	0.	0.	1.	0.	0.	0.	
1.7717	65.9438	29	0	1	1	1	1	2.22045e-016	0.	0.	0.	0.	0.	0.	1.	0.	0.	0.	
1.78743	63.5564	30	0	1	1	1	1	2.22045e-016	0.	0.	0.	0.	0.	0.	1.	0.	0.	0.	
1.80636	52.8246	31	0	1	1	1	1	2.22045e-016	0.	0.	0.	0.	0.	0.	1.	0.	0.	0.	
1.8239	57.0386	32	0	1	1	1	1	2.22045e-016	0.	0.	0.	0.	0.	0.	1.	0.	0.	0.	
1.8386	68.0251	33	0	1	1	1	1	2.22045e-016	0.	0.	0.	0.	0.	0.	1.	0.	0.	0.	
1.85443	63.1601	34	0	1	1	1	1	2.22045e-016	0.	0.	0.	0.	0.	0.	1.	0.	0.	0.	
1.87082	61.0195	35	0	1	1	1	1	2.22045e-016	0.	0.	0.	0.	0.	0.	1.	0.	0.	0.	
1.89028	51.3746	36	0	1	1	1	1	2.22045e-016	0.	0.	0.	0.	0.	0.	1.	0.	0.	0.	
1.90613	63.1012	37	0	1	1	1	1	2.22045e-016	0.	0.	0.	0.	0.	0.	1.	0.	0.	0.	
1.92081	68.1132	38	0	1	1	1	1	2.22045e-016	0.	0.	0.	0.	0.	0.	1.	0.	0.	0.	
1.93834	57.0631	39	0	1	1	1	1	2.22045e-016	0.	0.	0.	0.	0.	0.	1.	0.	0.	0.	
1.95558	57.9891	40	0	1	1	1	1	2.22045e-016	0.	0.	0.	0.	0.	0.	1.	0.	0.	0.	
1.9721	60.551	41	0	1	1	1	1	2.22045e-016	0.	0.	0.	0.	0.	0.	1.	0.	0.	0.	
1.98766	64.2404	42	0	1	1	1	1	2.22045e-016	0.	0.	0.	0.	0.	0.	1.	0.	0.	0.	
2.00657	52.8794	43	0	1	1	1	1	2.22045e-016	0.	0.	0.	0.	0.	0.	1.	0.	0.	0.	
2.02157	66.6751	44	0	1	1	1	1	2.22045e-016	0.	0.	0.	0.	0.	0.	1.	0.	0.	0.	
2.03751	62.7367	45	0	1	1	1	1	2.22045e-016	0.	0.	0.	0.	0.	0.	1.	0.	0.	0.	
2.05411	60.2317	46	0	1	1	1	1	2.22045e-016	0.	0.	0.	0.	0.	0.	1.	0.	0.	0.	
2.07074	60.1301	47	0	1	1	1	1	2.22045e-016	0.	0.	0.	0.	0.	0.	1.	0.	0.	0.	
2.08741	60.0005	48	0	1	1	1	1	2.22045e-016	0.	0.	0.	0.	0.	0.	1.	0.	0.	0.	
2.10455	58.3404	49	0	1	1	1	1	2.22045e-016	0.	0.	0.	0.	0.	0.	1.	0.	0.	0.	
2.12081	61.5169	50	0	1	1	1	1	2.22045e-016	0.	0.	0.	0.	0.	0.	1.	0.	0.	0.	
2.13828	57.2426	51	0	1	1	1	1	2.22045e-016	0.	0.	0.	0.	0.	0.	1.	0.	0.	0.	
2.15494	60.0091	52	0	1	1	1	1	2.22045e-016	0.	0.	0.	0.	0.	0.	1.	0.	0.	0.	
2.17188	59.0412	53	0	1	1	1	1	2.22045e-016	0.	0.	0.	0.	0.	0.	1.	0.	0.	0.	
2.19052	53.632	54	0	1	1	1	1	2.22045e-016	0.	0.	0.	0.	0.	0.	1.	0.	0.	0.	
2.2051	68.6055	55	0	1	1	1	1	2.22045e-016	0.	0.	0.	0.	0.	0.	1.	0.	0.	0.	
2.22177	59.982	56	0	1	1	1	1	2.22045e-016	0.	0.	0.	0.	0.	0.	1.	0.	0.	0.	
2.23835	60.3063	57	0	1	1	1	1	2.22045e-016	0.	0.	0.	0.	0.	0.	1.	0.	0.	0.	
2.25629	55.7541	58	0	1	1	1	1	2.22045e-016	0.	0.	0.	0.	0.	0.	1.	0.	0.	0.	
2.27218	62.9118	59	0	1	1	1	1	2.22045e-016	0.	0.	0.	0.	0.	0.	1.	0.	0.	0.	
2.28832	61.9889	60	0	1	1	1	1	2.22045e-016	0.	0.	0.	0.	0.	0.	1.	0.	0.	0.	
2.30572	57.457	61	0	1	1	1	1	2.22045e-016	0.	0.	0.	0.	0.	0.	1.	0.	0.	0.	
2.3216	62.9872	62	0	1	1	1	1	2.22045e-016	0.	0.	0.	0.	0.	0.	1.	0.	0.	0.	
2.33802	60.8882	63	0	1	1	1	1	2.22045e-016	0.	0.	0.	0.	0.	0.	1.	0.	0.	0.	
2.35416	61.9541	64	0	1	1	1	1	2.22045e-016	0.	0.	0.	0.	0.	0.	1.	0.	0.	0.	
2.37247	54.6224	65	0	1	1	1	1	2.22045e-016	0.	0.	0.	0.	0.	0.	1.	0.	0.	0.	
2.3885	62.3752	66	0	1	1	1	1	2.22045e-016	0.	0.	0.	0.	0.	0.	1.	0.	0.	0.	
2.40417	63.811	67	0	1	1	1	1	2.22045e-016	0.	0.	0.	0.	0.	0.	1.	0.	0.	0.	
2.42081	60.1148	68	0	1	1	1	1	2.22045e-016	0.	0.	0.	0.	0.	0.	1.	0.	0.	0.	
2.43904	54.844	69	0	1	1	1	1	2.22045e-016	0.	0.	0.	0.	0.	0.	1.	0.	0.	0.	
2.4542	65.9792	70	0	1	1	1	1	2.22045e-016	0.	0.	0.	0.	0.	0.	1.	0.	0.	0.	
2.47305	53.0479	71	0	1	1	1	1	2.22045e-016	0.	0.	0.	0.	0.	0.	1.	0.	0.	0.	
2.48825	65.7827	72	0	1	1	1	1	2.22045e-016	0.	0.	0.	0.	0.	0.	1.	0.	0.	0.	
2.50412	62.998	73	0	1	1	1	1	2.22045e-016	0.	0.	0.	0.	0.	0.	1.	0.	0.	0.	
2.52238	54.7624	74	0	1	1	1	1	2.22045e-016	0.	0.	0.	0.	0.	0.	1.	0.	0.	0.	
2.53746	66.3107	75	0	1	1	1	1	2.22045e-016	0.	0.	0.	0.	0.	0.	1.	0.	0.	0.	
2.55467	58.1254	76	0	1	1	1	1	2.22045e-016	0.	0.	0.	0.	0.	0.	1.	0.	0.	0.	
2.57086	61.7716	77	0	1	1	1	1	2.22045e-016	0.	0.	0.	0.	0.	0.	1.	0.	0.	0.	
2.58832	57.2762	78	0	1	1	1	1	2.22045e-016	0.	0.	0.	0.	0.	0.	1.	0.	0.	0.	
2.60589	56.9004	79	0	1	1	1	1	2.22045e-016	0.	0.	0.	0.	0.	0.	1.	0.	0.	0.	
2.62169	63.3086	80	0	1	1	1	1	2.22045e-016	0.	0.	0.	0.	0.	0.	1.	0.	0.	0.	
2.63831	60.141	81	0	1	1	1	1	2.22045e-016	0.	0.	0.	0.	0.	0.	1.	0.	0.	0.	
2.65586	56.9934	82	0	1	1	1	1	2.22045e-016	0.	0.	0.	0.	0.	0.	1.	0.	0.	0.	
2.67136	64.5018	83	0	1	1	1	1	2.22045e-016	0.	0.	0.	0.	0.	0.	1.	0.	0.	0.	
2.68906	56.5112	84	0	1	1	1	1	2.22045e-016	0.	0.	0.	0.	0.	0.	1.	0.	0.	0.	
2.7056	60.4527	85	0	1	1	1	1	2.22045e-016	0.	0.	0.	0.	0.	0.	1.	0.	0.	0.	
2.72165	62.3107	86	0	1	1	1	1	2.22045e-016	0.	0.	0.	0.	0.	0.	1.	0.	0.	0.	
2.73825	60.2361	87	0	1	1	1	1	2.22045e-016	0.	0.	0.	0.	0.	0.	1.	0.	0.	0.	
2.75601	56.3085	88	0	1	1	1	1	2.22045e-016	0.	0.	0.	0.	0.	0.	1.	0.	0.	0.	
2.77086	67.3242	89	0	1	1	1	1	2.22045e-016	0.	0.	0.	0.	0.	0.	1.	0.	0.	0.	

