Time	FPS	Frame	Crash	RB	RU	LU	LB	OC	Dither	DAngle	swAngle	OX	OY	OZ	HX	HY	HZ	HA	Speed
5.19216e-005	19259.8	1	0	1	1	1	1	1	0.	0.	0.	0.	0.	0.	0.	1.	0.	0.	0.	
1.29757	0.770703	2	0	1	1	1	1	1	2.22045e-016	0.	0.	0.	0.	0.	0.	1.	0.	0.	0.	
1.39905	9.85361	3	0	1	1	1	1	1	2.22045e-016	0.	0.	0.	0.	0.	0.	1.	0.	0.	0.	
1.50082	9.82692	4	0	1	1	1	1	1	2.22045e-016	0.	0.	0.	0.	0.	0.	1.	0.	0.	0.	
1.51744	60.1432	5	0	1	1	1	1	1	2.22045e-016	0.	0.	0.	0.	0.	0.	1.	0.	0.	0.	
1.53436	59.1255	6	0	1	1	1	1	1	2.22045e-016	0.	0.	0.	0.	0.	0.	1.	0.	0.	0.	
1.55136	58.8044	7	0	1	1	1	1	1	2.22045e-016	0.	0.	0.	0.	0.	0.	1.	0.	0.	0.	
1.56835	58.8702	8	0	1	1	1	1	1	2.22045e-016	0.	0.	0.	0.	0.	0.	1.	0.	0.	0.	
1.58537	58.7637	9	0	1	1	1	1	1	2.22045e-016	0.	0.	0.	0.	0.	0.	1.	0.	0.	0.	
1.60135	62.5483	10	0	1	1	1	1	1	2.22045e-016	0.	0.	0.	0.	0.	0.	1.	0.	0.	0.	
1.61837	58.7564	11	0	1	1	1	1	1	2.22045e-016	0.	0.	0.	0.	0.	0.	1.	0.	0.	0.	
1.63535	58.8922	12	0	1	1	1	1	1	2.22045e-016	0.	0.	0.	0.	0.	0.	1.	0.	0.	0.	
1.65235	58.8232	13	0	1	1	1	1	1	2.22045e-016	0.	0.	0.	0.	0.	0.	1.	0.	0.	0.	
1.66936	58.8054	14	0	1	1	1	1	1	2.22045e-016	0.	0.	0.	0.	0.	0.	1.	0.	0.	0.	
1.68636	58.8169	15	0	1	1	1	1	1	2.22045e-016	0.	0.	0.	0.	0.	0.	1.	0.	0.	0.	
1.70336	58.8388	16	0	1	1	1	1	1	2.22045e-016	0.	0.	0.	0.	0.	0.	1.	0.	0.	0.	
1.72036	58.8075	17	0	1	1	1	1	1	2.22045e-016	0.	0.	0.	0.	0.	0.	1.	0.	0.	0.	
1.73635	62.5212	18	0	1	1	1	1	1	2.22045e-016	0.	0.	0.	0.	0.	0.	1.	0.	0.	0.	
1.7534	58.6711	19	0	1	1	1	1	1	2.22045e-016	0.	0.	0.	0.	0.	0.	1.	0.	0.	0.	
1.77036	58.9603	20	0	1	1	1	1	1	2.22045e-016	0.	0.	0.	0.	0.	0.	1.	0.	0.	0.	
1.78636	62.5	21	0	1	1	1	1	1	2.22045e-016	0.	0.	0.	0.	0.	0.	1.	0.	0.	0.	
1.80336	58.8221	22	0	1	1	1	1	1	2.22045e-016	0.	0.	0.	0.	0.	0.	1.	0.	0.	0.	
1.82036	58.819	23	0	1	1	1	1	1	2.22045e-016	0.	0.	0.	0.	0.	0.	1.	0.	0.	0.	
1.83736	58.8211	24	0	1	1	1	1	1	2.22045e-016	0.	0.	0.	0.	0.	0.	1.	0.	0.	0.	
1.85436	58.8252	25	0	1	1	1	1	1	2.22045e-016	0.	0.	0.	0.	0.	0.	1.	0.	0.	0.	
1.87137	58.8023	26	0	1	1	1	1	1	2.22045e-016	0.	0.	0.	0.	0.	0.	1.	0.	0.	0.	
1.88836	58.8347	27	0	1	1	1	1	1	2.22045e-016	0.	0.	0.	0.	0.	0.	1.	0.	0.	0.	
1.90437	62.4787	28	0	1	1	1	1	1	2.22045e-016	0.	0.	0.	0.	0.	0.	1.	0.	0.	0.	
1.92037	62.5165	29	0	1	1	1	1	1	2.22045e-016	0.	0.	0.	0.	0.	0.	1.	0.	0.	0.	
1.93636	62.507	30	0	1	1	1	1	1	2.22045e-016	0.	0.	0.	0.	0.	0.	1.	0.	0.	0.	
1.95337	58.7939	31	0	1	1	1	1	1	2.22045e-016	0.	0.	0.	0.	0.	0.	1.	0.	0.	0.	
1.97037	58.8388	32	0	1	1	1	1	1	2.22045e-016	0.	0.	0.	0.	0.	0.	1.	0.	0.	0.	
1.98737	58.8148	33	0	1	1	1	1	1	2.22045e-016	0.	0.	0.	0.	0.	0.	1.	0.	0.	0.	
2.00437	58.8347	34	0	1	1	1	1	1	2.22045e-016	0.	0.	0.	0.	0.	0.	1.	0.	0.	0.	
2.02137	58.7971	35	0	1	1	1	1	1	2.22045e-016	0.	0.	0.	0.	0.	0.	1.	0.	0.	0.	
2.03837	58.843	36	0	1	1	1	1	1	2.22045e-016	0.	0.	0.	0.	0.	0.	1.	0.	0.	0.	
2.05537	58.8065	37	0	1	1	1	1	1	2.22045e-016	0.	0.	0.	0.	0.	0.	1.	0.	0.	0.	
2.07137	62.5023	38	0	1	1	1	1	1	2.22045e-016	0.	0.	0.	0.	0.	0.	1.	0.	0.	0.	
2.08838	58.8085	39	0	1	1	1	1	1	2.22045e-016	0.	0.	0.	0.	0.	0.	1.	0.	0.	0.	
2.10537	58.8399	40	0	1	1	1	1	1	2.22045e-016	0.	0.	0.	0.	0.	0.	1.	0.	0.	0.	
2.12237	58.82	41	0	1	1	1	1	1	2.22045e-016	0.	0.	0.	0.	0.	0.	1.	0.	0.	0.	
2.13938	58.8033	42	0	1	1	1	1	1	2.22045e-016	0.	0.	0.	0.	0.	0.	1.	0.	0.	0.	
2.15638	58.8378	43	0	1	1	1	1	1	2.22045e-016	0.	0.	0.	0.	0.	0.	1.	0.	0.	0.	
2.17339	58.7814	44	0	1	1	1	1	1	2.22045e-016	0.	0.	0.	0.	0.	0.	1.	0.	0.	0.	
2.19038	58.8587	45	0	1	1	1	1	1	2.22045e-016	0.	0.	0.	0.	0.	0.	1.	0.	0.	0.	
2.20738	58.8232	46	0	1	1	1	1	1	2.22045e-016	0.	0.	0.	0.	0.	0.	1.	0.	0.	0.	
2.22438	58.8221	47	0	1	1	1	1	1	2.22045e-016	0.	0.	0.	0.	0.	0.	1.	0.	0.	0.	
2.24138	58.8127	48	0	1	1	1	1	1	2.22045e-016	0.	0.	0.	0.	0.	0.	1.	0.	0.	0.	
2.25738	62.5023	49	0	1	1	1	1	1	2.22045e-016	0.	0.	0.	0.	0.	0.	1.	0.	0.	0.	
2.27338	62.507	50	0	1	1	1	1	1	2.22045e-016	0.	0.	0.	0.	0.	0.	1.	0.	0.	0.	
2.29038	58.8096	51	0	1	1	1	1	1	2.22045e-016	0.	0.	0.	0.	0.	0.	1.	0.	0.	0.	
2.30738	58.8273	52	0	1	1	1	1	1	2.22045e-016	0.	0.	0.	0.	0.	0.	1.	0.	0.	0.	
2.32438	58.8221	53	0	1	1	1	1	1	2.22045e-016	0.	0.	0.	0.	0.	0.	1.	0.	0.	0.	
2.34139	58.7814	54	0	1	1	1	1	1	2.22045e-016	0.	0.	0.	0.	0.	0.	1.	0.	0.	0.	
2.3574	62.4917	55	0	1	1	1	1	1	2.22045e-016	0.	0.	0.	0.	0.	0.	1.	0.	0.	0.	
2.37438	58.8671	56	0	1	1	1	1	1	2.22045e-016	0.	0.	0.	0.	0.	0.	1.	0.	0.	0.	
2.3914	58.7762	57	0	1	1	1	1	1	2.22045e-016	0.	0.	0.	0.	0.	0.	1.	0.	0.	0.	
2.40839	58.8681	58	0	1	1	1	1	1	2.22045e-016	0.	0.	0.	0.	0.	0.	1.	0.	0.	0.	
2.42539	58.8179	59	0	1	1	1	1	1	2.22045e-016	0.	0.	0.	0.	0.	0.	1.	0.	0.	0.	
2.44239	58.8252	60	0	1	1	1	1	1	2.22045e-016	0.	0.	0.	0.	0.	0.	1.	0.	0.	0.	
2.45941	58.7564	61	0	1	1	1	1	1	2.22045e-016	0.	0.	0.	0.	0.	0.	1.	0.	0.	0.	
2.4754	62.5247	62	0	1	1	1	1	1	2.22045e-016	0.	0.	0.	0.	0.	0.	1.	0.	0.	0.	
2.4924	58.8221	63	0	1	1	1	1	1	2.22045e-016	0.	0.	0.	0.	0.	0.	1.	0.	0.	0.	
2.50839	62.5389	64	0	1	1	1	1	1	2.22045e-016	0.	0.	0.	0.	0.	0.	1.	0.	0.	0.	
2.5244	62.441	65	0	1	1	1	1	1	2.22045e-016	0.	0.	0.	0.	0.	0.	1.	0.	0.	0.	
2.5414	58.8284	66	0	1	1	1	1	1	2.22045e-016	0.	0.	0.	0.	0.	0.	1.	0.	0.	0.	
2.55839	58.8629	67	0	1	1	1	1	1	2.22045e-016	0.	0.	0.	0.	0.	0.	1.	0.	0.	0.	
2.5744	62.4823	68	0	1	1	1	1	1	2.22045e-016	0.	0.	0.	0.	0.	0.	1.	0.	0.	0.	
2.5904	62.4834	69	0	1	1	1	1	1	2.22045e-016	0.	0.	0.	0.	0.	0.	1.	0.	0.	0.	
2.60741	58.7981	70	0	1	1	1	1	1	2.22045e-016	0.	0.	0.	0.	0.	0.	1.	0.	0.	0.	
2.6244	58.8347	71	0	1	1	1	1	1	2.22045e-016	0.	0.	0.	0.	0.	0.	1.	0.	0.	0.	
2.64139	58.8629	72	0	1	1	1	1	1	2.22045e-016	0.	0.	0.	0.	0.	0.	1.	0.	0.	0.	
2.65841	58.771	73	0	1	1	1	1	1	2.22045e-016	0.	0.	0.	0.	0.	0.	1.	0.	0.	0.	
2.6754	58.8702	74	0	1	1	1	1	1	2.22045e-016	0.	0.	0.	0.	0.	0.	1.	0.	0.	0.	
2.69242	58.7553	75	0	1	1	1	1	1	2.22045e-016	0.	0.	0.	0.	0.	0.	1.	0.	0.	0.	
2.70841	62.52	76	0	1	1	1	1	1	2.22045e-016	0.	0.	0.	0.	0.	0.	1.	0.	0.	0.	
2.7254	58.8587	77	0	1	1	1	1	1	2.22045e-016	0.	0.	0.	0.	0.	0.	1.	0.	0.	0.	
2.74241	58.7835	78	0	1	1	1	1	1	2.22045e-016	0.	0.	0.	0.	0.	0.	1.	0.	0.	0.	
2.75842	62.4858	79	0	1	1	1	1	1	2.22045e-016	0.	0.	0.	0.	0.	0.	1.	0.	0.	0.	
2.77542	58.796	80	0	1	1	1	1	1	2.22045e-016	0.	0.	0.	0.	0.	0.	1.	0.	0.	0.	
2.79241	58.8524	81	0	1	1	1	1	1	2.22045e-016	0.	0.	0.	0.	0.	0.	1.	0.	0.	0.	
2.80942	58.8169	82	0	1	1	1	1	1	2.22045e-016	0.	0.	0.	0.	0.	0.	1.	0.	0.	0.	
2.82642	58.8138	83	0	1	1	1	1	1	2.22045e-016	0.	0.	0.	0.	0.	0.	1.	0.	0.	0.	
2.84342	58.8305	84	0	1	1	1	1	1	2.22045e-016	0.	0.	0.	0.	0.	0.	1.	0.	0.	0.	
2.86043	58.7825	85	0	1	1	1	1	1	2.22045e-016	0.	0.	0.	0.	0.	0.	1.	0.	0.	0.	
2.87743	58.8211	86	0	1	1	1	1	1	2.22045e-016	0.	0.	0.	0.	0.	0.	1.	0.	0.	0.	
2.89447	58.6783	87	0	1	1	1	1	1	2.22045e-016	0.	0.	0.	0.	0.	0.	1.	0.	0.	0.	
2.91143	58.9614	88	0	1	1	1	1	1	2.22045e-016	0.	0.	0.	0.	0.	0.	1.	0.	0.	0.	
2.92842	58.8692	89	0	1	1	1	1	1	2.22045e-016	0.	0.	0.	0.	0.	0.	1.	0.	0.	0.	
2.94442	62.4776	90	0	1	1	1	1	1	2.22045e-016	0.	0.	0.	0.	0.	0.	1.	0.	0.	0.	
2.96143	58.7918	91	0	1	1	1	1	1	2.22045e-016	0.	0.	0.	0.	0.	0.	1.	0.	0.	0.	
2.97842	58.8556	92	0	1	1	1	1	1	2.22045e-016	0.	0.	0.	0.	0.	0.	1.	0.	0.	0.	
2.99541	58.8681	93	0	1	1	1	1	1	2.22045e-016	0.	0.	0.	0.	0.	0.	1.	0.	0.	0.	
3.01245	58.6773	94	0	1	1	1	1	1	2.22045e-016	0.	0.	0.	0.	0.	0.	1.	0.	0.	0.	
3.02944	58.8786	95	0	1	1	1	1	1	2.22045e-016	0.	0.	0.	0.	0.	0.	1.	0.	0.	0.	
3.04644	58.8033	96	0	1	1	1	1	1	2.22045e-016	0.	0.	0.	0.	0.	0.	1.	0.	0.	0.	
3.06344	58.8409	97	0	1	1	1	1	1	2.22045e-016	0.	0.	0.	0.	0.	0.	1.	0.	0.	0.	
3.08046	58.7626	98	0	1	1	1	1	1	2.22045e-016	0.	0.	0.	0.	0.	0.	1.	0.	0.	0.	
3.09743	58.9194	99	0	1	1	1	1	1	2.22045e-016	0.	0.	0.	0.	0.	0.	1.	0.	0.	0.	
3.11346	62.3752	100	0	1	1	1	1	1	2.22045e-016	0.	0.	0.	0.	0.	0.	1.	0.	0.	0.	
3.12943	62.6181	101	0	1	1	1	1	1	2.22045e-016	0.	0.	0.	0.	0.	0.	1.	0.	0.	0.	
3.1465	58.5829	102	0	1	1	1	1	1	2.22045e-016	0.	0.	0.	0.	0.	0.	1.	0.	0.	0.	
3.16344	59.0191	103	0	1	1	1	1	1	2.22045e-016	0.	0.	0.	0.	0.	0.	1.	0.	0.	0.	
3.17945	62.4976	104	0	1	1	1	1	1	2.22045e-016	0.	0.	0.	0.	0.	0.	1.	0.	0.	0.	
3.19542	62.6015	105	0	1	1	1	1	1	2.22045e-016	0.	0.	0.	0.	0.	0.	1.	0.	0.	0.	
3.21245	58.7002	106	0	1	1	1	1	1	2.22045e-016	0.	0.	0.	0.	0.	0.	1.	0.	0.	0.	
3.22853	62.1925	107	0	1	1	1	1	1	2.22045e-016	0.	0.	0.	0.	0.	0.	1.	0.	0.	0.	
3.24542	59.2122	108	0	1	1	1	1	1	2.22045e-016	0.	0.	0.	0.	0.	0.	1.	0.	0.	0.	
3.26245	58.7387	109	0	1	1	1	1	1	2.22045e-016	0.	0.	0.	0.	0.	0.	1.	0.	0.	0.	
3.27871	61.4849	110	0	1	1	1	1	1	2.22045e-016	0.	0.	0.	0.	0.	0.	1.	0.	0.	0.	
3.29543	59.8238	111	0	1	1	1	1	1	2.22045e-016	0.	0.	0.	0.	0.	0.	1.	0.	0.	0.	
3.31243	58.8169	112	0	1	1	1	1	1	2.22045e-016	0.	0.	0.	0.	0.	0.	1.	0.	0.	0.	
3.32849	62.2451	113	0	1	1	1	1	1	2.22045e-016	0.	0.	0.	0.	0.	0.	1.	0.	0.	0.	
3.34444	62.6975	114	0	1	1	1	1	1	2.22045e-016	0.	0.	0.	0.	0.	0.	1.	0.	0.	0.	
3.36146	58.7762	115	0	1	1	1	1	1	2.22045e-016	0.	0.	0.	0.	0.	0.	1.	0.	0.	0.	
3.37855	58.4929	116	0	1	1	1	1	1	2.22045e-016	0.	0.	0.	0.	0.	0.	1.	0.	0.	0.	
3.39544	59.2185	117	0	1	1	1	1	1	2.22045e-016	0.	0.	0.	0.	0.	0.	1.	0.	0.	0.	
3.41145	62.4752	118	0	1	1	1	1	1	2.22045e-016	0.	0.	0.	0.	0.	0.	1.	0.	0.	0.	
3.4285	58.6264	119	0	1	1	1	1	1	2.22045e-016	0.	0.	0.	0.	0.	0.	1.	0.	0.	0.	
3.44543	59.0739	120	0	1	1	1	1	1	2.22045e-016	0.	0.	0.	0.	0.	0.	1.	0.	0.	0.	
3.46244	58.7918	121	0	1	1	1	1	1	2.22045e-016	0.	0.	0.	0.	0.	0.	1.	0.	0.	0.	
3.47948	58.7033	122	0	1	1	1	1	1	2.22045e-016	0.	0.	0.	0.	0.	0.	1.	0.	0.	0.	
3.49646	58.8608	123	0	1	1	1	1	1	2.22045e-016	0.	0.	0.	0.	0.	0.	1.	0.	0.	0.	
3.51243	62.6205	124	0	1	1	1	1	1	2.22045e-016	0.	0.	0.	0.	0.	0.	1.	0.	0.	0.	
3.52946	58.7293	125	0	1	1	1	1	1	2.22045e-016	0.	0.	0.	0.	0.	0.	1.	0.	0.	0.	
3.54647	58.8085	126	0	1	1	1	1	1	2.22045e-016	0.	0.	0.	0.	0.	0.	1.	0.	0.	0.	
3.56346	58.8326	127	0	1	1	1	1	1	2.22045e-016	0.	0.	0.	0.	0.	0.	1.	0.	0.	0.	
3.57946	62.5	128	0	1	1	1	1	1	2.22045e-016	0.	0.	0.	0.	0.	0.	1.	0.	0.	0.	
3.59544	62.6027	129	0	1	1	1	1	1	2.22045e-016	0.	0.	0.	0.	0.	0.	1.	0.	0.	0.	
3.61247	58.7241	130	0	1	1	1	1	1	2.22045e-016	0.	0.	0.	0.	0.	0.	1.	0.	0.	0.	
3.62945	58.8817	131	0	1	1	1	1	1	2.22045e-016	0.	0.	0.	0.	0.	0.	1.	0.	0.	0.	
3.64646	58.7689	132	0	1	1	1	1	1	2.22045e-016	0.	0.	0.	0.	0.	0.	1.	0.	0.	0.	
3.66246	62.5283	133	0	1	1	1	1	1	2.22045e-016	0.	0.	0.	0.	0.	0.	1.	0.	0.	0.	
3.67948	58.7428	134	0	1	1	1	1	1	2.22045e-016	0.	0.	0.	0.	0.	0.	1.	0.	0.	0.	
3.69544	62.6453	135	0	1	1	1	1	1	2.22045e-016	0.	0.	0.	0.	0.	0.	1.	0.	0.	0.	
3.71145	62.4717	136	0	1	1	1	1	1	2.22045e-016	0.	0.	0.	0.	0.	0.	1.	0.	0.	0.	
3.72872	57.9151	137	0	1	1	1	1	1	2.22045e-016	0.	0.	0.	0.	0.	0.	1.	0.	0.	0.	
3.74544	59.785	138	0	1	1	1	1	1	2.22045e-016	0.	0.	0.	0.	0.	0.	1.	0.	0.	0.	
3.76245	58.8179	139	0	1	1	1	1	1	2.22045e-016	0.	0.	0.	0.	0.	0.	1.	0.	0.	0.	
3.77947	58.7345	140	0	1	1	1	1	1	2.22045e-016	0.	0.	0.	0.	0.	0.	1.	0.	0.	0.	
3.79648	58.8054	141	0	1	1	1	1	1	2.22045e-016	0.	0.	0.	0.	0.	0.	1.	0.	0.	0.	
3.81348	58.8221	142	0	1	1	1	1	1	2.22045e-016	0.	0.	0.	0.	0.	0.	1.	0.	0.	0.	
3.82946	62.572	143	0	1	1	1	1	1	2.22045e-016	0.	0.	0.	0.	0.	0.	1.	0.	0.	0.	
3.84647	58.7887	144	0	1	1	1	1	1	2.22045e-016	0.	0.	0.	0.	0.	0.	1.	0.	0.	0.	
3.86346	58.8399	145	0	1	1	1	1	1	2.22045e-016	0.	0.	0.	0.	0.	0.	1.	0.	0.	0.	
3.88048	58.7595	146	0	1	1	1	1	1	2.22045e-016	0.	0.	0.	0.	0.	0.	1.	0.	0.	0.	
3.89746	58.8901	147	0	1	1	1	1	1	2.22045e-016	0.	0.	0.	0.	0.	0.	1.	0.	0.	0.	
3.91447	58.7991	148	0	1	1	1	1	1	2.22045e-016	0.	0.	0.	0.	0.	0.	1.	0.	0.	0.	
3.93048	62.4658	149	0	1	1	1	1	1	2.22045e-016	0.	0.	0.	0.	0.	0.	1.	0.	0.	0.	
3.94747	58.8618	150	0	1	1	1	1	1	2.22045e-016	0.	0.	0.	0.	0.	0.	1.	0.	0.	0.	
3.96447	58.8044	151	0	1	1	1	1	1	2.22045e-016	0.	0.	0.	0.	0.	0.	1.	0.	0.	0.	
3.98149	58.7689	152	0	1	1	1	1	1	2.22045e-016	0.	0.	0.	0.	0.	0.	1.	0.	0.	0.	
3.99746	62.6311	153	0	1	1	1	1	1	2.22045e-016	0.	0.	0.	0.	0.	0.	1.	0.	0.	0.	
4.01349	62.3717	154	0	1	1	1	1	1	2.22045e-016	0.	0.	0.	0.	0.	0.	1.	0.	0.	0.	
4.03049	58.8263	155	0	1	1	1	1	1	2.22045e-016	0.	0.	0.	0.	0.	0.	1.	0.	0.	0.	
4.04747	58.8932	156	0	1	1	1	1	1	2.22045e-016	0.	0.	0.	0.	0.	0.	1.	0.	0.	0.	
4.06448	58.7929	157	0	1	1	1	1	1	2.22045e-016	0.	0.	0.	0.	0.	0.	1.	0.	0.	0.	
4.08048	62.4976	158	0	1	1	1	1	1	2.22045e-016	0.	0.	0.	0.	0.	0.	1.	0.	0.	0.	
4.09748	58.8242	159	0	1	1	1	1	1	2.22045e-016	0.	0.	0.	0.	0.	0.	1.	0.	0.	0.	
4.11348	62.4988	160	0	1	1	1	1	1	2.22045e-016	0.	0.	0.	0.	0.	0.	1.	0.	0.	0.	
4.1305	58.7522	161	0	1	1	1	1	1	2.22045e-016	0.	0.	0.	0.	0.	0.	1.	0.	0.	0.	
4.14748	58.8838	162	0	1	1	1	1	1	2.22045e-016	0.	0.	0.	0.	0.	0.	1.	0.	0.	0.	
4.16447	58.8618	163	0	1	1	1	1	1	2.22045e-016	0.	0.	0.	0.	0.	0.	1.	0.	0.	0.	
4.18148	58.7939	164	0	1	1	1	1	1	2.22045e-016	0.	0.	0.	0.	0.	0.	1.	0.	0.	0.	
4.1985	58.7626	165	0	1	1	1	1	1	2.22045e-016	0.	0.	0.	0.	0.	0.	1.	0.	0.	0.	
4.21547	58.9194	166	0	1	1	1	1	1	2.22045e-016	0.	0.	0.	0.	0.	0.	1.	0.	0.	0.	
4.23248	58.7877	167	0	1	1	1	1	1	2.22045e-016	0.	0.	0.	0.	0.	0.	1.	0.	0.	0.	
4.24847	62.5259	168	0	1	1	1	1	1	2.22045e-016	0.	0.	0.	0.	0.	0.	1.	0.	0.	0.	
4.26448	62.4858	169	0	1	1	1	1	1	2.22045e-016	0.	0.	0.	0.	0.	0.	1.	0.	0.	0.	
4.28151	58.7095	170	0	1	1	1	1	1	2.22045e-016	0.	0.	0.	0.	0.	0.	1.	0.	0.	0.	
4.29849	58.8859	171	0	1	1	1	1	1	2.22045e-016	0.	0.	0.	0.	0.	0.	1.	0.	0.	0.	
4.31449	62.5129	172	0	1	1	1	1	1	2.22045e-016	0.	0.	0.	0.	0.	0.	1.	0.	0.	0.	
4.33051	62.4258	173	0	1	1	1	1	1	2.22045e-016	0.	0.	0.	0.	0.	0.	1.	0.	0.	0.	
4.34749	58.8943	174	0	1	1	1	1	1	2.22045e-016	0.	0.	0.	0.	0.	0.	1.	0.	0.	0.	
4.36449	58.7971	175	0	1	1	1	1	1	2.22045e-016	0.	0.	0.	0.	0.	0.	1.	0.	0.	0.	
4.38047	62.5814	176	0	1	1	1	1	1	2.22045e-016	0.	0.	0.	0.	0.	0.	1.	0.	0.	0.	
4.40061	49.6543	177	0	1	1	1	1	1	2.22045e-016	0.	0.	0.	0.	0.	0.	1.	0.	0.	0.	
4.41649	62.9884	178	0	1	1	1	1	1	2.22045e-016	0.	0.	0.	0.	0.	0.	1.	0.	0.	0.	
4.43249	62.4964	179	0	1	1	1	1	1	2.22045e-016	0.	0.	0.	0.	0.	0.	1.	0.	0.	0.	
4.44949	58.8315	180	0	1	1	1	1	1	2.22045e-016	0.	0.	0.	0.	0.	0.	1.	0.	0.	0.	
4.46549	62.474	181	0	1	1	1	1	1	2.22045e-016	0.	0.	0.	0.	0.	0.	1.	0.	0.	0.	
4.48249	58.8326	182	0	1	1	1	1	1	2.22045e-016	0.	0.	0.	0.	0.	0.	1.	0.	0.	0.	
4.49949	58.8284	183	0	1	1	1	1	1	2.22045e-016	0.	0.	0.	0.	0.	0.	1.	0.	0.	0.	
4.5165	58.795	184	0	1	1	1	1	1	2.22045e-016	0.	0.	0.	0.	0.	0.	1.	0.	0.	0.	
4.5335	58.8221	185	0	1	1	1	1	1	2.22045e-016	0.	0.	0.	0.	0.	0.	1.	0.	0.	0.	
4.54949	62.5318	186	0	1	1	1	1	1	2.22045e-016	0.	0.	0.	0.	0.	0.	1.	0.	0.	0.	
4.5665	58.7877	187	0	1	1	1	1	1	2.22045e-016	0.	0.	0.	0.	0.	0.	1.	0.	0.	0.	
4.58248	62.5625	188	0	1	1	1	1	1	2.22045e-016	0.	0.	0.	0.	0.	0.	1.	0.	0.	0.	
4.5995	58.7804	189	0	1	1	1	1	1	2.22045e-016	0.	0.	0.	0.	0.	0.	1.	0.	0.	0.	
4.6165	58.8148	190	0	1	1	1	1	1	2.22045e-016	0.	0.	0.	0.	0.	0.	1.	0.	0.	0.	
4.6335	58.8232	191	0	1	1	1	1	1	2.22045e-016	0.	0.	0.	0.	0.	0.	1.	0.	0.	0.	
4.6505	58.8221	192	0	1	1	1	1	1	2.22045e-016	0.	0.	0.	0.	0.	0.	1.	0.	0.	0.	
4.6675	58.8273	193	0	1	1	1	1	1	2.22045e-016	0.	0.	0.	0.	0.	0.	1.	0.	0.	0.	
4.68352	62.414	194	0	1	1	1	1	1	2.22045e-016	0.	0.	0.	0.	0.	0.	1.	0.	0.	0.	
4.7005	58.8901	195	0	1	1	1	1	1	2.22045e-016	0.	0.	0.	0.	0.	0.	1.	0.	0.	0.	
4.7175	58.8232	196	0	1	1	1	1	1	2.22045e-016	0.	0.	0.	0.	0.	0.	1.	0.	0.	0.	
4.73352	62.4175	197	0	1	1	1	1	1	2.22045e-016	0.	0.	0.	0.	0.	0.	1.	0.	0.	0.	
4.7505	58.9037	198	0	1	1	1	1	1	2.22045e-016	0.	0.	0.	0.	0.	0.	1.	0.	0.	0.	
4.7675	58.8085	199	0	1	1	1	1	1	2.22045e-016	0.	0.	0.	0.	0.	0.	1.	0.	0.	0.	
4.7845	58.8232	200	0	1	1	1	1	1	2.22045e-016	0.	0.	0.	0.	0.	0.	1.	0.	0.	0.	
4.80153	58.7501	201	0	1	1	1	1	1	2.22045e-016	0.	0.	0.	0.	0.	0.	1.	0.	0.	0.	
4.81749	62.6311	202	0	1	1	1	1	1	2.22045e-016	0.	0.	0.	0.	0.	0.	1.	0.	0.	0.	
4.8335	62.4564	203	0	1	1	1	1	1	2.22045e-016	0.	0.	0.	0.	0.	0.	1.	0.	0.	0.	
4.85053	58.7303	204	0	1	1	1	1	1	2.22045e-016	0.	0.	0.	0.	0.	0.	1.	0.	0.	0.	
4.86652	62.546	205	0	1	1	1	1	1	2.22045e-016	0.	0.	0.	0.	0.	0.	1.	0.	0.	0.	
4.88352	58.8158	206	0	1	1	1	1	1	2.22045e-016	0.	0.	0.	0.	0.	0.	1.	0.	0.	0.	
4.90051	58.8461	207	0	1	1	1	1	1	2.22045e-016	0.	0.	0.	0.	0.	0.	1.	0.	0.	0.	
4.91753	58.7679	208	0	1	1	1	1	1	2.22045e-016	0.	0.	0.	0.	0.	0.	1.	0.	0.	0.	
4.93351	62.5791	209	0	1	1	1	1	1	2.22045e-016	0.	0.	0.	0.	0.	0.	1.	0.	0.	0.	
4.94951	62.4964	210	0	1	1	1	1	1	2.22045e-016	0.	0.	0.	0.	0.	0.	1.	0.	0.	0.	
4.96551	62.4929	211	0	1	1	1	1	1	2.22045e-016	0.	0.	0.	0.	0.	0.	1.	0.	0.	0.	
4.98252	58.8106	212	0	1	1	1	1	1	2.22045e-016	0.	0.	0.	0.	0.	0.	1.	0.	0.	0.	
4.99953	58.7616	213	0	1	1	1	1	1	2.22045e-016	0.	0.	0.	0.	0.	0.	1.	0.	0.	0.	
5.01654	58.8158	214	0	1	1	1	1	1	2.22045e-016	0.	0.	0.	0.	0.	0.	1.	0.	0.	0.	
5.03351	58.8995	215	0	1	1	1	1	1	2.22045e-016	0.	0.	0.	0.	0.	0.	1.	0.	0.	0.	
5.0495	62.5377	216	0	1	1	1	1	1	2.22045e-016	0.	0.	0.	0.	0.	0.	1.	0.	0.	0.	
5.06652	58.7762	217	0	1	1	1	1	1	2.22045e-016	0.	0.	0.	0.	0.	0.	1.	0.	0.	0.	
5.08352	58.8294	218	0	1	1	1	1	1	2.22045e-016	0.	0.	0.	0.	0.	0.	1.	0.	0.	0.	
5.10052	58.8169	219	0	1	1	1	1	1	2.22045e-016	0.	0.	0.	0.	0.	0.	1.	0.	0.	0.	
5.11752	58.8232	220	0	1	1	1	1	1	2.22045e-016	0.	0.	0.	0.	0.	0.	1.	0.	0.	0.	
5.13354	62.4069	221	0	1	1	1	1	1	2.22045e-016	0.	0.	0.	0.	0.	0.	1.	0.	0.	0.	
5.14952	62.5885	222	0	1	1	1	1	1	2.22045e-016	0.	0.	0.	0.	0.	0.	1.	0.	0.	0.	
5.16652	58.8117	223	0	1	1	1	1	1	2.22045e-016	0.	0.	0.	0.	0.	0.	1.	0.	0.	0.	
5.18352	58.8294	224	0	1	1	1	1	1	2.22045e-016	0.	0.	0.	0.	0.	0.	1.	0.	0.	0.	
5.20059	58.5818	225	0	1	1	1	1	1	2.22045e-016	0.	0.	0.	0.	0.	0.	1.	0.	0.	0.	
5.21759	58.8347	226	0	1	1	1	1	1	2.22045e-016	0.	0.	0.	0.	0.	0.	1.	0.	0.	0.	
5.23354	62.707	227	0	1	1	1	1	1	2.22045e-016	0.	0.	0.	0.	0.	0.	1.	0.	0.	0.	
5.25055	58.7814	228	0	1	1	1	1	1	2.22045e-016	0.	0.	0.	0.	0.	0.	1.	0.	0.	0.	
5.26755	58.8263	229	0	1	1	1	1	1	2.22045e-016	0.	0.	0.	0.	0.	0.	1.	0.	0.	0.	
5.28459	58.6752	230	0	1	1	1	1	1	2.22045e-016	0.	0.	0.	0.	0.	0.	1.	0.	0.	0.	
5.30154	58.9855	231	0	1	1	1	1	1	2.22045e-016	0.	0.	0.	0.	0.	0.	1.	0.	0.	0.	
5.31854	58.8263	232	0	1	1	1	1	1	2.22045e-016	0.	0.	0.	0.	0.	0.	1.	0.	0.	0.	
5.33455	62.4893	233	0	1	1	1	1	1	2.22045e-016	0.	0.	0.	0.	0.	0.	1.	0.	0.	0.	
5.35153	58.8796	234	0	1	1	1	1	1	2.22045e-016	0.	0.	0.	0.	0.	0.	1.	0.	0.	0.	
5.36855	58.7585	235	0	1	1	1	1	1	2.22045e-016	0.	0.	0.	0.	0.	0.	1.	0.	0.	0.	
5.38454	62.5424	236	0	1	1	1	1	1	2.22045e-016	0.	0.	0.	0.	0.	0.	1.	0.	0.	0.	
5.40057	62.387	237	0	1	1	1	1	1	2.22045e-016	0.	0.	0.	0.	0.	0.	1.	0.	0.	0.	
5.41759	58.7564	238	0	1	1	1	1	1	2.22045e-016	0.	0.	0.	0.	0.	0.	1.	0.	0.	0.	
5.43454	58.9656	239	0	1	1	1	1	1	2.22045e-016	0.	0.	0.	0.	0.	0.	1.	0.	0.	0.	
5.45153	58.8576	240	0	1	1	1	1	1	2.22045e-016	0.	0.	0.	0.	0.	0.	1.	0.	0.	0.	
5.46754	62.467	241	0	1	1	1	1	1	2.22045e-016	0.	0.	0.	0.	0.	0.	1.	0.	0.	0.	
5.48456	58.7668	242	0	1	1	1	1	1	2.22045e-016	0.	0.	0.	0.	0.	0.	1.	0.	0.	0.	
5.50155	58.8461	243	0	1	1	1	1	1	2.22045e-016	0.	0.	0.	0.	0.	0.	1.	0.	0.	0.	
5.51755	62.5224	244	0	1	1	1	1	1	2.22045e-016	0.	0.	0.	0.	0.	0.	1.	0.	0.	0.	
5.53454	58.8409	245	0	1	1	1	1	1	2.22045e-016	0.	0.	0.	0.	0.	0.	1.	0.	0.	0.	
5.55156	58.7595	246	0	1	1	1	1	1	2.22045e-016	0.	0.	0.	0.	0.	0.	1.	0.	0.	0.	
5.56753	62.6382	247	0	1	1	1	1	1	2.22045e-016	0.	0.	0.	0.	0.	0.	1.	0.	0.	0.	
5.58458	58.6378	248	0	1	1	1	1	1	2.22045e-016	0.	0.	0.	0.	0.	0.	1.	0.	0.	0.	
5.60054	62.6382	249	0	1	1	1	1	1	2.22045e-016	0.	0.	0.	0.	0.	0.	1.	0.	0.	0.	
5.61754	58.8284	250	0	1	1	1	1	1	2.22045e-016	0.	0.	0.	0.	0.	0.	1.	0.	0.	0.	
5.63457	58.7314	251	0	1	1	1	1	1	2.22045e-016	0.	0.	0.	0.	0.	0.	1.	0.	0.	0.	
5.65054	62.6074	252	0	1	1	1	1	1	2.22045e-016	0.	0.	0.	0.	0.	0.	1.	0.	0.	0.	
5.66655	62.4858	253	0	1	1	1	1	1	2.22045e-016	0.	0.	0.	0.	0.	0.	1.	0.	0.	0.	
5.68356	58.7585	254	0	1	1	1	1	1	2.22045e-016	0.	0.	0.	0.	0.	0.	1.	0.	0.	0.	
5.70055	58.8828	255	0	1	1	1	1	1	2.22045e-016	0.	0.	0.	0.	0.	0.	1.	0.	0.	0.	
5.71757	58.7585	256	0	1	1	1	1	1	2.22045e-016	0.	0.	0.	0.	0.	0.	1.	0.	0.	0.	
5.73355	62.5672	257	0	1	1	1	1	1	2.22045e-016	0.	0.	0.	0.	0.	0.	1.	0.	0.	0.	
5.75056	58.7741	258	0	1	1	1	1	1	2.22045e-016	0.	0.	0.	0.	0.	0.	1.	0.	0.	0.	
5.76756	58.8388	259	0	1	1	1	1	1	2.22045e-016	0.	0.	0.	0.	0.	0.	1.	0.	0.	0.	
5.78456	58.8033	260	0	1	1	1	1	1	2.22045e-016	0.	0.	0.	0.	0.	0.	1.	0.	0.	0.	
5.80157	58.8065	261	0	1	1	1	1	1	2.22045e-016	0.	0.	0.	0.	0.	0.	1.	0.	0.	0.	
5.81754	62.6311	262	0	1	1	1	1	1	2.22045e-016	0.	0.	0.	0.	0.	0.	1.	0.	0.	0.	
5.83356	62.4093	263	0	1	1	1	1	1	2.22045e-016	0.	0.	0.	0.	0.	0.	1.	0.	0.	0.	
5.85056	58.8169	264	0	1	1	1	1	1	2.22045e-016	0.	0.	0.	0.	0.	0.	1.	0.	0.	0.	
5.86756	58.8357	265	0	1	1	1	1	1	2.22045e-016	0.	0.	0.	0.	0.	0.	1.	0.	0.	0.	
5.88355	62.5306	266	0	1	1	1	1	1	2.22045e-016	0.	0.	0.	0.	0.	0.	1.	0.	0.	0.	
5.89958	62.3975	267	0	1	1	1	1	1	2.22045e-016	0.	0.	0.	0.	0.	0.	1.	0.	0.	0.	
5.91656	58.8922	268	0	1	1	1	1	1	2.22045e-016	0.	0.	0.	0.	0.	0.	1.	0.	0.	0.	
5.93271	61.9055	269	0	1	1	1	1	1	2.22045e-016	0.	0.	0.	0.	0.	0.	1.	0.	0.	0.	
5.94864	62.7712	270	0	1	1	1	1	1	2.22045e-016	0.	0.	0.	0.	0.	0.	1.	0.	0.	0.	
5.96558	59.0475	271	0	1	1	1	1	1	2.22045e-016	0.	0.	0.	0.	0.	0.	1.	0.	0.	0.	
5.98156	62.5743	272	0	1	1	1	1	1	2.22045e-016	0.	0.	0.	0.	0.	0.	1.	0.	0.	0.	
5.99756	62.5	273	0	1	1	1	1	1	2.22045e-016	0.	0.	0.	0.	0.	0.	1.	0.	0.	0.	
6.01456	58.8012	274	0	1	1	1	1	1	2.22045e-016	0.	0.	0.	0.	0.	0.	1.	0.	0.	0.	
6.03156	58.8388	275	0	1	1	1	1	1	2.22045e-016	0.	0.	0.	0.	0.	0.	1.	0.	0.	0.	
6.04856	58.8315	276	0	1	1	1	1	1	2.22045e-016	0.	0.	0.	0.	0.	0.	1.	0.	0.	0.	
6.06458	62.4116	277	0	1	1	1	1	1	2.22045e-016	0.	0.	0.	0.	0.	0.	1.	0.	0.	0.	
6.08058	62.4952	278	0	1	1	1	1	1	2.22045e-016	0.	0.	0.	0.	0.	0.	1.	0.	0.	0.	
6.09756	58.8859	279	0	1	1	1	1	1	2.22045e-016	0.	0.	0.	0.	0.	0.	1.	0.	0.	0.	
6.11358	62.4222	280	0	1	1	1	1	1	2.22045e-016	0.	0.	0.	0.	0.	0.	1.	0.	0.	0.	
6.12958	62.5188	281	0	1	1	1	1	1	2.22045e-016	0.	0.	0.	0.	0.	0.	1.	0.	0.	0.	
6.14662	58.67	282	0	1	1	1	1	1	2.22045e-016	0.	0.	0.	0.	0.	0.	1.	0.	0.	0.	
6.16363	58.7908	283	0	1	1	1	1	1	2.22045e-016	0.	0.	0.	0.	0.	0.	1.	0.	0.	0.	
6.18059	58.9813	284	0	1	1	1	1	1	2.22045e-016	0.	0.	0.	0.	0.	0.	1.	0.	0.	0.	
6.19763	58.6752	285	0	1	1	1	1	1	2.22045e-016	0.	0.	0.	0.	0.	0.	1.	0.	0.	0.	
6.21458	58.9792	286	0	1	1	1	1	1	2.22045e-016	0.	0.	0.	0.	0.	0.	1.	0.	0.	0.	
6.23058	62.5047	287	0	1	1	1	1	1	2.22045e-016	0.	0.	0.	0.	0.	0.	1.	0.	0.	0.	
6.24763	58.6752	288	0	1	1	1	1	1	1.52656e-016	0.	0.	0.	5.55556e-002	0.	0.	1.	0.	0.	5.55556e-002	
6.2646	58.9184	289	0	1	2	2	1	1	3.60822e-016	0.	0.	0.	0.111111	0.	0.	1.	0.	0.	5.55556e-002	
6.28161	58.796	290	0	1	2	2	1	1	0.	0.	0.	0.	0.166667	0.	0.	1.	0.	0.	5.55556e-002	
6.29861	58.8096	291	0	1	2	2	1	1	1.66533e-016	0.	0.	0.	0.222222	0.	0.	1.	0.	0.	5.55556e-002	
6.31557	58.954	292	0	1	2	2	1	1	1.11022e-016	0.	0.	0.	0.277778	0.	0.	1.	0.	0.	5.55556e-002	
6.33162	62.3376	293	0	1	2	2	1	1	5.55112e-017	0.	0.	0.	0.333333	0.	0.	1.	0.	0.	5.55556e-002	
6.34858	58.9509	294	0	1	2	2	1	1	5.55112e-017	0.	0.	0.	0.444444	0.	0.	1.	0.	0.	5.55556e-002	
6.36564	58.6264	295	0	1	2	2	1	1	4.44089e-016	0.	0.	0.	0.5	0.	0.	1.	0.	0.	5.55556e-002	
6.38259	58.9824	296	0	1	2	2	1	1	2.22045e-016	0.	0.	0.	0.555556	0.	0.	1.	0.	0.	5.55556e-002	
6.39964	58.6627	297	0	1	2	2	1	1	2.22045e-016	0.	0.	0.	0.611111	0.	0.	1.	0.	0.	5.55556e-002	
6.41659	58.9971	298	0	1	2	2	1	1	1.11022e-016	0.	0.	0.	0.666667	0.	0.	1.	0.	0.	5.55556e-002	
6.43357	58.8796	299	0	1	2	2	1	1	3.33067e-016	0.	0.	0.	0.722222	0.	0.	1.	0.	0.	5.55556e-002	
6.44958	62.4717	300	0	1	2	2	1	1	1.11022e-016	0.	0.	0.	0.777778	0.	0.	1.	0.	0.	5.55556e-002	
6.46558	62.4905	301	0	1	2	2	1	1	1.11022e-016	0.	0.	0.	0.833333	0.	0.	1.	0.	0.	5.55556e-002	
6.48258	58.8252	302	0	1	2	2	1	1	2.22045e-016	0.	0.	0.	0.888889	0.	0.	1.	0.	0.	5.55556e-002	
6.49958	58.8075	303	0	1	2	2	1	1	2.22045e-016	0.	0.	0.	0.944444	0.	0.	1.	0.	0.	5.55556e-002	
6.51659	58.7929	304	0	1	2	2	1	1	2.22045e-016	0.	0.	0.	1.	0.	0.	1.	0.	0.	5.55556e-002	
6.53359	58.8441	305	0	1	2	2	1	1	0.	0.	0.	0.	1.05556	0.	0.	1.	0.	0.	5.55556e-002	
6.55059	58.8012	306	0	1	2	2	1	1	2.22045e-016	0.	0.	0.	1.11111	0.	0.	1.	0.	0.	5.55556e-002	
6.56758	58.8608	307	0	1	2	2	1	1	0.	0.	0.	0.	1.16667	0.	0.	1.	0.	0.	5.55556e-002	
6.58461	58.7241	308	0	1	2	2	1	1	2.22045e-016	0.	0.	0.	1.22222	0.	0.	1.	0.	0.	5.55556e-002	
6.60059	62.5921	309	0	1	2	2	1	1	2.22045e-016	0.	0.	0.	1.27778	0.	0.	1.	0.	0.	5.55556e-002	
6.61758	58.8357	310	0	1	2	2	1	1	2.22045e-016	0.	0.	0.	1.33333	0.	0.	1.	0.	0.	5.55556e-002	
6.63359	62.4882	311	0	1	2	2	1	1	0.	0.	0.	0.	1.38889	0.	0.	1.	0.	0.	5.55556e-002	
6.6506	58.7637	312	0	1	2	2	1	1	0.	0.	0.	0.	1.44444	0.	0.	1.	0.	0.	5.55556e-002	
6.6676	58.842	313	0	1	2	2	1	1	0.	0.	0.	0.	1.5	0.	0.	1.	0.	0.	5.55556e-002	
6.68459	58.8545	314	0	1	2	2	1	1	0.	0.	0.	0.	1.55556	0.	0.	1.	0.	0.	5.55556e-002	
6.70163	58.6866	315	0	1	2	2	1	1	0.	0.	0.	0.	1.61111	0.	0.	1.	0.	0.	5.55556e-002	
6.71859	58.9477	316	0	1	2	2	1	1	2.22045e-016	0.	0.	0.	1.66667	0.	0.	1.	0.	0.	5.55556e-002	
6.73559	58.8252	317	0	1	2	2	1	1	0.	0.	0.	0.	1.72222	0.	0.	1.	0.	0.	5.55556e-002	
6.75263	58.6887	318	0	1	2	2	1	1	0.	0.	0.	0.	1.77778	0.	0.	1.	0.	0.	5.55556e-002	
6.76959	58.9698	319	0	1	2	2	1	1	0.	0.	0.	0.	1.83333	0.	0.	1.	0.	0.	5.55556e-002	
6.7856	62.4752	320	0	1	2	2	1	1	0.	0.	0.	0.	1.88889	0.	0.	1.	0.	0.	5.55556e-002	
6.8026	58.8294	321	0	1	2	2	1	1	0.	0.	0.	0.	1.94444	0.	0.	1.	0.	0.	5.55556e-002	
6.81862	62.4093	322	0	1	2	2	1	1	0.	0.	0.	0.	2.	0.	0.	1.	0.	0.	5.55556e-002	
6.8346	62.5838	323	0	1	2	2	1	1	0.	0.	0.	0.	2.05556	0.	0.	1.	0.	0.	5.55556e-002	
6.8516	58.8044	324	0	1	2	2	1	1	0.	0.	0.	0.	2.11111	0.	0.	1.	0.	0.	5.55556e-002	
6.8676	62.5306	325	0	1	2	2	1	1	0.	0.	0.	0.	2.16667	0.	0.	1.	0.	0.	5.55556e-002	
6.8846	58.8169	326	0	1	2	2	1	1	0.	0.	0.	0.	2.22222	0.	0.	1.	0.	0.	5.55556e-002	
6.90061	62.4611	327	0	1	2	2	1	1	0.	0.	0.	0.	2.27778	0.	0.	1.	0.	0.	5.55556e-002	
6.9176	58.8545	328	0	1	2	2	1	1	0.	0.	0.	0.	2.33333	0.	0.	1.	0.	0.	5.55556e-002	
6.93362	62.4128	329	0	1	2	2	1	1	0.	0.	0.	0.	2.38889	0.	0.	1.	0.	0.	5.55556e-002	
6.95061	58.8608	330	0	1	2	2	1	2	4.44089e-016	0.	0.	0.	2.44444	0.	0.	1.	0.	0.	5.55556e-002	
6.9676	58.8535	331	0	1	2	2	1	2	0.	0.	0.	0.	2.5	0.	0.	1.	0.	0.	5.55556e-002	
6.98466	58.6368	332	0	1	2	2	1	2	0.	0.	0.	0.	2.55556	0.	0.	1.	0.	0.	5.55556e-002	
7.0016	59.0076	333	0	1	2	2	1	2	0.	0.	0.	0.	2.61111	0.	0.	1.	0.	0.	5.55556e-002	
7.01863	58.7126	334	0	1	2	2	1	2	0.	0.	0.	0.	2.66667	0.	0.	1.	0.	0.	5.55556e-002	
7.03461	62.5862	335	0	1	2	2	1	2	4.44089e-016	0.	0.	0.	2.72222	0.	0.	1.	0.	0.	5.55556e-002	
7.05161	58.843	336	0	1	2	2	1	2	4.44089e-016	0.	0.	0.	2.77778	0.	0.	1.	0.	0.	5.55556e-002	
7.06761	62.5023	337	0	1	2	2	1	2	4.44089e-016	0.	0.	0.	2.83333	0.	0.	1.	0.	0.	5.55556e-002	
7.08461	58.8158	338	0	1	2	2	1	2	4.44089e-016	0.	0.	0.	2.88889	0.	0.	1.	0.	0.	5.55556e-002	
7.10061	62.4834	339	0	1	2	2	1	2	0.	0.	0.	0.	2.94444	0.	0.	1.	0.	0.	5.55556e-002	
7.11761	58.843	340	0	1	2	2	1	2	0.	0.	0.	0.	3.	0.	0.	1.	0.	0.	5.55556e-002	
7.13361	62.4811	341	0	1	2	2	1	2	0.	0.	0.	0.	3.05556	0.	0.	1.	0.	0.	5.55556e-002	
7.15061	58.8221	342	0	1	2	2	1	2	0.	0.	0.	0.	3.11111	0.	0.	1.	0.	0.	5.55556e-002	
7.16761	58.8326	343	0	1	2	2	1	2	4.44089e-016	0.	0.	0.	3.16667	0.	0.	1.	0.	0.	5.55556e-002	
7.18464	58.7272	344	0	1	2	2	1	2	0.	0.	0.	0.	3.22222	0.	0.	1.	0.	0.	5.55556e-002	
7.20161	58.9131	345	0	1	2	2	1	2	0.	0.	0.	0.	3.27778	0.	0.	1.	0.	0.	5.55556e-002	
7.21863	58.7637	346	0	1	2	2	1	2	0.	0.	0.	0.	3.33333	0.	0.	1.	0.	0.	5.55556e-002	
7.23562	58.8378	347	0	1	2	2	1	2	0.	0.	0.	0.	3.38889	0.	0.	1.	0.	0.	5.55556e-002	
7.25264	58.7856	348	0	1	2	2	1	2	4.44089e-016	0.	0.	0.	3.44444	0.	0.	1.	0.	0.	5.55556e-002	
7.26865	62.4269	349	0	1	2	2	1	2	0.	0.	0.	0.	3.5	0.	0.	1.	0.	0.	5.55556e-002	
7.28564	58.889	350	0	1	2	2	1	2	0.	0.	0.	0.	3.55556	0.	0.	1.	0.	0.	5.55556e-002	
7.30262	58.8712	351	0	1	2	2	1	2	0.	0.	0.	0.	3.61111	0.	0.	1.	0.	0.	5.55556e-002	
7.31962	58.8409	352	0	1	2	2	1	2	0.	0.	0.	0.	3.66667	0.	0.	1.	0.	0.	5.55556e-002	
7.33665	58.7043	353	0	1	2	2	1	2	0.	0.	0.	0.	3.72222	0.	0.	1.	0.	0.	5.55556e-002	
7.35365	58.8388	354	0	1	2	2	1	2	0.	0.	0.	0.	3.77778	0.	0.	1.	0.	0.	5.55556e-002	
7.37064	58.8629	355	0	1	2	2	1	2	0.	0.	0.	0.	3.83333	0.	0.	1.	0.	0.	5.55556e-002	
7.38762	58.866	356	0	1	2	2	1	2	0.	0.	0.	0.	3.88889	0.	0.	1.	0.	0.	5.55556e-002	
7.40362	62.5141	357	0	1	2	2	1	2	4.44089e-016	0.	0.	0.	3.94444	0.	0.	1.	0.	0.	5.55556e-002	
7.42066	58.6846	358	0	1	2	2	1	2	8.88178e-016	0.	0.	0.	4.	0.	0.	1.	0.	0.	5.55556e-002	
7.43761	59.0065	359	0	1	2	2	1	2	0.	0.	0.	0.	4.11111	0.	0.	1.	0.	0.	5.55556e-002	
7.45363	62.4293	360	0	1	2	2	1	2	0.	0.	0.	0.	4.16667	0.	0.	1.	0.	0.	5.55556e-002	
7.47063	58.8075	361	0	1	2	2	1	2	0.	0.	0.	0.	4.22222	0.	0.	1.	0.	0.	5.55556e-002	
7.48764	58.8012	362	0	1	2	2	1	2	0.	0.	0.	0.	4.27778	0.	0.	1.	0.	0.	5.55556e-002	
7.50462	58.8723	363	0	1	2	2	1	2	0.	0.	0.	0.	4.33333	0.	0.	1.	0.	0.	5.55556e-002	
7.52163	58.8002	364	0	1	2	2	1	2	0.	0.	0.	0.	4.38889	0.	0.	1.	0.	0.	5.55556e-002	
7.53762	62.5531	365	0	1	2	2	1	2	0.	0.	0.	0.	4.44444	0.	0.	1.	0.	0.	5.55556e-002	
7.55463	58.7825	366	0	1	2	2	1	2	0.	0.	0.	0.	4.5	0.	0.	1.	0.	0.	5.55556e-002	
7.57063	62.4846	367	0	1	2	2	1	2	0.	0.	0.	0.	4.55556	0.	0.	1.	0.	0.	5.55556e-002	
7.58763	58.8315	368	0	1	2	2	1	2	0.	0.	0.	0.	4.61111	0.	0.	1.	0.	0.	5.55556e-002	
7.60463	58.8284	369	0	1	2	2	1	2	0.	0.	0.	0.	4.66667	0.	0.	1.	0.	0.	5.55556e-002	
7.62163	58.8242	370	0	1	2	2	1	2	0.	0.	0.	0.	4.72222	0.	0.	1.	0.	0.	5.55556e-002	
7.63865	58.7418	371	0	2	3	3	2	2	0.	0.	0.	0.	4.77778	0.	0.	1.	0.	0.	5.55556e-002	
7.65563	58.8932	372	0	2	3	3	2	2	0.	0.	0.	0.	4.83333	0.	0.	1.	0.	0.	5.55556e-002	
7.67262	58.8629	373	0	2	3	3	2	2	0.	0.	0.	0.	4.88889	0.	0.	1.	0.	0.	5.55556e-002	
7.68963	58.7814	374	0	2	3	3	2	2	8.88178e-016	0.	0.	0.	4.94444	0.	0.	1.	0.	0.	5.55556e-002	
7.70665	58.7647	375	0	2	3	3	2	2	0.	0.	0.	0.	5.	0.	0.	1.	0.	0.	5.55556e-002	
7.72363	58.8765	376	0	2	3	3	2	2	0.	0.	0.	0.	5.05556	0.	0.	1.	0.	0.	5.55556e-002	
7.74064	58.8106	377	0	2	3	3	2	2	0.	0.	0.	0.	5.11111	0.	0.	1.	0.	0.	5.55556e-002	
7.75766	58.7522	378	0	2	3	3	2	2	8.88178e-016	0.	0.	0.	5.16667	0.	0.	1.	0.	0.	5.55556e-002	
7.77466	58.8211	379	0	2	3	3	2	2	0.	0.	0.	0.	5.22222	0.	0.	1.	0.	0.	5.55556e-002	
7.79068	62.4269	380	0	2	3	3	2	2	0.	0.	0.	0.	5.27778	0.	0.	1.	0.	0.	5.55556e-002	
7.80764	58.9645	381	0	2	3	3	2	2	0.	0.	0.	0.	5.33333	0.	0.	1.	0.	0.	5.55556e-002	
7.82464	58.7991	382	0	2	3	3	2	2	0.	0.	0.	0.	5.38889	0.	0.	1.	0.	0.	5.55556e-002	
7.84164	58.842	383	0	2	3	3	2	2	8.88178e-016	0.	0.	0.	5.44444	0.	0.	1.	0.	0.	5.55556e-002	
7.85866	58.7574	384	0	2	3	3	2	2	0.	0.	0.	0.	5.5	0.	0.	1.	0.	0.	5.55556e-002	
7.87464	62.5495	385	0	2	3	3	2	2	8.88178e-016	0.	0.	0.	5.55556	0.	0.	1.	0.	0.	5.55556e-002	
7.89066	62.4469	386	0	2	3	3	2	2	0.	0.	0.	0.	5.61111	0.	0.	1.	0.	0.	5.55556e-002	
7.90766	58.8012	387	0	2	3	3	2	2	0.	0.	0.	0.	5.66667	0.	0.	1.	0.	0.	5.55556e-002	
7.92465	58.8692	388	0	2	3	3	2	2	0.	0.	0.	0.	5.72222	0.	0.	1.	0.	0.	5.55556e-002	
7.94065	62.4988	389	0	2	3	3	2	2	0.	0.	0.	0.	5.83333	0.	0.	1.	0.	0.	5.55556e-002	
7.95767	58.7741	390	0	2	3	3	2	2	0.	0.	0.	0.	5.88889	0.	0.	1.	0.	0.	5.55556e-002	
7.97365	62.5661	391	0	2	3	3	2	2	8.88178e-016	0.	0.	0.	6.	0.	0.	1.	0.	0.	5.55556e-002	
7.99068	58.7043	392	0	2	3	3	2	2	0.	0.	0.	0.	6.05556	0.	0.	1.	0.	0.	5.55556e-002	
8.00763	59.0013	393	0	2	3	3	2	2	0.	0.	0.	0.	6.16667	0.	0.	1.	0.	0.	5.55556e-002	
8.02467	58.7054	394	0	2	3	3	2	2	0.	0.	0.	0.	6.22222	0.	0.	1.	0.	0.	5.55556e-002	
8.04165	58.8796	395	0	2	3	3	2	2	8.88178e-016	0.	0.	0.	6.33333	0.	0.	1.	0.	0.	5.55556e-002	
8.05867	58.7574	396	0	2	3	3	2	2	8.88178e-016	0.	0.	0.	6.38889	0.	0.	1.	0.	0.	5.55556e-002	
8.07467	62.5165	397	0	2	3	3	2	2	0.	0.	0.	0.	6.5	0.	0.	1.	0.	0.	5.55556e-002	
8.09167	58.7918	398	0	2	3	3	2	2	0.	0.	0.	0.	6.55556	0.	0.	1.	0.	0.	5.55556e-002	
8.10767	62.5318	399	0	2	3	3	2	2	0.	0.	0.	0.	6.66667	0.	0.	1.	0.	0.	5.55556e-002	
8.12466	58.8629	400	0	2	3	3	2	2	8.88178e-016	0.	0.	0.	6.72222	0.	0.	1.	0.	0.	5.55556e-002	
8.14065	62.5011	401	0	2	3	3	2	2	8.88178e-016	0.	0.	0.	6.83333	0.	0.	1.	0.	0.	5.55556e-002	
8.15766	58.8221	402	0	2	3	3	2	2	0.	0.	0.	0.	6.88889	0.	0.	1.	0.	0.	5.55556e-002	
8.17366	62.4764	403	0	2	3	3	2	2	0.	0.	0.	0.	7.	0.	0.	1.	0.	0.	5.55556e-002	
8.19067	58.8033	404	0	2	3	3	2	3	8.88178e-016	0.	0.	0.	7.11111	0.	0.	1.	0.	0.	5.55556e-002	
8.20765	58.8671	405	0	2	3	3	2	3	8.88178e-016	0.	0.	0.	7.16667	0.	0.	1.	0.	0.	5.55556e-002	
8.22467	58.7814	406	0	2	3	3	2	3	0.	0.	0.	0.	7.27778	0.	0.	1.	0.	0.	5.55556e-002	
8.24166	58.843	407	0	2	3	3	2	3	0.	0.	0.	0.	7.33333	0.	0.	1.	0.	0.	5.55556e-002	
8.25866	58.8221	408	0	2	3	3	2	3	0.	0.	0.	0.	7.44444	0.	0.	1.	0.	0.	5.55556e-002	
8.27566	58.8326	409	0	2	3	3	2	3	0.	0.	0.	0.	7.5	0.	0.	1.	0.	0.	5.55556e-002	
8.29166	62.4964	410	0	2	3	3	2	3	0.	0.	0.	0.	7.61111	0.	0.	1.	0.	0.	5.55556e-002	
8.30868	58.7376	411	0	2	3	3	2	3	8.88178e-016	0.	0.	0.	7.66667	0.	0.	1.	0.	0.	5.55556e-002	
8.32466	62.5862	412	0	2	3	3	2	3	8.88178e-016	0.	0.	0.	7.77778	0.	0.	1.	0.	0.	5.55556e-002	
8.34166	58.8326	413	0	2	3	3	2	3	0.	0.	0.	0.	7.83333	0.	0.	1.	0.	0.	5.55556e-002	
8.35766	62.487	414	0	2	3	3	2	3	0.	0.	0.	0.	7.94444	0.	0.	1.	0.	0.	5.55556e-002	
8.37468	58.7825	415	0	2	3	3	2	3	0.	0.	0.	0.	8.	0.	0.	1.	0.	0.	5.55556e-002	
8.39068	62.4634	416	0	2	3	3	2	3	0.	0.	0.	0.	8.11111	0.	0.	1.	0.	0.	5.55556e-002	
8.40766	58.8932	417	0	2	3	3	2	3	0.	0.	0.	0.	8.16667	0.	0.	1.	0.	0.	5.55556e-002	
8.42366	62.5047	418	0	2	3	3	2	3	0.	0.	0.	0.	8.27778	0.	0.	1.	0.	0.	5.55556e-002	
8.44067	58.8085	419	0	2	3	3	2	3	0.	0.	0.	0.	8.33333	0.	0.	1.	0.	0.	5.55556e-002	
8.45765	58.8744	420	0	2	3	3	2	3	0.	0.	0.	0.	8.44444	0.	0.	1.	0.	0.	5.55556e-002	
8.47373	62.2147	421	0	2	3	3	2	3	0.	0.	0.	0.	8.5	0.	0.	1.	0.	0.	5.55556e-002	
8.4907	58.9173	422	0	2	3	3	2	3	0.	0.	0.	0.	8.61111	0.	0.	1.	0.	0.	5.55556e-002	
8.50669	62.5365	423	0	2	3	3	2	3	0.	0.	0.	0.	8.66667	0.	0.	1.	0.	0.	5.55556e-002	
8.52367	58.8974	424	0	2	3	3	2	3	0.	0.	0.	0.	8.77778	0.	0.	1.	0.	0.	5.55556e-002	
8.54067	58.8127	425	0	2	3	3	2	3	0.	0.	0.	0.	8.83333	0.	0.	1.	0.	0.	5.55556e-002	
8.55668	62.4693	426	0	2	3	3	2	3	0.	0.	0.	0.	8.94444	0.	0.	1.	0.	0.	5.55556e-002	
8.57367	58.8556	427	0	2	3	3	2	3	0.	0.	0.	0.	9.	0.	0.	1.	0.	0.	5.55556e-002	
8.59073	58.6316	428	0	2	3	3	2	3	0.	0.	0.	0.	9.11111	0.	0.	1.	0.	0.	5.55556e-002	
8.60767	59.0107	429	0	2	3	3	2	3	0.	0.	0.	0.	9.16667	0.	0.	1.	0.	0.	5.55556e-002	
8.62469	58.7449	430	0	2	3	3	2	3	0.	0.	0.	0.	9.27778	0.	0.	1.	0.	0.	5.55556e-002	
8.6417	58.8221	431	0	2	3	3	2	3	0.	0.	0.	0.	9.33333	0.	0.	1.	0.	0.	5.55556e-002	
8.65868	58.8723	432	0	2	4	4	2	3	0.	0.	0.	0.	9.44444	0.	0.	1.	0.	0.	5.55556e-002	
8.6747	62.4399	433	0	3	4	4	3	3	0.	0.	0.	0.	9.5	0.	0.	1.	0.	0.	5.55556e-002	
8.6917	58.8106	434	0	3	4	4	3	3	1.77636e-015	0.	0.	0.	9.61111	0.	0.	1.	0.	0.	5.55556e-002	
8.7087	58.8273	435	0	3	4	4	3	3	0.	0.	0.	0.	9.66667	0.	0.	1.	0.	0.	5.55556e-002	
8.7247	62.4929	436	0	3	4	4	3	3	0.	0.	0.	0.	9.77778	0.	0.	1.	0.	0.	5.55556e-002	
8.74168	58.889	437	0	3	4	4	3	3	0.	0.	0.	0.	9.83333	0.	0.	1.	0.	0.	5.55556e-002	
8.7587	58.7553	438	0	3	4	4	3	3	1.77636e-015	0.	0.	0.	9.94444	0.	0.	1.	0.	0.	5.55556e-002	
8.7757	58.8242	439	0	3	4	4	3	3	0.	0.	0.	0.	10.	0.	0.	1.	0.	0.	5.55556e-002	
8.7927	58.8169	440	0	3	4	4	3	3	0.	0.	0.	0.	10.1111	0.	0.	1.	0.	0.	5.55556e-002	
8.80969	58.8838	441	0	3	4	4	3	3	0.	0.	0.	0.	10.2222	0.	0.	1.	0.	0.	5.55556e-002	
8.8257	62.4375	442	0	3	4	4	3	3	1.77636e-015	0.	0.	0.	10.2778	0.	0.	1.	0.	0.	5.55556e-002	
8.8417	62.4952	443	0	3	4	4	3	3	0.	0.	0.	0.	10.3333	0.	0.	1.	0.	0.	5.55556e-002	
8.85869	58.8733	444	0	3	4	4	3	3	1.77636e-015	0.	0.	0.	10.3889	0.	0.	1.	0.	0.	5.55556e-002	
8.87568	58.8378	445	0	3	4	4	3	3	0.	0.	0.	0.	10.4444	0.	0.	1.	0.	0.	5.55556e-002	
8.89169	62.487	446	0	3	4	4	3	3	1.77636e-015	0.	0.	0.	10.5	0.	0.	1.	0.	0.	5.55556e-002	
8.90872	58.7064	447	0	3	4	4	3	3	0.	0.	0.	0.	10.5556	0.	0.	1.	0.	0.	5.55556e-002	
8.92469	62.6216	448	0	3	4	4	3	3	0.	0.	0.	0.	10.6111	0.	0.	1.	0.	0.	5.55556e-002	
8.94171	58.7647	449	0	3	4	4	3	3	1.77636e-015	0.	0.	0.	10.6667	0.	0.	1.	0.	0.	5.55556e-002	
8.95772	62.4705	450	0	3	4	4	3	3	0.	0.	0.	0.	10.7222	0.	0.	1.	0.	0.	5.55556e-002	
8.97371	62.5129	451	0	3	4	4	3	3	0.	0.	0.	0.	10.7778	0.	0.	1.	0.	0.	5.55556e-002	
8.9907	58.8608	452	0	3	4	4	3	3	0.	0.	0.	0.	10.8333	0.	0.	1.	0.	0.	5.55556e-002	
9.00771	58.7918	453	0	3	4	4	3	3	0.	0.	0.	0.	10.8889	0.	0.	1.	0.	0.	5.55556e-002	
9.02469	58.8859	454	0	3	4	4	3	3	0.	0.	0.	0.	10.9444	0.	0.	1.	0.	0.	5.55556e-002	
9.04169	58.8294	455	0	3	4	4	3	3	0.	0.	0.	0.	11.	0.	0.	1.	0.	0.	5.55556e-002	
9.05871	58.7564	456	0	3	4	4	3	3	0.	0.	0.	0.	11.0556	0.	0.	1.	0.	0.	5.55556e-002	
9.07471	62.4846	457	0	3	4	4	3	3	0.	0.	0.	0.	11.1111	0.	0.	1.	0.	0.	5.55556e-002	
9.09172	58.8096	458	0	3	4	4	3	3	1.77636e-015	0.	0.	0.	11.1667	0.	0.	1.	0.	0.	5.55556e-002	
9.10772	62.507	459	0	3	4	4	3	3	0.	0.	0.	0.	11.2222	0.	0.	1.	0.	0.	5.55556e-002	
9.12369	62.5862	460	0	3	4	4	3	3	0.	0.	0.	0.	11.2778	0.	0.	1.	0.	0.	5.55556e-002	
9.14072	58.7501	461	0	3	4	4	3	3	0.	0.	0.	0.	11.3333	0.	0.	1.	0.	0.	5.55556e-002	
9.15772	58.8096	462	0	3	4	4	3	3	0.	0.	0.	0.	11.3889	0.	0.	1.	0.	0.	5.55556e-002	
9.1747	58.8807	463	0	3	4	4	3	3	0.	0.	0.	0.	11.4444	0.	0.	1.	0.	0.	5.55556e-002	
9.19172	58.7626	464	0	3	4	4	3	3	0.	0.	0.	0.	11.5	0.	0.	1.	0.	0.	5.55556e-002	
9.20873	58.7908	465	0	3	4	4	3	3	0.	0.	0.	0.	11.5556	0.	0.	1.	0.	0.	5.55556e-002	
9.22572	58.8472	466	0	3	4	4	3	3	0.	0.	0.	0.	11.6111	0.	0.	1.	0.	0.	5.55556e-002	
9.24172	62.5047	467	0	3	4	4	3	3	0.	0.	0.	0.	11.6667	0.	0.	1.	0.	0.	5.55556e-002	
9.2577	62.5755	468	0	3	4	4	3	4	0.	1.49012e-008	0.	0.	11.7778	0.	0.	1.	0.	0.	5.55556e-002	
9.27471	58.8085	469	0	3	4	4	3	4	0.	1.49012e-008	0.	0.	11.8333	0.	0.	1.	0.	0.	5.55556e-002	
9.29173	58.7564	470	0	3	4	4	3	4	0.	1.49012e-008	0.	0.	11.8889	0.	0.	1.	0.	0.	5.55556e-002	
9.30871	58.8869	471	0	3	4	4	3	4	0.	1.49012e-008	0.	0.	11.9444	0.	0.	1.	0.	0.	5.55556e-002	
9.32471	62.5094	472	0	3	4	4	3	4	0.	1.49012e-008	0.	0.	12.	0.	0.	1.	0.	0.	5.55556e-002	
9.3417	58.8305	473	0	3	4	4	3	4	0.	1.49012e-008	0.	0.	12.0556	0.	0.	1.	0.	0.	5.55556e-002	
9.35773	62.4105	474	0	3	4	4	3	4	0.	1.49012e-008	0.	0.	12.1111	0.	0.	1.	0.	0.	5.55556e-002	
9.37471	58.8765	475	0	3	4	4	3	4	0.	1.49012e-008	0.	0.	12.1667	0.	0.	1.	0.	0.	5.55556e-002	
9.39173	58.7606	476	0	3	4	4	3	4	0.	1.49012e-008	0.	0.	12.2778	0.	0.	1.	0.	0.	5.55556e-002	
9.40871	58.8859	477	0	3	4	4	3	4	0.	1.49012e-008	0.	0.	12.3333	0.	0.	1.	0.	0.	5.55556e-002	
9.42473	62.4328	478	0	3	4	4	3	4	1.77636e-015	1.49012e-008	0.	0.	12.3889	0.	0.	1.	0.	0.	5.55556e-002	
9.44171	58.8932	479	0	3	4	4	3	4	0.	1.49012e-008	0.	0.	12.4444	0.	0.	1.	0.	0.	5.55556e-002	
9.45872	58.7971	480	0	3	4	4	3	4	0.	1.49012e-008	0.	0.	12.5556	0.	0.	1.	0.	0.	5.55556e-002	
9.47572	58.8242	481	0	3	4	4	3	4	1.77636e-015	1.49012e-008	0.	0.	12.6111	0.	0.	1.	0.	0.	5.55556e-002	
9.49174	62.4258	482	0	3	4	4	3	4	0.	1.49012e-008	0.	0.	12.6667	0.	0.	1.	0.	0.	5.55556e-002	
9.50873	58.8263	483	0	3	4	4	3	4	0.	1.49012e-008	0.	0.	12.7222	0.	0.	1.	0.	0.	5.55556e-002	
9.52471	62.5779	484	0	3	4	4	3	4	0.	1.49012e-008	0.	0.	12.7778	0.	0.	1.	0.	0.	5.55556e-002	
9.54173	58.7585	485	0	3	4	4	3	4	0.	1.49012e-008	0.	0.	12.8333	0.	0.	1.	0.	0.	5.55556e-002	
9.55774	62.4905	486	0	3	4	4	3	4	0.	1.49012e-008	0.	0.	12.8889	0.	0.	1.	0.	0.	5.55556e-002	
9.57472	58.8754	487	0	3	4	4	3	4	0.	1.49012e-008	0.	0.	12.9444	0.	0.	1.	0.	0.	5.55556e-002	
9.59174	58.7626	488	0	3	4	4	3	4	1.77636e-015	1.49012e-008	0.	0.	13.0556	0.	0.	1.	0.	0.	5.55556e-002	
9.60873	58.8451	489	0	3	4	4	3	4	0.	1.49012e-008	0.	0.	13.1111	0.	0.	1.	0.	0.	5.55556e-002	
9.62472	62.5507	490	0	3	4	4	3	4	1.77636e-015	1.49012e-008	0.	0.	13.1667	0.	0.	1.	0.	0.	5.55556e-002	
9.64176	58.6752	491	0	3	4	4	3	4	0.	1.49012e-008	0.	0.	13.2222	0.	0.	1.	0.	0.	5.55556e-002	
9.65772	62.6714	492	0	3	4	4	3	4	0.	1.49012e-008	0.	0.	13.3333	0.	0.	1.	0.	0.	5.55556e-002	
9.67474	58.7439	493	0	3	4	4	3	4	0.	1.49012e-008	0.	0.	13.3889	0.	0.	1.	0.	0.	5.55556e-002	
9.69072	62.5743	494	0	3	4	4	3	4	0.	1.49012e-008	0.	0.	13.4444	0.	0.	1.	0.	0.	5.55556e-002	
9.70774	58.7501	495	0	3	4	4	3	4	0.	1.49012e-008	0.	0.	13.5	0.	0.	1.	0.	0.	5.55556e-002	
9.72373	62.5743	496	0	3	4	4	3	4	0.	1.49012e-008	0.	0.	13.5556	0.	0.	1.	0.	0.	5.55556e-002	
9.74075	58.7355	497	0	3	4	4	3	4	0.	1.49012e-008	0.	0.	13.6111	0.	0.	1.	0.	0.	5.55556e-002	
9.75776	58.7845	498	0	3	4	4	3	4	0.	1.49012e-008	0.	0.	13.6667	0.	0.	1.	0.	0.	5.55556e-002	
9.77473	58.9372	499	0	3	4	4	3	4	0.	1.49012e-008	0.	0.	13.7222	0.	0.	1.	0.	0.	5.55556e-002	
9.79175	58.7606	500	0	3	4	4	3	4	0.	1.49012e-008	0.	0.	13.7778	0.	0.	1.	0.	0.	5.55556e-002	
9.80875	58.8294	501	0	3	4	4	3	4	0.	1.49012e-008	0.	0.	13.8333	0.	0.	1.	0.	0.	5.55556e-002	
9.82573	58.8922	502	0	3	4	4	3	4	0.	1.49012e-008	0.	0.	13.8889	0.	0.	1.	0.	0.	5.55556e-002	
9.84273	58.8054	503	0	3	5	5	3	4	0.	1.49012e-008	0.	0.	13.9444	0.	0.	1.	0.	0.	5.55556e-002	
9.85973	58.8347	504	0	3	5	5	3	4	0.	1.49012e-008	0.	0.	14.	0.	0.	1.	0.	0.	5.55556e-002	
9.87673	58.8096	505	0	4	5	5	4	4	0.	1.49012e-008	0.	0.	14.1111	0.	0.	1.	0.	0.	5.55556e-002	
9.89374	58.8106	506	0	4	5	5	4	4	1.77636e-015	1.49012e-008	0.	0.	14.1667	0.	0.	1.	0.	0.	5.55556e-002	
9.90973	62.52	507	0	4	5	5	4	4	1.77636e-015	1.49012e-008	0.	0.	14.2222	0.	0.	1.	0.	0.	5.55556e-002	
9.92573	62.5	508	0	4	5	5	4	4	1.77636e-015	1.49012e-008	0.	0.	14.2778	0.	0.	1.	0.	0.	5.55556e-002	
9.94173	62.4976	509	0	4	5	5	4	4	1.77636e-015	1.49012e-008	0.	0.	14.3889	0.	0.	1.	0.	0.	5.55556e-002	
9.95875	58.7428	510	0	4	5	5	4	4	0.	1.49012e-008	0.	0.	14.4444	0.	0.	1.	0.	0.	5.55556e-002	
9.97575	58.8221	511	0	4	5	5	4	4	1.77636e-015	1.49012e-008	0.	0.	14.5	0.	0.	1.	0.	0.	5.55556e-002	
9.99275	58.8535	512	0	4	5	5	4	4	0.	1.49012e-008	0.	0.	14.5556	0.	0.	1.	0.	0.	5.55556e-002	
10.0087	62.5413	513	0	4	5	5	4	4	1.77636e-015	1.49012e-008	0.	0.	14.6111	0.	0.	1.	0.	0.	5.55556e-002	
10.0258	58.7501	514	0	4	5	5	4	4	0.	1.49012e-008	0.	0.	14.6667	0.	0.	1.	0.	0.	5.55556e-002	
10.0427	58.8869	515	0	4	5	5	4	4	0.	1.49012e-008	0.	0.	14.7222	0.	0.	1.	0.	0.	5.55556e-002	
10.0587	62.487	516	0	4	5	5	4	4	1.77636e-015	1.49012e-008	0.	0.	14.8333	0.	0.	1.	0.	0.	5.55556e-002	
10.0757	58.8367	517	0	4	5	5	4	4	1.77636e-015	1.49012e-008	0.	0.	14.8889	0.	0.	1.	0.	0.	5.55556e-002	
10.0917	62.4882	518	0	4	5	5	4	4	1.77636e-015	1.49012e-008	0.	0.	14.9444	0.	0.	1.	0.	0.	5.55556e-002	
10.1087	58.795	519	0	4	5	5	4	4	0.	1.49012e-008	0.	0.	15.	0.	0.	1.	0.	0.	5.55556e-002	
10.1257	58.8587	520	0	4	5	5	4	4	1.77636e-015	1.49012e-008	0.	0.	15.0556	0.	0.	1.	0.	0.	5.55556e-002	
10.1427	58.7908	521	0	4	5	5	4	4	0.	1.49012e-008	0.	0.	15.1667	0.	0.	1.	0.	0.	5.55556e-002	
10.1588	62.4493	522	0	4	5	5	4	4	0.	1.49012e-008	0.	0.	15.2222	0.	0.	1.	0.	0.	5.55556e-002	
10.1758	58.8106	523	0	4	5	5	4	4	0.	1.49012e-008	0.	0.	15.3333	0.	0.	1.	0.	0.	5.55556e-002	
10.1928	58.8294	524	0	4	5	5	4	4	1.77636e-015	1.49012e-008	0.	0.	15.3889	0.	0.	1.	0.	0.	5.55556e-002	
10.2087	62.5838	525	0	4	5	5	4	4	0.	1.49012e-008	0.	0.	15.4444	0.	0.	1.	0.	0.	5.55556e-002	
10.2257	58.8085	526	0	4	5	5	4	4	0.	1.49012e-008	0.	0.	15.5556	0.	0.	1.	0.	0.	5.55556e-002	
10.2428	58.796	527	0	4	5	5	4	4	0.	1.49012e-008	0.	0.	15.6111	0.	0.	1.	0.	0.	5.55556e-002	
10.2598	58.7825	528	0	4	5	5	4	4	0.	1.49012e-008	0.	0.	15.6667	0.	0.	1.	0.	0.	5.55556e-002	
10.2768	58.8232	529	0	4	5	5	4	4	0.	1.49012e-008	0.	0.	15.7222	0.	0.	1.	0.	0.	5.55556e-002	
10.2928	62.4693	530	0	4	5	5	4	4	1.77636e-015	1.49012e-008	0.	0.	15.8333	0.	0.	1.	0.	0.	5.55556e-002	
10.3098	58.8294	531	0	4	5	5	4	4	0.	1.49012e-008	0.	0.	15.8889	0.	0.	1.	0.	0.	5.55556e-002	
10.3268	58.6627	532	0	4	5	5	4	4	1.77636e-015	1.49012e-008	0.	0.	15.9444	0.	0.	1.	0.	0.	5.55556e-002	
10.3438	59.0633	533	0	4	5	5	4	4	0.	1.49012e-008	0.	0.	16.0556	0.	0.	1.	0.	0.	5.55556e-002	
10.3608	58.5642	534	0	4	5	5	4	4	0.	1.49012e-008	0.	0.	16.1111	0.	0.	1.	0.	0.	5.55556e-002	
10.3778	58.8587	535	0	4	5	5	4	4	0.	1.49012e-008	0.	0.	16.1667	0.	0.	1.	0.	0.	5.55556e-002	
10.3948	58.9813	536	0	4	5	5	4	5	0.	0.	0.	0.	16.2778	0.	0.	1.	0.	0.	5.55556e-002	
10.4118	58.559	537	0	4	5	5	4	5	0.	0.	0.	0.	16.3333	0.	0.	1.	0.	0.	5.55556e-002	
10.4288	59.1466	538	0	4	5	5	4	5	0.	0.	0.	0.	16.4444	0.	0.	1.	0.	0.	5.55556e-002	
10.4458	58.8106	539	0	4	5	5	4	5	0.	0.	0.	0.	16.5	0.	0.	1.	0.	0.	5.55556e-002	
10.4619	62.1097	540	0	4	5	5	4	5	0.	0.	0.	0.	16.5556	0.	0.	1.	0.	0.	5.55556e-002	
10.4788	59.0812	541	0	4	5	5	4	5	0.	0.	0.	0.	16.6111	0.	0.	1.	0.	0.	5.55556e-002	
10.4948	62.6039	542	0	4	5	5	4	5	0.	0.	0.	0.	16.6667	0.	0.	1.	0.	0.	5.55556e-002	
10.5108	62.4199	543	0	4	5	5	4	5	0.	0.	0.	0.	16.7222	0.	0.	1.	0.	0.	5.55556e-002	
10.5268	62.5684	544	0	4	5	5	4	5	0.	0.	0.	0.	16.7778	0.	0.	1.	0.	0.	5.55556e-002	
10.5428	62.4941	545	0	4	5	5	4	5	0.	0.	0.	0.	16.8333	0.	0.	1.	0.	0.	5.55556e-002	
10.5588	62.441	546	0	4	5	5	4	5	0.	0.	0.	0.	16.9444	0.	0.	1.	0.	0.	5.55556e-002	
10.5758	58.8399	547	0	4	5	5	4	5	0.	0.	0.	0.	17.	0.	0.	1.	0.	0.	5.55556e-002	
10.5928	58.7658	548	0	4	5	5	4	5	0.	0.	0.	0.	17.1111	0.	0.	1.	0.	0.	5.55556e-002	
10.6098	58.7522	549	0	4	5	5	4	5	0.	0.	0.	0.	17.1667	0.	0.	1.	0.	0.	5.55556e-002	
10.6268	58.933	550	0	4	5	5	4	5	0.	0.	0.	0.	17.2222	0.	0.	1.	0.	0.	5.55556e-002	
10.6428	62.4128	551	0	4	5	5	4	5	0.	0.	0.	0.	17.2778	0.	0.	1.	0.	0.	5.55556e-002	
10.6588	62.347	552	0	4	5	5	4	5	0.	0.	0.	0.	17.3333	0.	0.	1.	0.	0.	5.55556e-002	
10.6758	58.8639	553	0	4	5	5	4	5	0.	0.	0.	0.	17.4444	0.	0.	1.	0.	0.	5.55556e-002	
10.6928	58.8964	554	0	4	5	5	4	5	0.	0.	0.	0.	17.5	0.	0.	1.	0.	0.	5.55556e-002	
10.7098	58.8461	555	0	4	5	5	4	5	0.	0.	0.	0.	17.5556	0.	0.	1.	0.	0.	5.55556e-002	
10.7258	62.643	556	0	4	5	5	4	5	0.	0.	0.	0.	17.6667	0.	0.	1.	0.	0.	5.55556e-002	
10.7418	62.4882	557	0	4	5	5	4	5	0.	0.	0.	0.	17.7222	0.	0.	1.	0.	0.	5.55556e-002	
10.7578	62.533	558	0	4	5	5	4	5	0.	0.	0.	0.	17.7778	0.	0.	1.	0.	0.	5.55556e-002	
10.7748	58.7064	559	0	4	5	5	4	5	0.	0.	0.	0.	17.8333	0.	0.	1.	0.	0.	5.55556e-002	
10.7918	58.8211	560	0	4	5	5	4	5	0.	0.	0.	0.	17.8889	0.	0.	1.	0.	0.	5.55556e-002	
10.8088	58.8911	561	0	4	5	5	4	5	0.	0.	0.	0.	17.9444	0.	0.	1.	0.	0.	5.55556e-002	
10.8248	62.4941	562	0	4	5	5	4	5	0.	0.	0.	0.	18.	0.	0.	1.	0.	0.	5.55556e-002	
10.8408	62.4905	563	0	4	5	5	4	5	0.	0.	0.	0.	18.0556	0.	0.	1.	0.	0.	5.55556e-002	
10.8578	58.7689	564	0	4	5	5	4	5	0.	0.	0.	0.	18.1111	0.	0.	1.	0.	0.	5.55556e-002	
10.8738	62.4199	565	0	4	5	5	4	5	0.	0.	0.	0.	18.1667	0.	0.	1.	0.	0.	5.55556e-002	
10.8908	58.8817	566	0	4	5	5	4	5	0.	0.	0.	0.	18.2222	0.	0.	1.	0.	0.	5.55556e-002	
10.9078	58.8284	567	0	4	5	5	4	5	0.	0.	0.	0.	18.2778	0.	0.	1.	0.	0.	5.55556e-002	
10.9238	62.5826	568	0	4	5	5	4	5	0.	0.	0.	0.	18.3333	0.	0.	1.	0.	0.	5.55556e-002	
10.9408	58.8096	569	0	4	6	6	4	5	0.	0.	0.	0.	18.3889	0.	0.	1.	0.	0.	5.55556e-002	
10.9578	58.7324	570	0	4	6	6	4	5	0.	0.	0.	0.	18.4444	0.	0.	1.	0.	0.	5.55556e-002	
10.9738	62.5944	571	0	4	6	6	4	5	0.	0.	0.	0.	18.5	0.	0.	1.	0.	0.	5.55556e-002	
10.9908	58.8221	572	0	4	6	6	4	5	0.	0.	0.	0.	18.5556	0.	0.	1.	0.	0.	5.55556e-002	
11.0078	58.7866	573	0	4	6	6	4	5	0.	0.	0.	0.	18.6111	0.	0.	1.	0.	0.	5.55556e-002	
11.0248	58.7929	574	0	5	6	6	5	5	0.	0.	0.	0.	18.6667	0.	0.	1.	0.	0.	5.55556e-002	
11.0408	62.5684	575	0	5	6	6	5	5	0.	0.	0.	0.	18.7222	0.	0.	1.	0.	0.	5.55556e-002	
11.0578	58.7564	576	0	5	6	6	5	5	0.	0.	0.	0.	18.7778	0.	0.	1.	0.	0.	5.55556e-002	
11.0748	58.819	577	0	5	6	6	5	5	0.	0.	0.	0.	18.8333	0.	0.	1.	0.	0.	5.55556e-002	
11.0908	62.5743	578	0	5	6	6	5	5	0.	0.	0.	0.	18.8889	0.	0.	1.	0.	0.	5.55556e-002	
11.1078	58.7522	579	0	5	6	6	5	5	0.	0.	0.	0.	18.9444	0.	0.	1.	0.	0.	5.55556e-002	
11.1248	58.7418	580	0	5	6	6	5	5	0.	0.	0.	0.	19.	0.	0.	1.	0.	0.	5.55556e-002	
11.1408	62.6536	581	0	5	6	6	5	5	3.55271e-015	0.	0.	0.	19.0556	0.	0.	1.	0.	0.	5.55556e-002	
11.1578	58.7679	582	0	5	6	6	5	5	0.	0.	0.	0.	19.1111	0.	0.	1.	0.	0.	5.55556e-002	
11.1748	58.819	583	0	5	6	6	5	5	0.	0.	0.	0.	19.1667	0.	0.	1.	0.	0.	5.55556e-002	
11.1918	58.8179	584	0	5	6	6	5	5	0.	0.	0.	0.	19.2222	0.	0.	1.	0.	0.	5.55556e-002	
11.2088	58.9026	585	0	5	6	6	5	5	3.55271e-015	0.	0.	0.	19.2778	0.	0.	1.	0.	0.	5.55556e-002	
11.2258	58.7366	586	0	5	6	6	5	5	0.	0.	0.	0.	19.3889	0.	0.	1.	0.	0.	5.55556e-002	
11.2418	62.5862	587	0	5	6	6	5	5	0.	0.	0.	0.	19.4444	0.	0.	1.	0.	0.	5.55556e-002	
11.2578	62.4988	588	0	5	6	6	5	5	0.	0.	0.	0.	19.5556	0.	0.	1.	0.	0.	5.55556e-002	
11.2748	58.7449	589	0	5	6	6	5	5	3.55271e-015	0.	0.	0.	19.6111	0.	0.	1.	0.	0.	5.55556e-002	
11.2918	58.8179	590	0	5	6	6	5	5	0.	0.	0.	0.	19.6667	0.	0.	1.	0.	0.	5.55556e-002	
11.3088	58.8326	591	0	5	6	6	5	5	0.	0.	0.	0.	19.7222	0.	0.	1.	0.	0.	5.55556e-002	
11.3258	58.8535	592	0	5	6	6	5	5	0.	0.	0.	0.	19.7778	0.	0.	1.	0.	0.	5.55556e-002	
11.3418	62.5401	593	0	5	6	6	5	5	3.55271e-015	0.	0.	0.	19.8333	0.	0.	1.	0.	0.	5.55556e-002	
11.3578	62.4105	594	0	5	6	6	5	5	0.	0.	0.	0.	19.8889	0.	0.	1.	0.	0.	5.55556e-002	
11.3738	62.5731	595	0	5	6	6	5	5	0.	0.	0.	0.	19.9444	0.	0.	1.	0.	0.	5.55556e-002	
11.3898	62.3952	596	0	5	6	6	5	5	0.	0.	0.	0.	20.	0.	0.	1.	0.	0.	5.55556e-002	
11.4068	58.9047	597	0	5	6	6	5	5	0.	0.	0.	0.	20.1111	0.	0.	1.	0.	0.	5.55556e-002	
11.4238	58.8242	598	0	5	6	6	5	5	0.	0.	0.	0.	20.1667	0.	0.	1.	0.	0.	5.55556e-002	
11.4398	62.5117	599	0	5	6	6	5	5	0.	0.	0.	0.	20.2222	0.	0.	1.	0.	0.	5.55556e-002	
11.4568	58.796	600	0	5	6	6	5	5	0.	0.	0.	0.	20.2778	0.	0.	1.	0.	0.	5.55556e-002	
11.4739	58.6492	601	0	5	6	6	5	5	0.	0.	0.	0.	20.3333	0.	0.	1.	0.	0.	5.55556e-002	
11.4902	61.3199	602	0	5	6	6	5	5	3.55271e-015	0.	0.	0.	20.3889	0.	0.	1.	0.	0.	5.55556e-002	
11.5068	59.9668	603	0	5	6	6	5	5	0.	0.	0.	0.	20.4444	0.	0.	1.	0.	0.	5.55556e-002	
11.5238	58.9551	604	0	5	6	6	5	5	0.	0.	0.	0.	20.5	0.	0.	1.	0.	0.	5.55556e-002	
11.5408	58.7887	605	0	5	6	6	5	5	3.55271e-015	0.	0.	0.	20.6111	0.	0.	1.	0.	0.	5.55556e-002	
11.5568	62.5259	606	0	5	6	6	5	5	3.55271e-015	0.	0.	0.	20.6667	0.	0.	1.	0.	0.	5.55556e-002	
11.5738	58.8211	607	0	5	6	6	5	5	0.	0.	0.	0.	20.7222	0.	0.	1.	0.	0.	5.55556e-002	
11.5898	62.394	608	0	5	6	6	5	6	0.	0.	0.	0.	20.7778	0.	0.	1.	0.	0.	5.55556e-002	
11.6068	58.911	609	0	5	6	6	5	6	0.	0.	0.	0.	20.8333	0.	0.	1.	0.	0.	5.55556e-002	
11.6228	62.4011	610	0	5	6	6	5	6	0.	0.	0.	0.	20.9444	0.	0.	1.	0.	0.	5.55556e-002	
11.6398	58.8461	611	0	5	6	6	5	6	0.	0.	0.	0.	21.	0.	0.	1.	0.	0.	5.55556e-002	
11.6568	58.8336	612	0	5	6	6	5	6	0.	0.	0.	0.	21.0556	0.	0.	1.	0.	0.	5.55556e-002	
11.6738	58.7387	613	0	5	6	6	5	6	0.	0.	0.	0.	21.1111	0.	0.	1.	0.	0.	5.55556e-002	
11.6898	62.7011	614	0	5	6	6	5	6	0.	0.	0.	0.	21.1667	0.	0.	1.	0.	0.	5.55556e-002	
11.7069	58.587	615	0	5	6	6	5	6	0.	0.	0.	0.	21.2222	0.	0.	1.	0.	0.	5.55556e-002	
11.7238	59.0044	616	0	5	6	6	5	6	0.	0.	0.	0.	21.2778	0.	0.	1.	0.	0.	5.55556e-002	
11.7408	58.7251	617	0	5	6	6	5	6	0.	0.	0.	0.	21.3333	0.	0.	1.	0.	0.	5.55556e-002	
11.7568	62.598	618	0	5	6	6	5	6	0.	0.	0.	0.	21.3889	0.	0.	1.	0.	0.	5.55556e-002	
11.7738	58.7574	619	0	5	6	6	5	6	0.	0.	0.	0.	21.4444	0.	0.	1.	0.	0.	5.55556e-002	
11.7908	58.8023	620	0	5	6	6	5	6	0.	0.	0.	0.	21.5	0.	0.	1.	0.	0.	5.55556e-002	
11.8068	62.6027	621	0	5	6	6	5	6	0.	0.	0.	0.	21.5556	0.	0.	1.	0.	0.	5.55556e-002	
11.8238	58.7772	622	0	5	6	6	5	6	0.	0.	0.	0.	21.6111	0.	0.	1.	0.	0.	5.55556e-002	
11.8408	58.8608	623	0	5	6	6	5	6	0.	0.	0.	0.	21.6667	0.	0.	1.	0.	0.	5.55556e-002	
11.8578	58.8284	624	0	5	6	6	5	6	0.	0.	0.	0.	21.7222	0.	0.	1.	0.	0.	5.55556e-002	
11.8748	58.7533	625	0	5	6	6	5	6	0.	0.	0.	0.	21.7778	0.	0.	1.	0.	0.	5.55556e-002	
11.8918	58.8985	626	0	5	6	6	5	6	0.	0.	0.	0.	21.8333	0.	0.	1.	0.	0.	5.55556e-002	
11.9088	58.747	627	0	5	6	6	5	6	0.	0.	0.	0.	21.8889	0.	0.	1.	0.	0.	5.55556e-002	
11.9258	58.82	628	0	5	6	6	5	6	0.	0.	0.	0.	21.9444	0.	0.	1.	0.	0.	5.55556e-002	
11.9418	62.4964	629	0	5	6	6	5	6	0.	0.	0.	0.	22.	0.	0.	1.	0.	0.	5.55556e-002	
11.9588	58.8065	630	0	5	6	6	5	6	0.	0.	0.	0.	22.0556	0.	0.	1.	0.	0.	5.55556e-002	
11.9758	58.9131	631	0	5	6	6	5	6	0.	0.	0.	0.	22.1111	0.	0.	1.	0.	0.	5.55556e-002	
11.9918	62.4093	632	0	5	6	6	5	6	0.	0.	0.	0.	22.1667	0.	0.	1.	0.	0.	5.55556e-002	
12.0088	58.819	633	0	5	6	6	5	6	0.	0.	0.	0.	22.2222	0.	0.	1.	0.	0.	5.55556e-002	
12.0248	62.4893	634	0	5	6	6	5	6	0.	0.	0.	0.	22.2778	0.	0.	1.	0.	0.	5.55556e-002	
12.0418	58.8242	635	0	5	6	6	5	6	0.	0.	0.	0.	22.3333	0.	0.	1.	0.	0.	5.55556e-002	
12.0588	58.8347	636	0	5	6	6	5	6	0.	0.	0.	0.	22.3889	0.	0.	1.	0.	0.	5.55556e-002	
12.0758	58.8786	637	0	5	6	6	5	6	0.	0.	0.	0.	22.4444	0.	0.	1.	0.	0.	5.55556e-002	
12.0919	62.4058	638	0	5	6	6	5	6	0.	0.	0.	0.	22.5	0.	0.	1.	0.	0.	5.55556e-002	
12.1088	58.8869	639	0	5	6	6	5	6	0.	0.	0.	0.	22.5556	0.	0.	1.	0.	0.	5.55556e-002	
12.1259	58.6254	640	0	5	6	6	5	6	0.	0.	0.	0.	22.6667	0.	0.	1.	0.	0.	5.55556e-002	
12.1428	58.9845	641	0	5	6	6	5	6	0.	0.	0.	0.	22.7222	0.	0.	1.	0.	0.	5.55556e-002	
12.1599	58.67	642	0	5	7	7	5	6	0.	0.	0.	0.	22.8333	0.	0.	1.	0.	0.	5.55556e-002	
12.1769	58.8995	643	0	5	7	7	5	6	0.	0.	0.	0.	22.8889	0.	0.	1.	0.	0.	5.55556e-002	
12.1929	62.5625	644	0	5	7	7	5	6	0.	0.	0.	0.	23.	0.	0.	1.	0.	0.	5.55556e-002	
12.2089	62.394	645	0	5	7	7	5	6	3.55271e-015	0.	0.	0.	23.0556	0.	0.	1.	0.	0.	5.55556e-002	
12.2259	58.7637	646	0	6	7	7	6	6	0.	0.	0.	0.	23.1667	0.	0.	1.	0.	0.	5.55556e-002	
12.2429	58.9068	647	0	6	7	7	6	6	0.	0.	0.	0.	23.2222	0.	0.	1.	0.	0.	5.55556e-002	
12.2598	58.9467	648	0	6	7	7	6	6	0.	0.	0.	0.	23.3333	0.	0.	1.	0.	0.	5.55556e-002	
12.2769	58.7408	649	0	6	7	7	6	6	0.	0.	0.	0.	23.3889	0.	0.	1.	0.	0.	5.55556e-002	
12.2938	58.8587	650	0	6	7	7	6	6	0.	0.	0.	0.	23.5	0.	0.	1.	0.	0.	5.55556e-002	
12.3099	62.265	651	0	6	7	7	6	6	0.	0.	0.	0.	23.5556	0.	0.	1.	0.	0.	5.55556e-002	
12.3269	59.016	652	0	6	7	7	6	6	0.	0.	0.	0.	23.6667	0.	0.	1.	0.	0.	5.55556e-002	
12.3438	58.8775	653	0	6	7	7	6	6	0.	0.	0.	0.	23.7222	0.	0.	1.	0.	0.	5.55556e-002	
12.3609	58.7658	654	0	6	7	7	6	6	0.	0.	0.	0.	23.8333	0.	0.	1.	0.	0.	5.55556e-002	
12.3779	58.8284	655	0	6	7	7	6	6	0.	0.	0.	0.	23.8889	0.	0.	1.	0.	0.	5.55556e-002	
12.3949	58.8012	656	0	6	7	7	6	6	0.	0.	0.	0.	24.	0.	0.	1.	0.	0.	5.55556e-002	
12.4118	58.8796	657	0	6	7	7	6	6	3.55271e-015	0.	0.	0.	24.0556	0.	0.	1.	0.	0.	5.55556e-002	
12.4288	58.8284	658	0	6	7	7	6	6	0.	0.	0.	0.	24.1667	0.	0.	1.	0.	0.	5.55556e-002	
12.4459	58.7543	659	0	6	7	7	6	6	0.	0.	0.	0.	24.2222	0.	0.	1.	0.	0.	5.55556e-002	
12.4618	62.5968	660	0	6	7	7	6	6	3.55271e-015	0.	0.	0.	24.3333	0.	0.	1.	0.	0.	5.55556e-002	
12.4788	58.7825	661	0	6	7	7	6	6	3.55271e-015	0.	0.	0.	24.3889	0.	0.	1.	0.	0.	5.55556e-002	
12.4959	58.7991	662	0	6	7	7	6	6	0.	0.	0.	0.	24.5	0.	0.	1.	0.	0.	5.55556e-002	
12.5128	58.866	663	0	6	7	7	6	6	0.	0.	0.	0.	24.5556	0.	0.	1.	0.	0.	5.55556e-002	
12.5293	60.5986	664	0	6	7	7	6	6	0.	0.	0.	0.	24.6667	0.	0.	1.	0.	0.	5.55556e-002	
12.5458	60.5964	665	0	6	7	7	6	6	3.55271e-015	0.	0.	0.	24.7222	0.	0.	1.	0.	0.	5.55556e-002	
12.5629	58.82	666	0	6	7	7	6	6	3.55271e-015	0.	0.	0.	24.8333	0.	0.	1.	0.	0.	5.55556e-002	
12.5799	58.7543	667	0	6	7	7	6	6	0.	0.	0.	0.	24.8889	0.	0.	1.	0.	0.	5.55556e-002	
12.5969	58.8221	668	0	6	7	7	6	6	0.	0.	0.	0.	25.	0.	0.	1.	0.	0.	5.55556e-002	
12.6138	58.8995	669	0	6	7	7	6	6	0.	0.	0.	0.	25.0556	0.	0.	1.	0.	0.	5.55556e-002	
12.6309	58.7439	670	0	6	7	7	6	7	0.	0.	0.	0.	25.1667	0.	0.	1.	0.	0.	5.55556e-002	
12.6469	62.5601	671	0	6	7	7	6	7	0.	0.	0.	0.	25.2778	0.	0.	1.	0.	0.	5.55556e-002	
12.6639	58.8378	672	0	6	7	7	6	7	0.	0.	0.	0.	25.3333	0.	0.	1.	0.	0.	5.55556e-002	
12.6809	58.8169	673	0	6	7	7	6	7	0.	0.	0.	0.	25.4444	0.	0.	1.	0.	0.	5.55556e-002	
12.6969	62.4799	674	0	6	7	7	6	7	0.	0.	0.	0.	25.5556	0.	0.	1.	0.	0.	5.55556e-002	
12.7129	62.5176	675	0	6	7	7	6	7	0.	0.	0.	0.	25.6667	0.	0.	1.	0.	0.	5.55556e-002	
12.7299	58.7397	676	0	6	7	7	6	7	3.55271e-015	0.	0.	0.	25.7222	0.	0.	1.	0.	0.	5.55556e-002	
12.7469	58.8859	677	0	6	7	7	6	7	0.	0.	0.	0.	25.7778	0.	0.	1.	0.	0.	5.55556e-002	
12.7629	62.5117	678	0	6	7	7	6	7	0.	0.	0.	0.	25.8333	0.	0.	1.	0.	0.	5.55556e-002	
12.7799	58.8221	679	0	6	7	7	6	7	0.	0.	0.	0.	25.8889	0.	0.	1.	0.	0.	5.55556e-002	
12.7959	62.4988	680	0	6	7	7	6	7	0.	0.	0.	0.	25.9444	0.	0.	1.	0.	0.	5.55556e-002	
12.8129	58.7626	681	0	6	7	7	6	7	0.	0.	0.	0.	26.	0.	0.	1.	0.	0.	5.55556e-002	
12.8299	58.8807	682	0	6	7	7	6	7	0.	0.	0.	0.	26.0556	0.	0.	1.	0.	0.	5.55556e-002	
12.8458	62.5566	683	0	6	7	7	6	7	0.	0.	0.	0.	26.1111	0.	0.	1.	0.	0.	5.55556e-002	
12.8619	62.4458	684	0	6	7	7	6	7	0.	0.	0.	0.	26.1667	0.	0.	1.	0.	0.	5.55556e-002	
12.8789	58.7522	685	0	6	7	7	6	7	0.	0.	0.	0.	26.2222	0.	0.	1.	0.	0.	5.55556e-002	
12.8949	62.5566	686	0	6	7	7	6	7	0.	0.	0.	0.	26.2778	0.	0.	1.	0.	0.	5.55556e-002	
12.9119	58.7835	687	0	6	7	7	6	7	0.	0.	0.	0.	26.3333	0.	0.	1.	0.	0.	5.55556e-002	
12.9289	58.8639	688	0	6	7	7	6	7	0.	0.	0.	0.	26.3889	0.	0.	1.	0.	0.	5.55556e-002	
12.9459	58.8273	689	0	6	7	7	6	7	0.	0.	0.	0.	26.4444	0.	0.	1.	0.	0.	5.55556e-002	
12.9629	58.819	690	0	6	7	7	6	7	3.55271e-015	0.	0.	0.	26.5	0.	0.	1.	0.	0.	5.55556e-002	
12.9789	62.474	691	0	6	7	7	6	7	0.	0.	0.	0.	26.5556	0.	0.	1.	0.	0.	5.55556e-002	
12.9959	58.7741	692	0	6	7	7	6	7	0.	0.	0.	0.	26.6111	0.	0.	1.	0.	0.	5.55556e-002	
13.0119	62.5637	693	0	6	7	7	6	7	0.	0.	0.	0.	26.6667	0.	0.	1.	0.	0.	5.55556e-002	
13.0289	58.8315	694	0	6	7	7	6	7	0.	0.	0.	0.	26.7222	0.	0.	1.	0.	0.	5.55556e-002	
13.0459	58.8692	695	0	6	7	7	6	7	0.	0.	0.	0.	26.7778	0.	0.	1.	0.	0.	5.55556e-002	
13.0629	58.7543	696	0	6	7	7	6	7	0.	0.	0.	0.	26.8333	0.	0.	1.	0.	0.	5.55556e-002	
13.0799	58.7679	697	0	6	7	7	6	7	0.	0.	0.	0.	26.8889	0.	0.	1.	0.	0.	5.55556e-002	
13.0969	58.8817	698	0	6	7	7	6	7	0.	0.	0.	0.	26.9444	0.	0.	1.	0.	0.	5.55556e-002	
13.1139	58.8838	699	0	6	7	7	6	7	0.	0.	0.	0.	27.	0.	0.	1.	0.	0.	5.55556e-002	
13.1309	58.7616	700	0	6	7	7	6	7	0.	0.	0.	0.	27.0556	0.	0.	1.	0.	0.	5.55556e-002	
13.1479	58.7908	701	0	6	8	8	6	7	0.	0.	0.	0.	27.1111	0.	0.	1.	0.	0.	5.55556e-002	
13.1649	58.8974	702	0	6	8	8	6	7	0.	0.	0.	0.	27.1667	0.	0.	1.	0.	0.	5.55556e-002	
13.1809	62.4269	703	0	6	8	8	6	7	0.	0.	0.	0.	27.2222	0.	0.	1.	0.	0.	5.55556e-002	
13.1979	58.8054	704	0	6	8	8	6	7	0.	0.	0.	0.	27.2778	0.	0.	1.	0.	0.	5.55556e-002	
13.2149	58.8461	705	0	6	8	8	6	7	3.55271e-015	0.	0.	0.	27.3889	0.	0.	1.	0.	0.	5.55556e-002	
13.2309	62.4516	706	0	6	8	8	6	7	0.	0.	0.	0.	27.4444	0.	0.	1.	0.	0.	5.55556e-002	
13.2479	58.8065	707	0	7	8	8	7	7	0.	0.	0.	0.	27.5556	0.	0.	1.	0.	0.	5.55556e-002	
13.2649	58.8211	708	0	7	8	8	7	7	0.	0.	0.	0.	27.6111	0.	0.	1.	0.	0.	5.55556e-002	
13.2809	62.5743	709	0	7	8	8	7	7	3.55271e-015	0.	0.	0.	27.7222	0.	0.	1.	0.	0.	5.55556e-002	
13.2979	58.8075	710	0	7	8	8	7	7	0.	0.	0.	0.	27.7778	0.	0.	1.	0.	0.	5.55556e-002	
13.3149	58.842	711	0	7	8	8	7	7	0.	0.	0.	0.	27.8889	0.	0.	1.	0.	0.	5.55556e-002	
13.3319	58.8221	712	0	7	8	8	7	7	0.	0.	0.	0.	27.9444	0.	0.	1.	0.	0.	5.55556e-002	
13.3489	58.746	713	0	7	8	8	7	7	0.	0.	0.	0.	28.0556	0.	0.	1.	0.	0.	5.55556e-002	
13.3659	58.8869	714	0	7	8	8	7	7	0.	0.	0.	0.	28.1111	0.	0.	1.	0.	0.	5.55556e-002	
13.3819	62.4811	715	0	7	8	8	7	7	0.	0.	0.	0.	28.2222	0.	0.	1.	0.	0.	5.55556e-002	
13.3979	62.4363	716	0	7	8	8	7	7	3.55271e-015	0.	0.	0.	28.2778	0.	0.	1.	0.	0.	5.55556e-002	
13.4149	58.842	717	0	7	8	8	7	7	0.	0.	0.	0.	28.3889	0.	0.	1.	0.	0.	5.55556e-002	
13.4319	58.9163	718	0	7	8	8	7	7	0.	0.	0.	0.	28.4444	0.	0.	1.	0.	0.	5.55556e-002	
13.4489	58.7543	719	0	7	8	8	7	7	0.	0.	0.	0.	28.5556	0.	0.	1.	0.	0.	5.55556e-002	
13.4659	58.7971	720	0	7	8	8	7	7	0.	0.	0.	0.	28.6111	0.	0.	1.	0.	0.	5.55556e-002	
13.4829	58.8273	721	0	7	8	8	7	7	3.55271e-015	0.	0.	0.	28.7222	0.	0.	1.	0.	0.	5.55556e-002	
13.4999	58.8503	722	0	7	8	8	7	7	0.	0.	0.	0.	28.7778	0.	0.	1.	0.	0.	5.55556e-002	
13.5159	62.5578	723	0	7	8	8	7	7	0.	0.	0.	0.	28.8889	0.	0.	1.	0.	0.	5.55556e-002	
13.5329	58.7491	724	0	7	8	8	7	7	0.	0.	0.	0.	28.9444	0.	0.	1.	0.	0.	5.55556e-002	
13.5499	58.8326	725	0	7	8	8	7	7	3.55271e-015	0.	0.	0.	29.0556	0.	0.	1.	0.	0.	5.55556e-002	
13.5669	58.7689	726	0	7	8	8	7	7	0.	0.	0.	0.	29.1111	0.	0.	1.	0.	0.	5.55556e-002	
13.5839	58.843	727	0	7	8	8	7	7	0.	0.	0.	0.	29.2222	0.	0.	1.	0.	0.	5.55556e-002	
13.6009	58.8524	728	0	7	8	8	7	7	3.55271e-015	0.	0.	0.	29.2778	0.	0.	1.	0.	0.	5.55556e-002	
13.6169	62.4941	729	0	7	8	8	7	7	0.	0.	0.	0.	29.3889	0.	0.	1.	0.	0.	5.55556e-002	
13.6339	58.8388	730	0	7	8	8	7	7	3.55271e-015	0.	0.	0.	29.4444	0.	0.	1.	0.	0.	5.55556e-002	
13.6509	58.7158	731	0	7	8	8	7	8	3.55271e-015	0.	0.	0.	29.5556	0.	0.	1.	0.	0.	5.55556e-002	
13.6669	62.5956	732	0	7	8	8	7	8	0.	0.	0.	0.	29.6111	0.	0.	1.	0.	0.	5.55556e-002	
13.6839	58.8378	733	0	7	8	8	7	8	0.	0.	0.	0.	29.7222	0.	0.	1.	0.	0.	5.55556e-002	
13.7009	58.7939	734	0	7	8	8	7	8	0.	0.	0.	0.	29.7778	0.	0.	1.	0.	0.	5.55556e-002	
13.7169	62.5117	735	0	7	8	8	7	8	0.	0.	0.	0.	29.8889	0.	0.	1.	0.	0.	5.55556e-002	
13.7339	58.7449	736	0	7	8	8	7	8	3.55271e-015	0.	0.	0.	29.9444	0.	0.	1.	0.	0.	5.55556e-002	
13.7509	58.911	737	0	7	8	8	7	8	0.	0.	0.	0.	30.0556	0.	0.	1.	0.	0.	5.55556e-002	
13.7679	58.8169	738	0	7	8	8	7	8	0.	0.	0.	0.	30.1667	0.	0.	1.	0.	0.	5.55556e-002	
13.7839	62.4058	739	0	7	8	8	7	8	0.	0.	0.	0.	30.2222	0.	0.	1.	0.	0.	5.55556e-002	
13.8009	58.8932	740	0	7	8	8	7	8	0.	0.	0.	0.	30.2778	0.	0.	1.	0.	0.	5.55556e-002	
13.8169	62.4893	741	0	7	8	8	7	8	0.	0.	0.	0.	30.3333	0.	0.	1.	0.	0.	5.55556e-002	
13.8329	62.5047	742	0	7	8	8	7	8	0.	0.	0.	0.	30.3889	0.	0.	1.	0.	0.	5.55556e-002	
13.8489	62.5023	743	0	7	8	8	7	8	0.	0.	0.	0.	30.4444	0.	0.	1.	0.	0.	5.55556e-002	
13.8649	62.4187	744	0	7	8	8	7	8	3.55271e-015	0.	0.	0.	30.5	0.	0.	1.	0.	0.	5.55556e-002	
13.8809	62.5649	745	0	7	8	8	7	8	0.	0.	0.	0.	30.5556	0.	0.	1.	0.	0.	5.55556e-002	
13.898	58.6711	746	0	7	8	8	7	8	3.55271e-015	0.	0.	0.	30.6111	0.	0.	1.	0.	0.	5.55556e-002	
13.9149	59.0023	747	0	7	8	8	7	8	0.	0.	0.	0.	30.6667	0.	0.	1.	0.	0.	5.55556e-002	
13.9319	58.7929	748	0	7	8	8	7	8	0.	0.	0.	0.	30.7222	0.	0.	1.	0.	0.	5.55556e-002	
13.9489	58.8169	749	0	7	8	8	7	8	0.	0.	0.	0.	30.7778	0.	0.	1.	0.	0.	5.55556e-002	
13.9649	62.5306	750	0	7	8	8	7	8	0.	0.	0.	0.	30.8333	0.	0.	1.	0.	0.	5.55556e-002	
13.9809	62.3752	751	0	7	8	8	7	8	0.	0.	0.	0.	30.8889	0.	0.	1.	0.	0.	5.55556e-002	
13.9979	58.8482	752	0	7	8	8	7	8	0.	0.	0.	0.	30.9444	0.	0.	1.	0.	0.	5.55556e-002	
14.0149	58.8514	753	0	7	8	8	7	8	0.	0.	0.	0.	31.	0.	0.	1.	0.	0.	5.55556e-002	
14.0319	58.8597	754	0	7	8	8	7	8	3.55271e-015	0.	0.	0.	31.0556	0.	0.	1.	0.	0.	5.55556e-002	
14.0479	62.5023	755	0	7	8	8	7	8	0.	0.	0.	0.	31.1111	0.	0.	1.	0.	0.	5.55556e-002	
14.0639	62.4081	756	0	7	8	8	7	8	3.55271e-015	0.	0.	0.	31.1667	0.	0.	1.	0.	0.	5.55556e-002	
14.0809	58.8796	757	0	7	8	8	7	8	0.	0.	0.	0.	31.2222	0.	0.	1.	0.	0.	5.55556e-002	
14.0979	58.7741	758	0	7	8	8	7	8	0.	0.	0.	0.	31.2778	0.	0.	1.	0.	0.	5.55556e-002	
14.1139	62.5672	759	0	7	8	8	7	8	0.	0.	0.	0.	31.3333	0.	0.	1.	0.	0.	5.55556e-002	
14.1309	58.8096	760	0	7	9	9	7	8	0.	0.	0.	0.	31.3889	0.	0.	1.	0.	0.	5.55556e-002	
14.1469	62.52	761	0	7	9	9	7	8	0.	0.	0.	0.	31.4444	0.	0.	1.	0.	0.	5.55556e-002	
14.1639	58.866	762	0	7	9	9	7	8	0.	0.	0.	0.	31.5	0.	0.	1.	0.	0.	5.55556e-002	
14.1809	58.7491	763	0	7	9	9	7	8	0.	0.	0.	0.	31.5556	0.	0.	1.	0.	0.	5.55556e-002	
14.1969	62.4905	764	0	7	9	9	7	8	0.	0.	0.	0.	31.6111	0.	0.	1.	0.	0.	5.55556e-002	
14.2139	58.8305	765	0	7	9	9	7	8	0.	0.	0.	0.	31.6667	0.	0.	1.	0.	0.	5.55556e-002	
14.2309	58.747	766	0	7	9	9	7	8	3.55271e-015	0.	0.	0.	31.7222	0.	0.	1.	0.	0.	5.55556e-002	
14.2479	58.9131	767	0	7	9	9	7	8	3.55271e-015	0.	0.	0.	31.7778	0.	0.	1.	0.	0.	5.55556e-002	
14.2639	62.4834	768	0	8	9	9	8	8	3.55271e-015	0.	0.	0.	31.8333	0.	0.	1.	0.	0.	5.55556e-002	
14.2809	58.8263	769	0	8	9	9	8	8	3.55271e-015	0.	0.	0.	31.9444	0.	0.	1.	0.	0.	5.55556e-002	
14.2969	62.5035	770	0	8	9	9	8	8	0.	0.	0.	0.	32.	0.	0.	1.	0.	0.	5.55556e-002	
14.3129	62.4034	771	0	8	9	9	8	8	0.	0.	0.	0.	32.1111	0.	0.	1.	0.	0.	5.55556e-002	
14.3299	58.953	772	0	8	9	9	8	8	0.	0.	0.	0.	32.1667	0.	0.	1.	0.	0.	5.55556e-002	
14.3469	58.7772	773	0	8	9	9	8	8	7.10543e-015	0.	0.	0.	32.2778	0.	0.	1.	0.	0.	5.55556e-002	
14.3639	58.8671	774	0	8	9	9	8	8	0.	0.	0.	0.	32.3333	0.	0.	1.	0.	0.	5.55556e-002	
14.3799	62.4293	775	0	8	9	9	8	8	0.	0.	0.	0.	32.4444	0.	0.	1.	0.	0.	5.55556e-002	
14.3969	58.8096	776	0	8	9	9	8	8	7.10543e-015	0.	0.	0.	32.5	0.	0.	1.	0.	0.	5.55556e-002	
14.4139	58.8367	777	0	8	9	9	8	8	0.	0.	0.	0.	32.6111	0.	0.	1.	0.	0.	5.55556e-002	
14.4309	58.8075	778	0	8	9	9	8	8	0.	0.	0.	0.	32.6667	0.	0.	1.	0.	0.	5.55556e-002	
14.4469	62.4434	779	0	8	9	9	8	8	0.	0.	0.	0.	32.7778	0.	0.	1.	0.	0.	5.55556e-002	
14.4639	58.8744	780	0	8	9	9	8	8	0.	0.	0.	0.	32.8333	0.	0.	1.	0.	0.	5.55556e-002	
14.4799	62.5023	781	0	8	9	9	8	8	0.	0.	0.	0.	32.8889	0.	0.	1.	0.	0.	5.55556e-002	
14.4969	58.8252	782	0	8	9	9	8	8	0.	0.	0.	0.	32.9444	0.	0.	1.	0.	0.	5.55556e-002	
14.514	58.7564	783	0	8	9	9	8	8	0.	0.	0.	0.	33.	0.	0.	1.	0.	0.	5.55556e-002	
14.5309	58.8618	784	0	8	9	9	8	8	0.	0.	0.	0.	33.0556	0.	0.	1.	0.	0.	5.55556e-002	
14.5469	62.5023	785	0	8	9	9	8	8	0.	0.	0.	0.	33.1111	0.	0.	1.	0.	0.	5.55556e-002	
14.5639	58.8932	786	0	8	9	9	8	8	0.	0.	0.	0.	33.1667	0.	0.	1.	0.	0.	5.55556e-002	
14.58	62.3635	787	0	8	9	9	8	8	0.	0.	0.	0.	33.2222	0.	0.	1.	0.	0.	5.55556e-002	
14.597	58.8252	788	0	8	9	9	8	8	0.	0.	0.	0.	33.2778	0.	0.	1.	0.	0.	5.55556e-002	
14.613	62.4941	789	0	8	9	9	8	8	0.	0.	0.	0.	33.3333	0.	0.	1.	0.	0.	5.55556e-002	
14.629	62.2884	790	0	8	9	9	8	8	0.	0.	0.	0.	33.3889	0.	0.	1.	0.	0.	5.55556e-002	
14.6459	59.0833	791	0	8	9	9	8	8	0.	0.	0.	0.	33.4444	0.	0.	1.	0.	0.	5.55556e-002	
14.6629	58.7814	792	0	8	9	9	8	8	0.	0.	0.	0.	33.5	0.	0.	1.	0.	0.	5.55556e-002	
14.6799	58.8451	793	0	8	9	9	8	8	7.10543e-015	0.	0.	0.	33.5556	0.	0.	1.	0.	0.	5.55556e-002	
14.6959	62.4893	794	0	8	9	9	8	8	0.	0.	0.	0.	33.6111	0.	0.	1.	0.	0.	5.55556e-002	
14.7129	58.8106	795	0	8	9	9	8	8	0.	0.	0.	0.	33.6667	0.	0.	1.	0.	0.	5.55556e-002	
14.7299	58.8461	796	0	8	9	9	8	9	0.	0.	0.	0.	33.7222	0.	0.	1.	0.	0.	5.55556e-002	
14.7469	58.8221	797	0	8	9	9	8	9	0.	0.	0.	0.	33.7778	0.	0.	1.	0.	0.	5.55556e-002	
14.7639	58.8138	798	0	8	9	9	8	9	0.	0.	0.	0.	33.8333	0.	0.	1.	0.	0.	5.55556e-002	
14.78	62.4269	799	0	8	9	9	8	9	7.10543e-015	0.	0.	0.	33.8889	0.	0.	1.	0.	0.	5.55556e-002	
14.7959	62.6287	800	0	8	9	9	8	9	0.	0.	0.	0.	33.9444	0.	0.	1.	0.	0.	5.55556e-002	
14.813	58.7074	801	0	8	9	9	8	9	0.	0.	0.	0.	34.	0.	0.	1.	0.	0.	5.55556e-002	
14.83	58.8169	802	0	8	9	9	8	9	0.	0.	0.	0.	34.1111	0.	0.	1.	0.	0.	5.55556e-002	
14.8459	62.6347	803	0	8	9	9	8	9	0.	0.	0.	0.	34.1667	0.	0.	1.	0.	0.	5.55556e-002	
14.8619	62.441	804	0	8	9	9	8	9	0.	0.	0.	0.	34.2222	0.	0.	1.	0.	0.	5.55556e-002	
14.879	58.7595	805	0	8	9	9	8	9	0.	0.	0.	0.	34.2778	0.	0.	1.	0.	0.	5.55556e-002	
14.896	58.7971	806	0	8	9	9	8	9	0.	0.	0.	0.	34.3333	0.	0.	1.	0.	0.	5.55556e-002	
14.913	58.8629	807	0	8	9	9	8	9	0.	0.	0.	0.	34.3889	0.	0.	1.	0.	0.	5.55556e-002	
14.93	58.866	808	0	8	9	9	8	9	0.	0.	0.	0.	34.4444	0.	0.	1.	0.	0.	5.55556e-002	
14.947	58.82	809	0	8	9	9	8	9	0.	0.	0.	0.	34.5	0.	0.	1.	0.	0.	5.55556e-002	
14.963	62.4929	810	0	8	9	9	8	9	0.	0.	0.	0.	34.5556	0.	0.	1.	0.	0.	5.55556e-002	
14.979	62.4858	811	0	8	9	9	8	9	0.	0.	0.	0.	34.6111	0.	0.	1.	0.	0.	5.55556e-002	
14.996	58.7647	812	0	8	9	9	8	9	0.	0.	0.	0.	34.6667	0.	0.	1.	0.	0.	5.55556e-002	
15.013	58.8294	813	0	8	9	9	8	9	0.	0.	0.	0.	34.7222	0.	0.	1.	0.	0.	5.55556e-002	
15.03	58.8096	814	0	8	9	9	8	9	0.	0.	0.	0.	34.7778	0.	0.	1.	0.	0.	5.55556e-002	
15.047	58.8117	815	0	8	9	9	8	9	0.	0.	0.	0.	34.8333	0.	0.	1.	0.	0.	5.55556e-002	
15.064	58.8901	816	0	8	9	9	8	9	0.	0.	0.	0.	34.8889	0.	0.	1.	0.	0.	5.55556e-002	
15.081	58.8148	817	0	8	9	9	8	9	0.	0.	0.	0.	34.9444	0.	0.	1.	0.	0.	5.55556e-002	
15.098	58.7741	818	0	8	9	9	8	9	0.	0.	0.	0.	35.	0.	0.	1.	0.	0.	5.55556e-002	
15.1149	58.9257	819	0	8	9	9	8	9	0.	0.	0.	0.	35.0556	0.	0.	1.	0.	0.	5.55556e-002	
15.132	58.7731	820	0	8	9	9	8	9	0.	0.	0.	0.	35.1111	0.	0.	1.	0.	0.	5.55556e-002	
15.148	62.3752	821	0	8	9	9	8	9	0.	0.	0.	0.	35.1667	0.	0.	1.	0.	0.	5.55556e-002	
15.165	58.9456	822	0	8	9	9	8	9	0.	0.	0.	0.	35.2222	0.	0.	1.	0.	0.	5.55556e-002	
15.181	62.4693	823	0	8	9	9	8	9	0.	0.	0.	0.	35.2778	0.	0.	1.	0.	0.	5.55556e-002	
15.198	58.7699	824	0	8	9	9	8	9	0.	0.	0.	0.	35.3333	0.	0.	1.	0.	0.	5.55556e-002	
15.214	62.5531	825	0	8	9	9	8	9	0.	0.	0.	0.	35.3889	0.	0.	1.	0.	0.	5.55556e-002	
15.231	58.82	826	0	8	9	9	8	9	0.	0.	0.	0.	35.4444	0.	0.	1.	0.	0.	5.55556e-002	
15.247	62.5106	827	0	8	9	9	8	9	0.	0.	0.	0.	35.5	0.	0.	1.	0.	0.	5.55556e-002	
15.263	62.4823	828	0	8	10	10	8	9	0.	0.	0.	0.	35.6111	0.	0.	1.	0.	0.	5.55556e-002	
15.28	58.8326	829	0	8	10	10	8	9	0.	0.	0.	0.	35.6667	0.	0.	1.	0.	0.	5.55556e-002	
15.297	58.8169	830	0	8	10	10	8	9	0.	0.	0.	0.	35.7222	0.	0.	1.	0.	0.	5.55556e-002	
15.314	58.8859	831	0	8	10	10	8	9	0.	0.	0.	0.	35.7778	0.	0.	1.	0.	0.	5.55556e-002	
15.331	58.771	832	0	8	10	10	8	9	0.	0.	0.	0.	35.8333	0.	0.	1.	0.	0.	5.55556e-002	
15.348	58.746	833	0	8	10	10	8	9	0.	0.	0.	0.	35.8889	0.	0.	1.	0.	0.	5.55556e-002	
15.365	58.9341	834	0	8	10	10	8	9	0.	0.	0.	0.	35.9444	0.	0.	1.	0.	0.	5.55556e-002	
15.381	62.4246	835	0	8	10	10	8	9	0.	0.	0.	0.	36.	0.	0.	1.	0.	0.	5.55556e-002	
15.398	58.8441	836	0	8	10	10	8	9	0.	0.	0.	0.	36.0556	0.	0.	1.	0.	0.	5.55556e-002	
15.414	62.4752	837	0	9	10	10	9	9	0.	0.	0.	0.	36.1111	0.	0.	1.	0.	0.	5.55556e-002	
15.43	62.5188	838	0	9	10	10	9	9	0.	0.	0.	0.	36.1667	0.	0.	1.	0.	0.	5.55556e-002	
15.446	62.5578	839	0	9	10	10	9	9	0.	0.	0.	0.	36.2222	0.	0.	1.	0.	0.	5.55556e-002	
15.463	58.7522	840	0	9	10	10	9	9	0.	0.	0.	0.	36.2778	0.	0.	1.	0.	0.	5.55556e-002	
15.48	58.8284	841	0	9	10	10	9	9	0.	0.	0.	0.	36.3333	0.	0.	1.	0.	0.	5.55556e-002	
15.497	58.8179	842	0	9	10	10	9	9	7.10543e-015	0.	0.	0.	36.3889	0.	0.	1.	0.	0.	5.55556e-002	
15.514	58.8838	843	0	9	10	10	9	9	7.10543e-015	0.	0.	0.	36.4444	0.	0.	1.	0.	0.	5.55556e-002	
15.531	58.771	844	0	9	10	10	9	9	0.	0.	0.	0.	36.5	0.	0.	1.	0.	0.	5.55556e-002	
15.548	58.819	845	0	9	10	10	9	9	0.	0.	0.	0.	36.5556	0.	0.	1.	0.	0.	5.55556e-002	
15.564	62.4222	846	0	9	10	10	9	9	7.10543e-015	0.	0.	0.	36.6111	0.	0.	1.	0.	0.	5.55556e-002	
15.581	58.8639	847	0	9	10	10	9	9	7.10543e-015	0.	0.	0.	36.6667	0.	0.	1.	0.	0.	5.55556e-002	
15.598	58.7022	848	0	9	10	10	9	9	0.	0.	0.	0.	36.7222	0.	0.	1.	0.	0.	5.55556e-002	
15.615	58.9351	849	0	9	10	10	9	9	0.	0.	0.	0.	36.7778	0.	0.	1.	0.	0.	5.55556e-002	
15.631	62.5129	850	0	9	10	10	9	9	0.	0.	0.	0.	36.8333	0.	0.	1.	0.	0.	5.55556e-002	
15.6481	58.5508	851	0	9	10	10	9	9	0.	0.	0.	0.	36.8889	0.	0.	1.	0.	0.	5.55556e-002	
15.665	59.0623	852	0	9	10	10	9	9	0.	0.	0.	0.	36.9444	0.	0.	1.	0.	0.	5.55556e-002	
15.682	58.865	853	0	9	10	10	9	9	0.	0.	0.	0.	37.	0.	0.	1.	0.	0.	5.55556e-002	
15.699	58.8096	854	0	9	10	10	9	9	0.	0.	0.	0.	37.0556	0.	0.	1.	0.	0.	5.55556e-002	
15.716	58.8367	855	0	9	10	10	9	9	0.	0.	0.	0.	37.1111	0.	0.	1.	0.	0.	5.55556e-002	
15.732	62.4093	856	0	9	10	10	9	9	0.	0.	0.	0.	37.1667	0.	0.	1.	0.	0.	5.55556e-002	
15.749	58.8775	857	0	9	10	10	9	9	0.	0.	0.	0.	37.2222	0.	0.	1.	0.	0.	5.55556e-002	
15.765	62.5188	858	0	9	10	10	9	9	0.	0.	0.	0.	37.3333	0.	0.	1.	0.	0.	5.55556e-002	
15.781	62.4093	859	0	9	10	10	9	9	0.	0.	0.	0.	37.4444	0.	0.	1.	0.	0.	5.55556e-002	
15.798	58.8995	860	0	9	10	10	9	9	0.	0.	0.	0.	37.5	0.	0.	1.	0.	0.	5.55556e-002	
15.815	58.8044	861	0	9	10	10	9	9	0.	0.	0.	0.	37.5556	0.	0.	1.	0.	0.	5.55556e-002	
15.832	58.8347	862	0	9	10	10	9	9	0.	0.	0.	0.	37.6111	0.	0.	1.	0.	0.	5.55556e-002	
15.8481	62.182	863	0	9	10	10	9	9	0.	0.	0.	0.	37.6667	0.	0.	1.	0.	0.	5.55556e-002	
15.864	62.7973	864	0	9	10	10	9	9	0.	0.	0.	0.	37.7222	0.	0.	1.	0.	0.	5.55556e-002	
15.881	58.8221	865	0	9	10	10	9	9	0.	0.	0.	0.	37.7778	0.	0.	1.	0.	0.	5.55556e-002	
15.898	58.7971	866	0	9	10	10	9	9	0.	0.	0.	0.	37.8333	0.	0.	1.	0.	0.	5.55556e-002	
15.915	58.8618	867	0	9	10	10	9	9	0.	0.	0.	0.	37.8889	0.	0.	1.	0.	0.	5.55556e-002	
15.932	58.8336	868	0	9	10	10	9	10	7.10543e-015	0.	0.	0.	37.9444	0.	0.	1.	0.	0.	5.55556e-002	
15.949	58.7303	869	0	9	10	10	9	10	0.	0.	0.	0.	38.	0.	0.	1.	0.	0.	5.55556e-002	
15.965	62.5767	870	0	9	10	10	9	10	0.	0.	0.	0.	38.0556	0.	0.	1.	0.	0.	5.55556e-002	
15.982	58.8138	871	0	9	10	10	9	10	0.	0.	0.	0.	38.1111	0.	0.	1.	0.	0.	5.55556e-002	
15.998	62.4387	872	0	9	10	10	9	10	7.10543e-015	0.	0.	0.	38.1667	0.	0.	1.	0.	0.	5.55556e-002	
16.015	58.8294	873	0	9	10	10	9	10	0.	0.	0.	0.	38.2222	0.	0.	1.	0.	0.	5.55556e-002	
16.032	58.8096	874	0	9	10	10	9	10	0.	0.	0.	0.	38.2778	0.	0.	1.	0.	0.	5.55556e-002	
16.048	62.5814	875	0	9	10	10	9	10	0.	0.	0.	0.	38.3333	0.	0.	1.	0.	0.	5.55556e-002	
16.065	58.772	876	0	9	10	10	9	10	0.	0.	0.	0.	38.3889	0.	0.	1.	0.	0.	5.55556e-002	
16.082	58.7939	877	0	9	10	10	9	10	0.	0.	0.	0.	38.4444	0.	0.	1.	0.	0.	5.55556e-002	
16.099	58.82	878	0	9	10	10	9	10	0.	0.	0.	0.	38.5	0.	0.	1.	0.	0.	5.55556e-002	
16.116	58.8922	879	0	9	10	10	9	10	0.	0.	0.	0.	38.5556	0.	0.	1.	0.	0.	5.55556e-002	
16.133	58.8106	880	0	9	10	10	9	10	0.	0.	0.	0.	38.6111	0.	0.	1.	0.	0.	5.55556e-002	
16.15	58.8242	881	0	9	10	10	9	10	0.	0.	0.	0.	38.6667	0.	0.	1.	0.	0.	5.55556e-002	
16.166	62.5058	882	0	9	10	10	9	10	0.	0.	0.	0.	38.7222	0.	0.	1.	0.	0.	5.55556e-002	
16.183	58.8158	883	0	9	10	10	9	10	0.	0.	0.	0.	38.7778	0.	0.	1.	0.	0.	5.55556e-002	
16.2	58.8263	884	0	9	10	10	9	10	0.	0.	0.	0.	38.8333	0.	0.	1.	0.	0.	5.55556e-002	
16.216	62.4882	885	0	9	10	10	9	10	0.	0.	0.	0.	38.8889	0.	0.	1.	0.	0.	5.55556e-002	
16.233	58.8106	886	0	9	10	10	9	10	0.	0.	0.	0.	38.9444	0.	0.	1.	0.	0.	5.55556e-002	
16.25	58.8692	887	0	9	10	10	9	10	0.	0.	0.	0.	39.	0.	0.	1.	0.	0.	5.55556e-002	
16.267	58.747	888	0	9	10	10	9	10	0.	0.	0.	0.	39.0556	0.	0.	1.	0.	0.	5.55556e-002	
16.284	58.7929	889	0	9	10	10	9	10	0.	0.	0.	0.	39.1667	0.	0.	1.	0.	0.	5.55556e-002	
16.3	62.572	890	0	9	10	10	9	10	0.	0.	0.	0.	39.2222	0.	0.	1.	0.	0.	5.55556e-002	
16.317	58.7783	891	0	9	10	10	9	10	0.	0.	0.	0.	39.3333	0.	0.	1.	0.	0.	5.55556e-002	
16.334	58.8608	892	0	9	10	10	9	10	0.	0.	0.	0.	39.3889	0.	0.	1.	0.	0.	5.55556e-002	
16.351	58.8712	893	0	9	10	10	9	10	0.	0.	0.	0.	39.5	0.	0.	1.	0.	0.	5.55556e-002	
16.368	58.7814	894	0	9	10	10	9	10	0.	0.	0.	0.	39.5556	0.	0.	1.	0.	0.	5.55556e-002	
16.3851	58.6898	895	0	9	10	10	9	10	0.	0.	0.	0.	39.6667	0.	0.	1.	0.	0.	5.55556e-002	
16.402	58.953	896	0	9	11	11	9	10	0.	0.	0.	0.	39.7222	0.	0.	1.	0.	0.	5.55556e-002	
16.4191	58.6326	897	0	9	11	11	9	10	0.	0.	0.	0.	39.8333	0.	0.	1.	0.	0.	5.55556e-002	
16.436	58.9425	898	0	9	11	11	9	10	0.	0.	0.	0.	39.9444	0.	0.	1.	0.	0.	5.55556e-002	
16.453	58.8671	899	0	9	11	11	9	10	0.	0.	0.	0.	40.	0.	0.	1.	0.	0.	5.55556e-002	
16.47	58.8294	900	0	9	11	11	9	10	0.	0.	0.	0.	40.1111	0.	0.	1.	0.	0.	5.55556e-002	
16.4871	58.6389	901	0	9	11	11	9	10	7.10543e-015	0.	0.	0.	40.1667	0.	0.	1.	0.	0.	5.55556e-002	
16.5041	58.9163	902	0	10	11	11	10	10	7.10543e-015	0.	0.	0.	40.2778	0.	0.	1.	0.	0.	5.55556e-002	
16.521	58.8911	903	0	10	11	11	10	10	0.	0.	0.	0.	40.3333	0.	0.	1.	0.	0.	5.55556e-002	
16.538	58.8472	904	0	10	11	11	10	10	0.	0.	0.	0.	40.4444	0.	0.	1.	0.	0.	5.55556e-002	
16.555	58.795	905	0	10	11	11	10	10	0.	0.	0.	0.	40.5	0.	0.	1.	0.	0.	5.55556e-002	
16.572	58.7981	906	0	10	11	11	10	10	0.	0.	0.	0.	40.6111	0.	0.	1.	0.	0.	5.55556e-002	
16.588	62.5235	907	0	10	11	11	10	10	0.	0.	0.	0.	40.6667	0.	0.	1.	0.	0.	5.55556e-002	
16.605	58.8461	908	0	10	11	11	10	10	7.10543e-015	0.	0.	0.	40.7778	0.	0.	1.	0.	0.	5.55556e-002	
16.6221	58.7189	909	0	10	11	11	10	10	7.10543e-015	0.	0.	0.	40.8333	0.	0.	1.	0.	0.	5.55556e-002	
16.639	58.9131	910	0	10	11	11	10	10	0.	0.	0.	0.	40.9444	0.	0.	1.	0.	0.	5.55556e-002	
16.6551	62.4258	911	0	10	11	11	10	10	0.	0.	0.	0.	41.	0.	0.	1.	0.	0.	5.55556e-002	
16.6721	58.6887	912	0	10	11	11	10	10	0.	0.	0.	0.	41.1111	0.	0.	1.	0.	0.	5.55556e-002	
16.689	59.0275	913	0	10	11	11	10	10	0.	0.	0.	0.	41.1667	0.	0.	1.	0.	0.	5.55556e-002	
16.705	62.5058	914	0	10	11	11	10	10	0.	0.	0.	0.	41.2778	0.	0.	1.	0.	0.	5.55556e-002	
16.722	58.772	915	0	10	11	11	10	10	7.10543e-015	0.	0.	0.	41.3333	0.	0.	1.	0.	0.	5.55556e-002	
16.739	58.8054	916	0	10	11	11	10	10	7.10543e-015	0.	0.	0.	41.4444	0.	0.	1.	0.	0.	5.55556e-002	
16.7551	62.4846	917	0	10	11	11	10	10	7.10543e-015	0.	0.	0.	41.5	0.	0.	1.	0.	0.	5.55556e-002	
16.7711	62.4799	918	0	10	11	11	10	10	0.	0.	0.	0.	41.6111	0.	0.	1.	0.	0.	5.55556e-002	
16.787	62.5672	919	0	10	11	11	10	10	0.	0.	0.	0.	41.6667	0.	0.	1.	0.	0.	5.55556e-002	
16.8041	58.7793	920	0	10	11	11	10	10	7.10543e-015	0.	0.	0.	41.7778	0.	0.	1.	0.	0.	5.55556e-002	
16.821	58.8629	921	0	10	11	11	10	10	0.	0.	0.	0.	41.8333	0.	0.	1.	0.	0.	5.55556e-002	
16.8371	62.4516	922	0	10	11	11	10	10	7.10543e-015	0.	0.	0.	41.9444	0.	0.	1.	0.	0.	5.55556e-002	
16.8541	58.8085	923	0	10	11	11	10	10	0.	0.	0.	0.	42.	0.	0.	1.	0.	0.	5.55556e-002	
16.8711	58.7908	924	0	10	11	11	10	11	0.	0.	0.	0.	42.1111	0.	0.	1.	0.	0.	5.55556e-002	
16.8881	58.8587	925	0	10	11	11	10	11	0.	0.	0.	0.	42.1667	0.	0.	1.	0.	0.	5.55556e-002	
16.904	62.5625	926	0	10	11	11	10	11	0.	0.	0.	0.	42.2778	0.	0.	1.	0.	0.	5.55556e-002	
16.921	58.8252	927	0	10	11	11	10	11	0.	0.	0.	0.	42.3333	0.	0.	1.	0.	0.	5.55556e-002	
16.938	58.8252	928	0	10	11	11	10	11	0.	0.	0.	0.	42.4444	0.	0.	1.	0.	0.	5.55556e-002	
16.9551	58.722	929	0	10	11	11	10	11	0.	0.	0.	0.	42.5	0.	0.	1.	0.	0.	5.55556e-002	
16.972	58.9026	930	0	10	11	11	10	11	0.	0.	0.	0.	42.6111	0.	0.	1.	0.	0.	5.55556e-002	
16.9891	58.7043	931	0	10	11	11	10	11	0.	0.	0.	0.	42.6667	0.	0.	1.	0.	0.	5.55556e-002	
17.0051	62.4882	932	0	10	11	11	10	11	0.	0.	0.	0.	42.7778	0.	0.	1.	0.	0.	5.55556e-002	
17.0221	58.8399	933	0	10	11	11	10	11	0.	0.	0.	0.	42.8333	0.	0.	1.	0.	0.	5.55556e-002	
17.0391	58.888	934	0	10	11	11	10	11	0.	0.	0.	0.	42.9444	0.	0.	1.	0.	0.	5.55556e-002	
17.056	58.9257	935	0	10	11	11	10	11	0.	0.	0.	0.	43.	0.	0.	1.	0.	0.	5.55556e-002	
17.0721	62.2089	936	0	10	11	11	10	11	0.	0.	0.	0.	43.1111	0.	0.	1.	0.	0.	5.55556e-002	
17.0881	62.6643	937	0	10	11	11	10	11	0.	0.	0.	0.	43.1667	0.	0.	1.	0.	0.	5.55556e-002	
17.1041	62.4152	938	0	10	11	11	10	11	0.	0.	0.	0.	43.2778	0.	0.	1.	0.	0.	5.55556e-002	
17.1211	58.9425	939	0	10	11	11	10	11	0.	0.	0.	0.	43.3333	0.	0.	1.	0.	0.	5.55556e-002	
17.1381	58.7616	940	0	10	11	11	10	11	0.	0.	0.	0.	43.4444	0.	0.	1.	0.	0.	5.55556e-002	
17.1551	58.8911	941	0	10	11	11	10	11	0.	0.	0.	0.	43.5	0.	0.	1.	0.	0.	5.55556e-002	
17.1711	62.2568	942	0	10	11	11	10	11	0.	0.	0.	0.	43.6111	0.	0.	1.	0.	0.	5.55556e-002	
17.1881	58.9393	943	0	10	11	11	10	11	0.	0.	0.	0.	43.6667	0.	0.	1.	0.	0.	5.55556e-002	
17.2051	58.8545	944	0	10	12	12	10	11	0.	0.	0.	0.	43.7778	0.	0.	1.	0.	0.	5.55556e-002	
17.2221	58.8305	945	0	10	12	12	10	11	0.	0.	0.	0.	43.8333	0.	0.	1.	0.	0.	5.55556e-002	
17.2391	58.7439	946	0	10	12	12	10	11	0.	0.	0.	0.	43.9444	0.	0.	1.	0.	0.	5.55556e-002	
17.256	59.0023	947	0	10	12	12	10	11	0.	0.	0.	0.	44.	0.	0.	1.	0.	0.	5.55556e-002	
17.2721	62.4046	948	0	10	12	12	10	11	0.	0.	0.	0.	44.1111	0.	0.	1.	0.	0.	5.55556e-002	
17.2891	58.8211	949	0	10	12	12	10	11	0.	0.	0.	0.	44.1667	0.	0.	1.	0.	0.	5.55556e-002	
17.3051	62.4328	950	0	10	12	12	10	11	0.	0.	0.	0.	44.2778	0.	0.	1.	0.	0.	5.55556e-002	
17.3211	62.5921	951	0	10	12	12	10	11	7.10543e-015	0.	0.	0.	44.3333	0.	0.	1.	0.	0.	5.55556e-002	
17.3381	58.7543	952	0	11	12	12	11	11	0.	0.	0.	0.	44.4444	0.	0.	1.	0.	0.	5.55556e-002	
17.3551	58.7106	953	0	11	12	12	11	11	0.	0.	0.	0.	44.5	0.	0.	1.	0.	0.	5.55556e-002	
17.3721	58.9278	954	0	11	12	12	11	11	0.	0.	0.	0.	44.6111	0.	0.	1.	0.	0.	5.55556e-002	
17.3891	58.8054	955	0	11	12	12	11	11	0.	0.	0.	0.	44.6667	0.	0.	1.	0.	0.	5.55556e-002	
17.4061	58.9205	956	0	11	12	12	11	11	0.	0.	0.	0.	44.7778	0.	0.	1.	0.	0.	5.55556e-002	
17.4231	58.8106	957	0	11	12	12	11	11	0.	0.	0.	0.	44.8333	0.	0.	1.	0.	0.	5.55556e-002	
17.4391	62.4929	958	0	11	12	12	11	11	7.10543e-015	0.	0.	0.	44.9444	0.	0.	1.	0.	0.	5.55556e-002	
17.4551	62.4917	959	0	11	12	12	11	11	7.10543e-015	0.	0.	0.	45.	0.	0.	1.	0.	0.	5.55556e-002	
17.4711	62.4152	960	0	11	12	12	11	11	0.	0.	0.	0.	45.1111	0.	0.	1.	0.	0.	5.55556e-002	
17.4881	58.7116	961	0	11	12	12	11	11	7.10543e-015	0.	0.	0.	45.1667	0.	0.	1.	0.	0.	5.55556e-002	
17.5041	62.6359	962	0	11	12	12	11	11	7.10543e-015	0.	0.	0.	45.2778	0.	0.	1.	0.	0.	5.55556e-002	
17.5201	62.5082	963	0	11	12	12	11	11	7.10543e-015	0.	0.	0.	45.3889	0.	0.	1.	0.	0.	5.55556e-002	
17.5361	62.4834	964	0	11	12	12	11	11	0.	0.	0.	0.	45.5	0.	0.	1.	0.	0.	5.55556e-002	
17.5531	58.9173	965	0	11	12	12	11	11	7.10543e-015	0.	0.	0.	45.5556	0.	0.	1.	0.	0.	5.55556e-002	
17.5692	62.1599	966	0	11	12	12	11	11	0.	0.	0.	0.	45.6111	0.	0.	1.	0.	0.	5.55556e-002	
17.5861	58.9635	967	0	11	12	12	11	11	7.10543e-015	0.	0.	0.	45.6667	0.	0.	1.	0.	0.	5.55556e-002	
17.6031	58.842	968	0	11	12	12	11	11	7.10543e-015	0.	0.	0.	45.7778	0.	0.	1.	0.	0.	5.55556e-002	
17.6201	58.9351	969	0	11	12	12	11	11	0.	0.	0.	0.	45.8333	0.	0.	1.	0.	0.	5.55556e-002	
17.6371	58.6939	970	0	11	12	12	11	11	0.	0.	0.	0.	45.8889	0.	0.	1.	0.	0.	5.55556e-002	
17.6541	58.8744	971	0	11	12	12	11	11	7.10543e-015	0.	0.	0.	45.9444	0.	0.	1.	0.	0.	5.55556e-002	
17.6701	62.4387	972	0	11	12	12	11	11	0.	0.	0.	0.	46.	0.	0.	1.	0.	0.	5.55556e-002	
17.6861	62.7058	973	0	11	12	12	11	11	0.	0.	0.	0.	46.0556	0.	0.	1.	0.	0.	5.55556e-002	
17.7031	58.7335	974	0	11	12	12	11	12	7.10543e-015	1.49012e-008	0.	0.	46.1111	0.	0.	1.	0.	0.	5.55556e-002	
17.7191	62.4622	975	0	11	12	12	11	12	0.	1.49012e-008	0.	0.	46.1667	0.	0.	1.	0.	0.	5.55556e-002	
17.7361	58.8388	976	0	11	12	12	11	12	0.	1.49012e-008	0.	0.	46.2222	0.	0.	1.	0.	0.	5.55556e-002	
17.7531	58.8692	977	0	11	12	12	11	12	0.	1.49012e-008	0.	0.	46.3333	0.	0.	1.	0.	0.	5.55556e-002	
17.7701	58.7887	978	0	11	12	12	11	12	0.	1.49012e-008	0.	0.	46.3889	0.	0.	1.	0.	0.	5.55556e-002	
17.7861	62.5377	979	0	11	12	12	11	12	0.	1.49012e-008	0.	0.	46.4444	0.	0.	1.	0.	0.	5.55556e-002	
17.8031	58.8002	980	0	11	12	12	11	12	0.	1.49012e-008	0.	0.	46.5	0.	0.	1.	0.	0.	5.55556e-002	
17.8201	58.8273	981	0	11	12	12	11	12	0.	1.49012e-008	0.	0.	46.5556	0.	0.	1.	0.	0.	5.55556e-002	
17.8361	62.4717	982	0	11	12	12	11	12	7.10543e-015	1.49012e-008	0.	0.	46.6667	0.	0.	1.	0.	0.	5.55556e-002	
17.8531	58.8326	983	0	11	12	12	11	12	7.10543e-015	1.49012e-008	0.	0.	46.7222	0.	0.	1.	0.	0.	5.55556e-002	
17.8691	62.4128	984	0	11	12	12	11	12	0.	1.49012e-008	0.	0.	46.7778	0.	0.	1.	0.	0.	5.55556e-002	
17.8861	58.9687	985	0	11	12	12	11	12	0.	1.49012e-008	0.	0.	46.8333	0.	0.	1.	0.	0.	5.55556e-002	
17.9031	58.6794	986	0	11	12	12	11	12	0.	1.49012e-008	0.	0.	46.8889	0.	0.	1.	0.	0.	5.55556e-002	
17.9201	58.911	987	0	11	12	12	11	12	0.	1.49012e-008	0.	0.	46.9444	0.	0.	1.	0.	0.	5.55556e-002	
17.9371	58.8044	988	0	11	12	12	11	12	7.10543e-015	1.49012e-008	0.	0.	47.	0.	0.	1.	0.	0.	5.55556e-002	
17.9531	62.3752	989	0	11	12	12	11	12	0.	1.49012e-008	0.	0.	47.0556	0.	0.	1.	0.	0.	5.55556e-002	
17.9691	62.6323	990	0	11	12	12	11	12	0.	1.49012e-008	0.	0.	47.1111	0.	0.	1.	0.	0.	5.55556e-002	
17.9861	58.7408	991	0	11	12	12	11	12	0.	1.49012e-008	0.	0.	47.2222	0.	0.	1.	0.	0.	5.55556e-002	
18.0031	58.91	992	0	11	12	12	11	12	7.10543e-015	1.49012e-008	0.	0.	47.2778	0.	0.	1.	0.	0.	5.55556e-002	
18.0201	58.8096	993	0	11	12	12	11	12	0.	1.49012e-008	0.	0.	47.3889	0.	0.	1.	0.	0.	5.55556e-002	
18.0371	58.8169	994	0	11	12	12	11	12	0.	1.49012e-008	0.	0.	47.4444	0.	0.	1.	0.	0.	5.55556e-002	
18.0541	58.8232	995	0	11	12	12	11	12	0.	1.49012e-008	0.	0.	47.5	0.	0.	1.	0.	0.	5.55556e-002	
18.0701	62.2837	996	0	11	12	12	11	12	0.	1.49012e-008	0.	0.	47.5556	0.	0.	1.	0.	0.	5.55556e-002	
18.0871	58.9551	997	0	11	12	12	11	12	0.	1.49012e-008	0.	0.	47.6111	0.	0.	1.	0.	0.	5.55556e-002	
18.1041	58.7022	998	0	11	12	12	11	12	0.	1.49012e-008	0.	0.	47.6667	0.	0.	1.	0.	0.	5.55556e-002	
18.1211	58.9866	999	0	11	13	13	11	12	0.	1.49012e-008	0.	0.	47.7222	0.	0.	1.	0.	0.	5.55556e-002	
18.1371	62.4917	1000	0	11	13	13	11	12	0.	1.49012e-008	0.	0.	47.7778	0.	0.	1.	0.	0.	5.55556e-002	
18.1541	58.7158	1001	0	11	13	13	11	12	0.	1.49012e-008	0.	0.	47.8333	0.	0.	1.	0.	0.	5.55556e-002	
18.1711	58.8399	1002	0	11	13	13	11	12	0.	1.49012e-008	0.	0.	47.8889	0.	0.	1.	0.	0.	5.55556e-002	
18.1881	58.8273	1003	0	11	13	13	11	12	0.	1.49012e-008	0.	0.	47.9444	0.	0.	1.	0.	0.	5.55556e-002	
18.2051	58.8985	1004	0	11	13	13	11	12	0.	1.49012e-008	0.	0.	48.	0.	0.	1.	0.	0.	5.55556e-002	
18.2221	58.747	1005	0	11	13	13	11	12	0.	1.49012e-008	0.	0.	48.1111	0.	0.	1.	0.	0.	5.55556e-002	
18.2381	62.4587	1006	0	11	13	13	11	12	0.	1.49012e-008	0.	0.	48.1667	0.	0.	1.	0.	0.	5.55556e-002	
18.2541	62.5684	1007	0	11	13	13	11	12	7.10543e-015	1.49012e-008	0.	0.	48.2222	0.	0.	1.	0.	0.	5.55556e-002	
18.2701	62.4293	1008	0	11	13	13	11	12	0.	1.49012e-008	0.	0.	48.2778	0.	0.	1.	0.	0.	5.55556e-002	
18.2871	58.9414	1009	0	11	13	13	11	12	7.10543e-015	1.49012e-008	0.	0.	48.3333	0.	0.	1.	0.	0.	5.55556e-002	
18.3032	62.299	1010	0	11	13	13	11	12	0.	1.49012e-008	0.	0.	48.3889	0.	0.	1.	0.	0.	5.55556e-002	
18.3201	58.9456	1011	0	12	13	13	12	12	0.	1.49012e-008	0.	0.	48.4444	0.	0.	1.	0.	0.	5.55556e-002	
18.3361	62.5613	1012	0	12	13	13	12	12	7.10543e-015	1.49012e-008	0.	0.	48.5	0.	0.	1.	0.	0.	5.55556e-002	
18.3531	58.7918	1013	0	12	13	13	12	12	0.	1.49012e-008	0.	0.	48.5556	0.	0.	1.	0.	0.	5.55556e-002	
18.3701	58.8012	1014	0	12	13	13	12	12	0.	1.49012e-008	0.	0.	48.6111	0.	0.	1.	0.	0.	5.55556e-002	
18.3861	62.5483	1015	0	12	13	13	12	12	7.10543e-015	1.49012e-008	0.	0.	48.6667	0.	0.	1.	0.	0.	5.55556e-002	
18.4021	62.4328	1016	0	12	13	13	12	12	7.10543e-015	1.49012e-008	0.	0.	48.7222	0.	0.	1.	0.	0.	5.55556e-002	
18.4181	62.5755	1017	0	12	13	13	12	12	7.10543e-015	1.49012e-008	0.	0.	48.7778	0.	0.	1.	0.	0.	5.55556e-002	
18.4351	58.8388	1018	0	12	13	13	12	12	7.10543e-015	1.49012e-008	0.	0.	48.8333	0.	0.	1.	0.	0.	5.55556e-002	
18.4521	58.7845	1019	0	12	13	13	12	12	7.10543e-015	1.49012e-008	0.	0.	48.8889	0.	0.	1.	0.	0.	5.55556e-002	
18.4681	62.4764	1020	0	12	13	13	12	12	7.10543e-015	1.49012e-008	0.	0.	48.9444	0.	0.	1.	0.	0.	5.55556e-002	
18.4851	58.8315	1021	0	12	13	13	12	12	7.10543e-015	1.49012e-008	0.	0.	49.	0.	0.	1.	0.	0.	5.55556e-002	
18.5021	58.7647	1022	0	12	13	13	12	12	7.10543e-015	1.49012e-008	0.	0.	49.0556	0.	0.	1.	0.	0.	5.55556e-002	
18.5181	62.5909	1023	0	12	13	13	12	12	0.	1.49012e-008	0.	0.	49.1111	0.	0.	1.	0.	0.	5.55556e-002	
18.5351	58.7668	1024	0	12	13	13	12	12	7.10543e-015	1.49012e-008	0.	0.	49.1667	0.	0.	1.	0.	0.	5.55556e-002	
18.5521	58.8399	1025	0	12	13	13	12	12	7.10543e-015	1.49012e-008	0.	0.	49.2222	0.	0.	1.	0.	0.	5.55556e-002	
18.5691	58.8493	1026	0	12	13	13	12	12	0.	1.49012e-008	0.	0.	49.2778	0.	0.	1.	0.	0.	5.55556e-002	
18.5861	58.8117	1027	0	12	13	13	12	12	0.	1.49012e-008	0.	0.	49.3333	0.	0.	1.	0.	0.	5.55556e-002	
18.6031	58.7658	1028	0	12	13	13	12	12	0.	1.49012e-008	0.	0.	49.3889	0.	0.	1.	0.	0.	5.55556e-002	
18.6201	58.8629	1029	0	12	13	13	12	12	0.	1.49012e-008	0.	0.	49.4444	0.	0.	1.	0.	0.	5.55556e-002	
18.6371	58.7835	1030	0	12	13	13	12	12	0.	1.49012e-008	0.	0.	49.5	0.	0.	1.	0.	0.	5.55556e-002	
18.6541	58.8085	1031	0	12	13	13	12	12	0.	1.49012e-008	0.	0.	49.5556	0.	0.	1.	0.	0.	5.55556e-002	
18.6702	62.3494	1032	0	12	13	13	12	12	7.10543e-015	1.49012e-008	0.	0.	49.6111	0.	0.	1.	0.	0.	5.55556e-002	
18.6871	59.0318	1033	0	12	13	13	12	12	7.10543e-015	1.49012e-008	0.	0.	49.6667	0.	0.	1.	0.	0.	5.55556e-002	
18.7031	62.4728	1034	0	12	13	13	12	12	0.	1.49012e-008	0.	0.	49.7222	0.	0.	1.	0.	0.	5.55556e-002	
18.7201	58.7731	1035	0	12	13	13	12	12	0.	1.49012e-008	0.	0.	49.8333	0.	0.	1.	0.	0.	5.55556e-002	
18.7371	58.7898	1036	0	12	13	13	12	12	0.	1.49012e-008	0.	0.	49.8889	0.	0.	1.	0.	0.	5.55556e-002	
18.7541	58.889	1037	0	12	13	13	12	12	0.	1.49012e-008	0.	0.	49.9444	0.	0.	1.	0.	0.	5.55556e-002	
18.7711	58.8294	1038	0	12	13	13	12	12	0.	1.49012e-008	0.	0.	50.	0.	0.	1.	0.	0.	5.55556e-002	
18.7871	62.4882	1039	0	12	13	13	12	12	0.	1.49012e-008	0.	0.	50.0556	0.	0.	1.	0.	0.	5.55556e-002	
18.8041	58.8576	1040	0	12	13	13	12	13	0.	0.	0.	0.	50.1111	0.	0.	1.	0.	0.	5.55556e-002	
18.8211	58.748	1041	0	12	13	13	12	13	0.	0.	0.	0.	50.1667	0.	0.	1.	0.	0.	5.55556e-002	

