Time	FPS	Frame	Crash	RB	RU	LU	LB	OC	Dither	DAngle	swAngle	OX	OY	OZ	HX	HY	HZ	DX	DY	DZ	HA	RHA	AccumulativeHeading(Y)	Speed	RSpeed	Dynamic	USRHIT	
2.35445e-005	42472.7	1	0	(0)1	(0)3	(0)3	(0)1	(0)2	0.	8.11822	0.	0.	0.	0.	0.	1.	0.	0.	1.	0.	0.	0.	0.	0.	0.	0	-1	
0.202064	4.94951	2	0	(0)1	(0)3	(0)3	(0)1	(0)2	0.135098	8.11822	0.	0.	0.	0.	0.	1.	0.	0.	1.	0.	0.	0.	0.	0.	0.	0	-1	
0.248221	21.6651	3	0	(0)1	(0)3	(0)3	(0)1	(0)2	0.135098	8.11822	0.	0.	0.	0.	0.	1.	0.	0.	1.	0.	0.	0.	0.	0.	0.	0	-1	
0.265179	58.9678	4	0	(0)1	(0)3	(0)3	(0)1	(0)2	0.135098	8.11822	0.	0.	0.	0.	0.	1.	0.	0.	1.	0.	0.	0.	0.	0.	0.	0	-1	
0.287357	45.0896	5	0	(0)1	(0)3	(0)3	(0)1	(0)2	0.135098	8.11822	0.	0.	0.	0.	0.	1.	0.	0.	1.	0.	0.	0.	0.	0.	0.	0	-1	
0.305987	53.6775	6	0	(0)1	(0)3	(0)3	(0)1	(0)2	0.135098	8.11822	0.	0.	0.	0.	0.	1.	0.	0.	1.	0.	0.	0.	0.	0.	0.	0	-1	
0.322221	61.5993	7	0	(0)1	(0)3	(0)3	(0)1	(0)2	0.135098	8.11822	0.	0.	0.	0.	0.	1.	0.	0.	1.	0.	0.	0.	0.	0.	0.	0	-1	
0.33923	58.792	8	0	(0)1	(0)3	(0)3	(0)1	(0)2	0.135098	8.11822	0.	0.	0.	0.	0.	1.	0.	0.	1.	0.	0.	0.	0.	0.	0.	0	-1	
0.356276	58.6671	9	0	(0)1	(0)3	(0)3	(0)1	(0)2	0.135098	8.11822	0.	0.	0.	0.	0.	1.	0.	0.	1.	0.	0.	0.	0.	0.	0.	0	-1	
0.373181	59.151	10	0	(0)1	(0)3	(0)3	(0)1	(0)2	0.135098	8.11822	0.	0.	0.	0.	0.	1.	0.	0.	1.	0.	0.	0.	0.	0.	0.	0	-1	
0.389857	59.9669	11	0	(0)1	(0)3	(0)3	(0)1	(0)2	0.135098	8.11822	0.	0.	0.	0.	0.	1.	0.	0.	1.	0.	0.	0.	0.	0.	0.	0	-1	
0.407447	56.8509	12	0	(0)1	(0)3	(0)3	(0)1	(0)2	0.135098	8.11822	0.	0.	0.	0.	0.	1.	0.	0.	1.	0.	0.	0.	0.	0.	0.	0	-1	
0.424306	59.3162	13	0	(0)1	(0)3	(0)3	(0)1	(0)2	0.135098	8.11822	0.	0.	0.	0.	0.	1.	0.	0.	1.	0.	0.	0.	0.	0.	0.	0	-1	
0.44126	58.9815	14	0	(0)1	(0)3	(0)3	(0)1	(0)2	0.135098	8.11822	0.	0.	0.	0.	0.	1.	0.	0.	1.	0.	0.	0.	0.	0.	0.	0	-1	
0.458283	58.7451	15	0	(0)1	(0)3	(0)3	(0)1	(0)2	0.135098	8.11822	0.	0.	0.	0.	0.	1.	0.	0.	1.	0.	0.	0.	0.	0.	0.	0	-1	
0.474946	60.0125	16	0	(0)1	(0)3	(0)3	(0)1	(0)2	0.135098	8.11822	0.	0.	0.	0.	0.	1.	0.	0.	1.	0.	0.	0.	0.	0.	0.	0	-1	
0.492285	57.6743	17	0	(0)1	(0)3	(0)3	(0)1	(0)2	0.135098	8.11822	0.	0.	0.	0.	0.	1.	0.	0.	1.	0.	0.	0.	0.	0.	0.	0	-1	
0.509275	58.8589	18	0	(0)1	(0)3	(0)3	(0)1	(0)2	0.135098	8.11822	0.	0.	0.	0.	0.	1.	0.	0.	1.	0.	0.	0.	0.	0.	0.	0	-1	
0.526202	59.0761	19	0	(0)1	(0)3	(0)3	(0)1	(0)2	0.135098	8.11822	0.	0.	0.	0.	0.	1.	0.	0.	1.	0.	0.	0.	0.	0.	0.	0	-1	
0.543625	57.3965	20	0	(0)1	(0)3	(0)3	(0)1	(0)2	0.135098	8.11822	0.	0.	0.	0.	0.	1.	0.	0.	1.	0.	0.	0.	0.	0.	0.	0	-1	
0.560303	59.9604	21	0	(0)1	(0)3	(0)3	(0)1	(0)2	0.135098	8.11822	0.	0.	0.	0.	0.	1.	0.	0.	1.	0.	0.	0.	0.	0.	0.	0	-1	
0.577241	59.0361	22	0	(0)1	(0)3	(0)3	(0)1	(0)2	0.135098	8.11822	0.	0.	0.	0.	0.	1.	0.	0.	1.	0.	0.	0.	0.	0.	0.	0	-1	
0.594336	58.4962	23	0	(0)1	(0)3	(0)3	(0)1	(0)2	0.135098	8.11822	0.	0.	0.	0.	0.	1.	0.	0.	1.	0.	0.	0.	0.	0.	0.	0	-1	
0.61123	59.1954	24	0	(0)1	(0)3	(0)3	(0)1	(0)2	0.135098	8.11822	0.	0.	0.	0.	0.	1.	0.	0.	1.	0.	0.	0.	0.	0.	0.	0	-1	
0.628224	58.8421	25	0	(0)1	(0)3	(0)3	(0)1	(0)2	0.135098	8.11822	0.	0.	0.	0.	0.	1.	0.	0.	1.	0.	0.	0.	0.	0.	0.	0	-1	
0.645226	58.8181	26	0	(0)1	(0)3	(0)3	(0)1	(0)2	0.135098	8.11822	0.	0.	0.	0.	0.	1.	0.	0.	1.	0.	0.	0.	0.	0.	0.	0	-1	
0.662258	58.7128	27	0	(0)1	(0)3	(0)3	(0)1	(0)2	0.135098	8.11822	0.	0.	0.	0.	0.	1.	0.	0.	1.	0.	0.	0.	0.	0.	0.	0	-1	
0.679307	58.6546	28	0	(0)1	(0)3	(0)3	(0)1	(0)2	0.135098	8.11822	0.	0.	0.	0.	0.	1.	0.	0.	1.	0.	0.	0.	0.	0.	0.	0	-1	
0.696285	58.8976	29	0	(0)1	(0)3	(0)3	(0)1	(0)2	0.135098	8.11822	0.	0.	0.	0.	0.	1.	0.	0.	1.	0.	0.	0.	0.	0.	0.	0	-1	
0.713222	59.0424	30	0	(0)1	(0)3	(0)3	(0)1	(0)2	0.135098	8.11822	0.	0.	0.	0.	0.	1.	0.	0.	1.	0.	0.	0.	0.	0.	0.	0	-1	
0.730231	58.7931	31	0	(0)1	(0)3	(0)3	(0)1	(0)2	0.135098	8.11822	0.	0.	0.	0.	0.	1.	0.	0.	1.	0.	0.	0.	0.	0.	0.	0	-1	
0.747258	58.7305	32	0	(0)1	(0)3	(0)3	(0)1	(0)2	0.135098	8.11822	0.	0.	0.	0.	0.	1.	0.	0.	1.	0.	0.	0.	0.	0.	0.	0	-1	
0.765763	54.04	33	0	(0)1	(0)3	(0)3	(0)1	(0)2	0.135098	8.11822	0.	0.	0.	0.	0.	1.	0.	0.	1.	0.	0.	0.	0.	0.	0.	0	-1	
0.782322	60.3888	34	0	(0)1	(0)3	(0)3	(0)1	(0)2	0.135098	8.11822	0.	0.	0.	0.	0.	1.	0.	0.	1.	0.	0.	0.	0.	0.	0.	0	-1	
0.810805	35.1088	35	0	(0)1	(0)3	(0)3	(0)1	(0)2	0.135098	8.11822	0.	0.	0.	0.	0.	1.	0.	0.	1.	0.	0.	0.	0.	0.	0.	0	-1	
0.827205	60.9779	36	0	(0)1	(0)3	(0)3	(0)1	(0)2	0.135098	8.11822	0.	0.	0.	0.	0.	1.	0.	0.	1.	0.	0.	0.	0.	0.	0.	0	-1	
0.844332	58.3858	37	0	(0)1	(0)3	(0)3	(0)1	(0)2	0.135098	8.11822	-1.17191	0.	0.	0.	0.	1.	0.	0.	1.	0.	0.	0.	0.	0.	0.	0	-1	
0.860319	62.5495	38	0	(0)1	(0)3	(0)3	(0)1	(0)2	0.132706	7.96822	-1.17191	6.22512e-003	2.67026e-002	0.	2.61799e-003	0.999997	0.	2.61799e-003	0.999997	0.	9.	9.38242	0.15	6.25019	6.17408	0	-1	
0.877237	59.1099	39	0	(0)1	(0)3	(0)3	(0)1	(0)2	0.125702	7.66822	-1.17191	1.88471e-002	6.55904e-002	0.	7.8539e-003	0.999969	0.	7.8539e-003	0.999969	0.	18.	17.733	0.45	9.37529	8.70013	0	-1	
0.894253	58.768	40	0	(0)1	(0)3	(0)3	(0)1	(0)2	0.117443	7.21822	-1.17191	3.85875e-002	0.145495	0.	1.57073e-002	0.999877	0.	1.57073e-002	0.999877	0.	27.	26.4456	0.9	18.7506	17.4133	0	-1	
0.911265	58.7816	41	0	(0)1	(0)3	(0)3	(0)1	(0)2	0.104864	6.61822	-1.17191	6.59399e-002	0.248169	0.	2.61769e-002	0.999657	0.	2.61769e-002	0.999657	0.	36.	35.2689	1.5	24.2195	22.485	0	-1	
0.928342	58.5592	42	0	(0)1	(0)3	(0)3	(0)1	(0)2	8.8246e-002	5.90988	-1.17191	9.96544e-002	0.366842	0.	3.85331e-002	0.999257	0.	3.85331e-002	0.999257	0.	42.5	41.4795	2.20833	28.1259	26.0078	0	-1	
0.945272	59.0677	43	0	(0)1	(0)3	(0)3	(0)1	(0)2	7.24133e-002	5.20155	-1.17191	0.136122	0.510375	0.	5.08835e-002	0.998705	0.	5.08835e-002	0.998705	0.	42.5	41.8396	2.91667	33.5948	31.4911	0	-1	
0.962213	59.0277	44	0	(0)1	(0)3	(0)3	(0)1	(0)2	5.61782e-002	4.49322	-1.17191	0.175504	0.671496	0.	6.3226e-002	0.997999	0.	6.3226e-002	0.997999	0.	42.5	41.8113	3.625	37.5011	35.246	0	-1	
0.979329	58.426	45	0	(0)1	(0)3	(0)3	(0)1	(0)2	3.88589e-002	3.78488	-1.17191	0.217969	0.846544	0.	7.55589e-002	0.997141	0.	7.55589e-002	0.997141	0.	42.5	41.3851	4.33333	40.6262	37.8863	0	-1	
0.996489	58.2718	46	0	(0)1	(0)3	(0)3	(0)1	(0)2	1.95185e-002	3.07655	-0.937529	0.262912	1.02466	0.	8.78802e-002	0.996131	0.	8.78802e-002	0.996131	0.	42.5	41.2759	5.04167	41.4075	38.5353	0	-1	
1.01323	59.7247	47	0	(0)1	(0)3	(0)3	(0)1	(0)2	2.07875e-003	2.36822	-0.468764	0.310053	1.2022	0.	0.100188	0.994969	0.	0.100188	0.994969	0.	42.5	42.305	5.75	41.4075	39.4961	0	-1	
1.03029	58.6183	48	0	(0)1	(0)3	(0)3	(0)1	(0)2	2.55104e-002	1.65988	3.66222e-003	0.361014	1.39352	0.	0.112481	0.993654	0.	0.112481	0.993654	0.	42.5	41.5213	6.45833	44.5326	41.7818	0	-1	
1.04729	58.839	49	0	(0)1	(0)4	(0)4	(0)1	(0)2	5.07965e-002	0.962999	0.238044	0.4143	1.58802	0.	0.124558	0.992212	0.	0.124558	0.992212	0.	41.8132	41.0041	7.15522	45.3139	42.7171	0	-1	
1.06331	62.4151	50	0	(0)1	(0)4	(0)4	(0)1	(0)2	7.58411e-002	0.325382	0.238044	0.467935	1.78667	0.	0.135592	0.990765	0.	0.135592	0.990765	0.	38.257	39.7969	7.79284	46.0952	46.2343	0	-1	
1.08025	59.0351	51	0	(0)1	(0)4	(0)4	(0)2	(0)3	0.101144	5.00396	0.238044	0.522904	1.99285	0.	0.145818	0.989311	0.	0.145818	0.989311	0.	35.5078	34.9368	8.38463	47.6577	45.3475	0	-1	
1.0973	58.6484	52	0	(0)2	(0)4	(0)4	(0)2	(0)3	9.43852e-002	4.29563	0.238044	0.584891	2.19591	0.	0.158037	0.987433	0.	0.158037	0.987433	0.	42.5	41.5426	9.09297	47.6577	44.827	0	-1	
1.11591	53.7376	53	0	(0)2	(0)4	(0)4	(0)2	(0)3	0.11006	3.58729	0.238044	0.65	2.40176	0.	0.170232	0.985404	0.	0.170232	0.985404	0.	42.5	38.0642	9.8013	48.439	41.7667	0	-1	
1.13256	60.0397	54	0	(0)2	(0)4	(0)4	(0)2	(0)3	0.128213	2.87896	0.238044	0.718308	2.61034	0.	0.182401	0.983224	0.	0.182401	0.983224	0.	42.5	42.5281	10.5096	49.2203	47.4397	0	-1	
1.14958	58.7555	55	0	(0)2	(0)4	(0)4	(0)2	(0)3	0.149069	2.17063	0.238044	0.78919	2.81806	0.	0.194542	0.980894	0.	0.194542	0.980894	0.	42.5	41.6185	11.218	49.2203	46.425	0	-1	
1.16628	59.8899	56	0	(0)2	(0)4	(0)4	(0)2	(0)3	0.172625	1.46229	0.238044	0.862634	3.02489	0.	0.206653	0.978414	0.	0.206653	0.978414	0.	42.5	42.422	11.9263	49.2203	47.3213	0	-1	
1.18331	58.7284	57	0	(0)2	(0)4	(0)4	(0)2	(0)3	0.198687	0.758168	0.238044	0.938458	3.2309	0.	0.218661	0.975801	0.	0.218661	0.975801	0.	42.2475	41.3521	12.6304	49.2203	46.4114	0	-1	
1.20038	58.5851	58	0	(0)2	(0)4	(0)4	(0)2	(0)3	0.224442	0.120135	0.238044	1.01497	3.44112	0.	0.229514	0.973305	0.	0.229514	0.973305	0.	38.282	37.3792	13.2685	50.0015	47.1821	0	-1	
1.21724	59.3067	59	0	(0)2	(0)5	(0)5	(0)2	(0)3	0.249525	-0.447881	0.238044	1.09101	3.65224	0.	0.239152	0.970982	0.	0.239152	0.970982	0.	34.081	33.6872	13.8365	50.0015	47.9091	0	-1	
1.23329	62.2966	60	0	(0)2	(0)5	(0)5	(0)2	(0)4	0.274024	4.10246	0.238044	1.16664	3.86419	0.	0.247712	0.968834	0.	0.247712	0.968834	0.	30.3411	31.5024	14.3422	50.0015	50.469	0	-1	
1.25029	58.8212	61	0	(0)2	(0)5	(0)5	(0)3	(0)4	0.277243	3.44677	0.238044	1.2501	4.07157	0.	0.258783	0.965936	0.	0.258783	0.965936	0.	39.3411	38.5682	14.9978	50.0015	47.3372	0	-1	
1.27363	42.8568	62	0	(0)3	(0)5	(0)5	(0)3	(0)4	0.29576	2.73844	0.238044	1.33799	4.27659	0.	0.270704	0.962663	0.	0.270704	0.962663	0.	42.5	30.3569	15.7062	50.0015	34.416	0	-1	
1.29033	59.8542	63	0	(0)3	(0)5	(0)5	(0)3	(0)4	0.317024	2.03011	0.238044	1.42842	4.48051	0.	0.282584	0.959242	0.	0.282584	0.959242	0.	42.5	42.3967	16.4145	50.0015	48.0657	0	-1	
1.3073	58.9311	64	0	(0)3	(0)5	(0)5	(0)3	(0)4	0.341032	1.32177	0.238044	1.52136	4.6833	0.	0.294421	0.955676	0.	0.294421	0.955676	0.	42.5	41.7429	17.1228	50.0015	47.3244	0	-1	
1.32431	58.7972	65	0	(0)3	(0)5	(0)5	(0)3	(0)4	0.366343	0.643399	0.238044	1.61786	4.89264	0.	0.305716	0.952123	0.	0.305716	0.952123	0.	40.7024	39.8865	17.8012	51.5641	48.7934	0	-1	
1.34124	59.0793	66	0	(0)3	(0)5	(0)5	(0)3	(0)4	0.391368	3.13179e-002	0.238044	1.71545	5.10614	0.	0.315869	0.948803	0.	0.315869	0.948803	0.	36.7249	36.1613	18.4133	52.3453	49.9268	0	-1	
1.35824	58.8139	67	0	(0)3	(0)5	(0)5	(0)3	(0)4	0.415769	-0.511676	0.238044	1.81269	5.32057	0.	0.324847	0.945767	0.	0.324847	0.945767	0.	32.5796	31.9356	18.9563	52.3453	49.8517	0	-1	
1.37527	58.6993	68	0	(0)3	(0)5	(0)6	(0)3	(0)4	0.440019	-1.00057	0.238044	1.91112	5.53905	0.	0.332905	0.94296	0.	0.332905	0.94296	0.	29.3336	28.6977	19.4452	53.1266	50.6385	0	-1	
1.39125	62.5885	69	0	(0)3	(0)6	(0)6	(0)3	(0)4	0.463786	-1.43346	0.238044	2.00931	5.75833	0.	0.34002	0.940418	0.	0.34002	0.940418	0.	25.9732	27.0938	19.8781	53.1266	54.1351	0	-1	
1.4081	59.3556	70	0	(0)3	(0)6	(0)6	(0)4	(0)5	0.487137	2.96258	0.238044	2.1073	5.97834	0.	0.346303	0.938123	0.	0.346303	0.938123	0.	22.9978	22.7508	20.2614	53.1266	51.4622	0	-1	
1.42526	58.279	71	0	(0)3	(0)6	(0)6	(0)4	(0)5	0.470359	2.42928	0.238044	2.21233	6.19319	0.	0.35502	0.934859	0.	0.35502	0.934859	0.	31.9978	31.08	20.7947	53.1266	50.1753	0	-1	
1.44232	58.611	72	0	(0)4	(0)6	(0)6	(0)4	(0)5	0.491241	1.74598	0.238044	2.32487	6.40251	0.	0.366143	0.930558	0.	0.366143	0.930558	0.	40.9978	40.0487	21.478	53.1266	50.1446	0	-1	
1.45821	62.9249	73	0	(0)4	(0)6	(0)6	(0)4	(0)5	0.51548	1.05094	0.238044	2.44033	6.6101	0.	0.377405	0.926048	0.	0.377405	0.926048	0.	41.7027	43.7357	22.173	53.1266	53.8105	0	-1	
1.4753	58.5199	74	0	(0)4	(0)6	(0)6	(0)4	(0)5	0.53905	0.433711	0.238044	2.55549	6.81872	0.	0.387358	0.921929	0.	0.387358	0.921929	0.	37.0337	36.1201	22.7902	53.1266	50.201	0	-1	
1.49231	58.8045	75	0	(0)4	(0)6	(0)6	(0)4	(0)5	0.562045	-0.114412	0.238044	2.67043	7.02826	0.	0.39616	0.918181	0.	0.39616	0.918181	0.	32.8874	32.2321	23.3384	53.1266	50.5946	0	-1	
1.50929	58.8735	76	0	(0)4	(0)6	(0)6	(0)4	(0)5	0.585269	-0.615483	0.238044	2.78862	7.24481	0.	0.404175	0.914682	0.	0.404175	0.914682	0.	30.0642	29.4998	23.8394	54.6892	52.2883	0	-1	
1.52525	62.6726	77	0	(0)4	(0)6	(0)7	(0)4	(0)5	0.608032	-1.0588	0.238044	2.90666	7.46219	0.	0.41124	0.911527	0.	0.41124	0.911527	0.	26.5992	27.784	24.2827	54.6892	55.8086	0	-1	
1.54227	58.743	78	0	(0)4	(0)6	(0)7	(0)5	(0)5	0.631089	-1.46224	0.238044	3.02801	7.68651	0.	0.417648	0.908609	0.	0.417648	0.908609	0.	24.206	23.6989	24.6862	56.2517	53.9338	0	-1	
1.55929	58.7576	79	0	(0)4	(0)7	(0)7	(0)5	(0)6	0.649172	2.74629	0.238044	3.14568	7.91487	0.	0.421663	0.906753	0.	0.421663	0.906753	0.	15.206	14.8911	24.9396	56.2517	54.3411	0	-1	
1.57527	62.5589	80	0	(0)5	(0)7	(0)7	(0)5	(0)6	0.621912	2.34286	0.238044	3.26958	8.13778	0.	0.428037	0.903761	0.	0.428037	0.903761	0.	24.206	25.2383	25.343	56.2517	57.4373	0	-1	
1.5923	58.7513	81	0	(0)5	(0)7	(0)7	(0)5	(0)6	0.63676	1.78943	0.238044	3.40024	8.35484	0.	0.436747	0.899585	0.	0.436747	0.899585	0.	33.206	32.5149	25.8965	56.2517	53.584	0	-1	
1.60932	58.7534	82	0	(0)5	(0)7	(0)7	(0)5	(0)6	0.659965	1.10701	0.238044	3.53739	8.56629	0.	0.44743	0.894319	0.	0.44743	0.894319	0.	40.9453	40.0946	26.5789	56.2517	53.3082	0	-1	
1.62625	59.0656	83	0	(0)5	(0)7	(0)7	(0)5	(0)6	0.682561	0.503331	3.66222e-003	3.6744	8.77877	0.	0.456827	0.889555	0.	0.456827	0.889555	0.	36.2206	35.6565	27.1826	56.2517	53.7586	0	-1	
1.64321	58.9447	84	0	(0)5	(0)7	(0)7	(0)5	(0)6	0.704636	-3.06864e-002	3.66222e-003	3.81131	8.99218	0.	0.465098	0.885259	0.	0.465098	0.885259	0.	32.0411	31.4775	27.7166	56.2517	53.8047	0	-1	
1.66028	58.6038	85	0	(0)5	(0)7	(0)7	(0)5	(0)6	0.726265	-0.503083	3.66222e-003	3.94815	9.20645	0.	0.472381	0.881394	0.	0.472381	0.881394	0.	28.3438	27.6842	28.189	56.2517	53.6375	0	-1	
1.68649	38.1465	86	0	(0)5	(0)7	(0)8	(0)5	(0)6	0.747512	-0.92097	3.66222e-003	4.08497	9.42148	0.	0.478797	0.877925	0.	0.478797	0.877925	0.	25.0732	15.9409	28.6069	56.2517	35.0001	0	-1	
1.70566	52.1523	87	0	(0)5	(0)7	(0)8	(0)6	(0)7	0.768431	2.83394	3.66222e-003	4.22178	9.63719	0.	0.484452	0.874818	0.	0.484452	0.874818	0.	22.18	19.279	28.9765	56.2517	47.9586	0	-1	
1.72326	56.846	88	0	(0)5	(0)8	(0)8	(0)6	(0)7	0.757299	2.31428	3.66222e-003	4.36484	9.84673	0.	0.492366	0.870388	0.	0.492366	0.870388	0.	31.18	29.541	29.4962	56.2517	51.921	0	-1	
1.74029	58.7055	89	0	(0)6	(0)8	(0)8	(0)6	(0)7	0.777618	1.64461	3.66222e-003	4.51459	10.0496	0.	0.502505	0.864574	0.	0.502505	0.864574	0.	40.18	39.3131	30.1659	56.2517	53.2909	0	-1	
1.75726	58.9311	90	0	(0)6	(0)8	(0)8	(0)6	(0)7	0.798047	1.03662	0.472427	4.66476	10.2529	0.	0.511651	0.859193	0.	0.511651	0.859193	0.	36.4793	35.8294	30.7739	56.2517	53.6267	0	-1	
1.77427	58.7868	91	0	(0)6	(0)8	(0)8	(0)6	(0)7	0.818039	0.496725	0.941191	4.81495	10.4571	0.	0.519724	0.854334	0.	0.519724	0.854334	0.	32.3938	31.7388	31.3138	56.2517	53.6471	0	-1	
1.79026	62.5235	92	0	(0)6	(0)8	(0)8	(0)6	(0)7	0.837656	1.72946e-002	1.41362	4.96519	10.6621	0.	0.526855	0.849955	0.	0.526855	0.849955	0.	28.7658	29.9757	31.7932	56.2517	57.2072	0	-1	
1.80725	58.8672	93	0	(0)6	(0)8	(0)8	(0)6	(0)7	0.856952	-0.408442	1.88238	5.1155	10.8679	0.	0.533156	0.846017	0.	0.533156	0.846017	0.	25.5442	25.0619	32.2189	56.2517	53.9923	0	-1	
1.82427	58.7618	94	0	(0)6	(0)8	(0)8	(0)6	(0)7	0.875974	-0.786499	2.82357	5.26588	11.0742	0.	0.538726	0.842481	0.	0.538726	0.842481	0.	22.6834	22.2153	32.597	56.2517	54.0151	0	-1	
1.8413	58.7024	95	0	(0)6	(0)8	(0)9	(0)7	(0)7	0.894759	-1.12221	4.00281	5.41634	11.2812	0.	0.543654	0.83931	0.	0.543654	0.83931	0.	20.143	19.7073	32.9327	56.2517	54.0697	0	-1	
1.85824	59.0361	96	0	(0)6	(0)8	(0)9	(0)7	(0)8	0.913617	2.35962	5.64714	5.569	11.4915	0.	0.548074	0.83643	0.	0.548074	0.83643	0.	18.1355	17.8441	33.235	57.033	55.2337	0	-1	
1.87478	60.4627	97	0	(0)6	(0)9	(0)9	(0)7	(0)8	0.906658	1.90737	7.29514	5.73909	11.6962	0.	0.554659	0.832078	0.	0.554659	0.832078	0.	27.1355	27.3447	33.6872	58.5955	57.9397	0	-1	
1.89166	59.2526	98	0	(0)7	(0)9	(0)9	(0)7	(0)8	0.936515	1.30511	8.94314	5.92718	11.9077	0.	0.563374	0.826202	0.	0.563374	0.826202	0.	36.1355	35.6853	34.2895	62.5019	60.3685	0	-1	
1.90837	59.8445	99	0	(0)7	(0)9	(0)9	(0)7	(0)8	0.970427	0.731507	10.8255	6.11863	12.1169	0.	0.571617	0.82052	0.	0.571617	0.82052	0.	34.416	34.3268	34.8631	62.5019	61.0987	0	-1	
1.9253	59.0456	100	0	(0)7	(0)9	(0)9	(0)7	(0)8	1.00832	0.176609	12.4735	6.33015	12.3473	0.	0.579537	0.814946	0.	0.579537	0.814946	0.	33.2939	32.7643	35.418	68.7521	66.4802	0	-1	
1.94124	62.7687	101	0	(0)7	(0)9	(0)9	(0)7	(0)8	1.05069	-0.359402	14.1179	6.5663	12.6044	0.	0.587135	0.809489	0.	0.587135	0.809489	0.	32.1606	33.6447	35.954	76.5648	78.8874	0	-1	
1.9583	58.6027	102	0	(0)7	(0)9	(0)9	(0)7	(0)8	1.09921	-0.872199	16.7071	6.83266	12.8932	0.	0.594357	0.804202	0.	0.594357	0.804202	0.	30.7678	30.0513	36.4668	85.9401	82.8824	0	-1	
1.97431	62.4705	103	0	(0)7	(0)9	(0)10	(0)8	(0)8	1.15146	-1.32722	18.5894	7.11705	13.2007	0.	0.600725	0.799456	0.	0.600725	0.799456	0.	27.3012	28.4253	36.9218	91.409	94.2029	0	-1	
1.99126	58.9762	104	0	(0)7	(0)9	(0)10	(0)8	(0)9	1.20277	1.82082	20.4718	7.41233	13.5251	0.	0.604972	0.796247	0.	0.604972	0.796247	0.	18.3012	17.989	37.2268	95.3154	93.1316	0	-1	
2.00824	58.9133	105	0	(0)8	(0)10	(0)10	(0)8	(0)9	1.1874	1.3658	22.3542	7.72896	13.8574	0.	0.611276	0.791417	0.	0.611276	0.791417	0.	27.3012	26.8068	37.6818	100.	97.3433	0	-1	
2.02428	62.3282	106	0	(0)8	(0)10	(0)10	(0)8	(0)9	1.23681	0.760784	23.7642	8.05405	14.1797	0.	0.619599	0.784918	0.	0.619599	0.784918	0.	36.3012	37.7099	38.2869	100.	102.725	0	-1	
2.04036	62.1937	107	0	(0)8	(0)10	(0)10	(0)8	(0)9	1.29853	5.24505e-002	25.6465	8.38742	14.4927	0.	0.629255	0.777199	0.	0.629255	0.777199	0.	42.5	44.0539	38.9952	100.	102.384	0	-1	
2.05731	58.992	108	0	(0)8	(0)10	(0)11	(0)9	(0)9	1.36246	-0.543444	27.2945	8.72309	14.8051	0.	0.637304	0.770612	0.	0.637304	0.770612	0.	35.7537	35.153	39.5911	100.	97.3739	0	-1	
2.07438	58.5986	109	0	(0)8	(0)10	(0)11	(0)9	(0)10	1.4278	2.11182	28.9425	9.06051	15.1173	0.	0.6438	0.765194	0.	0.6438	0.765194	0.	29.0799	28.4006	40.0758	100.	96.9844	0	-1	
2.09135	58.9185	110	0	(0)9	(0)11	(0)11	(0)9	(0)10	1.43712	1.47716	30.5905	9.40633	15.4189	0.	0.652236	0.758016	0.	0.652236	0.758016	0.	38.0799	37.3935	40.7104	100.	97.3191	0	-1	
2.1083	58.9983	111	0	(0)9	(0)11	(0)11	(0)9	(0)10	1.50104	0.768825	31.7661	9.75861	15.7124	0.	0.661557	0.749895	0.	0.661557	0.749895	0.	42.5	41.7904	41.4188	100.	97.3859	0	-1	
2.12535	58.6359	112	0	(0)9	(0)11	(0)11	(0)9	(0)10	1.56999	0.115498	33.4141	10.1146	16.0025	0.	0.670065	0.742302	0.	0.670065	0.742302	0.	39.1996	38.3084	42.0721	100.	96.9446	0	-1	
2.14139	62.3717	113	0	(0)9	(0)11	(0)11	(0)9	(0)10	1.63984	-0.419853	34.5897	10.472	16.2928	0.	0.676971	0.736009	0.	0.676971	0.736009	0.	32.121	33.3907	42.6074	100.	103.371	0	-1	
2.15835	58.9647	114	0	(0)9	(0)11	(0)12	(0)10	(0)10	1.71165	-0.858531	36.4721	10.8313	16.5823	0.	0.682587	0.730805	0.	0.682587	0.730805	0.	26.3207	25.8665	43.0461	100.	97.9595	0	-1	
2.17439	62.32	115	0	(0)9	(0)11	(0)12	(0)10	(0)11	1.78114	1.70194	37.6476	11.1901	16.8747	0.	0.68626	0.727356	0.	0.68626	0.727356	0.	17.3207	17.9904	43.3348	100.	103.853	0	-1	
2.19136	58.9217	116	0	(0)10	(0)11	(0)12	(0)10	(0)11	1.78213	1.26327	38.8232	11.5553	17.1576	0.	0.691809	0.722081	0.	0.691809	0.722081	0.	26.3207	25.8476	43.7735	100.	97.9853	0	-1	
2.20838	58.7816	117	0	(0)10	(0)12	(0)12	(0)10	(0)11	1.85215	0.674587	39.7644	11.9273	17.4301	0.	0.699191	0.714935	0.	0.699191	0.714935	0.	35.3207	34.6034	44.3621	100.	97.5713	0	-1	
2.23063	44.9428	118	0	(0)10	(0)12	(0)12	(0)10	(0)11	1.9277	0.105411	41.178	12.3028	17.6984	0.	0.706259	0.707954	0.	0.706259	0.707954	0.	34.1506	25.5804	44.9313	100.	74.6725	0	-1	
2.24749	59.2908	119	0	(0)10	(0)12	(0)12	(0)10	(0)11	2.00381	-0.364317	41.8812	12.6793	17.9668	0.	0.712039	0.70214	0.	0.712039	0.70214	0.	28.1837	27.8506	45.4011	100.	98.6866	0	-1	
2.26427	59.6151	120	0	(0)10	(0)12	(0)12	(0)11	(0)11	2.08085	-0.751974	42.8224	13.0568	18.235	0.	0.716773	0.697306	0.	0.716773	0.697306	0.	23.2594	23.1102	45.7887	100.	99.3922	0	-1	
2.28232	55.3992	121	0	(0)10	(0)12	(0)13	(0)11	(0)12	2.15426	1.5934	43.2948	13.4331	18.5071	0.	0.719659	0.694327	0.	0.719659	0.694327	0.	14.2594	13.166	46.0264	100.	92.6046	0	-1	
2.29931	58.84	122	0	(0)11	(0)12	(0)13	(0)11	(0)12	2.1535	1.20574	44.0016	13.8146	18.77	0.	0.724341	0.689442	0.	0.724341	0.689442	0.	23.2594	22.8097	46.414	100.	98.152	0	-1	
2.31631	58.8202	123	0	(0)11	(0)13	(0)13	(0)11	(0)12	2.22781	0.668082	44.7047	14.2019	19.0229	0.	0.730778	0.682615	0.	0.730778	0.682615	0.	32.2594	31.6251	46.9517	100.	97.9435	0	-1	
2.3334	58.5199	124	0	(0)11	(0)13	(0)13	(0)11	(0)12	2.30562	0.15898	45.1772	14.5914	19.2729	0.	0.736815	0.676095	0.	0.736815	0.676095	0.	30.5461	29.7926	47.4608	100.	97.5038	0	-1	
2.35702	42.3473	125	0	(0)11	(0)13	(0)13	(0)11	(0)12	2.38325	-0.264007	45.1772	14.9812	19.5235	0.	0.741786	0.670637	0.	0.741786	0.670637	0.	25.3792	17.9123	47.8838	100.	70.642	0	-1	
2.37436	57.6522	126	0	(0)11	(0)13	(0)13	(0)12	(0)12	2.46135	-0.615445	45.6459	15.3717	19.7741	0.	0.745885	0.666074	0.	0.745885	0.666074	0.	21.0863	20.2612	48.2352	100.	96.2946	0	-1	
2.39138	58.7503	127	0	(0)11	(0)13	(0)14	(0)12	(0)12	2.53936	-0.907436	45.6459	15.7624	20.025	0.	0.74927	0.662264	0.	0.74927	0.662264	0.	17.5195	17.1546	48.5272	100.	98.2172	0	-1	
2.40837	58.8589	128	0	(0)12	(0)13	(0)14	(0)12	(0)13	2.61237	1.29223	45.6459	16.1512	20.281	0.	0.750909	0.660406	0.	0.750909	0.660406	0.	8.5195	8.35747	48.6692	100.	98.6381	0	-1	
2.42539	58.7607	129	0	(0)12	(0)13	(0)14	(0)12	(0)13	2.59063	1.00024	45.6459	16.5439	20.5289	0.	0.754265	0.65657	0.	0.754265	0.65657	0.	17.5195	17.1576	48.9612	100.	98.2346	0	-1	
2.44236	58.9458	130	0	(0)12	(0)14	(0)14	(0)12	(0)13	2.66309	0.558248	45.6459	16.9409	20.7679	0.	0.759307	0.650732	0.	0.759307	0.650732	0.	26.5195	26.0535	49.4032	100.	98.3265	0	-1	
2.45935	58.8411	131	0	(0)12	(0)14	(0)14	(0)12	(0)13	2.73896	0.118595	45.6459	17.3396	21.0039	0.	0.764278	0.644887	0.	0.764278	0.644887	0.	26.3792	25.8696	49.8428	100.	98.1551	0	-1	
2.47635	58.8212	132	0	(0)12	(0)14	(0)14	(0)13	(0)13	2.8148	-0.248999	45.6459	17.7388	21.2402	0.	0.7684	0.63997	0.	0.7684	0.63997	0.	22.0556	21.6223	50.2104	100.	98.2236	0	-1	
2.49231	62.6785	133	0	(0)12	(0)14	(0)14	(0)13	(0)13	2.89062	-0.556345	45.6459	18.1382	21.4768	0.	0.771822	0.635839	0.	0.771822	0.635839	0.	18.4407	19.264	50.5178	100.	104.759	0	-1	
2.50937	58.6048	134	0	(0)12	(0)14	(0)15	(0)13	(0)14	2.96644	1.3109	45.6459	18.538	21.7136	0.	0.774666	0.632371	0.	0.774666	0.632371	0.	15.4183	15.0598	50.7747	100.	98.0276	0	-1	
2.52627	59.1859	135	0	(0)13	(0)14	(0)15	(0)13	(0)14	2.95367	0.903923	45.6459	18.9417	21.9416	0.	0.779138	0.626853	0.	0.779138	0.626853	0.	24.4183	24.087	51.1817	100.	98.776	0	-1	
2.54324	58.8976	136	0	(0)13	(0)14	(0)15	(0)13	(0)14	3.02731	0.453544	45.6459	19.3478	22.1645	0.	0.784041	0.620709	0.	0.784041	0.620709	0.	27.0228	26.5263	51.6321	100.	98.2346	0	-1	
2.5603	58.6162	137	0	(0)13	(0)15	(0)15	(0)13	(0)14	3.10102	7.47661e-002	45.6459	19.7543	22.3877	0.	0.788127	0.615512	0.	0.788127	0.615512	0.	22.7267	22.2025	52.0109	100.	97.8652	0	-1	
2.57638	62.2159	138	0	(0)13	(0)15	(0)15	(0)14	(0)14	3.17481	-0.243794	45.6459	20.1612	22.6111	0.	0.791537	0.611121	0.	0.791537	0.611121	0.	19.1136	19.8195	52.3294	100.	103.968	0	-1	
2.59356	58.2094	139	0	(0)13	(0)15	(0)15	(0)14	(0)14	3.24836	-0.511709	45.4115	20.5683	22.8349	0.	0.794386	0.607413	0.	0.794386	0.607413	0.	16.0749	15.5952	52.5973	100.	97.3397	0	-1	
2.61031	59.6849	140	0	(0)13	(0)15	(0)15	(0)14	(0)14	3.32168	-0.737031	45.1772	20.9754	23.0591	0.	0.796769	0.604284	0.	0.796769	0.604284	0.	13.5193	13.4483	52.8227	100.	99.8654	0	-1	
2.62736	58.638	141	0	(0)13	(0)15	(0)16	(0)14	(0)15	3.38916	1.11665	44.9428	21.3806	23.2892	0.	0.797563	0.603236	0.	0.797563	0.603236	0.	4.51931	4.41673	52.898	100.	98.3556	0	-1	
2.64436	58.8244	142	0	(0)14	(0)15	(0)16	(0)14	(0)15	3.3585	0.89133	44.7047	21.7885	23.5117	0.	0.799929	0.600095	0.	0.799929	0.600095	0.	13.5193	13.2544	53.1233	100.	98.4064	0	-1	
2.66137	58.7983	143	0	(0)14	(0)15	(0)16	(0)14	(0)15	3.42673	0.516008	44.236	22.1996	23.7259	0.	0.803843	0.594842	0.	0.803843	0.594842	0.	22.5193	22.0683	53.4986	100.	98.1109	0	-1	
2.67836	58.8787	144	0	(0)14	(0)16	(0)16	(0)14	(0)15	3.49583	0.165501	43.5292	22.611	23.9393	0.	0.807466	0.589913	0.	0.807466	0.589913	0.	21.0304	20.6374	53.8491	100.	98.2516	0	-1	
2.6943	62.7378	145	0	(0)14	(0)16	(0)16	(0)15	(0)15	3.56417	-0.130889	42.8224	23.0224	24.1535	0.	0.810507	0.585729	0.	0.810507	0.585729	0.	17.7834	18.5949	54.1455	100.	104.75	0	-1	
2.71134	58.6629	146	0	(0)14	(0)16	(0)16	(0)15	(0)15	3.63143	-0.381518	41.8812	23.4334	24.3688	0.	0.813062	0.582178	0.	0.813062	0.582178	0.	15.0377	14.7026	54.3962	100.	97.9834	0	-1	
2.72838	58.6983	147	0	(0)14	(0)16	(0)16	(0)15	(0)15	3.69759	-0.59345	40.94	23.844	24.5852	0.	0.81521	0.579166	0.	0.81521	0.579166	0.	12.716	12.4401	54.6081	100.	98.0726	0	-1	
2.74538	58.8286	148	0	(0)14	(0)16	(0)17	(0)15	(0)16	3.75691	1.09879	40.0024	24.2522	24.8084	0.	0.815835	0.578285	0.	0.815835	0.578285	0.	3.71595	3.6434	54.67	100.	98.5319	0	-1	
2.76233	58.9867	149	0	(0)15	(0)16	(0)17	(0)15	(0)16	3.71327	0.886856	38.5888	24.6621	25.0252	0.	0.817969	0.575263	0.	0.817969	0.575263	0.	12.716	12.5012	54.882	100.	98.4693	0	-1	
2.78951	36.7958	150	0	(0)15	(0)16	(0)17	(0)15	(0)16	3.77119	0.524924	36.7064	25.0737	25.2353	0.	0.821586	0.570084	0.	0.821586	0.570084	0.	21.716	13.3176	55.2439	100.	61.2162	0	-1	
2.80635	59.3822	151	0	(0)15	(0)17	(0)17	(0)15	(0)16	3.82684	0.206235	34.3553	25.4843	25.4473	0.	0.824744	0.565506	0.	0.824744	0.565506	0.	19.1213	18.9244	55.5626	100.	98.7826	0	-1	
2.82342	58.5716	152	0	(0)15	(0)17	(0)17	(0)16	(0)16	3.88058	-6.46048e-002	32.7073	25.8941	25.6611	0.	0.827408	0.561601	0.	0.827408	0.561601	0.	16.2504	15.8636	55.8334	100.	97.4679	0	-1	
2.8404	58.8808	153	0	(0)15	(0)17	(0)17	(0)16	(0)16	3.93208	-0.294781	30.8249	26.3029	25.877	0.	0.829658	0.558272	0.	0.829658	0.558272	0.	13.8106	13.5529	56.0636	100.	98.0035	0	-1	
2.85743	58.7451	154	0	(0)15	(0)17	(0)17	(0)16	(0)16	3.9813	-0.490398	28.9425	26.7108	26.095	0.	0.831559	0.555437	0.	0.831559	0.555437	0.	11.737	11.4915	56.2592	100.	97.7946	0	-1	
2.87492	57.15	155	0	(0)15	(0)17	(0)18	(0)16	(0)17	4.02202	1.06165	26.8258	27.1156	26.3212	0.	0.832001	0.554774	0.	0.832001	0.554774	0.	2.73702	2.60701	56.3048	100.	95.411	0	-1	
2.8913	61.0712	156	0	(0)16	(0)17	(0)18	(0)16	(0)17	3.95892	0.866035	24.471	27.5212	26.5422	0.	0.83389	0.551931	0.	0.83389	0.551931	0.	11.737	11.9466	56.5004	100.	101.547	0	-1	
2.91127	50.0585	157	0	(0)16	(0)17	(0)18	(0)16	(0)17	3.99591	0.520418	20.9406	27.9271	26.7583	0.	0.837204	0.54689	0.	0.837204	0.54689	0.	20.737	17.3011	56.8461	100.	82.8762	0	-1	
2.92834	58.5944	158	0	(0)16	(0)17	(0)18	(0)16	(0)17	4.03016	0.231224	18.8238	28.3321	26.9769	0.	0.839954	0.542658	0.	0.839954	0.542658	0.	17.3516	16.9452	57.1352	100.	97.0837	0	-1	
2.94536	58.7597	159	0	(0)16	(0)18	(0)18	(0)17	(0)17	4.06132	-1.56884e-002	16.2383	28.7358	27.1984	0.	0.842285	0.539033	0.	0.842285	0.539033	0.	14.8147	14.5085	57.3822	100.	97.4032	0	-1	
2.96237	58.7764	160	0	(0)16	(0)18	(0)18	(0)17	(0)17	4.08906	-0.226501	13.4147	29.138	27.423	0.	0.844262	0.53593	0.	0.844262	0.53593	0.	12.6487	12.3908	57.593	100.	97.4701	0	-1	
2.97937	58.8474	161	0	(0)16	(0)18	(0)18	(0)17	(0)17	4.11365	-0.406491	10.8255	29.5388	27.6505	0.	0.845942	0.533276	0.	0.845942	0.533276	0.	10.7994	10.592	57.773	100.	97.6295	0	-1	
2.99638	58.7691	162	0	(0)17	(0)18	(0)19	(0)17	(0)18	4.129	1.0211	8.23634	29.9365	27.8869	0.	0.846221	0.532833	0.	0.846221	0.532833	0.	1.79943	1.76252	57.803	100.	97.8876	0	-1	
3.01232	62.7438	163	0	(0)17	(0)18	(0)19	(0)17	(0)18	4.03615	0.841111	5.64714	30.3307	28.1247	0.	0.84789	0.530172	0.	0.84789	0.530172	0.	10.7994	11.2933	57.9829	100.	103.986	0	-1	
3.02933	58.7785	164	0	(0)17	(0)18	(0)19	(0)17	(0)18	4.04561	0.51112	3.296	30.7276	28.3538	0.	0.85093	0.52528	0.	0.85093	0.52528	0.	19.7994	19.3963	58.3129	100.	96.9788	0	-1	
3.04642	58.5075	165	0	(0)17	(0)18	(0)19	(0)17	(0)18	4.05441	0.248356	0.472427	31.125	28.5839	0.	0.85333	0.521372	0.	0.85333	0.521372	0.	15.7658	15.3737	58.5757	100.	96.7234	0	-1	
3.06337	59.0014	166	0	(0)17	(0)19	(0)19	(0)18	(0)18	4.06347	2.30553e-002	-0.937529	31.523	28.8141	0.	0.855373	0.518012	0.	0.855373	0.518012	0.	13.5181	13.2931	58.801	100.	97.6494	0	-1	
3.08052	58.3088	167	0	(0)17	(0)19	(0)19	(0)18	(0)18	4.07277	-0.170124	-1.87506	31.9214	29.0443	0.	0.857115	0.515125	0.	0.857115	0.515125	0.	11.5908	11.2641	58.9942	100.	96.5968	0	-1	
3.09732	59.5465	168	0	(0)17	(0)19	(0)19	(0)18	(0)18	4.08226	-0.335762	-2.5782	32.3203	29.2746	0.	0.858601	0.512645	0.	0.858601	0.512645	0.	9.93825	9.86314	59.1598	100.	98.7303	0	-1	
3.11463	57.7588	169	0	(0)18	(0)19	(0)19	(0)18	(0)19	4.09262	0.840092	-2.81259	32.7197	29.5042	0.	0.859994	0.510305	0.	0.859994	0.510305	0.	9.36316	9.01342	59.3159	100.	95.7943	0	-1	
3.1313	60.0006	170	0	(0)18	(0)19	(0)20	(0)18	(0)19	4.01199	0.534039	-2.81259	33.1216	29.7252	0.	0.862707	0.505704	0.	0.862707	0.505704	0.	18.3632	18.3633	59.6219	100.	99.0646	0	-1	
3.15582	40.7748	171	0	(0)18	(0)19	(0)20	(0)18	(0)19	4.01968	0.289933	-2.81259	33.5239	29.9471	0.	0.864854	0.502024	0.	0.864854	0.502024	0.	14.6464	9.95339	59.866	100.	67.4456	0	-1	
3.17327	57.2983	172	0	(0)18	(0)19	(0)20	(0)18	(0)19	4.02766	7.98127e-002	-2.5782	33.9268	30.169	0.	0.866689	0.498849	0.	0.866689	0.498849	0.	12.6072	12.0395	60.0762	100.	94.874	0	-1	
3.19257	51.8292	173	0	(0)18	(0)20	(0)20	(0)19	(0)19	4.0359	-0.101053	-2.5782	34.3301	30.3909	0.	0.86826	0.49611	0.	0.86826	0.49611	0.	10.852	9.37414	60.257	100.	85.8947	0	-1	
3.20986	57.8243	174	0	(0)18	(0)20	(0)20	(0)19	(0)19	4.04435	-0.256738	-2.5782	34.7338	30.6128	0.	0.869604	0.493749	0.	0.869604	0.493749	0.	9.34108	9.00236	60.4127	100.	95.9041	0	-1	
3.22841	53.9213	175	0	(0)18	(0)20	(0)20	(0)19	(0)19	4.05344	-0.399937	-2.5782	35.1381	30.8343	0.	0.870836	0.491574	0.	0.870836	0.491574	0.	8.59197	7.72151	60.5559	100.	89.4652	0	-1	
3.24544	58.7087	176	0	(0)19	(0)20	(0)20	(0)19	(0)19	4.05634	-0.393137	-2.5782	35.541	31.0621	0.	0.870777	0.491678	0.	0.870777	0.491678	0.	-0.408028	-0.399246	60.5491	100.	97.8265	0	-1	
3.2623	59.3237	177	0	(0)19	(0)20	(0)21	(0)19	(0)20	4.05181	0.982927	-2.5782	35.9383	31.2953	0.	0.869429	0.494059	0.	0.869429	0.494059	0.	-9.40803	-9.30198	60.3923	100.	98.3875	0	-1	
3.28538	43.3202	178	0	(0)19	(0)20	(0)21	(0)19	(0)20	3.95095	0.989727	-2.5782	36.3405	31.5242	0.	0.86937	0.494162	0.	0.86937	0.494162	0.	-0.408028	-0.294598	60.3855	100.	72.1847	0	-1	
3.30698	46.3002	179	0	(0)19	(0)20	(0)21	(0)19	(0)20	3.95001	0.846528	-2.5782	36.7446	31.7458	0.	0.870602	0.491988	0.	0.870602	0.491988	0.	8.59197	6.63017	60.5287	100.	76.8203	0	-1	
3.32335	61.0701	180	0	(0)19	(0)20	(0)21	(0)20	(0)20	3.95762	0.553328	-2.5782	37.151	31.9589	0.	0.873108	0.487526	0.	0.873108	0.487526	0.	17.592	17.9057	60.8219	100.	100.869	0	-1	
3.34031	58.9867	181	0	(0)19	(0)21	(0)21	(0)20	(0)20	3.96494	0.313817	-2.5782	37.5578	32.1726	0.	0.875139	0.483872	0.	0.875139	0.483872	0.	14.3707	14.128	61.0614	100.	97.5834	0	-1	
3.3573	58.8411	182	0	(0)19	(0)21	(0)21	(0)20	(0)20	3.97198	0.118902	-2.5782	37.965	32.3869	0.	0.87678	0.480892	0.	0.87678	0.480892	0.	11.6949	11.469	61.2563	100.	97.4736	0	-1	
3.37435	58.664	183	0	(0)19	(0)21	(0)21	(0)20	(0)20	3.97929	-4.94738e-002	-2.5782	38.3727	32.6011	0.	0.878189	0.478313	0.	0.878189	0.478313	0.	10.1026	9.8776	61.4247	100.	97.2588	0	-1	
3.39362	51.8917	184	0	(0)20	(0)21	(0)22	(0)20	(0)21	3.98682	0.922836	-2.5782	38.7808	32.8152	0.	0.879401	0.476082	0.	0.879401	0.476082	0.	8.72706	7.5477	61.5702	100.	86.0917	0	-1	
3.41033	59.8477	185	0	(0)20	(0)21	(0)22	(0)20	(0)21	3.90946	0.627385	-2.5782	39.1909	33.0208	0.	0.881844	0.471541	0.	0.881844	0.471541	0.	17.7271	17.6821	61.8656	100.	98.8432	0	-1	
3.42763	57.8031	186	0	(0)20	(0)21	(0)22	(0)20	(0)21	3.91787	0.353587	-2.5782	39.6019	33.2253	0.	0.884087	0.467322	0.	0.884087	0.467322	0.	16.4279	15.8264	62.1394	100.	95.5275	0	-1	
3.44433	59.8791	187	0	(0)20	(0)21	(0)22	(0)21	(0)21	3.92406	0.169577	-2.5782	40.013	33.4324	0.	0.885583	0.46448	0.	0.885583	0.46448	0.	11.0406	11.0183	62.3234	100.	99.226	0	-1	
3.46134	58.8004	188	0	(0)20	(0)22	(0)22	(0)21	(0)21	3.93052	1.01019e-002	-2.5782	40.4245	33.6394	0.	0.886873	0.462014	0.	0.886873	0.462014	0.	9.56849	9.37718	62.4829	100.	97.5116	0	-1	
3.47838	58.6743	189	0	(0)20	(0)22	(0)22	(0)21	(0)21	3.93722	-0.128109	-2.5782	40.8364	33.8463	0.	0.887985	0.459873	0.	0.887985	0.459873	0.	8.29267	8.10945	62.6211	100.	97.3663	0	-1	
3.49531	59.0603	190	0	(0)20	(0)22	(0)22	(0)21	(0)21	3.94422	-0.249717	-2.5782	41.2487	34.0531	0.	0.888959	0.457987	0.	0.888959	0.457987	0.	7.29647	7.1822	62.7427	100.	98.0572	0	-1	
3.51238	58.5955	191	0	(0)21	(0)22	(0)22	(0)21	(0)22	3.95181	0.663166	-2.5782	41.6613	34.2594	0.	0.889865	0.456224	0.	0.889865	0.456224	0.	6.81478	6.65525	62.8563	100.	97.3096	0	-1	
3.52937	58.8495	192	0	(0)21	(0)22	(0)23	(0)21	(0)22	3.88374	0.399586	-2.5782	42.0756	34.4573	0.	0.891954	0.452126	0.	0.891954	0.452126	0.	15.8148	15.5115	63.1199	100.	97.2863	0	-1	
3.5463	59.054	193	0	(0)21	(0)22	(0)23	(0)21	(0)22	3.88915	0.223939	-2.5782	42.4902	34.6577	0.	0.893336	0.449389	0.	0.893336	0.449389	0.	10.5388	10.3727	63.2955	100.	97.8837	0	-1	
3.56343	58.3735	194	0	(0)21	(0)22	(0)23	(0)21	(0)22	3.89484	7.12596e-002	-2.5782	42.9051	34.8581	0.	0.894531	0.447007	0.	0.894531	0.447007	0.	9.16078	8.91244	63.4482	100.	96.8239	0	-1	
3.58034	59.1595	195	0	(0)21	(0)22	(0)23	(0)22	(0)22	3.90078	-6.14558e-002	-2.5782	43.3203	35.0583	0.	0.895564	0.444934	0.	0.895564	0.444934	0.	7.96293	7.85138	63.5809	100.	98.188	0	-1	
3.59741	58.581	196	0	(0)21	(0)23	(0)23	(0)22	(0)22	3.90684	-0.174885	-2.5782	43.7359	35.2586	0.	0.896443	0.44316	0.	0.896443	0.44316	0.	6.80574	6.64478	63.6943	100.	97.286	0	-1	
3.61435	59.0277	197	0	(0)21	(0)23	(0)23	(0)22	(0)22	3.91346	-0.280965	-2.5782	44.1518	35.4584	0.	0.897262	0.441499	0.	0.897262	0.441499	0.	6.36483	6.26169	63.8004	100.	98.0503	0	-1	
3.63133	58.8746	198	0	(0)21	(0)23	(0)23	(0)22	(0)22	3.91357	-0.237046	-2.5782	44.5657	35.6644	0.	0.896923	0.442187	0.	0.896923	0.442187	0.	-2.63517	-2.58574	63.7565	100.	97.987	0	-1	
3.64766	61.27	199	0	(0)22	(0)23	(0)23	(0)22	(0)23	3.92049	0.604609	-2.5782	44.9818	35.8639	0.	0.897709	0.440589	0.	0.897709	0.440589	0.	6.1232	6.25281	63.8585	100.	101.788	0	-1	
3.66431	60.0332	200	0	(0)22	(0)23	(0)24	(0)22	(0)23	3.85377	0.352556	-2.5782	45.3995	36.0552	0.	0.899639	0.436635	0.	0.899639	0.436635	0.	15.1232	15.1316	64.1106	100.	99.2773	0	-1	
3.68137	58.6432	201	0	(0)22	(0)23	(0)24	(0)22	(0)23	3.85863	0.195754	-2.5782	45.8172	36.2494	0.	0.90083	0.434172	0.	0.90083	0.434172	0.	9.40808	9.19533	64.2674	100.	97.2589	0	-1	
3.69743	62.2381	202	0	(0)22	(0)23	(0)24	(0)23	(0)23	3.86376	5.90871e-002	-2.5782	46.2354	36.4434	0.	0.901863	0.432022	0.	0.901863	0.432022	0.	8.20003	8.5059	64.4041	100.	103.285	0	-1	
3.71334	62.8545	203	0	(0)22	(0)23	(0)24	(0)23	(0)23	3.86869	-5.09384e-002	-2.5782	46.6537	36.6379	0.	0.902691	0.430289	0.	0.902691	0.430289	0.	6.60153	6.9156	64.5141	100.	104.394	0	-1	
3.73034	58.8212	204	0	(0)22	(0)24	(0)24	(0)23	(0)23	3.87416	-0.153959	-2.5782	47.0724	36.8319	0.	0.903463	0.428665	0.	0.903463	0.428665	0.	6.18125	6.05981	64.6171	100.	97.7167	0	-1	
3.74741	58.5975	205	0	(0)22	(0)24	(0)24	(0)23	(0)23	3.88013	-0.250421	-2.5782	47.4914	37.0254	0.	0.904184	0.427144	0.	0.904184	0.427144	0.	5.78773	5.65245	64.7136	100.	97.365	0	-1	
3.7643	59.1965	206	0	(0)23	(0)24	(0)24	(0)23	(0)23	3.87952	-0.196884	-2.5782	47.9082	37.2252	0.	0.903784	0.427988	0.	0.903784	0.427988	0.	-3.21227	-3.16925	64.66	100.	98.4928	0	-1	
3.78031	62.4834	207	0	(0)23	(0)24	(0)24	(0)23	(0)24	3.88571	0.577967	-2.5782	48.3273	37.4186	0.	0.904483	0.426509	0.	0.904483	0.426509	0.	5.62377	5.85654	64.7538	100.	103.831	0	-1	
3.7963	62.533	208	0	(0)23	(0)24	(0)25	(0)23	(0)24	3.82153	0.334238	-2.5782	48.7479	37.6037	0.	0.906289	0.422658	0.	0.906289	0.422658	0.	14.6238	15.2411	64.9975	100.	103.437	0	-1	
3.81238	62.1715	209	0	(0)23	(0)24	(0)25	(0)23	(0)24	3.82588	0.190951	-2.5782	49.1685	37.7921	0.	0.907344	0.42039	0.	0.907344	0.42039	0.	8.59725	8.9084	65.1408	100.	103.153	0	-1	
3.82833	62.6868	210	0	(0)23	(0)24	(0)25	(0)24	(0)24	3.82966	8.25891e-002	-2.5782	49.5893	37.9812	0.	0.908137	0.418673	0.	0.908137	0.418673	0.	6.50169	6.79283	65.2491	100.	104.121	0	-1	
3.84547	58.3694	211	0	(0)23	(0)24	(0)25	(0)24	(0)24	3.83398	-1.89841e-002	-2.5782	50.0105	38.1699	0.	0.908878	0.417063	0.	0.908878	0.417063	0.	6.09439	5.92876	65.3507	100.	96.9704	0	-1	
3.86145	62.5743	212	0	(0)23	(0)25	(0)25	(0)24	(0)24	3.8388	-0.114194	-2.5782	50.4319	38.3581	0.	0.90957	0.415552	0.	0.90957	0.415552	0.	5.71261	5.95771	65.4459	100.	103.977	0	-1	
3.87844	58.8411	213	0	(0)23	(0)25	(0)25	(0)24	(0)24	3.84411	-0.20344	-2.5782	50.8536	38.546	0.	0.910216	0.414134	0.	0.910216	0.414134	0.	5.35474	5.25132	65.5352	100.	97.7917	0	-1	
3.89541	58.9363	214	0	(0)24	(0)25	(0)25	(0)24	(0)24	3.84985	-0.287095	-2.5782	51.2756	38.7335	0.	0.910819	0.412805	0.	0.910819	0.412805	0.	5.0193	4.93032	65.6188	100.	97.9672	0	-1	
3.91614	48.2405	215	0	(0)24	(0)25	(0)25	(0)24	(0)25	3.84891	0.57981	-2.5782	51.695	38.9271	0.	0.910341	0.413859	0.	0.910341	0.413859	0.	-3.9807	-3.20052	65.5525	100.	80.2316	0	-1	
3.93338	58.0005	216	0	(0)24	(0)25	(0)26	(0)24	(0)25	3.78048	0.496155	-2.5782	52.1171	39.1145	0.	0.910944	0.41253	0.	0.910944	0.41253	0.	5.0193	4.85203	65.6361	100.	96.4115	0	-1	
3.95038	58.8421	217	0	(0)24	(0)25	(0)26	(0)24	(0)25	3.78695	0.283113	-2.5782	52.5402	39.2946	0.	0.912472	0.40914	0.	0.912472	0.40914	0.	12.7825	12.5358	65.8492	100.	97.4218	0	-1	
3.97352	43.2078	218	0	(0)24	(0)25	(0)26	(0)25	(0)25	3.79091	0.156128	-2.5782	52.9635	39.4776	0.	0.913376	0.407117	0.	0.913376	0.407117	0.	7.61912	5.48675	65.9762	100.	71.7254	0	-1	
3.99043	59.1373	219	0	(0)24	(0)25	(0)26	(0)25	(0)25	3.79442	5.88753e-002	-2.5782	53.387	39.6611	0.	0.914066	0.405566	0.	0.914066	0.405566	0.	5.83516	5.75126	66.0734	100.	98.2594	0	-1	
4.00736	59.0645	220	0	(0)24	(0)26	(0)26	(0)25	(0)25	3.79843	-3.23746e-002	-2.5782	53.8107	39.8442	0.	0.914711	0.404109	0.	0.914711	0.404109	0.	5.47499	5.38963	66.1647	100.	98.1569	0	-1	
4.02335	62.5223	221	0	(0)24	(0)26	(0)26	(0)25	(0)25	3.80289	-0.117992	-2.5782	54.2347	40.027	0.	0.915314	0.402742	0.	0.915314	0.402742	0.	5.13706	5.35302	66.2503	100.	103.922	0	-1	
4.04203	53.5439	222	0	(0)25	(0)26	(0)26	(0)25	(0)25	3.80779	-0.198325	-2.5782	54.659	40.2093	0.	0.915877	0.401458	0.	0.915877	0.401458	0.	4.81999	4.30135	66.3306	100.	89.0129	0	-1	
4.05841	61.0409	223	0	(0)25	(0)26	(0)26	(0)25	(0)26	3.81309	0.464565	-2.5782	55.0834	40.3913	0.	0.916405	0.400253	0.	0.916405	0.400253	0.	4.52248	4.60094	66.406	100.	101.492	0	-1	
4.07534	59.0614	224	0	(0)25	(0)26	(0)27	(0)25	(0)26	3.75554	0.266149	-2.5782	55.5089	40.5665	0.	0.917785	0.397077	0.	0.917785	0.397077	0.	11.905	11.7187	66.6044	100.	97.8281	0	-1	
4.09242	58.5799	225	0	(0)25	(0)26	(0)27	(0)25	(0)26	3.75863	0.159595	-2.5782	55.9344	40.7449	0.	0.918522	0.39537	0.	0.918522	0.39537	0.	6.39325	6.24193	66.711	100.	97.3051	0	-1	
4.10936	59.0246	226	0	(0)25	(0)26	(0)27	(0)26	(0)26	3.76173	7.00894e-002	-2.5782	56.3602	40.9234	0.	0.919139	0.393934	0.	0.919139	0.393934	0.	5.37031	5.28301	66.8005	100.	98.0958	0	-1	
4.12546	62.0876	227	0	(0)25	(0)26	(0)27	(0)26	(0)26	3.76529	-1.39656e-002	-2.5782	56.7862	41.1015	0.	0.919716	0.392585	0.	0.919716	0.392585	0.	5.0433	5.21878	66.8845	100.	103.204	0	-1	
4.14243	58.9479	228	0	(0)25	(0)26	(0)27	(0)26	(0)26	3.76928	-9.29023e-002	-2.5782	57.2124	41.2792	0.	0.920256	0.391318	0.	0.920256	0.391318	0.	4.7362	4.65315	66.9635	100.	98.0008	0	-1	
4.15936	59.0666	229	0	(0)25	(0)27	(0)27	(0)26	(0)26	3.77367	-0.167032	-2.5782	57.6389	41.4566	0.	0.920761	0.390127	0.	0.920761	0.390127	0.	4.4478	4.37861	67.0376	100.	98.2131	0	-1	
4.17633	58.9217	230	0	(0)25	(0)27	(0)27	(0)26	(0)26	3.77843	-0.236648	-2.5782	58.0655	41.6337	0.	0.921234	0.389008	0.	0.921234	0.389008	0.	4.17696	4.10189	67.1072	100.	97.986	0	-1	
4.19359	57.9426	231	0	(0)26	(0)27	(0)27	(0)26	(0)27	3.7764	0.524977	-2.5782	58.4894	41.817	0.	0.920688	0.3903	0.	0.920688	0.3903	0.	-4.82304	-4.65766	67.0268	100.	96.3253	0	-1	
4.21079	58.1399	232	0	(0)26	(0)27	(0)28	(0)26	(0)27	3.71676	0.455361	-2.5782	58.916	41.9941	0.	0.921161	0.389181	0.	0.921161	0.389181	0.	4.17696	4.04747	67.0964	100.	96.6859	0	-1	
4.22745	60.0256	233	0	(0)26	(0)27	(0)28	(0)26	(0)27	3.72263	0.261206	-2.5782	59.3435	42.1644	0.	0.922475	0.386057	0.	0.922475	0.386057	0.	11.6493	11.6543	67.2906	100.	99.438	0	-1	
4.24444	58.839	234	0	(0)26	(0)27	(0)28	(0)27	(0)27	3.72564	0.15694	-2.5782	59.7711	42.3378	0.	0.923176	0.384378	0.	0.923176	0.384378	0.	6.25594	6.13488	67.3949	100.	97.7424	0	-1	
4.26149	58.6608	235	0	(0)26	(0)27	(0)28	(0)27	(0)27	3.72841	7.47283e-002	-2.5782	60.1989	42.5115	0.	0.923726	0.383053	0.	0.923726	0.383053	0.	4.93271	4.82262	67.4771	100.	97.5136	0	-1	
4.27745	62.6595	236	0	(0)26	(0)27	(0)28	(0)27	(0)27	3.73161	-2.53857e-003	-2.5782	60.627	42.6849	0.	0.924242	0.381807	0.	0.924242	0.381807	0.	4.63601	4.8415	67.5543	100.	104.177	0	-1	
4.29442	58.9217	237	0	(0)26	(0)28	(0)28	(0)27	(0)27	3.73519	-7.51578e-002	-2.5782	61.0552	42.858	0.	0.924725	0.380635	0.	0.924725	0.380635	0.	4.35716	4.27885	67.627	100.	97.9767	0	-1	
4.31044	62.421	238	0	(0)26	(0)28	(0)28	(0)27	(0)27	3.73915	-0.143409	-2.5782	61.4837	43.0307	0.	0.925178	0.379533	0.	0.925178	0.379533	0.	4.09508	4.26031	67.6952	100.	103.81	0	-1	
4.32746	58.767	239	0	(0)27	(0)28	(0)28	(0)27	(0)27	3.74345	-0.207555	-2.5782	61.9123	43.2032	0.	0.925602	0.378497	0.	0.925602	0.378497	0.	3.84876	3.76966	67.7594	100.	97.7455	0	-1	
4.34436	59.1743	240	0	(0)27	(0)28	(0)28	(0)27	(0)28	3.74123	0.500922	-2.5782	62.3383	43.3816	0.	0.925077	0.37978	0.	0.925077	0.37978	0.	-4.76559	-4.70001	67.6799	100.	98.3757	0	-1	
4.36044	62.1949	241	0	(0)27	(0)28	(0)29	(0)27	(0)28	3.68172	0.430348	-2.5782	62.7669	43.5538	0.	0.925544	0.37864	0.	0.925544	0.37864	0.	4.23441	4.3893	67.7505	100.	103.426	0	-1	
4.37748	58.6567	242	0	(0)27	(0)28	(0)29	(0)28	(0)28	3.68723	0.247774	-2.5782	63.1963	43.7198	0.	0.926746	0.375689	0.	0.926746	0.375689	0.	10.9545	10.7092	67.9331	100.	97.2046	0	-1	
4.39437	59.2293	243	0	(0)27	(0)28	(0)29	(0)28	(0)28	3.69004	0.149727	-2.5782	63.6258	43.8887	0.	0.927387	0.374103	0.	0.927387	0.374103	0.	5.88281	5.80724	68.0311	100.	98.4098	0	-1	
4.41145	58.554	244	0	(0)27	(0)28	(0)29	(0)28	(0)28	3.69253	7.43709e-002	-2.5782	64.0555	44.058	0.	0.927878	0.372883	0.	0.927878	0.372883	0.	4.52135	4.41239	68.1065	100.	97.357	0	-1	
4.42851	58.609	245	0	(0)27	(0)28	(0)29	(0)28	(0)28	3.69541	3.49796e-003	-2.5782	64.4854	44.227	0.	0.928339	0.371735	0.	0.928339	0.371735	0.	4.25238	4.15379	68.1774	100.	97.4621	0	-1	
4.44536	59.3385	246	0	(0)27	(0)29	(0)29	(0)28	(0)28	3.69866	-6.31588e-002	-2.5782	64.9154	44.3957	0.	0.928771	0.370654	0.	0.928771	0.370654	0.	3.99941	3.95532	68.244	100.	98.6884	0	-1	
4.46234	58.9018	247	0	(0)28	(0)29	(0)29	(0)28	(0)28	3.70224	-0.12585	-2.5782	65.3457	44.5641	0.	0.929176	0.369638	0.	0.929176	0.369638	0.	3.76148	3.69263	68.3067	100.	97.9742	0	-1	
4.47835	62.4622	248	0	(0)28	(0)29	(0)29	(0)28	(0)29	3.70614	0.396308	-2.5782	65.7761	44.7323	0.	0.929554	0.368687	0.	0.929554	0.368687	0.	3.51848	3.66287	68.3653	100.	103.91	0	-1	
4.49543	58.5272	249	0	(0)28	(0)29	(0)30	(0)28	(0)29	3.65768	0.229493	-2.5782	66.2072	44.8944	0.	0.930623	0.365979	0.	0.930623	0.365979	0.	10.0089	9.76319	68.5322	100.	97.0367	0	-1	
4.51144	62.4929	250	0	(0)28	(0)29	(0)30	(0)28	(0)29	3.66023	0.13991	-2.5782	66.6384	45.0593	0.	0.931194	0.364523	0.	0.931194	0.364523	0.	5.375	5.59832	68.6217	100.	103.86	0	-1	
4.5284	58.9426	251	0	(0)28	(0)29	(0)30	(0)29	(0)29	3.66248	7.09439e-002	-2.5782	67.0698	45.2245	0.	0.931632	0.363402	0.	0.931632	0.363402	0.	4.13795	4.06502	68.6907	100.	98.0228	0	-1	
4.54546	58.6058	252	0	(0)28	(0)29	(0)30	(0)29	(0)29	3.6651	6.04072e-003	-2.5782	67.5014	45.3894	0.	0.932043	0.362347	0.	0.932043	0.362347	0.	3.89419	3.8037	68.7556	100.	97.4752	0	-1	
4.56145	62.5566	253	0	(0)28	(0)29	(0)30	(0)29	(0)29	3.66805	-5.50391e-002	-2.5782	67.9331	45.5541	0.	0.932429	0.361353	0.	0.932429	0.361353	0.	3.66479	3.82094	68.8167	100.	104.059	0	-1	
4.57842	58.9164	254	0	(0)28	(0)30	(0)30	(0)29	(0)29	3.67124	-0.111038	-2.5782	68.365	45.7185	0.	0.932782	0.360441	0.	0.932782	0.360441	0.	3.35992	3.29924	68.8727	100.	98.0193	0	-1	
4.59546	58.6785	255	0	(0)28	(0)30	(0)30	(0)29	(0)29	3.67478	-0.164847	-2.5782	68.797	45.8826	0.	0.93312	0.359565	0.	0.93312	0.359565	0.	3.22853	3.15742	68.9265	100.	97.6302	0	-1	
4.61245	58.8599	256	0	(0)29	(0)30	(0)30	(0)29	(0)29	3.67318	-0.105193	-2.5782	69.2272	46.0515	0.	0.932745	0.360537	0.	0.932745	0.360537	0.	-3.57921	-3.5112	68.8668	100.	97.914	0	-1	
4.62935	59.1922	257	0	(0)29	(0)30	(0)30	(0)29	(0)30	3.67668	0.376956	-2.5782	69.6592	46.2156	0.	0.933085	0.359657	0.	0.933085	0.359657	0.	3.24224	3.19859	68.9209	100.	98.4843	0	-1	
4.64639	58.6754	258	0	(0)29	(0)30	(0)31	(0)29	(0)30	3.62903	0.219101	-2.5782	70.0918	46.3741	0.	0.934072	0.357085	0.	0.934072	0.357085	0.	9.47132	9.26222	69.0787	100.	97.3091	0	-1	
4.66346	58.582	259	0	(0)29	(0)30	(0)31	(0)30	(0)30	3.63143	0.134329	-2.5782	70.5245	46.5351	0.	0.934599	0.355702	0.	0.934599	0.355702	0.	5.08632	4.96611	69.1635	100.	97.3748	0	-1	
4.68046	58.8286	260	0	(0)29	(0)30	(0)31	(0)30	(0)30	3.63346	7.09539e-002	-2.5782	70.9574	46.6965	0.	0.934992	0.354668	0.	0.934992	0.354668	0.	3.80249	3.72825	69.2269	100.	97.8503	0	-1	
4.69737	59.1331	261	0	(0)29	(0)30	(0)31	(0)30	(0)30	3.63581	1.12804e-002	-2.5782	71.3905	46.8576	0.	0.935361	0.353694	0.	0.935361	0.353694	0.	3.58041	3.52868	69.2866	100.	98.3683	0	-1	
4.71443	58.6359	262	0	(0)29	(0)30	(0)31	(0)30	(0)30	3.63835	-4.23366e-002	-2.5782	71.8237	47.0186	0.	0.935692	0.352819	0.	0.935692	0.352819	0.	3.21702	3.14388	69.3402	100.	97.56	0	-1	
4.73039	62.6441	263	0	(0)29	(0)31	(0)31	(0)30	(0)30	3.64123	-9.38736e-002	-2.5782	72.2571	47.1793	0.	0.936009	0.351977	0.	0.936009	0.351977	0.	3.09222	3.22849	69.3917	100.	104.236	0	-1	
4.74741	58.7378	264	0	(0)29	(0)31	(0)31	(0)30	(0)30	3.64442	-0.143411	-2.5782	72.6906	47.3398	0.	0.936313	0.351168	0.	0.936313	0.351168	0.	2.97226	2.90973	69.4413	100.	97.7421	0	-1	
4.76443	58.7586	265	0	(0)30	(0)31	(0)31	(0)30	(0)30	3.64313	-9.36817e-002	-2.5782	73.1225	47.5044	0.	0.936007	0.35198	0.	0.936007	0.35198	0.	-2.98377	-2.92203	69.3915	100.	97.7762	0	-1	
4.78149	58.6204	266	0	(0)30	(0)31	(0)32	(0)30	(0)31	3.64632	0.351413	-2.5782	73.556	47.6648	0.	0.936311	0.351171	0.	0.936311	0.351171	0.	2.9727	2.90435	69.4411	100.	97.5466	0	-1	
4.79845	58.9762	267	0	(0)30	(0)31	(0)32	(0)30	(0)31	3.59995	0.205384	-2.5782	73.99	47.8199	0.	0.937203	0.348783	0.	0.937203	0.348783	0.	8.76177	8.61227	69.5871	100.	97.8436	0	-1	
4.85502	17.6763	268	0	(0)30	(0)31	(0)32	(0)31	(0)31	3.60214	0.126962	-2.5782	74.4241	47.9773	0.	0.93768	0.3475	0.	0.93768	0.3475	0.	4.70527	1.3862	69.6655	100.	29.3873	0	-1	
4.87554	48.7287	269	0	(0)30	(0)31	(0)32	(0)31	(0)31	3.60397	6.88104e-002	-2.5782	74.8584	48.1352	0.	0.938032	0.346548	0.	0.938032	0.346548	0.	3.48912	2.83367	69.7237	100.	81.0645	0	-1	
4.89266	58.4342	270	0	(0)30	(0)31	(0)32	(0)31	(0)31	3.60594	1.75337e-002	-2.5782	75.2929	48.2931	0.	0.938342	0.345709	0.	0.938342	0.345709	0.	3.0766	2.99631	69.7749	100.	97.2316	0	-1	
4.90941	59.6967	271	0	(0)30	(0)31	(0)32	(0)31	(0)31	3.60821	-3.17673e-002	-2.5782	75.7274	48.4506	0.	0.938639	0.344901	0.	0.938639	0.344901	0.	2.95806	2.94311	69.8242	100.	99.3385	0	-1	
4.92541	62.4693	272	0	(0)30	(0)32	(0)32	(0)31	(0)31	3.6108	-7.91687e-002	-2.5782	76.1621	48.6078	0.	0.938924	0.344124	0.	0.938924	0.344124	0.	2.84408	2.96113	69.8716	100.	103.958	0	-1	
4.94243	58.7566	273	0	(0)31	(0)32	(0)32	(0)31	(0)31	3.61367	-0.124744	-2.5782	76.5969	48.7648	0.	0.939198	0.343377	0.	0.939198	0.343377	0.	2.7345	2.67783	69.9172	100.	97.7855	0	-1	
4.95944	58.8035	274	0	(0)31	(0)32	(0)32	(0)31	(0)32	3.61683	0.287603	-2.5782	77.0319	48.9215	0.	0.93946	0.342659	0.	0.93946	0.342659	0.	2.62914	2.57671	69.961	100.	97.8691	0	-1	
4.97542	62.5613	275	0	(0)31	(0)32	(0)33	(0)31	(0)32	3.57523	0.171116	-2.5782	77.4671	49.0742	0.	0.940155	0.340748	0.	0.940155	0.340748	0.	6.98922	7.28757	70.0775	100.	103.886	0	-1	
4.99245	58.7441	276	0	(0)31	(0)32	(0)33	(0)31	(0)32	3.57692	0.10856	-2.5782	77.9026	49.2288	0.	0.940526	0.339722	0.	0.940526	0.339722	0.	3.75337	3.6748	70.1401	100.	97.7123	0	-1	
5.01273	49.3031	277	0	(0)31	(0)32	(0)33	(0)32	(0)32	3.57843	5.99661e-002	-2.5782	78.3381	49.3836	0.	0.940814	0.338924	0.	0.940814	0.338924	0.	2.91563	2.39583	70.1887	100.	82.0448	0	-1	
5.02946	59.7883	278	0	(0)31	(0)32	(0)33	(0)32	(0)32	3.58024	1.3234e-002	-2.5782	78.7738	49.5381	0.	0.94109	0.338156	0.	0.94109	0.338156	0.	2.80393	2.79403	70.2354	100.	99.499	0	-1	
5.04643	58.9122	279	0	(0)31	(0)32	(0)33	(0)32	(0)32	3.58234	-3.17077e-002	-2.5782	79.2096	49.6923	0.	0.941355	0.337418	0.	0.941355	0.337418	0.	2.6965	2.64762	70.2804	100.	98.0466	0	-1	
5.06345	58.7441	280	0	(0)31	(0)32	(0)33	(0)32	(0)32	3.58472	-7.49276e-002	-2.5782	79.6456	49.8463	0.	0.941609	0.336708	0.	0.941609	0.336708	0.	2.59319	2.53891	70.3236	100.	97.772	0	-1	
5.08039	59.0456	281	0	(0)31	(0)33	(0)33	(0)32	(0)32	3.58737	-0.116492	-2.5782	80.0816	50.0001	0.	0.941853	0.336025	0.	0.941853	0.336025	0.	2.49384	2.45417	70.3651	100.	98.279	0	-1	
5.09736	58.928	282	0	(0)32	(0)33	(0)33	(0)32	(0)32	3.59027	-0.156463	-2.5782	80.5177	50.1536	0.	0.942087	0.335368	0.	0.942087	0.335368	0.	2.3983	2.35545	70.4051	100.	98.0882	0	-1	
5.11438	58.7618	283	0	(0)32	(0)33	(0)33	(0)32	(0)33	3.58879	0.319308	-2.5782	80.9522	50.3112	0.	0.94176	0.336284	0.	0.94176	0.336284	0.	-3.34633	-3.27727	70.3493	100.	97.7627	0	-1	
5.13138	58.8014	284	0	(0)32	(0)33	(0)34	(0)32	(0)33	3.54789	0.22508	-2.5782	81.3884	50.462	0.	0.942312	0.334735	0.	0.942312	0.334735	0.	5.65367	5.54073	70.4436	100.	97.7105	0	-1	
5.14842	58.6868	285	0	(0)32	(0)33	(0)34	(0)33	(0)33	3.55038	0.13754	-2.5782	81.8249	50.6125	0.	0.942823	0.333295	0.	0.942823	0.333295	0.	5.25241	5.13745	70.5311	100.	97.5405	0	-1	
5.16443	62.4787	286	0	(0)32	(0)33	(0)34	(0)33	(0)33	3.55158	9.05286e-002	-2.5782	82.2615	50.7644	0.	0.943096	0.332521	0.	0.943096	0.332521	0.	2.82066	2.93719	70.5781	100.	103.975	0	-1	
5.18146	58.7211	287	0	(0)32	(0)33	(0)34	(0)33	(0)33	3.55301	4.65233e-002	-2.5782	82.6982	50.9161	0.	0.943351	0.331797	0.	0.943351	0.331797	0.	2.64032	2.58404	70.6221	100.	97.7315	0	-1	
5.19845	58.863	288	0	(0)32	(0)33	(0)34	(0)33	(0)33	3.55471	4.19644e-003	-2.5782	83.135	51.0675	0.	0.943596	0.3311	0.	0.943596	0.3311	0.	2.53961	2.49149	70.6644	100.	97.9728	0	-1	
5.21438	62.7735	289	0	(0)32	(0)33	(0)34	(0)33	(0)33	3.55667	-3.65161e-002	-2.5782	83.572	51.2187	0.	0.943831	0.330429	0.	0.943831	0.330429	0.	2.44275	2.55567	70.7052	100.	104.487	0	-1	
5.23147	58.4889	290	0	(0)32	(0)34	(0)34	(0)33	(0)33	3.55889	-7.56759e-002	-2.5782	84.009	51.3697	0.	0.944056	0.329784	0.	0.944056	0.329784	0.	2.34959	2.29041	70.7443	100.	97.3599	0	-1	
5.24847	58.8463	291	0	(0)33	(0)34	(0)34	(0)33	(0)33	3.5613	-0.112292	-2.5782	84.4462	51.5205	0.	0.944267	0.329181	0.	0.944267	0.329181	0.	2.19698	2.15474	70.7809	100.	97.9627	0	-1	
5.26547	58.8108	292	0	(0)33	(0)34	(0)34	(0)33	(0)34	3.56395	0.237988	-2.5782	84.8834	51.6711	0.	0.944471	0.328595	0.	0.944471	0.328595	0.	2.13423	2.09193	70.8165	100.	97.9069	0	-1	
5.28242	58.9867	293	0	(0)33	(0)34	(0)35	(0)33	(0)34	3.52597	0.144472	-2.5782	85.3209	51.8184	0.	0.945006	0.327053	0.	0.945006	0.327053	0.	5.61099	5.51623	70.91	100.	98.0206	0	-1	
5.29938	58.9783	294	0	(0)33	(0)34	(0)35	(0)34	(0)34	3.52727	9.42514e-002	-2.5782	85.7585	51.9673	0.	0.945292	0.326224	0.	0.945292	0.326224	0.	3.01323	2.96192	70.9602	100.	98.1402	0	-1	
5.31638	58.8254	295	0	(0)33	(0)34	(0)35	(0)34	(0)34	3.5285	5.37283e-002	-2.5782	86.1962	52.1162	0.	0.945523	0.325555	0.	0.945523	0.325555	0.	2.43139	2.38379	71.0008	100.	97.9158	0	-1	
5.33336	58.8986	296	0	(0)33	(0)34	(0)35	(0)34	(0)34	3.52998	1.47456e-002	-2.5782	86.634	52.2649	0.	0.945744	0.324912	0.	0.945744	0.324912	0.	2.33896	2.29603	71.0397	100.	98.0425	0	-1	
5.35045	58.5127	297	0	(0)33	(0)34	(0)35	(0)34	(0)34	3.53161	-2.09467e-002	-2.5782	87.0719	52.4135	0.	0.945946	0.324323	0.	0.945946	0.324323	0.	2.14154	2.08845	71.0754	100.	97.4102	0	-1	
5.36734	59.1838	298	0	(0)33	(0)34	(0)35	(0)34	(0)34	3.53348	-5.56223e-002	-2.5782	87.5099	52.5619	0.	0.946143	0.32375	0.	0.946143	0.32375	0.	2.08054	2.05223	71.1101	100.	98.5306	0	-1	
5.38448	58.3406	299	0	(0)33	(0)35	(0)35	(0)34	(0)34	3.53558	-8.93103e-002	-2.5782	87.948	52.7101	0.	0.946333	0.323194	0.	0.946333	0.323194	0.	2.02128	1.96537	71.1438	100.	97.1299	0	-1	
5.40049	62.4775	300	0	(0)34	(0)35	(0)35	(0)34	(0)34	3.53791	-0.122039	-2.5782	88.3862	52.858	0.	0.946517	0.322653	0.	0.946517	0.322653	0.	1.9637	2.04479	71.1765	100.	104.021	0	-1	
5.41747	58.885	301	0	(0)34	(0)35	(0)35	(0)34	(0)35	3.53694	0.271748	-2.5782	88.8232	53.009	0.	0.946293	0.323311	0.	0.946293	0.323311	0.	-2.39007	-2.34565	71.1367	100.	98.0172	0	-1	
5.43444	58.9489	302	0	(0)34	(0)35	(0)36	(0)34	(0)35	3.50186	0.162602	-2.5782	89.2615	53.1531	0.	0.946907	0.321508	0.	0.946907	0.321508	0.	6.54879	6.43406	71.2458	100.	97.9101	0	-1	
5.45048	62.3435	303	0	(0)34	(0)35	(0)36	(0)35	(0)35	3.50343	0.103987	-2.5782	89.7	53.299	0.	0.947235	0.320539	0.	0.947235	0.320539	0.	3.51685	3.65421	71.3045	100.	103.712	0	-1	
5.46742	59.0235	304	0	(0)34	(0)35	(0)36	(0)35	(0)35	3.5043	6.90646e-002	-2.5782	90.1386	53.4456	0.	0.94743	0.319962	0.	0.94743	0.319962	0.	2.09537	2.06127	71.3394	100.	98.263	0	-1	
5.49049	43.3525	305	0	(0)34	(0)35	(0)36	(0)35	(0)35	3.50541	3.51348e-002	-2.5782	90.5772	53.592	0.	0.94762	0.319401	0.	0.94762	0.319401	0.	2.03578	1.47094	71.3733	100.	72.1761	0	-1	
5.51642	38.5621	306	0	(0)34	(0)35	(0)36	(0)35	(0)35	3.50675	2.16998e-003	-2.5782	91.016	53.7381	0.	0.947803	0.318855	0.	0.947803	0.318855	0.	1.97789	1.27119	71.4063	100.	64.2026	0	-1	
5.53344	58.7513	307	0	(0)34	(0)35	(0)36	(0)35	(0)35	3.5083	-2.98574e-002	-2.5782	91.4549	53.8841	0.	0.947981	0.318326	0.	0.947981	0.318326	0.	1.92165	1.88165	71.4383	100.	97.8189	0	-1	
5.5504	58.9668	308	0	(0)34	(0)36	(0)36	(0)35	(0)35	3.51007	-6.09741e-002	-2.5782	91.8938	54.0299	0.	0.948154	0.317811	0.	0.948154	0.317811	0.	1.867	1.83485	71.4694	100.	98.1804	0	-1	
5.56749	58.4931	309	0	(0)35	(0)36	(0)36	(0)35	(0)35	3.51205	-9.12059e-002	-2.5782	92.3328	54.1755	0.	0.948322	0.31731	0.	0.948322	0.31731	0.	1.81391	1.76835	71.4997	100.	97.3944	0	-1	
5.58443	59.0487	310	0	(0)35	(0)36	(0)36	(0)35	(0)36	3.51419	0.203329	-2.5782	92.765	54.3186	0.	0.948482	0.316832	0.	0.948482	0.316832	0.	1.73479	1.70728	71.5286	98.4405	96.789	0	-1	
5.60693	44.4436	311	0	(0)35	(0)36	(0)37	(0)35	(0)36	3.48052	0.130272	-2.5782	93.1837	54.4547	0.	0.948885	0.315622	0.	0.948885	0.315622	0.	4.38344	3.24693	71.6016	95.3154	70.4312	0	-1	
5.6235	60.3393	312	0	(0)35	(0)36	(0)37	(0)36	(0)36	3.48142	9.18086e-002	-2.5782	93.5853	54.5863	0.	0.949097	0.314985	0.	0.949097	0.314985	0.	2.30778	2.32083	71.6401	91.409	91.8028	0	-1	
5.64187	54.4504	313	0	(0)35	(0)36	(0)37	(0)36	(0)36	3.48209	6.42956e-002	-2.5782	93.9698	54.7126	0.	0.949248	0.314529	0.	0.949248	0.314529	0.	1.65078	1.49809	71.6676	87.5027	79.3296	0	-1	
5.65847	60.2439	314	0	(0)35	(0)36	(0)37	(0)36	(0)36	3.48287	3.91437e-002	-2.5782	94.3303	54.8308	0.	0.949386	0.314113	0.	0.949386	0.314113	0.	1.50912	1.51525	71.6928	82.0338	82.2866	0	-1	
5.67547	58.7962	315	0	(0)35	(0)36	(0)37	(0)36	(0)36	3.48372	1.5982e-002	-2.5782	94.6703	54.9421	0.	0.949513	0.313729	0.	0.949513	0.313729	0.	1.3897	1.36182	71.7159	77.3461	75.7218	0	-1	
5.69248	58.8004	316	0	(0)35	(0)36	(0)37	(0)36	(0)36	3.48455	-3.9248e-003	-2.5782	94.9691	55.0398	0.	0.949622	0.313399	0.	0.949622	0.313399	0.	1.19441	1.17053	71.7358	67.9708	66.5496	0	-1	
5.70947	58.8777	317	0	(0)35	(0)36	(0)37	(0)36	(0)36	3.48537	-2.12031e-002	-2.5782	95.2336	55.1263	0.	0.949716	0.313112	0.	0.949716	0.313112	0.	1.0367	1.0173	71.7531	60.1581	58.9787	0	-1	
5.72646	58.8484	318	0	(0)35	(0)36	(0)37	(0)36	(0)36	3.48545	-2.12031e-002	-2.5782	95.4431	55.1954	0.	0.949716	0.313112	0.	0.949716	0.313112	0.	0.	0.	71.7531	47.6577	46.743	0	-1	
5.74352	58.6255	319	0	(0)35	(0)36	(0)37	(0)36	(0)36	3.48551	-2.12031e-002	-2.5782	95.608	55.2497	0.	0.949716	0.313112	0.	0.949716	0.313112	0.	0.	0.	71.7531	37.5011	36.6421	0	-1	
5.76064	58.3869	320	0	(0)35	(0)36	(0)37	(0)36	(0)36	3.48555	-2.12031e-002	-2.5782	95.7179	55.286	0.	0.949716	0.313112	0.	0.949716	0.313112	0.	0.	0.	71.7531	25.0008	24.3286	0	-1	
5.7775	59.3141	321	0	(0)35	(0)37	(0)37	(0)36	(0)36	3.48557	-2.12031e-002	-2.5782	95.766	55.3018	0.	0.949716	0.313112	0.	0.949716	0.313112	0.	0.	0.	71.7531	10.9378	10.8128	0	-1	
5.79452	58.7597	322	0	(0)35	(0)37	(0)37	(0)36	(0)36	3.48557	-2.12031e-002	-2.5782	95.766	55.3018	0.	0.949716	0.313112	0.	0.949716	0.313112	0.	0.	0.	71.7531	0.	0.	0	-1	
5.81147	58.9888	323	0	(0)35	(0)37	(0)37	(0)36	(0)36	3.48557	-2.12031e-002	-2.5782	95.766	55.3018	0.	0.949716	0.313112	0.	0.949716	0.313112	0.	0.	0.	71.7531	0.	0.	0	-1	
5.82845	58.9154	324	0	(0)35	(0)37	(0)37	(0)36	(0)36	3.48557	-2.12031e-002	-2.5782	95.766	55.3018	0.	0.949716	0.313112	0.	0.949716	0.313112	0.	0.	0.	71.7531	0.	0.	0	-1	
5.8454	58.9857	325	0	(0)35	(0)37	(0)37	(0)36	(0)36	3.48557	-2.12031e-002	-2.5782	95.766	55.3018	0.	0.949716	0.313112	0.	0.949716	0.313112	0.	0.	0.	71.7531	0.	0.	0	-1	
5.86247	58.583	326	0	(0)35	(0)37	(0)37	(0)36	(0)36	3.48557	-2.12031e-002	-2.5782	95.766	55.3018	0.	0.949716	0.313112	0.	0.949716	0.313112	0.	0.	0.	71.7531	0.	0.	0	-1	
5.87848	62.4587	327	0	(0)35	(0)37	(0)37	(0)36	(0)36	3.48557	-2.12031e-002	-2.5782	95.766	55.3018	0.	0.949716	0.313112	0.	0.949716	0.313112	0.	0.	0.	71.7531	0.	0.	0	-1	
5.89546	58.9018	328	0	(0)35	(0)37	(0)37	(0)36	(0)36	3.48557	-2.12031e-002	-2.5782	95.766	55.3018	0.	0.949716	0.313112	0.	0.949716	0.313112	0.	0.	0.	71.7531	0.	0.	0	-1	
5.91251	58.6505	329	0	(0)35	(0)37	(0)37	(0)36	(0)36	3.48557	-2.12031e-002	-2.5782	95.766	55.3018	0.	0.949716	0.313112	0.	0.949716	0.313112	0.	0.	0.	71.7531	0.	0.	0	-1	
5.92949	58.8672	330	0	(0)35	(0)37	(0)37	(0)36	(0)36	3.48557	-2.12031e-002	-2.5782	95.766	55.3018	0.	0.949716	0.313112	0.	0.949716	0.313112	0.	0.	0.	71.7531	0.	0.	0	-1	
5.94653	58.7045	331	0	(0)35	(0)37	(0)37	(0)36	(0)36	3.48557	-2.12031e-002	-2.5782	95.766	55.3018	0.	0.949716	0.313112	0.	0.949716	0.313112	0.	0.	0.	71.7531	0.	0.	0	-1	
5.96347	59.0361	332	0	(0)35	(0)37	(0)37	(0)36	(0)36	3.48557	-2.12031e-002	-2.5782	95.766	55.3018	0.	0.949716	0.313112	0.	0.949716	0.313112	0.	0.	0.	71.7531	0.	0.	0	-1	
5.97948	62.4634	333	0	(0)35	(0)37	(0)37	(0)36	(0)36	3.48557	-2.12031e-002	-2.5782	95.766	55.3018	0.	0.949716	0.313112	0.	0.949716	0.313112	0.	0.	0.	71.7531	0.	0.	0	-1	
5.99645	58.9301	334	0	(0)35	(0)37	(0)37	(0)36	(0)36	3.48557	-2.12031e-002	-2.5782	95.766	55.3018	0.	0.949716	0.313112	0.	0.949716	0.313112	0.	0.	0.	71.7531	0.	0.	0	-1	
6.0135	58.6536	335	0	(0)35	(0)37	(0)37	(0)36	(0)36	3.48557	-2.12031e-002	-2.5782	95.766	55.3018	0.	0.949716	0.313112	0.	0.949716	0.313112	0.	0.	0.	71.7531	0.	0.	0	-1	
6.02942	62.7842	336	0	(0)35	(0)37	(0)37	(0)36	(0)36	3.48557	-2.12031e-002	-2.5782	95.766	55.3018	0.	0.949716	0.313112	0.	0.949716	0.313112	0.	0.	0.	71.7531	0.	0.	0	-1	
6.04932	50.2643	337	0	(0)35	(0)37	(0)37	(0)36	(0)36	3.48557	-2.12031e-002	-2.5782	95.766	55.3018	0.	0.949716	0.313112	0.	0.949716	0.313112	0.	0.	0.	71.7531	0.	0.	0	-1	
6.06839	52.4429	338	0	(0)35	(0)37	(0)37	(0)36	(0)36	3.48557	-2.12031e-002	-2.5782	95.766	55.3018	0.	0.949716	0.313112	0.	0.949716	0.313112	0.	0.	0.	71.7531	0.	0.	0	-1	
6.08439	62.4846	339	0	(0)35	(0)37	(0)37	(0)36	(0)36	3.48557	-2.12031e-002	-2.5782	95.766	55.3018	0.	0.949716	0.313112	0.	0.949716	0.313112	0.	0.	0.	71.7531	0.	0.	0	-1	
6.1072	43.839	340	0	(0)35	(0)37	(0)37	(0)36	(0)36	3.48557	-2.12031e-002	-2.5782	95.766	55.3018	0.	0.949716	0.313112	0.	0.949716	0.313112	0.	0.	0.	71.7531	0.	0.	0	-1	
6.12443	58.0554	341	0	(0)35	(0)37	(0)37	(0)36	(0)36	3.48557	-2.12031e-002	-2.5782	95.766	55.3018	0.	0.949716	0.313112	0.	0.949716	0.313112	0.	0.	0.	71.7531	0.	0.	0	-1	
6.14586	46.6621	342	0	(0)35	(0)37	(0)37	(0)36	(0)36	3.48557	-2.12031e-002	-2.5782	95.766	55.3018	0.	0.949716	0.313112	0.	0.949716	0.313112	0.	0.	0.	71.7531	0.	0.	0	-1	
6.16252	60.0103	343	0	(0)35	(0)37	(0)37	(0)36	(0)36	3.48557	-2.12031e-002	-2.5782	95.766	55.3018	0.	0.949716	0.313112	0.	0.949716	0.313112	0.	0.	0.	71.7531	0.	0.	0	-1	
6.17946	59.0319	344	0	(0)35	(0)37	(0)37	(0)36	(0)36	3.48557	-2.12031e-002	-2.5782	95.766	55.3018	0.	0.949716	0.313112	0.	0.949716	0.313112	0.	0.	0.	71.7531	0.	0.	0	-1	
6.19648	58.7451	345	0	(0)35	(0)37	(0)37	(0)36	(0)36	3.48557	-2.12031e-002	-2.5782	95.766	55.3018	0.	0.949716	0.313112	0.	0.949716	0.313112	0.	0.	0.	71.7531	0.	0.	0	-1	
6.21342	59.0466	346	0	(0)35	(0)37	(0)37	(0)36	(0)36	3.48557	-2.12031e-002	-2.5782	95.766	55.3018	0.	0.949716	0.313112	0.	0.949716	0.313112	0.	0.	0.	71.7531	0.	0.	0	-1	
6.23079	57.5781	347	0	(0)35	(0)37	(0)37	(0)36	(0)36	3.48557	-2.12031e-002	-2.5782	95.766	55.3018	0.	0.949716	0.313112	0.	0.949716	0.313112	0.	0.	0.	71.7531	0.	0.	0	-1	
6.24739	60.2132	348	0	(0)35	(0)37	(0)37	(0)36	(0)36	3.48557	-2.12031e-002	-2.5782	95.766	55.3018	0.	0.949716	0.313112	0.	0.949716	0.313112	0.	0.	0.	71.7531	0.	0.	0	-1	
6.2645	58.46	349	0	(0)35	(0)37	(0)37	(0)36	(0)36	3.48557	-2.12031e-002	-2.5782	95.766	55.3018	0.	0.949716	0.313112	0.	0.949716	0.313112	0.	0.	0.	71.7531	0.	0.	0	-1	
6.28142	59.0961	350	0	(0)35	(0)37	(0)37	(0)36	(0)36	3.48557	-2.12031e-002	-2.5782	95.766	55.3018	0.	0.949716	0.313112	0.	0.949716	0.313112	0.	0.	0.	71.7531	0.	0.	0	-1	
6.29853	58.458	351	0	(0)35	(0)37	(0)37	(0)36	(0)36	3.48557	-2.12031e-002	-2.5782	95.766	55.3018	0.	0.949716	0.313112	0.	0.949716	0.313112	0.	0.	0.	71.7531	0.	0.	0	-1	
6.3154	59.2855	352	0	(0)35	(0)37	(0)37	(0)36	(0)36	3.48557	-2.12031e-002	-2.5782	95.766	55.3018	0.	0.949716	0.313112	0.	0.949716	0.313112	0.	0.	0.	71.7531	0.	0.	0	-1	
6.33243	58.7159	353	0	(0)35	(0)37	(0)37	(0)36	(0)36	3.48557	-2.12031e-002	-2.5782	95.766	55.3018	0.	0.949716	0.313112	0.	0.949716	0.313112	0.	0.	0.	71.7531	0.	0.	0	-1	
6.34844	62.4387	354	0	(0)35	(0)37	(0)37	(0)36	(0)36	3.48557	-2.12031e-002	-2.5782	95.766	55.3018	0.	0.949716	0.313112	0.	0.949716	0.313112	0.	0.	0.	71.7531	0.	0.	0	-1	
6.36445	62.4893	355	0	(0)35	(0)37	(0)37	(0)36	(0)36	3.48557	-2.12031e-002	-2.5782	95.766	55.3018	0.	0.949716	0.313112	0.	0.949716	0.313112	0.	0.	0.	71.7531	0.	0.	0	-1	
6.38142	58.9018	356	0	(0)35	(0)37	(0)37	(0)36	(0)36	3.48557	-2.12031e-002	-2.5782	95.766	55.3018	0.	0.949716	0.313112	0.	0.949716	0.313112	0.	0.	0.	71.7531	0.	0.	0	-1	
6.39848	58.6255	357	0	(0)35	(0)37	(0)37	(0)36	(0)36	3.48557	-2.12031e-002	-2.5782	95.766	55.3018	0.	0.949716	0.313112	0.	0.949716	0.313112	0.	0.	0.	71.7531	0.	0.	0	-1	
6.41547	58.8463	358	0	(0)35	(0)37	(0)37	(0)36	(0)36	3.48557	-2.12031e-002	-2.5782	95.766	55.3018	0.	0.949716	0.313112	0.	0.949716	0.313112	0.	0.	0.	71.7531	0.	0.	0	-1	
6.4325	58.7441	359	0	(0)35	(0)37	(0)37	(0)36	(0)36	3.48557	-2.12031e-002	-2.5782	95.766	55.3018	0.	0.949716	0.313112	0.	0.949716	0.313112	0.	0.	0.	71.7531	0.	0.	0	-1	
6.44849	62.5082	360	0	(0)35	(0)37	(0)37	(0)36	(0)36	3.48557	-2.12031e-002	-2.5782	95.766	55.3018	0.	0.949716	0.313112	0.	0.949716	0.313112	0.	0.	0.	71.7531	0.	0.	0	-1	
6.46553	58.6951	361	0	(0)35	(0)37	(0)37	(0)36	(0)36	3.48557	-2.12031e-002	-2.5782	95.766	55.3018	0.	0.949716	0.313112	0.	0.949716	0.313112	0.	0.	0.	71.7531	0.	0.	0	-1	
6.4825	58.9343	362	0	(0)35	(0)37	(0)37	(0)36	(0)36	3.48557	-2.12031e-002	-2.5782	95.766	55.3018	0.	0.949716	0.313112	0.	0.949716	0.313112	0.	0.	0.	71.7531	0.	0.	0	-1	
6.49949	58.8599	363	0	(0)35	(0)37	(0)37	(0)36	(0)36	3.48557	-2.12031e-002	-2.5782	95.766	55.3018	0.	0.949716	0.313112	0.	0.949716	0.313112	0.	0.	0.	71.7531	0.	0.	0	-1	
6.51646	58.9259	364	0	(0)35	(0)37	(0)37	(0)36	(0)36	3.48557	-2.12031e-002	-2.5782	95.766	55.3018	0.	0.949716	0.313112	0.	0.949716	0.313112	0.	0.	0.	71.7531	0.	0.	0	-1	
6.53253	62.2112	365	0	(0)35	(0)37	(0)37	(0)36	(0)36	3.48557	-2.12031e-002	-2.5782	95.766	55.3018	0.	0.949716	0.313112	0.	0.949716	0.313112	0.	0.	0.	71.7531	0.	0.	0	-1	
6.54949	58.9657	366	0	(0)35	(0)37	(0)37	(0)36	(0)36	3.48557	-2.12031e-002	-2.5782	95.766	55.3018	0.	0.949716	0.313112	0.	0.949716	0.313112	0.	0.	0.	71.7531	0.	0.	0	-1	
6.56644	59.0046	367	0	(0)35	(0)37	(0)37	(0)36	(0)36	3.48557	-2.12031e-002	-2.5782	95.766	55.3018	0.	0.949716	0.313112	0.	0.949716	0.313112	0.	0.	0.	71.7531	0.	0.	0	-1	
6.58344	58.8317	368	0	(0)35	(0)37	(0)37	(0)36	(0)36	3.48557	-2.12031e-002	-2.5782	95.766	55.3018	0.	0.949716	0.313112	0.	0.949716	0.313112	0.	0.	0.	71.7531	0.	0.	0	-1	
6.60013	59.9246	369	0	(0)35	(0)37	(0)37	(0)36	(0)36	3.48557	-2.12031e-002	-2.5782	95.766	55.3018	0.	0.949716	0.313112	0.	0.949716	0.313112	0.	0.	0.	71.7531	0.	0.	0	-1	
6.61759	57.2715	370	0	(0)35	(0)37	(0)37	(0)36	(0)36	3.48557	-2.12031e-002	-2.5782	95.766	55.3018	0.	0.949716	0.313112	0.	0.949716	0.313112	0.	0.	0.	71.7531	0.	0.	0	-1	
6.63451	59.0867	371	0	(0)35	(0)37	(0)37	(0)36	(0)36	3.48557	-2.12031e-002	-2.5782	95.766	55.3018	0.	0.949716	0.313112	0.	0.949716	0.313112	0.	0.	0.	71.7531	0.	0.	0	-1	
6.65721	44.0594	372	0	(0)35	(0)37	(0)37	(0)36	(0)36	3.48557	-2.12031e-002	-2.5782	95.766	55.3018	0.	0.949716	0.313112	0.	0.949716	0.313112	0.	0.	0.	71.7531	0.	0.	0	-1	
6.67341	61.7255	373	0	(0)35	(0)37	(0)37	(0)36	(0)36	3.48557	-2.12031e-002	-2.5782	95.766	55.3018	0.	0.949716	0.313112	0.	0.949716	0.313112	0.	0.	0.	71.7531	0.	0.	0	-1	
6.69059	58.193	374	0	(0)35	(0)37	(0)37	(0)36	(0)36	3.48557	-2.12031e-002	-2.5782	95.766	55.3018	0.	0.949716	0.313112	0.	0.949716	0.313112	0.	0.	0.	71.7531	0.	0.	0	-1	
6.71028	50.7914	375	0	(0)35	(0)37	(0)37	(0)36	(0)36	3.48557	-2.12031e-002	-2.5782	95.766	55.3018	0.	0.949716	0.313112	0.	0.949716	0.313112	0.	0.	0.	71.7531	0.	0.	0	-1	
6.72644	61.9043	376	0	(0)35	(0)37	(0)37	(0)36	(0)36	3.48557	-2.12031e-002	-2.5782	95.766	55.3018	0.	0.949716	0.313112	0.	0.949716	0.313112	0.	0.	0.	71.7531	0.	0.	0	-1	
6.74353	58.4848	377	0	(0)35	(0)37	(0)37	(0)36	(0)36	3.48557	-2.12031e-002	-2.5782	95.766	55.3018	0.	0.949716	0.313112	0.	0.949716	0.313112	0.	0.	0.	71.7531	0.	0.	0	-1	
6.75942	62.9536	378	0	(0)35	(0)37	(0)37	(0)36	(0)36	3.48557	-2.12031e-002	-2.5782	95.766	55.3018	0.	0.949716	0.313112	0.	0.949716	0.313112	0.	0.	0.	71.7531	0.	0.	0	-1	
6.77642	58.8275	379	0	(0)35	(0)37	(0)37	(0)36	(0)36	3.48557	-2.12031e-002	-2.5782	95.766	55.3018	0.	0.949716	0.313112	0.	0.949716	0.313112	0.	0.	0.	71.7531	0.	0.	0	-1	
6.79248	62.2474	380	0	(0)35	(0)37	(0)37	(0)36	(0)36	3.48557	-2.12031e-002	-2.5782	95.766	55.3018	0.	0.949716	0.313112	0.	0.949716	0.313112	0.	0.	0.	71.7531	0.	0.	0	-1	
6.80849	62.474	381	0	(0)35	(0)37	(0)37	(0)36	(0)36	3.48557	-2.12031e-002	-2.5782	95.766	55.3018	0.	0.949716	0.313112	0.	0.949716	0.313112	0.	0.	0.	71.7531	0.	0.	0	-1	
6.82448	62.5164	382	0	(0)35	(0)37	(0)37	(0)36	(0)36	3.48557	-2.12031e-002	-2.5782	95.766	55.3018	0.	0.949716	0.313112	0.	0.949716	0.313112	0.	0.	0.	71.7531	0.	0.	0	-1	
6.84145	58.9542	383	0	(0)35	(0)37	(0)37	(0)36	(0)36	3.48557	-2.12031e-002	-2.5782	95.766	55.3018	0.	0.949716	0.313112	0.	0.949716	0.313112	0.	0.	0.	71.7531	0.	0.	0	-1	
6.85841	58.9521	384	0	(0)35	(0)37	(0)37	(0)36	(0)36	3.48557	-2.12031e-002	-2.5782	95.766	55.3018	0.	0.949716	0.313112	0.	0.949716	0.313112	0.	0.	0.	71.7531	0.	0.	0	-1	
6.87546	58.664	385	0	(0)35	(0)37	(0)37	(0)36	(0)36	3.48557	-2.12031e-002	-2.5782	95.766	55.3018	0.	0.949716	0.313112	0.	0.949716	0.313112	0.	0.	0.	71.7531	0.	0.	0	-1	
6.89241	58.9962	386	0	(0)35	(0)37	(0)37	(0)36	(0)36	3.48557	-2.12031e-002	-2.5782	95.766	55.3018	0.	0.949716	0.313112	0.	0.949716	0.313112	0.	0.	0.	71.7531	0.	0.	0	-1	
6.90944	58.7014	387	0	(0)35	(0)37	(0)37	(0)36	(0)36	3.48557	-2.12031e-002	-2.5782	95.766	55.3018	0.	0.949716	0.313112	0.	0.949716	0.313112	0.	0.	0.	71.7531	0.	0.	0	-1	
6.9256	61.8835	388	0	(0)35	(0)37	(0)37	(0)36	(0)36	3.48557	-2.12031e-002	-2.5782	95.766	55.3018	0.	0.949716	0.313112	0.	0.949716	0.313112	0.	0.	0.	71.7531	0.	0.	0	-1	
6.94249	59.2123	389	0	(0)35	(0)37	(0)37	(0)36	(0)36	3.48557	-2.12031e-002	-2.5782	95.766	55.3018	0.	0.949716	0.313112	0.	0.949716	0.313112	0.	0.	0.	71.7531	0.	0.	0	-1	
6.95848	62.5282	390	0	(0)35	(0)37	(0)37	(0)36	(0)36	3.48557	-2.12031e-002	-2.5782	95.766	55.3018	0.	0.949716	0.313112	0.	0.949716	0.313112	0.	0.	0.	71.7531	0.	0.	0	-1	
6.97547	58.8798	391	0	(0)35	(0)37	(0)37	(0)36	(0)36	3.48557	-2.12031e-002	-2.5782	95.766	55.3018	0.	0.949716	0.313112	0.	0.949716	0.313112	0.	0.	0.	71.7531	0.	0.	0	-1	
6.99251	58.6827	392	0	(0)35	(0)37	(0)37	(0)36	(0)36	3.48557	-2.12031e-002	-2.5782	95.766	55.3018	0.	0.949716	0.313112	0.	0.949716	0.313112	0.	0.	0.	71.7531	0.	0.	0	-1	
7.00951	58.8265	393	0	(0)35	(0)37	(0)37	(0)36	(0)36	3.48557	-2.12031e-002	-2.5782	95.766	55.3018	0.	0.949716	0.313112	0.	0.949716	0.313112	0.	0.	0.	71.7531	0.	0.	0	-1	
7.02551	62.4811	394	0	(0)35	(0)37	(0)37	(0)36	(0)36	3.48557	-2.12031e-002	-2.5782	95.766	55.3018	0.	0.949716	0.313112	0.	0.949716	0.313112	0.	0.	0.	71.7531	0.	0.	0	-1	
7.04249	58.8997	395	0	(0)35	(0)37	(0)37	(0)36	(0)36	3.48557	-2.12031e-002	-2.5782	95.766	55.3018	0.	0.949716	0.313112	0.	0.949716	0.313112	0.	0.	0.	71.7531	0.	0.	0	-1	
7.05949	58.8212	396	0	(0)35	(0)37	(0)37	(0)36	(0)36	3.48557	-2.12031e-002	-2.5782	95.766	55.3018	0.	0.949716	0.313112	0.	0.949716	0.313112	0.	0.	0.	71.7531	0.	0.	0	-1	
7.07643	59.0246	397	0	(0)35	(0)37	(0)37	(0)36	(0)36	3.48557	-2.12031e-002	-2.5782	95.766	55.3018	0.	0.949716	0.313112	0.	0.949716	0.313112	0.	0.	0.	71.7531	0.	0.	0	-1	
7.09351	58.5396	398	0	(0)35	(0)37	(0)37	(0)36	(0)36	3.48557	-2.12031e-002	-2.5782	95.766	55.3018	0.	0.949716	0.313112	0.	0.949716	0.313112	0.	0.	0.	71.7531	0.	0.	0	-1	
7.11047	58.9636	399	0	(0)35	(0)37	(0)37	(0)36	(0)36	3.48557	-2.12031e-002	-2.5782	95.766	55.3018	0.	0.949716	0.313112	0.	0.949716	0.313112	0.	0.	0.	71.7531	0.	0.	0	-1	
7.13162	47.2875	400	0	(0)35	(0)37	(0)37	(0)36	(0)36	3.48557	-2.12031e-002	-2.5782	95.766	55.3018	0.	0.949716	0.313112	0.	0.949716	0.313112	0.	0.	0.	71.7531	0.	0.	0	-1	
7.14841	59.5476	401	0	(0)35	(0)37	(0)37	(0)36	(0)36	3.48557	-2.12031e-002	-2.5782	95.766	55.3018	0.	0.949716	0.313112	0.	0.949716	0.313112	0.	0.	0.	71.7531	0.	0.	0	-1	
7.16548	58.5893	402	0	(0)35	(0)37	(0)37	(0)36	(0)36	3.48557	-2.12031e-002	-2.5782	95.766	55.3018	0.	0.949716	0.313112	0.	0.949716	0.313112	0.	0.	0.	71.7531	0.	0.	0	-1	
7.18252	58.6806	403	0	(0)35	(0)37	(0)37	(0)36	(0)36	3.48557	-2.12031e-002	-2.5782	95.766	55.3018	0.	0.949716	0.313112	0.	0.949716	0.313112	0.	0.	0.	71.7531	0.	0.	0	-1	
7.19949	58.951	404	0	(0)35	(0)37	(0)37	(0)36	(0)36	3.48557	-2.12031e-002	-2.5782	95.766	55.3018	0.	0.949716	0.313112	0.	0.949716	0.313112	0.	0.	0.	71.7531	0.	0.	0	-1	
7.21648	58.861	405	0	(0)35	(0)37	(0)37	(0)36	(0)36	3.48557	-2.12031e-002	-2.5782	95.766	55.3018	0.	0.949716	0.313112	0.	0.949716	0.313112	0.	0.	0.	71.7531	0.	0.	0	-1	
7.23251	62.3588	406	0	(0)35	(0)37	(0)37	(0)36	(0)36	3.48557	-2.12031e-002	-2.5782	95.766	55.3018	0.	0.949716	0.313112	0.	0.949716	0.313112	0.	0.	0.	71.7531	0.	0.	0	-1	
7.2485	62.5341	407	0	(0)35	(0)37	(0)37	(0)36	(0)36	3.48557	-2.12031e-002	-2.5782	95.766	55.3018	0.	0.949716	0.313112	0.	0.949716	0.313112	0.	0.	0.	71.7531	0.	0.	0	-1	
7.26541	59.1341	408	0	(0)35	(0)37	(0)37	(0)36	(0)36	3.48557	-2.12031e-002	-2.5782	95.766	55.3018	0.	0.949716	0.313112	0.	0.949716	0.313112	0.	0.	0.	71.7531	0.	0.	0	-1	
7.28157	61.9113	409	0	(0)35	(0)37	(0)37	(0)36	(0)36	3.48557	-2.12031e-002	-2.5782	95.766	55.3018	0.	0.949716	0.313112	0.	0.949716	0.313112	0.	0.	0.	71.7531	0.	0.	0	-1	
7.29852	58.9825	410	0	(0)35	(0)37	(0)37	(0)36	(0)36	3.48557	-2.12031e-002	-2.5782	95.766	55.3018	0.	0.949716	0.313112	0.	0.949716	0.313112	0.	0.	0.	71.7531	0.	0.	0	-1	
7.3144	62.9548	411	0	(0)35	(0)37	(0)37	(0)36	(0)36	3.48557	-2.12031e-002	-2.5782	95.766	55.3018	0.	0.949716	0.313112	0.	0.949716	0.313112	0.	0.	0.	71.7531	0.	0.	0	-1	
7.33149	58.5437	412	0	(0)35	(0)37	(0)37	(0)36	(0)36	3.48557	-2.12031e-002	-2.5782	95.766	55.3018	0.	0.949716	0.313112	0.	0.949716	0.313112	0.	0.	0.	71.7531	0.	0.	0	-1	
7.3484	59.1267	413	0	(0)35	(0)37	(0)37	(0)36	(0)36	3.48557	-2.12031e-002	-2.5782	95.766	55.3018	0.	0.949716	0.313112	0.	0.949716	0.313112	0.	0.	0.	71.7531	0.	0.	0	-1	
7.3655	58.4776	414	0	(0)35	(0)37	(0)37	(0)36	(0)36	3.48557	-2.12031e-002	-2.5782	95.766	55.3018	0.	0.949716	0.313112	0.	0.949716	0.313112	0.	0.	0.	71.7531	0.	0.	0	-1	
7.38256	58.6069	415	0	(0)35	(0)37	(0)37	(0)36	(0)36	3.48557	-2.12031e-002	-2.5782	95.766	55.3018	0.	0.949716	0.313112	0.	0.949716	0.313112	0.	0.	0.	71.7531	0.	0.	0	-1	
7.39954	58.9028	416	0	(0)35	(0)37	(0)37	(0)36	(0)36	3.48557	-2.12031e-002	-2.5782	95.766	55.3018	0.	0.949716	0.313112	0.	0.949716	0.313112	0.	0.	0.	71.7531	0.	0.	0	-1	
7.41654	58.8139	417	0	(0)35	(0)37	(0)37	(0)36	(0)36	3.48557	-2.12031e-002	-2.5782	95.766	55.3018	0.	0.949716	0.313112	0.	0.949716	0.313112	0.	0.	0.	71.7531	0.	0.	0	-1	
7.43355	58.7931	418	0	(0)35	(0)37	(0)37	(0)36	(0)36	3.48557	-2.12031e-002	-2.5782	95.766	55.3018	0.	0.949716	0.313112	0.	0.949716	0.313112	0.	0.	0.	71.7531	0.	0.	0	-1	
7.44953	62.5696	419	0	(0)35	(0)37	(0)37	(0)36	(0)36	3.48557	-2.12031e-002	-2.5782	95.766	55.3018	0.	0.949716	0.313112	0.	0.949716	0.313112	0.	0.	0.	71.7531	0.	0.	0	-1	
7.46653	58.8244	420	0	(0)35	(0)37	(0)37	(0)36	(0)36	3.48557	-2.12031e-002	-2.5782	95.766	55.3018	0.	0.949716	0.313112	0.	0.949716	0.313112	0.	0.	0.	71.7531	0.	0.	0	-1	
7.48354	58.7993	421	0	(0)35	(0)37	(0)37	(0)36	(0)36	3.48557	-2.12031e-002	-2.5782	95.766	55.3018	0.	0.949716	0.313112	0.	0.949716	0.313112	0.	0.	0.	71.7531	0.	0.	0	-1	
7.50043	59.2028	422	0	(0)35	(0)37	(0)37	(0)36	(0)36	3.48557	-2.12031e-002	-2.5782	95.766	55.3018	0.	0.949716	0.313112	0.	0.949716	0.313112	0.	0.	0.	71.7531	0.	0.	0	-1	
7.51745	58.7493	423	0	(0)35	(0)37	(0)37	(0)36	(0)36	3.48557	-2.12031e-002	-2.5782	95.766	55.3018	0.	0.949716	0.313112	0.	0.949716	0.313112	0.	0.	0.	71.7531	0.	0.	0	-1	
7.53354	62.1773	424	0	(0)35	(0)37	(0)37	(0)36	(0)36	3.48557	-2.12031e-002	-2.5782	95.766	55.3018	0.	0.949716	0.313112	0.	0.949716	0.313112	0.	0.	0.	71.7531	0.	0.	0	-1	
7.55053	58.8369	425	0	(0)35	(0)37	(0)37	(0)36	(0)36	3.48557	-2.12031e-002	-2.5782	95.766	55.3018	0.	0.949716	0.313112	0.	0.949716	0.313112	0.	0.	0.	71.7531	0.	0.	0	-1	
7.56746	59.0677	426	0	(0)35	(0)37	(0)37	(0)36	(0)36	3.48557	-2.12031e-002	-2.5782	95.766	55.3018	0.	0.949716	0.313112	0.	0.949716	0.313112	0.	0.	0.	71.7531	0.	0.	0	-1	
7.59079	42.869	427	0	(0)35	(0)37	(0)37	(0)36	(0)36	3.48557	-2.12031e-002	-2.5782	95.766	55.3018	0.	0.949716	0.313112	0.	0.949716	0.313112	0.	0.	0.	71.7531	0.	0.	0	-1	
7.60755	59.672	428	0	(0)35	(0)37	(0)37	(0)36	(0)36	3.48557	-2.12031e-002	-2.5782	95.766	55.3018	0.	0.949716	0.313112	0.	0.949716	0.313112	0.	0.	0.	71.7531	0.	0.	0	-1	
7.62444	59.1848	429	0	(0)35	(0)37	(0)37	(0)36	(0)36	3.48557	-2.12031e-002	-2.5782	95.766	55.3018	0.	0.949716	0.313112	0.	0.949716	0.313112	0.	0.	0.	71.7531	0.	0.	0	-1	
7.6418	57.6011	430	0	(0)35	(0)37	(0)37	(0)36	(0)36	3.48557	-2.12031e-002	-2.5782	95.766	55.3018	0.	0.949716	0.313112	0.	0.949716	0.313112	0.	0.	0.	71.7531	0.	0.	0	-1	
7.66175	50.1373	431	0	(0)35	(0)37	(0)37	(0)36	(0)36	3.48557	-2.12031e-002	-2.5782	95.766	55.3018	0.	0.949716	0.313112	0.	0.949716	0.313112	0.	0.	0.	71.7531	0.	0.	0	-1	
7.67856	59.4973	432	0	(0)35	(0)37	(0)37	(0)36	(0)36	3.48557	-2.12031e-002	-2.5782	95.766	55.3018	0.	0.949716	0.313112	0.	0.949716	0.313112	0.	0.	0.	71.7531	0.	0.	0	-1	
7.69554	58.884	433	0	(0)35	(0)37	(0)37	(0)36	(0)36	3.48557	-2.12031e-002	-2.5782	95.766	55.3018	0.	0.949716	0.313112	0.	0.949716	0.313112	0.	0.	0.	71.7531	0.	0.	0	-1	
7.71256	58.7378	434	0	(0)35	(0)37	(0)37	(0)36	(0)36	3.48557	-2.12031e-002	-2.5782	95.766	55.3018	0.	0.949716	0.313112	0.	0.949716	0.313112	0.	0.	0.	71.7531	0.	0.	0	-1	
7.72958	58.7753	435	0	(0)35	(0)37	(0)37	(0)36	(0)36	3.48557	-2.12031e-002	-2.5782	95.766	55.3018	0.	0.949716	0.313112	0.	0.949716	0.313112	0.	0.	0.	71.7531	0.	0.	0	-1	
7.74653	58.9815	436	0	(0)35	(0)37	(0)37	(0)36	(0)36	3.48557	-2.12031e-002	-2.5782	95.766	55.3018	0.	0.949716	0.313112	0.	0.949716	0.313112	0.	0.	0.	71.7531	0.	0.	0	-1	
7.76248	62.6939	437	0	(0)35	(0)37	(0)37	(0)36	(0)36	3.48557	-2.12031e-002	-2.5782	95.766	55.3018	0.	0.949716	0.313112	0.	0.949716	0.313112	0.	0.	0.	71.7531	0.	0.	0	-1	
7.77851	62.4093	438	0	(0)35	(0)37	(0)37	(0)36	(0)36	3.48557	-2.12031e-002	-2.5782	95.766	55.3018	0.	0.949716	0.313112	0.	0.949716	0.313112	0.	0.	0.	71.7531	0.	0.	0	-1	
7.79547	58.9405	439	0	(0)35	(0)37	(0)37	(0)36	(0)36	3.48557	-2.12031e-002	-2.5782	95.766	55.3018	0.	0.949716	0.313112	0.	0.949716	0.313112	0.	0.	0.	71.7531	0.	0.	0	-1	
7.82218	37.4399	440	0	(0)35	(0)37	(0)37	(0)36	(0)36	3.48557	-2.12031e-002	-2.5782	95.766	55.3018	0.	0.949716	0.313112	0.	0.949716	0.313112	0.	0.	0.	71.7531	0.	0.	0	-1	
7.8459	42.1592	441	0	(0)35	(0)37	(0)37	(0)36	(0)36	3.48557	-2.12031e-002	-2.5782	95.766	55.3018	0.	0.949716	0.313112	0.	0.949716	0.313112	0.	0.	0.	71.7531	0.	0.	0	-1	
7.86254	60.0854	442	0	(0)35	(0)37	(0)37	(0)36	(0)36	3.48557	-2.12031e-002	-2.5782	95.766	55.3018	0.	0.949716	0.313112	0.	0.949716	0.313112	0.	0.	0.	71.7531	0.	0.	0	-1	
7.87853	62.5719	443	0	(0)35	(0)37	(0)37	(0)36	(0)36	3.48557	-2.12031e-002	-2.5782	95.766	55.3018	0.	0.949716	0.313112	0.	0.949716	0.313112	0.	0.	0.	71.7531	0.	0.	0	-1	
7.8955	58.9143	444	0	(0)35	(0)37	(0)37	(0)36	(0)36	3.48557	-2.12031e-002	-2.5782	95.766	55.3018	0.	0.949716	0.313112	0.	0.949716	0.313112	0.	0.	0.	71.7531	0.	0.	0	-1	
7.91249	58.8589	445	0	(0)35	(0)37	(0)37	(0)36	(0)36	3.48557	-2.12031e-002	-2.5782	95.766	55.3018	0.	0.949716	0.313112	0.	0.949716	0.313112	0.	0.	0.	71.7531	0.	0.	0	-1	
7.92947	58.8923	446	0	(0)35	(0)37	(0)37	(0)36	(0)36	3.48557	-2.12031e-002	-2.5782	95.766	55.3018	0.	0.949716	0.313112	0.	0.949716	0.313112	0.	0.	0.	71.7531	0.	0.	0	-1	
7.94648	58.7753	447	0	(0)35	(0)37	(0)37	(0)36	(0)36	3.48557	-2.12031e-002	-2.5782	95.766	55.3018	0.	0.949716	0.313112	0.	0.949716	0.313112	0.	0.	0.	71.7531	0.	0.	0	-1	
7.9635	58.7753	448	0	(0)35	(0)37	(0)37	(0)36	(0)36	3.48557	-2.12031e-002	-2.5782	95.766	55.3018	0.	0.949716	0.313112	0.	0.949716	0.313112	0.	0.	0.	71.7531	0.	0.	0	-1	
7.98047	58.9311	449	0	(0)35	(0)37	(0)37	(0)36	(0)36	3.48557	-2.12031e-002	-2.5782	95.766	55.3018	0.	0.949716	0.313112	0.	0.949716	0.313112	0.	0.	0.	71.7531	0.	0.	0	-1	
7.9965	62.3717	450	0	(0)35	(0)37	(0)37	(0)36	(0)36	3.48557	-2.12031e-002	-2.5782	95.766	55.3018	0.	0.949716	0.313112	0.	0.949716	0.313112	0.	0.	0.	71.7531	0.	0.	0	-1	
8.01354	58.6951	451	0	(0)35	(0)37	(0)37	(0)36	(0)36	3.48557	-2.12031e-002	-2.5782	95.766	55.3018	0.	0.949716	0.313112	0.	0.949716	0.313112	0.	0.	0.	71.7531	0.	0.	0	-1	
8.03096	57.3876	452	0	(0)35	(0)37	(0)37	(0)36	(0)36	3.48557	-2.12031e-002	-2.5782	95.766	55.3018	0.	0.949716	0.313112	0.	0.949716	0.313112	0.	0.	0.	71.7531	0.	0.	0	-1	
8.04845	57.1865	453	0	(0)35	(0)37	(0)37	(0)36	(0)36	3.48557	-2.12031e-002	-2.5782	95.766	55.3018	0.	0.949716	0.313112	0.	0.949716	0.313112	0.	0.	0.	71.7531	0.	0.	0	-1	
8.06553	58.5572	454	0	(0)35	(0)37	(0)37	(0)36	(0)36	3.48557	-2.12031e-002	-2.5782	95.766	55.3018	0.	0.949716	0.313112	0.	0.949716	0.313112	0.	0.	0.	71.7531	0.	0.	0	-1	
8.08152	62.5424	455	0	(0)35	(0)37	(0)37	(0)36	(0)36	3.48557	-2.12031e-002	-2.5782	95.766	55.3018	0.	0.949716	0.313112	0.	0.949716	0.313112	0.	0.	0.	71.7531	0.	0.	0	-1	
8.09849	58.9039	456	0	(0)35	(0)37	(0)37	(0)36	(0)36	3.48557	-2.12031e-002	-2.5782	95.766	55.3018	0.	0.949716	0.313112	0.	0.949716	0.313112	0.	0.	0.	71.7531	0.	0.	0	-1	
8.11556	58.5872	457	0	(0)35	(0)37	(0)37	(0)36	(0)36	3.48557	-2.12031e-002	-2.5782	95.766	55.3018	0.	0.949716	0.313112	0.	0.949716	0.313112	0.	0.	0.	71.7531	0.	0.	0	-1	
8.13152	62.6737	458	0	(0)35	(0)37	(0)37	(0)36	(0)36	3.48557	-2.12031e-002	-2.5782	95.766	55.3018	0.	0.949716	0.313112	0.	0.949716	0.313112	0.	0.	0.	71.7531	0.	0.	0	-1	
8.14853	58.767	459	0	(0)35	(0)37	(0)37	(0)36	(0)36	3.48557	-2.12031e-002	-2.5782	95.766	55.3018	0.	0.949716	0.313112	0.	0.949716	0.313112	0.	0.	0.	71.7531	0.	0.	0	-1	
8.16556	58.7118	460	0	(0)35	(0)37	(0)37	(0)36	(0)36	3.48557	-2.12031e-002	-2.5782	95.766	55.3018	0.	0.949716	0.313112	0.	0.949716	0.313112	0.	0.	0.	71.7531	0.	0.	0	-1	
8.18156	62.4999	461	0	(0)35	(0)37	(0)37	(0)36	(0)36	3.48557	-2.12031e-002	-2.5782	95.766	55.3018	0.	0.949716	0.313112	0.	0.949716	0.313112	0.	0.	0.	71.7531	0.	0.	0	-1	
8.19878	58.09	462	0	(0)35	(0)37	(0)37	(0)36	(0)36	3.48557	-2.12031e-002	-2.5782	95.766	55.3018	0.	0.949716	0.313112	0.	0.949716	0.313112	0.	0.	0.	71.7531	0.	0.	0	-1	
8.22064	45.7535	463	0	(0)35	(0)37	(0)37	(0)36	(0)36	3.48557	-2.12031e-002	-2.5782	95.766	55.3018	0.	0.949716	0.313112	0.	0.949716	0.313112	0.	0.	0.	71.7531	0.	0.	0	-1	
8.23751	59.2674	464	0	(0)35	(0)37	(0)37	(0)36	(0)36	3.48557	-2.12031e-002	-2.5782	95.766	55.3018	0.	0.949716	0.313112	0.	0.949716	0.313112	0.	0.	0.	71.7531	0.	0.	0	-1	
8.25814	48.4621	465	0	(0)35	(0)37	(0)37	(0)36	(0)36	3.48557	-2.12031e-002	-2.5782	95.766	55.3018	0.	0.949716	0.313112	0.	0.949716	0.313112	0.	0.	0.	71.7531	0.	0.	0	-1	
8.27554	57.4862	466	0	(0)35	(0)37	(0)37	(0)36	(0)36	3.48557	-2.12031e-002	-2.5782	95.766	55.3018	0.	0.949716	0.313112	0.	0.949716	0.313112	0.	0.	0.	71.7531	0.	0.	0	-1	
8.29246	59.1014	467	0	(0)35	(0)37	(0)37	(0)36	(0)36	3.48557	-2.12031e-002	-2.5782	95.766	55.3018	0.	0.949716	0.313112	0.	0.949716	0.313112	0.	0.	0.	71.7531	0.	0.	0	-1	
8.30949	58.717	468	0	(0)35	(0)37	(0)37	(0)36	(0)36	3.48557	-2.12031e-002	-2.5782	95.766	55.3018	0.	0.949716	0.313112	0.	0.949716	0.313112	0.	0.	0.	71.7531	0.	0.	0	-1	
8.32646	58.929	469	0	(0)35	(0)37	(0)37	(0)36	(0)36	3.48557	-2.12031e-002	-2.5782	95.766	55.3018	0.	0.949716	0.313112	0.	0.949716	0.313112	0.	0.	0.	71.7531	0.	0.	0	-1	
8.34357	58.4538	470	0	(0)35	(0)37	(0)37	(0)36	(0)36	3.48557	-2.12031e-002	-2.5782	95.766	55.3018	0.	0.949716	0.313112	0.	0.949716	0.313112	0.	0.	0.	71.7531	0.	0.	0	-1	
8.36059	58.7295	471	0	(0)35	(0)37	(0)37	(0)36	(0)36	3.48557	-2.12031e-002	-2.5782	95.766	55.3018	0.	0.949716	0.313112	0.	0.949716	0.313112	0.	0.	0.	71.7531	0.	0.	0	-1	
8.37747	59.2664	472	0	(0)35	(0)37	(0)37	(0)36	(0)36	3.48557	-2.12031e-002	-2.5782	95.766	55.3018	0.	0.949716	0.313112	0.	0.949716	0.313112	0.	0.	0.	71.7531	0.	0.	0	-1	
8.39826	48.1012	473	0	(0)35	(0)37	(0)37	(0)36	(0)36	3.48557	-2.12031e-002	-2.5782	95.766	55.3018	0.	0.949716	0.313112	0.	0.949716	0.313112	0.	0.	0.	71.7531	0.	0.	0	-1	
8.41581	56.9555	474	0	(0)35	(0)37	(0)37	(0)36	(0)36	3.48557	-2.12031e-002	-2.5782	95.766	55.3018	0.	0.949716	0.313112	0.	0.949716	0.313112	0.	0.	0.	71.7531	0.	0.	0	-1	
8.4354	51.0544	475	0	(0)35	(0)37	(0)37	(0)36	(0)36	3.48557	-2.12031e-002	-2.5782	95.766	55.3018	0.	0.949716	0.313112	0.	0.949716	0.313112	0.	0.	0.	71.7531	0.	0.	0	-1	
8.45245	58.6556	476	0	(0)35	(0)37	(0)37	(0)36	(0)36	3.48557	-2.12031e-002	-2.5782	95.766	55.3018	0.	0.949716	0.313112	0.	0.949716	0.313112	0.	0.	0.	71.7531	0.	0.	0	-1	
8.46948	58.7264	477	0	(0)35	(0)37	(0)37	(0)36	(0)36	3.48557	-2.12031e-002	-2.5782	95.766	55.3018	0.	0.949716	0.313112	0.	0.949716	0.313112	0.	0.	0.	71.7531	0.	0.	0	-1	
8.48549	62.4669	478	0	(0)35	(0)37	(0)37	(0)36	(0)36	3.48557	-2.12031e-002	-2.5782	95.766	55.3018	0.	0.949716	0.313112	0.	0.949716	0.313112	0.	0.	0.	71.7531	0.	0.	0	-1	
8.50258	58.5075	479	0	(0)35	(0)37	(0)37	(0)36	(0)36	3.48557	-2.12031e-002	-2.5782	95.766	55.3018	0.	0.949716	0.313112	0.	0.949716	0.313112	0.	0.	0.	71.7531	0.	0.	0	-1	
8.51958	58.816	480	0	(0)35	(0)37	(0)37	(0)36	(0)36	3.48557	-2.12031e-002	-2.5782	95.766	55.3018	0.	0.949716	0.313112	0.	0.949716	0.313112	0.	0.	0.	71.7531	0.	0.	0	-1	
8.53661	58.7326	481	0	(0)35	(0)37	(0)37	(0)36	(0)36	3.48557	-2.12031e-002	-2.5782	95.766	55.3018	0.	0.949716	0.313112	0.	0.949716	0.313112	0.	0.	0.	71.7531	0.	0.	0	-1	
8.55358	58.907	482	0	(0)35	(0)37	(0)37	(0)36	(0)36	3.48557	-2.12031e-002	-2.5782	95.766	55.3018	0.	0.949716	0.313112	0.	0.949716	0.313112	0.	0.	0.	71.7531	0.	0.	0	-1	
8.56957	62.5294	483	0	(0)35	(0)37	(0)37	(0)36	(0)36	3.48557	-2.12031e-002	-2.5782	95.766	55.3018	0.	0.949716	0.313112	0.	0.949716	0.313112	0.	0.	0.	71.7531	0.	0.	0	-1	
8.59147	45.6671	484	0	(0)35	(0)37	(0)37	(0)36	(0)36	3.48557	-2.12031e-002	-2.5782	95.766	55.3018	0.	0.949716	0.313112	0.	0.949716	0.313112	0.	0.	0.	71.7531	0.	0.	0	-1	
8.60851	58.6795	485	0	(0)35	(0)37	(0)37	(0)36	(0)36	3.48557	-2.12031e-002	-2.5782	95.766	55.3018	0.	0.949716	0.313112	0.	0.949716	0.313112	0.	0.	0.	71.7531	0.	0.	0	-1	
8.62549	58.9206	486	0	(0)35	(0)37	(0)37	(0)36	(0)36	3.48557	-2.12031e-002	-2.5782	95.766	55.3018	0.	0.949716	0.313112	0.	0.949716	0.313112	0.	0.	0.	71.7531	0.	0.	0	-1	
8.64264	58.3006	487	0	(0)35	(0)37	(0)37	(0)36	(0)36	3.48557	-2.12031e-002	-2.5782	95.766	55.3018	0.	0.949716	0.313112	0.	0.949716	0.313112	0.	0.	0.	71.7531	0.	0.	0	-1	
8.65955	59.1373	488	0	(0)35	(0)37	(0)37	(0)36	(0)36	3.48557	-2.12031e-002	-2.5782	95.766	55.3018	0.	0.949716	0.313112	0.	0.949716	0.313112	0.	0.	0.	71.7531	0.	0.	0	-1	
8.67656	58.7712	489	0	(0)35	(0)37	(0)37	(0)36	(0)36	3.48557	-2.12031e-002	-2.5782	95.766	55.3018	0.	0.949716	0.313112	0.	0.949716	0.313112	0.	0.	0.	71.7531	0.	0.	0	-1	
8.69358	58.7691	490	0	(0)35	(0)37	(0)37	(0)36	(0)36	3.48557	-2.12031e-002	-2.5782	95.766	55.3018	0.	0.949716	0.313112	0.	0.949716	0.313112	0.	0.	0.	71.7531	0.	0.	0	-1	
8.71059	58.7868	491	0	(0)35	(0)37	(0)37	(0)36	(0)36	3.48557	-2.12031e-002	-2.5782	95.766	55.3018	0.	0.949716	0.313112	0.	0.949716	0.313112	0.	0.	0.	71.7531	0.	0.	0	-1	
8.7265	62.8497	492	0	(0)35	(0)37	(0)37	(0)36	(0)36	3.48557	-2.12031e-002	-2.5782	95.766	55.3018	0.	0.949716	0.313112	0.	0.949716	0.313112	0.	0.	0.	71.7531	0.	0.	0	-1	
8.74846	45.5365	493	0	(0)35	(0)37	(0)37	(0)36	(0)36	3.48557	-2.12031e-002	-2.5782	95.766	55.3018	0.	0.949716	0.313112	0.	0.949716	0.313112	0.	0.	0.	71.7531	0.	0.	0	-1	
8.76445	62.5637	494	0	(0)35	(0)37	(0)37	(0)36	(0)36	3.48557	-2.12031e-002	-2.5782	95.766	55.3018	0.	0.949716	0.313112	0.	0.949716	0.313112	0.	0.	0.	71.7531	0.	0.	0	-1	
8.78148	58.6879	495	0	(0)35	(0)37	(0)37	(0)36	(0)36	3.48557	-2.12031e-002	-2.5782	95.766	55.3018	0.	0.949716	0.313112	0.	0.949716	0.313112	0.	0.	0.	71.7531	0.	0.	0	-1	
8.8013	50.4642	496	0	(0)35	(0)37	(0)37	(0)36	(0)36	3.48557	-2.12031e-002	-2.5782	95.766	55.3018	0.	0.949716	0.313112	0.	0.949716	0.313112	0.	0.	0.	71.7531	0.	0.	0	-1	
8.81755	61.5226	497	0	(0)35	(0)37	(0)37	(0)36	(0)36	3.48557	-2.12031e-002	-2.5782	95.766	55.3018	0.	0.949716	0.313112	0.	0.949716	0.313112	0.	0.	0.	71.7531	0.	0.	0	-1	
8.83359	62.3517	498	0	(0)35	(0)37	(0)37	(0)36	(0)36	3.48557	-2.12031e-002	-2.5782	95.766	55.3018	0.	0.949716	0.313112	0.	0.949716	0.313112	0.	0.	0.	71.7531	0.	0.	0	-1	
8.85062	58.7409	499	0	(0)35	(0)37	(0)37	(0)36	(0)36	3.48557	-2.12031e-002	-2.5782	95.766	55.3018	0.	0.949716	0.313112	0.	0.949716	0.313112	0.	0.	0.	71.7531	0.	0.	0	-1	
8.86753	59.132	500	0	(0)35	(0)37	(0)37	(0)36	(0)36	3.48557	-2.12031e-002	-2.5782	95.766	55.3018	0.	0.949716	0.313112	0.	0.949716	0.313112	0.	0.	0.	71.7531	0.	0.	0	-1	
8.88459	58.6214	501	0	(0)35	(0)37	(0)37	(0)36	(0)36	3.48557	-2.12031e-002	-2.5782	95.766	55.3018	0.	0.949716	0.313112	0.	0.949716	0.313112	0.	0.	0.	71.7531	0.	0.	0	-1	
8.90061	62.4163	502	0	(0)35	(0)37	(0)37	(0)36	(0)36	3.48557	-2.12031e-002	-2.5782	95.766	55.3018	0.	0.949716	0.313112	0.	0.949716	0.313112	0.	0.	0.	71.7531	0.	0.	0	-1	
8.9176	58.8536	503	0	(0)35	(0)37	(0)37	(0)36	(0)36	3.48557	-2.12031e-002	-2.5782	95.766	55.3018	0.	0.949716	0.313112	0.	0.949716	0.313112	0.	0.	0.	71.7531	0.	0.	0	-1	
8.93456	58.9689	504	0	(0)35	(0)37	(0)37	(0)36	(0)36	3.48557	-2.12031e-002	-2.5782	95.766	55.3018	0.	0.949716	0.313112	0.	0.949716	0.313112	0.	0.	0.	71.7531	0.	0.	0	-1	
8.95766	43.2936	505	0	(0)35	(0)37	(0)37	(0)36	(0)36	3.48557	-2.12031e-002	-2.5782	95.766	55.3018	0.	0.949716	0.313112	0.	0.949716	0.313112	0.	0.	0.	71.7531	0.	0.	0	-1	
8.97458	59.0793	506	0	(0)35	(0)37	(0)37	(0)36	(0)36	3.48557	-2.12031e-002	-2.5782	95.766	55.3018	0.	0.949716	0.313112	0.	0.949716	0.313112	0.	0.	0.	71.7531	0.	0.	0	-1	
9.0297	18.1431	507	0	(0)35	(0)37	(0)37	(0)36	(0)36	3.48557	-2.12031e-002	-2.5782	95.766	55.3018	0.	0.949716	0.313112	0.	0.949716	0.313112	0.	0.	0.	71.7531	0.	0.	0	-1	
9.04656	59.3088	508	0	(0)35	(0)37	(0)37	(0)36	(0)36	3.48557	-2.12031e-002	-2.5782	95.766	55.3018	0.	0.949716	0.313112	0.	0.949716	0.313112	0.	0.	0.	71.7531	0.	0.	0	-1	
9.06366	58.4703	509	0	(0)35	(0)37	(0)37	(0)36	(0)36	3.48557	-2.12031e-002	-2.5782	95.766	55.3018	0.	0.949716	0.313112	0.	0.949716	0.313112	0.	0.	0.	71.7531	0.	0.	0	-1	
9.08052	59.3332	510	0	(0)35	(0)37	(0)37	(0)36	(0)36	3.48557	-2.12031e-002	-2.5782	95.766	55.3018	0.	0.949716	0.313112	0.	0.949716	0.313112	0.	0.	0.	71.7531	0.	0.	0	-1	
9.09759	58.5654	511	0	(0)35	(0)37	(0)37	(0)36	(0)36	3.48557	-2.12031e-002	-2.5782	95.766	55.3018	0.	0.949716	0.313112	0.	0.949716	0.313112	0.	0.	0.	71.7531	0.	0.	0	-1	
9.11351	62.8199	512	0	(0)35	(0)37	(0)37	(0)36	(0)36	3.48557	-2.12031e-002	-2.5782	95.766	55.3018	0.	0.949716	0.313112	0.	0.949716	0.313112	0.	0.	0.	71.7531	0.	0.	0	-1	
9.13052	58.8066	513	0	(0)35	(0)37	(0)37	(0)36	(0)36	3.48557	-2.12031e-002	-2.5782	95.766	55.3018	0.	0.949716	0.313112	0.	0.949716	0.313112	0.	0.	0.	71.7531	0.	0.	0	-1	
9.14761	58.5137	514	0	(0)35	(0)37	(0)37	(0)36	(0)36	3.48557	-2.12031e-002	-2.5782	95.766	55.3018	0.	0.949716	0.313112	0.	0.949716	0.313112	0.	0.	0.	71.7531	0.	0.	0	-1	
9.1645	59.1785	515	0	(0)35	(0)37	(0)37	(0)36	(0)36	3.48557	-2.12031e-002	-2.5782	95.766	55.3018	0.	0.949716	0.313112	0.	0.949716	0.313112	0.	0.	0.	71.7531	0.	0.	0	-1	
9.1816	58.491	516	0	(0)35	(0)37	(0)37	(0)36	(0)36	3.48557	-2.12031e-002	-2.5782	95.766	55.3018	0.	0.949716	0.313112	0.	0.949716	0.313112	0.	0.	0.	71.7531	0.	0.	0	-1	
9.19854	59.0172	517	0	(0)35	(0)37	(0)37	(0)36	(0)36	3.48557	-2.12031e-002	-2.5782	95.766	55.3018	0.	0.949716	0.313112	0.	0.949716	0.313112	0.	0.	0.	71.7531	0.	0.	0	-1	
9.21552	58.9049	518	0	(0)35	(0)37	(0)37	(0)36	(0)36	3.48557	-2.12031e-002	-2.5782	95.766	55.3018	0.	0.949716	0.313112	0.	0.949716	0.313112	0.	0.	0.	71.7531	0.	0.	0	-1	
9.23148	62.6749	519	0	(0)35	(0)37	(0)37	(0)36	(0)36	3.48557	-2.12031e-002	-2.5782	95.766	55.3018	0.	0.949716	0.313112	0.	0.949716	0.313112	0.	0.	0.	71.7531	0.	0.	0	-1	
9.24751	62.3482	520	0	(0)35	(0)37	(0)37	(0)36	(0)36	3.48557	-2.12031e-002	-2.5782	95.766	55.3018	0.	0.949716	0.313112	0.	0.949716	0.313112	0.	0.	0.	71.7531	0.	0.	0	-1	
9.26349	62.5814	521	0	(0)35	(0)37	(0)37	(0)36	(0)36	3.48557	-2.12031e-002	-2.5782	95.766	55.3018	0.	0.949716	0.313112	0.	0.949716	0.313112	0.	0.	0.	71.7531	0.	0.	0	-1	
9.27949	62.5318	522	0	(0)35	(0)37	(0)37	(0)36	(0)36	3.48557	-2.12031e-002	-2.5782	95.766	55.3018	0.	0.949716	0.313112	0.	0.949716	0.313112	0.	0.	0.	71.7531	0.	0.	0	-1	
9.29667	58.1818	523	0	(0)35	(0)37	(0)37	(0)36	(0)36	3.48557	-2.12031e-002	-2.5782	95.766	55.3018	0.	0.949716	0.313112	0.	0.949716	0.313112	0.	0.	0.	71.7531	0.	0.	0	-1	
9.31369	58.7785	524	0	(0)35	(0)37	(0)37	(0)36	(0)36	3.48557	-2.12031e-002	-2.5782	95.766	55.3018	0.	0.949716	0.313112	0.	0.949716	0.313112	0.	0.	0.	71.7531	0.	0.	0	-1	
9.33052	59.3896	525	0	(0)35	(0)37	(0)37	(0)36	(0)36	3.48557	-2.12031e-002	-2.5782	95.766	55.3018	0.	0.949716	0.313112	0.	0.949716	0.313112	0.	0.	0.	71.7531	0.	0.	0	-1	
9.34758	58.6172	526	0	(0)35	(0)37	(0)37	(0)36	(0)36	3.48557	-2.12031e-002	-2.5782	95.766	55.3018	0.	0.949716	0.313112	0.	0.949716	0.313112	0.	0.	0.	71.7531	0.	0.	0	-1	
9.36454	58.9825	527	0	(0)35	(0)37	(0)37	(0)36	(0)36	3.48557	-2.12031e-002	-2.5782	95.766	55.3018	0.	0.949716	0.313112	0.	0.949716	0.313112	0.	0.	0.	71.7531	0.	0.	0	-1	
9.38074	61.7267	528	0	(0)35	(0)37	(0)37	(0)36	(0)36	3.48557	-2.12031e-002	-2.5782	95.766	55.3018	0.	0.949716	0.313112	0.	0.949716	0.313112	0.	0.	0.	71.7531	0.	0.	0	-1	
9.39758	59.3896	529	0	(0)35	(0)37	(0)37	(0)36	(0)36	3.48557	-2.12031e-002	-2.5782	95.766	55.3018	0.	0.949716	0.313112	0.	0.949716	0.313112	0.	0.	0.	71.7531	0.	0.	0	-1	

