EndlessNurbs
ctrlpoints
0	-1.935	0
0.4662	-1.81773	0
-0.00645	-1.70045	0
-0.00645	-1.58318	0
-0.005	-1.46591	0
-0.25155	-1.34864	0
-0.46345	-1.23136	0
0	-1.11409	0
0	-0.996818	0
0.23865	-0.879545	0
0.5036	-0.762273	0
0.21285	-0.645	0
0	-0.527727	0
0.015	-0.410455	0
-0.17125	-0.293182	0
-0.2451	-0.175909	0
-0.54875	-0.0586364	0
-0.2838	0.0586364	0
-0.2014	0.175909	0
0.01	0.293182	0
0.005	0.410455	0
0.34525	0.527727	0
0.08675	0.645	0
-0.005	0.762273	0
0	0.879545	0
-0.27785	0.996818	0
0	1.11409	0
0.27785	1.23136	0
0	1.34864	0
0	1.46591	0
-0.27785	1.58318	0
0	1.70045	0
0	1.81773	0
0	1.935	0
knots
0
0
0
0
1
2
3
4
5
6
7
8
9
10
11
12
13
14
15
16
17
18
19
20
21
22
23
24
25
26
27
28
29
30
31
31
31
31
#Curvature
#40.406
#40.406
#40.406
#40.1324
#40.1302
#40.0217
#39.9765
#39.9634
#39.9619
#39.8998
#Length
#6.29519
#Scale
#200
