TrialReplay

Frame:	2
1.	0.	0.	0.	
0.	1.	0.	0.	
0.	0.	1.	0.	
0.	0.	0.	1.	
Dynamic:	0	

Frame:	3
1.	0.	0.	0.	
0.	1.	0.	0.	
0.	0.	1.	0.	
0.	0.	0.	1.	
Dynamic:	0	

Frame:	4
1.	0.	0.	0.	
0.	1.	0.	0.	
0.	0.	1.	0.	
0.	0.	0.	1.	
Dynamic:	0	

Frame:	5
1.	0.	0.	0.	
0.	1.	0.	0.	
0.	0.	1.	0.	
0.	0.	0.	1.	
Dynamic:	0	

Frame:	6
1.	0.	0.	0.	
0.	1.	0.	0.	
0.	0.	1.	0.	
0.	0.	0.	1.	
Dynamic:	0	

Frame:	7
1.	0.	0.	0.	
0.	1.	0.	0.	
0.	0.	1.	0.	
0.	0.	0.	1.	
Dynamic:	0	

Frame:	8
1.	0.	0.	0.	
0.	1.	0.	0.	
0.	0.	1.	0.	
0.	0.	0.	1.	
Dynamic:	0	

Frame:	9
1.	0.	0.	0.	
0.	1.	0.	0.	
0.	0.	1.	0.	
0.	0.	0.	1.	
Dynamic:	0	

Frame:	10
1.	0.	0.	0.	
0.	1.	0.	0.	
0.	0.	1.	0.	
0.	0.	0.	1.	
Dynamic:	0	

Frame:	11
1.	0.	0.	0.	
0.	1.	0.	0.	
0.	0.	1.	0.	
0.	0.	0.	1.	
Dynamic:	0	

Frame:	12
1.	0.	0.	0.	
0.	1.	0.	0.	
0.	0.	1.	0.	
0.	0.	0.	1.	
Dynamic:	0	

Frame:	13
1.	0.	0.	0.	
0.	1.	0.	0.	
0.	0.	1.	0.	
0.	0.	0.	1.	
Dynamic:	0	

Frame:	14
1.	0.	0.	0.	
0.	1.	0.	0.	
0.	0.	1.	0.	
0.	0.	0.	1.	
Dynamic:	0	

Frame:	15
1.	0.	0.	0.	
0.	1.	0.	0.	
0.	0.	1.	0.	
0.	0.	0.	1.	
Dynamic:	0	

Frame:	16
1.	0.	0.	0.	
0.	1.	0.	0.	
0.	0.	1.	0.	
0.	0.	0.	1.	
Dynamic:	0	

Frame:	17
1.	0.	0.	0.	
0.	1.	0.	0.	
0.	0.	1.	0.	
0.	0.	0.	1.	
Dynamic:	0	

Frame:	18
1.	0.	0.	0.	
0.	1.	0.	0.	
0.	0.	1.	0.	
0.	0.	0.	1.	
Dynamic:	0	

Frame:	19
1.	0.	0.	0.	
0.	1.	0.	0.	
0.	0.	1.	0.	
0.	0.	0.	1.	
Dynamic:	0	

Frame:	20
1.	0.	0.	0.	
0.	1.	0.	0.	
0.	0.	1.	0.	
0.	0.	0.	1.	
Dynamic:	0	

Frame:	21
1.	0.	0.	0.	
0.	1.	0.	0.	
0.	0.	1.	0.	
0.	0.	0.	1.	
Dynamic:	0	

Frame:	22
1.	0.	0.	0.	
0.	1.	0.	0.	
0.	0.	1.	0.	
0.	0.	0.	1.	
Dynamic:	0	

Frame:	23
1.	0.	0.	0.	
0.	1.	0.	0.	
0.	0.	1.	0.	
0.	0.	0.	1.	
Dynamic:	0	

Frame:	24
1.	0.	0.	0.	
0.	1.	0.	0.	
0.	0.	1.	0.	
0.	0.	0.	1.	
Dynamic:	0	

Frame:	25
1.	0.	0.	0.	
0.	1.	0.	0.	
0.	0.	1.	0.	
0.	0.	0.	1.	
Dynamic:	0	

Frame:	26
1.	0.	0.	0.	
0.	1.	0.	0.	
0.	0.	1.	0.	
0.	0.	0.	1.	
Dynamic:	0	

Frame:	27
1.	0.	0.	0.	
0.	1.	0.	0.	
0.	0.	1.	0.	
0.	0.	0.	1.	
Dynamic:	0	

Frame:	28
1.	0.	0.	0.	
0.	1.	0.	0.	
0.	0.	1.	0.	
0.	0.	0.	1.	
Dynamic:	0	

Frame:	29
1.	0.	0.	0.	
0.	1.	0.	0.	
0.	0.	1.	0.	
0.	0.	0.	1.	
Dynamic:	0	

Frame:	30
1.	0.	0.	0.	
0.	1.	0.	0.	
0.	0.	1.	0.	
0.	0.	0.	1.	
Dynamic:	0	

Frame:	31
1.	0.	0.	0.	
0.	1.	0.	0.	
0.	0.	1.	0.	
0.	0.	0.	1.	
Dynamic:	0	

Frame:	32
1.	0.	0.	0.	
0.	1.	0.	0.	
0.	0.	1.	0.	
0.	0.	0.	1.	
Dynamic:	0	

Frame:	33
1.	0.	0.	0.	
0.	1.	0.	0.	
0.	0.	1.	0.	
0.	0.	0.	1.	
Dynamic:	0	

Frame:	34
1.	0.	0.	0.	
0.	1.	0.	0.	
0.	0.	1.	0.	
0.	0.	0.	1.	
Dynamic:	0	

Frame:	35
1.	0.	0.	0.	
0.	1.	0.	0.	
0.	0.	1.	0.	
0.	0.	0.	1.	
Dynamic:	0	

Frame:	36
1.	0.	0.	0.	
0.	1.	0.	0.	
0.	0.	1.	0.	
0.	0.	0.	1.	
Dynamic:	0	

Frame:	37
1.	0.	0.	0.	
0.	1.	0.	0.	
0.	0.	1.	0.	
0.	0.	0.	1.	
Dynamic:	0	

Frame:	38
1.	0.	0.	0.	
0.	1.	0.	0.	
0.	0.	1.	0.	
0.	0.	0.	1.	
Dynamic:	0	

Frame:	39
1.	0.	0.	0.	
0.	1.	0.	0.	
0.	0.	1.	0.	
0.	0.	0.	1.	
Dynamic:	0	

Frame:	40
1.	0.	0.	0.	
0.	1.	0.	0.	
0.	0.	1.	0.	
0.	0.	0.	1.	
Dynamic:	0	

Frame:	41
1.	0.	0.	0.	
0.	1.	0.	0.	
0.	0.	1.	0.	
0.	0.	0.	1.	
Dynamic:	0	

Frame:	42
1.	0.	0.	0.	
0.	1.	0.	0.	
0.	0.	1.	0.	
0.	0.	0.	1.	
Dynamic:	0	

Frame:	43
1.	0.	0.	0.	
0.	1.	0.	0.	
0.	0.	1.	0.	
0.	0.	0.	1.	
Dynamic:	0	

Frame:	44
1.	0.	0.	0.	
0.	1.	0.	0.	
0.	0.	1.	0.	
0.	0.	0.	1.	
Dynamic:	0	

Frame:	45
1.	0.	0.	0.	
0.	1.	0.	0.	
0.	0.	1.	0.	
0.	0.	0.	1.	
Dynamic:	0	

Frame:	46
1.	0.	0.	0.	
0.	1.	0.	0.	
0.	0.	1.	0.	
0.	0.	0.	1.	
Dynamic:	0	

Frame:	47
1.	0.	0.	0.	
0.	1.	0.	0.	
0.	0.	1.	0.	
0.	0.	0.	1.	
Dynamic:	0	

Frame:	48
1.	0.	0.	0.	
0.	1.	0.	0.	
0.	0.	1.	0.	
0.	0.	0.	1.	
Dynamic:	0	

Frame:	49
1.	0.	0.	0.	
0.	1.	0.	0.	
0.	0.	1.	0.	
0.	0.	0.	1.	
Dynamic:	0	

Frame:	50
1.	0.	0.	0.	
0.	1.	0.	0.	
0.	0.	1.	0.	
0.	0.	0.	1.	
Dynamic:	0	

Frame:	51
1.	0.	0.	0.	
0.	1.	0.	0.	
0.	0.	1.	0.	
0.	0.	0.	1.	
Dynamic:	0	

Frame:	52
1.	0.	0.	0.	
0.	1.	0.	0.	
0.	0.	1.	0.	
0.	0.	0.	1.	
Dynamic:	0	

Frame:	53
1.	0.	0.	0.	
0.	1.	0.	0.	
0.	0.	1.	0.	
0.	0.	0.	1.	
Dynamic:	0	

Frame:	54
1.	0.	0.	0.	
0.	1.	0.	0.	
0.	0.	1.	0.	
0.	0.	0.	1.	
Dynamic:	0	

Frame:	55
1.	0.	0.	0.	
0.	1.	0.	0.	
0.	0.	1.	0.	
0.	0.	0.	1.	
Dynamic:	0	

Frame:	56
1.	0.	0.	0.	
0.	1.	0.	0.	
0.	0.	1.	0.	
0.	0.	0.	1.	
Dynamic:	0	

Frame:	57
1.	0.	0.	0.	
0.	1.	0.	0.	
0.	0.	1.	0.	
0.	0.	0.	1.	
Dynamic:	0	

Frame:	58
1.	0.	0.	0.	
0.	1.	0.	0.	
0.	0.	1.	0.	
0.	0.	0.	1.	
Dynamic:	0	

Frame:	59
1.	0.	0.	0.	
0.	1.	0.	0.	
0.	0.	1.	0.	
0.	0.	0.	1.	
Dynamic:	0	

Frame:	60
1.	0.	0.	0.	
0.	1.	0.	0.	
0.	0.	1.	0.	
0.	0.	0.	1.	
Dynamic:	0	

Frame:	61
1.	0.	0.	0.	
0.	1.	0.	0.	
0.	0.	1.	0.	
0.	0.	0.	1.	
Dynamic:	0	

Frame:	62
1.	0.	0.	0.	
0.	1.	0.	0.	
0.	0.	1.	0.	
0.	0.	0.	1.	
Dynamic:	0	

Frame:	63
1.	0.	0.	0.	
0.	1.	0.	0.	
0.	0.	1.	0.	
0.	0.	0.	1.	
Dynamic:	0	

Frame:	64
1.	0.	0.	0.	
0.	1.	0.	0.	
0.	0.	1.	0.	
0.	0.	0.	1.	
Dynamic:	0	

Frame:	65
1.	0.	0.	0.	
0.	1.	0.	0.	
0.	0.	1.	0.	
0.	0.	0.	1.	
Dynamic:	0	

Frame:	66
1.	0.	0.	0.	
0.	1.	0.	0.	
0.	0.	1.	0.	
0.	0.	0.	1.	
Dynamic:	0	

Frame:	67
1.	0.	0.	0.	
0.	1.	0.	0.	
0.	0.	1.	0.	
0.	0.	0.	1.	
Dynamic:	0	

Frame:	68
1.	0.	0.	0.	
0.	1.	0.	0.	
0.	0.	1.	0.	
0.	0.	0.	1.	
Dynamic:	0	

Frame:	69
1.	0.	0.	0.	
0.	1.	0.	0.	
0.	0.	1.	0.	
0.	0.	0.	1.	
Dynamic:	0	

Frame:	70
1.	0.	0.	0.	
0.	1.	0.	0.	
0.	0.	1.	0.	
0.	0.	0.	1.	
Dynamic:	0	

Frame:	71
1.	0.	0.	0.	
0.	1.	0.	0.	
0.	0.	1.	0.	
0.	0.	0.	1.	
Dynamic:	0	

Frame:	72
1.	0.	0.	0.	
0.	1.	0.	0.	
0.	0.	1.	0.	
0.	0.	0.	1.	
Dynamic:	0	

Frame:	73
1.	0.	0.	0.	
0.	1.	0.	0.	
0.	0.	1.	0.	
0.	0.	0.	1.	
Dynamic:	0	

Frame:	74
1.	0.	0.	0.	
0.	1.	0.	0.	
0.	0.	1.	0.	
0.	0.	0.	1.	
Dynamic:	0	

Frame:	75
1.	0.	0.	0.	
0.	1.	0.	0.	
0.	0.	1.	0.	
0.	0.	0.	1.	
Dynamic:	0	

Frame:	76
1.	0.	0.	0.	
0.	1.	0.	0.	
0.	0.	1.	0.	
0.	0.	0.	1.	
Dynamic:	0	

Frame:	77
1.	0.	0.	0.	
0.	1.	0.	0.	
0.	0.	1.	0.	
0.	0.	0.	1.	
Dynamic:	0	

Frame:	78
1.	0.	0.	0.	
0.	1.	0.	0.	
0.	0.	1.	0.	
0.	0.	0.	1.	
Dynamic:	0	

Frame:	79
1.	0.	0.	0.	
0.	1.	0.	0.	
0.	0.	1.	0.	
0.	0.	0.	1.	
Dynamic:	0	

Frame:	80
1.	0.	0.	0.	
0.	1.	0.	0.	
0.	0.	1.	0.	
0.	0.	0.	1.	
Dynamic:	0	

Frame:	81
1.	0.	0.	0.	
0.	1.	0.	0.	
0.	0.	1.	0.	
0.	0.	0.	1.	
Dynamic:	0	

Frame:	82
1.	0.	0.	0.	
0.	1.	0.	0.	
0.	0.	1.	0.	
0.	0.	0.	1.	
Dynamic:	0	

Frame:	83
1.	0.	0.	0.	
0.	1.	0.	0.	
0.	0.	1.	0.	
0.	0.	0.	1.	
Dynamic:	0	

Frame:	84
1.	0.	0.	0.	
0.	1.	0.	0.	
0.	0.	1.	0.	
0.	0.	0.	1.	
Dynamic:	0	

Frame:	85
1.	0.	0.	0.	
0.	1.	0.	0.	
0.	0.	1.	0.	
0.	0.	0.	1.	
Dynamic:	0	

Frame:	86
1.	0.	0.	0.	
0.	1.	0.	0.	
0.	0.	1.	0.	
0.	0.	0.	1.	
Dynamic:	0	

Frame:	87
1.	0.	0.	0.	
0.	1.	0.	0.	
0.	0.	1.	0.	
0.	0.	0.	1.	
Dynamic:	0	

Frame:	88
1.	0.	0.	0.	
0.	1.	0.	0.	
0.	0.	1.	0.	
0.	0.	0.	1.	
Dynamic:	0	

Frame:	89
1.	0.	0.	0.	
0.	1.	0.	0.	
0.	0.	1.	0.	
0.	0.	0.	1.	
Dynamic:	0	

Frame:	90
1.	0.	0.	0.	
0.	1.	0.	0.	
0.	0.	1.	0.	
0.	0.	0.	1.	
Dynamic:	0	

Frame:	91
1.	0.	0.	0.	
0.	1.	0.	0.	
0.	0.	1.	0.	
0.	0.	0.	1.	
Dynamic:	0	

Frame:	92
1.	0.	0.	0.	
0.	1.	0.	0.	
0.	0.	1.	0.	
0.	0.	0.	1.	
Dynamic:	0	

Frame:	93
1.	0.	0.	0.	
0.	1.	0.	0.	
0.	0.	1.	0.	
0.	0.	0.	1.	
Dynamic:	0	

Frame:	94
1.	0.	0.	0.	
0.	1.	0.	0.	
0.	0.	1.	0.	
0.	0.	0.	1.	
Dynamic:	0	

Frame:	95
1.	0.	0.	0.	
0.	1.	0.	0.	
0.	0.	1.	0.	
0.	0.	0.	1.	
Dynamic:	0	

Frame:	96
1.	0.	0.	0.	
0.	1.	0.	0.	
0.	0.	1.	0.	
0.	0.	0.	1.	
Dynamic:	0	

Frame:	97
1.	0.	0.	0.	
0.	1.	0.	0.	
0.	0.	1.	0.	
0.	0.	0.	1.	
Dynamic:	0	

Frame:	98
1.	0.	0.	0.	
0.	1.	0.	0.	
0.	0.	1.	0.	
0.	0.	0.	1.	
Dynamic:	0	

Frame:	99
1.	0.	0.	0.	
0.	1.	0.	0.	
0.	0.	1.	0.	
0.	0.	0.	1.	
Dynamic:	0	

Frame:	100
1.	0.	0.	0.	
0.	1.	0.	0.	
0.	0.	1.	0.	
0.	0.	0.	1.	
Dynamic:	0	

Frame:	101
1.	0.	0.	0.	
0.	1.	0.	0.	
0.	0.	1.	0.	
0.	0.	0.	1.	
Dynamic:	0	

Frame:	102
1.	0.	0.	0.	
0.	1.	0.	0.	
0.	0.	1.	0.	
0.	0.	0.	1.	
Dynamic:	0	

Frame:	103
1.	0.	0.	0.	
0.	1.	0.	0.	
0.	0.	1.	0.	
0.	0.	0.	1.	
Dynamic:	0	

Frame:	104
1.	0.	0.	0.	
0.	1.	0.	0.	
0.	0.	1.	0.	
0.	0.	0.	1.	
Dynamic:	0	

Frame:	105
1.	0.	0.	0.	
0.	1.	0.	0.	
0.	0.	1.	0.	
0.	0.	0.	1.	
Dynamic:	0	

Frame:	106
1.	0.	0.	0.	
0.	1.	0.	0.	
0.	0.	1.	0.	
0.	0.	0.	1.	
Dynamic:	0	

Frame:	107
1.	0.	0.	0.	
0.	1.	0.	0.	
0.	0.	1.	0.	
0.	0.	0.	1.	
Dynamic:	0	

Frame:	108
1.	0.	0.	0.	
0.	1.	0.	0.	
0.	0.	1.	0.	
0.	0.	0.	1.	
Dynamic:	0	

Frame:	109
1.	0.	0.	0.	
0.	1.	0.	0.	
0.	0.	1.	0.	
0.	0.	0.	1.	
Dynamic:	0	

Frame:	110
1.	0.	0.	0.	
0.	1.	0.	0.	
0.	0.	1.	0.	
0.	0.	0.	1.	
Dynamic:	0	

Frame:	111
1.	0.	0.	0.	
0.	1.	0.	0.	
0.	0.	1.	0.	
0.	0.	0.	1.	
Dynamic:	0	

Frame:	112
1.	0.	0.	0.	
0.	1.	0.	0.	
0.	0.	1.	0.	
0.	0.	0.	1.	
Dynamic:	0	

Frame:	113
1.	0.	0.	0.	
0.	1.	0.	0.	
0.	0.	1.	0.	
0.	0.	0.	1.	
Dynamic:	0	

Frame:	114
1.	0.	0.	0.	
0.	1.	0.	0.	
0.	0.	1.	0.	
0.	0.	0.	1.	
Dynamic:	0	

Frame:	115
1.	0.	0.	0.	
0.	1.	0.	0.	
0.	0.	1.	0.	
0.	0.	0.	1.	
Dynamic:	0	

Frame:	116
1.	0.	0.	0.	
0.	1.	0.	0.	
0.	0.	1.	0.	
0.	0.	0.	1.	
Dynamic:	0	

Frame:	117
1.	0.	0.	0.	
0.	1.	0.	0.	
0.	0.	1.	0.	
0.	0.	0.	1.	
Dynamic:	0	

Frame:	118
1.	0.	0.	0.	
0.	1.	0.	0.	
0.	0.	1.	0.	
0.	0.	0.	1.	
Dynamic:	0	

Frame:	119
1.	0.	0.	0.	
0.	1.	0.	0.	
0.	0.	1.	0.	
0.	0.	0.	1.	
Dynamic:	0	

Frame:	120
1.	0.	0.	0.	
0.	1.	0.	0.	
0.	0.	1.	0.	
0.	0.	0.	1.	
Dynamic:	0	

Frame:	121
1.	0.	0.	0.	
0.	1.	0.	0.	
0.	0.	1.	0.	
0.	0.	0.	1.	
Dynamic:	0	

Frame:	122
1.	0.	0.	0.	
0.	1.	0.	0.	
0.	0.	1.	0.	
0.	0.	0.	1.	
Dynamic:	0	

Frame:	123
1.	0.	0.	0.	
0.	1.	0.	0.	
0.	0.	1.	0.	
0.	0.	0.	1.	
Dynamic:	0	

Frame:	124
1.	0.	0.	0.	
0.	1.	0.	0.	
0.	0.	1.	0.	
0.	0.	0.	1.	
Dynamic:	0	

Frame:	125
1.	0.	0.	0.	
0.	1.	0.	0.	
0.	0.	1.	0.	
0.	0.	0.	1.	
Dynamic:	0	

Frame:	126
1.	0.	0.	0.	
0.	1.	0.	0.	
0.	0.	1.	0.	
0.	0.	0.	1.	
Dynamic:	0	

Frame:	127
1.	0.	0.	0.	
0.	1.	0.	0.	
0.	0.	1.	0.	
0.	0.	0.	1.	
Dynamic:	0	

Frame:	128
1.	0.	0.	0.	
0.	1.	0.	0.	
0.	0.	1.	0.	
0.	0.	0.	1.	
Dynamic:	0	

Frame:	129
1.	0.	0.	0.	
0.	1.	0.	0.	
0.	0.	1.	0.	
0.	0.	0.	1.	
Dynamic:	0	

Frame:	130
1.	0.	0.	0.	
0.	1.	0.	0.	
0.	0.	1.	0.	
0.	0.	0.	1.	
Dynamic:	0	

Frame:	131
1.	0.	0.	0.	
0.	1.	0.	0.	
0.	0.	1.	0.	
0.	0.	0.	1.	
Dynamic:	0	

Frame:	132
1.	0.	0.	0.	
0.	1.	0.	0.	
0.	0.	1.	0.	
0.	0.	0.	1.	
Dynamic:	0	

Frame:	133
1.	0.	0.	0.	
0.	1.	0.	0.	
0.	0.	1.	0.	
0.	0.	0.	1.	
Dynamic:	0	

Frame:	134
1.	0.	0.	0.	
0.	1.	0.	0.	
0.	0.	1.	0.	
0.	0.	0.	1.	
Dynamic:	0	

Frame:	135
1.	0.	0.	0.	
0.	1.	0.	0.	
0.	0.	1.	0.	
0.	0.	0.	1.	
Dynamic:	0	

Frame:	136
1.	0.	0.	0.	
0.	1.	0.	0.	
0.	0.	1.	0.	
0.	0.	0.	1.	
Dynamic:	0	

Frame:	137
1.	0.	0.	0.	
0.	1.	0.	0.	
0.	0.	1.	0.	
0.	0.	0.	1.	
Dynamic:	0	

Frame:	138
1.	0.	0.	0.	
0.	1.	0.	0.	
0.	0.	1.	0.	
0.	0.	0.	1.	
Dynamic:	0	

Frame:	139
1.	0.	0.	0.	
0.	1.	0.	0.	
0.	0.	1.	0.	
0.	0.	0.	1.	
Dynamic:	0	

Frame:	140
1.	0.	0.	0.	
0.	1.	0.	0.	
0.	0.	1.	0.	
0.	0.	0.	1.	
Dynamic:	0	

Frame:	141
1.	0.	0.	0.	
0.	1.	0.	0.	
0.	0.	1.	0.	
0.	0.	0.	1.	
Dynamic:	0	

Frame:	142
1.	0.	0.	0.	
0.	1.	0.	0.	
0.	0.	1.	0.	
0.	0.	0.	1.	
Dynamic:	0	

Frame:	143
1.	0.	0.	0.	
0.	1.	0.	0.	
0.	0.	1.	0.	
0.	0.	0.	1.	
Dynamic:	0	

Frame:	144
1.	0.	0.	0.	
0.	1.	0.	0.	
0.	0.	1.	0.	
0.	0.	0.	1.	
Dynamic:	0	

Frame:	145
1.	0.	0.	0.	
0.	1.	0.	0.	
0.	0.	1.	0.	
0.	0.	0.	1.	
Dynamic:	0	

Frame:	146
1.	0.	0.	0.	
0.	1.	0.	0.	
0.	0.	1.	0.	
0.	0.	0.	1.	
Dynamic:	0	

Frame:	147
1.	0.	0.	0.	
0.	1.	0.	0.	
0.	0.	1.	0.	
0.	0.	0.	1.	
Dynamic:	0	

Frame:	148
1.	0.	0.	0.	
0.	1.	0.	0.	
0.	0.	1.	0.	
0.	0.	0.	1.	
Dynamic:	0	

Frame:	149
1.	0.	0.	0.	
0.	1.	0.	0.	
0.	0.	1.	0.	
0.	0.	0.	1.	
Dynamic:	0	

Frame:	150
1.	0.	0.	0.	
0.	1.	0.	0.	
0.	0.	1.	0.	
0.	0.	0.	1.	
Dynamic:	0	

Frame:	151
1.	0.	0.	0.	
0.	1.	0.	0.	
0.	0.	1.	0.	
0.	0.	0.	1.	
Dynamic:	0	

Frame:	152
1.	0.	0.	0.	
0.	1.	0.	0.	
0.	0.	1.	0.	
0.	0.	0.	1.	
Dynamic:	0	

Frame:	153
1.	0.	0.	0.	
0.	1.	0.	0.	
0.	0.	1.	0.	
0.	0.	0.	1.	
Dynamic:	0	

Frame:	154
1.	0.	0.	0.	
0.	1.	0.	0.	
0.	0.	1.	0.	
0.	0.	0.	1.	
Dynamic:	0	

Frame:	155
1.	0.	0.	0.	
0.	1.	0.	0.	
0.	0.	1.	0.	
0.	0.	0.	1.	
Dynamic:	0	

Frame:	156
1.	0.	0.	0.	
0.	1.	0.	0.	
0.	0.	1.	0.	
0.	0.	0.	1.	
Dynamic:	0	

Frame:	157
1.	0.	0.	0.	
0.	1.	0.	0.	
0.	0.	1.	0.	
0.	0.	0.	1.	
Dynamic:	0	

Frame:	158
1.	0.	0.	0.	
0.	1.	0.	0.	
0.	0.	1.	0.	
0.	0.	0.	1.	
Dynamic:	0	

Frame:	159
1.	0.	0.	0.	
0.	1.	0.	0.	
0.	0.	1.	0.	
0.	0.	0.	1.	
Dynamic:	0	

Frame:	160
1.	0.	0.	0.	
0.	1.	0.	0.	
0.	0.	1.	0.	
0.	0.	0.	1.	
Dynamic:	0	

Frame:	161
1.	0.	0.	0.	
0.	1.	0.	0.	
0.	0.	1.	0.	
0.	0.	0.	1.	
Dynamic:	0	

Frame:	162
1.	0.	0.	0.	
0.	1.	0.	0.	
0.	0.	1.	0.	
0.	0.	0.	1.	
Dynamic:	0	

Frame:	163
1.	0.	0.	0.	
0.	1.	0.	0.	
0.	0.	1.	0.	
0.	0.	0.	1.	
Dynamic:	0	

Frame:	164
1.	0.	0.	0.	
0.	1.	0.	0.	
0.	0.	1.	0.	
0.	0.	0.	1.	
Dynamic:	0	

Frame:	165
1.	0.	0.	0.	
0.	1.	0.	0.	
0.	0.	1.	0.	
0.	0.	0.	1.	
Dynamic:	0	

Frame:	166
1.	0.	0.	0.	
0.	1.	0.	0.	
0.	0.	1.	0.	
0.	0.	0.	1.	
Dynamic:	0	

Frame:	167
1.	0.	0.	0.	
0.	1.	0.	0.	
0.	0.	1.	0.	
0.	0.	0.	1.	
Dynamic:	0	

Frame:	168
1.	0.	0.	0.	
0.	1.	0.	0.	
0.	0.	1.	0.	
0.	0.	0.	1.	
Dynamic:	0	

Frame:	169
1.	0.	0.	0.	
0.	1.	0.	0.	
0.	0.	1.	0.	
0.	0.	0.	1.	
Dynamic:	0	

Frame:	170
1.	0.	0.	0.	
0.	1.	0.	0.	
0.	0.	1.	0.	
0.	0.	0.	1.	
Dynamic:	0	

Frame:	171
1.	0.	0.	0.	
0.	1.	0.	0.	
0.	0.	1.	0.	
0.	0.	0.	1.	
Dynamic:	0	

Frame:	172
1.	0.	0.	0.	
0.	1.	0.	0.	
0.	0.	1.	0.	
0.	0.	0.	1.	
Dynamic:	0	

Frame:	173
1.	0.	0.	0.	
0.	1.	0.	0.	
0.	0.	1.	0.	
0.	0.	0.	1.	
Dynamic:	0	

Frame:	174
1.	0.	0.	0.	
0.	1.	0.	0.	
0.	0.	1.	0.	
0.	0.	0.	1.	
Dynamic:	0	

Frame:	175
1.	0.	0.	0.	
0.	1.	0.	0.	
0.	0.	1.	0.	
0.	0.	0.	1.	
Dynamic:	0	

Frame:	176
1.	0.	0.	0.	
0.	1.	0.	0.	
0.	0.	1.	0.	
0.	0.	0.	1.	
Dynamic:	0	

Frame:	177
1.	0.	0.	0.	
0.	1.	0.	0.	
0.	0.	1.	0.	
0.	0.	0.	1.	
Dynamic:	0	

Frame:	178
1.	0.	0.	0.	
0.	1.	0.	0.	
0.	0.	1.	0.	
0.	0.	0.	1.	
Dynamic:	0	

Frame:	179
1.	0.	0.	0.	
0.	1.	0.	0.	
0.	0.	1.	0.	
0.	0.	0.	1.	
Dynamic:	0	

Frame:	180
1.	0.	0.	0.	
0.	1.	0.	0.	
0.	0.	1.	0.	
0.	0.	0.	1.	
Dynamic:	0	

Frame:	181
1.	0.	0.	0.	
0.	1.	0.	0.	
0.	0.	1.	0.	
0.	0.	0.	1.	
Dynamic:	0	

Frame:	182
1.	0.	0.	0.	
0.	1.	0.	0.	
0.	0.	1.	0.	
0.	0.	0.	1.	
Dynamic:	0	

Frame:	183
1.	0.	0.	0.	
0.	1.	0.	0.	
0.	0.	1.	0.	
0.	0.	0.	1.	
Dynamic:	0	

Frame:	184
1.	0.	0.	0.	
0.	1.	0.	0.	
0.	0.	1.	0.	
0.	0.	0.	1.	
Dynamic:	0	

Frame:	185
1.	0.	0.	0.	
0.	1.	0.	0.	
0.	0.	1.	0.	
0.	0.	0.	1.	
Dynamic:	0	

Frame:	186
1.	0.	0.	0.	
0.	1.	0.	0.	
0.	0.	1.	0.	
0.	0.	0.	1.	
Dynamic:	0	

Frame:	187
1.	0.	0.	0.	
0.	1.	0.	0.	
0.	0.	1.	0.	
0.	0.	0.	1.	
Dynamic:	0	

Frame:	188
1.	0.	0.	0.	
0.	1.	0.	0.	
0.	0.	1.	0.	
0.	0.	0.	1.	
Dynamic:	0	

Frame:	189
1.	0.	0.	0.	
0.	1.	0.	0.	
0.	0.	1.	0.	
0.	0.	0.	1.	
Dynamic:	0	

Frame:	190
1.	0.	0.	0.	
0.	1.	0.	0.	
0.	0.	1.	0.	
0.	0.	0.	1.	
Dynamic:	0	

Frame:	191
1.	0.	0.	0.	
0.	1.	0.	0.	
0.	0.	1.	0.	
9.81511e-003	3.29148e-002	0.	1.	
Dynamic:	0	

Frame:	192
1.	0.	0.	0.	
0.	1.	0.	0.	
0.	0.	1.	0.	
9.81511e-003	4.05105e-002	0.	1.	
Dynamic:	0	

Frame:	193
1.	0.	0.	0.	
0.	1.	0.	0.	
0.	0.	1.	0.	
9.81511e-003	6.32977e-002	0.	1.	
Dynamic:	0	

Frame:	194
1.	0.	0.	0.	
0.	1.	0.	0.	
0.	0.	1.	0.	
9.81511e-003	8.86167e-002	0.	1.	
Dynamic:	0	

Frame:	195
1.	0.	0.	0.	
0.	1.	0.	0.	
0.	0.	1.	0.	
9.81511e-003	0.108872	0.	1.	
Dynamic:	0	

Frame:	196
1.	0.	0.	0.	
0.	1.	0.	0.	
0.	0.	1.	0.	
9.81511e-003	0.134191	0.	1.	
Dynamic:	0	

Frame:	197
1.	0.	0.	0.	
0.	1.	0.	0.	
0.	0.	1.	0.	
9.81511e-003	0.151914	0.	1.	
Dynamic:	0	

Frame:	198
1.	0.	0.	0.	
0.	1.	0.	0.	
0.	0.	1.	0.	
9.81511e-003	0.17217	0.	1.	
Dynamic:	0	

Frame:	199
1.	0.	0.	0.	
0.	1.	0.	0.	
0.	0.	1.	0.	
9.81511e-003	0.192425	0.	1.	
Dynamic:	0	

Frame:	200
1.	0.	0.	0.	
0.	1.	0.	0.	
0.	0.	1.	0.	
9.81511e-003	0.207616	0.	1.	
Dynamic:	0	

Frame:	201
1.	0.	0.	0.	
0.	1.	0.	0.	
0.	0.	1.	0.	
9.81511e-003	0.227872	0.	1.	
Dynamic:	0	

Frame:	202
1.	0.	0.	0.	
0.	1.	0.	0.	
0.	0.	1.	0.	
9.81511e-003	0.245595	0.	1.	
Dynamic:	0	

Frame:	203
1.	0.	0.	0.	
0.	1.	0.	0.	
0.	0.	1.	0.	
9.81511e-003	0.268382	0.	1.	
Dynamic:	0	

Frame:	204
1.	0.	0.	0.	
0.	1.	0.	0.	
0.	0.	1.	0.	
9.81511e-003	0.291169	0.	1.	
Dynamic:	0	

Frame:	205
1.	0.	0.	0.	
0.	1.	0.	0.	
0.	0.	1.	0.	
9.81511e-003	0.311424	0.	1.	
Dynamic:	0	

Frame:	206
1.	0.	0.	0.	
0.	1.	0.	0.	
0.	0.	1.	0.	
9.81511e-003	0.31902	0.	1.	
Dynamic:	0	

Frame:	207
1.	0.	0.	0.	
0.	1.	0.	0.	
0.	0.	1.	0.	
9.81511e-003	0.31902	0.	1.	
Dynamic:	0	

Frame:	208
1.	0.	0.	0.	
0.	1.	0.	0.	
0.	0.	1.	0.	
9.81511e-003	0.311424	0.	1.	
Dynamic:	0	

Frame:	209
1.	0.	0.	0.	
0.	1.	0.	0.	
0.	0.	1.	0.	
9.81511e-003	0.301297	0.	1.	
Dynamic:	0	

Frame:	210
1.	0.	0.	0.	
0.	1.	0.	0.	
0.	0.	1.	0.	
9.81511e-003	0.273446	0.	1.	
Dynamic:	0	

Frame:	211
1.	0.	0.	0.	
0.	1.	0.	0.	
0.	0.	1.	0.	
9.81511e-003	0.240531	0.	1.	
Dynamic:	0	

Frame:	212
1.	0.	0.	0.	
0.	1.	0.	0.	
0.	0.	1.	0.	
9.81511e-003	0.200021	0.	1.	
Dynamic:	0	

Frame:	213
1.	0.	0.	0.	
0.	1.	0.	0.	
0.	0.	1.	0.	
9.81511e-003	0.17217	0.	1.	
Dynamic:	0	

Frame:	214
1.	0.	0.	0.	
0.	1.	0.	0.	
0.	0.	1.	0.	
9.81511e-003	0.144319	0.	1.	
Dynamic:	0	

Frame:	215
1.	0.	0.	0.	
0.	1.	0.	0.	
0.	0.	1.	0.	
9.81511e-003	0.126595	0.	1.	
Dynamic:	0	

Frame:	216
1.	0.	0.	0.	
0.	1.	0.	0.	
0.	0.	1.	0.	
9.81511e-003	0.126595	0.	1.	
Dynamic:	0	

Frame:	217
1.	0.	0.	0.	
0.	1.	0.	0.	
0.	0.	1.	0.	
9.81511e-003	0.136723	0.	1.	
Dynamic:	0	

Frame:	218
1.	0.	0.	0.	
0.	1.	0.	0.	
0.	0.	1.	0.	
9.81511e-003	0.146851	0.	1.	
Dynamic:	0	

Frame:	219
1.	0.	0.	0.	
0.	1.	0.	0.	
0.	0.	1.	0.	
9.81511e-003	0.17217	0.	1.	
Dynamic:	0	

Frame:	220
1.	0.	0.	0.	
0.	1.	0.	0.	
0.	0.	1.	0.	
9.81511e-003	0.192425	0.	1.	
Dynamic:	0	

Frame:	221
1.	0.	0.	0.	
0.	1.	0.	0.	
0.	0.	1.	0.	
9.81511e-003	0.202552	0.	1.	
Dynamic:	0	

Frame:	222
1.	0.	0.	0.	
0.	1.	0.	0.	
0.	0.	1.	0.	
9.81511e-003	0.217744	0.	1.	
Dynamic:	0	

Frame:	223
1.	0.	0.	0.	
0.	1.	0.	0.	
0.	0.	1.	0.	
9.81511e-003	0.22534	0.	1.	
Dynamic:	0	

Frame:	224
1.	0.	0.	0.	
0.	1.	0.	0.	
0.	0.	1.	0.	
9.81511e-003	0.227872	0.	1.	
Dynamic:	0	

Frame:	225
1.	0.	0.	0.	
0.	1.	0.	0.	
0.	0.	1.	0.	
9.81511e-003	0.227872	0.	1.	
Dynamic:	0	

Frame:	226
1.	0.	0.	0.	
0.	1.	0.	0.	
0.	0.	1.	0.	
9.81511e-003	0.237999	0.	1.	
Dynamic:	0	

Frame:	227
1.	0.	0.	0.	
0.	1.	0.	0.	
0.	0.	1.	0.	
9.81511e-003	0.245595	0.	1.	
Dynamic:	0	

Frame:	228
1.	0.	0.	0.	
0.	1.	0.	0.	
0.	0.	1.	0.	
9.81511e-003	0.263318	0.	1.	
Dynamic:	0	

Frame:	229
1.	0.	0.	0.	
0.	1.	0.	0.	
0.	0.	1.	0.	
9.81511e-003	0.283573	0.	1.	
Dynamic:	0	

Frame:	230
1.	0.	0.	0.	
0.	1.	0.	0.	
0.	0.	1.	0.	
9.81511e-003	0.303829	0.	1.	
Dynamic:	0	

Frame:	231
1.	0.	0.	0.	
0.	1.	0.	0.	
0.	0.	1.	0.	
9.81511e-003	0.321552	0.	1.	
Dynamic:	0	

Frame:	232
1.	0.	0.	0.	
0.	1.	0.	0.	
0.	0.	1.	0.	
9.81511e-003	0.324074	0.	1.	
Dynamic:	0	

Frame:	233
1.	0.	0.	0.	
0.	1.	0.	0.	
0.	0.	1.	0.	
9.81511e-003	0.324074	0.	1.	
Dynamic:	0	

Frame:	234
1.	0.	0.	0.	
0.	1.	0.	0.	
0.	0.	1.	0.	
9.81511e-003	0.324074	0.	1.	
Dynamic:	0	

Frame:	235
1.	0.	0.	0.	
0.	1.	0.	0.	
0.	0.	1.	0.	
9.81511e-003	0.324074	0.	1.	
Dynamic:	0	

Frame:	236
1.	0.	0.	0.	
0.	1.	0.	0.	
0.	0.	1.	0.	
9.81511e-003	0.324074	0.	1.	
Dynamic:	0	

Frame:	237
1.	0.	0.	0.	
0.	1.	0.	0.	
0.	0.	1.	0.	
9.81511e-003	0.324074	0.	1.	
Dynamic:	0	

Frame:	238
1.	0.	0.	0.	
0.	1.	0.	0.	
0.	0.	1.	0.	
9.81511e-003	0.324074	0.	1.	
Dynamic:	0	

Frame:	239
1.	0.	0.	0.	
0.	1.	0.	0.	
0.	0.	1.	0.	
9.81511e-003	0.324074	0.	1.	
Dynamic:	0	

Frame:	240
1.	0.	0.	0.	
0.	1.	0.	0.	
0.	0.	1.	0.	
9.81511e-003	0.324074	0.	1.	
Dynamic:	0	

Frame:	241
1.	0.	0.	0.	
0.	1.	0.	0.	
0.	0.	1.	0.	
9.81511e-003	0.324074	0.	1.	
Dynamic:	0	

Frame:	242
1.	0.	0.	0.	
0.	1.	0.	0.	
0.	0.	1.	0.	
9.81511e-003	0.324074	0.	1.	
Dynamic:	0	

Frame:	243
1.	1.45113e-006	0.	0.	
-1.45113e-006	1.	0.	0.	
0.	0.	1.	0.	
9.82871e-003	0.324076	0.	1.	
Dynamic:	0	

Frame:	244
1.	9.8084e-007	0.	0.	
-9.8084e-007	1.	0.	0.	
0.	0.	1.	0.	
9.82415e-003	0.324076	0.	1.	
Dynamic:	0	

Frame:	245
1.	6.62966e-007	0.	0.	
-6.62966e-007	1.	0.	0.	
0.	0.	1.	0.	
9.82097e-003	0.324075	0.	1.	
Dynamic:	0	

Frame:	246
1.	4.48109e-007	0.	0.	
-4.48109e-007	1.	0.	0.	
0.	0.	1.	0.	
9.81874e-003	0.324075	0.	1.	
Dynamic:	0	

Frame:	247
1.	3.02884e-007	0.	0.	
-3.02884e-007	1.	0.	0.	
0.	0.	1.	0.	
9.81719e-003	0.324075	0.	1.	
Dynamic:	0	

Frame:	248
1.	7.55866e-005	0.	0.	
-7.55866e-005	1.	0.	0.	
0.	0.	1.	0.	
1.06444e-002	0.32418	0.	1.	
Dynamic:	0	

Frame:	249
1.	5.10902e-005	0.	0.	
-5.10902e-005	1.	0.	0.	
0.	0.	1.	0.	
1.03673e-002	0.324146	0.	1.	
Dynamic:	0	

Frame:	250
1.	3.45327e-005	0.	0.	
-3.45327e-005	1.	0.	0.	
0.	0.	1.	0.	
1.01746e-002	0.324123	0.	1.	
Dynamic:	0	

Frame:	251
1.	2.33412e-005	0.	0.	
-2.33412e-005	1.	0.	0.	
0.	0.	1.	0.	
1.00408e-002	0.324108	0.	1.	
Dynamic:	0	

Frame:	252
1.	1.57767e-005	0.	0.	
-1.57767e-005	1.	0.	0.	
0.	0.	1.	0.	
9.94786e-003	0.324097	0.	1.	
Dynamic:	0	

Frame:	253
1.	9.52574e-005	0.	0.	
-9.52574e-005	1.	0.	0.	
0.	0.	1.	0.	
1.095e-002	0.324205	0.	1.	
Dynamic:	0	

Frame:	254
1.	6.4386e-005	0.	0.	
-6.4386e-005	1.	0.	0.	
0.	0.	1.	0.	
1.05507e-002	0.324164	0.	1.	
Dynamic:	0	

Frame:	255
1.	4.35195e-005	0.	0.	
-4.35195e-005	1.	0.	0.	
0.	0.	1.	0.	
1.02741e-002	0.324136	0.	1.	
Dynamic:	0	

Frame:	256
1.	2.94156e-005	0.	0.	
-2.94156e-005	1.	0.	0.	
0.	0.	1.	0.	
1.00826e-002	0.324117	0.	1.	
Dynamic:	0	

Frame:	257
1.	1.01709e-005	0.	0.	
-1.01709e-005	1.	0.	0.	
0.	0.	1.	0.	
9.81952e-003	0.313974	0.	1.	
Dynamic:	0	

Frame:	258
1.	4.57551e-006	0.	0.	
-4.57551e-006	1.	0.	0.	
0.	0.	1.	0.	
9.74104e-003	0.311435	0.	1.	
Dynamic:	0	

Frame:	259
1.	9.03862e-005	0.	0.	
-9.03862e-005	1.	0.	0.	
0.	0.	1.	0.	
1.09903e-002	0.309014	0.	1.	
Dynamic:	0	

Frame:	260
1.	6.24666e-005	0.	0.	
-6.24666e-005	1.	0.	0.	
0.	0.	1.	0.	
1.05756e-002	0.308978	0.	1.	
Dynamic:	0	

Frame:	261
1.	4.31711e-005	0.	0.	
-4.31711e-005	1.	0.	0.	
0.	0.	1.	0.	
1.0283e-002	0.308954	0.	1.	
Dynamic:	0	

Frame:	262
1.	2.98359e-005	0.	0.	
-2.98359e-005	1.	0.	0.	
0.	0.	1.	0.	
1.00767e-002	0.308937	0.	1.	
Dynamic:	0	

Frame:	263
1.	2.06198e-005	0.	0.	
-2.06198e-005	1.	0.	0.	
0.	0.	1.	0.	
9.93128e-003	0.308925	0.	1.	
Dynamic:	0	

Frame:	264
1.	1.26258e-004	0.	0.	
-1.26258e-004	1.	0.	0.	
0.	0.	1.	0.	
1.16226e-002	0.319185	0.	1.	
Dynamic:	0	

Frame:	265
1.	9.19614e-005	0.	0.	
-9.19614e-005	1.	0.	0.	
0.	0.	1.	0.	
1.10556e-002	0.324196	0.	1.	
Dynamic:	0	

Frame:	266
1.	6.21582e-005	0.	0.	
-6.21582e-005	1.	0.	0.	
0.	0.	1.	0.	
1.05573e-002	0.324159	0.	1.	
Dynamic:	0	

Frame:	267
1.	4.20137e-005	0.	0.	
-4.20137e-005	1.	0.	0.	
0.	0.	1.	0.	
1.0214e-002	0.324135	0.	1.	
Dynamic:	0	

Frame:	268
1.	2.83977e-005	0.	0.	
-2.83977e-005	1.	0.	0.	
0.	0.	1.	0.	
9.97758e-003	0.324118	0.	1.	
Dynamic:	0	

Frame:	269
1.	1.32733e-004	0.	0.	
-1.32733e-004	1.	0.	0.	
0.	0.	1.	0.	
1.18232e-002	0.324244	0.	1.	
Dynamic:	0	

Frame:	270
1.	8.97163e-005	0.	0.	
-8.97163e-005	1.	0.	0.	
0.	0.	1.	0.	
1.10484e-002	0.324192	0.	1.	
Dynamic:	0	

Frame:	271
1.	6.06407e-005	0.	0.	
-6.06407e-005	1.	0.	0.	
0.	0.	1.	0.	
1.05152e-002	0.324158	0.	1.	
Dynamic:	0	

Frame:	272
1.	4.0988e-005	0.	0.	
-4.0988e-005	1.	0.	0.	
0.	0.	1.	0.	
1.01484e-002	0.324135	0.	1.	
Dynamic:	0	

Frame:	273
1.	2.77045e-005	0.	0.	
-2.77045e-005	1.	0.	0.	
0.	0.	1.	0.	
9.8962e-003	0.324119	0.	1.	
Dynamic:	0	

Frame:	274
1.	1.87259e-005	0.	0.	
-1.87259e-005	1.	0.	0.	
0.	0.	1.	0.	
9.36077e-003	0.324109	0.	1.	
Dynamic:	0	

Frame:	275
1.	1.3617e-004	0.	0.	
-1.3617e-004	1.	0.	0.	
0.	0.	1.	0.	
1.16667e-002	0.324243	0.	1.	
Dynamic:	0	

Frame:	276
1.	9.20397e-005	0.	0.	
-9.20397e-005	1.	0.	0.	
0.	0.	1.	0.	
1.33289e-003	0.324178	0.	1.	
Dynamic:	0	

Frame:	277
1.	6.22111e-005	0.	0.	
-6.22111e-005	1.	0.	0.	
0.	0.	1.	0.	
7.2789e-004	0.324144	0.	1.	
Dynamic:	0	

Frame:	278
1.	4.20495e-005	0.	0.	
-4.20495e-005	1.	0.	0.	
0.	0.	1.	0.	
3.12429e-004	0.324121	0.	1.	
Dynamic:	0	

Frame:	279
1.	2.84219e-005	0.	0.	
-2.84219e-005	1.	0.	0.	
0.	0.	1.	0.	
2.71948e-005	0.324106	0.	1.	
Dynamic:	0	

Frame:	280
1.	1.52944e-004	0.	0.	
-1.52944e-004	1.	0.	0.	
0.	0.	1.	0.	
2.67388e-003	0.324248	0.	1.	
Dynamic:	0	

Frame:	281
1.	1.03378e-004	0.	0.	
-1.03378e-004	1.	0.	0.	
0.	0.	1.	0.	
1.60429e-003	0.324191	0.	1.	
Dynamic:	0	

Frame:	282
1.	6.98746e-005	0.	0.	
-6.98746e-005	1.	0.	0.	
0.	0.	1.	0.	
8.7048e-004	0.324153	0.	1.	
Dynamic:	0	

Frame:	283
1.	4.72293e-005	0.	0.	
-4.72293e-005	1.	0.	0.	
0.	0.	1.	0.	
3.67146e-004	0.324127	0.	1.	
Dynamic:	0	

Frame:	284
1.	3.19231e-005	0.	0.	
-3.19231e-005	1.	0.	0.	
0.	0.	1.	0.	
2.19746e-005	0.32411	0.	1.	
Dynamic:	0	

Frame:	285
1.	1.65781e-004	0.	0.	
-1.65781e-004	1.	0.	0.	
0.	0.	1.	0.	
3.08397e-003	0.324263	0.	1.	
Dynamic:	0	

Frame:	286
1.	1.12054e-004	0.	0.	
-1.12054e-004	1.	0.	0.	
0.	0.	1.	0.	
1.83756e-003	0.324201	0.	1.	
Dynamic:	0	

Frame:	287
1.	7.57389e-005	0.	0.	
-7.57389e-005	1.	0.	0.	
0.	0.	1.	0.	
9.83317e-004	0.32416	0.	1.	
Dynamic:	0	

Frame:	288
1.	5.11932e-005	0.	0.	
-5.11932e-005	1.	0.	0.	
0.	0.	1.	0.	
3.97967e-004	0.324132	0.	1.	
Dynamic:	0	

Frame:	289
1.	3.46023e-005	0.	0.	
-3.46023e-005	1.	0.	0.	
0.	0.	1.	0.	
-3.0574e-006	0.324113	0.	1.	
Dynamic:	0	

Frame:	290
1.	1.78122e-004	0.	0.	
-1.78122e-004	1.	0.	0.	
0.	0.	1.	0.	
3.51251e-003	0.324277	0.	1.	
Dynamic:	0	

Frame:	291
1.	1.20395e-004	0.	0.	
-1.20395e-004	1.	0.	0.	
0.	0.	1.	0.	
2.07977e-003	0.324211	0.	1.	
Dynamic:	0	

Frame:	292
1.	8.13772e-005	0.	0.	
-8.13772e-005	1.	0.	0.	
0.	0.	1.	0.	
1.09872e-003	0.324166	0.	1.	
Dynamic:	0	

Frame:	293
1.	5.50042e-005	0.	0.	
-5.50042e-005	1.	0.	0.	
0.	0.	1.	0.	
-9.71047e-003	0.324105	0.	1.	
Dynamic:	0	

Frame:	294
1.	3.71782e-005	0.	0.	
-3.71782e-005	1.	0.	0.	
0.	0.	1.	0.	
-1.16184e-002	0.32408	0.	1.	
Dynamic:	0	

Frame:	295
1.	1.90788e-004	0.	0.	
-1.90788e-004	1.	0.	0.	
0.	0.	1.	0.	
-9.4171e-003	0.324255	0.	1.	
Dynamic:	0	

Frame:	296
1.	1.28957e-004	0.	0.	
-1.28957e-004	1.	0.	0.	
0.	0.	1.	0.	
-1.28622e-002	0.324175	0.	1.	
Dynamic:	0	

Frame:	297
1.	8.71638e-005	0.	0.	
-8.71638e-005	1.	0.	0.	
0.	0.	1.	0.	
-1.5791e-002	0.324119	0.	1.	
Dynamic:	0	

Frame:	298
1.	5.89154e-005	0.	0.	
-5.89154e-005	1.	0.	0.	
0.	0.	1.	0.	
-1.83664e-002	0.324078	0.	1.	
Dynamic:	0	

Frame:	299
1.	3.98219e-005	0.	0.	
-3.98219e-005	1.	0.	0.	
0.	0.	1.	0.	
-2.07001e-002	0.324048	0.	1.	
Dynamic:	0	

Frame:	300
1.	2.03618e-004	0.	0.	
-2.03618e-004	1.	0.	0.	
0.	0.	1.	0.	
-1.76053e-002	0.32425	0.	1.	
Dynamic:	0	

Frame:	301
1.	1.37629e-004	0.	0.	
-1.37629e-004	1.	0.	0.	
0.	0.	1.	0.	
-2.12672e-002	0.324158	0.	1.	
Dynamic:	0	

Frame:	302
1.	9.30255e-005	0.	0.	
-9.30255e-005	1.	0.	0.	
0.	0.	1.	0.	
-2.36194e-002	0.324095	0.	1.	
Dynamic:	0	

Frame:	303
1.	6.28774e-005	0.	0.	
-6.28774e-005	1.	0.	0.	
0.	0.	1.	0.	
-2.59331e-002	0.324049	0.	1.	
Dynamic:	0	

Frame:	304
1.	2.30326e-004	0.	0.	
-2.30326e-004	1.	0.	0.	
0.	0.	1.	0.	
-2.17959e-002	0.324275	0.	1.	
Dynamic:	0	

Frame:	305
1.	1.55681e-004	0.	0.	
-1.55681e-004	1.	0.	0.	
0.	0.	1.	0.	
-2.50733e-002	0.324166	0.	1.	
Dynamic:	0	

Frame:	306
1.	1.05227e-004	0.	0.	
-1.05227e-004	1.	0.	0.	
0.	0.	1.	0.	
-2.76569e-002	0.324089	0.	1.	
Dynamic:	0	

Frame:	307
1.	7.11249e-005	0.	0.	
-7.11249e-005	1.	0.	0.	
0.	0.	1.	0.	
-2.90421e-002	0.324038	0.	1.	
Dynamic:	0	

Frame:	308
1.	4.80744e-005	0.	0.	
-4.80744e-005	1.	0.	0.	
0.	0.	1.	0.	
-3.01032e-002	0.324002	0.	1.	
Dynamic:	0	

Frame:	309
1.	2.31975e-004	0.	0.	
-2.31975e-004	1.	0.	0.	
0.	0.	1.	0.	
-2.44664e-002	0.324281	0.	1.	
Dynamic:	0	

Frame:	310
1.	1.56796e-004	0.	0.	
-1.56796e-004	1.	0.	0.	
0.	0.	1.	0.	
-2.67951e-002	0.324165	0.	1.	
Dynamic:	0	

Frame:	311
1.	1.05981e-004	0.	0.	
-1.05981e-004	1.	0.	0.	
0.	0.	1.	0.	
-2.83856e-002	0.324084	0.	1.	
Dynamic:	0	

Frame:	312
1.	7.16341e-005	0.	0.	
-7.16341e-005	1.	0.	0.	
0.	0.	1.	0.	
-2.94717e-002	0.324029	0.	1.	
Dynamic:	0	

Frame:	313
1.	4.84186e-005	0.	0.	
-4.84186e-005	1.	0.	0.	
0.	0.	1.	0.	
-3.02134e-002	0.323991	0.	1.	
Dynamic:	0	

Frame:	314
1.	2.43797e-004	0.	0.	
-2.43797e-004	1.	0.	0.	
0.	0.	1.	0.	
-2.39084e-002	0.324318	0.	1.	
Dynamic:	0	

Frame:	315
1.	1.64786e-004	0.	0.	
-1.64786e-004	1.	0.	0.	
0.	0.	1.	0.	
-2.64837e-002	0.324183	0.	1.	
Dynamic:	0	

Frame:	316
1.	1.11382e-004	0.	0.	
-1.11382e-004	1.	0.	0.	
0.	0.	1.	0.	
-2.78797e-002	0.324092	0.	1.	
Dynamic:	0	

Frame:	317
1.	7.52846e-005	0.	0.	
-7.52846e-005	1.	0.	0.	
0.	0.	1.	0.	
-2.83555e-002	0.324033	0.	1.	
Dynamic:	0	

Frame:	318
1.	5.08861e-005	0.	0.	
-5.08861e-005	1.	0.	0.	
0.	0.	1.	0.	
-2.84504e-002	0.323993	0.	1.	
Dynamic:	0	

Frame:	319
1.	2.57339e-004	0.	0.	
-2.57339e-004	1.	0.	0.	
0.	0.	1.	0.	
-2.03675e-002	0.324378	0.	1.	
Dynamic:	0	

Frame:	320
1.	1.73939e-004	0.	0.	
-1.73939e-004	1.	0.	0.	
0.	0.	1.	0.	
-2.21348e-002	0.324229	0.	1.	
Dynamic:	0	

Frame:	321
1.	1.17568e-004	0.	0.	
-1.17568e-004	1.	0.	0.	
0.	0.	1.	0.	
-2.22715e-002	0.324134	0.	1.	
Dynamic:	0	

Frame:	322
1.	7.94664e-005	0.	0.	
-7.94664e-005	1.	0.	0.	
0.	0.	1.	0.	
-2.14275e-002	0.324075	0.	1.	
Dynamic:	0	

Frame:	323
1.	5.37126e-005	0.	0.	
-5.37126e-005	1.	0.	0.	
0.	0.	1.	0.	
-2.05234e-002	0.324037	0.	1.	
Dynamic:	0	

Frame:	324
1.	2.71542e-004	0.	0.	
-2.71542e-004	1.	0.	0.	
0.	0.	1.	0.	
-1.06161e-002	0.32448	0.	1.	
Dynamic:	0	

Frame:	325
1.	1.83539e-004	0.	0.	
-1.83539e-004	1.	0.	0.	
0.	0.	1.	0.	
-1.12352e-002	0.324323	0.	1.	
Dynamic:	0	

Frame:	326
1.	1.24057e-004	0.	0.	
-1.24057e-004	1.	0.	0.	
0.	0.	1.	0.	
-1.08516e-002	0.324221	0.	1.	
Dynamic:	0	

Frame:	327
1.	8.38523e-005	0.	0.	
-8.38523e-005	1.	0.	0.	
0.	0.	1.	0.	
-9.42199e-003	0.324161	0.	1.	
Dynamic:	0	

Frame:	328
1.	3.04163e-004	0.	0.	
-3.04163e-004	1.	0.	0.	
0.	0.	1.	0.	
8.82398e-003	0.324683	0.	1.	
Dynamic:	0	

Frame:	329
1.	2.05588e-004	0.	0.	
-2.05588e-004	1.	0.	0.	
0.	0.	1.	0.	
5.16396e-003	0.324482	0.	1.	
Dynamic:	0	

Frame:	330
1.	1.38961e-004	0.	0.	
-1.38961e-004	1.	0.	0.	
0.	0.	1.	0.	
2.66849e-003	0.324347	0.	1.	
Dynamic:	0	

Frame:	331
1.	9.39257e-005	0.	0.	
-9.39257e-005	1.	0.	0.	
0.	0.	1.	0.	
9.67159e-004	0.324255	0.	1.	
Dynamic:	0	

Frame:	332
1.	6.34859e-005	0.	0.	
-6.34859e-005	1.	0.	0.	
0.	0.	1.	0.	
-1.92663e-004	0.324193	0.	1.	
Dynamic:	0	

Frame:	333
1.	3.02956e-004	0.	0.	
-3.02956e-004	1.	0.	0.	
0.	0.	1.	0.	
9.00923e-003	0.324683	0.	1.	
Dynamic:	0	

Frame:	334
1.	2.04773e-004	0.	0.	
-2.04773e-004	1.	0.	0.	
0.	0.	1.	0.	
1.50194e-002	0.324564	0.	1.	
Dynamic:	0	

Frame:	335
1.	1.38409e-004	0.	0.	
-1.38409e-004	1.	0.	0.	
0.	0.	1.	0.	
1.49719e-002	0.324451	0.	1.	
Dynamic:	0	

Frame:	336
1.	9.35531e-005	0.	0.	
-9.35531e-005	1.	0.	0.	
0.	0.	1.	0.	
1.53825e-002	0.324379	0.	1.	
Dynamic:	0	

Frame:	337
1.	6.32341e-005	0.	0.	
-6.32341e-005	1.	0.	0.	
0.	0.	1.	0.	
1.63618e-002	0.324337	0.	1.	
Dynamic:	0	

Frame:	338
1.	3.15714e-004	0.	0.	
-3.15714e-004	1.	0.	0.	
0.	0.	1.	0.	
2.86507e-002	0.324863	0.	1.	
Dynamic:	0	

Frame:	339
1.	2.91076e-004	0.	0.	
-2.91076e-004	1.	0.	0.	
0.	0.	1.	0.	
2.98395e-002	0.324834	0.	1.	
Dynamic:	0	

Frame:	340
1.	2.86349e-004	0.	0.	
-2.86349e-004	1.	0.	0.	
0.	0.	1.	0.	
3.25548e-002	0.324852	0.	1.	
Dynamic:	0	

Frame:	341
1.	2.62624e-005	0.	0.	
-2.62624e-005	1.	0.	0.	
0.	0.	1.	0.	
2.3702e-002	0.324363	0.	1.	
Dynamic:	0	

Frame:	342
1.	3.08269e-004	0.	0.	
-3.08269e-004	1.	0.	0.	
0.	0.	1.	0.	
3.68151e-002	0.324921	0.	1.	
Dynamic:	0	

Frame:	343
1.	3.03227e-004	0.	0.	
-3.03227e-004	1.	0.	0.	
0.	0.	1.	0.	
3.84209e-002	0.32493	0.	1.	
Dynamic:	0	

Frame:	344
1.	2.98268e-004	0.	0.	
-2.98268e-004	1.	0.	0.	
0.	0.	1.	0.	
3.96664e-002	0.324936	0.	1.	
Dynamic:	0	

Frame:	345
1.	2.93391e-004	0.	0.	
-2.93391e-004	1.	0.	0.	
0.	0.	1.	0.	
4.12758e-002	0.324946	0.	1.	
Dynamic:	0	

Frame:	346
1.	2.88592e-004	0.	0.	
-2.88592e-004	1.	0.	0.	
0.	0.	1.	0.	
4.2163e-002	0.324949	0.	1.	
Dynamic:	0	

Frame:	347
1.	3.11926e-004	0.	0.	
-3.11926e-004	1.	0.	0.	
0.	0.	1.	0.	
4.46193e-002	0.325008	0.	1.	
Dynamic:	0	

Frame:	348
1.	3.06788e-004	0.	0.	
-3.06788e-004	1.	0.	0.	
0.	0.	1.	0.	
4.58507e-002	0.325016	0.	1.	
Dynamic:	0	

Frame:	349
1.	3.01735e-004	0.	0.	
-3.01735e-004	1.	0.	0.	
0.	0.	1.	0.	
4.67221e-002	0.32502	0.	1.	
Dynamic:	0	

Frame:	350
1.	2.96765e-004	0.	0.	
-2.96765e-004	1.	0.	0.	
0.	0.	1.	0.	
4.75954e-002	0.325025	0.	1.	
Dynamic:	0	

Frame:	351
1.	2.91878e-004	0.	0.	
-2.91878e-004	1.	0.	0.	
0.	0.	1.	0.	
4.84652e-002	0.32503	0.	1.	
Dynamic:	0	

Frame:	352
1.	3.16209e-004	0.	0.	
-3.16209e-004	1.	0.	0.	
0.	0.	1.	0.	
5.10038e-002	0.325089	0.	1.	
Dynamic:	0	

Frame:	353
1.	3.10964e-004	0.	0.	
-3.10964e-004	1.	0.	0.	
0.	0.	1.	0.	
5.14979e-002	0.32509	0.	1.	
Dynamic:	0	

Frame:	354
1.	3.05805e-004	0.	0.	
-3.05805e-004	1.	0.	0.	
0.	0.	1.	0.	
5.19886e-002	0.325092	0.	1.	
Dynamic:	0	

Frame:	355
1.	3.00733e-004	0.	0.	
-3.00733e-004	1.	0.	0.	
0.	0.	1.	0.	
5.24872e-002	0.325094	0.	1.	
Dynamic:	0	

Frame:	356
1.	3.19647e-004	0.	0.	
-3.19647e-004	1.	0.	0.	
0.	0.	1.	0.	
5.37172e-002	0.325127	0.	1.	
Dynamic:	0	

Frame:	357
1.	3.13916e-004	0.	0.	
-3.13916e-004	1.	0.	0.	
0.	0.	1.	0.	
5.4182e-002	0.325129	0.	1.	
Dynamic:	0	

Frame:	358
1.	3.15435e-004	0.	0.	
-3.15435e-004	1.	0.	0.	
0.	0.	1.	0.	
5.42527e-002	0.325132	0.	1.	
Dynamic:	0	

Frame:	359
1.	3.10165e-004	0.	0.	
-3.10165e-004	1.	0.	0.	
0.	0.	1.	0.	
5.43678e-002	0.32513	0.	1.	
Dynamic:	0	

Frame:	360
1.	3.04984e-004	0.	0.	
-3.04984e-004	1.	0.	0.	
0.	0.	1.	0.	
5.41233e-002	0.325123	0.	1.	
Dynamic:	0	

Frame:	361
1.	3.24126e-004	0.	0.	
-3.24126e-004	1.	0.	0.	
0.	0.	1.	0.	
5.50327e-002	0.325148	0.	1.	
Dynamic:	0	

Frame:	362
1.	3.18273e-004	0.	0.	
-3.18273e-004	1.	0.	0.	
0.	0.	1.	0.	
5.47528e-002	0.32514	0.	1.	
Dynamic:	0	

Frame:	363
1.	3.20526e-004	0.	0.	
-3.20526e-004	1.	0.	0.	
0.	0.	1.	0.	
5.48612e-002	0.325143	0.	1.	
Dynamic:	0	

Frame:	364
1.	3.15133e-004	0.	0.	
-3.15133e-004	1.	0.	0.	
0.	0.	1.	0.	
5.45998e-002	0.325137	0.	1.	
Dynamic:	0	

Frame:	365
1.	3.3487e-004	0.	0.	
-3.3487e-004	1.	0.	0.	
0.	0.	1.	0.	
5.55631e-002	0.325159	0.	1.	
Dynamic:	0	

Frame:	366
1.	3.28781e-004	0.	0.	
-3.28781e-004	1.	0.	0.	
0.	0.	1.	0.	
5.52639e-002	0.325152	0.	1.	
Dynamic:	0	

Frame:	367
1.	3.22802e-004	0.	0.	
-3.22802e-004	1.	0.	0.	
0.	0.	1.	0.	
5.49682e-002	0.325146	0.	1.	
Dynamic:	0	

Frame:	368
1.	3.25768e-004	0.	0.	
-3.25768e-004	1.	0.	0.	
0.	0.	1.	0.	
5.51159e-002	0.325149	0.	1.	
Dynamic:	0	

Frame:	369
1.	3.20247e-004	0.	0.	
-3.20247e-004	1.	0.	0.	
0.	0.	1.	0.	
5.44773e-002	0.325137	0.	1.	
Dynamic:	0	

Frame:	370
1.	3.40263e-004	0.	0.	
-3.40263e-004	1.	0.	0.	
0.	0.	1.	0.	
5.54867e-002	0.325156	0.	1.	
Dynamic:	0	

Frame:	371
1.	3.34031e-004	0.	0.	
-3.34031e-004	1.	0.	0.	
0.	0.	1.	0.	
5.48027e-002	0.325143	0.	1.	
Dynamic:	0	

Frame:	372
1.	3.27913e-004	0.	0.	
-3.27913e-004	1.	0.	0.	
0.	0.	1.	0.	
5.37663e-002	0.325124	0.	1.	
Dynamic:	0	

Frame:	373
1.	3.21908e-004	0.	0.	
-3.21908e-004	1.	0.	0.	
0.	0.	1.	0.	
5.27279e-002	0.325105	0.	1.	
Dynamic:	0	

Frame:	374
1.	3.52455e-004	0.	0.	
-3.52455e-004	1.	0.	0.	
0.	0.	1.	0.	
5.32222e-002	0.325107	0.	1.	
Dynamic:	0	

Frame:	375
1.	3.45954e-004	0.	0.	
-3.45954e-004	1.	0.	0.	
0.	0.	1.	0.	
5.17922e-002	0.32508	0.	1.	
Dynamic:	0	

Frame:	376
1.	3.39573e-004	0.	0.	
-3.39573e-004	1.	0.	0.	
0.	0.	1.	0.	
5.00044e-002	0.325046	0.	1.	
Dynamic:	0	

Frame:	377
1.	3.3331e-004	0.	0.	
-3.3331e-004	1.	0.	0.	
0.	0.	1.	0.	
4.85827e-002	0.325019	0.	1.	
Dynamic:	0	

Frame:	378
1.	3.55703e-004	0.	0.	
-3.55703e-004	1.	0.	0.	
0.	0.	1.	0.	
4.83167e-002	0.325002	0.	1.	
Dynamic:	0	

Frame:	379
1.	3.58357e-004	0.	0.	
-3.58357e-004	1.	0.	0.	
0.	0.	1.	0.	
4.70048e-002	0.324973	0.	1.	
Dynamic:	0	

Frame:	380
1.	3.51701e-004	0.	0.	
-3.51701e-004	1.	0.	0.	
0.	0.	1.	0.	
4.48319e-002	0.324929	0.	1.	
Dynamic:	0	

Frame:	381
1.	-6.03911e-005	0.	0.	
6.03911e-005	1.	0.	0.	
0.	0.	1.	0.	
2.07632e-002	0.324555	0.	1.	
Dynamic:	0	

Frame:	382
1.	-3.48826e-004	0.	0.	
3.48826e-004	1.	0.	0.	
0.	0.	1.	0.	
3.28752e-003	0.323875	0.	1.	
Dynamic:	0	

Frame:	383
1.	6.3266e-005	0.	0.	
-6.3266e-005	1.	0.	0.	
0.	0.	1.	0.	
2.39764e-002	0.324633	0.	1.	
Dynamic:	0	

Frame:	384
1.	3.82264e-004	0.	0.	
-3.82264e-004	1.	0.	0.	
0.	0.	1.	0.	
3.96993e-002	0.324752	0.	1.	
Dynamic:	0	

Frame:	385
1.	3.74544e-004	0.	0.	
-3.74544e-004	1.	0.	0.	
0.	0.	1.	0.	
3.74568e-002	0.324708	0.	1.	
Dynamic:	0	

Frame:	386
1.	3.6698e-004	0.	0.	
-3.6698e-004	1.	0.	0.	
0.	0.	1.	0.	
3.4129e-002	0.324638	0.	1.	
Dynamic:	0	

Frame:	387
1.	3.93666e-004	0.	0.	
-3.93666e-004	1.	0.	0.	
0.	0.	1.	0.	
3.38067e-002	0.324609	0.	1.	
Dynamic:	0	

Frame:	388
1.	3.94151e-004	0.	0.	
-3.94151e-004	1.	0.	0.	
0.	0.	1.	0.	
3.1651e-002	0.324557	0.	1.	
Dynamic:	0	

Frame:	389
1.	3.86134e-004	0.	0.	
-3.86134e-004	1.	0.	0.	
0.	0.	1.	0.	
2.93818e-002	0.324511	0.	1.	
Dynamic:	0	

Frame:	390
1.	3.78281e-004	0.	0.	
-3.78281e-004	1.	0.	0.	
0.	0.	1.	0.	
2.71193e-002	0.324463	0.	1.	
Dynamic:	0	

Frame:	391
1.	4.05727e-004	0.	0.	
-4.05727e-004	1.	0.	0.	
0.	0.	1.	0.	
2.65077e-002	0.324421	0.	1.	
Dynamic:	0	

Frame:	392
1.	3.96693e-004	0.	0.	
-3.96693e-004	1.	0.	0.	
0.	0.	1.	0.	
2.45341e-002	0.324381	0.	1.	
Dynamic:	0	

Frame:	393
1.	3.98317e-004	0.	0.	
-3.98317e-004	1.	0.	0.	
0.	0.	1.	0.	
1.48162e-002	0.324132	0.	1.	
Dynamic:	0	

Frame:	394
1.	3.90158e-004	0.	0.	
-3.90158e-004	1.	0.	0.	
0.	0.	1.	0.	
1.43412e-002	0.324128	0.	1.	
Dynamic:	0	

Frame:	395
1.	3.82167e-004	0.	0.	
-3.82167e-004	1.	0.	0.	
0.	0.	1.	0.	
1.38733e-002	0.324125	0.	1.	
Dynamic:	0	

Frame:	396
1.	4.09833e-004	0.	0.	
-4.09833e-004	1.	0.	0.	
0.	0.	1.	0.	
1.55021e-002	0.324137	0.	1.	
Dynamic:	0	

Frame:	397
1.	4.00643e-004	0.	0.	
-4.00643e-004	1.	0.	0.	
0.	0.	1.	0.	
1.4958e-002	0.324133	0.	1.	
Dynamic:	0	

Frame:	398
1.	3.91659e-004	0.	0.	
-3.91659e-004	1.	0.	0.	
0.	0.	1.	0.	
1.44233e-002	0.324129	0.	1.	
Dynamic:	0	

Frame:	399
1.	-2.04331e-005	0.	0.	
2.04331e-005	1.	0.	0.	
0.	0.	1.	0.	
-1.02365e-002	0.323905	0.	1.	
Dynamic:	0	

Frame:	400
1.	3.91659e-004	0.	0.	
-3.91659e-004	1.	0.	0.	
0.	0.	1.	0.	
1.45568e-002	0.324132	0.	1.	
Dynamic:	0	

Frame:	401
1.	4.24331e-004	0.	0.	
-4.24331e-004	1.	0.	0.	
0.	0.	1.	0.	
1.65332e-002	0.324148	0.	1.	
Dynamic:	0	

Frame:	402
1.	4.14749e-004	0.	0.	
-4.14749e-004	1.	0.	0.	
0.	0.	1.	0.	
1.59504e-002	0.324144	0.	1.	
Dynamic:	0	

Frame:	403
1.	4.05383e-004	0.	0.	
-4.05383e-004	1.	0.	0.	
0.	0.	1.	0.	
5.96829e-003	0.323866	0.	1.	
Dynamic:	0	

Frame:	404
1.	4.37407e-004	0.	0.	
-4.37407e-004	1.	0.	0.	
0.	0.	1.	0.	
6.12708e-003	0.323829	0.	1.	
Dynamic:	0	

Frame:	405
1.	4.37929e-004	0.	0.	
-4.37929e-004	1.	0.	0.	
0.	0.	1.	0.	
5.07364e-003	0.323797	0.	1.	
Dynamic:	0	

Frame:	406
1.	4.27969e-004	0.	0.	
-4.27969e-004	1.	0.	0.	
0.	0.	1.	0.	
3.3694e-003	0.323759	0.	1.	
Dynamic:	0	

Frame:	407
1.	4.18237e-004	0.	0.	
-4.18237e-004	1.	0.	0.	
0.	0.	1.	0.	
1.6761e-003	0.323719	0.	1.	
Dynamic:	0	

Frame:	408
1.	4.512e-004	0.	0.	
-4.512e-004	1.	0.	0.	
0.	0.	1.	0.	
3.02099e-003	0.323717	0.	1.	
Dynamic:	0	

Frame:	409
1.	4.39873e-004	0.	0.	
-4.39873e-004	1.	0.	0.	
0.	0.	1.	0.	
1.58271e-003	0.323687	0.	1.	
Dynamic:	0	

Frame:	410
1.	4.41813e-004	0.	0.	
-4.41813e-004	1.	0.	0.	
0.	0.	1.	0.	
9.82005e-004	0.323665	0.	1.	
Dynamic:	0	

Frame:	411
1.	4.31695e-004	0.	0.	
-4.31695e-004	1.	0.	0.	
0.	0.	1.	0.	
3.37206e-004	0.323658	0.	1.	
Dynamic:	0	

Frame:	412
1.	4.6564e-004	0.	0.	
-4.6564e-004	1.	0.	0.	
0.	0.	1.	0.	
2.51138e-003	0.323683	0.	1.	
Dynamic:	0	

Frame:	413
1.	4.53868e-004	0.	0.	
-4.53868e-004	1.	0.	0.	
0.	0.	1.	0.	
1.75357e-003	0.323674	0.	1.	
Dynamic:	0	

Frame:	414
1.	4.42393e-004	0.	0.	
-4.42393e-004	1.	0.	0.	
0.	0.	1.	0.	
1.01122e-003	0.323665	0.	1.	
Dynamic:	0	

Frame:	415
1.	3.03017e-005	0.	0.	
-3.03017e-005	1.	0.	0.	
0.	0.	1.	0.	
-2.57829e-002	0.323336	0.	1.	
Dynamic:	0	

Frame:	416
1.	4.42393e-004	0.	0.	
-4.42393e-004	1.	0.	0.	
0.	0.	1.	0.	
1.14445e-003	0.323676	0.	1.	
Dynamic:	0	

Frame:	417
1.	4.80056e-004	0.	0.	
-4.80056e-004	1.	0.	0.	
0.	0.	1.	0.	
3.61766e-003	0.323709	0.	1.	
Dynamic:	0	

Frame:	418
1.	4.67835e-004	0.	0.	
-4.67835e-004	1.	0.	0.	
0.	0.	1.	0.	
2.81116e-003	0.323698	0.	1.	
Dynamic:	0	

Frame:	419
1.	4.55925e-004	0.	0.	
-4.55925e-004	1.	0.	0.	
0.	0.	1.	0.	
2.02135e-003	0.323687	0.	1.	
Dynamic:	0	

Frame:	420
1.	4.38329e-005	0.	0.	
-4.38329e-005	1.	0.	0.	
0.	0.	1.	0.	
-2.54389e-002	0.323301	0.	1.	
Dynamic:	0	

Frame:	421
1.	4.55925e-004	0.	0.	
-4.55925e-004	1.	0.	0.	
0.	0.	1.	0.	
2.15456e-003	0.323699	0.	1.	
Dynamic:	0	

Frame:	422
1.	4.94459e-004	0.	0.	
-4.94459e-004	1.	0.	0.	
0.	0.	1.	0.	
5.47089e-003	0.323764	0.	1.	
Dynamic:	0	

Frame:	423
1.	4.81783e-004	0.	0.	
-4.81783e-004	1.	0.	0.	
0.	0.	1.	0.	
5.33752e-003	0.323778	0.	1.	
Dynamic:	0	

Frame:	424
1.	4.69432e-004	0.	0.	
-4.69432e-004	1.	0.	0.	
0.	0.	1.	0.	
5.22211e-003	0.323792	0.	1.	
Dynamic:	0	

Frame:	425
1.	5.10016e-004	0.	0.	
-5.10016e-004	1.	0.	0.	
0.	0.	1.	0.	
8.71567e-003	0.323864	0.	1.	
Dynamic:	0	

Frame:	426
1.	5.09401e-004	0.	0.	
-5.09401e-004	1.	0.	0.	
0.	0.	1.	0.	
9.39706e-003	0.323891	0.	1.	
Dynamic:	0	

Frame:	427
1.	4.9625e-004	0.	0.	
-4.9625e-004	1.	0.	0.	
0.	0.	1.	0.	
9.57635e-003	0.323919	0.	1.	
Dynamic:	0	

Frame:	428
1.	8.41589e-005	0.	0.	
-8.41589e-005	1.	0.	0.	
0.	0.	1.	0.	
-1.75026e-002	0.3235	0.	1.	
Dynamic:	0	

Frame:	429
1.	4.9625e-004	0.	0.	
-4.9625e-004	1.	0.	0.	
0.	0.	1.	0.	
2.16481e-002	0.324403	0.	1.	
Dynamic:	0	

Frame:	430
1.	5.22342e-004	0.	0.	
-5.22342e-004	1.	0.	0.	
0.	0.	1.	0.	
2.34711e-002	0.324434	0.	1.	
Dynamic:	0	

Frame:	431
1.	5.07306e-004	0.	0.	
-5.07306e-004	1.	0.	0.	
0.	0.	1.	0.	
2.24157e-002	0.324416	0.	1.	
Dynamic:	0	

Frame:	432
1.	5.09008e-004	0.	0.	
-5.09008e-004	1.	0.	0.	
0.	0.	1.	0.	
2.25356e-002	0.324418	0.	1.	
Dynamic:	0	

Frame:	433
1.	5.528e-004	0.	0.	
-5.528e-004	1.	0.	0.	
0.	0.	1.	0.	
2.56379e-002	0.324472	0.	1.	
Dynamic:	0	

Frame:	434
1.	5.36778e-004	0.	0.	
-5.36778e-004	1.	0.	0.	
0.	0.	1.	0.	
2.44977e-002	0.324452	0.	1.	
Dynamic:	0	

Frame:	435
1.	5.21219e-004	0.	0.	
-5.21219e-004	1.	0.	0.	
0.	0.	1.	0.	
2.33854e-002	0.324432	0.	1.	
Dynamic:	0	

Frame:	436
1.	5.06112e-004	0.	0.	
-5.06112e-004	1.	0.	0.	
0.	0.	1.	0.	
2.23005e-002	0.324413	0.	1.	
Dynamic:	0	

Frame:	437
1.	5.68705e-004	0.	0.	
-5.68705e-004	1.	0.	0.	
0.	0.	1.	0.	
2.68157e-002	0.324495	0.	1.	
Dynamic:	0	

Frame:	438
1.	5.52107e-004	0.	0.	
-5.52107e-004	1.	0.	0.	
0.	0.	1.	0.	
2.56131e-002	0.324473	0.	1.	
Dynamic:	0	

Frame:	439
1.	5.35993e-004	0.	0.	
-5.35993e-004	1.	0.	0.	
0.	0.	1.	0.	
3.42454e-002	0.324892	0.	1.	
Dynamic:	0	

Frame:	440
1.	5.87442e-004	0.	0.	
-5.87442e-004	1.	0.	0.	
0.	0.	1.	0.	
4.05498e-002	0.325077	0.	1.	
Dynamic:	0	

Frame:	441
1.	5.83024e-004	0.	0.	
-5.83024e-004	1.	0.	0.	
0.	0.	1.	0.	
4.20394e-002	0.325155	0.	1.	
Dynamic:	0	

Frame:	442
1.	5.6589e-004	0.	0.	
-5.6589e-004	1.	0.	0.	
0.	0.	1.	0.	
4.25896e-002	0.325217	0.	1.	
Dynamic:	0	

Frame:	443
1.	5.4926e-004	0.	0.	
-5.4926e-004	1.	0.	0.	
0.	0.	1.	0.	
4.28099e-002	0.325263	0.	1.	
Dynamic:	0	

Frame:	444
1.	6.01852e-004	0.	0.	
-6.01852e-004	1.	0.	0.	
0.	0.	1.	0.	
4.85425e-002	0.325421	0.	1.	
Dynamic:	0	

Frame:	445
1.	5.81885e-004	0.	0.	
-5.81885e-004	1.	0.	0.	
0.	0.	1.	0.	
4.85026e-002	0.325464	0.	1.	
Dynamic:	0	

Frame:	446
1.	5.80619e-004	0.	0.	
-5.80619e-004	1.	0.	0.	
0.	0.	1.	0.	
5.02213e-002	0.325552	0.	1.	
Dynamic:	0	

Frame:	447
1.	5.63438e-004	0.	0.	
-5.63438e-004	1.	0.	0.	
0.	0.	1.	0.	
5.03784e-002	0.325601	0.	1.	
Dynamic:	0	

Frame:	448
1.	6.17253e-004	0.	0.	
-6.17253e-004	1.	0.	0.	
0.	0.	1.	0.	
5.59044e-002	0.325745	0.	1.	
Dynamic:	0	

Frame:	449
1.	5.96634e-004	0.	0.	
-5.96634e-004	1.	0.	0.	
0.	0.	1.	0.	
5.57888e-002	0.325791	0.	1.	
Dynamic:	0	

Frame:	450
1.	5.95746e-004	0.	0.	
-5.95746e-004	1.	0.	0.	
0.	0.	1.	0.	
5.71729e-002	0.325865	0.	1.	
Dynamic:	0	

Frame:	451
1.	1.83654e-004	0.	0.	
-1.83654e-004	1.	0.	0.	
0.	0.	1.	0.	
2.70258e-002	0.325415	0.	1.	
Dynamic:	0	

Frame:	452
1.	5.95746e-004	0.	0.	
-5.95746e-004	1.	0.	0.	
0.	0.	1.	0.	
6.09339e-002	0.326048	0.	1.	
Dynamic:	0	

Frame:	453
1.	6.26287e-004	0.	0.	
-6.26287e-004	1.	0.	0.	
0.	0.	1.	0.	
6.4386e-002	0.326145	0.	1.	
Dynamic:	0	

Frame:	454
1.	6.05223e-004	0.	0.	
-6.05223e-004	1.	0.	0.	
0.	0.	1.	0.	
6.42021e-002	0.326196	0.	1.	
Dynamic:	0	

Frame:	455
1.	6.05728e-004	0.	0.	
-6.05728e-004	1.	0.	0.	
0.	0.	1.	0.	
6.56932e-002	0.326275	0.	1.	
Dynamic:	0	

Frame:	456
1.	6.63287e-004	0.	0.	
-6.63287e-004	1.	0.	0.	
0.	0.	1.	0.	
7.12906e-002	0.326404	0.	1.	
Dynamic:	0	

Frame:	457
1.	6.40826e-004	0.	0.	
-6.40826e-004	1.	0.	0.	
0.	0.	1.	0.	
7.0609e-002	0.326437	0.	1.	
Dynamic:	0	

Frame:	458
1.	6.19126e-004	0.	0.	
-6.19126e-004	1.	0.	0.	
0.	0.	1.	0.	
6.99857e-002	0.326473	0.	1.	
Dynamic:	0	

Frame:	459
1.	2.07034e-004	0.	0.	
-2.07034e-004	1.	0.	0.	
0.	0.	1.	0.	
3.80422e-002	0.326045	0.	1.	
Dynamic:	0	

Frame:	460
1.	6.19126e-004	0.	0.	
-6.19126e-004	1.	0.	0.	
0.	0.	1.	0.	
7.1933e-002	0.326567	0.	1.	
Dynamic:	0	

Frame:	461
1.	6.71971e-004	0.	0.	
-6.71971e-004	1.	0.	0.	
0.	0.	1.	0.	
7.72472e-002	0.326688	0.	1.	
Dynamic:	0	

Frame:	462
1.	6.49061e-004	0.	0.	
-6.49061e-004	1.	0.	0.	
0.	0.	1.	0.	
7.6137e-002	0.326705	0.	1.	
Dynamic:	0	

Frame:	463
1.	6.26932e-004	0.	0.	
-6.26932e-004	1.	0.	0.	
0.	0.	1.	0.	
7.58051e-002	0.326767	0.	1.	
Dynamic:	0	

Frame:	464
1.	6.94442e-004	0.	0.	
-6.94442e-004	1.	0.	0.	
0.	0.	1.	0.	
8.19903e-002	0.32688	0.	1.	
Dynamic:	0	

Frame:	465
1.	6.86818e-004	0.	0.	
-6.86818e-004	1.	0.	0.	
0.	0.	1.	0.	
8.17324e-002	0.326894	0.	1.	
Dynamic:	0	

Frame:	466
1.	6.63243e-004	0.	0.	
-6.63243e-004	1.	0.	0.	
0.	0.	1.	0.	
8.05379e-002	0.326915	0.	1.	
Dynamic:	0	

Frame:	467
1.	7.34477e-004	0.	0.	
-7.34477e-004	1.	0.	0.	
0.	0.	1.	0.	
8.70942e-002	0.327028	0.	1.	
Dynamic:	0	

Frame:	468
1.	7.05567e-004	0.	0.	
-7.05567e-004	1.	0.	0.	
0.	0.	1.	0.	
8.50842e-002	0.327024	0.	1.	
Dynamic:	0	

Frame:	469
1.	6.99243e-004	0.	0.	
-6.99243e-004	1.	0.	0.	
0.	0.	1.	0.	
8.49235e-002	0.327041	0.	1.	
Dynamic:	0	

Frame:	470
1.	6.7508e-004	0.	0.	
-6.7508e-004	1.	0.	0.	
0.	0.	1.	0.	
8.32824e-002	0.327042	0.	1.	
Dynamic:	0	

Frame:	471
1.	7.47396e-004	0.	0.	
-7.47396e-004	1.	0.	0.	
0.	0.	1.	0.	
8.9299e-002	0.327104	0.	1.	
Dynamic:	0	

Frame:	472
1.	7.17779e-004	0.	0.	
-7.17779e-004	1.	0.	0.	
0.	0.	1.	0.	
8.68252e-002	0.32708	0.	1.	
Dynamic:	0	

Frame:	473
1.	7.12519e-004	0.	0.	
-7.12519e-004	1.	0.	0.	
0.	0.	1.	0.	
8.63842e-002	0.327075	0.	1.	
Dynamic:	0	

Frame:	474
1.	6.87732e-004	0.	0.	
-6.87732e-004	1.	0.	0.	
0.	0.	1.	0.	
8.42977e-002	0.327056	0.	1.	
Dynamic:	0	

Frame:	475
1.	7.61208e-004	0.	0.	
-7.61208e-004	1.	0.	0.	
0.	0.	1.	0.	
9.01455e-002	0.327087	0.	1.	
Dynamic:	0	

Frame:	476
1.	7.30842e-004	0.	0.	
-7.30842e-004	1.	0.	0.	
0.	0.	1.	0.	
8.68414e-002	0.327016	0.	1.	
Dynamic:	0	

Frame:	477
1.	7.01687e-004	0.	0.	
-7.01687e-004	1.	0.	0.	
0.	0.	1.	0.	
8.36362e-002	0.326946	0.	1.	
Dynamic:	0	

Frame:	478
1.	2.89595e-004	0.	0.	
-2.89595e-004	1.	0.	0.	
0.	0.	1.	0.	
4.76812e-002	0.326622	0.	1.	
Dynamic:	0	

Frame:	479
1.	7.01687e-004	0.	0.	
-7.01687e-004	1.	0.	0.	
0.	0.	1.	0.	
8.23203e-002	0.326836	0.	1.	
Dynamic:	0	

Frame:	480
1.	7.6524e-004	0.	0.	
-7.6524e-004	1.	0.	0.	
0.	0.	1.	0.	
8.63443e-002	0.326774	0.	1.	
Dynamic:	0	

Frame:	481
1.	7.34509e-004	0.	0.	
-7.34509e-004	1.	0.	0.	
0.	0.	1.	0.	
8.25981e-002	0.326678	0.	1.	
Dynamic:	0	

Frame:	482
1.	8.25281e-004	0.	0.	
-8.25281e-004	1.	0.	0.	
0.	0.	1.	0.	
8.90259e-002	0.326629	0.	1.	
Dynamic:	0	

Frame:	483
1.	8.07114e-004	0.	0.	
-8.07114e-004	1.	0.	0.	
0.	0.	1.	0.	
8.5271e-002	0.32646	0.	1.	
Dynamic:	0	

Frame:	484
1.	7.74485e-004	0.	0.	
-7.74485e-004	1.	0.	0.	
0.	0.	1.	0.	
8.02402e-002	0.326282	0.	1.	
Dynamic:	0	

Frame:	485
1.	7.43176e-004	0.	0.	
-7.43176e-004	1.	0.	0.	
0.	0.	1.	0.	
7.60424e-002	0.326157	0.	1.	
Dynamic:	0	

Frame:	486
1.	8.34771e-004	0.	0.	
-8.34771e-004	1.	0.	0.	
0.	0.	1.	0.	
8.19393e-002	0.326044	0.	1.	
Dynamic:	0	

Frame:	487
1.	8.18449e-004	0.	0.	
-8.18449e-004	1.	0.	0.	
0.	0.	1.	0.	
7.86854e-002	0.325898	0.	1.	
Dynamic:	0	

Frame:	488
1.	7.85144e-004	0.	0.	
-7.85144e-004	1.	0.	0.	
0.	0.	1.	0.	
7.39136e-002	0.325741	0.	1.	
Dynamic:	0	

Frame:	489
1.	8.81651e-004	0.	0.	
-8.81651e-004	1.	0.	0.	
0.	0.	1.	0.	
8.03379e-002	0.325624	0.	1.	
Dynamic:	0	

Frame:	490
1.	8.39656e-004	0.	0.	
-8.39656e-004	1.	0.	0.	
0.	0.	1.	0.	
7.47733e-002	0.32546	0.	1.	
Dynamic:	0	

Frame:	491
1.	8.26157e-004	0.	0.	
-8.26157e-004	1.	0.	0.	
0.	0.	1.	0.	
7.13853e-002	0.325281	0.	1.	
Dynamic:	0	

Frame:	492
1.	7.92317e-004	0.	0.	
-7.92317e-004	1.	0.	0.	
0.	0.	1.	0.	
6.54398e-002	0.325031	0.	1.	
Dynamic:	0	

Frame:	493
1.	8.89444e-004	0.	0.	
-8.89444e-004	1.	0.	0.	
0.	0.	1.	0.	
7.20461e-002	0.324908	0.	1.	
Dynamic:	0	

Frame:	494
1.	8.46799e-004	0.	0.	
-8.46799e-004	1.	0.	0.	
0.	0.	1.	0.	
6.63629e-002	0.324736	0.	1.	
Dynamic:	0	

Frame:	495
1.	8.35865e-004	0.	0.	
-8.35865e-004	1.	0.	0.	
0.	0.	1.	0.	
6.28363e-002	0.324521	0.	1.	
Dynamic:	0	

Frame:	496
1.	8.01404e-004	0.	0.	
-8.01404e-004	1.	0.	0.	
0.	0.	1.	0.	
5.78733e-002	0.32435	0.	1.	
Dynamic:	0	

Frame:	497
1.	8.99375e-004	0.	0.	
-8.99375e-004	1.	0.	0.	
0.	0.	1.	0.	
6.50443e-002	0.324256	0.	1.	
Dynamic:	0	

Frame:	498
1.	8.55973e-004	0.	0.	
-8.55973e-004	1.	0.	0.	
0.	0.	1.	0.	
5.1272e-002	0.323398	0.	1.	
Dynamic:	0	

Frame:	499
1.	8.47166e-004	0.	0.	
-8.47166e-004	1.	0.	0.	
0.	0.	1.	0.	
5.04589e-002	0.323392	0.	1.	
Dynamic:	0	

Frame:	500
1.	9.50447e-004	0.	0.	
-9.50447e-004	1.	0.	0.	
0.	0.	1.	0.	
6.00264e-002	0.323461	0.	1.	
Dynamic:	0	

Frame:	501
1.	9.04283e-004	0.	0.	
-9.04283e-004	1.	0.	0.	
0.	0.	1.	0.	
5.57351e-002	0.323429	0.	1.	
Dynamic:	0	

Frame:	502
1.	8.60362e-004	0.	0.	
-8.60362e-004	1.	0.	0.	
0.	0.	1.	0.	
5.16381e-002	0.323397	0.	1.	
Dynamic:	0	

Frame:	503
1.	8.54828e-004	0.	0.	
-8.54828e-004	1.	0.	0.	
0.	0.	1.	0.	
5.11201e-002	0.323393	0.	1.	
Dynamic:	0	

Frame:	504
1.	9.58759e-004	0.	0.	
-9.58759e-004	1.	0.	0.	
0.	0.	1.	0.	
6.08819e-002	0.323475	0.	1.	
Dynamic:	0	

Frame:	505
1.	9.11892e-004	0.	0.	
-9.11892e-004	1.	0.	0.	
0.	0.	1.	0.	
5.64647e-002	0.323436	0.	1.	
Dynamic:	0	

Frame:	506
1.	8.67316e-004	0.	0.	
-8.67316e-004	1.	0.	0.	
0.	0.	1.	0.	
5.22491e-002	0.323399	0.	1.	
Dynamic:	0	

Frame:	507
0.999999	1.01161e-003	0.	0.	
-1.01161e-003	0.999999	0.	0.	
0.	0.	1.	0.	
5.58477e-002	0.322585	0.	1.	
Dynamic:	0	

Frame:	508
1.	9.61841e-004	0.	0.	
-9.61841e-004	1.	0.	0.	
0.	0.	1.	0.	
4.96673e-002	0.322403	0.	1.	
Dynamic:	0	

Frame:	509
1.	9.14523e-004	0.	0.	
-9.14523e-004	1.	0.	0.	
0.	0.	1.	0.	
4.33445e-002	0.322187	0.	1.	
Dynamic:	0	

Frame:	510
1.	8.69532e-004	0.	0.	
-8.69532e-004	1.	0.	0.	
0.	0.	1.	0.	
3.72298e-002	0.321968	0.	1.	
Dynamic:	0	

Frame:	511
0.999999	1.01852e-003	0.	0.	
-1.01852e-003	0.999999	0.	0.	
0.	0.	1.	0.	
4.97577e-002	0.321951	0.	1.	
Dynamic:	0	

Frame:	512
1.	9.68097e-004	0.	0.	
-9.68097e-004	1.	0.	0.	
0.	0.	1.	0.	
4.38107e-002	0.321789	0.	1.	
Dynamic:	0	

Frame:	513
1.	9.20168e-004	0.	0.	
-9.20168e-004	1.	0.	0.	
0.	0.	1.	0.	
3.7729e-002	0.321591	0.	1.	
Dynamic:	0	

Frame:	514
0.999999	1.05289e-003	0.	0.	
-1.05289e-003	0.999999	0.	0.	
0.	0.	1.	0.	
4.95407e-002	0.321643	0.	1.	
Dynamic:	0	

Frame:	515
0.999999	1.01939e-003	0.	0.	
-1.01939e-003	0.999999	0.	0.	
0.	0.	1.	0.	
4.51949e-002	0.321492	0.	1.	
Dynamic:	0	

Frame:	516
1.	9.686e-004	0.	0.	
-9.686e-004	1.	0.	0.	
0.	0.	1.	0.	
3.87882e-002	0.321278	0.	1.	
Dynamic:	0	

Frame:	517
1.	9.20344e-004	0.	0.	
-9.20344e-004	1.	0.	0.	
0.	0.	1.	0.	
3.26136e-002	0.321064	0.	1.	
Dynamic:	0	

Frame:	518
0.999999	1.05272e-003	0.	0.	
-1.05272e-003	0.999999	0.	0.	
0.	0.	1.	0.	
4.45618e-002	0.321141	0.	1.	
Dynamic:	0	

Frame:	519
0.999999	1.02393e-003	0.	0.	
-1.02393e-003	0.999999	0.	0.	
0.	0.	1.	0.	
3.99185e-002	0.320909	0.	1.	
Dynamic:	0	

Frame:	520
1.	9.72596e-004	0.	0.	
-9.72596e-004	1.	0.	0.	
0.	0.	1.	0.	
3.37534e-002	0.320715	0.	1.	
Dynamic:	0	

Frame:	521
0.999999	1.1121e-003	0.	0.	
-1.1121e-003	0.999999	0.	0.	
0.	0.	1.	0.	
4.68969e-002	0.320864	0.	1.	
Dynamic:	0	

Frame:	522
0.999999	1.07555e-003	0.	0.	
-1.07555e-003	0.999999	0.	0.	
0.	0.	1.	0.	
4.21734e-002	0.320685	0.	1.	
Dynamic:	0	

Frame:	523
0.999999	1.02129e-003	0.	0.	
-1.02129e-003	0.999999	0.	0.	
0.	0.	1.	0.	
3.60272e-002	0.320512	0.	1.	
Dynamic:	0	

Frame:	524
0.999999	1.16736e-003	0.	0.	
-1.16736e-003	0.999999	0.	0.	
0.	0.	1.	0.	
4.99632e-002	0.320698	0.	1.	
Dynamic:	0	

Frame:	525
0.999999	1.09648e-003	0.	0.	
-1.09648e-003	0.999999	0.	0.	
0.	0.	1.	0.	
4.21088e-002	0.320484	0.	1.	
Dynamic:	0	

Frame:	526
0.999999	1.06826e-003	0.	0.	
-1.06826e-003	0.999999	0.	0.	
0.	0.	1.	0.	
3.85395e-002	0.320348	0.	1.	
Dynamic:	0	

Frame:	527
0.999999	1.01404e-003	0.	0.	
-1.01404e-003	0.999999	0.	0.	
0.	0.	1.	0.	
3.26879e-002	0.320198	0.	1.	
Dynamic:	0	

Frame:	528
0.999999	1.15866e-003	0.	0.	
-1.15866e-003	0.999999	0.	0.	
0.	0.	1.	0.	
4.66639e-002	0.320418	0.	1.	
Dynamic:	0	

Frame:	529
0.999999	1.08788e-003	0.	0.	
-1.08788e-003	0.999999	0.	0.	
0.	0.	1.	0.	
3.90892e-002	0.320223	0.	1.	
Dynamic:	0	

Frame:	530
0.999999	1.06641e-003	0.	0.	
-1.06641e-003	0.999999	0.	0.	
0.	0.	1.	0.	
3.61753e-002	0.320091	0.	1.	
Dynamic:	0	

Frame:	531
0.999999	1.21808e-003	0.	0.	
-1.21808e-003	0.999999	0.	0.	
0.	0.	1.	0.	
5.13711e-002	0.3204	0.	1.	
Dynamic:	0	

Frame:	532
0.999999	1.14321e-003	0.	0.	
-1.14321e-003	0.999999	0.	0.	
0.	0.	1.	0.	
4.33091e-002	0.320178	0.	1.	
Dynamic:	0	

Frame:	533
0.999999	1.07294e-003	0.	0.	
-1.07294e-003	0.999999	0.	0.	
0.	0.	1.	0.	
3.56982e-002	0.319962	0.	1.	
Dynamic:	0	

Frame:	534
0.999999	1.27553e-003	0.	0.	
-1.27553e-003	0.999999	0.	0.	
0.	0.	1.	0.	
5.63094e-002	0.320433	0.	1.	
Dynamic:	0	

Frame:	535
0.999999	1.19666e-003	0.	0.	
-1.19666e-003	0.999999	0.	0.	
0.	0.	1.	0.	
4.77606e-002	0.320182	0.	1.	
Dynamic:	0	

Frame:	536
0.999999	1.12266e-003	0.	0.	
-1.12266e-003	0.999999	0.	0.	
0.	0.	1.	0.	
3.96948e-002	0.319938	0.	1.	
Dynamic:	0	

Frame:	537
0.999999	1.10413e-003	0.	0.	
-1.10413e-003	0.999999	0.	0.	
0.	0.	1.	0.	
3.74e-002	0.319842	0.	1.	
Dynamic:	0	

Frame:	538
0.999999	1.26027e-003	0.	0.	
-1.26027e-003	0.999999	0.	0.	
0.	0.	1.	0.	
5.34017e-002	0.320242	0.	1.	
Dynamic:	0	

Frame:	539
0.999999	1.18188e-003	0.	0.	
-1.18188e-003	0.999999	0.	0.	
0.	0.	1.	0.	
4.48035e-002	0.319966	0.	1.	
Dynamic:	0	

Frame:	540
0.999999	1.10836e-003	0.	0.	
-1.10836e-003	0.999999	0.	0.	
0.	0.	1.	0.	
3.66945e-002	0.319699	0.	1.	
Dynamic:	0	

Frame:	541
0.999999	1.32128e-003	0.	0.	
-1.32128e-003	0.999999	0.	0.	
0.	0.	1.	0.	
5.88481e-002	0.320311	0.	1.	
Dynamic:	0	

Frame:	542
0.999999	1.23861e-003	0.	0.	
-1.23861e-003	0.999999	0.	0.	
0.	0.	1.	0.	
5.00807e-002	0.320048	0.	1.	
Dynamic:	0	

Frame:	543
0.999999	1.16111e-003	0.	0.	
-1.16111e-003	0.999999	0.	0.	
0.	0.	1.	0.	
4.14785e-002	0.319748	0.	1.	
Dynamic:	0	

Frame:	544
0.999999	1.37741e-003	0.	0.	
-1.37741e-003	0.999999	0.	0.	
0.	0.	1.	0.	
6.41942e-002	0.320424	0.	1.	
Dynamic:	0	

Frame:	545
0.999999	1.29072e-003	0.	0.	
-1.29072e-003	0.999999	0.	0.	
0.	0.	1.	0.	
5.49189e-002	0.320126	0.	1.	
Dynamic:	0	

Frame:	546
0.999999	1.20949e-003	0.	0.	
-1.20949e-003	0.999999	0.	0.	
0.	0.	1.	0.	
4.58429e-002	0.319792	0.	1.	
Dynamic:	0	

Frame:	547
0.999999	1.42086e-003	0.	0.	
-1.42086e-003	0.999999	0.	0.	
0.	0.	1.	0.	
6.85923e-002	0.320554	0.	1.	
Dynamic:	0	

Frame:	548
0.999999	1.33958e-003	0.	0.	
-1.33958e-003	0.999999	0.	0.	
0.	0.	1.	0.	
5.98188e-002	0.320253	0.	1.	
Dynamic:	0	

Frame:	549
0.999999	1.25478e-003	0.	0.	
-1.25478e-003	0.999999	0.	0.	
0.	0.	1.	0.	
5.0639e-002	0.319934	0.	1.	
Dynamic:	0	

Frame:	550
0.999999	1.17536e-003	0.	0.	
-1.17536e-003	0.999999	0.	0.	
0.	0.	1.	0.	
4.20153e-002	0.319628	0.	1.	
Dynamic:	0	

Frame:	551
0.999999	1.40344e-003	0.	0.	
-1.40344e-003	0.999999	0.	0.	
0.	0.	1.	0.	
6.68511e-002	0.320527	0.	1.	
Dynamic:	0	

Frame:	552
0.999999	1.3141e-003	0.	0.	
-1.3141e-003	0.999999	0.	0.	
0.	0.	1.	0.	
5.70944e-002	0.320167	0.	1.	
Dynamic:	0	

Frame:	553
0.999999	1.23044e-003	0.	0.	
-1.23044e-003	0.999999	0.	0.	
0.	0.	1.	0.	
4.79323e-002	0.319822	0.	1.	
Dynamic:	0	

Frame:	554
0.999999	1.44425e-003	0.	0.	
-1.44425e-003	0.999999	0.	0.	
0.	0.	1.	0.	
7.14164e-002	0.320722	0.	1.	
Dynamic:	0	

Frame:	555
0.999999	1.3692e-003	0.	0.	
-1.3692e-003	0.999999	0.	0.	
0.	0.	1.	0.	
6.31495e-002	0.320399	0.	1.	
Dynamic:	0	

Frame:	556
0.999999	1.28154e-003	0.	0.	
-1.28154e-003	0.999999	0.	0.	
0.	0.	1.	0.	
5.34667e-002	0.320015	0.	1.	
Dynamic:	0	

Frame:	557
0.999999	1.50362e-003	0.	0.	
-1.50362e-003	0.999999	0.	0.	
0.	0.	1.	0.	
7.80676e-002	0.32101	0.	1.	
Dynamic:	0	

Frame:	558
0.999999	1.4198e-003	0.	0.	
-1.4198e-003	0.999999	0.	0.	
0.	0.	1.	0.	
6.87562e-002	0.320626	0.	1.	
Dynamic:	0	

Frame:	559
0.999999	1.3284e-003	0.	0.	
-1.3284e-003	0.999999	0.	0.	
0.	0.	1.	0.	
5.85734e-002	0.320201	0.	1.	
Dynamic:	0	

Frame:	560
0.999999	1.55795e-003	0.	0.	
-1.55795e-003	0.999999	0.	0.	
0.	0.	1.	0.	
8.42181e-002	0.321292	0.	1.	
Dynamic:	0	

Frame:	561
0.999999	1.43222e-003	0.	0.	
-1.43222e-003	0.999999	0.	0.	
0.	0.	1.	0.	
7.04909e-002	0.320738	0.	1.	
Dynamic:	0	

Frame:	562
0.999999	1.3731e-003	0.	0.	
-1.3731e-003	0.999999	0.	0.	
0.	0.	1.	0.	
6.42056e-002	0.320503	0.	1.	
Dynamic:	0	

Frame:	563
0.999999	1.60969e-003	0.	0.	
-1.60969e-003	0.999999	0.	0.	
0.	0.	1.	0.	
9.15753e-002	0.321808	0.	1.	
Dynamic:	0	

Frame:	564
0.999999	1.47908e-003	0.	0.	
-1.47908e-003	0.999999	0.	0.	
0.	0.	1.	0.	
7.7535e-002	0.321254	0.	1.	
Dynamic:	0	

Frame:	565
0.999999	1.41447e-003	0.	0.	
-1.41447e-003	0.999999	0.	0.	
0.	0.	1.	0.	
7.09296e-002	0.321034	0.	1.	
Dynamic:	0	

Frame:	566
0.999999	1.65751e-003	0.	0.	
-1.65751e-003	0.999999	0.	0.	
0.	0.	1.	0.	
9.9254e-002	0.322441	0.	1.	
Dynamic:	0	

Frame:	567
0.999999	1.5223e-003	0.	0.	
-1.5223e-003	0.999999	0.	0.	
0.	0.	1.	0.	
8.49229e-002	0.321889	0.	1.	
Dynamic:	0	

Frame:	568
0.999999	1.45279e-003	0.	0.	
-1.45279e-003	0.999999	0.	0.	
0.	0.	1.	0.	
7.80542e-002	0.321688	0.	1.	
Dynamic:	0	

Frame:	569
0.999999	1.70173e-003	0.	0.	
-1.70173e-003	0.999999	0.	0.	
0.	0.	1.	0.	
0.107996	0.323318	0.	1.	
Dynamic:	0	

Frame:	570
0.999999	1.56217e-003	0.	0.	
-1.56217e-003	0.999999	0.	0.	
0.	0.	1.	0.	
9.33941e-002	0.32277	0.	1.	
Dynamic:	0	

Frame:	571
0.999999	1.43406e-003	0.	0.	
-1.43406e-003	0.999999	0.	0.	
0.	0.	1.	0.	
8.00665e-002	0.322281	0.	1.	
Dynamic:	0	

Frame:	572
0.999999	1.39407e-003	0.	0.	
-1.39407e-003	0.999999	0.	0.	
0.	0.	1.	0.	
7.68756e-002	0.322297	0.	1.	
Dynamic:	0	

Frame:	573
0.999999	1.63227e-003	0.	0.	
-1.63227e-003	0.999999	0.	0.	
0.	0.	1.	0.	
0.106598	0.324081	0.	1.	
Dynamic:	0	

Frame:	574
0.999999	1.4977e-003	0.	0.	
-1.4977e-003	0.999999	0.	0.	
0.	0.	1.	0.	
9.27561e-002	0.323589	0.	1.	
Dynamic:	0	

Frame:	575
0.999999	1.44759e-003	0.	0.	
-1.44759e-003	0.999999	0.	0.	
0.	0.	1.	0.	
8.94167e-002	0.323731	0.	1.	
Dynamic:	0	

Frame:	576
0.999999	1.69425e-003	0.	0.	
-1.69425e-003	0.999999	0.	0.	
0.	0.	1.	0.	
0.119994	0.325573	0.	1.	
Dynamic:	0	

Frame:	577
0.999999	1.55386e-003	0.	0.	
-1.55386e-003	0.999999	0.	0.	
0.	0.	1.	0.	
0.105697	0.325084	0.	1.	
Dynamic:	0	

Frame:	578
0.999999	1.49544e-003	0.	0.	
-1.49544e-003	0.999999	0.	0.	
0.	0.	1.	0.	
0.100264	0.324977	0.	1.	
Dynamic:	0	

Frame:	579
0.999998	1.74954e-003	0.	0.	
-1.74954e-003	0.999998	0.	0.	
0.	0.	1.	0.	
0.132305	0.326999	0.	1.	
Dynamic:	0	

Frame:	580
0.999999	1.60384e-003	0.	0.	
-1.60384e-003	0.999999	0.	0.	
0.	0.	1.	0.	
0.116891	0.326387	0.	1.	
Dynamic:	0	

Frame:	581
0.999999	1.47026e-003	0.	0.	
-1.47026e-003	0.999999	0.	0.	
0.	0.	1.	0.	
0.102866	0.32585	0.	1.	
Dynamic:	0	

Frame:	582
0.999998	1.80576e-003	0.	0.	
-1.80576e-003	0.999998	0.	0.	
0.	0.	1.	0.	
0.153694	0.330168	0.	1.	
Dynamic:	0	

Frame:	583
0.999999	1.65462e-003	0.	0.	
-1.65462e-003	0.999999	0.	0.	
0.	0.	1.	0.	
0.135715	0.329156	0.	1.	
Dynamic:	0	

Frame:	584
0.999999	1.51614e-003	0.	0.	
-1.51614e-003	0.999999	0.	0.	
0.	0.	1.	0.	
0.119197	0.328223	0.	1.	
Dynamic:	0	

Frame:	585
0.999998	1.85533e-003	0.	0.	
-1.85533e-003	0.999998	0.	0.	
0.	0.	1.	0.	
0.159761	0.330534	0.	1.	
Dynamic:	0	

Frame:	586
0.999999	1.69928e-003	0.	0.	
-1.69928e-003	0.999999	0.	0.	
0.	0.	1.	0.	
0.14105	0.329459	0.	1.	
Dynamic:	0	

Frame:	587
0.999999	1.55636e-003	0.	0.	
-1.55636e-003	0.999999	0.	0.	
0.	0.	1.	0.	
0.123867	0.328469	0.	1.	
Dynamic:	0	

Frame:	588
0.999998	1.90076e-003	0.	0.	
-1.90076e-003	0.999998	0.	0.	
0.	0.	1.	0.	
0.165383	0.330882	0.	1.	
Dynamic:	0	

Frame:	589
0.999998	1.74013e-003	0.	0.	
-1.74013e-003	0.999998	0.	0.	
0.	0.	1.	0.	
0.145968	0.329744	0.	1.	
Dynamic:	0	

Frame:	590
0.999999	1.59307e-003	0.	0.	
-1.59307e-003	0.999999	0.	0.	
0.	0.	1.	0.	
0.128148	0.328696	0.	1.	
Dynamic:	0	

Frame:	591
0.999998	1.94301e-003	0.	0.	
-1.94301e-003	0.999998	0.	0.	
0.	0.	1.	0.	
0.170664	0.331218	0.	1.	
Dynamic:	0	

Frame:	592
0.999998	1.77803e-003	0.	0.	
-1.77803e-003	0.999998	0.	0.	
0.	0.	1.	0.	
0.160531	0.33209	0.	1.	
Dynamic:	0	

Frame:	593
0.999999	1.62705e-003	0.	0.	
-1.62705e-003	0.999999	0.	0.	
0.	0.	1.	0.	
0.144229	0.331433	0.	1.	
Dynamic:	0	

Frame:	594
0.999998	1.98986e-003	0.	0.	
-1.98986e-003	0.999998	0.	0.	
0.	0.	1.	0.	
0.190078	0.334415	0.	1.	
Dynamic:	0	

Frame:	595
0.999998	1.81183e-003	0.	0.	
-1.81183e-003	0.999998	0.	0.	
0.	0.	1.	0.	
0.169997	0.333467	0.	1.	
Dynamic:	0	

Frame:	596
0.999999	1.65728e-003	0.	0.	
-1.65728e-003	0.999999	0.	0.	
0.	0.	1.	0.	
0.152748	0.332693	0.	1.	
Dynamic:	0	

Frame:	597
0.999998	2.02587e-003	0.	0.	
-2.02587e-003	0.999998	0.	0.	
0.	0.	1.	0.	
0.199657	0.335785	0.	1.	
Dynamic:	0	

Frame:	598
0.999998	1.84423e-003	0.	0.	
-1.84423e-003	0.999998	0.	0.	
0.	0.	1.	0.	
0.178962	0.334793	0.	1.	
Dynamic:	0	

Frame:	599
0.999999	1.68621e-003	0.	0.	
-1.68621e-003	0.999999	0.	0.	
0.	0.	1.	0.	
0.160778	0.333899	0.	1.	
Dynamic:	0	

Frame:	600
0.999998	2.06026e-003	0.	0.	
-2.06026e-003	0.999998	0.	0.	
0.	0.	1.	0.	
0.20978	0.337335	0.	1.	
Dynamic:	0	

Frame:	601
0.999998	1.87508e-003	0.	0.	
-1.87508e-003	0.999998	0.	0.	
0.	0.	1.	0.	
0.188107	0.336217	0.	1.	
Dynamic:	0	

Frame:	602
0.999999	1.7137e-003	0.	0.	
-1.7137e-003	0.999999	0.	0.	
0.	0.	1.	0.	
0.168996	0.335202	0.	1.	
Dynamic:	0	

Frame:	603
0.999998	2.09287e-003	0.	0.	
-2.09287e-003	0.999998	0.	0.	
0.	0.	1.	0.	
0.217938	0.338503	0.	1.	
Dynamic:	0	

Frame:	604
0.999998	1.904e-003	0.	0.	
-1.904e-003	0.999998	0.	0.	
0.	0.	1.	0.	
0.195269	0.337256	0.	1.	
Dynamic:	0	

Frame:	605
0.999997	2.31609e-003	0.	0.	
-2.31609e-003	0.999997	0.	0.	
0.	0.	1.	0.	
0.247889	0.340702	0.	1.	
Dynamic:	0	

Frame:	606
0.999998	2.05673e-003	0.	0.	
-2.05673e-003	0.999998	0.	0.	
0.	0.	1.	0.	
0.216194	0.338873	0.	1.	
Dynamic:	0	

Frame:	607
0.999998	1.88824e-003	0.	0.	
-1.88824e-003	0.999998	0.	0.	
0.	0.	1.	0.	
0.195562	0.337687	0.	1.	
Dynamic:	0	

Frame:	608
0.999997	2.30033e-003	0.	0.	
-2.30033e-003	0.999997	0.	0.	
0.	0.	1.	0.	
0.248234	0.341109	0.	1.	
Dynamic:	0	

Frame:	609
0.999998	2.00533e-003	0.	0.	
-2.00533e-003	0.999998	0.	0.	
0.	0.	1.	0.	
0.212594	0.333966	0.	1.	
Dynamic:	0	

Frame:	610
0.999998	1.79715e-003	0.	0.	
-1.79715e-003	0.999998	0.	0.	
0.	0.	1.	0.	
0.188453	0.322434	0.	1.	
Dynamic:	0	

Frame:	611
0.999998	2.11139e-003	0.	0.	
-2.11139e-003	0.999998	0.	0.	
0.	0.	1.	0.	
0.232056	0.312816	0.	1.	
Dynamic:	0	

Frame:	612
0.999999	1.6993e-003	0.	0.	
-1.6993e-003	0.999999	0.	0.	
0.	0.	1.	0.	
0.187923	0.277665	0.	1.	
Dynamic:	0	

Frame:	613
0.999999	1.42464e-003	0.	0.	
-1.42464e-003	0.999999	0.	0.	
0.	0.	1.	0.	
0.159161	0.250938	0.	1.	
Dynamic:	0	

Frame:	614
0.999999	1.17709e-003	0.	0.	
-1.17709e-003	0.999999	0.	0.	
0.	0.	1.	0.	
0.134117	0.2219	0.	1.	
Dynamic:	0	

Frame:	615
0.999999	1.28676e-003	0.	0.	
-1.28676e-003	0.999999	0.	0.	
0.	0.	1.	0.	
0.15514	0.195816	0.	1.	
Dynamic:	0	

Frame:	616
0.999999	1.00179e-003	0.	0.	
-1.00179e-003	0.999999	0.	0.	
0.	0.	1.	0.	
0.126187	0.164115	0.	1.	
Dynamic:	0	

Frame:	617
1.	8.06158e-004	0.	0.	
-8.06158e-004	1.	0.	0.	
0.	0.	1.	0.	
0.107159	0.137978	0.	1.	
Dynamic:	0	

Frame:	618
1.	5.60517e-004	0.	0.	
-5.60517e-004	1.	0.	0.	
0.	0.	1.	0.	
8.45111e-002	0.101722	0.	1.	
Dynamic:	0	

Frame:	619
1.	3.1889e-004	0.	0.	
-3.1889e-004	1.	0.	0.	
0.	0.	1.	0.	
6.26376e-002	6.29662e-002	0.	1.	
Dynamic:	0	

Frame:	620
1.	0.	0.	0.	
0.	1.	0.	0.	
0.	0.	1.	0.	
2.8816e-002	3.09497e-002	0.	1.	
Dynamic:	0	

Frame:	621
1.	0.	0.	0.	
0.	1.	0.	0.	
0.	0.	1.	0.	
0.	0.	0.	1.	
Dynamic:	0	

Frame:	622
1.	0.	0.	0.	
0.	1.	0.	0.	
0.	0.	1.	0.	
0.	0.	0.	1.	
Dynamic:	0	

Frame:	623
1.	0.	0.	0.	
0.	1.	0.	0.	
0.	0.	1.	0.	
0.	0.	0.	1.	
Dynamic:	0	

Frame:	624
1.	0.	0.	0.	
0.	1.	0.	0.	
0.	0.	1.	0.	
0.	0.	0.	1.	
Dynamic:	0	

Frame:	625
1.	0.	0.	0.	
0.	1.	0.	0.	
0.	0.	1.	0.	
0.	0.	0.	1.	
Dynamic:	0	

Frame:	626
1.	0.	0.	0.	
0.	1.	0.	0.	
0.	0.	1.	0.	
0.	0.	0.	1.	
Dynamic:	0	

Frame:	627
1.	0.	0.	0.	
0.	1.	0.	0.	
0.	0.	1.	0.	
0.	0.	0.	1.	
Dynamic:	0	

Frame:	628
1.	0.	0.	0.	
0.	1.	0.	0.	
0.	0.	1.	0.	
0.	0.	0.	1.	
Dynamic:	0	

Frame:	629
1.	0.	0.	0.	
0.	1.	0.	0.	
0.	0.	1.	0.	
0.	0.	0.	1.	
Dynamic:	0	

Frame:	630
1.	0.	0.	0.	
0.	1.	0.	0.	
0.	0.	1.	0.	
0.	0.	0.	1.	
Dynamic:	0	

Frame:	631
1.	0.	0.	0.	
0.	1.	0.	0.	
0.	0.	1.	0.	
0.	0.	0.	1.	
Dynamic:	0	

Frame:	632
1.	0.	0.	0.	
0.	1.	0.	0.	
0.	0.	1.	0.	
0.	0.	0.	1.	
Dynamic:	0	

Frame:	633
1.	0.	0.	0.	
0.	1.	0.	0.	
0.	0.	1.	0.	
0.	0.	0.	1.	
Dynamic:	0	

Frame:	634
1.	0.	0.	0.	
0.	1.	0.	0.	
0.	0.	1.	0.	
0.	0.	0.	1.	
Dynamic:	0	

Frame:	635
1.	0.	0.	0.	
0.	1.	0.	0.	
0.	0.	1.	0.	
0.	0.	0.	1.	
Dynamic:	0	

Frame:	636
1.	0.	0.	0.	
0.	1.	0.	0.	
0.	0.	1.	0.	
0.	0.	0.	1.	
Dynamic:	0	

Frame:	637
1.	0.	0.	0.	
0.	1.	0.	0.	
0.	0.	1.	0.	
0.	0.	0.	1.	
Dynamic:	0	

Frame:	638
1.	0.	0.	0.	
0.	1.	0.	0.	
0.	0.	1.	0.	
0.	0.	0.	1.	
Dynamic:	0	

Frame:	639
1.	0.	0.	0.	
0.	1.	0.	0.	
0.	0.	1.	0.	
0.	0.	0.	1.	
Dynamic:	0	

Frame:	640
1.	0.	0.	0.	
0.	1.	0.	0.	
0.	0.	1.	0.	
0.	0.	0.	1.	
Dynamic:	0	

Frame:	641
1.	0.	0.	0.	
0.	1.	0.	0.	
0.	0.	1.	0.	
0.	0.	0.	1.	
Dynamic:	0	

Frame:	642
1.	0.	0.	0.	
0.	1.	0.	0.	
0.	0.	1.	0.	
0.	0.	0.	1.	
Dynamic:	0	

Frame:	643
1.	0.	0.	0.	
0.	1.	0.	0.	
0.	0.	1.	0.	
0.	0.	0.	1.	
Dynamic:	0	

Frame:	644
1.	0.	0.	0.	
0.	1.	0.	0.	
0.	0.	1.	0.	
0.	0.	0.	1.	
Dynamic:	0	

Frame:	645
1.	0.	0.	0.	
0.	1.	0.	0.	
0.	0.	1.	0.	
0.	0.	0.	1.	
Dynamic:	0	

Frame:	646
1.	0.	0.	0.	
0.	1.	0.	0.	
0.	0.	1.	0.	
0.	0.	0.	1.	
Dynamic:	0	

Frame:	647
1.	0.	0.	0.	
0.	1.	0.	0.	
0.	0.	1.	0.	
0.	0.	0.	1.	
Dynamic:	0	

Frame:	648
1.	0.	0.	0.	
0.	1.	0.	0.	
0.	0.	1.	0.	
0.	0.	0.	1.	
Dynamic:	0	

Frame:	649
1.	0.	0.	0.	
0.	1.	0.	0.	
0.	0.	1.	0.	
0.	0.	0.	1.	
Dynamic:	0	

Frame:	650
1.	0.	0.	0.	
0.	1.	0.	0.	
0.	0.	1.	0.	
0.	0.	0.	1.	
Dynamic:	0	

Frame:	651
1.	0.	0.	0.	
0.	1.	0.	0.	
0.	0.	1.	0.	
0.	0.	0.	1.	
Dynamic:	0	

Frame:	652
1.	0.	0.	0.	
0.	1.	0.	0.	
0.	0.	1.	0.	
0.	0.	0.	1.	
Dynamic:	0	

Frame:	653
1.	0.	0.	0.	
0.	1.	0.	0.	
0.	0.	1.	0.	
0.	0.	0.	1.	
Dynamic:	0	

Frame:	654
1.	0.	0.	0.	
0.	1.	0.	0.	
0.	0.	1.	0.	
0.	0.	0.	1.	
Dynamic:	0	

Frame:	655
1.	0.	0.	0.	
0.	1.	0.	0.	
0.	0.	1.	0.	
0.	0.	0.	1.	
Dynamic:	0	

Frame:	656
1.	0.	0.	0.	
0.	1.	0.	0.	
0.	0.	1.	0.	
0.	0.	0.	1.	
Dynamic:	0	

Frame:	657
1.	0.	0.	0.	
0.	1.	0.	0.	
0.	0.	1.	0.	
0.	0.	0.	1.	
Dynamic:	0	

Frame:	658
1.	0.	0.	0.	
0.	1.	0.	0.	
0.	0.	1.	0.	
0.	0.	0.	1.	
Dynamic:	0	

Frame:	659
1.	0.	0.	0.	
0.	1.	0.	0.	
0.	0.	1.	0.	
0.	0.	0.	1.	
Dynamic:	0	

Frame:	660
1.	0.	0.	0.	
0.	1.	0.	0.	
0.	0.	1.	0.	
0.	0.	0.	1.	
Dynamic:	0	

Frame:	661
1.	0.	0.	0.	
0.	1.	0.	0.	
0.	0.	1.	0.	
0.	0.	0.	1.	
Dynamic:	0	

Frame:	662
1.	0.	0.	0.	
0.	1.	0.	0.	
0.	0.	1.	0.	
0.	0.	0.	1.	
Dynamic:	0	

Frame:	663
1.	0.	0.	0.	
0.	1.	0.	0.	
0.	0.	1.	0.	
0.	0.	0.	1.	
Dynamic:	0	

Frame:	664
1.	0.	0.	0.	
0.	1.	0.	0.	
0.	0.	1.	0.	
0.	0.	0.	1.	
Dynamic:	0	

Frame:	665
1.	0.	0.	0.	
0.	1.	0.	0.	
0.	0.	1.	0.	
0.	0.	0.	1.	
Dynamic:	0	

Frame:	666
1.	0.	0.	0.	
0.	1.	0.	0.	
0.	0.	1.	0.	
0.	0.	0.	1.	
Dynamic:	0	

Frame:	667
1.	0.	0.	0.	
0.	1.	0.	0.	
0.	0.	1.	0.	
0.	0.	0.	1.	
Dynamic:	0	

Frame:	668
1.	0.	0.	0.	
0.	1.	0.	0.	
0.	0.	1.	0.	
0.	0.	0.	1.	
Dynamic:	0	

Frame:	669
1.	0.	0.	0.	
0.	1.	0.	0.	
0.	0.	1.	0.	
0.	0.	0.	1.	
Dynamic:	0	

Frame:	670
1.	0.	0.	0.	
0.	1.	0.	0.	
0.	0.	1.	0.	
0.	0.	0.	1.	
Dynamic:	0	

Frame:	671
1.	0.	0.	0.	
0.	1.	0.	0.	
0.	0.	1.	0.	
0.	0.	0.	1.	
Dynamic:	0	

Frame:	672
1.	0.	0.	0.	
0.	1.	0.	0.	
0.	0.	1.	0.	
0.	0.	0.	1.	
Dynamic:	0	

Frame:	673
1.	0.	0.	0.	
0.	1.	0.	0.	
0.	0.	1.	0.	
0.	0.	0.	1.	
Dynamic:	0	

Frame:	674
1.	0.	0.	0.	
0.	1.	0.	0.	
0.	0.	1.	0.	
0.	0.	0.	1.	
Dynamic:	0	

Frame:	675
1.	0.	0.	0.	
0.	1.	0.	0.	
0.	0.	1.	0.	
0.	0.	0.	1.	
Dynamic:	0	

Frame:	676
1.	0.	0.	0.	
0.	1.	0.	0.	
0.	0.	1.	0.	
0.	0.	0.	1.	
Dynamic:	0	

Frame:	677
1.	0.	0.	0.	
0.	1.	0.	0.	
0.	0.	1.	0.	
0.	0.	0.	1.	
Dynamic:	0	

Frame:	678
1.	0.	0.	0.	
0.	1.	0.	0.	
0.	0.	1.	0.	
0.	0.	0.	1.	
Dynamic:	0	

Frame:	679
1.	0.	0.	0.	
0.	1.	0.	0.	
0.	0.	1.	0.	
0.	0.	0.	1.	
Dynamic:	0	

Frame:	680
1.	0.	0.	0.	
0.	1.	0.	0.	
0.	0.	1.	0.	
0.	0.	0.	1.	
Dynamic:	0	

Frame:	681
1.	0.	0.	0.	
0.	1.	0.	0.	
0.	0.	1.	0.	
0.	0.	0.	1.	
Dynamic:	0	

Frame:	682
1.	0.	0.	0.	
0.	1.	0.	0.	
0.	0.	1.	0.	
0.	0.	0.	1.	
Dynamic:	0	

Frame:	683
1.	0.	0.	0.	
0.	1.	0.	0.	
0.	0.	1.	0.	
0.	0.	0.	1.	
Dynamic:	0	

Frame:	684
1.	0.	0.	0.	
0.	1.	0.	0.	
0.	0.	1.	0.	
0.	0.	0.	1.	
Dynamic:	0	

Frame:	685
1.	0.	0.	0.	
0.	1.	0.	0.	
0.	0.	1.	0.	
0.	0.	0.	1.	
Dynamic:	0	

Frame:	686
1.	0.	0.	0.	
0.	1.	0.	0.	
0.	0.	1.	0.	
0.	0.	0.	1.	
Dynamic:	0	

Frame:	687
1.	0.	0.	0.	
0.	1.	0.	0.	
0.	0.	1.	0.	
0.	0.	0.	1.	
Dynamic:	0	

Frame:	688
1.	0.	0.	0.	
0.	1.	0.	0.	
0.	0.	1.	0.	
0.	0.	0.	1.	
Dynamic:	0	

Frame:	689
1.	0.	0.	0.	
0.	1.	0.	0.	
0.	0.	1.	0.	
0.	0.	0.	1.	
Dynamic:	0	

Frame:	690
1.	0.	0.	0.	
0.	1.	0.	0.	
0.	0.	1.	0.	
0.	0.	0.	1.	
Dynamic:	0	

Frame:	691
1.	0.	0.	0.	
0.	1.	0.	0.	
0.	0.	1.	0.	
0.	0.	0.	1.	
Dynamic:	0	

Frame:	692
1.	0.	0.	0.	
0.	1.	0.	0.	
0.	0.	1.	0.	
0.	0.	0.	1.	
Dynamic:	0	

Frame:	693
1.	0.	0.	0.	
0.	1.	0.	0.	
0.	0.	1.	0.	
0.	0.	0.	1.	
Dynamic:	0	

Frame:	694
1.	0.	0.	0.	
0.	1.	0.	0.	
0.	0.	1.	0.	
0.	0.	0.	1.	
Dynamic:	0	

Frame:	695
1.	0.	0.	0.	
0.	1.	0.	0.	
0.	0.	1.	0.	
0.	0.	0.	1.	
Dynamic:	0	

Frame:	696
1.	0.	0.	0.	
0.	1.	0.	0.	
0.	0.	1.	0.	
0.	0.	0.	1.	
Dynamic:	0	

