TrialReplay

Frame:	2
1.	0.	0.	0.	
0.	1.	0.	0.	
0.	0.	1.	0.	
0.	0.	0.	1.	
Dynamic:	0	

Frame:	3
1.	0.	0.	0.	
0.	1.	0.	0.	
0.	0.	1.	0.	
0.	0.	0.	1.	
Dynamic:	0	

Frame:	4
1.	0.	0.	0.	
0.	1.	0.	0.	
0.	0.	1.	0.	
0.	0.	0.	1.	
Dynamic:	0	

Frame:	5
1.	0.	0.	0.	
0.	1.	0.	0.	
0.	0.	1.	0.	
0.	0.	0.	1.	
Dynamic:	0	

Frame:	6
1.	0.	0.	0.	
0.	1.	0.	0.	
0.	0.	1.	0.	
0.	0.	0.	1.	
Dynamic:	0	

Frame:	7
1.	0.	0.	0.	
0.	1.	0.	0.	
0.	0.	1.	0.	
0.	0.	0.	1.	
Dynamic:	0	

Frame:	8
1.	0.	0.	0.	
0.	1.	0.	0.	
0.	0.	1.	0.	
0.	0.	0.	1.	
Dynamic:	0	

Frame:	9
1.	0.	0.	0.	
0.	1.	0.	0.	
0.	0.	1.	0.	
0.	0.	0.	1.	
Dynamic:	0	

Frame:	10
1.	0.	0.	0.	
0.	1.	0.	0.	
0.	0.	1.	0.	
0.	0.	0.	1.	
Dynamic:	0	

Frame:	11
1.	0.	0.	0.	
0.	1.	0.	0.	
0.	0.	1.	0.	
0.	0.	0.	1.	
Dynamic:	0	

Frame:	12
1.	0.	0.	0.	
0.	1.	0.	0.	
0.	0.	1.	0.	
0.	0.	0.	1.	
Dynamic:	0	

Frame:	13
1.	0.	0.	0.	
0.	1.	0.	0.	
0.	0.	1.	0.	
0.	0.	0.	1.	
Dynamic:	0	

Frame:	14
1.	0.	0.	0.	
0.	1.	0.	0.	
0.	0.	1.	0.	
0.	0.	0.	1.	
Dynamic:	0	

Frame:	15
1.	0.	0.	0.	
0.	1.	0.	0.	
0.	0.	1.	0.	
0.	0.	0.	1.	
Dynamic:	0	

Frame:	16
1.	0.	0.	0.	
0.	1.	0.	0.	
0.	0.	1.	0.	
0.	0.	0.	1.	
Dynamic:	0	

Frame:	17
1.	0.	0.	0.	
0.	1.	0.	0.	
0.	0.	1.	0.	
0.	0.	0.	1.	
Dynamic:	0	

Frame:	18
1.	0.	0.	0.	
0.	1.	0.	0.	
0.	0.	1.	0.	
0.	0.	0.	1.	
Dynamic:	0	

Frame:	19
1.	0.	0.	0.	
0.	1.	0.	0.	
0.	0.	1.	0.	
0.	0.	0.	1.	
Dynamic:	0	

Frame:	20
1.	0.	0.	0.	
0.	1.	0.	0.	
0.	0.	1.	0.	
0.	0.	0.	1.	
Dynamic:	0	

Frame:	21
1.	0.	0.	0.	
0.	1.	0.	0.	
0.	0.	1.	0.	
0.	0.	0.	1.	
Dynamic:	0	

Frame:	22
1.	0.	0.	0.	
0.	1.	0.	0.	
0.	0.	1.	0.	
0.	0.	0.	1.	
Dynamic:	0	

Frame:	23
1.	0.	0.	0.	
0.	1.	0.	0.	
0.	0.	1.	0.	
0.	0.	0.	1.	
Dynamic:	0	

Frame:	24
1.	0.	0.	0.	
0.	1.	0.	0.	
0.	0.	1.	0.	
0.	0.	0.	1.	
Dynamic:	0	

Frame:	25
1.	0.	0.	0.	
0.	1.	0.	0.	
0.	0.	1.	0.	
0.	0.	0.	1.	
Dynamic:	0	

Frame:	26
1.	0.	0.	0.	
0.	1.	0.	0.	
0.	0.	1.	0.	
0.	0.	0.	1.	
Dynamic:	0	

Frame:	27
1.	0.	0.	0.	
0.	1.	0.	0.	
0.	0.	1.	0.	
0.	0.	0.	1.	
Dynamic:	0	

Frame:	28
1.	0.	0.	0.	
0.	1.	0.	0.	
0.	0.	1.	0.	
0.	0.	0.	1.	
Dynamic:	0	

Frame:	29
1.	0.	0.	0.	
0.	1.	0.	0.	
0.	0.	1.	0.	
0.	0.	0.	1.	
Dynamic:	0	

Frame:	30
1.	0.	0.	0.	
0.	1.	0.	0.	
0.	0.	1.	0.	
0.	0.	0.	1.	
Dynamic:	0	

Frame:	31
1.	0.	0.	0.	
0.	1.	0.	0.	
0.	0.	1.	0.	
0.	0.	0.	1.	
Dynamic:	0	

Frame:	32
1.	0.	0.	0.	
0.	1.	0.	0.	
0.	0.	1.	0.	
0.	0.	0.	1.	
Dynamic:	0	

Frame:	33
1.	0.	0.	0.	
0.	1.	0.	0.	
0.	0.	1.	0.	
0.	0.	0.	1.	
Dynamic:	0	

Frame:	34
1.	0.	0.	0.	
0.	1.	0.	0.	
0.	0.	1.	0.	
0.	0.	0.	1.	
Dynamic:	0	

Frame:	35
1.	0.	0.	0.	
0.	1.	0.	0.	
0.	0.	1.	0.	
0.	0.	0.	1.	
Dynamic:	0	

Frame:	36
1.	0.	0.	0.	
0.	1.	0.	0.	
0.	0.	1.	0.	
0.	0.	0.	1.	
Dynamic:	0	

Frame:	37
1.	0.	0.	0.	
0.	1.	0.	0.	
0.	0.	1.	0.	
0.	0.	0.	1.	
Dynamic:	0	

Frame:	38
1.	0.	0.	0.	
0.	1.	0.	0.	
0.	0.	1.	0.	
0.	0.	0.	1.	
Dynamic:	0	

Frame:	39
1.	0.	0.	0.	
0.	1.	0.	0.	
0.	0.	1.	0.	
0.	0.	0.	1.	
Dynamic:	0	

Frame:	40
1.	0.	0.	0.	
0.	1.	0.	0.	
0.	0.	1.	0.	
0.	0.	0.	1.	
Dynamic:	0	

Frame:	41
1.	0.	0.	0.	
0.	1.	0.	0.	
0.	0.	1.	0.	
0.	0.	0.	1.	
Dynamic:	0	

Frame:	42
1.	0.	0.	0.	
0.	1.	0.	0.	
0.	0.	1.	0.	
0.	0.	0.	1.	
Dynamic:	0	

Frame:	43
1.	0.	0.	0.	
0.	1.	0.	0.	
0.	0.	1.	0.	
0.	0.	0.	1.	
Dynamic:	0	

Frame:	44
1.	0.	0.	0.	
0.	1.	0.	0.	
0.	0.	1.	0.	
0.	0.	0.	1.	
Dynamic:	0	

Frame:	45
1.	0.	0.	0.	
0.	1.	0.	0.	
0.	0.	1.	0.	
0.	0.	0.	1.	
Dynamic:	0	

Frame:	46
1.	0.	0.	0.	
0.	1.	0.	0.	
0.	0.	1.	0.	
0.	0.	0.	1.	
Dynamic:	0	

Frame:	47
1.	0.	0.	0.	
0.	1.	0.	0.	
0.	0.	1.	0.	
0.	0.	0.	1.	
Dynamic:	0	

Frame:	48
1.	0.	0.	0.	
0.	1.	0.	0.	
0.	0.	1.	0.	
0.	0.	0.	1.	
Dynamic:	0	

Frame:	49
1.	0.	0.	0.	
0.	1.	0.	0.	
0.	0.	1.	0.	
0.	0.	0.	1.	
Dynamic:	0	

Frame:	50
1.	0.	0.	0.	
0.	1.	0.	0.	
0.	0.	1.	0.	
0.	0.	0.	1.	
Dynamic:	0	

Frame:	51
1.	0.	0.	0.	
0.	1.	0.	0.	
0.	0.	1.	0.	
0.	0.	0.	1.	
Dynamic:	0	

Frame:	52
1.	0.	0.	0.	
0.	1.	0.	0.	
0.	0.	1.	0.	
0.	0.	0.	1.	
Dynamic:	0	

Frame:	53
1.	0.	0.	0.	
0.	1.	0.	0.	
0.	0.	1.	0.	
0.	0.	0.	1.	
Dynamic:	0	

Frame:	54
1.	0.	0.	0.	
0.	1.	0.	0.	
0.	0.	1.	0.	
0.	0.	0.	1.	
Dynamic:	0	

Frame:	55
1.	0.	0.	0.	
0.	1.	0.	0.	
0.	0.	1.	0.	
0.	0.	0.	1.	
Dynamic:	0	

Frame:	56
1.	0.	0.	0.	
0.	1.	0.	0.	
0.	0.	1.	0.	
0.	0.	0.	1.	
Dynamic:	0	

Frame:	57
1.	0.	0.	0.	
0.	1.	0.	0.	
0.	0.	1.	0.	
0.	0.	0.	1.	
Dynamic:	0	

Frame:	58
1.	0.	0.	0.	
0.	1.	0.	0.	
0.	0.	1.	0.	
0.	0.	0.	1.	
Dynamic:	0	

Frame:	59
1.	0.	0.	0.	
0.	1.	0.	0.	
0.	0.	1.	0.	
0.	0.	0.	1.	
Dynamic:	0	

Frame:	60
1.	0.	0.	0.	
0.	1.	0.	0.	
0.	0.	1.	0.	
0.	0.	0.	1.	
Dynamic:	0	

Frame:	61
1.	0.	0.	0.	
0.	1.	0.	0.	
0.	0.	1.	0.	
0.	0.	0.	1.	
Dynamic:	0	

Frame:	62
1.	0.	0.	0.	
0.	1.	0.	0.	
0.	0.	1.	0.	
0.	0.	0.	1.	
Dynamic:	0	

Frame:	63
1.	0.	0.	0.	
0.	1.	0.	0.	
0.	0.	1.	0.	
0.	0.	0.	1.	
Dynamic:	0	

Frame:	64
1.	0.	0.	0.	
0.	1.	0.	0.	
0.	0.	1.	0.	
0.	0.	0.	1.	
Dynamic:	0	

Frame:	65
1.	0.	0.	0.	
0.	1.	0.	0.	
0.	0.	1.	0.	
0.	0.	0.	1.	
Dynamic:	0	

Frame:	66
1.	0.	0.	0.	
0.	1.	0.	0.	
0.	0.	1.	0.	
0.	0.	0.	1.	
Dynamic:	0	

Frame:	67
1.	0.	0.	0.	
0.	1.	0.	0.	
0.	0.	1.	0.	
0.	0.	0.	1.	
Dynamic:	0	

Frame:	68
1.	0.	0.	0.	
0.	1.	0.	0.	
0.	0.	1.	0.	
0.	0.	0.	1.	
Dynamic:	0	

Frame:	69
1.	0.	0.	0.	
0.	1.	0.	0.	
0.	0.	1.	0.	
0.	0.	0.	1.	
Dynamic:	0	

Frame:	70
1.	0.	0.	0.	
0.	1.	0.	0.	
0.	0.	1.	0.	
0.	0.	0.	1.	
Dynamic:	0	

Frame:	71
1.	0.	0.	0.	
0.	1.	0.	0.	
0.	0.	1.	0.	
0.	0.	0.	1.	
Dynamic:	0	

Frame:	72
1.	0.	0.	0.	
0.	1.	0.	0.	
0.	0.	1.	0.	
0.	0.	0.	1.	
Dynamic:	0	

Frame:	73
1.	0.	0.	0.	
0.	1.	0.	0.	
0.	0.	1.	0.	
0.	0.	0.	1.	
Dynamic:	0	

Frame:	74
1.	0.	0.	0.	
0.	1.	0.	0.	
0.	0.	1.	0.	
0.	0.	0.	1.	
Dynamic:	0	

Frame:	75
1.	0.	0.	0.	
0.	1.	0.	0.	
0.	0.	1.	0.	
0.	0.	0.	1.	
Dynamic:	0	

Frame:	76
1.	0.	0.	0.	
0.	1.	0.	0.	
0.	0.	1.	0.	
0.	0.	0.	1.	
Dynamic:	0	

Frame:	77
1.	0.	0.	0.	
0.	1.	0.	0.	
0.	0.	1.	0.	
0.	0.	0.	1.	
Dynamic:	0	

Frame:	78
1.	0.	0.	0.	
0.	1.	0.	0.	
0.	0.	1.	0.	
0.	0.	0.	1.	
Dynamic:	0	

Frame:	79
1.	0.	0.	0.	
0.	1.	0.	0.	
0.	0.	1.	0.	
0.	0.	0.	1.	
Dynamic:	0	

Frame:	80
1.	0.	0.	0.	
0.	1.	0.	0.	
0.	0.	1.	0.	
0.	0.	0.	1.	
Dynamic:	0	

Frame:	81
1.	0.	0.	0.	
0.	1.	0.	0.	
0.	0.	1.	0.	
0.	0.	0.	1.	
Dynamic:	0	

Frame:	82
1.	0.	0.	0.	
0.	1.	0.	0.	
0.	0.	1.	0.	
0.	0.	0.	1.	
Dynamic:	0	

Frame:	83
1.	0.	0.	0.	
0.	1.	0.	0.	
0.	0.	1.	0.	
0.	0.	0.	1.	
Dynamic:	0	

Frame:	84
1.	0.	0.	0.	
0.	1.	0.	0.	
0.	0.	1.	0.	
0.	0.	0.	1.	
Dynamic:	0	

Frame:	85
1.	0.	0.	0.	
0.	1.	0.	0.	
0.	0.	1.	0.	
0.	0.	0.	1.	
Dynamic:	0	

Frame:	86
1.	0.	0.	0.	
0.	1.	0.	0.	
0.	0.	1.	0.	
0.	0.	0.	1.	
Dynamic:	0	

Frame:	87
1.	0.	0.	0.	
0.	1.	0.	0.	
0.	0.	1.	0.	
0.	0.	0.	1.	
Dynamic:	0	

Frame:	88
1.	0.	0.	0.	
0.	1.	0.	0.	
0.	0.	1.	0.	
0.	0.	0.	1.	
Dynamic:	0	

Frame:	89
1.	0.	0.	0.	
0.	1.	0.	0.	
0.	0.	1.	0.	
0.	0.	0.	1.	
Dynamic:	0	

Frame:	90
1.	0.	0.	0.	
0.	1.	0.	0.	
0.	0.	1.	0.	
0.	0.	0.	1.	
Dynamic:	0	

Frame:	91
1.	0.	0.	0.	
0.	1.	0.	0.	
0.	0.	1.	0.	
0.	0.	0.	1.	
Dynamic:	0	

Frame:	92
1.	0.	0.	0.	
0.	1.	0.	0.	
0.	0.	1.	0.	
0.	0.	0.	1.	
Dynamic:	0	

Frame:	93
1.	0.	0.	0.	
0.	1.	0.	0.	
0.	0.	1.	0.	
0.	0.	0.	1.	
Dynamic:	0	

Frame:	94
1.	0.	0.	0.	
0.	1.	0.	0.	
0.	0.	1.	0.	
0.	0.	0.	1.	
Dynamic:	0	

Frame:	95
1.	0.	0.	0.	
0.	1.	0.	0.	
0.	0.	1.	0.	
0.	0.	0.	1.	
Dynamic:	0	

Frame:	96
1.	0.	0.	0.	
0.	1.	0.	0.	
0.	0.	1.	0.	
0.	0.	0.	1.	
Dynamic:	0	

Frame:	97
1.	0.	0.	0.	
0.	1.	0.	0.	
0.	0.	1.	0.	
0.	0.	0.	1.	
Dynamic:	0	

Frame:	98
1.	0.	0.	0.	
0.	1.	0.	0.	
0.	0.	1.	0.	
0.	0.	0.	1.	
Dynamic:	0	

Frame:	99
1.	0.	0.	0.	
0.	1.	0.	0.	
0.	0.	1.	0.	
0.	0.	0.	1.	
Dynamic:	0	

Frame:	100
1.	0.	0.	0.	
0.	1.	0.	0.	
0.	0.	1.	0.	
0.	0.	0.	1.	
Dynamic:	0	

Frame:	101
1.	0.	0.	0.	
0.	1.	0.	0.	
0.	0.	1.	0.	
0.	4.62977e-002	0.	1.	
Dynamic:	0	

Frame:	102
1.	0.	0.	0.	
0.	1.	0.	0.	
0.	0.	1.	0.	
0.	8.68082e-002	0.	1.	
Dynamic:	0	

Frame:	103
1.	2.01011e-004	0.	0.	
-2.01011e-004	1.	0.	0.	
0.	0.	1.	0.	
-4.77069e-004	0.156649	0.	1.	
Dynamic:	0	

Frame:	104
1.	2.66011e-004	0.	0.	
-2.66011e-004	1.	0.	0.	
0.	0.	1.	0.	
-6.33359e-004	0.182819	0.	1.	
Dynamic:	0	

Frame:	105
1.	3.20289e-004	0.	0.	
-3.20289e-004	1.	0.	0.	
0.	0.	1.	0.	
-7.77132e-004	0.223436	0.	1.	
Dynamic:	0	

Frame:	106
1.	3.105e-004	0.	0.	
-3.105e-004	1.	0.	0.	
0.	0.	1.	0.	
-7.58739e-004	0.223417	0.	1.	
Dynamic:	0	

Frame:	107
1.	2.93643e-004	0.	0.	
-2.93643e-004	1.	0.	0.	
0.	0.	1.	0.	
-7.18743e-004	0.214703	0.	1.	
Dynamic:	0	

Frame:	108
1.	2.89142e-004	0.	0.	
-2.89142e-004	1.	0.	0.	
0.	0.	1.	0.	
-7.12292e-004	0.214694	0.	1.	
Dynamic:	0	

Frame:	109
1.	5.06151e-004	0.	0.	
-5.06151e-004	1.	0.	0.	
0.	0.	1.	0.	
-9.9589e-004	0.223801	0.	1.	
Dynamic:	0	

Frame:	110
1.	4.02263e-004	0.	0.	
-4.02263e-004	1.	0.	0.	
0.	0.	1.	0.	
-8.98937e-004	0.226491	0.	1.	
Dynamic:	0	

Frame:	111
1.	3.35526e-004	0.	0.	
-3.35526e-004	1.	0.	0.	
0.	0.	1.	0.	
-8.63647e-004	0.232147	0.	1.	
Dynamic:	0	

Frame:	112
1.	3.33194e-004	0.	0.	
-3.33194e-004	1.	0.	0.	
0.	0.	1.	0.	
-8.81202e-004	0.237929	0.	1.	
Dynamic:	0	

Frame:	113
1.	3.31496e-004	0.	0.	
-3.31496e-004	1.	0.	0.	
0.	0.	1.	0.	
-8.91036e-004	0.24082	0.	1.	
Dynamic:	0	

Frame:	114
1.	3.45388e-004	0.	0.	
-3.45388e-004	1.	0.	0.	
0.	0.	1.	0.	
-9.49183e-004	0.255315	0.	1.	
Dynamic:	0	

Frame:	115
1.	3.42909e-004	0.	0.	
-3.42909e-004	1.	0.	0.	
0.	0.	1.	0.	
-9.61938e-004	0.258204	0.	1.	
Dynamic:	0	

Frame:	116
1.	5.33892e-004	0.	0.	
-5.33892e-004	1.	0.	0.	
0.	0.	1.	0.	
-9.26025e-004	0.26726	0.	1.	
Dynamic:	0	

Frame:	117
1.	4.21444e-004	0.	0.	
-4.21444e-004	1.	0.	0.	
0.	0.	1.	0.	
-1.06128e-003	0.278613	0.	1.	
Dynamic:	0	

Frame:	118
1.	3.89789e-004	0.	0.	
-3.89789e-004	1.	0.	0.	
0.	0.	1.	0.	
-1.09073e-003	0.278551	0.	1.	
Dynamic:	0	

Frame:	119
1.	3.89906e-004	0.	0.	
-3.89906e-004	1.	0.	0.	
0.	0.	1.	0.	
-1.12539e-003	0.284338	0.	1.	
Dynamic:	0	

Frame:	120
1.	3.85797e-004	0.	0.	
-3.85797e-004	1.	0.	0.	
0.	0.	1.	0.	
-1.15001e-003	0.287223	0.	1.	
Dynamic:	0	

Frame:	121
1.	3.85427e-004	0.	0.	
-3.85427e-004	1.	0.	0.	
0.	0.	1.	0.	
-1.18992e-003	0.29301	0.	1.	
Dynamic:	0	

Frame:	122
1.	3.81006e-004	0.	0.	
-3.81006e-004	1.	0.	0.	
0.	0.	1.	0.	
-1.21975e-003	0.295895	0.	1.	
Dynamic:	0	

Frame:	123
1.	4.22072e-004	0.	0.	
-4.22072e-004	1.	0.	0.	
0.	0.	1.	0.	
-1.12331e-003	0.295976	0.	1.	
Dynamic:	0	

Frame:	124
1.	4.17049e-004	0.	0.	
-4.17049e-004	1.	0.	0.	
0.	0.	1.	0.	
-1.15974e-003	0.298859	0.	1.	
Dynamic:	0	

Frame:	125
1.	4.07997e-004	0.	0.	
-4.07997e-004	1.	0.	0.	
0.	0.	1.	0.	
-1.18634e-003	0.298841	0.	1.	
Dynamic:	0	

Frame:	126
1.	3.99142e-004	0.	0.	
-3.99142e-004	1.	0.	0.	
0.	0.	1.	0.	
-1.21501e-003	0.298824	0.	1.	
Dynamic:	0	

Frame:	127
1.	3.9427e-004	0.	0.	
-3.9427e-004	1.	0.	0.	
0.	0.	1.	0.	
-1.25887e-003	0.301708	0.	1.	
Dynamic:	0	

Frame:	128
1.	3.93045e-004	0.	0.	
-3.93045e-004	1.	0.	0.	
0.	0.	1.	0.	
-1.31911e-003	0.307492	0.	1.	
Dynamic:	0	

Frame:	129
1.	4.44066e-004	0.	0.	
-4.44066e-004	1.	0.	0.	
0.	0.	1.	0.	
-1.16632e-003	0.313381	0.	1.	
Dynamic:	0	

Frame:	130
1.	4.33902e-004	0.	0.	
-4.33902e-004	1.	0.	0.	
0.	0.	1.	0.	
-1.21145e-003	0.313361	0.	1.	
Dynamic:	0	

Frame:	131
1.	4.31822e-004	0.	0.	
-4.31822e-004	1.	0.	0.	
0.	0.	1.	0.	
-1.28447e-003	0.319143	0.	1.	
Dynamic:	0	

Frame:	132
1.	4.21755e-004	0.	0.	
-4.21755e-004	1.	0.	0.	
0.	0.	1.	0.	
-1.33546e-003	0.319123	0.	1.	
Dynamic:	0	

Frame:	133
1.	4.15667e-004	0.	0.	
-4.15667e-004	1.	0.	0.	
0.	0.	1.	0.	
-1.40222e-003	0.322004	0.	1.	
Dynamic:	0	

Frame:	134
1.	4.60396e-004	0.	0.	
-4.60396e-004	1.	0.	0.	
0.	0.	1.	0.	
-1.14718e-003	0.322094	0.	1.	
Dynamic:	0	

Frame:	135
1.	4.65702e-004	0.	0.	
-4.65702e-004	1.	0.	0.	
0.	0.	1.	0.	
-1.26189e-003	0.333678	0.	1.	
Dynamic:	0	

Frame:	136
1.	4.54286e-004	0.	0.	
-4.54286e-004	1.	0.	0.	
0.	0.	1.	0.	
-1.33431e-003	0.333655	0.	1.	
Dynamic:	0	

Frame:	137
1.	4.47004e-004	0.	0.	
-4.47004e-004	1.	0.	0.	
0.	0.	1.	0.	
-1.42221e-003	0.336534	0.	1.	
Dynamic:	0	

Frame:	138
1.	4.43468e-004	0.	0.	
-4.43468e-004	1.	0.	0.	
0.	0.	1.	0.	
-1.52811e-003	0.342313	0.	1.	
Dynamic:	0	

Frame:	139
1.	4.99097e-004	0.	0.	
-4.99097e-004	1.	0.	0.	
0.	0.	1.	0.	
-1.2035e-003	0.348213	0.	1.	
Dynamic:	0	

Frame:	140
1.	4.86257e-004	0.	0.	
-4.86257e-004	1.	0.	0.	
0.	0.	1.	0.	
-1.30219e-003	0.348187	0.	1.	
Dynamic:	0	

Frame:	141
1.	4.73748e-004	0.	0.	
-4.73748e-004	1.	0.	0.	
0.	0.	1.	0.	
-1.40269e-003	0.348161	0.	1.	
Dynamic:	0	

Frame:	142
1.	4.61561e-004	0.	0.	
-4.61561e-004	1.	0.	0.	
0.	0.	1.	0.	
-1.50483e-003	0.348136	0.	1.	
Dynamic:	0	

Frame:	143
1.	4.49687e-004	0.	0.	
-4.49687e-004	1.	0.	0.	
0.	0.	1.	0.	
-1.60846e-003	0.348112	0.	1.	
Dynamic:	0	

Frame:	144
1.	4.98078e-004	0.	0.	
-4.98078e-004	1.	0.	0.	
0.	0.	1.	0.	
-1.16931e-003	0.348212	0.	1.	
Dynamic:	0	

Frame:	145
1.	4.85191e-004	0.	0.	
-4.85191e-004	1.	0.	0.	
0.	0.	1.	0.	
-1.29073e-003	0.348185	0.	1.	
Dynamic:	0	

Frame:	146
1.	4.60822e-004	0.	0.	
-4.60822e-004	1.	0.	0.	
0.	0.	1.	0.	
-1.37403e-003	0.339455	0.	1.	
Dynamic:	0	

Frame:	147
1.	4.45358e-004	0.	0.	
-4.45358e-004	1.	0.	0.	
0.	0.	1.	0.	
-1.4776e-003	0.33653	0.	1.	
Dynamic:	0	

Frame:	148
1.	4.32969e-004	0.	0.	
-4.32969e-004	1.	0.	0.	
0.	0.	1.	0.	
-1.553e-003	0.333611	0.	1.	
Dynamic:	0	

Frame:	149
1.	4.777e-004	0.	0.	
-4.777e-004	1.	0.	0.	
0.	0.	1.	0.	
-1.07031e-003	0.333705	0.	1.	
Dynamic:	0	

Frame:	150
1.	4.65787e-004	0.	0.	
-4.65787e-004	1.	0.	0.	
0.	0.	1.	0.	
-1.20282e-003	0.33368	0.	1.	
Dynamic:	0	

Frame:	151
1.	4.54172e-004	0.	0.	
-4.54172e-004	1.	0.	0.	
0.	0.	1.	0.	
-1.33588e-003	0.333655	0.	1.	
Dynamic:	0	

Frame:	152
1.	4.35145e-004	0.	0.	
-4.35145e-004	1.	0.	0.	
0.	0.	1.	0.	
-1.44133e-003	0.327829	0.	1.	
Dynamic:	0	

Frame:	153
1.	4.27217e-004	0.	0.	
-4.27217e-004	1.	0.	0.	
0.	0.	1.	0.	
-1.53742e-003	0.327812	0.	1.	
Dynamic:	0	

Frame:	154
1.	4.17886e-004	0.	0.	
-4.17886e-004	1.	0.	0.	
0.	0.	1.	0.	
-1.65359e-003	0.327792	0.	1.	
Dynamic:	0	

Frame:	155
1.	4.571e-004	0.	0.	
-4.571e-004	1.	0.	0.	
0.	0.	1.	0.	
-1.0894e-003	0.324983	0.	1.	
Dynamic:	0	

Frame:	156
1.	4.41953e-004	0.	0.	
-4.41953e-004	1.	0.	0.	
0.	0.	1.	0.	
-1.22338e-003	0.322058	0.	1.	
Dynamic:	0	

Frame:	157
1.	4.2737e-004	0.	0.	
-4.2737e-004	1.	0.	0.	
0.	0.	1.	0.	
-1.35347e-003	0.319134	0.	1.	
Dynamic:	0	

Frame:	158
1.	4.12135e-004	0.	0.	
-4.12135e-004	1.	0.	0.	
0.	0.	1.	0.	
-1.42909e-003	0.313315	0.	1.	
Dynamic:	0	

Frame:	159
1.	3.88538e-004	0.	0.	
-3.88538e-004	1.	0.	0.	
0.	0.	1.	0.	
-1.48887e-003	0.301693	0.	1.	
Dynamic:	0	

Frame:	160
1.	4.21245e-004	0.	0.	
-4.21245e-004	1.	0.	0.	
0.	0.	1.	0.	
-8.80085e-004	0.295978	0.	1.	
Dynamic:	0	

Frame:	161
1.	4.07783e-004	0.	0.	
-4.07783e-004	1.	0.	0.	
0.	0.	1.	0.	
-1.00726e-003	0.293056	0.	1.	
Dynamic:	0	

Frame:	162
1.	3.90853e-004	0.	0.	
-3.90853e-004	1.	0.	0.	
0.	0.	1.	0.	
-1.11764e-003	0.287234	0.	1.	
Dynamic:	0	

Frame:	163
1.	3.82366e-004	0.	0.	
-3.82366e-004	1.	0.	0.	
0.	0.	1.	0.	
-1.24721e-003	0.287215	0.	1.	
Dynamic:	0	

Frame:	164
1.	3.76991e-004	0.	0.	
-3.76991e-004	1.	0.	0.	
0.	0.	1.	0.	
-1.33081e-003	0.287203	0.	1.	
Dynamic:	0	

Frame:	165
1.	3.69694e-004	0.	0.	
-3.69694e-004	1.	0.	0.	
0.	0.	1.	0.	
-1.4464e-003	0.287187	0.	1.	
Dynamic:	0	

Frame:	166
1.	4.09033e-004	0.	0.	
-4.09033e-004	1.	0.	0.	
0.	0.	1.	0.	
-8.1203e-004	0.287274	0.	1.	
Dynamic:	0	

Frame:	167
1.	4.001e-004	0.	0.	
-4.001e-004	1.	0.	0.	
0.	0.	1.	0.	
-9.58636e-004	0.287255	0.	1.	
Dynamic:	0	

Frame:	168
1.	3.91362e-004	0.	0.	
-3.91362e-004	1.	0.	0.	
0.	0.	1.	0.	
-1.10454e-003	0.287235	0.	1.	
Dynamic:	0	

Frame:	169
1.	3.82815e-004	0.	0.	
-3.82815e-004	1.	0.	0.	
0.	0.	1.	0.	
-1.24971e-003	0.287216	0.	1.	
Dynamic:	0	

Frame:	170
1.	3.77714e-004	0.	0.	
-3.77714e-004	1.	0.	0.	
0.	0.	1.	0.	
-1.33782e-003	0.287205	0.	1.	
Dynamic:	0	

Frame:	171
1.	3.7036e-004	0.	0.	
-3.7036e-004	1.	0.	0.	
0.	0.	1.	0.	
-1.46693e-003	0.287188	0.	1.	
Dynamic:	0	

Frame:	172
1.	4.09724e-004	0.	0.	
-4.09724e-004	1.	0.	0.	
0.	0.	1.	0.	
-7.64531e-004	0.287277	0.	1.	
Dynamic:	0	

Frame:	173
1.	4.00725e-004	0.	0.	
-4.00725e-004	1.	0.	0.	
0.	0.	1.	0.	
-9.27689e-004	0.287256	0.	1.	
Dynamic:	0	

Frame:	174
1.	3.91923e-004	0.	0.	
-3.91923e-004	1.	0.	0.	
0.	0.	1.	0.	
9.20657e-003	0.287535	0.	1.	
Dynamic:	0	

Frame:	175
1.	3.8601e-004	0.	0.	
-3.8601e-004	1.	0.	0.	
0.	0.	1.	0.	
1.06086e-002	0.287566	0.	1.	
Dynamic:	0	

Frame:	176
1.	3.78453e-004	0.	0.	
-3.78453e-004	1.	0.	0.	
0.	0.	1.	0.	
1.25856e-002	0.287612	0.	1.	
Dynamic:	0	

Frame:	177
1.	4.18628e-004	0.	0.	
-4.18628e-004	1.	0.	0.	
0.	0.	1.	0.	
1.60836e-002	0.287785	0.	1.	
Dynamic:	0	

Frame:	178
1.	4.09381e-004	0.	0.	
-4.09381e-004	1.	0.	0.	
0.	0.	1.	0.	
1.89326e-002	0.287857	0.	1.	
Dynamic:	0	

Frame:	179
1.	4.00337e-004	0.	0.	
-4.00337e-004	1.	0.	0.	
0.	0.	1.	0.	
1.9964e-002	0.287874	0.	1.	
Dynamic:	0	

Frame:	180
1.	3.99403e-004	0.	0.	
-3.99403e-004	1.	0.	0.	
0.	0.	1.	0.	
2.15754e-002	0.293714	0.	1.	
Dynamic:	0	

Frame:	181
1.	4.01407e-004	0.	0.	
-4.01407e-004	1.	0.	0.	
0.	0.	1.	0.	
2.44598e-002	0.299599	0.	1.	
Dynamic:	0	

Frame:	182
1.	3.93183e-004	0.	0.	
-3.93183e-004	1.	0.	0.	
0.	0.	1.	0.	
2.58019e-002	0.299629	0.	1.	
Dynamic:	0	

Frame:	183
1.	4.47176e-004	0.	0.	
-4.47176e-004	1.	0.	0.	
0.	0.	1.	0.	
2.96749e-002	0.308522	0.	1.	
Dynamic:	0	

Frame:	184
1.	4.44775e-004	0.	0.	
-4.44775e-004	1.	0.	0.	
0.	0.	1.	0.	
3.18519e-002	0.314381	0.	1.	
Dynamic:	0	

Frame:	185
1.	4.33995e-004	0.	0.	
-4.33995e-004	1.	0.	0.	
0.	0.	1.	0.	
3.43421e-002	0.314449	0.	1.	
Dynamic:	0	

Frame:	186
1.	4.23477e-004	0.	0.	
-4.23477e-004	1.	0.	0.	
0.	0.	1.	0.	
3.593e-002	0.314488	0.	1.	
Dynamic:	0	

Frame:	187
1.	4.25262e-004	0.	0.	
-4.25262e-004	1.	0.	0.	
0.	0.	1.	0.	
3.97027e-002	0.320411	0.	1.	
Dynamic:	0	

Frame:	188
1.	4.69242e-004	0.	0.	
-4.69242e-004	1.	0.	0.	
0.	0.	1.	0.	
4.25137e-002	0.320565	0.	1.	
Dynamic:	0	

Frame:	189
1.	4.57592e-004	0.	0.	
-4.57592e-004	1.	0.	0.	
0.	0.	1.	0.	
4.43625e-002	0.320616	0.	1.	
Dynamic:	0	

Frame:	190
1.	4.50288e-004	0.	0.	
-4.50288e-004	1.	0.	0.	
0.	0.	1.	0.	
4.74193e-002	0.323612	0.	1.	
Dynamic:	0	

Frame:	191
1.	4.39008e-004	0.	0.	
-4.39008e-004	1.	0.	0.	
0.	0.	1.	0.	
4.95755e-002	0.323677	0.	1.	
Dynamic:	0	

Frame:	192
1.	4.32528e-004	0.	0.	
-4.32528e-004	1.	0.	0.	
0.	0.	1.	0.	
5.27518e-002	0.323787	0.	1.	
Dynamic:	0	

Frame:	193
1.	4.771e-004	0.	0.	
-4.771e-004	1.	0.	0.	
0.	0.	1.	0.	
5.77627e-002	0.324016	0.	1.	
Dynamic:	0	

Frame:	194
1.	4.65079e-004	0.	0.	
-4.65079e-004	1.	0.	0.	
0.	0.	1.	0.	
6.29142e-002	0.324198	0.	1.	
Dynamic:	0	

Frame:	195
1.	4.57445e-004	0.	0.	
-4.57445e-004	1.	0.	0.	
0.	0.	1.	0.	
6.71549e-002	0.327248	0.	1.	
Dynamic:	0	

Frame:	196
1.	4.45815e-004	0.	0.	
-4.45815e-004	1.	0.	0.	
0.	0.	1.	0.	
6.98916e-002	0.327345	0.	1.	
Dynamic:	0	

Frame:	197
1.	4.5096e-004	0.	0.	
-4.5096e-004	1.	0.	0.	
0.	0.	1.	0.	
7.39165e-002	0.336192	0.	1.	
Dynamic:	0	

Frame:	198
1.	4.40466e-004	0.	0.	
-4.40466e-004	1.	0.	0.	
0.	0.	1.	0.	
7.66701e-002	0.336294	0.	1.	
Dynamic:	0	

Frame:	199
1.	4.89611e-004	0.	0.	
-4.89611e-004	1.	0.	0.	
0.	0.	1.	0.	
8.23787e-002	0.339442	0.	1.	
Dynamic:	0	

Frame:	200
1.	4.76645e-004	0.	0.	
-4.76645e-004	1.	0.	0.	
0.	0.	1.	0.	
8.50644e-002	0.339544	0.	1.	
Dynamic:	0	

Frame:	201
1.	4.64022e-004	0.	0.	
-4.64022e-004	1.	0.	0.	
0.	0.	1.	0.	
8.89607e-002	0.339699	0.	1.	
Dynamic:	0	

Frame:	202
1.	4.56892e-004	0.	0.	
-4.56892e-004	1.	0.	0.	
0.	0.	1.	0.	
9.14897e-002	0.339802	0.	1.	
Dynamic:	0	

Frame:	203
1.	5.03317e-004	0.	0.	
-5.03317e-004	1.	0.	0.	
0.	0.	1.	0.	
9.67032e-002	0.340024	0.	1.	
Dynamic:	0	

Frame:	204
1.	4.89912e-004	0.	0.	
-4.89912e-004	1.	0.	0.	
0.	0.	1.	0.	
9.99617e-002	0.340161	0.	1.	
Dynamic:	0	

Frame:	205
1.	4.76864e-004	0.	0.	
-4.76864e-004	1.	0.	0.	
0.	0.	1.	0.	
0.102015	0.340251	0.	1.	
Dynamic:	0	

Frame:	206
1.	4.68402e-004	0.	0.	
-4.68402e-004	1.	0.	0.	
0.	0.	1.	0.	
0.107219	0.340477	0.	1.	
Dynamic:	0	

Frame:	207
1.	4.57282e-004	0.	0.	
-4.57282e-004	1.	0.	0.	
0.	0.	1.	0.	
0.108711	0.340546	0.	1.	
Dynamic:	0	

Frame:	208
1.	5.03676e-004	0.	0.	
-5.03676e-004	1.	0.	0.	
0.	0.	1.	0.	
0.112184	0.340677	0.	1.	
Dynamic:	0	

Frame:	209
1.	4.90184e-004	0.	0.	
-4.90184e-004	1.	0.	0.	
0.	0.	1.	0.	
0.112997	0.340721	0.	1.	
Dynamic:	0	

Frame:	210
1.	4.77054e-004	0.	0.	
-4.77054e-004	1.	0.	0.	
0.	0.	1.	0.	
0.114422	0.340795	0.	1.	
Dynamic:	0	

Frame:	211
1.	4.68992e-004	0.	0.	
-4.68992e-004	1.	0.	0.	
0.	0.	1.	0.	
0.115389	0.340846	0.	1.	
Dynamic:	0	

Frame:	212
1.	4.57794e-004	0.	0.	
-4.57794e-004	1.	0.	0.	
0.	0.	1.	0.	
0.11565	0.340869	0.	1.	
Dynamic:	0	

Frame:	213
1.	5.04169e-004	0.	0.	
-5.04169e-004	1.	0.	0.	
0.	0.	1.	0.	
0.11769	0.340911	0.	1.	
Dynamic:	0	

Frame:	214
1.	4.90587e-004	0.	0.	
-4.90587e-004	1.	0.	0.	
0.	0.	1.	0.	
0.117567	0.340923	0.	1.	
Dynamic:	0	

Frame:	215
1.	4.77371e-004	0.	0.	
-4.77371e-004	1.	0.	0.	
0.	0.	1.	0.	
0.11715	0.340922	0.	1.	
Dynamic:	0	

Frame:	216
1.	4.69642e-004	0.	0.	
-4.69642e-004	1.	0.	0.	
0.	0.	1.	0.	
0.116903	0.340922	0.	1.	
Dynamic:	0	

Frame:	217
1.	4.58364e-004	0.	0.	
-4.58364e-004	1.	0.	0.	
0.	0.	1.	0.	
0.116539	0.340923	0.	1.	
Dynamic:	0	

Frame:	218
1.	5.04727e-004	0.	0.	
-5.04727e-004	1.	0.	0.	
0.	0.	1.	0.	
0.11805	0.340913	0.	1.	
Dynamic:	0	

Frame:	219
1.	4.95285e-004	0.	0.	
-4.95285e-004	1.	0.	0.	
0.	0.	1.	0.	
0.117595	0.343806	0.	1.	
Dynamic:	0	

Frame:	220
1.	4.94103e-004	0.	0.	
-4.94103e-004	1.	0.	0.	
0.	0.	1.	0.	
0.116818	0.352461	0.	1.	
Dynamic:	0	

Frame:	221
1.	4.94184e-004	0.	0.	
-4.94184e-004	1.	0.	0.	
0.	0.	1.	0.	
0.116221	0.358226	0.	1.	
Dynamic:	0	

Frame:	222
1.	5.34488e-004	0.	0.	
-5.34488e-004	1.	0.	0.	
0.	0.	1.	0.	
0.117585	0.352406	0.	1.	
Dynamic:	0	

Frame:	223
1.	5.19422e-004	0.	0.	
-5.19422e-004	1.	0.	0.	
0.	0.	1.	0.	
0.117068	0.352417	0.	1.	
Dynamic:	0	

Frame:	224
1.	5.08987e-004	0.	0.	
-5.08987e-004	1.	0.	0.	
0.	0.	1.	0.	
0.115952	0.355284	0.	1.	
Dynamic:	0	

Frame:	225
1.	4.95614e-004	0.	0.	
-4.95614e-004	1.	0.	0.	
0.	0.	1.	0.	
0.113217	0.352279	0.	1.	
Dynamic:	0	

Frame:	226
1.	4.8316e-004	0.	0.	
-4.8316e-004	1.	0.	0.	
0.	0.	1.	0.	
0.111566	0.352228	0.	1.	
Dynamic:	0	

Frame:	227
1.	5.22566e-004	0.	0.	
-5.22566e-004	1.	0.	0.	
0.	0.	1.	0.	
0.109351	0.346196	0.	1.	
Dynamic:	0	

Frame:	228
1.	5.07998e-004	0.	0.	
-5.07998e-004	1.	0.	0.	
0.	0.	1.	0.	
0.106104	0.346066	0.	1.	
Dynamic:	0	

Frame:	229
1.	4.93837e-004	0.	0.	
-4.93837e-004	1.	0.	0.	
0.	0.	1.	0.	
9.98452e-002	0.345772	0.	1.	
Dynamic:	0	

Frame:	230
1.	4.85879e-004	0.	0.	
-4.85879e-004	1.	0.	0.	
0.	0.	1.	0.	
9.65258e-002	0.345616	0.	1.	
Dynamic:	0	

Frame:	231
1.	4.73805e-004	0.	0.	
-4.73805e-004	1.	0.	0.	
0.	0.	1.	0.	
9.06361e-002	0.345332	0.	1.	
Dynamic:	0	

Frame:	232
1.	5.2128e-004	0.	0.	
-5.2128e-004	1.	0.	0.	
0.	0.	1.	0.	
8.69695e-002	0.344956	0.	1.	
Dynamic:	0	

Frame:	233
1.	5.06666e-004	0.	0.	
-5.06666e-004	1.	0.	0.	
0.	0.	1.	0.	
8.09757e-002	0.344672	0.	1.	
Dynamic:	0	

Frame:	234
1.	4.92461e-004	0.	0.	
-4.92461e-004	1.	0.	0.	
0.	0.	1.	0.	
7.61975e-002	0.344454	0.	1.	
Dynamic:	0	

Frame:	235
1.	4.85087e-004	0.	0.	
-4.85087e-004	1.	0.	0.	
0.	0.	1.	0.	
7.16823e-002	0.344224	0.	1.	
Dynamic:	0	

Frame:	236
1.	5.33615e-004	0.	0.	
-5.33615e-004	1.	0.	0.	
0.	0.	1.	0.	
6.93323e-002	0.343893	0.	1.	
Dynamic:	0	

Frame:	237
1.	5.18569e-004	0.	0.	
-5.18569e-004	1.	0.	0.	
0.	0.	1.	0.	
6.14854e-002	0.343496	0.	1.	
Dynamic:	0	

Frame:	238
1.	4.99676e-004	0.	0.	
-4.99676e-004	1.	0.	0.	
0.	0.	1.	0.	
5.09331e-002	0.340054	0.	1.	
Dynamic:	0	

Frame:	239
1.	4.87121e-004	0.	0.	
-4.87121e-004	1.	0.	0.	
0.	0.	1.	0.	
4.21394e-002	0.336686	0.	1.	
Dynamic:	0	

Frame:	240
1.	4.7099e-004	0.	0.	
-4.7099e-004	1.	0.	0.	
0.	0.	1.	0.	
3.6225e-002	0.333502	0.	1.	
Dynamic:	0	

Frame:	241
1.	5.0034e-004	0.	0.	
-5.0034e-004	1.	0.	0.	
0.	0.	1.	0.	
2.84448e-002	0.321308	0.	1.	
Dynamic:	0	

Frame:	242
1.	4.73831e-004	0.	0.	
-4.73831e-004	1.	0.	0.	
0.	0.	1.	0.	
1.82179e-002	0.312105	0.	1.	
Dynamic:	0	

Frame:	243
1.	4.40166e-004	0.	0.	
-4.40166e-004	1.	0.	0.	
0.	0.	1.	0.	
-1.15006e-004	0.296634	0.	1.	
Dynamic:	0	

Frame:	244
1.	4.34441e-004	0.	0.	
-4.34441e-004	1.	0.	0.	
0.	0.	1.	0.	
-3.52832e-004	0.296645	0.	1.	
Dynamic:	0	

Frame:	245
1.	4.24855e-004	0.	0.	
-4.24855e-004	1.	0.	0.	
0.	0.	1.	0.	
-7.53836e-004	0.296663	0.	1.	
Dynamic:	0	

Frame:	246
1.	4.68759e-004	0.	0.	
-4.68759e-004	1.	0.	0.	
0.	0.	1.	0.	
-9.44337e-003	0.29592	0.	1.	
Dynamic:	0	

Frame:	247
1.	4.74841e-004	0.	0.	
-4.74841e-004	1.	0.	0.	
0.	0.	1.	0.	
-1.41362e-002	0.307194	0.	1.	
Dynamic:	0	

Frame:	248
1.	4.7553e-004	0.	0.	
-4.7553e-004	1.	0.	0.	
0.	0.	1.	0.	
-1.70712e-002	0.315702	0.	1.	
Dynamic:	0	

Frame:	249
1.	4.72627e-004	0.	0.	
-4.72627e-004	1.	0.	0.	
0.	0.	1.	0.	
-1.88881e-002	0.318498	0.	1.	
Dynamic:	0	

Frame:	250
1.	4.65481e-004	0.	0.	
-4.65481e-004	1.	0.	0.	
0.	0.	1.	0.	
-2.05902e-002	0.32132	0.	1.	
Dynamic:	0	

Frame:	251
1.	5.12498e-004	0.	0.	
-5.12498e-004	1.	0.	0.	
0.	0.	1.	0.	
-1.91392e-002	0.321202	0.	1.	
Dynamic:	0	

Frame:	252
1.	4.98546e-004	0.	0.	
-4.98546e-004	1.	0.	0.	
0.	0.	1.	0.	
-2.0355e-002	0.321185	0.	1.	
Dynamic:	0	

Frame:	253
1.	4.89304e-004	0.	0.	
-4.89304e-004	1.	0.	0.	
0.	0.	1.	0.	
-2.15589e-002	0.324048	0.	1.	
Dynamic:	0	

Frame:	254
1.	4.90429e-004	0.	0.	
-4.90429e-004	1.	0.	0.	
0.	0.	1.	0.	
-2.21971e-002	0.3298	0.	1.	
Dynamic:	0	

Frame:	255
1.	4.82367e-004	0.	0.	
-4.82367e-004	1.	0.	0.	
0.	0.	1.	0.	
-2.33567e-002	0.332659	0.	1.	
Dynamic:	0	

Frame:	256
1.	5.35116e-004	0.	0.	
-5.35116e-004	1.	0.	0.	
0.	0.	1.	0.	
-2.20674e-002	0.335408	0.	1.	
Dynamic:	0	

Frame:	257
1.	5.24254e-004	0.	0.	
-5.24254e-004	1.	0.	0.	
0.	0.	1.	0.	
-2.36641e-002	0.338248	0.	1.	
Dynamic:	0	

Frame:	258
1.	5.17762e-004	0.	0.	
-5.17762e-004	1.	0.	0.	
0.	0.	1.	0.	
-2.55657e-002	0.343948	0.	1.	
Dynamic:	0	

Frame:	259
1.	5.13983e-004	0.	0.	
-5.13983e-004	1.	0.	0.	
0.	0.	1.	0.	
-2.74467e-002	0.346736	0.	1.	
Dynamic:	0	

Frame:	260
1.	5.69266e-004	0.	0.	
-5.69266e-004	1.	0.	0.	
0.	0.	1.	0.	
-2.74788e-002	0.349384	0.	1.	
Dynamic:	0	

Frame:	261
1.	5.56718e-004	0.	0.	
-5.56718e-004	1.	0.	0.	
0.	0.	1.	0.	
-3.09815e-002	0.352096	0.	1.	
Dynamic:	0	

Frame:	262
1.	5.48663e-004	0.	0.	
-5.48663e-004	1.	0.	0.	
0.	0.	1.	0.	
-3.38814e-002	0.357728	0.	1.	
Dynamic:	0	

Frame:	263
1.	5.4319e-004	0.	0.	
-5.4319e-004	1.	0.	0.	
0.	0.	1.	0.	
-3.76603e-002	0.360384	0.	1.	
Dynamic:	0	

Frame:	264
1.	6.00647e-004	0.	0.	
-6.00647e-004	1.	0.	0.	
0.	0.	1.	0.	
-3.78171e-002	0.363016	0.	1.	
Dynamic:	0	

Frame:	265
1.	5.86369e-004	0.	0.	
-5.86369e-004	1.	0.	0.	
0.	0.	1.	0.	
-4.11258e-002	0.36573	0.	1.	
Dynamic:	0	

Frame:	266
1.	5.67812e-004	0.	0.	
-5.67812e-004	1.	0.	0.	
0.	0.	1.	0.	
-4.59427e-002	0.365461	0.	1.	
Dynamic:	0	

Frame:	267
1.	5.5698e-004	0.	0.	
-5.5698e-004	1.	0.	0.	
0.	0.	1.	0.	
-5.06876e-002	0.36516	0.	1.	
Dynamic:	0	

Frame:	268
1.	6.1067e-004	0.	0.	
-6.1067e-004	1.	0.	0.	
0.	0.	1.	0.	
-5.07376e-002	0.364919	0.	1.	
Dynamic:	0	

Frame:	269
1.	5.91235e-004	0.	0.	
-5.91235e-004	1.	0.	0.	
0.	0.	1.	0.	
-5.44147e-002	0.364729	0.	1.	
Dynamic:	0	

Frame:	270
1.	5.72419e-004	0.	0.	
-5.72419e-004	1.	0.	0.	
0.	0.	1.	0.	
-6.25806e-002	0.364195	0.	1.	
Dynamic:	0	

Frame:	271
1.	5.61375e-004	0.	0.	
-5.61375e-004	1.	0.	0.	
0.	0.	1.	0.	
-6.61479e-002	0.363972	0.	1.	
Dynamic:	0	

Frame:	272
1.	6.15385e-004	0.	0.	
-6.15385e-004	1.	0.	0.	
0.	0.	1.	0.	
-6.61027e-002	0.363744	0.	1.	
Dynamic:	0	

Frame:	273
1.	5.95689e-004	0.	0.	
-5.95689e-004	1.	0.	0.	
0.	0.	1.	0.	
-7.46342e-002	0.363169	0.	1.	
Dynamic:	0	

Frame:	274
1.	5.76623e-004	0.	0.	
-5.76623e-004	1.	0.	0.	
0.	0.	1.	0.	
-7.77254e-002	0.363009	0.	1.	
Dynamic:	0	

Frame:	275
1.	5.65406e-004	0.	0.	
-5.65406e-004	1.	0.	0.	
0.	0.	1.	0.	
-8.10164e-002	0.362797	0.	1.	
Dynamic:	0	

Frame:	276
1.	6.197e-004	0.	0.	
-6.197e-004	1.	0.	0.	
0.	0.	1.	0.	
-8.11782e-002	0.362562	0.	1.	
Dynamic:	0	

Frame:	277
1.	5.99753e-004	0.	0.	
-5.99753e-004	1.	0.	0.	
0.	0.	1.	0.	
-8.34341e-002	0.362463	0.	1.	
Dynamic:	0	

Frame:	278
1.	5.80448e-004	0.	0.	
-5.80448e-004	1.	0.	0.	
0.	0.	1.	0.	
-8.59637e-002	0.362338	0.	1.	
Dynamic:	0	

Frame:	279
1.	5.69089e-004	0.	0.	
-5.69089e-004	1.	0.	0.	
0.	0.	1.	0.	
-8.77744e-002	0.362236	0.	1.	
Dynamic:	0	

Frame:	280
1.	6.23632e-004	0.	0.	
-6.23632e-004	1.	0.	0.	
0.	0.	1.	0.	
-8.57385e-002	0.36219	0.	1.	
Dynamic:	0	

Frame:	281
1.	6.03444e-004	0.	0.	
-6.03444e-004	1.	0.	0.	
0.	0.	1.	0.	
-8.80361e-002	0.362079	0.	1.	
Dynamic:	0	

Frame:	282
1.	5.8391e-004	0.	0.	
-5.8391e-004	1.	0.	0.	
0.	0.	1.	0.	
-8.94032e-002	0.36204	0.	1.	
Dynamic:	0	

Frame:	283
1.	5.65009e-004	0.	0.	
-5.65009e-004	1.	0.	0.	
0.	0.	1.	0.	
-9.04418e-002	0.362023	0.	1.	
Dynamic:	0	

Frame:	284
1.	6.27485e-004	0.	0.	
-6.27485e-004	1.	0.	0.	
0.	0.	1.	0.	
-8.69861e-002	0.362085	0.	1.	
Dynamic:	0	

Frame:	285
1.	6.07058e-004	0.	0.	
-6.07058e-004	1.	0.	0.	
0.	0.	1.	0.	
-8.81234e-002	0.362062	0.	1.	
Dynamic:	0	

Frame:	286
1.	5.87295e-004	0.	0.	
-5.87295e-004	1.	0.	0.	
0.	0.	1.	0.	
-8.92308e-002	0.362038	0.	1.	
Dynamic:	0	

Frame:	287
1.	5.68177e-004	0.	0.	
-5.68177e-004	1.	0.	0.	
0.	0.	1.	0.	
-9.0309e-002	0.362012	0.	1.	
Dynamic:	0	

Frame:	288
1.	6.31035e-004	0.	0.	
-6.31035e-004	1.	0.	0.	
0.	0.	1.	0.	
-8.67413e-002	0.362105	0.	1.	
Dynamic:	0	

Frame:	289
1.	6.10376e-004	0.	0.	
-6.10376e-004	1.	0.	0.	
0.	0.	1.	0.	
-8.79213e-002	0.362072	0.	1.	
Dynamic:	0	

Frame:	290
1.	5.90393e-004	0.	0.	
-5.90393e-004	1.	0.	0.	
0.	0.	1.	0.	
-8.90699e-002	0.362037	0.	1.	
Dynamic:	0	

Frame:	291
1.	5.78806e-004	0.	0.	
-5.78806e-004	1.	0.	0.	
0.	0.	1.	0.	
-8.97401e-002	0.362016	0.	1.	
Dynamic:	0	

Frame:	292
1.	6.33955e-004	0.	0.	
-6.33955e-004	1.	0.	0.	
0.	0.	1.	0.	
-8.65303e-002	0.362124	0.	1.	
Dynamic:	0	

Frame:	293
1.	6.13084e-004	0.	0.	
-6.13084e-004	1.	0.	0.	
0.	0.	1.	0.	
-8.77526e-002	0.362081	0.	1.	
Dynamic:	0	

Frame:	294
1.	5.92899e-004	0.	0.	
-5.92899e-004	1.	0.	0.	
0.	0.	1.	0.	
-8.8942e-002	0.362036	0.	1.	
Dynamic:	0	

Frame:	295
1.	5.81424e-004	0.	0.	
-5.81424e-004	1.	0.	0.	
0.	0.	1.	0.	
-8.96223e-002	0.362009	0.	1.	
Dynamic:	0	

Frame:	296
1.	6.36712e-004	0.	0.	
-6.36712e-004	1.	0.	0.	
0.	0.	1.	0.	
-8.63246e-002	0.362145	0.	1.	
Dynamic:	0	

Frame:	297
1.	6.15631e-004	0.	0.	
-6.15631e-004	1.	0.	0.	
0.	0.	1.	0.	
-8.75896e-002	0.362091	0.	1.	
Dynamic:	0	

Frame:	298
1.	5.95248e-004	0.	0.	
-5.95248e-004	1.	0.	0.	
0.	0.	1.	0.	
-8.882e-002	0.362036	0.	1.	
Dynamic:	0	

Frame:	299
1.	5.83755e-004	0.	0.	
-5.83755e-004	1.	0.	0.	
0.	0.	1.	0.	
-8.95179e-002	0.362003	0.	1.	
Dynamic:	0	

Frame:	300
1.	6.39154e-004	0.	0.	
-6.39154e-004	1.	0.	0.	
0.	0.	1.	0.	
-8.61338e-002	0.362167	0.	1.	
Dynamic:	0	

Frame:	301
1.	6.17873e-004	0.	0.	
-6.17873e-004	1.	0.	0.	
0.	0.	1.	0.	
-8.74414e-002	0.362101	0.	1.	
Dynamic:	0	

Frame:	302
1.	5.97301e-004	0.	0.	
-5.97301e-004	1.	0.	0.	
0.	0.	1.	0.	
-8.8713e-002	0.362035	0.	1.	
Dynamic:	0	

Frame:	303
1.	5.8594e-004	0.	0.	
-5.8594e-004	1.	0.	0.	
0.	0.	1.	0.	
-8.94193e-002	0.361998	0.	1.	
Dynamic:	0	

Frame:	304
1.	6.41434e-004	0.	0.	
-6.41434e-004	1.	0.	0.	
0.	0.	1.	0.	
-8.59493e-002	0.36219	0.	1.	
Dynamic:	0	

Frame:	305
1.	6.19957e-004	0.	0.	
-6.19957e-004	1.	0.	0.	
0.	0.	1.	0.	
-8.73e-002	0.362113	0.	1.	
Dynamic:	0	

Frame:	306
1.	5.99199e-004	0.	0.	
-5.99199e-004	1.	0.	0.	
0.	0.	1.	0.	
-8.86129e-002	0.362035	0.	1.	
Dynamic:	0	

Frame:	307
1.	5.87926e-004	0.	0.	
-5.87926e-004	1.	0.	0.	
0.	0.	1.	0.	
-8.93299e-002	0.361992	0.	1.	
Dynamic:	0	

Frame:	308
1.	6.43496e-004	0.	0.	
-6.43496e-004	1.	0.	0.	
0.	0.	1.	0.	
-8.57753e-002	0.362213	0.	1.	
Dynamic:	0	

Frame:	309
1.	6.21828e-004	0.	0.	
-6.21828e-004	1.	0.	0.	
0.	0.	1.	0.	
-8.65686e-002	0.362183	0.	1.	
Dynamic:	0	

Frame:	310
1.	6.00891e-004	0.	0.	
-6.00891e-004	1.	0.	0.	
0.	0.	1.	0.	
-8.73225e-002	0.362155	0.	1.	
Dynamic:	0	

Frame:	311
1.	6.65367e-004	0.	0.	
-6.65367e-004	1.	0.	0.	
0.	0.	1.	0.	
-8.25282e-002	0.362495	0.	1.	
Dynamic:	0	

Frame:	312
1.	6.42837e-004	0.	0.	
-6.42837e-004	1.	0.	0.	
0.	0.	1.	0.	
-8.19005e-002	0.362607	0.	1.	
Dynamic:	0	

Frame:	313
1.	6.2107e-004	0.	0.	
-6.2107e-004	1.	0.	0.	
0.	0.	1.	0.	
-8.06304e-002	0.362781	0.	1.	
Dynamic:	0	

Frame:	314
1.	6.0004e-004	0.	0.	
-6.0004e-004	1.	0.	0.	
0.	0.	1.	0.	
-8.02201e-002	0.362866	0.	1.	
Dynamic:	0	

Frame:	315
1.	6.64906e-004	0.	0.	
-6.64906e-004	1.	0.	0.	
0.	0.	1.	0.	
-7.35065e-002	0.363427	0.	1.	
Dynamic:	0	

Frame:	316
1.	6.42265e-004	0.	0.	
-6.42265e-004	1.	0.	0.	
0.	0.	1.	0.	
-6.21152e-002	0.36465	0.	1.	
Dynamic:	0	

Frame:	317
1.	6.20396e-004	0.	0.	
-6.20396e-004	1.	0.	0.	
0.	0.	1.	0.	
-5.66828e-002	0.365258	0.	1.	
Dynamic:	0	

Frame:	318
1.	5.99271e-004	0.	0.	
-5.99271e-004	1.	0.	0.	
0.	0.	1.	0.	
-5.48094e-002	0.365494	0.	1.	
Dynamic:	0	

Frame:	319
1.	6.64554e-004	0.	0.	
-6.64554e-004	1.	0.	0.	
0.	0.	1.	0.	
-4.16732e-002	0.366755	0.	1.	
Dynamic:	0	

Frame:	320
1.	6.41798e-004	0.	0.	
-6.41798e-004	1.	0.	0.	
0.	0.	1.	0.	
-3.75267e-002	0.367237	0.	1.	
Dynamic:	0	

Frame:	321
1.	6.19822e-004	0.	0.	
-6.19822e-004	1.	0.	0.	
0.	0.	1.	0.	
-3.51353e-002	0.367534	0.	1.	
Dynamic:	0	

Frame:	322
1.	5.98598e-004	0.	0.	
-5.98598e-004	1.	0.	0.	
0.	0.	1.	0.	
-3.24004e-002	0.367868	0.	1.	
Dynamic:	0	

Frame:	323
1.	6.64317e-004	0.	0.	
-6.64317e-004	1.	0.	0.	
0.	0.	1.	0.	
-1.88413e-002	0.369206	0.	1.	
Dynamic:	0	

Frame:	324
1.	6.41442e-004	0.	0.	
-6.41442e-004	1.	0.	0.	
0.	0.	1.	0.	
-1.56376e-002	0.369598	0.	1.	
Dynamic:	0	

Frame:	325
1.	6.19355e-004	0.	0.	
-6.19355e-004	1.	0.	0.	
0.	0.	1.	0.	
-9.68809e-003	0.370291	0.	1.	
Dynamic:	0	

Frame:	326
1.	6.84836e-004	0.	0.	
-6.84836e-004	1.	0.	0.	
0.	0.	1.	0.	
7.82337e-003	0.372085	0.	1.	
Dynamic:	0	

Frame:	327
1.	6.61123e-004	0.	0.	
-6.61123e-004	1.	0.	0.	
0.	0.	1.	0.	
6.14325e-003	0.371947	0.	1.	
Dynamic:	0	

Frame:	328
1.	6.38231e-004	0.	0.	
-6.38231e-004	1.	0.	0.	
0.	0.	1.	0.	
4.51288e-003	0.371814	0.	1.	
Dynamic:	0	

Frame:	329
1.	6.16132e-004	0.	0.	
-6.16132e-004	1.	0.	0.	
0.	0.	1.	0.	
2.93083e-003	0.371684	0.	1.	
Dynamic:	0	

Frame:	330
1.	6.82105e-004	0.	0.	
-6.82105e-004	1.	0.	0.	
0.	0.	1.	0.	
1.61058e-002	0.373023	0.	1.	
Dynamic:	0	

Frame:	331
1.	6.58355e-004	0.	0.	
-6.58355e-004	1.	0.	0.	
0.	0.	1.	0.	
1.55919e-002	0.373017	0.	1.	
Dynamic:	0	

Frame:	332
1.	6.35431e-004	0.	0.	
-6.35431e-004	1.	0.	0.	
0.	0.	1.	0.	
1.45298e-002	0.372949	0.	1.	
Dynamic:	0	

Frame:	333
1.	6.13306e-004	0.	0.	
-6.13306e-004	1.	0.	0.	
0.	0.	1.	0.	
1.29132e-002	0.372816	0.	1.	
Dynamic:	0	

Frame:	334
1.	6.79641e-004	0.	0.	
-6.79641e-004	1.	0.	0.	
0.	0.	1.	0.	
1.77844e-002	0.373217	0.	1.	
Dynamic:	0	

Frame:	335
1.	6.55844e-004	0.	0.	
-6.55844e-004	1.	0.	0.	
0.	0.	1.	0.	
1.60282e-002	0.373072	0.	1.	
Dynamic:	0	

Frame:	336
1.	6.32881e-004	0.	0.	
-6.32881e-004	1.	0.	0.	
0.	0.	1.	0.	
1.4325e-002	0.372932	0.	1.	
Dynamic:	0	

Frame:	337
1.	6.99133e-004	0.	0.	
-6.99133e-004	1.	0.	0.	
0.	0.	1.	0.	
1.92634e-002	0.37334	0.	1.	
Dynamic:	0	

Frame:	338
1.	6.74518e-004	0.	0.	
-6.74518e-004	1.	0.	0.	
0.	0.	1.	0.	
1.74195e-002	0.373187	0.	1.	
Dynamic:	0	

Frame:	339
1.	6.50769e-004	0.	0.	
-6.50769e-004	1.	0.	0.	
0.	0.	1.	0.	
1.59314e-002	0.373075	0.	1.	
Dynamic:	0	

Frame:	340
1.	6.27857e-004	0.	0.	
-6.27857e-004	1.	0.	0.	
0.	0.	1.	0.	
1.44977e-002	0.372968	0.	1.	
Dynamic:	0	

Frame:	341
1.	6.94463e-004	0.	0.	
-6.94463e-004	1.	0.	0.	
0.	0.	1.	0.	
2.01646e-002	0.373459	0.	1.	
Dynamic:	0	

Frame:	342
1.	6.69876e-004	0.	0.	
-6.69876e-004	1.	0.	0.	
0.	0.	1.	0.	
1.85861e-002	0.373339	0.	1.	
Dynamic:	0	

Frame:	343
1.	6.4616e-004	0.	0.	
-6.4616e-004	1.	0.	0.	
0.	0.	1.	0.	
1.79686e-002	0.373334	0.	1.	
Dynamic:	0	

Frame:	344
1.	7.14316e-004	0.	0.	
-7.14316e-004	1.	0.	0.	
0.	0.	1.	0.	
2.38287e-002	0.373843	0.	1.	
Dynamic:	0	

Frame:	345
1.	6.87185e-004	0.	0.	
-6.87185e-004	1.	0.	0.	
0.	0.	1.	0.	
2.20257e-002	0.373706	0.	1.	
Dynamic:	0	

Frame:	346
1.	6.62721e-004	0.	0.	
-6.62721e-004	1.	0.	0.	
0.	0.	1.	0.	
2.07197e-002	0.373622	0.	1.	
Dynamic:	0	

Frame:	347
1.	6.39128e-004	0.	0.	
-6.39128e-004	1.	0.	0.	
0.	0.	1.	0.	
1.94776e-002	0.373544	0.	1.	
Dynamic:	0	

Frame:	348
1.	7.06118e-004	0.	0.	
-7.06118e-004	1.	0.	0.	
0.	0.	1.	0.	
2.53419e-002	0.374054	0.	1.	
Dynamic:	0	

Frame:	349
1.	6.80841e-004	0.	0.	
-6.80841e-004	1.	0.	0.	
0.	0.	1.	0.	
2.42485e-002	0.374002	0.	1.	
Dynamic:	0	

Frame:	350
1.	6.56469e-004	0.	0.	
-6.56469e-004	1.	0.	0.	
0.	0.	1.	0.	
2.23148e-002	0.373842	0.	1.	
Dynamic:	0	

Frame:	351
1.	6.32969e-004	0.	0.	
-6.32969e-004	1.	0.	0.	
0.	0.	1.	0.	
2.1045e-002	0.373764	0.	1.	
Dynamic:	0	

Frame:	352
1.	7.00497e-004	0.	0.	
-7.00497e-004	1.	0.	0.	
0.	0.	1.	0.	
2.67518e-002	0.374249	0.	1.	
Dynamic:	0	

Frame:	353
1.	6.75282e-004	0.	0.	
-6.75282e-004	1.	0.	0.	
0.	0.	1.	0.	
2.50226e-002	0.37412	0.	1.	
Dynamic:	0	

Frame:	354
1.	6.50975e-004	0.	0.	
-6.50975e-004	1.	0.	0.	
0.	0.	1.	0.	
2.30582e-002	0.373957	0.	1.	
Dynamic:	0	

Frame:	355
1.	7.18171e-004	0.	0.	
-7.18171e-004	1.	0.	0.	
0.	0.	1.	0.	
2.85136e-002	0.374409	0.	1.	
Dynamic:	0	

Frame:	356
1.	6.92177e-004	0.	0.	
-6.92177e-004	1.	0.	0.	
0.	0.	1.	0.	
2.63937e-002	0.374233	0.	1.	
Dynamic:	0	

Frame:	357
1.	6.67125e-004	0.	0.	
-6.67125e-004	1.	0.	0.	
0.	0.	1.	0.	
2.43412e-002	0.374063	0.	1.	
Dynamic:	0	

Frame:	358
1.	6.42978e-004	0.	0.	
-6.42978e-004	1.	0.	0.	
0.	0.	1.	0.	
2.23541e-002	0.373899	0.	1.	
Dynamic:	0	

Frame:	359
1.	7.10768e-004	0.	0.	
-7.10768e-004	1.	0.	0.	
0.	0.	1.	0.	
2.79579e-002	0.374363	0.	1.	
Dynamic:	0	

Frame:	360
1.	6.849e-004	0.	0.	
-6.849e-004	1.	0.	0.	
0.	0.	1.	0.	
2.581e-002	0.374185	0.	1.	
Dynamic:	0	

Frame:	361
1.	6.59974e-004	0.	0.	
-6.59974e-004	1.	0.	0.	
0.	0.	1.	0.	
2.3731e-002	0.374013	0.	1.	
Dynamic:	0	

Frame:	362
1.	7.28823e-004	0.	0.	
-7.28823e-004	1.	0.	0.	
0.	0.	1.	0.	
2.94987e-002	0.37449	0.	1.	
Dynamic:	0	

Frame:	363
1.	7.00908e-004	0.	0.	
-7.00908e-004	1.	0.	0.	
0.	0.	1.	0.	
2.715e-002	0.374296	0.	1.	
Dynamic:	0	

Frame:	364
1.	6.75259e-004	0.	0.	
-6.75259e-004	1.	0.	0.	
0.	0.	1.	0.	
2.49823e-002	0.374116	0.	1.	
Dynamic:	0	

Frame:	365
1.	6.50549e-004	0.	0.	
-6.50549e-004	1.	0.	0.	
0.	0.	1.	0.	
2.28848e-002	0.373943	0.	1.	
Dynamic:	0	

Frame:	366
1.	7.18551e-004	0.	0.	
-7.18551e-004	1.	0.	0.	
0.	0.	1.	0.	
2.86821e-002	0.374423	0.	1.	
Dynamic:	0	

Frame:	367
1.	6.92112e-004	0.	0.	
-6.92112e-004	1.	0.	0.	
0.	0.	1.	0.	
2.64184e-002	0.374235	0.	1.	
Dynamic:	0	

Frame:	368
1.	6.66646e-004	0.	0.	
-6.66646e-004	1.	0.	0.	
0.	0.	1.	0.	
2.42285e-002	0.374054	0.	1.	
Dynamic:	0	

Frame:	369
1.	7.34584e-004	0.	0.	
-7.34584e-004	1.	0.	0.	
0.	0.	1.	0.	
3.00956e-002	0.37454	0.	1.	
Dynamic:	0	

Frame:	370
1.	7.07407e-004	0.	0.	
-7.07407e-004	1.	0.	0.	
0.	0.	1.	0.	
2.77386e-002	0.374345	0.	1.	
Dynamic:	0	

Frame:	371
1.	6.81235e-004	0.	0.	
-6.81235e-004	1.	0.	0.	
0.	0.	1.	0.	
2.54591e-002	0.374155	0.	1.	
Dynamic:	0	

Frame:	372
1.	6.56032e-004	0.	0.	
-6.56032e-004	1.	0.	0.	
0.	0.	1.	0.	
2.32546e-002	0.373972	0.	1.	
Dynamic:	0	

Frame:	373
1.	7.24482e-004	0.	0.	
-7.24482e-004	1.	0.	0.	
0.	0.	1.	0.	
2.9267e-002	0.374472	0.	1.	
Dynamic:	0	

Frame:	374
1.	6.97532e-004	0.	0.	
-6.97532e-004	1.	0.	0.	
0.	0.	1.	0.	
2.68898e-002	0.374274	0.	1.	
Dynamic:	0	

Frame:	375
1.	6.71584e-004	0.	0.	
-6.71584e-004	1.	0.	0.	
0.	0.	1.	0.	
2.45915e-002	0.374083	0.	1.	
Dynamic:	0	

Frame:	376
1.	7.39729e-004	0.	0.	
-7.39729e-004	1.	0.	0.	
0.	0.	1.	0.	
3.06527e-002	0.374588	0.	1.	
Dynamic:	0	

Frame:	377
1.	7.12062e-004	0.	0.	
-7.12062e-004	1.	0.	0.	
0.	0.	1.	0.	
2.81816e-002	0.374382	0.	1.	
Dynamic:	0	

Frame:	378
1.	6.85429e-004	0.	0.	
-6.85429e-004	1.	0.	0.	
0.	0.	1.	0.	
2.57931e-002	0.374183	0.	1.	
Dynamic:	0	

Frame:	379
1.	6.59793e-004	0.	0.	
-6.59793e-004	1.	0.	0.	
0.	0.	1.	0.	
2.34845e-002	0.37399	0.	1.	
Dynamic:	0	

Frame:	380
1.	7.28585e-004	0.	0.	
-7.28585e-004	1.	0.	0.	
0.	0.	1.	0.	
2.97047e-002	0.374509	0.	1.	
Dynamic:	0	

Frame:	381
1.	7.01185e-004	0.	0.	
-7.01185e-004	1.	0.	0.	
0.	0.	1.	0.	
2.72171e-002	0.374302	0.	1.	
Dynamic:	0	

Frame:	382
1.	6.74817e-004	0.	0.	
-6.74817e-004	1.	0.	0.	
0.	0.	1.	0.	
2.48134e-002	0.374101	0.	1.	
Dynamic:	0	

Frame:	383
1.	7.4334e-004	0.	0.	
-7.4334e-004	1.	0.	0.	
0.	0.	1.	0.	
3.10852e-002	0.374625	0.	1.	
Dynamic:	0	

Frame:	384
1.	7.15234e-004	0.	0.	
-7.15234e-004	1.	0.	0.	
0.	0.	1.	0.	
2.85023e-002	0.374409	0.	1.	
Dynamic:	0	

Frame:	385
1.	6.88191e-004	0.	0.	
-6.88191e-004	1.	0.	0.	
0.	0.	1.	0.	
2.60072e-002	0.3742	0.	1.	
Dynamic:	0	

Frame:	386
1.	7.58836e-004	0.	0.	
-7.58836e-004	1.	0.	0.	
0.	0.	1.	0.	
3.25513e-002	0.374749	0.	1.	
Dynamic:	0	

Frame:	387
1.	7.27589e-004	0.	0.	
-7.27589e-004	1.	0.	0.	
0.	0.	1.	0.	
2.96453e-002	0.374505	0.	1.	
Dynamic:	0	

Frame:	388
1.	6.99929e-004	0.	0.	
-6.99929e-004	1.	0.	0.	
0.	0.	1.	0.	
2.70627e-002	0.374288	0.	1.	
Dynamic:	0	

Frame:	389
1.	6.73321e-004	0.	0.	
-6.73321e-004	1.	0.	0.	
0.	0.	1.	0.	
2.45684e-002	0.374078	0.	1.	
Dynamic:	0	

Frame:	390
1.	7.42254e-004	0.	0.	
-7.42254e-004	1.	0.	0.	
0.	0.	1.	0.	
3.10556e-002	0.374624	0.	1.	
Dynamic:	0	

Frame:	391
1.	7.13884e-004	0.	0.	
-7.13884e-004	1.	0.	0.	
0.	0.	1.	0.	
2.83753e-002	0.374398	0.	1.	
Dynamic:	0	

Frame:	392
1.	6.86598e-004	0.	0.	
-6.86598e-004	1.	0.	0.	
0.	0.	1.	0.	
2.57873e-002	0.37418	0.	1.	
Dynamic:	0	

Frame:	393
1.	7.55225e-004	0.	0.	
-7.55225e-004	1.	0.	0.	
0.	0.	1.	0.	
3.23216e-002	0.374732	0.	1.	
Dynamic:	0	

Frame:	394
1.	7.26203e-004	0.	0.	
-7.26203e-004	1.	0.	0.	
0.	0.	1.	0.	
2.95476e-002	0.374497	0.	1.	
Dynamic:	0	

Frame:	395
1.	6.98296e-004	0.	0.	
-6.98296e-004	1.	0.	0.	
0.	0.	1.	0.	
2.68698e-002	0.374271	0.	1.	
Dynamic:	0	

Frame:	396
1.	7.69471e-004	0.	0.	
-7.69471e-004	1.	0.	0.	
0.	0.	1.	0.	
3.37255e-002	0.374852	0.	1.	
Dynamic:	0	

Frame:	397
1.	7.37032e-004	0.	0.	
-7.37032e-004	1.	0.	0.	
0.	0.	1.	0.	
3.0589e-002	0.374586	0.	1.	
Dynamic:	0	

Frame:	398
1.	7.08557e-004	0.	0.	
-7.08557e-004	1.	0.	0.	
0.	0.	1.	0.	
2.78252e-002	0.374351	0.	1.	
Dynamic:	0	

Frame:	399
1.	6.81182e-004	0.	0.	
-6.81182e-004	1.	0.	0.	
0.	0.	1.	0.	
2.51582e-002	0.374124	0.	1.	
Dynamic:	0	

Frame:	400
1.	7.50289e-004	0.	0.	
-7.50289e-004	1.	0.	0.	
0.	0.	1.	0.	
3.19165e-002	0.3747	0.	1.	
Dynamic:	0	

Frame:	401
1.	7.21145e-004	0.	0.	
-7.21145e-004	1.	0.	0.	
0.	0.	1.	0.	
2.90557e-002	0.374456	0.	1.	
Dynamic:	0	

Frame:	402
1.	6.93134e-004	0.	0.	
-6.93134e-004	1.	0.	0.	
0.	0.	1.	0.	
2.62957e-002	0.37422	0.	1.	
Dynamic:	0	

Frame:	403
1.	7.61938e-004	0.	0.	
-7.61938e-004	1.	0.	0.	
0.	0.	1.	0.	
3.31004e-002	0.374802	0.	1.	
Dynamic:	0	

Frame:	404
1.	7.32183e-004	0.	0.	
-7.32183e-004	1.	0.	0.	
0.	0.	1.	0.	
3.01467e-002	0.374549	0.	1.	
Dynamic:	0	

Frame:	405
1.	7.0359e-004	0.	0.	
-7.0359e-004	1.	0.	0.	
0.	0.	1.	0.	
2.72978e-002	0.374305	0.	1.	
Dynamic:	0	

Frame:	406
1.	7.72184e-004	0.	0.	
-7.72184e-004	1.	0.	0.	
0.	0.	1.	0.	
3.41575e-002	0.374894	0.	1.	
Dynamic:	0	

Frame:	407
1.	7.41868e-004	0.	0.	
-7.41868e-004	1.	0.	0.	
0.	0.	1.	0.	
3.11145e-002	0.374632	0.	1.	
Dynamic:	0	

Frame:	408
1.	7.12742e-004	0.	0.	
-7.12742e-004	1.	0.	0.	
0.	0.	1.	0.	
2.81803e-002	0.374379	0.	1.	
Dynamic:	0	

Frame:	409
1.	6.92428e-004	0.	0.	
-6.92428e-004	1.	0.	0.	
0.	0.	1.	0.	
2.61264e-002	0.374202	0.	1.	
Dynamic:	0	

Frame:	410
1.	7.5375e-004	0.	0.	
-7.5375e-004	1.	0.	0.	
0.	0.	1.	0.	
3.23493e-002	0.374739	0.	1.	
Dynamic:	0	

Frame:	411
1.	7.24e-004	0.	0.	
-7.24e-004	1.	0.	0.	
0.	0.	1.	0.	
2.93193e-002	0.374478	0.	1.	
Dynamic:	0	

Frame:	412
1.	6.95423e-004	0.	0.	
-6.95423e-004	1.	0.	0.	
0.	0.	1.	0.	
2.63984e-002	0.374225	0.	1.	
Dynamic:	0	

Frame:	413
1.	7.64335e-004	0.	0.	
-7.64335e-004	1.	0.	0.	
0.	0.	1.	0.	
3.34675e-002	0.374838	0.	1.	
Dynamic:	0	

Frame:	414
1.	7.34005e-004	0.	0.	
-7.34005e-004	1.	0.	0.	
0.	0.	1.	0.	
3.03451e-002	0.374566	0.	1.	
Dynamic:	0	

Frame:	415
1.	7.0488e-004	0.	0.	
-7.0488e-004	1.	0.	0.	
0.	0.	1.	0.	
2.73359e-002	0.374305	0.	1.	
Dynamic:	0	

Frame:	416
1.	7.7368e-004	0.	0.	
-7.7368e-004	1.	0.	0.	
0.	0.	1.	0.	
3.44695e-002	0.374926	0.	1.	
Dynamic:	0	

Frame:	417
1.	7.42817e-004	0.	0.	
-7.42817e-004	1.	0.	0.	
0.	0.	1.	0.	
3.12581e-002	0.374646	0.	1.	
Dynamic:	0	

Frame:	418
1.	7.13185e-004	0.	0.	
-7.13185e-004	1.	0.	0.	
0.	0.	1.	0.	
2.81639e-002	0.374376	0.	1.	
Dynamic:	0	

Frame:	419
1.	7.81561e-004	0.	0.	
-7.81561e-004	1.	0.	0.	
0.	0.	1.	0.	
3.5329e-002	0.375003	0.	1.	
Dynamic:	0	

Frame:	420
1.	7.50218e-004	0.	0.	
-7.50218e-004	1.	0.	0.	
0.	0.	1.	0.	
3.2033e-002	0.374714	0.	1.	
Dynamic:	0	

Frame:	421
1.	7.20133e-004	0.	0.	
-7.20133e-004	1.	0.	0.	
0.	0.	1.	0.	
2.88582e-002	0.374435	0.	1.	
Dynamic:	0	

Frame:	422
1.	7.8845e-004	0.	0.	
-7.8845e-004	1.	0.	0.	
0.	0.	1.	0.	
3.60926e-002	0.375071	0.	1.	
Dynamic:	0	

Frame:	423
1.	7.56664e-004	0.	0.	
-7.56664e-004	1.	0.	0.	
0.	0.	1.	0.	
3.2715e-002	0.374774	0.	1.	
Dynamic:	0	

Frame:	424
1.	7.2616e-004	0.	0.	
-7.2616e-004	1.	0.	0.	
0.	0.	1.	0.	
2.94623e-002	0.374487	0.	1.	
Dynamic:	0	

Frame:	425
1.	7.04005e-004	0.	0.	
-7.04005e-004	1.	0.	0.	
0.	0.	1.	0.	
2.6795e-002	0.374224	0.	1.	
Dynamic:	0	

Frame:	426
1.	7.6558e-004	0.	0.	
-7.6558e-004	1.	0.	0.	
0.	0.	1.	0.	
3.3109e-002	0.374755	0.	1.	
Dynamic:	0	

Frame:	427
1.	7.34554e-004	0.	0.	
-7.34554e-004	1.	0.	0.	
0.	0.	1.	0.	
2.91682e-002	0.37435	0.	1.	
Dynamic:	0	

Frame:	428
1.	7.11119e-004	0.	0.	
-7.11119e-004	1.	0.	0.	
0.	0.	1.	0.	
2.51463e-002	0.373852	0.	1.	
Dynamic:	0	

Frame:	429
1.	7.7316e-004	0.	0.	
-7.7316e-004	1.	0.	0.	
0.	0.	1.	0.	
3.0684e-002	0.374233	0.	1.	
Dynamic:	0	

Frame:	430
1.	7.41662e-004	0.	0.	
-7.41662e-004	1.	0.	0.	
0.	0.	1.	0.	
2.60645e-002	0.373707	0.	1.	
Dynamic:	0	

Frame:	431
1.	7.11446e-004	0.	0.	
-7.11446e-004	1.	0.	0.	
0.	0.	1.	0.	
2.15737e-002	0.373191	0.	1.	
Dynamic:	0	

Frame:	432
1.	7.79857e-004	0.	0.	
-7.79857e-004	1.	0.	0.	
0.	0.	1.	0.	
1.77508e-002	0.371759	0.	1.	
Dynamic:	0	

Frame:	433
1.	7.47919e-004	0.	0.	
-7.47919e-004	1.	0.	0.	
0.	0.	1.	0.	
1.42399e-002	0.371443	0.	1.	
Dynamic:	0	

Frame:	434
1.	7.17289e-004	0.	0.	
-7.17289e-004	1.	0.	0.	
0.	0.	1.	0.	
1.08616e-002	0.371138	0.	1.	
Dynamic:	0	

Frame:	435
1.	7.85577e-004	0.	0.	
-7.85577e-004	1.	0.	0.	
0.	0.	1.	0.	
1.84181e-002	0.371823	0.	1.	
Dynamic:	0	

Frame:	436
1.	7.53236e-004	0.	0.	
-7.53236e-004	1.	0.	0.	
0.	0.	1.	0.	
1.48277e-002	0.371496	0.	1.	
Dynamic:	0	

Frame:	437
1.	7.22227e-004	0.	0.	
-7.22227e-004	1.	0.	0.	
0.	0.	1.	0.	
1.13737e-002	0.371181	0.	1.	
Dynamic:	0	

Frame:	438
1.	7.8976e-004	0.	0.	
-7.8976e-004	1.	0.	0.	
0.	0.	1.	0.	
1.89205e-002	0.371872	0.	1.	
Dynamic:	0	

Frame:	439
1.	7.57078e-004	0.	0.	
-7.57078e-004	1.	0.	0.	
0.	0.	1.	0.	
1.52564e-002	0.371536	0.	1.	
Dynamic:	0	

Frame:	440
1.	7.25749e-004	0.	0.	
-7.25749e-004	1.	0.	0.	
0.	0.	1.	0.	
1.17326e-002	0.371211	0.	1.	
Dynamic:	0	

Frame:	441
1.	7.93609e-004	0.	0.	
-7.93609e-004	1.	0.	0.	
0.	0.	1.	0.	
1.939e-002	0.371919	0.	1.	
Dynamic:	0	

Frame:	442
1.	7.60597e-004	0.	0.	
-7.60597e-004	1.	0.	0.	
0.	0.	1.	0.	
1.56529e-002	0.371572	0.	1.	
Dynamic:	0	

Frame:	443
1.	7.28959e-004	0.	0.	
-7.28959e-004	1.	0.	0.	
0.	0.	1.	0.	
1.20598e-002	0.371237	0.	1.	
Dynamic:	0	

Frame:	444
1.	7.96279e-004	0.	0.	
-7.96279e-004	1.	0.	0.	
0.	0.	1.	0.	
1.97296e-002	0.371955	0.	1.	
Dynamic:	0	

Frame:	445
1.	7.62984e-004	0.	0.	
-7.62984e-004	1.	0.	0.	
0.	0.	1.	0.	
1.59242e-002	0.371597	0.	1.	
Dynamic:	0	

Frame:	446
1.	7.31082e-004	0.	0.	
-7.31082e-004	1.	0.	0.	
0.	0.	1.	0.	
1.22664e-002	0.371253	0.	1.	
Dynamic:	0	

Frame:	447
1.	7.98067e-004	0.	0.	
-7.98067e-004	1.	0.	0.	
0.	0.	1.	0.	
1.99711e-002	0.371981	0.	1.	
Dynamic:	0	

Frame:	448
1.	7.64526e-004	0.	0.	
-7.64526e-004	1.	0.	0.	
0.	0.	1.	0.	
1.61009e-002	0.371614	0.	1.	
Dynamic:	0	

Frame:	449
1.	7.36007e-004	0.	0.	
-7.36007e-004	1.	0.	0.	
0.	0.	1.	0.	
1.28e-002	0.3713	0.	1.	
Dynamic:	0	

Frame:	450
1.	7.99066e-004	0.	0.	
-7.99066e-004	1.	0.	0.	
0.	0.	1.	0.	
2.01218e-002	0.371999	0.	1.	
Dynamic:	0	

Frame:	451
1.	7.6531e-004	0.	0.	
-7.6531e-004	1.	0.	0.	
0.	0.	1.	0.	
1.619e-002	0.371622	0.	1.	
Dynamic:	0	

Frame:	452
1.	7.36487e-004	0.	0.	
-7.36487e-004	1.	0.	0.	
0.	0.	1.	0.	
1.28226e-002	0.371299	0.	1.	
Dynamic:	0	

Frame:	453
1.	7.99423e-004	0.	0.	
-7.99423e-004	1.	0.	0.	
0.	0.	1.	0.	
2.01986e-002	0.37201	0.	1.	
Dynamic:	0	

Frame:	454
1.	7.65478e-004	0.	0.	
-7.65478e-004	1.	0.	0.	
0.	0.	1.	0.	
1.62079e-002	0.371624	0.	1.	
Dynamic:	0	

Frame:	455
1.	7.36441e-004	0.	0.	
-7.36441e-004	1.	0.	0.	
0.	0.	1.	0.	
1.27837e-002	0.371291	0.	1.	
Dynamic:	0	

Frame:	456
1.	7.99206e-004	0.	0.	
-7.99206e-004	1.	0.	0.	
0.	0.	1.	0.	
2.02081e-002	0.372015	0.	1.	
Dynamic:	0	

Frame:	457
1.	7.65097e-004	0.	0.	
-7.65097e-004	1.	0.	0.	
0.	0.	1.	0.	
1.6161e-002	0.371619	0.	1.	
Dynamic:	0	

Frame:	458
1.	7.36054e-004	0.	0.	
-7.36054e-004	1.	0.	0.	
0.	0.	1.	0.	
1.27045e-002	0.37128	0.	1.	
Dynamic:	0	

Frame:	459
1.	7.98616e-004	0.	0.	
-7.98616e-004	1.	0.	0.	
0.	0.	1.	0.	
2.01729e-002	0.372015	0.	1.	
Dynamic:	0	

Frame:	460
1.	7.64358e-004	0.	0.	
-7.64358e-004	1.	0.	0.	
0.	0.	1.	0.	
1.60709e-002	0.37161	0.	1.	
Dynamic:	0	

Frame:	461
1.	7.3467e-004	0.	0.	
-7.3467e-004	1.	0.	0.	
0.	0.	1.	0.	
1.25053e-002	0.371257	0.	1.	
Dynamic:	0	

Frame:	462
1.	7.96951e-004	0.	0.	
-7.96951e-004	1.	0.	0.	
0.	0.	1.	0.	
2.00079e-002	0.372003	0.	1.	
Dynamic:	0	

Frame:	463
1.	7.62591e-004	0.	0.	
-7.62591e-004	1.	0.	0.	
0.	0.	1.	0.	
1.58563e-002	0.371588	0.	1.	
Dynamic:	0	

Frame:	464
1.	7.3345e-004	0.	0.	
-7.3345e-004	1.	0.	0.	
0.	0.	1.	0.	
1.23248e-002	0.371235	0.	1.	
Dynamic:	0	

Frame:	465
1.	7.95458e-004	0.	0.	
-7.95458e-004	1.	0.	0.	
0.	0.	1.	0.	
1.98619e-002	0.371992	0.	1.	
Dynamic:	0	

Frame:	466
1.	7.60988e-004	0.	0.	
-7.60988e-004	1.	0.	0.	
0.	0.	1.	0.	
1.56596e-002	0.371568	0.	1.	
Dynamic:	0	

Frame:	467
1.	7.31263e-004	0.	0.	
-7.31263e-004	1.	0.	0.	
0.	0.	1.	0.	
1.2025e-002	0.371201	0.	1.	
Dynamic:	0	

Frame:	468
1.	7.92919e-004	0.	0.	
-7.92919e-004	1.	0.	0.	
0.	0.	1.	0.	
1.95863e-002	0.371968	0.	1.	
Dynamic:	0	

Frame:	469
1.	7.58531e-004	0.	0.	
-7.58531e-004	1.	0.	0.	
0.	0.	1.	0.	
1.53566e-002	0.371538	0.	1.	
Dynamic:	0	

Frame:	470
1.	7.29094e-004	0.	0.	
-7.29094e-004	1.	0.	0.	
0.	0.	1.	0.	
1.17251e-002	0.371167	0.	1.	
Dynamic:	0	

Frame:	471
1.	7.90401e-004	0.	0.	
-7.90401e-004	1.	0.	0.	
0.	0.	1.	0.	
1.93103e-002	0.371944	0.	1.	
Dynamic:	0	

Frame:	472
1.	7.38062e-004	0.	0.	
-7.38062e-004	1.	0.	0.	
0.	0.	1.	0.	
1.46658e-002	0.362806	0.	1.	
Dynamic:	0	

Frame:	473
1.	6.30435e-004	0.	0.	
-6.30435e-004	1.	0.	0.	
0.	0.	1.	0.	
9.94185e-003	0.321854	0.	1.	
Dynamic:	0	

Frame:	474
1.	5.50826e-004	0.	0.	
-5.50826e-004	1.	0.	0.	
0.	0.	1.	0.	
1.36649e-002	0.258651	0.	1.	
Dynamic:	0	

Frame:	475
1.	4.07983e-004	0.	0.	
-4.07983e-004	1.	0.	0.	
0.	0.	1.	0.	
8.85453e-003	0.197456	0.	1.	
Dynamic:	0	

Frame:	476
1.	3.05749e-004	0.	0.	
-3.05749e-004	1.	0.	0.	
0.	0.	1.	0.	
5.3795e-003	0.153742	0.	1.	
Dynamic:	0	

Frame:	477
1.	0.	0.	0.	
0.	1.	0.	0.	
0.	0.	1.	0.	
-1.80883e-002	8.19419e-002	0.	1.	
Dynamic:	0	

Frame:	478
1.	0.	0.	0.	
0.	1.	0.	0.	
0.	0.	1.	0.	
0.	0.	0.	1.	
Dynamic:	0	

Frame:	479
1.	0.	0.	0.	
0.	1.	0.	0.	
0.	0.	1.	0.	
0.	0.	0.	1.	
Dynamic:	0	

Frame:	480
1.	0.	0.	0.	
0.	1.	0.	0.	
0.	0.	1.	0.	
0.	0.	0.	1.	
Dynamic:	0	

Frame:	481
1.	0.	0.	0.	
0.	1.	0.	0.	
0.	0.	1.	0.	
0.	0.	0.	1.	
Dynamic:	0	

