Endless Nurbs
ctrlpoints
1 0 0
1.080785 0.29509 0
0.98388 0.482683 0
1.03147 0.59557 0
0.807107 0.807107 0
0.55557 0.83147 0
0.382683 0.92388 0
0.19509 0.980785 0
-4.37114e-008 1 0
-0.19509 0.980785 0
-0.382683 0.92388 0
-0.55557 0.83147 0
-0.707107 0.707107 0
-0.83147 0.55557 0
-0.92388 0.382683 0
-0.980785 0.19509 0
-1 -8.74228e-008 0
-0.980785 -0.19509 0
-0.923879 -0.382684 0
-0.83147 -0.55557 0
-0.707107 -0.707107 0
-0.55557 -0.83147 0
-0.382683 -0.92388 0
-0.19509 -0.980785 0
1.31134e-007 -1 0
0.19509 -0.980785 0
0.382684 -0.923879 0
0.55557 -0.83147 0
0.707107 -0.707107 0
0.83147 -0.55557 0
0.92388 -0.382683 0
0.980785 -0.19509 0
1 1.74846e-007 0
knots
0.0 4
1.0
2.0
3.0
4.0
5.0
6.0
7.0
8.0
9.0
10.0
11.0
12.0
13.0
14.0
15.0
16.0
17.0
18.0
19.0
20.0
21.0
22.0
23.0
24.0
25.0
26.0
27.0
28.0
29.0
30.0 4
