Time	FPS	Frame	Crash	RB	RU	LU	LB	Dither	DAngle	swAngle	OX	OY	OZ	HX	HY	HZ	HA	Speed
Time	FPS	Frame	0	-1	5	5	-1	0.	7.77452e-004	0.	0.	0.	0.	0.	1.	0.	0.	0.	
Time	FPS	Frame	0	-1	5	5	-1	7.77451e-010	7.77452e-004	0.	0.	0.	0.	0.	1.	0.	0.	0.	
Time	FPS	Frame	0	-1	5	5	-1	7.77451e-010	7.77452e-004	0.	0.	0.	0.	0.	1.	0.	0.	0.	
Time	FPS	Frame	0	-1	5	5	-1	7.77451e-010	7.77452e-004	0.	0.	0.	0.	0.	1.	0.	0.	0.	
Time	FPS	Frame	0	-1	5	5	-1	7.77451e-010	7.77452e-004	0.	0.	0.	0.	0.	1.	0.	0.	0.	
Time	FPS	Frame	0	-1	5	5	-1	7.77451e-010	7.77452e-004	0.	0.	0.	0.	0.	1.	0.	0.	0.	
Time	FPS	Frame	0	-1	5	5	-1	7.77451e-010	7.77452e-004	0.	0.	0.	0.	0.	1.	0.	0.	0.	
Time	FPS	Frame	0	-1	5	5	-1	7.77451e-010	7.77452e-004	0.	0.	0.	0.	0.	1.	0.	0.	0.	
Time	FPS	Frame	0	-1	5	5	-1	7.77451e-010	7.77452e-004	0.	0.	0.	0.	0.	1.	0.	0.	0.	
Time	FPS	Frame	0	-1	5	5	-1	7.77451e-010	7.77452e-004	0.	0.	0.	0.	0.	1.	0.	0.	0.	
Time	FPS	Frame	0	-1	5	5	-1	7.77451e-010	7.77452e-004	0.	0.	0.	0.	0.	1.	0.	0.	0.	
Time	FPS	Frame	0	-1	5	5	-1	7.77451e-010	7.77452e-004	0.	0.	0.	0.	0.	1.	0.	0.	0.	
Time	FPS	Frame	0	-1	5	5	-1	7.77451e-010	7.77452e-004	0.	0.	0.	0.	0.	1.	0.	0.	0.	
Time	FPS	Frame	0	-1	5	5	-1	7.77451e-010	7.77452e-004	0.	0.	0.	0.	0.	1.	0.	0.	0.	
Time	FPS	Frame	0	-1	5	5	-1	7.77451e-010	7.77452e-004	0.	0.	0.	0.	0.	1.	0.	0.	0.	
Time	FPS	Frame	0	-1	5	5	-1	7.77451e-010	7.77452e-004	0.	0.	0.	0.	0.	1.	0.	0.	0.	
Time	FPS	Frame	0	-1	5	5	-1	7.77451e-010	7.77452e-004	0.	0.	0.	0.	0.	1.	0.	0.	0.	
Time	FPS	Frame	0	-1	5	5	-1	7.77451e-010	7.77452e-004	0.	0.	0.	0.	0.	1.	0.	0.	0.	
Time	FPS	Frame	0	-1	5	5	-1	7.77451e-010	7.77452e-004	0.	0.	0.	0.	0.	1.	0.	0.	0.	
Time	FPS	Frame	0	-1	5	5	-1	7.77451e-010	7.77452e-004	0.	0.	0.	0.	0.	1.	0.	0.	0.	
Time	FPS	Frame	0	-1	5	5	-1	7.77451e-010	7.77452e-004	0.	0.	0.	0.	0.	1.	0.	0.	0.	
Time	FPS	Frame	0	-1	5	5	-1	7.77451e-010	7.77452e-004	0.	0.	0.	0.	0.	1.	0.	0.	0.	
Time	FPS	Frame	0	-1	5	5	-1	7.77451e-010	7.77452e-004	0.	0.	0.	0.	0.	1.	0.	0.	0.	
Time	FPS	Frame	0	-1	5	5	-1	7.77451e-010	7.77452e-004	0.	0.	0.	0.	0.	1.	0.	0.	0.	
Time	FPS	Frame	0	-1	5	5	-1	7.77451e-010	7.77452e-004	0.	0.	0.	0.	0.	1.	0.	0.	0.	
Time	FPS	Frame	0	-1	5	5	-1	7.77451e-010	7.77452e-004	0.	0.	0.	0.	0.	1.	0.	0.	0.	
Time	FPS	Frame	0	-1	5	5	-1	7.77451e-010	7.77452e-004	0.	0.	0.	0.	0.	1.	0.	0.	0.	
Time	FPS	Frame	0	-1	5	5	-1	7.77451e-010	7.77452e-004	0.	0.	0.	0.	0.	1.	0.	0.	0.	
Time	FPS	Frame	0	-1	5	5	-1	7.77451e-010	7.77452e-004	0.	0.	0.	0.	0.	1.	0.	0.	0.	
Time	FPS	Frame	0	-1	5	5	-1	7.77451e-010	7.77452e-004	0.	0.	0.	0.	0.	1.	0.	0.	0.	
Time	FPS	Frame	0	-1	5	5	-1	7.77451e-010	7.77452e-004	0.	0.	0.	0.	0.	1.	0.	0.	0.	
Time	FPS	Frame	0	-1	5	5	-1	7.77451e-010	7.77452e-004	0.	0.	0.	0.	0.	1.	0.	0.	0.	
Time	FPS	Frame	0	-1	5	5	-1	7.77451e-010	7.77452e-004	0.	0.	0.	0.	0.	1.	0.	0.	0.	
Time	FPS	Frame	0	-1	5	5	-1	7.77451e-010	7.77452e-004	0.	0.	0.	0.	0.	1.	0.	0.	0.	
Time	FPS	Frame	0	-1	5	5	-1	7.77451e-010	7.77452e-004	0.	0.	0.	0.	0.	1.	0.	0.	0.	
Time	FPS	Frame	0	-1	5	5	-1	7.77451e-010	7.77452e-004	0.	0.	0.	0.	0.	1.	0.	0.	0.	
Time	FPS	Frame	0	-1	5	5	-1	7.77451e-010	7.77452e-004	0.	0.	0.	0.	0.	1.	0.	0.	0.	
Time	FPS	Frame	0	-1	5	5	-1	7.77451e-010	7.77452e-004	0.	0.	0.	0.	0.	1.	0.	0.	0.	
Time	FPS	Frame	0	-1	5	5	-1	7.77451e-010	7.77452e-004	0.	0.	0.	0.	0.	1.	0.	0.	0.	
Time	FPS	Frame	0	-1	5	5	-1	7.77451e-010	7.77452e-004	0.	0.	0.	0.	0.	1.	0.	0.	0.	
Time	FPS	Frame	0	-1	5	5	-1	7.77451e-010	7.77452e-004	0.	0.	0.	0.	0.	1.	0.	0.	0.	
Time	FPS	Frame	0	-1	5	5	-1	7.77451e-010	7.77452e-004	0.	0.	0.	0.	0.	1.	0.	0.	0.	
Time	FPS	Frame	0	-1	5	5	-1	7.77451e-010	7.77452e-004	0.	0.	0.	0.	0.	1.	0.	0.	0.	
Time	FPS	Frame	0	-1	5	5	-1	7.77451e-010	7.77452e-004	0.	0.	0.	0.	0.	1.	0.	0.	0.	
Time	FPS	Frame	0	-1	5	5	-1	7.77451e-010	7.77452e-004	0.	0.	0.	0.	0.	1.	0.	0.	0.	
Time	FPS	Frame	0	-1	5	5	-1	7.77451e-010	7.77452e-004	0.	0.	0.	0.	0.	1.	0.	0.	0.	
Time	FPS	Frame	0	-1	5	5	-1	7.77451e-010	7.77452e-004	0.	0.	0.	0.	0.	1.	0.	0.	0.	
Time	FPS	Frame	0	-1	5	5	-1	7.77451e-010	7.77452e-004	0.	0.	0.	0.	0.	1.	0.	0.	0.	
Time	FPS	Frame	0	-1	5	5	-1	7.77451e-010	7.77452e-004	0.	0.	0.	0.	0.	1.	0.	0.	0.	
Time	FPS	Frame	0	-1	5	5	-1	7.77451e-010	7.77452e-004	0.	0.	0.	0.	0.	1.	0.	0.	0.	
Time	FPS	Frame	0	-1	5	5	-1	7.77451e-010	7.77452e-004	0.	0.	0.	0.	0.	1.	0.	0.	0.	
Time	FPS	Frame	0	-1	5	5	-1	7.77451e-010	7.77452e-004	0.	0.	0.	0.	0.	1.	0.	0.	0.	
Time	FPS	Frame	0	-1	5	5	-1	7.77451e-010	7.77452e-004	0.	0.	0.	0.	0.	1.	0.	0.	0.	
Time	FPS	Frame	0	-1	5	5	-1	7.77451e-010	7.77452e-004	0.	0.	0.	0.	0.	1.	0.	0.	0.	
Time	FPS	Frame	0	-1	5	5	-1	7.77451e-010	7.77452e-004	0.	0.	0.	0.	0.	1.	0.	0.	0.	
Time	FPS	Frame	0	-1	5	5	-1	7.77451e-010	7.77452e-004	0.	0.	0.	0.	0.	1.	0.	0.	0.	
Time	FPS	Frame	0	-1	5	5	-1	7.77451e-010	7.77452e-004	0.	0.	0.	0.	0.	1.	0.	0.	0.	
Time	FPS	Frame	0	-1	5	5	-1	7.77451e-010	7.77452e-004	0.	0.	0.	0.	0.	1.	0.	0.	0.	
Time	FPS	Frame	0	-1	5	5	-1	7.77451e-010	7.77452e-004	0.	0.	0.	0.	0.	1.	0.	0.	0.	
Time	FPS	Frame	0	-1	5	5	-1	7.77451e-010	7.77452e-004	0.	0.	0.	0.	0.	1.	0.	0.	0.	
Time	FPS	Frame	0	-1	5	5	-1	7.77451e-010	7.77452e-004	0.	0.	0.	0.	0.	1.	0.	0.	0.	
Time	FPS	Frame	0	-1	5	5	-1	7.77451e-010	7.77452e-004	0.	0.	0.	0.	0.	1.	0.	0.	0.	
Time	FPS	Frame	0	-1	5	5	-1	7.77451e-010	7.77452e-004	0.	0.	0.	0.	0.	1.	0.	0.	0.	
Time	FPS	Frame	0	-1	5	5	-1	7.77451e-010	7.77452e-004	0.	0.	0.	0.	0.	1.	0.	0.	0.	
Time	FPS	Frame	0	-1	5	5	-1	7.77451e-010	7.77452e-004	0.	0.	0.	0.	0.	1.	0.	0.	0.	
Time	FPS	Frame	0	-1	5	5	-1	7.77451e-010	7.77452e-004	0.	0.	0.	0.	0.	1.	0.	0.	0.	
Time	FPS	Frame	0	-1	5	5	-1	7.77451e-010	7.77452e-004	0.	0.	0.	0.	0.	1.	0.	0.	0.	
Time	FPS	Frame	0	-1	5	5	-1	7.77451e-010	7.77452e-004	0.	0.	0.	0.	0.	1.	0.	0.	0.	
Time	FPS	Frame	0	-1	5	5	-1	7.77451e-010	7.77452e-004	0.	0.	0.	0.	0.	1.	0.	0.	0.	
Time	FPS	Frame	0	-1	5	5	-1	7.77451e-010	7.77452e-004	0.	0.	0.	0.	0.	1.	0.	0.	0.	
Time	FPS	Frame	0	-1	5	5	-1	7.77451e-010	7.77452e-004	0.	0.	0.	0.	0.	1.	0.	0.	0.	
Time	FPS	Frame	0	-1	5	5	-1	7.77451e-010	7.77452e-004	0.	0.	0.	0.	0.	1.	0.	0.	0.	
Time	FPS	Frame	0	-1	5	5	-1	7.77451e-010	7.77452e-004	0.	0.	0.	0.	0.	1.	0.	0.	0.	
Time	FPS	Frame	0	-1	5	5	-1	7.77451e-010	7.77452e-004	0.	0.	0.	0.	0.	1.	0.	0.	0.	
Time	FPS	Frame	0	-1	5	5	-1	7.77451e-010	7.77452e-004	0.	0.	0.	0.	0.	1.	0.	0.	0.	
Time	FPS	Frame	0	-1	5	5	-1	7.77451e-010	7.77452e-004	0.	0.	0.	0.	0.	1.	0.	0.	0.	
Time	FPS	Frame	0	-1	5	5	-1	7.77451e-010	7.77452e-004	0.	0.	0.	0.	0.	1.	0.	0.	0.	
Time	FPS	Frame	0	-1	5	5	-1	7.77451e-010	7.77452e-004	0.	0.	0.	0.	0.	1.	0.	0.	0.	
Time	FPS	Frame	0	-1	5	5	-1	7.77451e-010	7.77452e-004	0.	0.	0.	0.	0.	1.	0.	0.	0.	
Time	FPS	Frame	0	-1	5	5	-1	7.77451e-010	7.77452e-004	0.	0.	0.	0.	0.	1.	0.	0.	0.	
Time	FPS	Frame	0	-1	5	5	-1	7.77451e-010	7.77452e-004	0.	0.	0.	0.	0.	1.	0.	0.	0.	
Time	FPS	Frame	0	-1	5	5	-1	7.77451e-010	7.77452e-004	0.	0.	0.	0.	0.	1.	0.	0.	0.	
Time	FPS	Frame	0	-1	5	5	-1	7.77451e-010	7.77452e-004	0.	0.	0.	0.	0.	1.	0.	0.	0.	
Time	FPS	Frame	0	-1	5	5	-1	7.77451e-010	7.77452e-004	0.	0.	0.	0.	0.	1.	0.	0.	0.	
Time	FPS	Frame	0	-1	5	5	-1	7.77451e-010	7.77452e-004	0.	0.	0.	0.	0.	1.	0.	0.	0.	
Time	FPS	Frame	0	-1	5	5	-1	7.77451e-010	7.77452e-004	0.	0.	0.	0.	0.	1.	0.	0.	0.	
Time	FPS	Frame	0	-1	5	5	-1	7.77451e-010	7.77452e-004	0.	0.	0.	0.	0.	1.	0.	0.	0.	
Time	FPS	Frame	0	-1	5	5	-1	7.77451e-010	7.77452e-004	0.	0.	0.	0.	0.	1.	0.	0.	0.	
Time	FPS	Frame	0	-1	5	5	-1	7.77451e-010	7.77452e-004	0.	0.	0.	0.	0.	1.	0.	0.	0.	
Time	FPS	Frame	0	-1	5	5	-1	7.77451e-010	7.77452e-004	0.	0.	0.	0.	0.	1.	0.	0.	0.	
Time	FPS	Frame	0	-1	5	5	-1	7.77451e-010	7.77452e-004	0.	0.	0.	0.	0.	1.	0.	0.	0.	
Time	FPS	Frame	0	-1	5	5	-1	7.77451e-010	7.77452e-004	0.	0.	0.	0.	0.	1.	0.	0.	0.	
Time	FPS	Frame	0	-1	5	5	-1	7.77451e-010	7.77452e-004	0.	0.	0.	0.	0.	1.	0.	0.	0.	
Time	FPS	Frame	0	-1	5	5	-1	7.77451e-010	7.77452e-004	0.	0.	0.	0.	0.	1.	0.	0.	0.	
Time	FPS	Frame	0	-1	5	5	-1	7.77451e-010	7.77452e-004	0.	0.	0.	0.	0.	1.	0.	0.	0.	
Time	FPS	Frame	0	-1	5	5	-1	7.77451e-010	7.77452e-004	0.	0.	0.	0.	0.	1.	0.	0.	0.	
Time	FPS	Frame	0	-1	5	5	-1	7.77451e-010	7.77452e-004	0.	0.	0.	0.	0.	1.	0.	0.	0.	
Time	FPS	Frame	0	-1	5	5	-1	7.77451e-010	7.77452e-004	0.	0.	0.	0.	0.	1.	0.	0.	0.	
Time	FPS	Frame	0	-1	5	5	-1	7.77451e-010	7.77452e-004	0.	0.	0.	0.	0.	1.	0.	0.	0.	
Time	FPS	Frame	0	-1	5	5	-1	7.77451e-010	7.77452e-004	0.	0.	0.	0.	0.	1.	0.	0.	0.	
Time	FPS	Frame	0	-1	5	5	-1	7.77451e-010	7.77452e-004	0.	0.	0.	0.	0.	1.	0.	0.	0.	
Time	FPS	Frame	0	-1	5	5	-1	7.77451e-010	7.77452e-004	0.	0.	0.	0.	0.	1.	0.	0.	0.	
Time	FPS	Frame	0	-1	5	5	-1	7.77451e-010	7.77452e-004	0.	0.	0.	0.	0.	1.	0.	0.	0.	
Time	FPS	Frame	0	-1	5	5	-1	7.77451e-010	7.77452e-004	0.	0.	0.	0.	0.	1.	0.	0.	0.	
Time	FPS	Frame	0	-1	5	5	-1	7.77451e-010	7.77452e-004	0.	0.	0.	0.	0.	1.	0.	0.	0.	
Time	FPS	Frame	0	-1	5	5	-1	7.77451e-010	7.77452e-004	0.	0.	0.	0.	0.	1.	0.	0.	0.	
Time	FPS	Frame	0	-1	5	5	-1	7.77451e-010	7.77452e-004	0.	0.	0.	0.	0.	1.	0.	0.	0.	
Time	FPS	Frame	0	-1	5	5	-1	7.77451e-010	7.77452e-004	0.	0.	0.	0.	0.	1.	0.	0.	0.	
Time	FPS	Frame	0	-1	5	5	-1	7.77451e-010	7.77452e-004	0.	0.	0.	0.	0.	1.	0.	0.	0.	
Time	FPS	Frame	0	-1	5	5	-1	7.77451e-010	7.77452e-004	0.	0.	0.	0.	0.	1.	0.	0.	0.	
Time	FPS	Frame	0	-1	5	5	-1	7.77451e-010	7.77452e-004	0.	0.	0.	0.	0.	1.	0.	0.	0.	
Time	FPS	Frame	0	-1	5	5	-1	7.77451e-010	7.77452e-004	0.	0.	0.	0.	0.	1.	0.	0.	0.	
Time	FPS	Frame	0	-1	5	5	-1	7.77451e-010	7.77452e-004	0.	0.	0.	0.	0.	1.	0.	0.	0.	
Time	FPS	Frame	0	-1	5	5	-1	7.77451e-010	7.77452e-004	0.	0.	0.	0.	0.	1.	0.	0.	0.	
Time	FPS	Frame	0	-1	5	5	-1	7.77451e-010	7.77452e-004	0.	0.	0.	0.	0.	1.	0.	0.	0.	
Time	FPS	Frame	0	-1	5	5	-1	7.77451e-010	7.77452e-004	0.	0.	0.	0.	0.	1.	0.	0.	0.	
Time	FPS	Frame	0	-1	5	5	-1	7.77451e-010	7.77452e-004	0.	0.	0.	0.	0.	1.	0.	0.	0.	
Time	FPS	Frame	0	-1	5	5	-1	7.77451e-010	7.77452e-004	0.	0.	0.	0.	0.	1.	0.	0.	0.	
Time	FPS	Frame	0	-1	5	5	-1	7.77451e-010	7.77452e-004	0.	0.	0.	0.	0.	1.	0.	0.	0.	
Time	FPS	Frame	0	-1	5	5	-1	7.77451e-010	7.77452e-004	0.	0.	0.	0.	0.	1.	0.	0.	0.	
Time	FPS	Frame	0	-1	5	5	-1	7.77451e-010	7.77452e-004	0.	0.	0.	0.	0.	1.	0.	0.	0.	
Time	FPS	Frame	0	-1	5	5	-1	7.77451e-010	7.77452e-004	0.	0.	0.	0.	0.	1.	0.	0.	0.	
Time	FPS	Frame	0	-1	5	5	-1	7.77451e-010	7.77452e-004	0.	0.	0.	0.	0.	1.	0.	0.	0.	
Time	FPS	Frame	0	-1	5	5	-1	7.77451e-010	7.77452e-004	0.	0.	0.	0.	0.	1.	0.	0.	0.	
Time	FPS	Frame	0	-1	5	5	-1	7.77451e-010	7.77452e-004	0.	0.	0.	0.	0.	1.	0.	0.	0.	
Time	FPS	Frame	0	-1	5	5	-1	7.77451e-010	7.77452e-004	0.	0.	0.	0.	0.	1.	0.	0.	0.	
Time	FPS	Frame	0	-1	5	5	-1	7.77451e-010	7.77452e-004	0.	0.	0.	0.	0.	1.	0.	0.	0.	
Time	FPS	Frame	0	-1	5	5	-1	7.77451e-010	7.77452e-004	0.	0.	0.	0.	0.	1.	0.	0.	0.	
Time	FPS	Frame	0	-1	5	5	-1	7.77451e-010	7.77452e-004	0.	0.	0.	0.	0.	1.	0.	0.	0.	
Time	FPS	Frame	0	-1	5	5	-1	7.77451e-010	7.77452e-004	0.	0.	0.	0.	0.	1.	0.	0.	0.	
Time	FPS	Frame	0	-1	5	5	-1	7.77451e-010	7.77452e-004	0.	0.	0.	0.	0.	1.	0.	0.	0.	
Time	FPS	Frame	0	-1	5	5	-1	7.77451e-010	7.77452e-004	0.	0.	0.	0.	0.	1.	0.	0.	0.	
Time	FPS	Frame	0	-1	5	5	-1	7.77451e-010	7.77452e-004	0.	0.	0.	0.	0.	1.	0.	0.	0.	
Time	FPS	Frame	0	-1	5	5	-1	7.77451e-010	7.77452e-004	0.	0.	0.	0.	0.	1.	0.	0.	0.	
Time	FPS	Frame	0	-1	5	5	-1	7.77451e-010	7.77452e-004	0.	0.	0.	0.	0.	1.	0.	0.	0.	
Time	FPS	Frame	0	-1	5	5	-1	7.77451e-010	7.77452e-004	0.	0.	0.	0.	0.	1.	0.	0.	0.	
Time	FPS	Frame	0	-1	5	5	-1	7.77451e-010	7.77452e-004	0.	0.	0.	0.	0.	1.	0.	0.	0.	
Time	FPS	Frame	0	-1	5	5	-1	7.77451e-010	7.77452e-004	0.	0.	0.	0.	0.	1.	0.	0.	0.	
Time	FPS	Frame	0	-1	5	5	-1	7.77451e-010	7.77452e-004	0.	0.	0.	0.	0.	1.	0.	0.	0.	
Time	FPS	Frame	0	-1	5	5	-1	7.77451e-010	7.77452e-004	0.	0.	0.	0.	0.	1.	0.	0.	0.	
Time	FPS	Frame	0	-1	5	5	-1	7.77451e-010	7.77452e-004	0.	0.	0.	0.	0.	1.	0.	0.	0.	
Time	FPS	Frame	0	-1	5	5	-1	7.77451e-010	7.77452e-004	0.	0.	0.	0.	0.	1.	0.	0.	0.	
Time	FPS	Frame	0	-1	5	5	-1	7.77451e-010	7.77452e-004	0.	0.	0.	0.	0.	1.	0.	0.	0.	
Time	FPS	Frame	0	-1	5	5	-1	7.77451e-010	7.77452e-004	0.	0.	0.	0.	0.	1.	0.	0.	0.	
Time	FPS	Frame	0	-1	5	5	-1	7.77451e-010	7.77452e-004	0.	0.	0.	0.	0.	1.	0.	0.	0.	
Time	FPS	Frame	0	-1	5	5	-1	7.77451e-010	7.77452e-004	0.	0.	0.	0.	0.	1.	0.	0.	0.	
Time	FPS	Frame	0	-1	5	5	-1	7.77451e-010	7.77452e-004	0.	0.	0.	0.	0.	1.	0.	0.	0.	
Time	FPS	Frame	0	-1	5	5	-1	7.77451e-010	7.77452e-004	0.	0.	0.	0.	0.	1.	0.	0.	0.	
Time	FPS	Frame	0	-1	5	5	-1	7.77451e-010	7.77452e-004	0.	0.	0.	0.	0.	1.	0.	0.	0.	
Time	FPS	Frame	0	-1	5	5	-1	7.77451e-010	7.77452e-004	0.	0.	0.	0.	0.	1.	0.	0.	0.	
Time	FPS	Frame	0	-1	5	5	-1	7.77451e-010	7.77452e-004	0.	0.	0.	0.	0.	1.	0.	0.	0.	
Time	FPS	Frame	0	-1	5	5	-1	7.77451e-010	7.77452e-004	0.	0.	0.	0.	0.	1.	0.	0.	0.	
Time	FPS	Frame	0	-1	5	5	-1	7.77451e-010	7.77452e-004	0.	0.	0.	0.	0.	1.	0.	0.	0.	
Time	FPS	Frame	0	-1	5	5	-1	7.77451e-010	7.77452e-004	0.	0.	0.	0.	0.	1.	0.	0.	0.	
Time	FPS	Frame	0	-1	5	5	-1	7.77451e-010	7.77452e-004	0.	0.	0.	0.	0.	1.	0.	0.	0.	
Time	FPS	Frame	0	-1	5	5	-1	7.77451e-010	7.77452e-004	0.	0.	0.	0.	0.	1.	0.	0.	0.	
Time	FPS	Frame	0	-1	5	5	-1	7.77451e-010	7.77452e-004	0.	0.	0.	0.	0.	1.	0.	0.	0.	
Time	FPS	Frame	0	-1	5	5	-1	7.77451e-010	7.77452e-004	0.	0.	0.	0.	0.	1.	0.	0.	0.	
Time	FPS	Frame	0	-1	5	5	-1	7.77451e-010	7.77452e-004	0.	0.	0.	0.	0.	1.	0.	0.	0.	
Time	FPS	Frame	0	-1	5	5	-1	7.77451e-010	7.77452e-004	0.	0.	0.	0.	0.	1.	0.	0.	0.	
Time	FPS	Frame	0	-1	5	5	-1	7.77451e-010	7.77452e-004	0.	0.	0.	0.	0.	1.	0.	0.	0.	
Time	FPS	Frame	0	-1	5	5	-1	4.3191e-005	7.77452e-004	0.	0.	5.55556e-002	0.	0.	1.	0.	0.	5.55556e-002	
Time	FPS	Frame	0	-1	5	5	-1	5.86899e-005	7.65943e-004	0.	2.76852e-005	0.111101	0.	1.15089e-005	1.	0.	0.	5.55556e-002	
Time	FPS	Frame	0	-1	6	6	-1	7.35495e-005	7.54434e-004	0.	5.60098e-005	0.166647	0.	2.30178e-005	1.	0.	0.	5.55556e-002	
Time	FPS	Frame	0	-1	6	6	-1	8.77699e-005	7.42925e-004	0.	8.49735e-005	0.222193	0.	3.45267e-005	1.	0.	0.	5.55556e-002	
Time	FPS	Frame	0	-1	6	6	-1	1.01351e-004	7.31416e-004	0.	1.14577e-004	0.277739	0.	4.60356e-005	1.	0.	0.	5.55556e-002	
Time	FPS	Frame	0	-1	6	6	-1	1.18003e-004	7.21449e-004	0.	1.4111e-004	0.333286	0.	5.60026e-005	1.	0.	0.	5.55556e-002	
Time	FPS	Frame	0	-1	6	6	-1	1.49646e-004	7.01515e-004	0.	1.95837e-004	0.44438	0.	7.59366e-005	1.	0.	0.	5.55556e-002	
Time	FPS	Frame	0	-1	6	6	-1	1.64637e-004	6.91548e-004	0.	2.24032e-004	0.499927	0.	8.59036e-005	1.	0.	0.	5.55556e-002	
Time	FPS	Frame	0	-1	6	6	-1	1.79074e-004	2.24483e-003	0.	2.52779e-004	0.555474	0.	9.58706e-005	1.	0.	0.	5.55556e-002	
Time	FPS	Frame	0	-1	7	6	-1	2.88468e-004	2.20754e-003	0.	3.47812e-004	0.610998	0.	1.33164e-004	1.	0.	0.	5.55556e-002	
Time	FPS	Frame	0	-1	7	7	-1	3.22404e-004	2.17069e-003	0.	4.43842e-004	0.666522	0.	1.7001e-004	1.	0.	0.	5.55556e-002	
Time	FPS	Frame	0	-1	7	7	-1	3.56486e-004	2.13476e-003	0.	5.39729e-004	0.722047	0.	2.05947e-004	1.	0.	0.	5.55556e-002	
Time	FPS	Frame	0	-1	7	7	-1	3.89688e-004	2.09929e-003	0.	6.36495e-004	0.777573	0.	2.4142e-004	1.	0.	0.	5.55556e-002	
Time	FPS	Frame	0	-1	7	7	-1	4.22051e-004	2.06428e-003	0.	7.34101e-004	0.833098	0.	2.76422e-004	1.	0.	0.	5.55556e-002	
Time	FPS	Frame	0	-1	7	7	-1	4.5478e-004	2.03024e-003	0.	8.31344e-004	0.888625	0.	3.10466e-004	1.	0.	0.	5.55556e-002	
Time	FPS	Frame	0	-1	7	7	-1	4.85619e-004	1.99619e-003	0.	9.30477e-004	0.944151	0.	3.4451e-004	1.	0.	0.	5.55556e-002	
Time	FPS	Frame	0	-1	7	7	-1	5.16943e-004	1.96314e-003	0.	1.02913e-003	0.999679	0.	3.77567e-004	1.	0.	0.	5.55556e-002	
Time	FPS	Frame	0	-1	7	7	-1	5.47647e-004	3.50403e-003	0.	1.1284e-003	1.05521	0.	4.10119e-004	1.	0.	0.	5.55556e-002	
Time	FPS	Frame	0	-1	8	8	-1	6.72947e-004	3.44563e-003	0.	1.29165e-003	1.11071	0.	4.6852e-004	1.	0.	0.	5.55556e-002	
Time	FPS	Frame	0	-1	8	8	-1	7.25777e-004	3.38809e-003	0.	1.45608e-003	1.16622	0.	5.26065e-004	1.	0.	0.	5.55556e-002	
Time	FPS	Frame	0	-1	8	8	-1	7.78214e-004	3.33171e-003	0.	1.62091e-003	1.22173	0.	5.82447e-004	1.	0.	0.	5.55556e-002	
Time	FPS	Frame	0	-1	8	8	-1	8.28943e-004	3.27592e-003	0.	1.78745e-003	1.27723	0.	6.38238e-004	1.	0.	0.	5.55556e-002	
Time	FPS	Frame	0	-1	8	8	-1	8.79465e-004	3.22132e-003	0.	1.9542e-003	1.33274	0.	6.9283e-004	1.	0.	0.	5.55556e-002	
Time	FPS	Frame	0	-1	8	8	-1	9.28426e-004	3.16734e-003	0.	2.12251e-003	1.38825	0.	7.46811e-004	1.	0.	0.	5.55556e-002	
Time	FPS	Frame	0	-1	8	8	-1	9.78137e-004	3.11492e-003	0.	2.29008e-003	1.44376	0.	7.99237e-004	1.	0.	0.	5.55556e-002	
Time	FPS	Frame	0	-1	8	8	-1	1.0257e-003	3.06281e-003	0.	2.45979e-003	1.49928	0.	8.51345e-004	1.	0.	0.	5.55556e-002	
Time	FPS	Frame	0	-1	9	8	-1	1.07269e-003	4.59408e-003	0.	2.63009e-003	1.55479	0.	9.02492e-004	1.	0.	0.	5.55556e-002	
Time	FPS	Frame	0	-1	9	9	-1	1.22033e-003	4.51752e-003	0.	2.86433e-003	1.61028	0.	9.7905e-004	1.	0.	0.	5.55556e-002	
Time	FPS	Frame	0	-1	9	9	-1	1.29e-003	4.44227e-003	0.	3.09967e-003	1.66577	0.	1.0543e-003	0.999999	0.	0.	5.55556e-002	
Time	FPS	Frame	0	-1	9	9	-1	1.3587e-003	4.36836e-003	0.	3.33599e-003	1.72126	0.	1.12822e-003	0.999999	0.	0.	5.55556e-002	
Time	FPS	Frame	0	-1	9	9	-1	1.42713e-003	4.29602e-003	0.	3.57259e-003	1.77676	0.	1.20055e-003	0.999999	0.	0.	5.55556e-002	
Time	FPS	Frame	0	-1	9	9	-1	1.49375e-003	4.22461e-003	0.	3.811e-003	1.83225	0.	1.27196e-003	0.999999	0.	0.	5.55556e-002	
Time	FPS	Frame	0	-1	9	9	-1	1.5598e-003	4.15461e-003	0.	4.04999e-003	1.88775	0.	1.34197e-003	0.999999	0.	0.	5.55556e-002	
Time	FPS	Frame	0	-1	9	9	-1	1.62426e-003	4.08555e-003	0.	4.29057e-003	1.94324	0.	1.41102e-003	0.999999	0.	0.	5.55556e-002	
Time	FPS	Frame	0	-1	9	9	-1	1.68839e-003	5.6088e-003	0.	4.53149e-003	1.99874	0.	1.47862e-003	0.999999	0.	0.	5.55556e-002	
Time	FPS	Frame	0	-1	10	10	-1	1.7777e-003	5.5153e-003	0.	4.83844e-003	2.05422	0.	1.57212e-003	0.999999	0.	0.	5.55556e-002	
Time	FPS	Frame	0	-1	10	10	-1	1.86306e-003	5.42359e-003	0.	5.14626e-003	2.10969	0.	1.66383e-003	0.999999	0.	0.	5.55556e-002	
Time	FPS	Frame	0	-1	10	10	-1	1.94641e-003	5.33315e-003	0.	5.45612e-003	2.16517	0.	1.75427e-003	0.999998	0.	0.	5.55556e-002	
Time	FPS	Frame	0	-1	10	10	-1	2.02829e-003	5.24419e-003	0.	5.76745e-003	2.22065	0.	1.84323e-003	0.999998	0.	0.	5.55556e-002	
Time	FPS	Frame	0	-1	10	10	-1	2.10932e-003	5.15692e-003	0.	6.07964e-003	2.27613	0.	1.9305e-003	0.999998	0.	0.	5.55556e-002	
Time	FPS	Frame	0	-1	10	10	-1	2.18873e-003	5.07099e-003	0.	6.39346e-003	2.33161	0.	2.01643e-003	0.999998	0.	0.	5.55556e-002	
Time	FPS	Frame	0	1	10	10	1	2.26664e-003	4.98642e-003	0.	6.70878e-003	2.3871	0.	2.101e-003	0.999998	0.	0.	5.55556e-002	
Time	FPS	Frame	0	1	10	10	1	2.3432e-003	4.90323e-003	0.	7.02548e-003	2.44258	0.	2.18419e-003	0.999998	0.	0.	5.55556e-002	
Time	FPS	Frame	0	1	11	11	1	2.41852e-003	6.42187e-003	0.	7.34341e-003	2.49807	0.	2.26598e-003	0.999997	0.	0.	5.55556e-002	
Time	FPS	Frame	0	1	11	11	1	2.54298e-003	6.31467e-003	0.	7.72694e-003	2.55353	0.	2.37317e-003	0.999997	0.	0.	5.55556e-002	
Time	FPS	Frame	0	1	11	11	1	2.63987e-003	6.20935e-003	0.	8.11193e-003	2.609	0.	2.4785e-003	0.999997	0.	0.	5.55556e-002	
Time	FPS	Frame	0	1	11	11	1	2.73551e-003	6.10593e-003	0.	8.49818e-003	2.66446	0.	2.58192e-003	0.999997	0.	0.	5.55556e-002	
Time	FPS	Frame	0	1	11	11	1	2.82892e-003	6.00396e-003	0.	8.88669e-003	2.71993	0.	2.68389e-003	0.999996	0.	0.	5.55556e-002	
Time	FPS	Frame	0	1	11	11	1	2.92101e-003	5.90379e-003	0.	9.27652e-003	2.7754	0.	2.78405e-003	0.999996	0.	0.	5.55556e-002	
Time	FPS	Frame	0	1	11	11	1	3.01156e-003	5.80529e-003	0.	9.6679e-003	2.83087	0.	2.88255e-003	0.999996	0.	0.	5.55556e-002	
Time	FPS	Frame	0	2	11	11	2	3.10115e-003	5.70866e-003	0.	1.00603e-002	2.88634	0.	2.97919e-003	0.999996	0.	0.	5.55556e-002	
Time	FPS	Frame	0	2	12	12	2	3.1887e-003	5.61341e-003	0.	1.04547e-002	2.94182	0.	3.07444e-003	0.999995	0.	0.	5.55556e-002	
Time	FPS	Frame	0	2	12	12	2	3.27477e-003	7.12944e-003	0.	1.08505e-002	2.99729	0.	3.16811e-003	0.999995	0.	0.	5.55556e-002	
Time	FPS	Frame	0	2	12	12	2	3.44244e-003	7.01053e-003	0.	1.13123e-002	3.05275	0.	3.28702e-003	0.999995	0.	0.	5.55556e-002	
Time	FPS	Frame	0	2	12	12	2	3.5506e-003	6.89386e-003	0.	1.17752e-002	3.1082	0.	3.40368e-003	0.999994	0.	0.	5.55556e-002	
Time	FPS	Frame	0	2	12	12	2	3.65642e-003	6.77892e-003	0.	1.22404e-002	3.16366	0.	3.51863e-003	0.999994	0.	0.	5.55556e-002	
Time	FPS	Frame	0	2	12	12	2	3.76042e-003	6.66586e-003	0.	1.27075e-002	3.21912	0.	3.63169e-003	0.999993	0.	0.	5.55556e-002	
Time	FPS	Frame	0	2	12	12	2	3.86313e-003	6.55487e-003	0.	1.31759e-002	3.27458	0.	3.74267e-003	0.999993	0.	0.	5.55556e-002	
Time	FPS	Frame	0	2	12	12	2	3.96441e-003	6.44584e-003	0.	1.36458e-002	3.33004	0.	3.8517e-003	0.999993	0.	0.	5.55556e-002	
Time	FPS	Frame	0	3	13	12	3	4.06333e-003	6.33834e-003	0.	1.4118e-002	3.3855	0.	3.9592e-003	0.999992	0.	0.	5.55556e-002	
Time	FPS	Frame	0	3	13	13	3	4.16078e-003	7.85091e-003	0.	1.45917e-002	3.44096	0.	4.06484e-003	0.999992	0.	0.	5.55556e-002	
Time	FPS	Frame	0	3	13	13	3	4.29169e-003	7.72019e-003	0.	1.51315e-002	3.49641	0.	4.19556e-003	0.999991	0.	0.	5.55556e-002	
Time	FPS	Frame	0	3	13	13	3	4.41053e-003	7.59165e-003	0.	1.56734e-002	3.55185	0.	4.3241e-003	0.999991	0.	0.	5.55556e-002	
Time	FPS	Frame	0	3	13	13	3	4.52663e-003	7.46492e-003	0.	1.6218e-002	3.6073	0.	4.45083e-003	0.99999	0.	0.	5.55556e-002	
Time	FPS	Frame	0	3	13	13	3	4.64111e-003	7.34043e-003	0.	1.67642e-002	3.66274	0.	4.57532e-003	0.99999	0.	0.	5.55556e-002	
Time	FPS	Frame	0	3	13	13	3	4.75418e-003	7.21822e-003	0.	1.73119e-002	3.71819	0.	4.69752e-003	0.999989	0.	0.	5.55556e-002	
Time	FPS	Frame	0	3	13	13	3	4.86476e-003	7.09779e-003	0.	1.78621e-002	3.77365	0.	4.81795e-003	0.999988	0.	0.	5.55556e-002	
Time	FPS	Frame	0	3	14	13	3	4.97401e-003	6.97958e-003	0.	1.84136e-002	3.8291	0.	4.93616e-003	0.999988	0.	0.	5.55556e-002	
Time	FPS	Frame	0	4	14	14	4	5.08114e-003	6.8632e-003	0.	1.89673e-002	3.88455	0.	5.05254e-003	0.999987	0.	0.	5.55556e-002	
Time	FPS	Frame	0	4	14	14	4	5.1863e-003	8.37599e-003	0.	1.9523e-002	3.94001	0.	5.16705e-003	0.999987	0.	0.	5.55556e-002	
Time	FPS	Frame	0	4	14	14	4	5.37537e-003	8.23646e-003	0.	2.01451e-002	3.99544	0.	5.30658e-003	0.999986	0.	0.	5.55556e-002	
Time	FPS	Frame	0	4	14	14	4	5.5021e-003	8.09931e-003	0.	2.07692e-002	4.05088	0.	5.44373e-003	0.999985	0.	0.	5.55556e-002	
Time	FPS	Frame	0	4	14	14	4	5.62709e-003	7.9646e-003	0.	2.1395e-002	4.10632	0.	5.57843e-003	0.999984	0.	0.	5.55556e-002	
Time	FPS	Frame	0	4	14	14	4	5.7494e-003	7.83188e-003	0.	2.20236e-002	4.16176	0.	5.71116e-003	0.999984	0.	0.	5.55556e-002	
Time	FPS	Frame	0	4	14	14	4	5.87043e-003	7.70167e-003	0.	2.26534e-002	4.2172	0.	5.84136e-003	0.999983	0.	0.	5.55556e-002	
Time	FPS	Frame	0	4	15	15	4	5.98887e-003	7.57338e-003	0.	2.32859e-002	4.27264	0.	5.96965e-003	0.999982	0.	0.	5.55556e-002	
Time	FPS	Frame	0	4	15	15	4	6.10522e-003	7.44717e-003	0.	2.39205e-002	4.32809	0.	6.09585e-003	0.999981	0.	0.	5.55556e-002	
Time	FPS	Frame	0	5	15	15	5	6.22032e-003	8.95953e-003	0.	2.45564e-002	4.38354	0.	6.21967e-003	0.999981	0.	0.	5.55556e-002	
Time	FPS	Frame	0	5	15	15	5	6.38756e-003	8.81036e-003	0.	2.52599e-002	4.43896	0.	6.36884e-003	0.99998	0.	0.	5.55556e-002	
Time	FPS	Frame	0	5	15	15	5	6.52275e-003	8.66353e-003	0.	2.59661e-002	4.49439	0.	6.51566e-003	0.999979	0.	0.	5.55556e-002	
Time	FPS	Frame	0	5	15	15	5	6.65556e-003	8.5191e-003	0.	2.66748e-002	4.54982	0.	6.66009e-003	0.999978	0.	0.	5.55556e-002	
Time	FPS	Frame	0	5	15	15	5	6.78622e-003	8.37709e-003	0.	2.73856e-002	4.60525	0.	6.8021e-003	0.999977	0.	0.	5.55556e-002	
Time	FPS	Frame	0	5	16	15	5	6.91468e-003	8.23743e-003	0.	2.80986e-002	4.66068	0.	6.94175e-003	0.999976	0.	0.	5.55556e-002	
Time	FPS	Frame	0	5	16	16	5	7.04117e-003	8.10017e-003	0.	2.88136e-002	4.71612	0.	7.07902e-003	0.999975	0.	0.	5.55556e-002	
Time	FPS	Frame	0	5	16	16	5	7.16563e-003	7.96521e-003	0.	2.95307e-002	4.77156	0.	7.21397e-003	0.999974	0.	0.	5.55556e-002	
Time	FPS	Frame	0	5	16	16	5	7.28827e-003	9.47743e-003	0.	3.02496e-002	4.827	0.	7.34657e-003	0.999973	0.	0.	5.55556e-002	
Time	FPS	Frame	0	6	16	16	6	7.44103e-003	9.31963e-003	0.	3.10364e-002	4.88241	0.	7.50436e-003	0.999972	0.	0.	5.55556e-002	
Time	FPS	Frame	0	6	16	16	6	7.58433e-003	9.16447e-003	0.	3.18255e-002	4.93783	0.	7.65952e-003	0.999971	0.	0.	5.55556e-002	
Time	FPS	Frame	0	6	16	16	6	7.72527e-003	9.01189e-003	0.	3.2617e-002	4.99325	0.	7.81209e-003	0.999969	0.	0.	5.55556e-002	
Time	FPS	Frame	0	6	16	16	6	7.86383e-003	8.86184e-003	0.	3.3411e-002	5.04868	0.	7.96214e-003	0.999968	0.	0.	5.55556e-002	
Time	FPS	Frame	0	6	17	16	6	7.99997e-003	8.71422e-003	0.	3.42074e-002	5.1041	0.	8.10975e-003	0.999967	0.	0.	5.55556e-002	
Time	FPS	Frame	0	6	17	17	6	8.13449e-003	8.56933e-003	0.	3.50055e-002	5.15953	0.	8.25464e-003	0.999966	0.	0.	5.55556e-002	
Time	FPS	Frame	0	6	17	17	6	8.26681e-003	8.42686e-003	0.	3.58058e-002	5.21496	0.	8.3971e-003	0.999965	0.	0.	5.55556e-002	
Time	FPS	Frame	0	6	17	17	6	8.39689e-003	8.28673e-003	0.	3.66084e-002	5.27039	0.	8.53723e-003	0.999964	0.	0.	5.55556e-002	
Time	FPS	Frame	0	7	17	17	7	8.52466e-003	9.80236e-003	0.	3.74133e-002	5.32583	0.	8.67509e-003	0.999962	0.	0.	5.55556e-002	
Time	FPS	Frame	0	7	17	17	7	8.75995e-003	9.63899e-003	0.	3.8287e-002	5.38124	0.	8.83846e-003	0.999961	0.	0.	5.55556e-002	
Time	FPS	Frame	0	7	17	17	7	8.9078e-003	9.47838e-003	0.	3.91631e-002	5.43665	0.	8.99906e-003	0.99996	0.	0.	5.55556e-002	
Time	FPS	Frame	0	7	17	17	7	9.05327e-003	9.32047e-003	0.	4.00417e-002	5.49207	0.	9.15696e-003	0.999958	0.	0.	5.55556e-002	
Time	FPS	Frame	0	7	18	18	7	9.19636e-003	9.16521e-003	0.	4.09227e-002	5.54748	0.	9.31222e-003	0.999957	0.	0.	5.55556e-002	
Time	FPS	Frame	0	7	18	18	7	9.33708e-003	9.01253e-003	0.	4.18061e-002	5.6029	0.	9.4649e-003	0.999955	0.	0.	5.55556e-002	
Time	FPS	Frame	0	7	18	18	7	9.47567e-003	8.86247e-003	0.	4.26917e-002	5.65833	0.	9.61495e-003	0.999954	0.	0.	5.55556e-002	
Time	FPS	Frame	0	7	18	18	7	9.61185e-003	8.71486e-003	0.	4.35797e-002	5.71375	0.	9.76255e-003	0.999952	0.	0.	5.55556e-002	
Time	FPS	Frame	0	7	18	18	7	9.74585e-003	1.02311e-002	0.	4.44699e-002	5.76918	0.	9.90767e-003	0.999951	0.	0.	5.55556e-002	
Time	FPS	Frame	0	8	18	18	8	9.98317e-003	1.00606e-002	0.	4.5429e-002	5.82458	0.	1.00782e-002	0.999949	0.	0.	5.55556e-002	
Time	FPS	Frame	0	8	18	18	8	1.01373e-002	9.89294e-003	0.	4.63908e-002	5.87999	0.	1.02458e-002	0.999948	0.	0.	5.55556e-002	
Time	FPS	Frame	0	8	19	18	8	1.02894e-002	9.72825e-003	0.	4.73547e-002	5.93539	0.	1.04105e-002	0.999946	0.	0.	5.55556e-002	
Time	FPS	Frame	0	8	19	19	8	1.04385e-002	9.5661e-003	0.	4.83217e-002	5.9908	0.	1.05726e-002	0.999944	0.	0.	5.55556e-002	
Time	FPS	Frame	0	8	19	19	8	1.05856e-002	9.40684e-003	0.	4.92907e-002	6.04622	0.	1.07319e-002	0.999942	0.	0.	5.55556e-002	
Time	FPS	Frame	0	8	19	19	8	1.07299e-002	9.25009e-003	0.	5.02625e-002	6.10163	0.	1.08886e-002	0.999941	0.	0.	5.55556e-002	
Time	FPS	Frame	0	8	19	19	8	1.08722e-002	9.09611e-003	0.	5.12364e-002	6.15705	0.	1.10426e-002	0.999939	0.	0.	5.55556e-002	
Time	FPS	Frame	0	8	19	19	8	1.10117e-002	1.06154e-002	0.	5.22131e-002	6.21247	0.	1.11942e-002	0.999937	0.	0.	5.55556e-002	
Time	FPS	Frame	0	9	19	19	9	1.12593e-002	1.04385e-002	0.	5.32588e-002	6.26787	0.	1.13711e-002	0.999935	0.	0.	5.55556e-002	
Time	FPS	Frame	0	9	19	19	9	1.14194e-002	1.02647e-002	0.	5.43071e-002	6.32327	0.	1.15449e-002	0.999933	0.	0.	5.55556e-002	
Time	FPS	Frame	0	9	20	20	9	1.15766e-002	1.00936e-002	0.	5.53583e-002	6.37867	0.	1.1716e-002	0.999931	0.	0.	5.55556e-002	
Time	FPS	Frame	0	9	20	20	9	1.17317e-002	9.92551e-003	0.	5.64118e-002	6.43407	0.	1.18841e-002	0.999929	0.	0.	5.55556e-002	
Time	FPS	Frame	0	9	20	20	9	1.18841e-002	9.76023e-003	0.	5.74679e-002	6.48948	0.	1.20494e-002	0.999927	0.	0.	5.55556e-002	
Time	FPS	Frame	0	9	20	20	9	1.20337e-002	9.59757e-003	0.	5.85269e-002	6.54489	0.	1.2212e-002	0.999925	0.	0.	5.55556e-002	
Time	FPS	Frame	0	9	20	20	9	1.21808e-002	1.11156e-002	0.	5.95885e-002	6.6003	0.	1.2372e-002	0.999923	0.	0.	5.55556e-002	
Time	FPS	Frame	0	9	20	20	9	1.23562e-002	1.09304e-002	0.	6.07194e-002	6.65569	0.	1.25572e-002	0.999921	0.	0.	5.55556e-002	
Time	FPS	Frame	0	10	20	20	9	1.2524e-002	1.07484e-002	0.	6.18528e-002	6.71108	0.	1.27391e-002	0.999919	0.	0.	5.55556e-002	
Time	FPS	Frame	0	10	21	20	10	1.26889e-002	1.05694e-002	0.	6.29892e-002	6.76647	0.	1.29182e-002	0.999917	0.	0.	5.55556e-002	
Time	FPS	Frame	0	10	21	21	10	1.28508e-002	1.03932e-002	0.	6.41286e-002	6.82187	0.	1.30943e-002	0.999914	0.	0.	5.55556e-002	
Time	FPS	Frame	0	10	21	21	10	1.301e-002	1.022e-002	0.	6.52708e-002	6.87726	0.	1.32675e-002	0.999912	0.	0.	5.55556e-002	
Time	FPS	Frame	0	10	21	21	10	1.31671e-002	1.00499e-002	0.	6.64151e-002	6.93266	0.	1.34376e-002	0.99991	0.	0.	5.55556e-002	
Time	FPS	Frame	0	10	21	21	10	1.33216e-002	9.8826e-003	0.	6.75621e-002	6.98807	0.	1.36049e-002	0.999907	0.	0.	5.55556e-002	
Time	FPS	Frame	0	10	21	21	10	1.34736e-002	1.14043e-002	0.	6.87116e-002	7.04347	0.	1.37693e-002	0.999905	0.	0.	5.55556e-002	
Time	FPS	Frame	0	10	21	21	10	1.36755e-002	1.12144e-002	0.	6.99311e-002	7.09885	0.	1.39592e-002	0.999903	0.	0.	5.55556e-002	
Time	FPS	Frame	0	10	22	21	10	1.38475e-002	1.10277e-002	0.	7.11536e-002	7.15424	0.	1.41459e-002	0.9999	0.	0.	5.55556e-002	
Time	FPS	Frame	0	11	22	22	11	1.40168e-002	1.08441e-002	0.	7.23788e-002	7.20963	0.	1.43295e-002	0.999897	0.	0.	5.55556e-002	
Time	FPS	Frame	0	11	22	22	11	1.41832e-002	1.06635e-002	0.	7.36071e-002	7.26502	0.	1.45101e-002	0.999895	0.	0.	5.55556e-002	
Time	FPS	Frame	0	11	22	22	11	1.43467e-002	1.04858e-002	0.	7.48383e-002	7.32041	0.	1.46877e-002	0.999892	0.	0.	5.55556e-002	
Time	FPS	Frame	0	11	22	22	11	1.45078e-002	1.03113e-002	0.	7.60719e-002	7.3758	0.	1.48622e-002	0.99989	0.	0.	5.55556e-002	
Time	FPS	Frame	0	11	22	22	11	1.46658e-002	1.01394e-002	0.	7.73088e-002	7.4312	0.	1.50341e-002	0.999887	0.	0.	5.55556e-002	
Time	FPS	Frame	0	11	22	22	11	1.48212e-002	1.16657e-002	0.	7.85482e-002	7.4866	0.	1.5203e-002	0.999884	0.	0.	5.55556e-002	
Time	FPS	Frame	0	11	23	22	11	1.50573e-002	1.14712e-002	0.	7.98581e-002	7.54198	0.	1.53975e-002	0.999881	0.	0.	5.55556e-002	
Time	FPS	Frame	0	11	23	23	11	1.52326e-002	1.12799e-002	0.	8.11711e-002	7.59736	0.	1.55887e-002	0.999878	0.	0.	5.55556e-002	
Time	FPS	Frame	0	12	23	23	12	1.54053e-002	1.1092e-002	0.	8.24867e-002	7.65274	0.	1.57767e-002	0.999876	0.	0.	5.55556e-002	
Time	FPS	Frame	0	12	23	23	12	1.55749e-002	1.0907e-002	0.	8.38055e-002	7.70812	0.	1.59616e-002	0.999873	0.	0.	5.55556e-002	
Time	FPS	Frame	0	12	23	23	12	1.57417e-002	1.07251e-002	0.	8.51273e-002	7.76351	0.	1.61435e-002	0.99987	0.	0.	5.55556e-002	
Time	FPS	Frame	0	12	23	23	12	1.59057e-002	1.05463e-002	0.	8.64519e-002	7.8189	0.	1.63223e-002	0.999867	0.	0.	5.55556e-002	
Time	FPS	Frame	0	12	23	23	12	1.6067e-002	1.20728e-002	0.	8.77792e-002	7.87429	0.	1.64981e-002	0.999864	0.	0.	5.55556e-002	
Time	FPS	Frame	0	12	24	23	12	1.6255e-002	1.18716e-002	0.	8.91768e-002	7.92966	0.	1.66993e-002	0.999861	0.	0.	5.55556e-002	
Time	FPS	Frame	0	12	24	24	12	1.64368e-002	1.16739e-002	0.	9.05773e-002	7.98503	0.	1.6897e-002	0.999857	0.	0.	5.55556e-002	
Time	FPS	Frame	0	12	24	24	12	1.66157e-002	1.14794e-002	0.	9.1981e-002	8.04041	0.	1.70914e-002	0.999854	0.	0.	5.55556e-002	
Time	FPS	Frame	0	13	24	24	13	1.67919e-002	1.12883e-002	0.	9.33874e-002	8.09578	0.	1.72825e-002	0.999851	0.	0.	5.55556e-002	
Time	FPS	Frame	0	13	24	24	13	1.6965e-002	1.11003e-002	0.	9.47968e-002	8.15116	0.	1.74705e-002	0.999847	0.	0.	5.55556e-002	
Time	FPS	Frame	0	13	24	24	13	1.71353e-002	1.09155e-002	0.	9.62093e-002	8.20655	0.	1.76553e-002	0.999844	0.	0.	5.55556e-002	
Time	FPS	Frame	0	13	24	24	13	1.73025e-002	1.07336e-002	0.	9.76248e-002	8.26193	0.	1.78371e-002	0.999841	0.	0.	5.55556e-002	
Time	FPS	Frame	0	13	25	24	13	1.7467e-002	1.22643e-002	0.	9.90432e-002	8.31732	0.	1.8016e-002	0.999838	0.	0.	5.55556e-002	
Time	FPS	Frame	0	13	25	25	13	1.77065e-002	1.206e-002	0.	0.100532	8.37268	0.	1.82203e-002	0.999834	0.	0.	5.55556e-002	
Time	FPS	Frame	0	13	25	25	13	1.78907e-002	1.18589e-002	0.	0.102025	8.42805	0.	1.84213e-002	0.99983	0.	0.	5.55556e-002	
Time	FPS	Frame	0	13	25	25	13	1.80723e-002	1.16613e-002	0.	0.103521	8.48342	0.	1.86189e-002	0.999827	0.	0.	5.55556e-002	
Time	FPS	Frame	0	14	25	25	14	1.82506e-002	1.14669e-002	0.	0.10502	8.53879	0.	1.88132e-002	0.999823	0.	0.	5.55556e-002	
Time	FPS	Frame	0	14	25	25	14	1.84259e-002	1.12757e-002	0.	0.106521	8.59416	0.	1.90044e-002	0.999819	0.	0.	5.55556e-002	
Time	FPS	Frame	0	14	25	25	14	1.85982e-002	1.10876e-002	0.	0.108027	8.64954	0.	1.91924e-002	0.999816	0.	0.	5.55556e-002	
Time	FPS	Frame	0	14	26	25	14	1.87678e-002	1.26199e-002	0.	0.109534	8.70492	0.	1.93772e-002	0.999812	0.	0.	5.55556e-002	
Time	FPS	Frame	0	14	26	26	14	1.8975e-002	1.24096e-002	0.	0.111113	8.76028	0.	1.95875e-002	0.999808	0.	0.	5.55556e-002	
Time	FPS	Frame	0	14	26	26	14	1.91647e-002	1.22028e-002	0.	0.112695	8.81564	0.	1.97943e-002	0.999804	0.	0.	5.55556e-002	
Time	FPS	Frame	0	14	26	26	14	1.93514e-002	1.19994e-002	0.	0.114281	8.871	0.	1.99977e-002	0.9998	0.	0.	5.55556e-002	
Time	FPS	Frame	0	14	26	26	14	1.95349e-002	1.17994e-002	0.	0.115869	8.92636	0.	2.01976e-002	0.999796	0.	0.	5.55556e-002	
Time	FPS	Frame	0	15	26	26	15	1.97154e-002	1.16027e-002	0.	0.117461	8.98173	0.	2.03942e-002	0.999792	0.	0.	5.55556e-002	
Time	FPS	Frame	0	15	26	26	15	1.9893e-002	1.14094e-002	0.	0.119056	9.0371	0.	2.05876e-002	0.999788	0.	0.	5.55556e-002	
Time	FPS	Frame	0	15	27	27	15	2.00674e-002	1.12191e-002	0.	0.120654	9.09247	0.	2.07778e-002	0.999784	0.	0.	5.55556e-002	
Time	FPS	Frame	0	15	27	27	15	2.02391e-002	1.27566e-002	0.	0.122254	9.14785	0.	2.09647e-002	0.99978	0.	0.	5.55556e-002	
Time	FPS	Frame	0	15	27	27	15	2.0515e-002	1.2544e-002	0.	0.123927	9.2032	0.	2.11773e-002	0.999776	0.	0.	5.55556e-002	
Time	FPS	Frame	0	15	27	27	15	2.07069e-002	1.2335e-002	0.	0.125602	9.25856	0.	2.13862e-002	0.999771	0.	0.	5.55556e-002	
Time	FPS	Frame	0	15	27	27	15	2.08954e-002	1.21293e-002	0.	0.127281	9.31391	0.	2.15918e-002	0.999767	0.	0.	5.55556e-002	
Time	FPS	Frame	0	15	27	27	15	2.10809e-002	1.19272e-002	0.	0.128963	9.36927	0.	2.17939e-002	0.999762	0.	0.	5.55556e-002	
Time	FPS	Frame	0	16	27	27	16	2.12632e-002	1.17283e-002	0.	0.130648	9.42464	0.	2.19927e-002	0.999758	0.	0.	5.55556e-002	
Time	FPS	Frame	0	16	28	28	16	2.14427e-002	1.15329e-002	0.	0.132337	9.48	0.	2.21881e-002	0.999754	0.	0.	5.55556e-002	
Time	FPS	Frame	0	16	28	28	16	2.16191e-002	1.30724e-002	0.	0.134028	9.53537	0.	2.23803e-002	0.99975	0.	0.	5.55556e-002	
Time	FPS	Frame	0	16	28	28	16	2.18797e-002	1.28545e-002	0.	0.135791	9.59072	0.	2.25981e-002	0.999745	0.	0.	5.55556e-002	
Time	FPS	Frame	0	16	28	28	16	2.20762e-002	1.26403e-002	0.	0.137557	9.64606	0.	2.28123e-002	0.99974	0.	0.	5.55556e-002	
Time	FPS	Frame	0	16	28	28	16	2.22695e-002	1.24296e-002	0.	0.139327	9.70141	0.	2.30229e-002	0.999735	0.	0.	5.55556e-002	
Time	FPS	Frame	0	16	28	28	16	2.24595e-002	1.22225e-002	0.	0.141101	9.75677	0.	2.323e-002	0.99973	0.	0.	5.55556e-002	
Time	FPS	Frame	0	17	29	28	17	2.26465e-002	1.20188e-002	0.	0.142877	9.81212	0.	2.34336e-002	0.999725	0.	0.	5.55556e-002	
Time	FPS	Frame	0	17	29	29	17	2.28302e-002	1.18184e-002	0.	0.144657	9.86748	0.	2.36339e-002	0.999721	0.	0.	5.55556e-002	
Time	FPS	Frame	0	17	29	29	17	2.3011e-002	1.336e-002	0.	0.146439	9.92284	0.	2.38309e-002	0.999716	0.	0.	5.55556e-002	
Time	FPS	Frame	0	17	29	29	17	2.32644e-002	1.31374e-002	0.	0.148294	9.97818	0.	2.40534e-002	0.999711	0.	0.	5.55556e-002	
Time	FPS	Frame	0	17	29	29	17	2.34651e-002	1.29184e-002	0.	0.150152	10.0335	0.	2.42723e-002	0.999705	0.	0.	5.55556e-002	
Time	FPS	Frame	0	17	29	29	17	2.36628e-002	1.27032e-002	0.	0.152014	10.0889	0.	2.44875e-002	0.9997	0.	0.	5.55556e-002	
Time	FPS	Frame	0	17	29	29	17	2.38569e-002	1.24915e-002	0.	0.153879	10.1442	0.	2.46991e-002	0.999695	0.	0.	5.55556e-002	
Time	FPS	Frame	0	17	30	30	17	2.4048e-002	1.22833e-002	0.	0.155747	10.1996	0.	2.49072e-002	0.99969	0.	0.	5.55556e-002	
Time	FPS	Frame	0	18	30	30	18	2.42358e-002	1.20786e-002	0.	0.157619	10.2549	0.	2.51119e-002	0.999685	0.	0.	5.55556e-002	
Time	FPS	Frame	0	18	30	30	18	2.44205e-002	1.36225e-002	0.	0.159494	10.3103	0.	2.53131e-002	0.99968	0.	0.	5.55556e-002	
Time	FPS	Frame	0	18	30	30	18	2.46747e-002	1.33955e-002	0.	0.161441	10.3656	0.	2.55401e-002	0.999674	0.	0.	5.55556e-002	
Time	FPS	Frame	0	18	30	30	18	2.48796e-002	1.31724e-002	0.	0.163392	10.4209	0.	2.57631e-002	0.999668	0.	0.	5.55556e-002	
Time	FPS	Frame	0	18	30	30	18	2.5081e-002	1.29529e-002	0.	0.165346	10.4763	0.	2.59826e-002	0.999662	0.	0.	5.55556e-002	
Time	FPS	Frame	0	18	31	30	18	2.52792e-002	1.27371e-002	0.	0.167304	10.5316	0.	2.61983e-002	0.999657	0.	0.	5.55556e-002	
Time	FPS	Frame	0	18	31	31	18	2.54742e-002	1.2525e-002	0.	0.169265	10.587	0.	2.64103e-002	0.999651	0.	0.	5.55556e-002	
Time	FPS	Frame	0	19	31	31	19	2.56659e-002	1.23163e-002	0.	0.171229	10.6423	0.	2.66189e-002	0.999646	0.	0.	5.55556e-002	
Time	FPS	Frame	0	19	31	31	19	2.58545e-002	1.38611e-002	0.	0.173197	10.6976	0.	2.6824e-002	0.99964	0.	0.	5.55556e-002	
Time	FPS	Frame	0	19	31	31	19	2.61176e-002	1.363e-002	0.	0.175237	10.753	0.	2.7055e-002	0.999634	0.	0.	5.55556e-002	
Time	FPS	Frame	0	19	31	31	19	2.63258e-002	1.34029e-002	0.	0.177281	10.8083	0.	2.7282e-002	0.999628	0.	0.	5.55556e-002	
Time	FPS	Frame	0	19	32	31	19	2.65309e-002	1.31796e-002	0.	0.179328	10.8636	0.	2.75052e-002	0.999622	0.	0.	5.55556e-002	
Time	FPS	Frame	0	19	32	32	19	2.67323e-002	1.296e-002	0.	0.18138	10.919	0.	2.77248e-002	0.999616	0.	0.	5.55556e-002	
Time	FPS	Frame	0	19	32	32	19	2.69304e-002	1.2744e-002	0.	0.183434	10.9743	0.	2.79407e-002	0.99961	0.	0.	5.55556e-002	
Time	FPS	Frame	0	19	32	32	19	2.71251e-002	1.25315e-002	0.	0.185492	11.0296	0.	2.8153e-002	0.999604	0.	0.	5.55556e-002	
Time	FPS	Frame	0	20	32	32	20	2.73167e-002	1.40801e-002	0.	0.187553	11.085	0.	2.83618e-002	0.999598	0.	0.	5.55556e-002	
Time	FPS	Frame	0	20	32	32	20	2.75975e-002	1.38455e-002	0.	0.189687	11.1403	0.	2.85963e-002	0.999591	0.	0.	5.55556e-002	
Time	FPS	Frame	0	20	32	32	20	2.78091e-002	1.36148e-002	0.	0.191825	11.1956	0.	2.88269e-002	0.999584	0.	0.	5.55556e-002	
Time	FPS	Frame	0	20	33	33	20	2.80172e-002	1.3388e-002	0.	0.193967	11.2509	0.	2.90536e-002	0.999578	0.	0.	5.55556e-002	
Time	FPS	Frame	0	20	33	33	20	2.82218e-002	1.31649e-002	0.	0.196112	11.3063	0.	2.92766e-002	0.999571	0.	0.	5.55556e-002	
Time	FPS	Frame	0	20	33	33	20	2.84233e-002	1.29456e-002	0.	0.19826	11.3616	0.	2.94958e-002	0.999565	0.	0.	5.55556e-002	
Time	FPS	Frame	0	20	33	33	20	2.86216e-002	1.273e-002	0.	0.200411	11.4169	0.	2.97113e-002	0.999559	0.	0.	5.55556e-002	
Time	FPS	Frame	0	21	33	33	21	2.88169e-002	1.42808e-002	0.	0.202566	11.4723	0.	2.99231e-002	0.999552	0.	0.	5.55556e-002	
Time	FPS	Frame	0	21	33	33	21	2.91236e-002	1.4043e-002	0.	0.204794	11.5276	0.	3.01608e-002	0.999545	0.	0.	5.55556e-002	
Time	FPS	Frame	0	21	34	34	21	2.93384e-002	1.38091e-002	0.	0.207026	11.5829	0.	3.03946e-002	0.999538	0.	0.	5.55556e-002	
Time	FPS	Frame	0	21	34	34	21	2.95495e-002	1.3579e-002	0.	0.209262	11.6382	0.	3.06245e-002	0.999531	0.	0.	5.55556e-002	
Time	FPS	Frame	0	21	34	34	21	2.97573e-002	1.33529e-002	0.	0.211501	11.6935	0.	3.08506e-002	0.999524	0.	0.	5.55556e-002	
Time	FPS	Frame	0	21	34	34	21	2.99614e-002	1.31304e-002	0.	0.213744	11.7489	0.	3.1073e-002	0.999517	0.	0.	5.55556e-002	
Time	FPS	Frame	0	21	34	34	21	3.01622e-002	1.46799e-002	0.	0.215991	11.8042	0.	3.12916e-002	0.99951	0.	0.	5.55556e-002	
Time	FPS	Frame	0	22	34	34	22	3.04079e-002	1.44352e-002	0.	0.218311	11.8595	0.	3.15362e-002	0.999503	0.	0.	5.55556e-002	
Time	FPS	Frame	0	22	35	35	22	3.06284e-002	1.41947e-002	0.	0.220635	11.9148	0.	3.17766e-002	0.999495	0.	0.	5.55556e-002	
Time	FPS	Frame	0	22	35	35	22	3.08452e-002	1.39582e-002	0.	0.222962	11.9701	0.	3.2013e-002	0.999487	0.	0.	5.55556e-002	
Time	FPS	Frame	0	22	35	35	22	3.10583e-002	1.37255e-002	0.	0.225294	12.0254	0.	3.22455e-002	0.99948	0.	0.	5.55556e-002	
Time	FPS	Frame	0	22	35	35	22	3.12676e-002	1.34966e-002	0.	0.227629	12.0807	0.	3.24743e-002	0.999473	0.	0.	5.55556e-002	
Time	FPS	Frame	0	22	35	35	22	3.14736e-002	1.32716e-002	0.	0.229968	12.136	0.	3.26992e-002	0.999465	0.	0.	5.55556e-002	
Time	FPS	Frame	0	22	35	35	22	3.16761e-002	1.48233e-002	0.	0.232311	12.1914	0.	3.29204e-002	0.999458	0.	0.	5.55556e-002	
Time	FPS	Frame	0	23	36	36	23	3.19639e-002	1.45764e-002	0.	0.234726	12.2467	0.	3.31671e-002	0.99945	0.	0.	5.55556e-002	
Time	FPS	Frame	0	23	36	36	23	3.21867e-002	1.43336e-002	0.	0.237146	12.302	0.	3.34098e-002	0.999442	0.	0.	5.55556e-002	
Time	FPS	Frame	0	23	36	36	23	3.24057e-002	1.40948e-002	0.	0.239569	12.3573	0.	3.36484e-002	0.999434	0.	0.	5.55556e-002	
Time	FPS	Frame	0	23	36	36	23	3.26212e-002	1.386e-002	0.	0.241996	12.4126	0.	3.38831e-002	0.999426	0.	0.	5.55556e-002	
Time	FPS	Frame	0	23	36	36	23	3.2833e-002	1.36291e-002	0.	0.244427	12.4679	0.	3.41139e-002	0.999418	0.	0.	5.55556e-002	
Time	FPS	Frame	0	23	36	36	23	3.30412e-002	1.51792e-002	0.	0.246862	12.5232	0.	3.43409e-002	0.99941	0.	0.	5.55556e-002	
Time	FPS	Frame	0	23	37	37	23	3.32841e-002	1.49263e-002	0.	0.24937	12.5785	0.	3.45936e-002	0.999401	0.	0.	5.55556e-002	
Time	FPS	Frame	0	24	37	37	23	3.35118e-002	1.46775e-002	0.	0.251883	12.6338	0.	3.48422e-002	0.999393	0.	0.	5.55556e-002	
Time	FPS	Frame	0	24	37	37	24	3.3736e-002	1.4433e-002	0.	0.254399	12.6891	0.	3.50866e-002	0.999384	0.	0.	5.55556e-002	
Time	FPS	Frame	0	24	37	37	24	3.39563e-002	1.41924e-002	0.	0.256919	12.7444	0.	3.5327e-002	0.999376	0.	0.	5.55556e-002	
Time	FPS	Frame	0	24	37	37	24	3.41731e-002	1.39559e-002	0.	0.259444	12.7997	0.	3.55634e-002	0.999367	0.	0.	5.55556e-002	
Time	FPS	Frame	0	24	37	37	24	3.43862e-002	1.37233e-002	0.	0.261971	12.855	0.	3.57958e-002	0.999359	0.	0.	5.55556e-002	
Time	FPS	Frame	0	24	38	38	24	3.45957e-002	1.52768e-002	0.	0.264503	12.9103	0.	3.60244e-002	0.999351	0.	0.	5.55556e-002	
Time	FPS	Frame	0	24	38	38	24	3.48961e-002	1.50221e-002	0.	0.267109	12.9655	0.	3.62789e-002	0.999342	0.	0.	5.55556e-002	
Time	FPS	Frame	0	25	38	38	25	3.51253e-002	1.47717e-002	0.	0.269718	13.0208	0.	3.65291e-002	0.999333	0.	0.	5.55556e-002	
Time	FPS	Frame	0	25	38	38	25	3.53506e-002	1.45255e-002	0.	0.272332	13.0761	0.	3.67752e-002	0.999324	0.	0.	5.55556e-002	
Time	FPS	Frame	0	25	38	38	25	3.55721e-002	1.42833e-002	0.	0.27495	13.1314	0.	3.70172e-002	0.999315	0.	0.	5.55556e-002	
Time	FPS	Frame	0	25	38	38	25	3.57901e-002	1.40453e-002	0.	0.277571	13.1867	0.	3.72551e-002	0.999306	0.	0.	5.55556e-002	
Time	FPS	Frame	0	25	39	39	25	3.60044e-002	1.55968e-002	0.	0.280196	13.242	0.	3.74891e-002	0.999297	0.	0.	5.55556e-002	
Time	FPS	Frame	0	25	39	39	25	3.62763e-002	1.53369e-002	0.	0.282895	13.2973	0.	3.77488e-002	0.999287	0.	0.	5.55556e-002	
Time	FPS	Frame	0	25	39	39	25	3.65101e-002	1.50813e-002	0.	0.285599	13.3525	0.	3.80042e-002	0.999278	0.	0.	5.55556e-002	
Time	FPS	Frame	0	26	39	39	26	3.67401e-002	1.48299e-002	0.	0.288306	13.4078	0.	3.82554e-002	0.999268	0.	0.	5.55556e-002	
Time	FPS	Frame	0	26	39	39	26	3.69662e-002	1.45827e-002	0.	0.291018	13.4631	0.	3.85025e-002	0.999259	0.	0.	5.55556e-002	
Time	FPS	Frame	0	26	40	39	26	3.71887e-002	1.43396e-002	0.	0.293733	13.5184	0.	3.87454e-002	0.999249	0.	0.	5.55556e-002	
Time	FPS	Frame	0	26	40	40	26	3.74077e-002	1.58894e-002	0.	0.296452	13.5737	0.	3.89841e-002	0.99924	0.	0.	5.55556e-002	
Time	FPS	Frame	0	26	40	40	26	3.76584e-002	1.56247e-002	0.	0.299245	13.6289	0.	3.92486e-002	0.999229	0.	0.	5.55556e-002	
Time	FPS	Frame	0	26	40	40	26	3.78968e-002	1.53644e-002	0.	0.302043	13.6842	0.	3.95088e-002	0.999219	0.	0.	5.55556e-002	
Time	FPS	Frame	0	26	40	40	26	3.81312e-002	1.51084e-002	0.	0.304844	13.7395	0.	3.97646e-002	0.999209	0.	0.	5.55556e-002	
Time	FPS	Frame	0	27	40	40	27	3.8362e-002	1.48567e-002	0.	0.30765	13.7948	0.	4.00161e-002	0.999199	0.	0.	5.55556e-002	
Time	FPS	Frame	0	27	41	41	27	3.85887e-002	1.46091e-002	0.	0.31046	13.85	0.	4.02634e-002	0.999189	0.	0.	5.55556e-002	
Time	FPS	Frame	0	27	41	41	27	3.8812e-002	1.43658e-002	0.	0.313273	13.9053	0.	4.05066e-002	0.999179	0.	0.	5.55556e-002	
Time	FPS	Frame	0	27	41	41	27	3.90317e-002	1.59191e-002	0.	0.31609	13.9606	0.	4.07456e-002	0.99917	0.	0.	5.55556e-002	
Time	FPS	Frame	0	27	41	41	27	3.9364e-002	1.56537e-002	0.	0.318983	14.0159	0.	4.10108e-002	0.999159	0.	0.	5.55556e-002	
Time	FPS	Frame	0	27	41	41	27	3.96029e-002	1.53929e-002	0.	0.321879	14.0711	0.	4.12714e-002	0.999148	0.	0.	5.55556e-002	
Time	FPS	Frame	0	27	41	41	27	3.98379e-002	1.51365e-002	0.	0.324779	14.1264	0.	4.15276e-002	0.999137	0.	0.	5.55556e-002	
Time	FPS	Frame	0	28	42	42	28	4.00689e-002	1.48843e-002	0.	0.327683	14.1816	0.	4.17796e-002	0.999127	0.	0.	5.55556e-002	
Time	FPS	Frame	0	28	42	42	28	4.02961e-002	1.46362e-002	0.	0.330592	14.2369	0.	4.20274e-002	0.999116	0.	0.	5.55556e-002	
Time	FPS	Frame	0	28	42	42	28	4.05194e-002	1.61863e-002	0.	0.333504	14.2922	0.	4.22712e-002	0.999106	0.	0.	5.55556e-002	
Time	FPS	Frame	0	28	42	42	28	4.0847e-002	1.59167e-002	0.	0.336491	14.3474	0.	4.25405e-002	0.999095	0.	0.	5.55556e-002	
Time	FPS	Frame	0	28	42	42	28	4.10897e-002	1.56515e-002	0.	0.339482	14.4027	0.	4.28056e-002	0.999083	0.	0.	5.55556e-002	
Time	FPS	Frame	0	28	43	43	28	4.13286e-002	1.53907e-002	0.	0.342477	14.4579	0.	4.30661e-002	0.999072	0.	0.	5.55556e-002	
Time	FPS	Frame	0	29	43	43	29	4.15634e-002	1.51343e-002	0.	0.345477	14.5132	0.	4.33223e-002	0.999061	0.	0.	5.55556e-002	
Time	FPS	Frame	0	29	43	43	29	4.17943e-002	1.48821e-002	0.	0.34848	14.5685	0.	4.35742e-002	0.99905	0.	0.	5.55556e-002	
Time	FPS	Frame	0	29	43	43	29	4.20213e-002	1.64316e-002	0.	0.351488	14.6237	0.	4.3822e-002	0.999039	0.	0.	5.55556e-002	
Time	FPS	Frame	0	29	43	43	29	4.23513e-002	1.61578e-002	0.	0.35457	14.679	0.	4.40955e-002	0.999027	0.	0.	5.55556e-002	
Time	FPS	Frame	0	29	44	44	29	4.25976e-002	1.58885e-002	0.	0.357657	14.7342	0.	4.43646e-002	0.999015	0.	0.	5.55556e-002	
Time	FPS	Frame	0	29	44	44	29	4.284e-002	1.56238e-002	0.	0.360748	14.7895	0.	4.4629e-002	0.999004	0.	0.	5.55556e-002	
Time	FPS	Frame	0	29	44	44	29	4.30781e-002	1.53634e-002	0.	0.363843	14.8447	0.	4.48892e-002	0.998992	0.	0.	5.55556e-002	
Time	FPS	Frame	0	30	44	44	30	4.33124e-002	1.51073e-002	0.	0.366943	14.9	0.	4.5145e-002	0.99898	0.	0.	5.55556e-002	
Time	FPS	Frame	0	30	44	44	30	4.35428e-002	1.66528e-002	0.	0.370046	14.9552	0.	4.53965e-002	0.998969	0.	0.	5.55556e-002	
Time	FPS	Frame	0	30	44	44	30	4.38828e-002	1.63754e-002	0.	0.373224	15.0105	0.	4.56737e-002	0.998956	0.	0.	5.55556e-002	
Time	FPS	Frame	0	30	45	45	30	4.41325e-002	1.61025e-002	0.	0.376406	15.0657	0.	4.59462e-002	0.998944	0.	0.	5.55556e-002	
Time	FPS	Frame	0	30	45	45	30	4.43781e-002	1.58342e-002	0.	0.379593	15.1209	0.	4.62142e-002	0.998932	0.	0.	5.55556e-002	
Time	FPS	Frame	0	30	45	45	30	4.46199e-002	1.55705e-002	0.	0.382784	15.1762	0.	4.64777e-002	0.998919	0.	0.	5.55556e-002	
Time	FPS	Frame	0	31	45	45	31	4.48574e-002	1.71103e-002	0.	0.385979	15.2314	0.	4.67368e-002	0.998907	0.	0.	5.55556e-002	
Time	FPS	Frame	0	31	45	45	31	4.51193e-002	1.68251e-002	0.	0.38925	15.2867	0.	4.70216e-002	0.998894	0.	0.	5.55556e-002	
Time	FPS	Frame	0	31	46	46	31	4.53755e-002	1.65447e-002	0.	0.392524	15.3419	0.	4.73018e-002	0.998881	0.	0.	5.55556e-002	
Time	FPS	Frame	0	31	46	46	31	4.56277e-002	1.6269e-002	0.	0.395804	15.3971	0.	4.75771e-002	0.998868	0.	0.	5.55556e-002	
Time	FPS	Frame	0	31	46	46	31	4.58755e-002	1.59978e-002	0.	0.399087	15.4523	0.	4.7848e-002	0.998855	0.	0.	5.55556e-002	
Time	FPS	Frame	0	31	46	46	31	4.61193e-002	1.57312e-002	0.	0.402375	15.5076	0.	4.81144e-002	0.998842	0.	0.	5.55556e-002	
Time	FPS	Frame	0	31	46	46	31	4.63591e-002	1.72686e-002	0.	0.405668	15.5628	0.	4.83763e-002	0.998829	0.	0.	5.55556e-002	
Time	FPS	Frame	0	32	47	47	32	4.66458e-002	1.69808e-002	0.	0.409035	15.618	0.	4.86637e-002	0.998815	0.	0.	5.55556e-002	
Time	FPS	Frame	0	32	47	47	32	4.69045e-002	1.66979e-002	0.	0.412407	15.6732	0.	4.89463e-002	0.998801	0.	0.	5.55556e-002	
Time	FPS	Frame	0	32	47	47	32	4.71588e-002	1.64196e-002	0.	0.415783	15.7285	0.	4.92243e-002	0.998788	0.	0.	5.55556e-002	
Time	FPS	Frame	0	32	47	47	32	4.7409e-002	1.61459e-002	0.	0.419164	15.7837	0.	4.94976e-002	0.998774	0.	0.	5.55556e-002	
Time	FPS	Frame	0	32	47	47	32	4.76553e-002	1.58769e-002	0.	0.422548	15.8389	0.	4.97662e-002	0.998761	0.	0.	5.55556e-002	
Time	FPS	Frame	0	32	48	48	32	4.78974e-002	1.74109e-002	0.	0.425938	15.8941	0.	5.00305e-002	0.998748	0.	0.	5.55556e-002	
Time	FPS	Frame	0	33	48	48	33	4.82167e-002	1.71207e-002	0.	0.429402	15.9493	0.	5.03203e-002	0.998733	0.	0.	5.55556e-002	
Time	FPS	Frame	0	33	48	48	33	4.84776e-002	1.68355e-002	0.	0.43287	16.0045	0.	5.06051e-002	0.998719	0.	0.	5.55556e-002	
Time	FPS	Frame	0	33	48	48	33	4.87341e-002	1.65549e-002	0.	0.436344	16.0598	0.	5.08853e-002	0.998705	0.	0.	5.55556e-002	
Time	FPS	Frame	0	33	48	48	33	4.89863e-002	1.6279e-002	0.	0.439822	16.115	0.	5.11609e-002	0.99869	0.	0.	5.55556e-002	
Time	FPS	Frame	0	33	49	49	33	4.92343e-002	1.60077e-002	0.	0.443304	16.1702	0.	5.14319e-002	0.998677	0.	0.	5.55556e-002	
Time	FPS	Frame	0	33	49	49	33	4.94786e-002	1.75389e-002	0.	0.44679	16.2254	0.	5.16981e-002	0.998663	0.	0.	5.55556e-002	
Time	FPS	Frame	0	34	49	49	34	4.98378e-002	1.72466e-002	0.	0.450351	16.2806	0.	5.199e-002	0.998648	0.	0.	5.55556e-002	
Time	FPS	Frame	0	34	49	49	34	5.01004e-002	1.69591e-002	0.	0.453917	16.3358	0.	5.22771e-002	0.998633	0.	0.	5.55556e-002	
Time	FPS	Frame	0	34	49	49	34	5.03589e-002	1.66766e-002	0.	0.457488	16.391	0.	5.25593e-002	0.998618	0.	0.	5.55556e-002	
Time	FPS	Frame	0	34	50	50	34	5.0613e-002	1.63987e-002	0.	0.461063	16.4462	0.	5.28368e-002	0.998603	0.	0.	5.55556e-002	
Time	FPS	Frame	0	34	50	50	34	5.08628e-002	1.7922e-002	0.	0.464643	16.5014	0.	5.31097e-002	0.998589	0.	0.	5.55556e-002	
Time	FPS	Frame	0	34	50	50	34	5.1174e-002	1.76232e-002	0.	0.468297	16.5566	0.	5.3408e-002	0.998573	0.	0.	5.55556e-002	
Time	FPS	Frame	0	35	50	50	35	5.14419e-002	1.73294e-002	0.	0.471957	16.6118	0.	5.37014e-002	0.998557	0.	0.	5.55556e-002	
Time	FPS	Frame	0	35	50	50	35	5.17056e-002	1.70405e-002	0.	0.475621	16.667	0.	5.39899e-002	0.998541	0.	0.	5.55556e-002	
Time	FPS	Frame	0	35	51	51	35	5.19649e-002	1.67565e-002	0.	0.47929	16.7222	0.	5.42735e-002	0.998526	0.	0.	5.55556e-002	
Time	FPS	Frame	0	35	51	51	35	5.22202e-002	1.64772e-002	0.	0.482963	16.7774	0.	5.45524e-002	0.998511	0.	0.	5.55556e-002	
Time	FPS	Frame	0	35	51	51	35	5.24712e-002	1.79956e-002	0.	0.48664	16.8326	0.	5.48266e-002	0.998496	0.	0.	5.55556e-002	
Time	FPS	Frame	0	35	51	51	35	5.28368e-002	1.76957e-002	0.	0.490392	16.8878	0.	5.5126e-002	0.998479	0.	0.	5.55556e-002	
Time	FPS	Frame	0	36	51	51	36	5.31063e-002	1.74009e-002	0.	0.494149	16.943	0.	5.54204e-002	0.998463	0.	0.	5.55556e-002	
Time	FPS	Frame	0	36	52	52	36	5.33713e-002	1.71109e-002	0.	0.497911	16.9982	0.	5.57099e-002	0.998447	0.	0.	5.55556e-002	
Time	FPS	Frame	0	36	52	52	36	5.3632e-002	1.68258e-002	0.	0.501677	17.0533	0.	5.59946e-002	0.998431	0.	0.	5.55556e-002	
Time	FPS	Frame	0	36	52	52	36	5.38885e-002	1.83356e-002	0.	0.505448	17.1085	0.	5.62745e-002	0.998415	0.	0.	5.55556e-002	
Time	FPS	Frame	0	36	52	52	36	5.42206e-002	1.803e-002	0.	0.509294	17.1637	0.	5.65796e-002	0.998398	0.	0.	5.55556e-002	
Time	FPS	Frame	0	36	52	53	36	5.4495e-002	1.77295e-002	0.	0.513144	17.2189	0.	5.68796e-002	0.998381	0.	0.	5.55556e-002	
Time	FPS	Frame	0	37	53	53	37	5.47649e-002	1.74341e-002	0.	0.516999	17.274	0.	5.71745e-002	0.998364	0.	0.	5.55556e-002	
Time	FPS	Frame	0	37	53	53	37	5.503e-002	1.71434e-002	0.	0.520859	17.3292	0.	5.74647e-002	0.998348	0.	0.	5.55556e-002	
Time	FPS	Frame	0	37	53	53	37	5.52908e-002	1.86442e-002	0.	0.524724	17.3844	0.	5.77501e-002	0.998331	0.	0.	5.55556e-002	
Time	FPS	Frame	0	37	53	53	37	5.55968e-002	1.83335e-002	0.	0.528664	17.4396	0.	5.80602e-002	0.998313	0.	0.	5.55556e-002	
Time	FPS	Frame	0	37	53	54	37	5.58758e-002	1.8028e-002	0.	0.532608	17.4947	0.	5.83652e-002	0.998295	0.	0.	5.55556e-002	
Time	FPS	Frame	0	37	54	54	37	5.61501e-002	1.77276e-002	0.	0.536557	17.5499	0.	5.86651e-002	0.998278	0.	0.	5.55556e-002	
Time	FPS	Frame	0	38	54	54	38	5.64201e-002	1.74322e-002	0.	0.54051	17.6051	0.	5.896e-002	0.99826	0.	0.	5.55556e-002	
Time	FPS	Frame	0	38	54	54	38	5.66857e-002	1.89242e-002	0.	0.544469	17.6602	0.	5.92499e-002	0.998243	0.	0.	5.55556e-002	
Time	FPS	Frame	0	38	54	55	38	5.69726e-002	1.86089e-002	0.	0.548502	17.7154	0.	5.95647e-002	0.998224	0.	0.	5.55556e-002	
Time	FPS	Frame	0	38	55	55	38	5.72557e-002	1.82988e-002	0.	0.55254	17.7705	0.	5.98742e-002	0.998206	0.	0.	5.55556e-002	
Time	FPS	Frame	0	38	55	55	38	5.75342e-002	1.7994e-002	0.	0.556583	17.8257	0.	6.01785e-002	0.998188	0.	0.	5.55556e-002	
Time	FPS	Frame	0	38	55	55	39	5.78082e-002	1.76942e-002	0.	0.56063	17.8808	0.	6.04778e-002	0.99817	0.	0.	5.55556e-002	
Time	FPS	Frame	0	39	55	55	39	5.80777e-002	1.73993e-002	0.	0.564683	17.936	0.	6.07721e-002	0.998152	0.	0.	5.55556e-002	
Time	FPS	Frame	0	39	55	56	39	5.83429e-002	1.88842e-002	0.	0.56874	17.9912	0.	6.10614e-002	0.998134	0.	0.	5.55556e-002	
Time	FPS	Frame	0	39	56	56	39	5.8711e-002	1.85694e-002	0.	0.572872	18.0463	0.	6.13756e-002	0.998115	0.	0.	5.55556e-002	
Time	FPS	Frame	0	39	56	56	39	5.89933e-002	1.82599e-002	0.	0.577009	18.1014	0.	6.16845e-002	0.998096	0.	0.	5.55556e-002	
Time	FPS	Frame	0	39	56	56	39	5.9271e-002	1.79556e-002	0.	0.58115	18.1566	0.	6.19882e-002	0.998077	0.	0.	5.55556e-002	
Time	FPS	Frame	0	39	56	57	40	5.95444e-002	1.76564e-002	0.	0.585296	18.2117	0.	6.22868e-002	0.998058	0.	0.	5.55556e-002	
Time	FPS	Frame	0	40	57	57	40	5.98132e-002	1.91298e-002	0.	0.589448	18.2669	0.	6.25805e-002	0.99804	0.	0.	5.55556e-002	
Time	FPS	Frame	0	40	57	57	40	6.01761e-002	1.8811e-002	0.	0.593673	18.322	0.	6.28987e-002	0.99802	0.	0.	5.55556e-002	
Time	FPS	Frame	0	40	57	57	40	6.0462e-002	1.84974e-002	0.	0.597903	18.3771	0.	6.32116e-002	0.998	0.	0.	5.55556e-002	
Time	FPS	Frame	0	40	57	57	40	6.07431e-002	1.81891e-002	0.	0.602138	18.4323	0.	6.35194e-002	0.997981	0.	0.	5.55556e-002	
Time	FPS	Frame	0	40	57	58	40	6.10198e-002	1.78859e-002	0.	0.606379	18.4874	0.	6.38219e-002	0.997961	0.	0.	5.55556e-002	
Time	FPS	Frame	0	41	58	58	41	6.12917e-002	1.93496e-002	0.	0.610624	18.5426	0.	6.41195e-002	0.997942	0.	0.	5.55556e-002	
Time	FPS	Frame	0	41	58	58	41	6.16562e-002	1.90272e-002	0.	0.614942	18.5977	0.	6.44412e-002	0.997922	0.	0.	5.55556e-002	
Time	FPS	Frame	0	41	58	58	41	6.19455e-002	1.87101e-002	0.	0.619266	18.6528	0.	6.47576e-002	0.997901	0.	0.	5.55556e-002	
Time	FPS	Frame	0	41	58	59	41	6.223e-002	1.83983e-002	0.	0.623595	18.7079	0.	6.50688e-002	0.997881	0.	0.	5.55556e-002	
Time	FPS	Frame	0	41	59	59	41	6.25101e-002	1.80918e-002	0.	0.627929	18.7631	0.	6.53746e-002	0.997861	0.	0.	5.55556e-002	
Time	FPS	Frame	0	41	59	59	42	6.27854e-002	1.95412e-002	0.	0.632268	18.8182	0.	6.56755e-002	0.997841	0.	0.	5.55556e-002	
Time	FPS	Frame	0	42	59	59	42	6.31576e-002	1.92156e-002	0.	0.63668	18.8733	0.	6.60004e-002	0.99782	0.	0.	5.55556e-002	
Time	FPS	Frame	0	42	59	60	42	6.34498e-002	1.88954e-002	0.	0.641097	18.9284	0.	6.63199e-002	0.997798	0.	0.	5.55556e-002	
Time	FPS	Frame	0	42	60	60	42	6.37371e-002	1.85805e-002	0.	0.645519	18.9835	0.	6.6634e-002	0.997777	0.	0.	5.55556e-002	
Time	FPS	Frame	0	42	60	60	42	6.40199e-002	1.82709e-002	0.	0.649947	19.0386	0.	6.69429e-002	0.997757	0.	0.	5.55556e-002	
Time	FPS	Frame	0	42	60	60	42	6.42981e-002	1.97081e-002	0.	0.654379	19.0938	0.	6.72466e-002	0.997736	0.	0.	5.55556e-002	
Time	FPS	Frame	0	43	60	61	43	6.46845e-002	1.93796e-002	0.	0.658884	19.1489	0.	6.75743e-002	0.997714	0.	0.	5.55556e-002	
Time	FPS	Frame	0	43	61	61	43	6.49789e-002	1.90566e-002	0.	0.663395	19.204	0.	6.78966e-002	0.997692	0.	0.	5.55556e-002	
Time	FPS	Frame	0	43	61	61	43	6.52685e-002	1.8739e-002	0.	0.667911	19.2591	0.	6.82135e-002	0.997671	0.	0.	5.55556e-002	
Time	FPS	Frame	0	43	61	61	43	6.55534e-002	2.0158e-002	0.	0.672432	19.3142	0.	6.85251e-002	0.997649	0.	0.	5.55556e-002	
Time	FPS	Frame	0	43	61	62	43	6.58689e-002	1.98219e-002	0.	0.677026	19.3693	0.	6.88603e-002	0.997626	0.	0.	5.55556e-002	
Time	FPS	Frame	0	43	61	62	44	6.617e-002	1.94916e-002	0.	0.681625	19.4244	0.	6.91899e-002	0.997604	0.	0.	5.55556e-002	
Time	FPS	Frame	0	44	62	62	44	6.64662e-002	1.91668e-002	0.	0.686229	19.4795	0.	6.9514e-002	0.997581	0.	0.	5.55556e-002	
Time	FPS	Frame	0	44	62	62	44	6.67576e-002	1.88473e-002	0.	0.690839	19.5345	0.	6.98326e-002	0.997559	0.	0.	5.55556e-002	
Time	FPS	Frame	0	44	62	63	44	6.70439e-002	2.02516e-002	0.	0.695454	19.5896	0.	7.0146e-002	0.997537	0.	0.	5.55556e-002	
Time	FPS	Frame	0	44	62	63	44	6.73863e-002	1.9914e-002	0.	0.70014	19.6447	0.	7.04827e-002	0.997513	0.	0.	5.55556e-002	
Time	FPS	Frame	0	44	63	63	45	6.76888e-002	1.95822e-002	0.	0.704833	19.6998	0.	7.08138e-002	0.99749	0.	0.	5.55556e-002	
Time	FPS	Frame	0	45	63	63	45	6.79863e-002	1.92558e-002	0.	0.70953	19.7549	0.	7.11394e-002	0.997466	0.	0.	5.55556e-002	
Time	FPS	Frame	0	45	63	64	45	6.82789e-002	1.89349e-002	0.	0.714233	19.81	0.	7.14595e-002	0.997444	0.	0.	5.55556e-002	
Time	FPS	Frame	0	45	63	64	45	6.85667e-002	2.03229e-002	0.	0.718941	19.8651	0.	7.17742e-002	0.997421	0.	0.	5.55556e-002	
Time	FPS	Frame	0	45	64	64	45	6.89417e-002	1.99842e-002	0.	0.72372	19.9201	0.	7.21121e-002	0.997397	0.	0.	5.55556e-002	
Time	FPS	Frame	0	45	64	64	45	6.92451e-002	1.9651e-002	0.	0.728505	19.9752	0.	7.24443e-002	0.997372	0.	0.	5.55556e-002	
Time	FPS	Frame	0	46	64	65	46	6.95435e-002	1.93235e-002	0.	0.733296	20.0303	0.	7.2771e-002	0.997349	0.	0.	5.55556e-002	
Time	FPS	Frame	0	46	64	65	46	6.98371e-002	2.06913e-002	0.	0.738091	20.0854	0.	7.30922e-002	0.997325	0.	0.	5.55556e-002	
Time	FPS	Frame	0	46	65	65	46	7.01614e-002	2.03465e-002	0.	0.742958	20.1404	0.	7.34362e-002	0.9973	0.	0.	5.55556e-002	
Time	FPS	Frame	0	46	65	65	46	7.04705e-002	2.00074e-002	0.	0.74783	20.1955	0.	7.37743e-002	0.997275	0.	0.	5.55556e-002	
Time	FPS	Frame	0	46	65	66	46	7.07743e-002	1.9674e-002	0.	0.752707	20.2505	0.	7.41068e-002	0.99725	0.	0.	5.55556e-002	
Time	FPS	Frame	0	46	65	66	47	7.10732e-002	1.9346e-002	0.	0.75759	20.3056	0.	7.44338e-002	0.997226	0.	0.	5.55556e-002	
Time	FPS	Frame	0	47	66	66	47	7.13673e-002	2.06953e-002	0.	0.762478	20.3607	0.	7.47553e-002	0.997202	0.	0.	5.55556e-002	
Time	FPS	Frame	0	47	66	66	47	7.17354e-002	2.03503e-002	0.	0.767437	20.4157	0.	7.50992e-002	0.997176	0.	0.	5.55556e-002	
Time	FPS	Frame	0	47	66	67	47	7.20442e-002	2.00111e-002	0.	0.772401	20.4708	0.	7.54375e-002	0.997151	0.	0.	5.55556e-002	
Time	FPS	Frame	0	47	66	67	47	7.2348e-002	1.96775e-002	0.	0.777371	20.5258	0.	7.57701e-002	0.997125	0.	0.	5.55556e-002	
Time	FPS	Frame	0	47	67	67	48	7.26469e-002	2.10049e-002	0.	0.782346	20.5809	0.	7.60971e-002	0.9971	0.	0.	5.55556e-002	
Time	FPS	Frame	0	48	67	68	48	7.29772e-002	2.06548e-002	0.	0.78739	20.6359	0.	7.64462e-002	0.997074	0.	0.	5.55556e-002	
Time	FPS	Frame	0	48	67	68	48	7.32906e-002	2.03105e-002	0.	0.79244	20.6909	0.	7.67894e-002	0.997047	0.	0.	5.55556e-002	
Time	FPS	Frame	0	48	68	68	48	7.35991e-002	1.99721e-002	0.	0.797496	20.746	0.	7.71269e-002	0.997021	0.	0.	5.55556e-002	
Time	FPS	Frame	0	48	68	68	48	7.39025e-002	1.96392e-002	0.	0.802557	20.801	0.	7.74587e-002	0.996996	0.	0.	5.55556e-002	
Time	FPS	Frame	0	48	68	69	49	7.42008e-002	2.09436e-002	0.	0.807624	20.8561	0.	7.77851e-002	0.99697	0.	0.	5.55556e-002	
Time	FPS	Frame	0	49	68	69	49	7.45849e-002	2.05945e-002	0.	0.812759	20.9111	0.	7.81331e-002	0.996943	0.	0.	5.55556e-002	
Time	FPS	Frame	0	49	69	69	49	7.48974e-002	2.02513e-002	0.	0.8179	20.9661	0.	7.84753e-002	0.996916	0.	0.	5.55556e-002	
Time	FPS	Frame	0	49	69	69	49	7.52048e-002	1.99137e-002	0.	0.823047	21.0212	0.	7.88118e-002	0.99689	0.	0.	5.55556e-002	
Time	FPS	Frame	0	49	69	70	49	7.55073e-002	2.11974e-002	0.	0.828199	21.0762	0.	7.91426e-002	0.996863	0.	0.	5.55556e-002	
Time	FPS	Frame	0	49	69	70	50	7.58655e-002	2.08442e-002	0.	0.833419	21.1312	0.	7.94947e-002	0.996835	0.	0.	5.55556e-002	
Time	FPS	Frame	0	50	70	70	50	7.61819e-002	2.04968e-002	0.	0.838645	21.1862	0.	7.9841e-002	0.996808	0.	0.	5.55556e-002	
Time	FPS	Frame	0	50	70	71	50	7.64932e-002	2.01552e-002	0.	0.843876	21.2413	0.	8.01815e-002	0.99678	0.	0.	5.55556e-002	
Time	FPS	Frame	0	50	71	71	51	7.71003e-002	2.10781e-002	0.	0.854356	21.3513	0.	8.08455e-002	0.996727	0.	0.	5.55556e-002	
Time	FPS	Frame	0	50	71	71	51	7.75209e-002	2.07268e-002	0.	0.859666	21.4063	0.	8.11957e-002	0.996698	0.	0.	5.55556e-002	
Time	FPS	Frame	0	51	71	72	51	7.78353e-002	2.03813e-002	0.	0.864981	21.4613	0.	8.15401e-002	0.99667	0.	0.	5.55556e-002	
Time	FPS	Frame	0	51	71	72	51	7.81445e-002	2.16067e-002	0.	0.870302	21.5164	0.	8.18787e-002	0.996642	0.	0.	5.55556e-002	
Time	FPS	Frame	0	51	72	72	51	7.84683e-002	2.12467e-002	0.	0.875689	21.5714	0.	8.22376e-002	0.996613	0.	0.	5.55556e-002	
Time	FPS	Frame	0	51	72	73	52	7.8791e-002	2.08927e-002	0.	0.881081	21.6264	0.	8.25903e-002	0.996584	0.	0.	5.55556e-002	
Time	FPS	Frame	0	51	72	73	52	7.91082e-002	2.05446e-002	0.	0.88648	21.6814	0.	8.29372e-002	0.996555	0.	0.	5.55556e-002	
Time	FPS	Frame	0	52	73	73	52	7.94204e-002	2.02023e-002	0.	0.891884	21.7364	0.	8.32783e-002	0.996526	0.	0.	5.55556e-002	
Time	FPS	Frame	0	52	73	74	52	7.97274e-002	2.14043e-002	0.	0.897293	21.7914	0.	8.36138e-002	0.996498	0.	0.	5.55556e-002	
Time	FPS	Frame	0	52	73	74	52	8.01222e-002	2.10476e-002	0.	0.902768	21.8464	0.	8.39692e-002	0.996468	0.	0.	5.55556e-002	

