Time	FPS	Frame	Crash	RB	RU	LU	LB	OC	Dither	DAngle	swAngle	OX	OY	OZ	HX	HY	HZ	HA	Speed
6.73172e-005	14855.	1	0	1	3	3	1	2	0.	4.11431e-006	0.	0.	0.	0.	0.	1.	0.	0.	0.	
1.49766	0.667736	2	0	1	3	3	1	2	1.97704e-006	4.11431e-006	0.	0.	0.	0.	0.	1.	0.	0.	0.	
1.57697	12.61	3	0	1	3	3	1	2	1.97704e-006	4.11431e-006	0.	0.	0.	0.	0.	1.	0.	0.	0.	
1.63304	17.834	4	0	1	3	3	1	2	1.97704e-006	4.11431e-006	0.	0.	0.	0.	0.	1.	0.	0.	0.	
1.65012	58.562	5	0	1	3	3	1	2	1.97704e-006	4.11431e-006	0.	0.	0.	0.	0.	1.	0.	0.	0.	
1.66707	58.9696	6	0	1	3	3	1	2	1.97704e-006	4.11431e-006	0.	0.	0.	0.	0.	1.	0.	0.	0.	
1.68406	58.87	7	0	1	3	3	1	2	1.97704e-006	4.11431e-006	0.	0.	0.	0.	0.	1.	0.	0.	0.	
1.70006	62.4998	8	0	1	3	3	1	2	1.97704e-006	4.11431e-006	0.	0.	0.	0.	0.	1.	0.	0.	0.	
1.71706	58.8167	9	0	1	3	3	1	2	1.97704e-006	4.11431e-006	0.	0.	0.	0.	0.	1.	0.	0.	0.	
1.73406	58.8292	10	0	1	3	3	1	2	1.97704e-006	4.11431e-006	0.	0.	0.	0.	0.	1.	0.	0.	0.	
1.75106	58.8188	11	0	1	3	3	1	2	1.97704e-006	4.11431e-006	0.	0.	0.	0.	0.	1.	0.	0.	0.	
1.76806	58.8219	12	0	1	3	3	1	2	1.97704e-006	4.11431e-006	0.	0.	0.	0.	0.	1.	0.	0.	0.	
1.78507	58.7875	13	0	1	3	3	1	2	1.97704e-006	4.11431e-006	0.	0.	0.	0.	0.	1.	0.	0.	0.	
1.80206	58.8585	14	0	1	3	3	1	2	1.97704e-006	4.11431e-006	0.	0.	0.	0.	0.	1.	0.	0.	0.	
1.81809	62.3797	15	0	1	3	3	1	2	1.97704e-006	4.11431e-006	0.	0.	0.	0.	0.	1.	0.	0.	0.	
1.83407	62.5836	16	0	1	3	3	1	2	1.97704e-006	4.11431e-006	0.	0.	0.	0.	0.	1.	0.	0.	0.	
1.85007	62.5163	17	0	1	3	3	1	2	1.97704e-006	4.11431e-006	0.	0.	0.	0.	0.	1.	0.	0.	0.	
1.86607	62.495	18	0	1	3	3	1	2	1.97704e-006	4.11431e-006	0.	0.	0.	0.	0.	1.	0.	0.	0.	
1.88209	62.4244	19	0	1	3	3	1	2	1.97704e-006	4.11431e-006	0.	0.	0.	0.	0.	1.	0.	0.	0.	
1.89807	62.5741	20	0	1	3	3	1	2	1.97704e-006	4.11431e-006	0.	0.	0.	0.	0.	1.	0.	0.	0.	
1.91407	62.4962	21	0	1	3	3	1	2	1.97704e-006	4.11431e-006	0.	0.	0.	0.	0.	1.	0.	0.	0.	
1.93107	58.8292	22	0	1	3	3	1	2	1.97704e-006	4.11431e-006	0.	0.	0.	0.	0.	1.	0.	0.	0.	
1.94807	58.8157	23	0	1	3	3	1	2	1.97704e-006	4.11431e-006	0.	0.	0.	0.	0.	1.	0.	0.	0.	
1.96507	58.824	24	0	1	3	3	1	2	1.97704e-006	4.11431e-006	0.	0.	0.	0.	0.	1.	0.	0.	0.	
1.98207	58.8115	25	0	1	3	3	1	2	1.97704e-006	4.11431e-006	0.	0.	0.	0.	0.	1.	0.	0.	0.	
1.99808	62.4844	26	0	1	3	3	1	2	1.97704e-006	4.11431e-006	0.	0.	0.	0.	0.	1.	0.	0.	0.	
2.0151	58.7562	27	0	1	3	3	1	2	1.97704e-006	4.11431e-006	0.	0.	0.	0.	0.	1.	0.	0.	0.	
2.03207	58.9035	28	0	1	3	3	1	2	1.97704e-006	4.11431e-006	0.	0.	0.	0.	0.	1.	0.	0.	0.	
2.04809	62.4373	29	0	1	3	3	1	2	1.97704e-006	4.11431e-006	0.	0.	0.	0.	0.	1.	0.	0.	0.	
2.06508	58.8742	30	0	1	3	3	1	2	1.97704e-006	4.11431e-006	0.	0.	0.	0.	0.	1.	0.	0.	0.	
2.08208	58.8178	31	0	1	3	3	1	2	1.97704e-006	4.11431e-006	0.	0.	0.	0.	0.	1.	0.	0.	0.	
2.09808	62.5057	32	0	1	3	3	1	2	1.97704e-006	4.11431e-006	0.	0.	0.	0.	0.	1.	0.	0.	0.	
2.1141	62.4162	33	0	1	3	3	1	2	1.97704e-006	4.11431e-006	0.	0.	0.	0.	0.	1.	0.	0.	0.	
2.13108	58.8847	34	0	1	3	3	1	2	1.97704e-006	4.11431e-006	0.	0.	0.	0.	0.	1.	0.	0.	0.	
2.14808	58.8178	35	0	1	3	3	1	2	1.97704e-006	4.11431e-006	0.	0.	0.	0.	0.	1.	0.	0.	0.	
2.16408	62.508	36	0	1	3	3	1	2	1.97704e-006	4.11431e-006	0.	0.	0.	0.	0.	1.	0.	0.	0.	
2.18008	62.4868	37	0	1	3	3	1	2	1.97704e-006	4.11431e-006	0.	0.	0.	0.	0.	1.	0.	0.	0.	
2.19708	58.8282	38	0	1	3	3	1	2	1.97704e-006	4.11431e-006	0.	0.	0.	0.	0.	1.	0.	0.	0.	
2.21308	62.4915	39	0	1	3	3	1	2	1.97704e-006	4.11431e-006	0.	0.	0.	0.	0.	1.	0.	0.	0.	
2.22908	62.4962	40	0	1	3	3	1	2	1.97704e-006	4.11431e-006	0.	0.	0.	0.	0.	1.	0.	0.	0.	
2.24609	58.8209	41	0	1	3	3	1	2	1.97704e-006	4.11431e-006	0.	0.	0.	0.	0.	1.	0.	0.	0.	
2.2642	55.214	42	0	1	3	3	1	2	1.97704e-006	4.11431e-006	0.	0.	0.	0.	0.	1.	0.	0.	0.	
2.28109	59.2025	43	0	1	3	3	1	2	1.97704e-006	4.11431e-006	0.	0.	0.	0.	0.	1.	0.	0.	0.	
2.29809	58.8021	44	0	1	3	3	1	2	1.97704e-006	4.11431e-006	0.	0.	0.	0.	0.	1.	0.	0.	0.	
2.31509	58.847	45	0	1	3	3	1	2	1.97704e-006	4.11431e-006	0.	0.	0.	0.	0.	1.	0.	0.	0.	
2.33109	62.4998	46	0	1	3	3	1	2	1.97704e-006	4.11431e-006	0.	0.	0.	0.	0.	1.	0.	0.	0.	
2.34809	58.8136	47	0	1	3	3	1	2	1.97704e-006	4.11431e-006	0.	0.	0.	0.	0.	1.	0.	0.	0.	
2.36509	58.8272	48	0	1	3	3	1	2	1.97704e-006	4.11431e-006	0.	0.	0.	0.	0.	1.	0.	0.	0.	
2.38113	62.3574	49	0	1	3	3	1	2	1.97704e-006	4.11431e-006	0.	0.	0.	0.	0.	1.	0.	0.	0.	
2.39709	62.638	50	0	1	3	3	1	2	1.97704e-006	4.11431e-006	0.	0.	0.	0.	0.	1.	0.	0.	0.	
2.4141	58.8031	51	0	1	3	3	1	2	1.97704e-006	4.11431e-006	0.	0.	0.	0.	0.	1.	0.	0.	0.	
2.43109	58.8387	52	0	1	3	3	1	2	1.97704e-006	4.11431e-006	0.	0.	0.	0.	0.	1.	0.	0.	0.	
2.4481	58.8125	53	0	1	3	3	1	2	1.97704e-006	4.11431e-006	0.	0.	0.	0.	0.	1.	0.	0.	0.	
2.46409	62.5045	54	0	1	3	3	1	2	1.97704e-006	4.11431e-006	0.	0.	0.	0.	0.	1.	0.	0.	0.	
2.4801	62.4632	55	0	1	3	3	1	2	1.97704e-006	4.11431e-006	0.	0.	0.	0.	0.	1.	0.	0.	0.	
2.4968	59.8885	56	0	1	3	3	1	2	1.97704e-006	4.11431e-006	0.	0.	0.	0.	0.	1.	0.	0.	0.	
2.51412	57.7352	57	0	1	3	3	1	2	1.97704e-006	4.11431e-006	0.	0.	0.	0.	0.	1.	0.	0.	0.	
2.5311	58.9067	58	0	1	3	3	1	2	1.97704e-006	4.11431e-006	0.	0.	0.	0.	0.	1.	0.	0.	0.	
2.5481	58.8157	59	0	1	3	3	1	2	1.97704e-006	4.11431e-006	0.	0.	0.	0.	0.	1.	0.	0.	0.	
2.5641	62.5033	60	0	1	3	3	1	2	1.97704e-006	4.11431e-006	0.	0.	0.	0.	0.	1.	0.	0.	0.	
2.58112	58.7385	61	0	1	3	3	1	2	1.97704e-006	4.11431e-006	0.	0.	0.	0.	0.	1.	0.	0.	0.	
2.5981	58.9046	62	0	1	3	3	1	2	1.97704e-006	4.11431e-006	0.	0.	0.	0.	0.	1.	0.	0.	0.	
2.61511	58.775	63	0	1	3	3	1	2	1.97704e-006	4.11431e-006	0.	0.	0.	0.	0.	1.	0.	0.	0.	
2.6321	58.8575	64	0	1	3	3	1	2	1.97704e-006	4.11431e-006	0.	0.	0.	0.	0.	1.	0.	0.	0.	
2.6491	58.8261	65	0	1	3	3	1	2	1.97704e-006	4.11431e-006	0.	0.	0.	0.	0.	1.	0.	0.	0.	
2.6661	58.8209	66	0	1	3	3	1	2	1.97704e-006	4.11431e-006	0.	0.	0.	0.	0.	1.	0.	0.	0.	
2.68311	58.8157	67	0	1	3	3	1	2	1.97704e-006	4.11431e-006	0.	0.	0.	0.	0.	1.	0.	0.	0.	
2.70011	58.824	68	0	1	3	3	1	2	1.97704e-006	4.11431e-006	0.	0.	0.	0.	0.	1.	0.	0.	0.	
2.71711	58.8188	69	0	1	3	3	1	2	1.97704e-006	4.11431e-006	0.	0.	0.	0.	0.	1.	0.	0.	0.	
2.73411	58.8292	70	0	1	3	3	1	2	1.97704e-006	4.11431e-006	0.	0.	0.	0.	0.	1.	0.	0.	0.	
2.75111	58.8084	71	0	1	3	3	1	2	1.97704e-006	4.11431e-006	0.	0.	0.	0.	0.	1.	0.	0.	0.	
2.76811	58.8303	72	0	1	3	3	1	2	1.97704e-006	4.11431e-006	0.	0.	0.	0.	0.	1.	0.	0.	0.	
2.78515	58.6937	73	0	1	3	3	1	2	1.97704e-006	4.11431e-006	0.	0.	0.	0.	0.	1.	0.	0.	0.	
2.80211	58.9402	74	0	1	3	3	1	2	1.97704e-006	4.11431e-006	0.	0.	0.	0.	0.	1.	0.	0.	0.	
2.81912	58.7906	75	0	1	3	3	1	2	1.97704e-006	4.11431e-006	0.	0.	0.	0.	0.	1.	0.	0.	0.	
2.83611	58.8575	76	0	1	3	3	1	2	1.97704e-006	4.11431e-006	0.	0.	0.	0.	0.	1.	0.	0.	0.	
2.85313	58.7718	77	0	1	3	3	1	2	1.97704e-006	4.11431e-006	0.	0.	0.	0.	0.	1.	0.	0.	0.	
2.86911	62.5576	78	0	1	3	3	1	2	1.97704e-006	4.11431e-006	0.	0.	0.	0.	0.	1.	0.	0.	0.	
2.88612	58.8104	79	0	1	3	3	1	2	1.97704e-006	4.11431e-006	0.	0.	0.	0.	0.	1.	0.	0.	0.	
2.90314	58.7468	80	0	1	3	3	1	2	1.97704e-006	4.11431e-006	0.	0.	0.	0.	0.	1.	0.	0.	0.	
2.92012	58.8878	81	0	1	3	3	1	2	1.97704e-006	4.11431e-006	0.	0.	0.	0.	0.	1.	0.	0.	0.	
2.93612	62.5163	82	0	1	3	3	1	2	1.97704e-006	4.11431e-006	0.	0.	0.	0.	0.	1.	0.	0.	0.	
2.95212	62.4868	83	0	1	3	3	1	2	1.97704e-006	4.11431e-006	0.	0.	0.	0.	0.	1.	0.	0.	0.	
2.96812	62.5033	84	0	1	3	3	1	2	1.97704e-006	4.11431e-006	0.	0.	0.	0.	0.	1.	0.	0.	0.	
2.98513	58.7937	85	0	1	3	3	1	2	1.97704e-006	4.11431e-006	0.	0.	0.	0.	0.	1.	0.	0.	0.	
3.00212	58.8428	86	0	1	3	3	1	2	1.97704e-006	4.11431e-006	0.	0.	0.	0.	0.	1.	0.	0.	0.	
3.01812	62.488	87	0	1	3	3	1	2	1.97704e-006	4.11431e-006	0.	0.	0.	0.	0.	1.	0.	0.	0.	
3.03512	58.8324	88	0	1	3	3	1	2	1.97704e-006	4.11431e-006	0.	0.	0.	0.	0.	1.	0.	0.	0.	
3.05112	62.4892	89	0	1	3	3	1	2	1.97704e-006	4.11431e-006	0.	0.	0.	0.	0.	1.	0.	0.	0.	
3.06812	58.8303	90	0	1	3	3	1	2	1.97704e-006	4.11431e-006	0.	0.	0.	0.	0.	1.	0.	0.	0.	
3.08413	62.4892	91	0	1	3	3	1	2	1.97704e-006	4.11431e-006	0.	0.	0.	0.	0.	1.	0.	0.	0.	
3.10012	62.5104	92	0	1	3	3	1	2	1.97704e-006	4.11431e-006	0.	0.	0.	0.	0.	1.	0.	0.	0.	
3.1162	62.19	93	0	1	3	3	1	2	1.97704e-006	4.11431e-006	0.	0.	0.	0.	0.	1.	0.	0.	0.	
3.13313	59.0842	94	0	1	3	3	1	2	1.97704e-006	4.11431e-006	0.	0.	0.	0.	0.	1.	0.	0.	0.	
3.15013	58.8198	95	0	1	3	3	1	2	1.97704e-006	4.11431e-006	0.	0.	0.	0.	0.	1.	0.	0.	0.	
3.16713	58.8198	96	0	1	3	3	1	2	1.97704e-006	4.11431e-006	0.	0.	0.	0.	0.	1.	0.	0.	0.	
3.18313	62.4998	97	0	1	3	3	1	2	1.97704e-006	4.11431e-006	0.	0.	0.	0.	0.	1.	0.	0.	0.	
3.20013	58.8104	98	0	1	3	3	1	2	1.97704e-006	4.11431e-006	0.	0.	0.	0.	0.	1.	0.	0.	0.	
3.21713	58.8313	99	0	1	3	3	1	2	1.97704e-006	4.11431e-006	0.	0.	0.	0.	0.	1.	0.	0.	0.	
3.23413	58.824	100	0	1	3	3	1	2	1.97704e-006	4.11431e-006	0.	0.	0.	0.	0.	1.	0.	0.	0.	
3.25013	62.4927	101	0	1	3	3	1	2	1.97704e-006	4.11431e-006	0.	0.	0.	0.	0.	1.	0.	0.	0.	
3.26613	62.4998	102	0	1	3	3	1	2	1.97704e-006	4.11431e-006	0.	0.	0.	0.	0.	1.	0.	0.	0.	
3.28313	58.8209	103	0	1	3	3	1	2	1.97704e-006	4.11431e-006	0.	0.	0.	0.	0.	1.	0.	0.	0.	
3.30013	58.8292	104	0	1	3	3	1	2	1.97704e-006	4.11431e-006	0.	0.	0.	0.	0.	1.	0.	0.	0.	
3.31614	62.4738	105	0	1	3	3	1	2	1.97704e-006	4.11431e-006	0.	0.	0.	0.	0.	1.	0.	0.	0.	
3.33314	58.8334	106	0	1	3	3	1	2	1.97704e-006	4.11431e-006	0.	0.	0.	0.	0.	1.	0.	0.	0.	
3.35014	58.8167	107	0	1	3	3	1	2	1.97704e-006	4.11431e-006	0.	0.	0.	0.	0.	1.	0.	0.	0.	
3.36714	58.8313	108	0	1	3	3	1	2	1.97704e-006	4.11431e-006	0.	0.	0.	0.	0.	1.	0.	0.	0.	
3.38414	58.8115	109	0	1	3	3	1	2	1.97704e-006	4.11431e-006	0.	0.	0.	0.	0.	1.	0.	0.	0.	
3.40014	62.5057	110	0	1	3	3	1	2	1.97704e-006	4.11431e-006	0.	0.	0.	0.	0.	1.	0.	0.	0.	
3.41715	58.7698	111	0	1	3	3	1	2	1.97704e-006	4.11431e-006	0.	0.	0.	0.	0.	1.	0.	0.	0.	
3.43414	58.8711	112	0	1	3	3	1	2	1.97704e-006	4.11431e-006	0.	0.	0.	0.	0.	1.	0.	0.	0.	
3.45114	58.8125	113	0	1	3	3	1	2	1.97704e-006	4.11431e-006	0.	0.	0.	0.	0.	1.	0.	0.	0.	
3.46714	62.5104	114	0	1	3	3	1	2	1.97704e-006	4.11431e-006	0.	0.	0.	0.	0.	1.	0.	0.	0.	
3.48314	62.4821	115	0	1	3	3	1	2	1.97704e-006	4.11431e-006	0.	0.	0.	0.	0.	1.	0.	0.	0.	
3.50014	58.8324	116	0	1	3	3	1	2	1.97704e-006	4.11431e-006	0.	0.	0.	0.	0.	1.	0.	0.	0.	
3.51715	58.8104	117	0	1	3	3	1	2	1.97704e-006	4.11431e-006	0.	0.	0.	0.	0.	1.	0.	0.	0.	
3.53314	62.5045	118	0	1	3	3	1	2	1.97704e-006	4.11431e-006	0.	0.	0.	0.	0.	1.	0.	0.	0.	
3.54916	62.4573	119	0	1	3	3	1	2	1.97704e-006	4.11431e-006	0.	0.	0.	0.	0.	1.	0.	0.	0.	
3.56615	58.8522	120	0	1	3	3	1	2	1.97704e-006	4.11431e-006	0.	0.	0.	0.	0.	1.	0.	0.	0.	
3.58216	62.4703	121	0	1	3	3	1	2	1.97704e-006	4.11431e-006	0.	0.	0.	0.	0.	1.	0.	0.	0.	
3.59915	58.846	122	0	1	3	3	1	2	1.97704e-006	4.11431e-006	0.	0.	0.	0.	0.	1.	0.	0.	0.	
3.61517	62.4244	123	0	1	3	3	1	2	1.97704e-006	4.11431e-006	0.	0.	0.	0.	0.	1.	0.	0.	0.	
3.63215	58.8794	124	0	1	3	3	1	2	1.97704e-006	4.11431e-006	0.	0.	0.	0.	0.	1.	0.	0.	0.	
3.64915	58.823	125	0	1	3	3	1	2	1.97704e-006	4.11431e-006	0.	0.	0.	0.	0.	1.	0.	0.	0.	
3.66615	58.8157	126	0	1	3	3	1	2	1.97704e-006	4.11431e-006	0.	0.	0.	0.	0.	1.	0.	0.	0.	
3.68316	58.7969	127	0	1	3	3	1	2	1.97704e-006	4.11431e-006	0.	0.	0.	0.	0.	1.	0.	0.	0.	
3.70015	58.8543	128	0	1	3	3	1	2	1.97704e-006	4.11431e-006	0.	0.	0.	0.	0.	1.	0.	0.	0.	
3.71616	62.4668	129	0	1	3	3	1	2	1.97704e-006	4.11431e-006	0.	0.	0.	0.	0.	1.	0.	0.	0.	
3.73215	62.5316	130	0	1	3	3	1	2	1.97704e-006	4.11431e-006	0.	0.	0.	0.	0.	1.	0.	0.	0.	
3.74916	58.8104	131	0	1	3	3	1	2	1.97704e-006	4.11431e-006	0.	0.	0.	0.	0.	1.	0.	0.	0.	
3.76516	62.4986	132	0	1	3	3	1	2	1.97704e-006	4.11431e-006	0.	0.	0.	0.	0.	1.	0.	0.	0.	
3.78216	58.8251	133	0	1	3	3	1	2	1.97704e-006	4.11431e-006	0.	0.	0.	0.	0.	1.	0.	0.	0.	
3.79916	58.8251	134	0	1	3	3	1	2	1.97704e-006	4.11431e-006	0.	0.	0.	0.	0.	1.	0.	0.	0.	
3.81519	62.3668	135	0	1	3	3	1	2	1.97704e-006	4.11431e-006	0.	0.	0.	0.	0.	1.	0.	0.	0.	
3.83216	58.9339	136	0	1	3	3	1	2	1.97704e-006	4.11431e-006	0.	0.	0.	0.	0.	1.	0.	0.	0.	
3.84816	62.4821	137	0	1	3	3	1	2	1.97704e-006	4.11431e-006	0.	0.	0.	0.	0.	1.	0.	0.	0.	
3.86516	58.8355	138	0	1	3	3	1	2	1.97704e-006	4.11431e-006	0.	0.	0.	0.	0.	1.	0.	0.	0.	
3.88216	58.8094	139	0	1	3	3	1	2	1.97704e-006	4.11431e-006	0.	0.	0.	0.	0.	1.	0.	0.	0.	
3.89916	58.8282	140	0	1	3	3	1	2	1.97704e-006	4.11431e-006	0.	0.	0.	0.	0.	1.	0.	0.	0.	
3.91518	62.4444	141	0	1	3	3	1	2	1.97704e-006	4.11431e-006	0.	0.	0.	0.	0.	1.	0.	0.	0.	
3.93216	58.8742	142	0	1	3	3	1	2	1.97704e-006	4.11431e-006	0.	0.	0.	0.	0.	1.	0.	0.	0.	
3.94918	58.7541	143	0	1	3	3	1	2	1.97704e-006	4.11431e-006	0.	0.	0.	0.	0.	1.	0.	0.	0.	
3.96617	58.8826	144	0	1	3	3	1	2	1.97704e-006	4.11431e-006	0.	0.	0.	0.	0.	1.	0.	0.	0.	
3.98217	62.488	145	0	1	3	3	1	2	1.97704e-006	4.11431e-006	0.	0.	0.	0.	0.	1.	0.	0.	0.	
3.99917	58.8313	146	0	1	3	3	1	2	1.97704e-006	4.11431e-006	0.	0.	0.	0.	0.	1.	0.	0.	0.	
4.01519	62.3903	147	0	1	3	3	1	2	1.97704e-006	4.11431e-006	0.	0.	0.	0.	0.	1.	0.	0.	0.	
4.03117	62.6002	148	0	1	3	3	1	2	1.97704e-006	4.11431e-006	0.	0.	0.	0.	0.	1.	0.	0.	0.	
4.04817	58.8094	149	0	1	3	3	1	2	1.97704e-006	4.11431e-006	0.	0.	0.	0.	0.	1.	0.	0.	0.	
4.06517	58.8366	150	0	1	3	3	1	2	1.97704e-006	4.11431e-006	0.	0.	0.	0.	0.	1.	0.	0.	0.	
4.08217	58.8146	151	0	1	3	3	1	2	1.97704e-006	4.11431e-006	0.	0.	0.	0.	0.	1.	0.	0.	0.	
4.09917	58.8209	152	0	1	3	3	1	2	1.97704e-006	4.11431e-006	0.	0.	0.	0.	0.	1.	0.	0.	0.	
4.11617	58.8209	153	0	1	3	3	1	2	1.97704e-006	4.11431e-006	0.	0.	0.	0.	0.	1.	0.	0.	0.	
4.13317	58.8272	154	0	1	3	3	1	2	1.97704e-006	4.11431e-006	0.	0.	0.	0.	0.	1.	0.	0.	0.	
4.152	53.109	155	0	1	3	3	1	2	1.97704e-006	4.11431e-006	0.	0.	0.	0.	0.	1.	0.	0.	0.	
4.16918	58.21	156	0	1	3	3	1	2	1.97704e-006	4.11431e-006	0.	0.	0.	0.	0.	1.	0.	0.	0.	
4.18618	58.8366	157	0	1	3	3	1	2	1.97704e-006	4.11431e-006	0.	0.	0.	0.	0.	1.	0.	0.	0.	
4.20318	58.8292	158	0	1	3	3	1	2	1.97704e-006	4.11431e-006	0.	0.	0.	0.	0.	1.	0.	0.	0.	
4.22018	58.8073	159	0	1	3	3	1	2	1.97704e-006	4.11431e-006	0.	0.	0.	0.	0.	1.	0.	0.	0.	
4.23718	58.8303	160	0	1	3	3	1	2	1.97704e-006	4.11431e-006	0.	0.	0.	0.	0.	1.	0.	0.	0.	
4.25418	58.8063	161	0	1	3	3	1	2	1.97704e-006	4.11431e-006	0.	0.	0.	0.	0.	1.	0.	0.	0.	
4.27118	58.8418	162	0	1	3	3	1	2	1.97704e-006	4.11431e-006	0.	0.	0.	0.	0.	1.	0.	0.	0.	
4.28819	58.7823	163	0	1	3	3	1	2	1.97704e-006	4.11431e-006	0.	0.	0.	0.	0.	1.	0.	0.	0.	
4.30418	62.5363	164	0	1	3	3	1	2	1.97704e-006	4.11431e-006	0.	0.	0.	0.	0.	1.	0.	0.	0.	
4.32118	58.8167	165	0	1	3	3	1	2	1.97704e-006	4.11431e-006	0.	0.	0.	0.	0.	1.	0.	0.	0.	
4.33818	58.8251	166	0	1	3	3	1	2	1.97704e-006	4.11431e-006	0.	0.	0.	0.	0.	1.	0.	0.	0.	
4.35419	62.4727	167	0	1	3	3	1	2	1.97704e-006	4.11431e-006	0.	0.	0.	0.	0.	1.	0.	0.	0.	
4.37119	58.8334	168	0	1	3	3	1	2	1.97704e-006	4.11431e-006	0.	0.	0.	0.	0.	1.	0.	0.	0.	
4.38719	62.495	169	0	1	3	3	1	2	1.97704e-006	4.11431e-006	0.	0.	0.	0.	0.	1.	0.	0.	0.	
4.40419	58.8282	170	0	1	3	3	1	2	1.97704e-006	4.11431e-006	0.	0.	0.	0.	0.	1.	0.	0.	0.	
4.4212	58.7906	171	0	1	3	3	1	2	1.97704e-006	4.11431e-006	0.	0.	0.	0.	0.	1.	0.	0.	0.	
4.43819	58.8554	172	0	1	3	3	1	2	1.97704e-006	4.11431e-006	0.	0.	0.	0.	0.	1.	0.	0.	0.	
4.4552	58.776	173	0	1	3	3	1	2	1.97704e-006	4.11431e-006	0.	0.	0.	0.	0.	1.	0.	0.	0.	
4.47219	58.8554	174	0	1	3	3	1	2	1.97704e-006	4.11431e-006	0.	0.	0.	0.	0.	1.	0.	0.	0.	
4.48921	58.751	175	0	1	3	3	1	2	1.97704e-006	4.11431e-006	0.	0.	0.	0.	0.	1.	0.	0.	0.	
4.50619	58.8941	176	0	1	3	3	1	2	1.97704e-006	4.11431e-006	0.	0.	0.	0.	0.	1.	0.	0.	0.	
4.52319	58.8219	177	0	1	3	3	1	2	1.97704e-006	4.11431e-006	0.	0.	0.	0.	0.	1.	0.	0.	0.	
4.54019	58.8272	178	0	1	3	3	1	2	1.97704e-006	4.11431e-006	0.	0.	0.	0.	0.	1.	0.	0.	0.	
4.55619	62.4868	179	0	1	3	3	1	2	1.97704e-006	4.11431e-006	0.	0.	0.	0.	0.	1.	0.	0.	0.	
4.57219	62.5092	180	0	1	3	3	1	2	1.97704e-006	4.11431e-006	0.	0.	0.	0.	0.	1.	0.	0.	0.	
4.5892	58.7948	181	0	1	3	3	1	2	1.97704e-006	4.11431e-006	0.	0.	0.	0.	0.	1.	0.	0.	0.	
4.6062	58.8397	182	0	1	3	3	1	2	1.97704e-006	4.11431e-006	0.	0.	0.	0.	0.	1.	0.	0.	0.	
4.6232	58.8198	183	0	1	3	3	1	2	1.97704e-006	4.11431e-006	0.	0.	0.	0.	0.	1.	0.	0.	0.	
4.6392	62.4903	184	0	1	3	3	1	2	1.97704e-006	4.11431e-006	0.	0.	0.	0.	0.	1.	0.	0.	0.	
4.6562	58.8261	185	0	1	3	3	1	2	1.97704e-006	4.11431e-006	0.	0.	0.	0.	0.	1.	0.	0.	0.	
4.6732	58.8272	186	0	1	3	3	1	2	1.97704e-006	4.11431e-006	0.	0.	0.	0.	0.	1.	0.	0.	0.	
4.6902	58.8146	187	0	1	3	3	1	2	1.97704e-006	4.11431e-006	0.	0.	0.	0.	0.	1.	0.	0.	0.	
4.7072	58.824	188	0	1	3	3	1	2	1.97704e-006	4.11431e-006	0.	0.	0.	0.	0.	1.	0.	0.	0.	
4.7242	58.8178	189	0	1	3	3	1	2	1.97704e-006	4.11431e-006	0.	0.	0.	0.	0.	1.	0.	0.	0.	
4.7412	58.8261	190	0	1	3	3	1	2	1.97704e-006	4.11431e-006	0.	0.	0.	0.	0.	1.	0.	0.	0.	
4.7572	62.4903	191	0	1	3	3	1	2	1.97704e-006	4.11431e-006	0.	0.	0.	0.	0.	1.	0.	0.	0.	
4.7742	58.8261	192	0	1	3	3	1	2	1.97704e-006	4.11431e-006	0.	0.	0.	0.	0.	1.	0.	0.	0.	
4.7902	62.495	193	0	1	3	3	1	2	1.97704e-006	4.11431e-006	0.	0.	0.	0.	0.	1.	0.	0.	0.	
4.8062	62.5009	194	0	1	3	3	1	2	1.97704e-006	4.11431e-006	0.	0.	0.	0.	0.	1.	0.	0.	0.	
4.82321	58.8125	195	0	1	3	3	1	2	1.97704e-006	4.11431e-006	0.	0.	0.	0.	0.	1.	0.	0.	0.	
4.8402	58.8292	196	0	1	3	3	1	2	1.97704e-006	4.11431e-006	0.	0.	0.	0.	0.	1.	0.	0.	0.	
4.85621	62.4892	197	0	1	3	3	1	2	1.97704e-006	4.11431e-006	0.	0.	0.	0.	0.	1.	0.	0.	0.	
4.87321	58.823	198	0	1	3	3	1	2	1.97704e-006	4.11431e-006	0.	0.	0.	0.	0.	1.	0.	0.	0.	
4.89021	58.8178	199	0	1	3	3	1	2	1.97704e-006	4.11431e-006	0.	0.	0.	0.	0.	1.	0.	0.	0.	
4.90721	58.8261	200	0	1	3	3	1	2	1.97704e-006	4.11431e-006	0.	0.	0.	0.	0.	1.	0.	0.	0.	
4.92421	58.8157	201	0	1	3	3	1	2	1.97704e-006	4.11431e-006	0.	0.	0.	0.	0.	1.	0.	0.	0.	
4.94021	62.5068	202	0	1	3	3	1	2	1.97704e-006	4.11431e-006	0.	0.	0.	0.	0.	1.	0.	0.	0.	
4.95721	58.8146	203	0	1	3	3	1	2	1.97704e-006	4.11431e-006	0.	0.	0.	0.	0.	1.	0.	0.	0.	
4.97421	58.8272	204	0	1	3	3	1	2	1.97704e-006	4.11431e-006	0.	0.	0.	0.	0.	1.	0.	0.	0.	
4.99021	62.488	205	0	1	3	3	1	2	1.97704e-006	4.11431e-006	0.	0.	0.	0.	0.	1.	0.	0.	0.	
5.00621	62.4974	206	0	1	3	3	1	2	1.97704e-006	4.11431e-006	0.	0.	0.	0.	0.	1.	0.	0.	0.	
5.02322	58.8209	207	0	1	3	3	1	2	1.97704e-006	4.11431e-006	0.	0.	0.	0.	0.	1.	0.	0.	0.	
5.04022	58.8052	208	0	1	3	3	1	2	1.97704e-006	4.11431e-006	0.	0.	0.	0.	0.	1.	0.	0.	0.	
5.05722	58.8376	209	0	1	3	3	1	2	1.97704e-006	4.11431e-006	0.	0.	0.	0.	0.	1.	0.	0.	0.	
5.07422	58.8251	210	0	1	3	3	1	2	1.97704e-006	4.11431e-006	0.	0.	0.	0.	0.	1.	0.	0.	0.	
5.09022	62.4915	211	0	1	3	3	1	2	1.97704e-006	4.11431e-006	0.	0.	0.	0.	0.	1.	0.	0.	0.	
5.10622	62.4986	212	0	1	3	3	1	2	1.97704e-006	4.11431e-006	0.	0.	0.	0.	0.	1.	0.	0.	0.	
5.12322	58.8146	213	0	1	3	3	1	2	1.97704e-006	4.11431e-006	0.	0.	0.	0.	0.	1.	0.	0.	0.	
5.14022	58.8313	214	0	1	3	3	1	2	1.97704e-006	4.11431e-006	0.	0.	0.	0.	0.	1.	0.	0.	0.	
5.15622	62.4892	215	0	1	3	3	1	2	1.97704e-006	4.11431e-006	0.	0.	0.	0.	0.	1.	0.	0.	0.	
5.17322	58.8167	216	0	1	3	3	1	2	1.97704e-006	4.11431e-006	0.	0.	0.	0.	0.	1.	0.	0.	0.	
5.18923	62.4868	217	0	1	3	3	1	2	1.97704e-006	4.11431e-006	0.	0.	0.	0.	0.	1.	0.	0.	0.	
5.20622	58.8366	218	0	1	3	3	1	2	1.97704e-006	4.11431e-006	0.	0.	0.	0.	0.	1.	0.	0.	0.	
5.22323	58.8167	219	0	1	3	3	1	2	1.97704e-006	4.11431e-006	0.	0.	0.	0.	0.	1.	0.	0.	0.	
5.23922	62.5068	220	0	1	3	3	1	2	1.97704e-006	4.11431e-006	0.	0.	0.	0.	0.	1.	0.	0.	0.	
5.25623	58.8125	221	0	1	3	3	1	2	1.97704e-006	4.11431e-006	0.	0.	0.	0.	0.	1.	0.	0.	0.	
5.27223	62.4998	222	0	1	3	3	1	2	1.97704e-006	4.11431e-006	0.	0.	0.	0.	0.	1.	0.	0.	0.	
5.28924	58.7864	223	0	1	3	3	1	2	1.97704e-006	4.11431e-006	0.	0.	0.	0.	0.	1.	0.	0.	0.	
5.30523	62.5175	224	0	1	3	3	1	2	1.97704e-006	4.11431e-006	0.	0.	0.	0.	0.	1.	0.	0.	0.	
5.32225	58.775	225	0	1	3	3	1	2	1.97704e-006	4.11431e-006	0.	0.	0.	0.	0.	1.	0.	0.	0.	
5.33823	62.5682	226	0	1	3	3	1	2	1.97704e-006	4.11431e-006	0.	0.	0.	0.	0.	1.	0.	0.	0.	
5.35424	62.4668	227	0	1	3	3	1	2	1.97704e-006	4.11431e-006	0.	0.	0.	0.	0.	1.	0.	0.	0.	
5.37123	58.8491	228	0	1	3	3	1	2	1.97704e-006	4.11431e-006	0.	0.	0.	0.	0.	1.	0.	0.	0.	
5.38824	58.8	229	0	1	3	3	1	2	1.97704e-006	4.11431e-006	0.	0.	0.	0.	0.	1.	0.	0.	0.	
5.40524	58.8084	230	0	1	3	3	1	2	1.97704e-006	4.11431e-006	0.	0.	0.	0.	0.	1.	0.	0.	0.	
5.42224	58.8292	231	0	1	3	3	1	2	1.97704e-006	4.11431e-006	0.	0.	0.	0.	0.	1.	0.	0.	0.	
5.43923	58.847	232	0	1	3	3	1	2	1.97704e-006	4.11431e-006	0.	0.	0.	0.	0.	1.	0.	0.	0.	
5.45624	58.7958	233	0	1	3	3	1	2	1.97704e-006	4.11431e-006	0.	0.	0.	0.	0.	1.	0.	0.	0.	
5.47324	58.8428	234	0	1	3	3	1	2	1.97704e-006	4.11431e-006	0.	0.	0.	0.	0.	1.	0.	0.	0.	
5.48924	62.4785	235	0	1	3	3	1	2	1.97704e-006	4.11431e-006	0.	0.	0.	0.	0.	1.	0.	0.	0.	
5.50624	58.8418	236	0	1	3	3	1	2	1.97704e-006	4.11431e-006	0.	0.	0.	0.	0.	1.	0.	0.	0.	
5.52224	62.4703	237	0	1	3	3	1	2	1.97704e-006	4.11431e-006	0.	0.	0.	0.	0.	1.	0.	0.	0.	
5.53924	58.8428	238	0	1	3	3	1	2	1.97704e-006	4.11431e-006	0.	0.	0.	0.	0.	1.	0.	0.	0.	
5.55624	58.8157	239	0	1	3	3	1	2	1.97704e-006	4.11431e-006	0.	0.	0.	0.	0.	1.	0.	0.	0.	
5.57324	58.8261	240	0	1	3	3	1	2	1.97704e-006	4.11431e-006	0.	0.	0.	0.	0.	1.	0.	0.	0.	
5.58925	62.4656	241	0	1	3	3	1	2	1.97704e-006	4.11431e-006	0.	0.	0.	0.	0.	1.	0.	0.	0.	
5.60525	62.4939	242	0	1	3	3	1	2	1.97704e-006	4.11431e-006	0.	0.	0.	0.	0.	1.	0.	0.	0.	
5.62225	58.8198	243	0	1	3	3	1	2	1.97704e-006	4.11431e-006	0.	0.	0.	0.	0.	1.	0.	0.	0.	
5.63924	58.8522	244	0	1	3	3	1	2	1.97704e-006	4.11431e-006	0.	0.	0.	0.	0.	1.	0.	0.	0.	
5.65625	58.8104	245	0	1	3	3	1	2	1.97704e-006	4.11431e-006	0.	0.	0.	0.	0.	1.	0.	0.	0.	
5.67325	58.8261	246	0	1	3	3	1	2	1.97704e-006	4.11431e-006	0.	0.	0.	0.	0.	1.	0.	0.	0.	
5.69025	58.8188	247	0	1	3	3	1	2	1.97704e-006	4.11431e-006	0.	0.	0.	0.	0.	1.	0.	0.	0.	
5.70725	58.8282	248	0	1	3	3	1	2	1.97704e-006	4.11431e-006	0.	0.	0.	0.	0.	1.	0.	0.	0.	
5.72425	58.8136	249	0	1	3	3	1	2	1.97704e-006	4.11431e-006	0.	0.	0.	0.	0.	1.	0.	0.	0.	
5.74125	58.8292	250	0	1	3	3	1	2	1.97704e-006	4.11431e-006	0.	0.	0.	0.	0.	1.	0.	0.	0.	
5.75725	62.4892	251	0	1	3	3	1	2	1.97704e-006	4.11431e-006	0.	0.	0.	0.	0.	1.	0.	0.	0.	
5.77325	62.5009	252	0	1	3	3	1	2	1.97704e-006	4.11431e-006	0.	0.	0.	0.	0.	1.	0.	0.	0.	
5.79025	58.8146	253	0	1	3	3	1	2	1.97704e-006	4.11431e-006	0.	0.	0.	0.	0.	1.	0.	0.	0.	
5.80725	58.8303	254	0	1	3	3	1	2	1.97704e-006	4.11431e-006	0.	0.	0.	0.	0.	1.	0.	0.	0.	
5.82425	58.8115	255	0	1	3	3	1	2	1.97704e-006	4.11431e-006	0.	0.	0.	0.	0.	1.	0.	0.	0.	
5.84125	58.8251	256	0	1	3	3	1	2	1.97704e-006	4.11431e-006	0.	0.	0.	0.	0.	1.	0.	0.	0.	
5.85726	62.4809	257	0	1	3	3	1	2	1.97704e-006	4.11431e-006	0.	0.	0.	0.	0.	1.	0.	0.	0.	
5.87425	58.8366	258	0	1	3	3	1	2	1.97704e-006	4.11431e-006	0.	0.	0.	0.	0.	1.	0.	0.	0.	
5.89026	62.4903	259	0	1	3	3	1	2	1.97704e-006	4.11431e-006	0.	0.	0.	0.	0.	1.	0.	0.	0.	
5.90726	58.8219	260	0	1	3	3	1	2	1.97704e-006	4.11431e-006	0.	0.	0.	0.	0.	1.	0.	0.	0.	
5.92426	58.8178	261	0	1	3	3	1	2	1.97704e-006	4.11431e-006	0.	0.	0.	0.	0.	1.	0.	0.	0.	
5.94126	58.8313	262	0	1	3	3	1	2	1.97704e-006	4.11431e-006	0.	0.	0.	0.	0.	1.	0.	0.	0.	
5.95726	62.4892	263	0	1	3	3	1	2	1.97704e-006	4.11431e-006	0.	0.	0.	0.	0.	1.	0.	0.	0.	
5.97427	58.7729	264	0	1	3	3	1	2	1.97704e-006	4.11431e-006	0.	0.	0.	0.	0.	1.	0.	0.	0.	
5.99027	62.5057	265	0	1	3	3	1	2	1.97704e-006	4.11431e-006	0.	0.	0.	0.	0.	1.	0.	0.	0.	
6.00728	58.8146	266	0	1	3	3	1	2	1.97704e-006	4.11431e-006	0.	0.	0.	0.	0.	1.	0.	0.	0.	
6.02329	62.4467	267	0	1	3	3	1	2	1.97704e-006	4.11431e-006	0.	0.	0.	0.	0.	1.	0.	0.	0.	
6.03928	62.5493	268	0	1	3	3	1	2	1.97704e-006	4.11431e-006	0.	0.	0.	0.	0.	1.	0.	0.	0.	
6.05629	58.7875	269	0	1	3	3	1	2	1.97704e-006	4.11431e-006	0.	0.	0.	0.	0.	1.	0.	0.	0.	
6.07328	58.8554	270	0	1	3	3	1	2	1.97704e-006	4.11431e-006	0.	0.	0.	0.	0.	1.	0.	0.	0.	
6.08929	62.4338	271	0	1	3	3	1	2	1.97704e-006	4.11431e-006	0.	0.	0.	0.	0.	1.	0.	0.	0.	
6.10628	58.8763	272	0	1	3	3	1	2	1.97704e-006	4.11431e-006	0.	0.	0.	0.	0.	1.	0.	0.	0.	
6.12329	58.776	273	0	1	3	3	1	2	1.97704e-006	4.11431e-006	0.	0.	0.	0.	0.	1.	0.	0.	0.	
6.14028	58.8617	274	0	1	3	3	1	2	1.97704e-006	4.11431e-006	0.	0.	0.	0.	0.	1.	0.	0.	0.	
6.1563	62.4456	275	0	1	3	3	1	2	1.97704e-006	4.11431e-006	0.	0.	0.	0.	0.	1.	0.	0.	0.	
6.17228	62.5481	276	0	1	3	3	1	2	1.97704e-006	4.11431e-006	0.	0.	0.	0.	0.	1.	0.	0.	0.	
6.1893	58.7823	277	0	1	3	3	1	2	1.97704e-006	4.11431e-006	0.	0.	0.	0.	0.	1.	0.	0.	0.	
6.20628	58.8637	278	0	1	3	3	1	2	1.97704e-006	4.11431e-006	0.	0.	0.	0.	0.	1.	0.	0.	0.	
6.2233	58.7708	279	0	1	3	3	1	2	1.97704e-006	4.11431e-006	0.	0.	0.	0.	0.	1.	0.	0.	0.	
6.24029	58.87	280	0	1	3	3	1	2	1.97704e-006	4.11431e-006	0.	0.	0.	0.	0.	1.	0.	0.	0.	
6.2563	62.4256	281	0	1	3	3	1	2	1.97704e-006	4.11431e-006	0.	0.	0.	0.	0.	1.	0.	0.	0.	
6.27227	62.6238	282	0	1	3	3	1	2	1.97704e-006	4.11431e-006	0.	0.	0.	0.	0.	1.	0.	0.	0.	
6.28928	58.7937	283	0	1	3	3	1	2	1.97704e-006	4.11431e-006	0.	0.	0.	0.	0.	1.	0.	0.	0.	
6.30628	58.847	284	0	1	3	3	1	2	1.97704e-006	4.11431e-006	0.	0.	0.	0.	0.	1.	0.	0.	0.	
6.32328	58.8157	285	0	1	3	3	1	2	1.97704e-006	4.11431e-006	0.	0.	0.	0.	0.	1.	0.	0.	0.	
6.34028	58.8261	286	0	1	3	3	1	2	1.97704e-006	4.11431e-006	0.	0.	0.	0.	0.	1.	0.	0.	0.	
6.35728	58.8167	287	0	1	3	3	1	2	1.97704e-006	4.11431e-006	0.	0.	0.	0.	0.	1.	0.	0.	0.	
6.37428	58.8282	288	0	1	3	3	1	2	1.97704e-006	4.11431e-006	0.	0.	0.	0.	0.	1.	0.	0.	0.	
6.39128	58.8157	289	0	1	3	3	1	2	1.97704e-006	4.11431e-006	0.	0.	0.	0.	0.	1.	0.	0.	0.	
6.40828	58.8219	290	0	1	3	3	1	2	1.97704e-006	4.11431e-006	0.	0.	0.	0.	0.	1.	0.	0.	0.	
6.42529	58.7958	291	0	1	3	3	1	2	1.97704e-006	4.11431e-006	0.	0.	0.	0.	0.	1.	0.	0.	0.	
6.44129	62.475	292	0	1	3	3	1	2	1.97704e-006	4.11431e-006	0.	0.	0.	0.	0.	1.	0.	0.	0.	
6.4583	58.8125	293	0	1	3	3	1	2	1.97704e-006	4.11431e-006	0.	0.	0.	0.	0.	1.	0.	0.	0.	
6.4753	58.823	294	0	1	3	3	1	2	1.97704e-006	4.11431e-006	0.	0.	0.	0.	0.	1.	0.	0.	0.	
6.4913	62.4974	295	0	1	3	3	1	2	1.97704e-006	4.11431e-006	0.	0.	0.	0.	0.	1.	0.	0.	0.	
6.5083	58.8219	296	0	1	3	3	1	2	1.97704e-006	4.11431e-006	0.	0.	0.	0.	0.	1.	0.	0.	0.	
6.52431	62.4397	297	0	1	3	3	1	2	1.97704e-006	4.11431e-006	0.	0.	0.	0.	0.	1.	0.	0.	0.	
6.5403	62.5588	298	0	1	3	3	1	2	1.97704e-006	4.11431e-006	0.	0.	0.	0.	0.	1.	0.	0.	0.	
6.5573	58.8157	299	0	1	3	3	1	2	1.97704e-006	4.11431e-006	0.	0.	0.	0.	0.	1.	0.	0.	0.	
6.5743	58.8251	300	0	1	3	3	1	2	1.97704e-006	4.11431e-006	0.	0.	0.	0.	0.	1.	0.	0.	0.	
6.5913	58.8157	301	0	1	3	3	1	2	1.97704e-006	4.11431e-006	0.	0.	0.	0.	0.	1.	0.	0.	0.	
6.6083	58.8251	302	0	1	3	3	1	2	1.97704e-006	4.11431e-006	0.	0.	0.	0.	0.	1.	0.	0.	0.	
6.62531	58.8094	303	0	1	3	3	1	2	1.97704e-006	4.11431e-006	0.	0.	0.	0.	0.	1.	0.	0.	0.	
6.6413	62.508	304	0	1	3	3	1	2	1.97704e-006	4.11431e-006	0.	0.	0.	0.	0.	1.	0.	0.	0.	
6.6583	58.824	305	0	1	3	3	1	2	1.97704e-006	4.11431e-006	0.	0.	0.	0.	0.	1.	0.	0.	0.	
6.67531	58.8052	306	0	1	3	3	1	2	1.97704e-006	4.11431e-006	0.	0.	0.	0.	0.	1.	0.	0.	0.	
6.69231	58.8292	307	0	1	3	3	1	2	1.97704e-006	4.11431e-006	0.	0.	0.	0.	0.	1.	0.	0.	0.	
6.70931	58.8282	308	0	1	3	3	1	2	1.97704e-006	4.11431e-006	0.	0.	0.	0.	0.	1.	0.	0.	0.	
6.72631	58.8282	309	0	1	3	3	1	2	1.97704e-006	4.11431e-006	0.	0.	0.	0.	0.	1.	0.	0.	0.	
6.74332	58.7718	310	0	1	3	3	1	2	1.97704e-006	4.11431e-006	0.	0.	0.	0.	0.	1.	0.	0.	0.	
6.76031	58.8554	311	0	1	3	3	1	2	1.97704e-006	4.11431e-006	0.	0.	0.	0.	0.	1.	0.	0.	0.	
6.77733	58.7708	312	0	1	3	3	1	2	1.97704e-006	4.11431e-006	0.	0.	0.	0.	0.	1.	0.	0.	0.	
6.79434	58.7812	313	0	1	3	3	1	2	1.97704e-006	4.11431e-006	0.	0.	0.	0.	0.	1.	0.	0.	0.	
6.81135	58.8011	314	0	1	3	3	1	2	1.97704e-006	4.11431e-006	0.	0.	0.	0.	0.	1.	0.	0.	0.	
6.82831	58.9444	315	0	1	3	3	1	2	1.97704e-006	4.11431e-006	0.	0.	0.	0.	0.	1.	0.	0.	0.	
6.84535	58.6885	316	0	1	3	3	1	2	1.97704e-006	4.11431e-006	0.	0.	0.	0.	0.	1.	0.	0.	0.	
6.86231	58.978	317	0	1	3	3	1	2	1.97704e-006	4.11431e-006	0.	0.	0.	0.	0.	1.	0.	0.	0.	
6.87933	58.7375	318	0	1	3	3	1	2	1.97704e-006	4.11431e-006	0.	0.	0.	0.	0.	1.	0.	0.	0.	
6.89532	62.5399	319	0	1	3	3	1	2	1.97704e-006	4.11431e-006	0.	0.	0.	0.	0.	1.	0.	0.	0.	
6.91235	58.7041	320	0	1	3	3	1	2	1.97704e-006	4.11431e-006	0.	0.	0.	0.	0.	1.	0.	0.	0.	
6.92833	62.5765	321	0	1	3	3	1	2	1.97704e-006	4.11431e-006	0.	0.	0.	0.	0.	1.	0.	0.	0.	
6.94535	58.7635	322	0	1	3	3	1	2	1.97704e-006	4.11431e-006	0.	0.	0.	0.	0.	1.	0.	0.	0.	
6.96234	58.8784	323	0	1	3	3	1	2	1.97704e-006	4.11431e-006	0.	0.	0.	0.	0.	1.	0.	0.	0.	
6.97933	58.8324	324	0	1	3	3	1	2	1.97704e-006	4.11431e-006	0.	0.	0.	0.	0.	1.	0.	0.	0.	
6.99536	62.4079	325	0	1	3	3	1	2	1.97704e-006	4.11431e-006	0.	0.	0.	0.	0.	1.	0.	0.	0.	
7.01234	58.8941	326	0	1	3	3	1	2	1.97704e-006	4.11431e-006	0.	0.	0.	0.	0.	1.	0.	0.	0.	
7.02934	58.8178	327	0	1	3	3	1	2	1.97704e-006	4.11431e-006	0.	0.	0.	0.	0.	1.	0.	0.	0.	
7.04634	58.8125	328	0	1	3	3	1	2	1.97704e-006	4.11431e-006	0.	0.	0.	0.	0.	1.	0.	0.	0.	
7.06333	58.8679	329	0	1	3	3	1	2	1.97704e-006	4.11431e-006	0.	0.	0.	0.	0.	1.	0.	0.	0.	
7.08033	58.8178	330	0	1	3	3	1	2	1.97704e-006	4.11431e-006	0.	0.	0.	0.	0.	1.	0.	0.	0.	
7.09634	62.4538	331	0	1	3	3	1	2	1.97704e-006	4.11431e-006	0.	0.	0.	0.	0.	1.	0.	0.	0.	
7.11335	58.8052	332	0	1	3	3	1	2	1.97704e-006	4.11431e-006	0.	0.	0.	0.	0.	1.	0.	0.	0.	
7.13034	58.8387	333	0	1	3	3	1	2	1.97704e-006	4.11431e-006	0.	0.	0.	0.	0.	1.	0.	0.	0.	
7.14733	58.8596	334	0	1	3	3	1	2	1.97704e-006	4.11431e-006	0.	0.	0.	0.	0.	1.	0.	0.	0.	
7.16437	58.7125	335	0	1	3	3	1	2	1.97704e-006	4.11431e-006	0.	0.	0.	0.	0.	1.	0.	0.	0.	
7.18135	58.8805	336	0	1	3	3	1	2	1.97704e-006	4.11431e-006	0.	0.	0.	0.	0.	1.	0.	0.	0.	
7.19835	58.8303	337	0	1	3	3	1	2	1.97704e-006	4.11431e-006	0.	0.	0.	0.	0.	1.	0.	0.	0.	
7.21539	58.6885	338	0	1	3	3	1	2	1.97704e-006	4.11431e-006	0.	0.	0.	0.	0.	1.	0.	0.	0.	
7.23237	58.8899	339	0	1	3	3	1	2	1.97704e-006	4.11431e-006	0.	0.	0.	0.	0.	1.	0.	0.	0.	
7.24939	58.7354	340	0	1	3	3	1	2	1.97704e-006	4.11431e-006	0.	0.	0.	0.	0.	1.	0.	0.	0.	
7.26637	58.9088	341	0	1	3	3	1	2	1.97704e-006	4.11431e-006	0.	0.	0.	0.	0.	1.	0.	0.	0.	
7.28236	62.5234	342	0	1	3	3	1	2	1.97704e-006	4.11431e-006	0.	0.	0.	0.	0.	1.	0.	0.	0.	
7.29938	58.7666	343	0	1	3	3	1	2	1.97704e-006	4.11431e-006	0.	0.	0.	0.	0.	1.	0.	0.	0.	
7.31636	58.8836	344	0	1	3	3	1	2	1.97704e-006	4.11431e-006	0.	0.	0.	0.	0.	1.	0.	0.	0.	
7.33338	58.7708	345	0	1	3	3	1	2	1.97704e-006	4.11431e-006	0.	0.	0.	0.	0.	1.	0.	0.	0.	
7.35038	58.8209	346	0	1	3	3	1	2	1.97704e-006	4.11431e-006	0.	0.	0.	0.	0.	1.	0.	0.	0.	
7.36737	58.8345	347	0	1	3	3	1	2	1.97704e-006	4.11431e-006	0.	0.	0.	0.	0.	1.	0.	0.	0.	
7.3844	58.7468	348	0	1	3	3	1	2	1.97704e-006	4.11431e-006	0.	0.	0.	0.	0.	1.	0.	0.	0.	
7.40139	58.8376	349	0	1	3	3	1	2	1.97704e-006	4.11431e-006	0.	0.	0.	0.	0.	1.	0.	0.	0.	
7.41839	58.8366	350	0	1	3	3	1	2	1.97704e-006	4.11431e-006	0.	0.	0.	0.	0.	1.	0.	0.	0.	
7.43538	58.8627	351	0	1	3	3	1	2	1.97704e-006	4.11431e-006	0.	0.	0.	0.	0.	1.	0.	0.	0.	
7.45243	58.6459	352	0	1	3	3	1	2	1.97704e-006	4.11431e-006	0.	0.	0.	0.	0.	1.	0.	0.	0.	
7.4684	62.6203	353	0	1	3	3	1	2	1.97704e-006	4.11431e-006	0.	0.	0.	0.	0.	1.	0.	0.	0.	
7.48537	58.9192	354	0	1	3	3	1	2	1.97704e-006	4.11431e-006	0.	0.	0.	0.	0.	1.	0.	0.	0.	
7.50138	62.4621	355	0	1	3	3	1	2	1.97704e-006	4.11431e-006	0.	0.	0.	0.	0.	1.	0.	0.	0.	
7.51842	58.6844	356	0	1	3	3	1	2	1.97704e-006	4.11431e-006	0.	0.	0.	0.	0.	1.	0.	0.	0.	
7.5354	58.8972	357	0	1	3	3	1	2	1.97704e-006	4.11431e-006	0.	0.	0.	0.	0.	1.	0.	0.	0.	
7.5524	58.824	358	0	1	3	3	1	2	1.97704e-006	4.11431e-006	0.	0.	0.	0.	0.	1.	0.	0.	0.	
7.56837	62.6226	359	0	1	3	3	1	2	1.97704e-006	4.11431e-006	0.	0.	0.	0.	0.	1.	0.	0.	0.	
7.58442	62.3023	360	0	1	3	3	1	2	1.97704e-006	4.11431e-006	0.	0.	0.	0.	0.	1.	0.	0.	0.	
7.6004	62.5753	361	0	1	3	3	1	2	1.97704e-006	4.11431e-006	0.	0.	0.	0.	0.	1.	0.	0.	0.	
7.6174	58.8021	362	0	1	3	3	1	2	1.97704e-006	4.11431e-006	0.	0.	0.	0.	0.	1.	0.	0.	0.	
7.6344	58.8439	363	0	1	3	3	1	2	1.97704e-006	4.11431e-006	0.	0.	0.	0.	0.	1.	0.	0.	0.	
7.65043	62.3915	364	0	1	3	3	1	2	1.97704e-006	4.11431e-006	0.	0.	0.	0.	0.	1.	0.	0.	0.	
7.66641	62.5836	365	0	1	3	3	1	2	1.97704e-006	4.11431e-006	0.	0.	0.	0.	0.	1.	0.	0.	0.	
7.68343	58.7531	366	0	1	3	3	1	2	1.97704e-006	4.11431e-006	0.	0.	0.	0.	0.	1.	0.	0.	0.	
7.70041	58.8773	367	0	1	3	3	1	2	1.97704e-006	4.11431e-006	0.	0.	0.	0.	0.	1.	0.	0.	0.	
7.7174	58.8564	368	0	1	3	3	1	2	1.97704e-006	4.11431e-006	0.	0.	0.	0.	0.	1.	0.	0.	0.	
7.73441	58.8084	369	0	1	3	3	1	2	1.97704e-006	4.11431e-006	0.	0.	0.	0.	0.	1.	0.	0.	0.	
7.75143	58.7385	370	0	1	3	3	1	2	1.97704e-006	4.11431e-006	0.	0.	0.	0.	0.	1.	0.	0.	0.	
7.76841	58.9067	371	0	1	3	3	1	2	1.97704e-006	4.11431e-006	0.	0.	0.	0.	0.	1.	0.	0.	0.	
7.78544	58.6948	372	0	1	3	3	1	2	1.97704e-006	4.11431e-006	0.	0.	0.	0.	0.	1.	0.	0.	0.	
7.80241	58.9318	373	0	1	3	3	1	2	1.97704e-006	4.11431e-006	0.	0.	0.	0.	0.	1.	0.	0.	0.	
7.81837	62.6534	374	0	1	3	3	1	2	1.97704e-006	4.11431e-006	0.	0.	0.	0.	0.	1.	0.	0.	0.	
7.83542	58.6761	375	0	1	3	3	1	2	1.97704e-006	4.11431e-006	0.	0.	0.	0.	0.	1.	0.	0.	0.	
7.85241	58.8407	376	0	1	3	3	1	2	1.97704e-006	4.11431e-006	0.	0.	0.	0.	0.	1.	0.	0.	0.	
7.8694	58.8564	377	0	1	3	3	1	2	1.97704e-006	4.11431e-006	0.	0.	0.	0.	0.	1.	0.	0.	0.	
7.88542	62.4267	378	0	1	3	3	1	2	1.97704e-006	4.11431e-006	0.	0.	0.	0.	0.	1.	0.	0.	0.	
7.90142	62.5009	379	0	1	3	3	1	2	1.97704e-006	4.11431e-006	0.	0.	0.	0.	0.	1.	0.	0.	0.	
7.91741	62.5269	380	0	1	3	3	1	2	1.97704e-006	4.11431e-006	0.	0.	0.	0.	0.	1.	0.	0.	0.	
7.9344	58.8543	381	0	1	3	3	1	2	1.97704e-006	4.11431e-006	0.	0.	0.	0.	0.	1.	0.	0.	0.	
7.95142	58.776	382	0	1	3	3	1	2	1.97704e-006	4.11431e-006	0.	0.	0.	0.	0.	1.	0.	0.	0.	
7.96741	62.5399	383	0	1	3	3	1	2	1.97704e-006	4.11431e-006	0.	0.	0.	0.	0.	1.	0.	0.	0.	
7.98442	58.7948	384	0	1	3	3	1	2	1.97704e-006	4.11431e-006	0.	0.	0.	0.	0.	1.	0.	0.	0.	
8.0014	58.8606	385	0	1	3	3	1	2	1.97704e-006	4.11431e-006	0.	0.	0.	0.	0.	1.	0.	0.	0.	
8.01842	58.7729	386	0	1	3	3	1	2	1.97704e-006	4.11431e-006	0.	0.	0.	0.	0.	1.	0.	0.	0.	
8.03545	58.7302	387	0	1	3	3	1	2	1.97704e-006	4.11431e-006	0.	0.	0.	0.	0.	1.	0.	0.	0.	
8.05143	62.56	388	0	1	3	3	1	2	1.97704e-006	4.11431e-006	0.	0.	0.	0.	0.	1.	0.	0.	0.	
8.06743	62.5068	389	0	1	3	3	1	2	1.97704e-006	4.11431e-006	0.	0.	0.	0.	0.	1.	0.	0.	0.	
8.0834	62.599	390	0	1	3	3	1	2	1.97704e-006	4.11431e-006	0.	0.	0.	0.	0.	1.	0.	0.	0.	
8.10042	58.7687	391	0	1	3	3	1	2	1.97704e-006	4.11431e-006	0.	0.	0.	0.	0.	1.	0.	0.	0.	
8.11639	62.6144	392	0	1	3	3	1	2	1.97704e-006	4.11431e-006	0.	0.	0.	0.	0.	1.	0.	0.	0.	
8.13342	58.7354	393	0	1	3	3	1	2	1.97704e-006	4.11431e-006	0.	0.	0.	0.	0.	1.	0.	0.	0.	
8.15047	58.6273	394	0	1	3	3	1	2	1.97704e-006	4.11431e-006	0.	0.	0.	0.	0.	1.	0.	0.	0.	
8.16741	59.0295	395	0	1	3	3	1	2	1.97704e-006	4.11431e-006	0.	0.	0.	0.	0.	1.	0.	0.	0.	
8.18339	62.5765	396	0	1	3	3	1	2	1.97704e-006	4.11431e-006	0.	0.	0.	0.	0.	1.	0.	0.	0.	
8.20043	58.7104	397	0	1	3	3	1	2	1.97704e-006	4.11431e-006	0.	0.	0.	0.	0.	1.	0.	0.	0.	
8.2174	58.9025	398	0	1	3	3	1	2	1.97704e-006	4.11431e-006	0.	0.	0.	0.	0.	1.	0.	0.	0.	
8.23443	58.7218	399	0	1	3	3	1	2	1.97704e-006	4.11431e-006	0.	0.	0.	0.	0.	1.	0.	0.	0.	
8.25145	58.7718	400	0	1	3	3	1	2	1.97704e-006	4.11431e-006	0.	0.	0.	0.	0.	1.	0.	0.	0.	
8.26843	58.9056	401	0	1	3	3	1	2	1.97704e-006	4.11431e-006	0.	0.	0.	0.	0.	1.	0.	0.	0.	
8.28443	62.4868	402	0	1	3	3	1	2	1.97704e-006	4.11431e-006	0.	0.	0.	0.	0.	1.	0.	0.	0.	
8.30043	62.4962	403	0	1	3	3	1	2	1.97704e-006	4.11431e-006	0.	0.	0.	0.	0.	1.	0.	0.	0.	
8.31644	62.4738	404	0	1	3	3	1	2	1.97704e-006	4.11431e-006	0.	0.	0.	0.	0.	1.	0.	0.	0.	
8.33243	62.5092	405	0	1	3	3	1	2	1.97704e-006	4.11431e-006	0.	0.	0.	0.	0.	1.	0.	0.	0.	
8.3484	62.6297	406	0	1	3	3	1	2	1.97704e-006	4.11431e-006	0.	0.	0.	0.	0.	1.	0.	0.	0.	
8.36546	58.6262	407	0	1	3	3	1	2	1.97704e-006	4.11431e-006	0.	0.	0.	0.	0.	1.	0.	0.	0.	
8.3814	62.7127	408	0	1	3	3	1	2	1.97704e-006	4.11431e-006	0.	0.	0.	0.	0.	1.	0.	0.	0.	
8.39844	58.6885	409	0	1	3	3	1	2	1.97704e-006	4.11431e-006	0.	0.	0.	0.	0.	1.	0.	0.	0.	
8.41439	62.6985	410	0	1	3	3	1	2	1.97704e-006	4.11431e-006	0.	0.	0.	0.	0.	1.	0.	0.	0.	
8.4304	62.4538	411	0	1	3	3	1	2	1.97704e-006	4.11431e-006	0.	0.	0.	0.	0.	1.	0.	0.	0.	
8.4474	58.8491	412	0	1	3	3	1	2	1.97704e-006	4.11431e-006	0.	0.	0.	0.	0.	1.	0.	0.	0.	
8.46443	58.7125	413	0	1	3	3	1	2	1.97704e-006	4.11431e-006	0.	0.	0.	0.	0.	1.	0.	0.	0.	
8.4804	62.599	414	0	1	3	3	1	2	1.97704e-006	4.11431e-006	0.	0.	0.	0.	0.	1.	0.	0.	0.	
8.4964	62.5316	415	0	1	3	3	1	2	1.97704e-006	4.11431e-006	0.	0.	0.	0.	0.	1.	0.	0.	0.	
8.51241	62.455	416	0	1	3	3	1	2	1.97704e-006	4.11431e-006	0.	0.	0.	0.	0.	1.	0.	0.	0.	
8.5284	62.5458	417	0	1	3	3	1	2	1.97704e-006	4.11431e-006	0.	0.	0.	0.	0.	1.	0.	0.	0.	
8.54443	62.3809	418	0	1	3	3	1	2	1.97704e-006	4.11431e-006	0.	0.	0.	0.	0.	1.	0.	0.	0.	
8.56138	58.9727	419	0	1	3	3	1	2	1.97704e-006	4.11431e-006	0.	0.	0.	0.	0.	1.	0.	0.	0.	
8.57843	58.6657	420	0	1	3	3	1	2	1.97704e-006	4.11431e-006	0.	0.	0.	0.	0.	1.	0.	0.	0.	
8.59546	58.6979	421	0	1	3	3	1	2	1.97704e-006	4.11431e-006	0.	0.	0.	0.	0.	1.	0.	0.	0.	
8.61241	59.0105	422	0	1	3	3	1	2	1.97704e-006	4.11431e-006	0.	0.	0.	0.	0.	1.	0.	0.	0.	
8.6284	62.5493	423	0	1	3	3	1	2	1.97704e-006	4.11431e-006	0.	0.	0.	0.	0.	1.	0.	0.	0.	
8.64544	58.6937	424	0	1	3	3	1	2	1.97704e-006	4.11431e-006	0.	0.	0.	0.	0.	1.	0.	0.	0.	
8.66241	58.9046	425	0	1	3	3	1	2	1.97704e-006	4.11431e-006	0.	0.	0.	0.	0.	1.	0.	0.	0.	
8.67942	58.8011	426	0	1	3	3	1	2	1.97704e-006	4.11431e-006	0.	0.	0.	0.	0.	1.	0.	0.	0.	
8.69643	58.7854	427	0	1	3	3	1	2	1.97704e-006	4.11431e-006	0.	0.	0.	0.	0.	1.	0.	0.	0.	
8.71342	58.8554	428	0	1	3	3	1	2	1.97704e-006	4.11431e-006	0.	0.	0.	0.	0.	1.	0.	0.	0.	
8.7294	62.5682	429	0	1	3	3	1	2	1.97704e-006	4.11431e-006	0.	0.	0.	0.	0.	1.	0.	0.	0.	
8.74545	62.3023	430	0	1	3	3	1	2	1.97704e-006	4.11431e-006	0.	0.	0.	0.	0.	1.	0.	0.	0.	
8.76139	62.7401	431	0	1	3	3	1	2	1.97704e-006	4.11431e-006	0.	0.	0.	0.	0.	1.	0.	0.	0.	
8.77742	62.3985	432	0	1	3	3	1	2	1.97704e-006	4.11431e-006	0.	0.	0.	0.	0.	1.	0.	0.	0.	
8.79346	62.3468	433	0	1	3	3	1	2	1.97704e-006	4.11431e-006	0.	0.	0.	0.	0.	1.	0.	0.	0.	
8.80942	62.6688	434	0	1	3	3	1	2	1.97704e-006	4.11431e-006	0.	0.	0.	0.	0.	1.	0.	0.	0.	
8.82646	58.6667	435	0	1	3	3	1	2	1.97704e-006	4.11431e-006	0.	0.	0.	0.	0.	1.	0.	0.	0.	
8.84342	58.9643	436	0	1	3	3	1	2	1.97704e-006	4.11431e-006	0.	0.	0.	0.	0.	1.	0.	0.	0.	
8.86042	58.8324	437	0	1	3	3	1	2	1.97704e-006	4.11431e-006	0.	0.	0.	0.	0.	1.	0.	0.	0.	
8.87744	58.7281	438	0	1	3	3	1	2	1.97704e-006	4.11431e-006	0.	0.	0.	0.	0.	1.	0.	0.	0.	
8.89442	58.9203	439	0	1	3	3	1	2	1.97704e-006	4.11431e-006	0.	0.	0.	0.	0.	1.	0.	0.	0.	
8.91147	58.6345	440	0	1	3	3	1	2	1.97704e-006	4.11431e-006	0.	0.	0.	0.	0.	1.	0.	0.	0.	
8.92743	62.6807	441	0	1	3	3	1	2	1.97704e-006	4.11431e-006	0.	0.	0.	0.	0.	1.	0.	0.	0.	
8.94443	58.7969	442	0	1	3	3	1	2	1.97704e-006	4.11431e-006	0.	0.	0.	0.	0.	1.	0.	0.	0.	
8.96042	62.5541	443	0	1	3	3	1	2	1.97704e-006	4.11431e-006	0.	0.	0.	0.	0.	1.	0.	0.	0.	
8.97743	58.7927	444	0	1	3	3	1	2	1.97704e-006	4.11431e-006	0.	0.	0.	0.	0.	1.	0.	0.	0.	
8.99443	58.824	445	0	1	3	3	1	2	1.97704e-006	4.11431e-006	0.	0.	0.	0.	0.	1.	0.	0.	0.	
9.01145	58.7489	446	0	1	3	3	1	2	1.97704e-006	4.11431e-006	0.	0.	0.	0.	0.	1.	0.	0.	0.	
9.02842	58.9109	447	0	1	3	3	1	2	1.97704e-006	4.11431e-006	0.	0.	0.	0.	0.	1.	0.	0.	0.	
9.04546	58.7125	448	0	1	3	3	1	2	1.97704e-006	4.11431e-006	0.	0.	0.	0.	0.	1.	0.	0.	0.	
9.06247	58.7844	449	0	1	3	3	1	2	1.97704e-006	4.11431e-006	0.	0.	0.	0.	0.	1.	0.	0.	0.	
9.07944	58.9371	450	0	1	3	3	1	2	1.97704e-006	4.11431e-006	0.	0.	0.	0.	0.	1.	0.	0.	0.	
9.09643	58.8387	451	0	1	3	3	1	2	1.97704e-006	4.11431e-006	0.	0.	0.	0.	0.	1.	0.	0.	0.	
9.11243	62.4856	452	0	1	3	3	1	2	1.97704e-006	4.11431e-006	0.	0.	0.	0.	0.	1.	0.	0.	0.	
9.12944	58.8115	453	0	1	3	3	1	2	1.97704e-006	4.11431e-006	0.	0.	0.	0.	0.	1.	0.	0.	0.	
9.14646	58.7635	454	0	1	3	3	1	2	1.97704e-006	4.11431e-006	0.	0.	0.	0.	0.	1.	0.	0.	0.	
9.16344	58.8815	455	0	1	3	3	1	2	1.97704e-006	4.11431e-006	0.	0.	0.	0.	0.	1.	0.	0.	0.	
9.17944	62.4903	456	0	1	3	3	1	2	1.97704e-006	4.11431e-006	0.	0.	0.	0.	0.	1.	0.	0.	0.	
9.19547	62.3715	457	0	1	3	3	1	2	1.97704e-006	4.11431e-006	0.	0.	0.	0.	0.	1.	0.	0.	0.	
9.21245	58.9161	458	0	1	3	3	1	2	1.97704e-006	4.11431e-006	0.	0.	0.	0.	0.	1.	0.	0.	0.	
9.22946	58.7718	459	0	1	3	3	1	2	1.97704e-006	4.11431e-006	0.	0.	0.	0.	0.	1.	0.	0.	0.	
9.24646	58.8387	460	0	1	3	3	1	2	1.97704e-006	4.11431e-006	0.	0.	0.	0.	0.	1.	0.	0.	0.	
9.26347	58.7844	461	0	1	3	3	1	2	1.97704e-006	4.11431e-006	0.	0.	0.	0.	0.	1.	0.	0.	0.	
9.28044	58.9129	462	0	1	3	3	1	2	1.97704e-006	4.11431e-006	0.	0.	0.	0.	0.	1.	0.	0.	0.	
9.29747	58.7427	463	0	1	3	3	1	2	1.97704e-006	4.11431e-006	0.	0.	0.	0.	0.	1.	0.	0.	0.	
9.31345	62.5588	464	0	1	3	3	1	2	1.97704e-006	4.11431e-006	0.	0.	0.	0.	0.	1.	0.	0.	0.	
9.32945	62.5151	465	0	1	3	3	1	2	1.97704e-006	4.11431e-006	0.	0.	0.	0.	0.	1.	0.	0.	0.	
9.34648	58.7093	466	0	1	3	3	1	2	1.97704e-006	4.11431e-006	0.	0.	0.	0.	0.	1.	0.	0.	0.	
9.36344	58.9507	467	0	1	3	3	1	2	1.97704e-006	4.11431e-006	0.	0.	0.	0.	0.	1.	0.	0.	0.	
9.38044	58.847	468	0	1	3	3	1	2	1.97704e-006	4.11431e-006	0.	0.	0.	0.	0.	1.	0.	0.	0.	
9.39643	62.5175	469	0	1	3	3	1	2	1.97704e-006	4.11431e-006	0.	0.	0.	0.	0.	1.	0.	0.	0.	
9.41246	62.4032	470	0	1	3	3	1	2	1.97704e-006	4.11431e-006	0.	0.	0.	0.	0.	1.	0.	0.	0.	
9.42945	58.869	471	0	1	3	3	1	2	1.97704e-006	4.11431e-006	0.	0.	0.	0.	0.	1.	0.	0.	0.	
9.44547	62.4056	472	0	1	3	3	1	2	1.97704e-006	4.11431e-006	0.	0.	0.	0.	0.	1.	0.	0.	0.	
9.46244	58.9098	473	0	1	3	3	1	2	1.97704e-006	4.11431e-006	0.	0.	0.	0.	0.	1.	0.	0.	0.	
9.47847	62.4009	474	0	1	3	3	1	2	1.97704e-006	4.11431e-006	0.	0.	0.	0.	0.	1.	0.	0.	0.	
9.49448	62.4727	475	0	1	3	3	1	2	1.97704e-006	4.11431e-006	0.	0.	0.	0.	0.	1.	0.	0.	0.	
9.51147	58.8397	476	0	1	3	3	1	2	1.97704e-006	4.11431e-006	0.	0.	0.	0.	0.	1.	0.	0.	0.	
9.52845	58.9077	477	0	1	3	3	1	2	1.97704e-006	4.11431e-006	0.	0.	0.	0.	0.	1.	0.	0.	0.	
9.54447	62.3962	478	0	1	3	3	1	2	1.97704e-006	4.11431e-006	0.	0.	0.	0.	0.	1.	0.	0.	0.	
9.56143	58.9738	479	0	1	3	3	1	2	1.97704e-006	4.11431e-006	0.	0.	0.	0.	0.	1.	0.	0.	0.	
9.57848	58.6719	480	0	1	3	3	1	2	1.97704e-006	4.11431e-006	0.	0.	0.	0.	0.	1.	0.	0.	0.	
9.59547	58.8282	481	0	1	3	3	1	2	1.97704e-006	4.11431e-006	0.	0.	0.	0.	0.	1.	0.	0.	0.	
9.61246	58.8773	482	0	1	3	3	1	2	1.97704e-006	4.11431e-006	0.	0.	0.	0.	0.	1.	0.	0.	0.	
9.62946	58.8345	483	0	1	3	3	1	2	1.97704e-006	4.11431e-006	0.	0.	0.	0.	0.	1.	0.	0.	0.	
9.64648	58.7541	484	0	1	3	3	1	2	1.97704e-006	4.11431e-006	0.	0.	0.	0.	0.	1.	0.	0.	0.	
9.66283	61.1556	485	0	1	3	3	1	2	1.97704e-006	4.11431e-006	0.	0.	0.	0.	0.	1.	0.	0.	0.	
9.67947	60.1004	486	0	1	3	3	1	2	1.97704e-006	4.11431e-006	0.	0.	0.	0.	0.	1.	0.	0.	0.	
9.69544	62.5978	487	0	1	3	3	1	2	1.97704e-006	4.11431e-006	0.	0.	0.	0.	0.	1.	0.	0.	0.	
9.71246	58.7447	488	0	1	3	3	1	2	1.97704e-006	4.11431e-006	0.	0.	0.	0.	0.	1.	0.	0.	0.	
9.72945	58.8543	489	0	1	3	3	1	2	1.97704e-006	4.11431e-006	0.	0.	0.	0.	0.	1.	0.	0.	0.	
9.74648	58.7281	490	0	1	3	3	1	2	1.97704e-006	4.11431e-006	0.	0.	0.	0.	0.	1.	0.	0.	0.	
9.76348	58.8178	491	0	1	3	3	1	2	1.97704e-006	4.11431e-006	0.	0.	0.	0.	0.	1.	0.	0.	0.	
9.78047	58.8826	492	0	1	3	3	1	2	1.97704e-006	4.11431e-006	0.	0.	0.	0.	0.	1.	0.	0.	0.	
9.79747	58.8178	493	0	1	3	3	1	2	1.97704e-006	4.11431e-006	0.	0.	0.	0.	0.	1.	0.	0.	0.	
9.81448	58.776	494	0	1	3	3	1	2	1.97704e-006	4.11431e-006	0.	0.	0.	0.	0.	1.	0.	0.	0.	
9.83149	58.7917	495	0	1	3	3	1	2	1.97704e-006	4.11431e-006	0.	0.	0.	0.	0.	1.	0.	0.	0.	
9.84745	62.6617	496	0	1	3	3	1	2	1.97704e-006	4.11431e-006	0.	0.	0.	0.	0.	1.	0.	0.	0.	
9.86449	58.6771	497	0	1	3	3	1	2	1.97704e-006	4.11431e-006	0.	0.	0.	0.	0.	1.	0.	0.	0.	
9.88046	62.6215	498	0	1	3	3	1	2	1.97704e-006	4.11431e-006	0.	0.	0.	0.	0.	1.	0.	0.	0.	
9.89748	58.7771	499	0	1	3	3	1	2	1.97704e-006	4.11431e-006	0.	0.	0.	0.	0.	1.	0.	0.	0.	
9.91449	58.7677	500	0	1	3	3	1	2	1.97704e-006	4.11431e-006	0.	0.	0.	0.	0.	1.	0.	0.	0.	
9.9315	58.8084	501	0	1	3	3	1	2	1.97704e-006	4.11431e-006	0.	0.	0.	0.	0.	1.	0.	0.	0.	
9.94747	62.6191	502	0	1	3	3	1	2	1.97704e-006	4.11431e-006	0.	0.	0.	0.	0.	1.	0.	0.	0.	
9.9645	58.7166	503	0	1	3	3	1	2	1.97704e-006	4.11431e-006	0.	0.	0.	0.	0.	1.	0.	0.	0.	
9.98048	62.5659	504	0	1	3	3	1	2	1.97704e-006	4.11431e-006	0.	0.	0.	0.	0.	1.	0.	0.	0.	
9.9975	58.7416	505	0	1	3	3	1	2	1.97704e-006	4.11431e-006	0.	0.	0.	0.	0.	1.	0.	0.	0.	
10.0145	58.8669	506	0	1	3	3	1	2	1.97704e-006	4.11431e-006	0.	0.	0.	0.	0.	1.	0.	0.	0.	
10.0315	58.8313	507	0	1	3	3	1	2	1.97704e-006	4.11431e-006	0.	0.	0.	0.	0.	1.	0.	0.	0.	
10.0485	58.9318	508	0	1	3	3	1	2	1.97704e-006	4.11431e-006	0.	0.	0.	0.	0.	1.	0.	0.	0.	
10.0655	58.6698	509	0	1	3	3	1	2	1.97704e-006	4.11431e-006	0.	0.	0.	0.	0.	1.	0.	0.	0.	
10.0825	58.8962	510	0	1	3	3	1	2	1.97704e-006	4.11431e-006	0.	0.	0.	0.	0.	1.	0.	0.	0.	
10.0985	62.5057	511	0	1	3	3	1	2	1.97704e-006	4.11431e-006	0.	0.	0.	0.	0.	1.	0.	0.	0.	
10.1155	58.6917	512	0	1	3	3	1	2	1.97704e-006	4.11431e-006	0.	0.	0.	0.	0.	1.	0.	0.	0.	
10.1325	58.9727	513	0	1	3	3	1	2	1.97704e-006	4.11431e-006	0.	0.	0.	0.	0.	1.	0.	0.	0.	
10.1485	62.4856	514	0	1	3	3	1	2	1.97704e-006	4.11431e-006	0.	0.	0.	0.	0.	1.	0.	0.	0.	
10.1655	58.7896	515	0	1	3	3	1	2	1.97704e-006	4.11431e-006	0.	0.	0.	0.	0.	1.	0.	0.	0.	
10.1825	58.8418	516	0	1	3	3	1	2	1.97704e-006	4.11431e-006	0.	0.	0.	0.	0.	1.	0.	0.	0.	
10.1985	62.5257	517	0	1	3	3	1	2	1.97704e-006	4.11431e-006	0.	0.	0.	0.	0.	1.	0.	0.	0.	
10.2155	58.776	518	0	1	3	3	1	2	1.97704e-006	4.11431e-006	0.	0.	0.	0.	0.	1.	0.	0.	0.	
10.2315	62.5033	519	0	1	3	3	1	2	1.97704e-006	4.11431e-006	0.	0.	0.	0.	0.	1.	0.	0.	0.	
10.2485	58.8428	520	0	1	3	3	1	2	1.97704e-006	4.11431e-006	0.	0.	0.	0.	0.	1.	0.	0.	0.	
10.2655	58.775	521	0	1	3	3	1	2	1.97704e-006	4.11431e-006	0.	0.	0.	0.	0.	1.	0.	0.	0.	
10.2825	58.8512	522	0	1	3	3	1	2	1.97704e-006	4.11431e-006	0.	0.	0.	0.	0.	1.	0.	0.	0.	
10.2985	62.4197	523	0	1	3	3	1	2	1.97704e-006	4.11431e-006	0.	0.	0.	0.	0.	1.	0.	0.	0.	
10.3155	58.7552	524	0	1	3	3	1	2	1.97704e-006	4.11431e-006	0.	0.	0.	0.	0.	1.	0.	0.	0.	
10.3315	62.5647	525	0	1	3	3	1	2	1.97704e-006	4.11431e-006	0.	0.	0.	0.	0.	1.	0.	0.	0.	
10.3475	62.6025	526	0	1	3	3	1	2	1.97704e-006	4.11431e-006	0.	0.	0.	0.	0.	1.	0.	0.	0.	
10.3645	58.7218	527	0	1	3	3	1	2	1.97704e-006	4.11431e-006	0.	0.	0.	0.	0.	1.	0.	0.	0.	
10.3815	58.8878	528	0	1	3	3	1	2	1.97704e-006	4.11431e-006	0.	0.	0.	0.	0.	1.	0.	0.	0.	
10.3985	58.752	529	0	1	3	3	1	2	1.97704e-006	4.11431e-006	0.	0.	0.	0.	0.	1.	0.	0.	0.	
10.4155	58.8188	530	0	1	3	3	1	2	1.97704e-006	4.11431e-006	0.	0.	0.	0.	0.	1.	0.	0.	0.	
10.4325	58.8178	531	0	1	3	3	1	2	1.97704e-006	4.11431e-006	0.	0.	0.	0.	0.	1.	0.	0.	0.	
10.4485	62.5848	532	0	1	3	3	1	2	1.97704e-006	4.11431e-006	0.	0.	0.	0.	0.	1.	0.	0.	0.	
10.4655	58.7531	533	0	1	3	3	1	2	1.97704e-006	4.11431e-006	0.	0.	0.	0.	0.	1.	0.	0.	0.	
10.4825	58.7645	534	0	1	3	3	1	2	1.97704e-006	4.11431e-006	0.	0.	0.	0.	0.	1.	0.	0.	0.	
10.4995	58.9203	535	0	1	3	3	1	2	1.97704e-006	4.11431e-006	0.	0.	0.	0.	0.	1.	0.	0.	0.	
10.5165	58.8366	536	0	1	3	3	1	2	1.97704e-006	4.11431e-006	0.	0.	0.	0.	0.	1.	0.	0.	0.	
10.5325	62.3445	537	0	1	3	3	1	2	1.97704e-006	4.11431e-006	0.	0.	0.	0.	0.	1.	0.	0.	0.	
10.5485	62.6629	538	0	1	3	3	1	2	1.97704e-006	4.11431e-006	0.	0.	0.	0.	0.	1.	0.	0.	0.	
10.5655	58.6885	539	0	1	3	3	1	2	1.97704e-006	4.11431e-006	0.	0.	0.	0.	0.	1.	0.	0.	0.	
10.5825	58.8272	540	0	1	3	3	1	2	1.97704e-006	4.11431e-006	0.	0.	0.	0.	0.	1.	0.	0.	0.	
10.5995	58.8815	541	0	1	3	3	1	2	1.97704e-006	4.11431e-006	0.	0.	0.	0.	0.	1.	0.	0.	0.	
10.6165	58.8502	542	0	1	3	3	1	2	1.97704e-006	4.11431e-006	0.	0.	0.	0.	0.	1.	0.	0.	0.	
10.6325	62.3879	543	0	1	3	3	1	2	1.97704e-006	4.11431e-006	0.	0.	0.	0.	0.	1.	0.	0.	0.	
10.6495	58.9601	544	0	1	3	3	1	2	1.97704e-006	4.11431e-006	0.	0.	0.	0.	0.	1.	0.	0.	0.	
10.6665	58.7447	545	0	1	3	3	1	2	1.97704e-006	4.11431e-006	0.	0.	0.	0.	0.	1.	0.	0.	0.	
10.6835	58.8585	546	0	1	3	3	1	2	1.97704e-006	4.11431e-006	0.	0.	0.	0.	0.	1.	0.	0.	0.	
10.7005	58.7823	547	0	1	3	3	1	2	1.97704e-006	4.11431e-006	0.	0.	0.	0.	0.	1.	0.	0.	0.	
10.7175	58.7812	548	0	1	3	3	1	2	1.97704e-006	4.11431e-006	0.	0.	0.	0.	0.	1.	0.	0.	0.	
10.7345	58.8596	549	0	1	3	3	1	2	1.97704e-006	4.11431e-006	0.	0.	0.	0.	0.	1.	0.	0.	0.	
10.7506	62.3856	550	0	1	3	3	1	2	1.97704e-006	4.11431e-006	0.	0.	0.	0.	0.	1.	0.	0.	0.	
10.7675	58.9213	551	0	1	3	3	1	2	1.97704e-006	4.11431e-006	0.	0.	0.	0.	0.	1.	0.	0.	0.	
10.7845	58.8104	552	0	1	3	3	1	2	1.97704e-006	4.11431e-006	0.	0.	0.	0.	0.	1.	0.	0.	0.	
10.8015	58.8376	553	0	1	3	3	1	2	1.97704e-006	4.11431e-006	0.	0.	0.	0.	0.	1.	0.	0.	0.	
10.8186	58.7447	554	0	1	3	3	1	2	1.97704e-006	4.11431e-006	0.	0.	0.	0.	0.	1.	0.	0.	0.	
10.8355	58.869	555	0	1	3	3	1	2	1.97704e-006	4.11431e-006	0.	0.	0.	0.	0.	1.	0.	0.	0.	
10.8525	58.8219	556	0	1	3	3	1	2	1.97704e-006	4.11431e-006	0.	0.	0.	0.	0.	1.	0.	0.	0.	
10.8695	58.847	557	0	1	3	3	1	2	1.97704e-006	4.11431e-006	0.	0.	0.	0.	0.	1.	0.	0.	0.	
10.8855	62.4526	558	0	1	3	3	1	2	1.97704e-006	4.11431e-006	0.	0.	0.	0.	0.	1.	0.	0.	0.	
10.9026	58.7812	559	0	1	3	3	1	2	1.97704e-006	4.11431e-006	0.	0.	0.	0.	0.	1.	0.	0.	0.	
10.9196	58.7322	560	0	1	3	3	1	2	1.97704e-006	4.11431e-006	0.	0.	0.	0.	0.	1.	0.	0.	0.	
10.9355	62.67	561	0	1	3	3	1	2	1.97704e-006	4.11431e-006	0.	0.	0.	0.	0.	1.	0.	0.	0.	
10.9526	58.6885	562	0	1	3	3	1	2	1.97704e-006	4.11431e-006	0.	0.	0.	0.	0.	1.	0.	0.	0.	
10.9695	58.9664	563	0	1	3	3	1	2	1.97704e-006	4.11431e-006	0.	0.	0.	0.	0.	1.	0.	0.	0.	
10.9866	58.6813	564	0	1	3	3	1	2	1.97704e-006	4.11431e-006	0.	0.	0.	0.	0.	1.	0.	0.	0.	
11.0035	58.9475	565	0	1	3	3	1	2	1.97704e-006	4.11431e-006	0.	0.	0.	0.	0.	1.	0.	0.	0.	
11.0196	62.3586	566	0	1	3	3	1	2	1.97704e-006	4.11431e-006	0.	0.	0.	0.	0.	1.	0.	0.	0.	
11.0366	58.9119	567	0	1	3	3	1	2	1.97704e-006	4.11431e-006	0.	0.	0.	0.	0.	1.	0.	0.	0.	
11.0536	58.727	568	0	1	3	3	1	2	1.97704e-006	4.11431e-006	0.	0.	0.	0.	0.	1.	0.	0.	0.	
11.0706	58.936	569	0	1	3	3	1	2	1.97704e-006	4.11431e-006	0.	0.	0.	0.	0.	1.	0.	0.	0.	
11.0876	58.8011	570	0	1	3	3	1	2	1.97704e-006	4.11431e-006	0.	0.	0.	0.	0.	1.	0.	0.	0.	
11.1046	58.8198	571	0	1	3	3	1	2	1.97704e-006	4.11431e-006	0.	0.	0.	0.	0.	1.	0.	0.	0.	
11.1216	58.8052	572	0	1	3	3	1	2	1.97704e-006	4.11431e-006	0.	0.	0.	0.	0.	1.	0.	0.	0.	
11.1386	58.8512	573	0	1	3	3	1	2	1.97704e-006	4.11431e-006	0.	0.	0.	0.	0.	1.	0.	0.	0.	
11.1546	62.395	574	0	1	3	3	1	2	1.97704e-006	4.11431e-006	0.	0.	0.	0.	0.	1.	0.	0.	0.	
11.1706	62.6262	575	0	1	3	3	1	2	1.97704e-006	4.11431e-006	0.	0.	0.	0.	0.	1.	0.	0.	0.	
11.1876	58.7687	576	0	1	3	3	1	2	1.97704e-006	4.11431e-006	0.	0.	0.	0.	0.	1.	0.	0.	0.	
11.2046	58.823	577	0	1	3	3	1	2	1.97704e-006	4.11431e-006	0.	0.	0.	0.	0.	1.	0.	0.	0.	
11.2206	62.5068	578	0	1	3	3	1	2	1.97704e-006	4.11431e-006	0.	0.	0.	0.	0.	1.	0.	0.	0.	
11.2376	58.8575	579	0	1	3	3	1	2	1.97704e-006	4.11431e-006	0.	0.	0.	0.	0.	1.	0.	0.	0.	
11.2535	62.5588	580	0	1	3	3	1	2	1.97704e-006	4.11431e-006	0.	0.	0.	0.	0.	1.	0.	0.	0.	
11.2696	62.4397	581	0	1	3	3	1	2	1.97704e-006	4.11431e-006	0.	0.	0.	0.	0.	1.	0.	0.	0.	
11.2856	62.3492	582	0	1	3	3	1	2	1.97704e-006	4.11431e-006	0.	0.	0.	0.	0.	1.	0.	0.	0.	
11.3026	58.9046	583	0	1	3	3	1	2	1.97704e-006	4.11431e-006	0.	0.	0.	0.	0.	1.	0.	0.	0.	
11.3186	62.5068	584	0	1	3	3	1	2	1.97704e-006	4.11431e-006	0.	0.	0.	0.	0.	1.	0.	0.	0.	
11.3356	58.847	585	0	1	3	3	1	2	1.97704e-006	4.11431e-006	0.	0.	0.	0.	0.	1.	0.	0.	0.	
11.3516	62.3797	586	0	1	3	3	1	2	1.97704e-006	4.11431e-006	0.	0.	0.	0.	0.	1.	0.	0.	0.	
11.3686	58.8857	587	0	1	3	3	1	2	1.97704e-006	4.11431e-006	0.	0.	0.	0.	0.	1.	0.	0.	0.	
11.3856	58.7156	588	0	1	3	3	1	2	1.97704e-006	4.11431e-006	0.	0.	0.	0.	0.	1.	0.	0.	0.	
11.4026	58.8857	589	0	1	3	3	1	2	1.97704e-006	4.11431e-006	0.	0.	0.	0.	0.	1.	0.	0.	0.	
11.4196	58.751	590	0	1	3	3	1	2	1.97704e-006	4.11431e-006	0.	0.	0.	0.	0.	1.	0.	0.	0.	
11.4366	58.9287	591	0	1	3	3	1	2	1.97704e-006	4.11431e-006	0.	0.	0.	0.	0.	1.	0.	0.	0.	
11.4536	58.936	592	0	1	3	3	1	2	1.97704e-006	4.11431e-006	0.	0.	0.	0.	0.	1.	0.	0.	0.	
11.4706	58.7291	593	0	1	3	3	1	2	1.97704e-006	4.11431e-006	0.	0.	0.	0.	0.	1.	0.	0.	0.	
11.4866	62.4715	594	0	1	3	3	1	2	1.97704e-006	4.11431e-006	0.	0.	0.	0.	0.	1.	0.	0.	0.	
11.5026	62.508	595	0	1	3	3	1	2	1.97704e-006	4.11431e-006	0.	0.	0.	0.	0.	1.	0.	0.	0.	
11.5196	58.8282	596	0	1	3	3	1	2	1.97704e-006	4.11431e-006	0.	0.	0.	0.	0.	1.	0.	0.	0.	
11.5356	62.5269	597	0	1	3	3	1	2	1.97704e-006	4.11431e-006	0.	0.	0.	0.	0.	1.	0.	0.	0.	
11.5516	62.5269	598	0	1	3	3	1	2	1.97704e-006	4.11431e-006	0.	0.	0.	0.	0.	1.	0.	0.	0.	
11.5686	58.7698	599	0	1	3	3	1	2	1.97704e-006	4.11431e-006	0.	0.	0.	0.	0.	1.	0.	0.	0.	
11.5846	62.4785	600	0	1	3	3	1	2	1.97704e-006	4.11431e-006	0.	0.	0.	0.	0.	1.	0.	0.	0.	
11.6016	58.8011	601	0	1	3	3	1	2	1.97704e-006	4.11431e-006	0.	0.	0.	0.	0.	1.	0.	0.	0.	
11.6186	58.7604	602	0	1	3	3	1	2	1.97704e-006	4.11431e-006	0.	0.	0.	0.	0.	1.	0.	0.	0.	
11.6356	58.9402	603	0	1	3	3	1	2	1.97704e-006	4.11431e-006	0.	0.	0.	0.	0.	1.	0.	0.	0.	
11.6526	58.7073	604	0	1	3	3	1	2	1.97704e-006	4.11431e-006	0.	0.	0.	0.	0.	1.	0.	0.	0.	
11.6696	58.9811	605	0	1	3	3	1	2	1.97704e-006	4.11431e-006	0.	0.	0.	0.	0.	1.	0.	0.	0.	
11.6856	62.2601	606	0	1	3	3	1	2	1.97704e-006	4.11431e-006	0.	0.	0.	0.	0.	1.	0.	0.	0.	
11.7016	62.6013	607	0	1	3	3	1	2	1.97704e-006	4.11431e-006	0.	0.	0.	0.	0.	1.	0.	0.	0.	
11.7186	58.8491	608	0	1	3	3	1	2	1.97704e-006	4.11431e-006	0.	0.	0.	0.	0.	1.	0.	0.	0.	
11.7356	58.8011	609	0	1	3	3	1	2	1.97704e-006	4.11431e-006	0.	0.	0.	0.	0.	1.	0.	0.	0.	
11.7516	62.4986	610	0	1	3	3	1	2	1.97704e-006	4.11431e-006	0.	0.	0.	0.	0.	1.	0.	0.	0.	
11.7676	62.5848	611	0	1	3	3	1	2	1.97704e-006	4.11431e-006	0.	0.	0.	0.	0.	1.	0.	0.	0.	
11.7836	62.521	612	0	1	3	3	1	2	1.97704e-006	4.11431e-006	0.	0.	0.	0.	0.	1.	0.	0.	0.	
11.8006	58.75	613	0	1	3	3	1	2	1.97704e-006	4.11431e-006	0.	0.	0.	0.	0.	1.	0.	0.	0.	
11.8166	62.5978	614	0	1	3	3	1	2	1.97704e-006	4.11431e-006	0.	0.	0.	0.	0.	1.	0.	0.	0.	
11.8336	58.7687	615	0	1	3	3	1	2	1.97704e-006	4.11431e-006	0.	0.	0.	0.	0.	1.	0.	0.	0.	
11.8506	58.7166	616	0	1	3	3	1	2	1.97704e-006	4.11431e-006	0.	0.	0.	0.	0.	1.	0.	0.	0.	
11.8675	59.0937	617	0	1	3	3	1	2	1.97704e-006	4.11431e-006	0.	0.	0.	0.	0.	1.	0.	0.	0.	
11.8846	58.7093	618	0	1	3	3	1	2	1.97704e-006	4.11431e-006	0.	0.	0.	0.	0.	1.	0.	0.	0.	
11.9016	58.8564	619	0	1	3	3	1	2	1.97704e-006	4.11431e-006	0.	0.	0.	0.	0.	1.	0.	0.	0.	
11.9176	62.4503	620	0	1	3	3	1	2	1.97704e-006	4.11431e-006	0.	0.	0.	0.	0.	1.	0.	0.	0.	
11.9336	62.5931	621	0	1	3	3	1	2	1.97704e-006	4.11431e-006	0.	0.	0.	0.	0.	1.	0.	0.	0.	
11.9506	58.8052	622	0	1	3	3	1	2	1.97704e-006	4.11431e-006	0.	0.	0.	0.	0.	1.	0.	0.	0.	
11.9666	62.4668	623	0	1	3	3	1	2	1.97704e-006	4.11431e-006	0.	0.	0.	0.	0.	1.	0.	0.	0.	
11.9826	62.5694	624	0	1	3	3	1	2	1.97704e-006	4.11431e-006	0.	0.	0.	0.	0.	1.	0.	0.	0.	
11.9996	58.7385	625	0	1	3	3	1	2	1.97704e-006	4.11431e-006	0.	0.	0.	0.	0.	1.	0.	0.	0.	
12.0166	58.6906	626	0	1	3	3	1	2	1.97704e-006	4.11431e-006	0.	0.	0.	0.	0.	1.	0.	0.	0.	
12.0326	62.7021	627	0	1	3	3	1	2	1.97704e-006	4.11431e-006	0.	0.	0.	0.	0.	1.	0.	0.	0.	
12.0486	62.4467	628	0	1	3	3	1	2	1.97704e-006	4.11431e-006	0.	0.	0.	0.	0.	1.	0.	0.	0.	
12.0656	58.7385	629	0	1	3	3	1	2	1.97704e-006	4.11431e-006	0.	0.	0.	0.	0.	1.	0.	0.	0.	
12.0816	62.5293	630	0	1	3	3	1	2	1.97704e-006	4.11431e-006	0.	0.	0.	0.	0.	1.	0.	0.	0.	
12.0986	58.9182	631	0	1	3	3	1	2	1.97704e-006	4.11431e-006	0.	0.	0.	0.	0.	1.	0.	0.	0.	
12.1156	58.7427	632	0	1	3	3	1	2	1.97704e-006	4.11431e-006	0.	0.	0.	0.	0.	1.	0.	0.	0.	
12.1326	58.7739	633	0	1	3	3	1	2	1.97704e-006	4.11431e-006	0.	0.	0.	0.	0.	1.	0.	0.	0.	
12.1486	62.5871	634	0	1	3	3	1	2	1.97704e-006	4.11431e-006	0.	0.	0.	0.	0.	1.	0.	0.	0.	
12.1656	58.7489	635	0	1	3	3	1	2	1.97704e-006	4.11431e-006	0.	0.	0.	0.	0.	1.	0.	0.	0.	
12.1816	62.5741	636	0	1	3	3	1	2	1.97704e-006	4.11431e-006	0.	0.	0.	0.	0.	1.	0.	0.	0.	
12.1986	58.8292	637	0	1	3	3	1	2	1.97704e-006	4.11431e-006	0.	0.	0.	0.	0.	1.	0.	0.	0.	
12.2156	58.8073	638	0	1	3	3	1	2	1.97704e-006	4.11431e-006	0.	0.	0.	0.	0.	1.	0.	0.	0.	
12.2326	58.7531	639	0	1	3	3	1	2	1.97704e-006	4.11431e-006	0.	0.	0.	0.	0.	1.	0.	0.	0.	
12.2496	58.9412	640	0	1	3	3	1	2	1.97704e-006	4.11431e-006	0.	0.	0.	0.	0.	1.	0.	0.	0.	
12.2656	62.4785	641	0	1	3	3	1	2	1.97704e-006	4.11431e-006	0.	0.	0.	0.	0.	1.	0.	0.	0.	
12.2826	58.8146	642	0	1	3	3	1	2	1.97704e-006	4.11431e-006	0.	0.	0.	0.	0.	1.	0.	0.	0.	
12.2986	62.5127	643	0	1	3	3	1	2	1.97704e-006	4.11431e-006	0.	0.	0.	0.	0.	1.	0.	0.	0.	
12.3146	62.4609	644	0	1	3	3	1	2	1.97704e-006	4.11431e-006	0.	0.	0.	0.	0.	1.	0.	0.	0.	
12.3316	58.7479	645	0	1	3	3	1	2	1.97704e-006	4.11431e-006	0.	0.	0.	0.	0.	1.	0.	0.	0.	
12.3486	58.8941	646	0	1	3	3	1	2	1.97704e-006	4.11431e-006	0.	0.	0.	0.	0.	1.	0.	0.	0.	
12.3646	62.4173	647	0	1	3	3	1	2	1.97704e-006	4.11431e-006	0.	0.	0.	0.	0.	1.	0.	0.	0.	
12.3816	58.8889	648	0	1	3	3	1	2	1.97704e-006	4.11431e-006	0.	0.	0.	0.	0.	1.	0.	0.	0.	
12.3986	58.824	649	0	1	3	3	1	2	1.97704e-006	4.11431e-006	0.	0.	0.	0.	0.	1.	0.	0.	0.	
12.4146	62.4503	650	0	1	3	3	1	2	1.97704e-006	4.11431e-006	0.	0.	0.	0.	0.	1.	0.	0.	0.	
12.4316	58.8658	651	0	1	3	3	1	2	1.97704e-006	4.11431e-006	0.	0.	0.	0.	0.	1.	0.	0.	0.	
12.4486	58.8104	652	0	1	3	3	1	2	1.97704e-006	4.11431e-006	0.	0.	0.	0.	0.	1.	0.	0.	0.	
12.4656	58.8418	653	0	1	3	3	1	2	1.97704e-006	4.11431e-006	0.	0.	0.	0.	0.	1.	0.	0.	0.	
12.4816	62.4656	654	0	1	3	3	1	2	1.97704e-006	4.11431e-006	0.	0.	0.	0.	0.	1.	0.	0.	0.	
12.4986	58.8366	655	0	1	3	3	1	2	1.97704e-006	4.11431e-006	0.	0.	0.	0.	0.	1.	0.	0.	0.	
12.5146	62.495	656	0	1	3	3	1	2	1.97704e-006	4.11431e-006	0.	0.	0.	0.	0.	1.	0.	0.	0.	
12.5316	58.8669	657	0	1	3	3	1	2	1.97704e-006	4.11431e-006	0.	0.	0.	0.	0.	1.	0.	0.	0.	
12.5486	58.776	658	0	1	3	3	1	2	1.97704e-006	4.11431e-006	0.	0.	0.	0.	0.	1.	0.	0.	0.	
12.5656	58.7416	659	0	1	3	3	1	2	1.97704e-006	4.11431e-006	0.	0.	0.	0.	0.	1.	0.	0.	0.	
12.5826	58.7781	660	0	1	3	3	1	2	1.97704e-006	4.11431e-006	0.	0.	0.	0.	0.	1.	0.	0.	0.	
12.5996	58.8721	661	0	1	3	3	1	2	1.97704e-006	4.11431e-006	0.	0.	0.	0.	0.	1.	0.	0.	0.	
12.6156	62.4303	662	0	1	3	3	1	2	1.97704e-006	4.11431e-006	0.	0.	0.	0.	0.	1.	0.	0.	0.	
12.6326	58.8345	663	0	1	3	3	1	2	1.97704e-006	4.11431e-006	0.	0.	0.	0.	0.	1.	0.	0.	0.	
12.6486	62.7163	664	0	1	3	3	1	2	1.97704e-006	4.11431e-006	0.	0.	0.	0.	0.	1.	0.	0.	0.	
12.6656	58.7395	665	0	1	3	3	1	2	1.97704e-006	4.11431e-006	0.	0.	0.	0.	0.	1.	0.	0.	0.	
12.6816	62.4762	666	0	1	3	3	1	2	1.97704e-006	4.11431e-006	0.	0.	0.	0.	0.	1.	0.	0.	0.	
12.6986	58.8596	667	0	1	3	3	1	2	1.97704e-006	4.11431e-006	0.	0.	0.	0.	0.	1.	0.	0.	0.	
12.7146	62.4656	668	0	1	3	3	1	2	1.97704e-006	4.11431e-006	0.	0.	0.	0.	0.	1.	0.	0.	0.	
12.7316	58.8052	669	0	1	3	3	1	2	1.97704e-006	4.11431e-006	0.	0.	0.	0.	0.	1.	0.	0.	0.	
12.7486	58.8418	670	0	1	3	3	1	2	1.97704e-006	4.11431e-006	0.	0.	0.	0.	0.	1.	0.	0.	0.	
12.7656	58.8157	671	0	1	3	3	1	2	1.97704e-006	4.11431e-006	0.	0.	0.	0.	0.	1.	0.	0.	0.	
12.7816	62.5116	672	0	1	3	3	1	2	1.97704e-006	4.11431e-006	0.	0.	0.	0.	0.	1.	0.	0.	0.	
12.7986	58.8648	673	0	1	3	3	1	2	1.97704e-006	4.11431e-006	0.	0.	0.	0.	0.	1.	0.	0.	0.	
12.8156	58.7021	674	0	1	3	3	1	2	1.97704e-006	4.11431e-006	0.	0.	0.	0.	0.	1.	0.	0.	0.	
12.8326	58.8868	675	0	1	3	3	1	2	1.97704e-006	4.11431e-006	0.	0.	0.	0.	0.	1.	0.	0.	0.	
12.8486	62.4974	676	0	1	3	3	1	2	1.97704e-006	4.11431e-006	0.	0.	0.	0.	0.	1.	0.	0.	0.	
12.8656	58.8	677	0	1	3	3	1	2	1.97704e-006	4.11431e-006	0.	0.	0.	0.	0.	1.	0.	0.	0.	
12.8826	58.847	678	0	1	3	3	1	2	1.97704e-006	4.11431e-006	0.	0.	0.	0.	0.	1.	0.	0.	0.	
12.8996	58.8648	679	0	1	3	3	1	2	1.97704e-006	4.11431e-006	0.	0.	0.	0.	0.	1.	0.	0.	0.	
12.9166	58.7833	680	0	1	3	3	1	2	1.97704e-006	4.11431e-006	0.	0.	0.	0.	0.	1.	0.	0.	0.	
12.9326	62.4986	681	0	1	3	3	1	2	1.97704e-006	4.11431e-006	0.	0.	0.	0.	0.	1.	0.	0.	0.	
12.9496	58.7489	682	0	1	3	3	1	2	1.97704e-006	4.11431e-006	0.	0.	0.	0.	0.	1.	0.	0.	0.	
12.9666	58.8742	683	0	1	3	3	1	2	1.97704e-006	4.11431e-006	0.	0.	0.	0.	0.	1.	0.	0.	0.	
12.9836	58.8345	684	0	1	3	3	1	2	1.97704e-006	4.11431e-006	0.	0.	0.	0.	0.	1.	0.	0.	0.	
12.9996	62.5387	685	0	1	3	3	1	2	1.97704e-006	4.11431e-006	0.	0.	0.	0.	0.	1.	0.	0.	0.	
13.0166	58.7854	686	0	1	3	3	1	2	1.97704e-006	4.11431e-006	0.	0.	0.	0.	0.	1.	0.	0.	0.	
13.0336	58.7468	687	0	1	3	3	1	2	1.97704e-006	4.11431e-006	0.	0.	0.	0.	0.	1.	0.	0.	0.	
13.0496	62.5753	688	0	1	3	3	1	2	1.97704e-006	4.11431e-006	0.	0.	0.	0.	0.	1.	0.	0.	0.	
13.0656	62.5009	689	0	1	3	3	1	2	1.97704e-006	4.11431e-006	0.	0.	0.	0.	0.	1.	0.	0.	0.	
13.0816	62.4856	690	0	1	3	3	1	2	1.97704e-006	4.11431e-006	0.	0.	0.	0.	0.	1.	0.	0.	0.	
13.0986	58.8721	691	0	1	3	3	1	2	1.97704e-006	4.11431e-006	0.	0.	0.	0.	0.	1.	0.	0.	0.	
13.1146	62.395	692	0	1	3	3	1	2	1.97704e-006	4.11431e-006	0.	0.	0.	0.	0.	1.	0.	0.	0.	
13.1316	58.8773	693	0	1	3	3	1	2	1.97704e-006	4.11431e-006	0.	0.	0.	0.	0.	1.	0.	0.	0.	
13.1486	58.8	694	0	1	3	3	1	2	1.97704e-006	4.11431e-006	0.	0.	0.	0.	0.	1.	0.	0.	0.	
13.1656	58.8251	695	0	1	3	3	1	2	1.97704e-006	4.11431e-006	0.	0.	0.	0.	0.	1.	0.	0.	0.	
13.1816	62.4197	696	0	1	3	3	1	2	1.97704e-006	4.11431e-006	0.	0.	0.	0.	0.	1.	0.	0.	0.	
13.1986	58.9423	697	0	1	3	3	1	2	1.97704e-006	4.11431e-006	0.	0.	0.	0.	0.	1.	0.	0.	0.	
13.2146	62.4209	698	0	1	3	3	1	2	1.97704e-006	4.11431e-006	0.	0.	0.	0.	0.	1.	0.	0.	0.	
13.2316	58.8292	699	0	1	3	3	1	2	1.97704e-006	4.11431e-006	0.	0.	0.	0.	0.	1.	0.	0.	0.	
13.2486	58.8512	700	0	1	3	3	1	2	1.97704e-006	4.11431e-006	0.	0.	0.	0.	0.	1.	0.	0.	0.	
13.2656	58.7812	701	0	1	3	3	1	2	1.97704e-006	4.11431e-006	0.	0.	0.	0.	0.	1.	0.	0.	0.	
13.2826	58.8983	702	0	1	3	3	1	2	1.97704e-006	4.11431e-006	0.	0.	0.	0.	0.	1.	0.	0.	0.	
13.2996	58.7666	703	0	1	3	3	1	2	1.97704e-006	4.11431e-006	0.	0.	0.	0.	0.	1.	0.	0.	0.	
13.3166	58.8031	704	0	1	3	3	1	2	1.97704e-006	4.11431e-006	0.	0.	0.	0.	0.	1.	0.	0.	0.	
13.3337	58.7583	705	0	1	3	3	1	2	1.97704e-006	4.11431e-006	0.	0.	0.	0.	0.	1.	0.	0.	0.	
13.3507	58.673	706	0	1	3	3	1	2	1.97704e-006	4.11431e-006	0.	0.	0.	0.	0.	1.	0.	0.	0.	
13.3676	59.06	707	0	1	3	3	1	2	1.97704e-006	4.11431e-006	0.	0.	0.	0.	0.	1.	0.	0.	0.	
13.3846	58.823	708	0	1	3	3	1	2	1.97704e-006	4.11431e-006	0.	0.	0.	0.	0.	1.	0.	0.	0.	
13.4017	58.7343	709	0	1	3	3	1	2	1.97704e-006	4.11431e-006	0.	0.	0.	0.	0.	1.	0.	0.	0.	
13.4186	58.9287	710	0	1	3	3	1	2	1.97704e-006	4.11431e-006	0.	0.	0.	0.	0.	1.	0.	0.	0.	
13.4356	58.7802	711	0	1	3	3	1	2	1.97704e-006	4.11431e-006	0.	0.	0.	0.	0.	1.	0.	0.	0.	
13.4517	62.4668	712	0	1	3	3	1	2	1.97704e-006	4.11431e-006	0.	0.	0.	0.	0.	1.	0.	0.	0.	
13.4687	58.7927	713	0	1	3	3	1	2	1.97704e-006	4.11431e-006	0.	0.	0.	0.	0.	1.	0.	0.	0.	
13.4857	58.7844	714	0	1	3	3	1	2	1.97704e-006	4.11431e-006	0.	0.	0.	0.	0.	1.	0.	0.	0.	
13.5017	62.5293	715	0	1	3	3	1	2	1.97704e-006	4.11431e-006	0.	0.	0.	0.	0.	1.	0.	0.	0.	
13.5176	62.5753	716	0	1	3	3	1	2	1.97704e-006	4.11431e-006	0.	0.	0.	0.	0.	1.	0.	0.	0.	
13.5336	62.4903	717	0	1	3	3	1	2	1.97704e-006	4.11431e-006	0.	0.	0.	0.	0.	1.	0.	0.	0.	
13.5506	58.8366	718	0	1	3	3	1	2	1.97704e-006	4.11431e-006	0.	0.	0.	0.	0.	1.	0.	0.	0.	
13.5676	58.8084	719	0	1	3	3	1	2	1.97704e-006	4.11431e-006	0.	0.	0.	0.	0.	1.	0.	0.	0.	
13.5847	58.6782	720	0	1	3	3	1	2	1.97704e-006	4.11431e-006	0.	0.	0.	0.	0.	1.	0.	0.	0.	
13.6006	62.7021	721	0	1	3	3	1	2	1.97704e-006	4.11431e-006	0.	0.	0.	0.	0.	1.	0.	0.	0.	
13.6176	58.7896	722	0	1	3	3	1	2	1.97704e-006	4.11431e-006	0.	0.	0.	0.	0.	1.	0.	0.	0.	
13.6346	58.8836	723	0	1	3	3	1	2	1.97704e-006	4.11431e-006	0.	0.	0.	0.	0.	1.	0.	0.	0.	
13.6517	58.6636	724	0	1	3	3	1	2	1.97704e-006	4.11431e-006	0.	0.	0.	0.	0.	1.	0.	0.	0.	
13.6686	58.9182	725	0	1	3	3	1	2	1.97704e-006	4.11431e-006	0.	0.	0.	0.	0.	1.	0.	0.	0.	
13.6847	62.4009	726	0	1	3	3	1	2	1.97704e-006	4.11431e-006	0.	0.	0.	0.	0.	1.	0.	0.	0.	
13.7016	58.9496	727	0	1	3	3	1	2	1.97704e-006	4.11431e-006	0.	0.	0.	0.	0.	1.	0.	0.	0.	
13.7187	58.5858	728	0	1	3	3	1	2	1.97704e-006	4.11431e-006	0.	0.	0.	0.	0.	1.	0.	0.	0.	
13.7357	59.0116	729	0	1	3	3	1	2	1.97704e-006	4.11431e-006	0.	0.	0.	0.	0.	1.	0.	0.	0.	
13.7527	58.7635	730	0	1	3	3	1	2	1.97704e-006	4.11431e-006	0.	0.	0.	0.	0.	1.	0.	0.	0.	
13.7697	58.8857	731	0	1	3	3	1	2	1.97704e-006	4.11431e-006	0.	0.	0.	0.	0.	1.	0.	0.	0.	
13.7857	62.4833	732	0	1	3	3	1	2	1.97704e-006	4.11431e-006	0.	0.	0.	0.	0.	1.	0.	0.	0.	
13.8026	58.8857	733	0	1	3	3	1	2	1.97704e-006	4.11431e-006	0.	0.	0.	0.	0.	1.	0.	0.	0.	
13.8197	58.7531	734	0	1	3	3	1	2	1.97704e-006	4.11431e-006	0.	0.	0.	0.	0.	1.	0.	0.	0.	
13.8357	62.5033	735	0	1	3	3	1	2	1.97704e-006	4.11431e-006	0.	0.	0.	0.	0.	1.	0.	0.	0.	
13.8527	58.7281	736	0	1	3	3	1	2	1.97704e-006	4.11431e-006	0.	0.	0.	0.	0.	1.	0.	0.	0.	
13.8686	62.6511	737	0	1	3	3	1	2	1.97704e-006	4.11431e-006	0.	0.	0.	0.	0.	1.	0.	0.	0.	
13.8857	58.7791	738	0	1	3	3	1	2	1.97704e-006	4.11431e-006	0.	0.	0.	0.	0.	1.	0.	0.	0.	
13.9027	58.8198	739	0	1	3	3	1	2	1.97704e-006	4.11431e-006	0.	0.	0.	0.	0.	1.	0.	0.	0.	
13.9187	62.5021	740	0	1	3	3	1	2	1.97704e-006	4.11431e-006	0.	0.	0.	0.	0.	1.	0.	0.	0.	
13.9347	62.5127	741	0	1	3	3	1	2	1.97704e-006	4.11431e-006	0.	0.	0.	0.	0.	1.	0.	0.	0.	
13.9507	62.4079	742	0	1	3	3	1	2	1.97704e-006	4.11431e-006	0.	0.	0.	0.	0.	1.	0.	0.	0.	
13.9666	62.6499	743	0	1	3	3	1	2	1.97704e-006	4.11431e-006	0.	0.	0.	0.	0.	1.	0.	0.	0.	
13.9827	62.4526	744	0	1	3	3	1	2	1.97704e-006	4.11431e-006	0.	0.	0.	0.	0.	1.	0.	0.	0.	
13.9996	58.8418	745	0	1	3	3	1	2	1.97704e-006	4.11431e-006	0.	0.	0.	0.	0.	1.	0.	0.	0.	
14.0167	58.8178	746	0	1	3	3	1	2	1.97704e-006	4.11431e-006	0.	0.	0.	0.	0.	1.	0.	0.	0.	
14.0327	62.4998	747	0	1	3	3	1	2	1.97704e-006	4.11431e-006	0.	0.	0.	0.	0.	1.	0.	0.	0.	
14.0497	58.7468	748	0	1	3	3	1	2	1.97704e-006	4.11431e-006	0.	0.	0.	0.	0.	1.	0.	0.	0.	
14.0667	58.8784	749	0	1	3	3	1	2	1.97704e-006	4.11431e-006	0.	0.	0.	0.	0.	1.	0.	0.	0.	
14.0827	62.4644	750	0	1	3	3	1	2	1.97704e-006	4.11431e-006	0.	0.	0.	0.	0.	1.	0.	0.	0.	
14.0997	58.8011	751	0	1	3	3	1	2	1.97704e-006	4.11431e-006	0.	0.	0.	0.	0.	1.	0.	0.	0.	
14.1167	58.824	752	0	1	3	3	1	2	1.97704e-006	4.11431e-006	0.	0.	0.	0.	0.	1.	0.	0.	0.	
14.1337	58.8303	753	0	1	3	3	1	2	1.97704e-006	4.11431e-006	0.	0.	0.	0.	0.	1.	0.	0.	0.	
14.1507	58.7083	754	0	1	3	3	1	2	1.97704e-006	4.11431e-006	0.	0.	0.	0.	0.	1.	0.	0.	0.	
14.1677	58.8011	755	0	1	3	3	1	2	1.97704e-006	4.11431e-006	0.	0.	0.	0.	0.	1.	0.	0.	0.	
14.1837	62.6167	756	0	1	3	3	1	2	1.97704e-006	4.11431e-006	0.	0.	0.	0.	0.	1.	0.	0.	0.	
14.1997	62.5623	757	0	1	3	3	1	2	1.97704e-006	4.11431e-006	0.	0.	0.	0.	0.	1.	0.	0.	0.	
14.2157	62.5387	758	0	1	3	3	1	2	1.97704e-006	4.11431e-006	0.	0.	0.	0.	0.	1.	0.	0.	0.	
14.2327	58.8104	759	0	1	3	3	1	2	1.97704e-006	4.11431e-006	0.	0.	0.	0.	0.	1.	0.	0.	0.	
14.2497	58.7406	760	0	1	3	3	1	2	1.97704e-006	4.11431e-006	0.	0.	0.	0.	0.	1.	0.	0.	0.	
14.2667	58.8836	761	0	1	3	3	1	2	1.97704e-006	4.11431e-006	0.	0.	0.	0.	0.	1.	0.	0.	0.	
14.2837	58.7698	762	0	1	3	3	1	2	1.97704e-006	4.11431e-006	0.	0.	0.	0.	0.	1.	0.	0.	0.	
14.3007	58.7645	763	0	1	3	3	1	2	1.97704e-006	4.11431e-006	0.	0.	0.	0.	0.	1.	0.	0.	0.	
14.3167	62.5647	764	0	1	3	3	1	2	1.97704e-006	4.11431e-006	0.	0.	0.	0.	0.	1.	0.	0.	0.	
14.3337	58.6989	765	0	1	3	3	1	2	1.97704e-006	4.11431e-006	0.	0.	0.	0.	0.	1.	0.	0.	0.	
14.3507	58.7333	766	0	1	3	3	1	2	1.97704e-006	4.11431e-006	0.	0.	0.	0.	0.	1.	0.	0.	0.	
14.3677	58.8711	767	0	1	3	3	1	2	1.97704e-006	4.11431e-006	0.	0.	0.	0.	0.	1.	0.	0.	0.	
14.3847	58.8951	768	0	1	3	3	1	2	1.97704e-006	4.11431e-006	0.	0.	0.	0.	0.	1.	0.	0.	0.	
14.4017	58.9035	769	0	1	3	3	1	2	1.97704e-006	4.11431e-006	0.	0.	0.	0.	0.	1.	0.	0.	0.	
14.4187	58.6948	770	0	1	3	3	1	2	1.97704e-006	4.11431e-006	0.	0.	0.	0.	0.	1.	0.	0.	0.	
14.4357	58.9528	771	0	1	3	3	1	2	1.97704e-006	4.11431e-006	0.	0.	0.	0.	0.	1.	0.	0.	0.	
14.4517	62.4915	772	0	1	3	3	1	2	1.97704e-006	4.11431e-006	0.	0.	0.	0.	0.	1.	0.	0.	0.	
14.4687	58.8324	773	0	1	3	3	1	2	1.97704e-006	4.11431e-006	0.	0.	0.	0.	0.	1.	0.	0.	0.	
14.4857	58.7291	774	0	1	3	3	1	2	1.97704e-006	4.11431e-006	0.	0.	0.	0.	0.	1.	0.	0.	0.	
14.5027	58.9129	775	0	1	3	3	1	2	1.97704e-006	4.11431e-006	0.	0.	0.	0.	0.	1.	0.	0.	0.	
14.5187	62.4691	776	0	1	3	3	1	2	1.97704e-006	4.11431e-006	0.	0.	0.	0.	0.	1.	0.	0.	0.	
14.5347	62.5281	777	0	1	3	3	1	2	1.97704e-006	4.11431e-006	0.	0.	0.	0.	0.	1.	0.	0.	0.	
14.5517	58.8157	778	0	1	3	3	1	2	1.97704e-006	4.11431e-006	0.	0.	0.	0.	0.	1.	0.	0.	0.	
14.5687	58.752	779	0	1	3	3	1	2	1.97704e-006	4.11431e-006	0.	0.	0.	0.	0.	1.	0.	0.	0.	
14.5847	62.3515	780	0	1	3	3	1	2	1.97704e-006	4.11431e-006	0.	0.	0.	0.	0.	1.	0.	0.	0.	
14.6007	62.7936	781	0	1	3	3	1	2	1.97704e-006	4.11431e-006	0.	0.	0.	0.	0.	1.	0.	0.	0.	
14.6177	58.7948	782	0	1	3	3	1	2	1.97704e-006	4.11431e-006	0.	0.	0.	0.	0.	1.	0.	0.	0.	
14.6347	58.7833	783	0	1	3	3	1	2	1.97704e-006	4.11431e-006	0.	0.	0.	0.	0.	1.	0.	0.	0.	
14.6517	58.8219	784	0	1	3	3	1	2	1.97704e-006	4.11431e-006	0.	0.	0.	0.	0.	1.	0.	0.	0.	
14.6677	62.495	785	0	1	3	3	1	2	1.97704e-006	4.11431e-006	0.	0.	0.	0.	0.	1.	0.	0.	0.	
14.6847	58.7489	786	0	1	3	3	1	2	1.97704e-006	4.11431e-006	0.	0.	0.	0.	0.	1.	0.	0.	0.	
14.7007	62.5682	787	0	1	3	3	1	2	1.97704e-006	4.11431e-006	0.	0.	0.	0.	0.	1.	0.	0.	0.	
14.7178	58.648	788	0	1	3	3	1	2	1.97704e-006	4.11431e-006	0.	0.	0.	0.	0.	1.	0.	0.	0.	
14.7347	59.0032	789	0	1	3	3	1	2	1.97704e-006	4.11431e-006	0.	0.	0.	0.	0.	1.	0.	0.	0.	
14.7517	58.8	790	0	1	3	3	1	2	1.97704e-006	4.11431e-006	0.	0.	0.	0.	0.	1.	0.	0.	0.	
14.7677	62.5092	791	0	1	3	3	1	2	1.97704e-006	4.11431e-006	0.	0.	0.	0.	0.	1.	0.	0.	0.	
14.7837	62.4503	792	0	1	3	3	1	2	1.97704e-006	4.11431e-006	0.	0.	0.	0.	0.	1.	0.	0.	0.	
14.8007	58.8732	793	0	1	3	3	1	2	1.97704e-006	4.11431e-006	0.	0.	0.	0.	0.	1.	0.	0.	0.	
14.8177	58.8073	794	0	1	3	3	1	2	1.97704e-006	4.11431e-006	0.	0.	0.	0.	0.	1.	0.	0.	0.	
14.8347	58.8157	795	0	1	3	3	1	2	1.97704e-006	4.11431e-006	0.	0.	0.	0.	0.	1.	0.	0.	0.	
14.8517	58.75	796	0	1	3	3	1	2	1.97704e-006	4.11431e-006	0.	0.	0.	0.	0.	1.	0.	0.	0.	
14.8677	62.5978	797	0	1	3	3	1	2	1.97704e-006	4.11431e-006	0.	0.	0.	0.	0.	1.	0.	0.	0.	
14.8837	62.4409	798	0	1	3	3	1	2	1.97704e-006	4.11431e-006	0.	0.	0.	0.	0.	1.	0.	0.	0.	
14.8997	62.5694	799	0	1	3	3	1	2	1.97704e-006	4.11431e-006	0.	0.	0.	0.	0.	1.	0.	0.	0.	
14.9157	62.475	800	0	1	3	3	1	2	1.97704e-006	4.11431e-006	0.	0.	0.	0.	0.	1.	0.	0.	0.	
14.9327	58.8157	801	0	1	3	3	1	2	1.97704e-006	4.11431e-006	0.	0.	0.	0.	0.	1.	0.	0.	0.	
14.9497	58.8951	802	0	1	3	3	1	2	1.97704e-006	4.11431e-006	0.	0.	0.	0.	0.	1.	0.	0.	0.	
14.9667	58.7802	803	0	1	3	3	1	2	1.97704e-006	4.11431e-006	0.	0.	0.	0.	0.	1.	0.	0.	0.	
14.9837	58.7333	804	0	1	3	3	1	2	1.97704e-006	4.11431e-006	0.	0.	0.	0.	0.	1.	0.	0.	0.	
15.0007	58.8836	805	0	1	3	3	1	2	1.97704e-006	4.11431e-006	0.	0.	0.	0.	0.	1.	0.	0.	0.	
15.0177	58.8188	806	0	1	3	3	1	2	1.97704e-006	4.11431e-006	0.	0.	0.	0.	0.	1.	0.	0.	0.	
15.0337	62.6073	807	0	1	3	3	1	2	1.97704e-006	4.11431e-006	0.	0.	0.	0.	0.	1.	0.	0.	0.	
15.0507	58.6948	808	0	1	3	3	1	2	1.97704e-006	4.11431e-006	0.	0.	0.	0.	0.	1.	0.	0.	0.	
15.0677	58.9109	809	0	1	3	3	1	2	1.97704e-006	4.11431e-006	0.	0.	0.	0.	0.	1.	0.	0.	0.	
15.0837	62.4314	810	0	1	3	3	1	2	1.97704e-006	4.11431e-006	0.	0.	0.	0.	0.	1.	0.	0.	0.	
15.0997	62.4126	811	0	1	3	3	1	2	1.97704e-006	4.11431e-006	0.	0.	0.	0.	0.	1.	0.	0.	0.	
15.1157	62.573	812	0	1	3	3	1	2	1.97704e-006	4.11431e-006	0.	0.	0.	0.	0.	1.	0.	0.	0.	
15.1317	62.4915	813	0	1	3	3	1	2	1.97704e-006	4.11431e-006	0.	0.	0.	0.	0.	1.	0.	0.	0.	
15.1487	58.7698	814	0	1	3	3	1	2	1.97704e-006	4.11431e-006	0.	0.	0.	0.	0.	1.	0.	0.	0.	
15.1657	58.8763	815	0	1	3	3	1	2	1.97704e-006	4.11431e-006	0.	0.	0.	0.	0.	1.	0.	0.	0.	
15.1817	62.573	816	0	1	3	3	1	2	1.97704e-006	4.11431e-006	0.	0.	0.	0.	0.	1.	0.	0.	0.	
15.1977	62.4032	817	0	1	3	3	1	2	1.97704e-006	4.11431e-006	0.	0.	0.	0.	0.	1.	0.	0.	0.	
15.2147	58.7917	818	0	1	3	3	1	2	1.97704e-006	4.11431e-006	0.	0.	0.	0.	0.	1.	0.	0.	0.	
15.2307	62.5931	819	0	1	3	3	1	2	1.97704e-006	4.11431e-006	0.	0.	0.	0.	0.	1.	0.	0.	0.	
15.2477	58.8188	820	0	1	3	3	1	2	1.97704e-006	4.11431e-006	0.	0.	0.	0.	0.	1.	0.	0.	0.	
15.2647	58.8282	821	0	1	3	3	1	2	1.97704e-006	4.11431e-006	0.	0.	0.	0.	0.	1.	0.	0.	0.	
15.2817	58.8261	822	0	1	3	3	1	2	1.97704e-006	4.11431e-006	0.	0.	0.	0.	0.	1.	0.	0.	0.	
15.2977	62.4138	823	0	1	3	3	1	2	1.97704e-006	4.11431e-006	0.	0.	0.	0.	0.	1.	0.	0.	0.	
15.3147	58.9308	824	0	1	3	3	1	2	1.97704e-006	4.11431e-006	0.	0.	0.	0.	0.	1.	0.	0.	0.	
15.3317	58.7937	825	0	1	3	3	1	2	1.97704e-006	4.11431e-006	0.	0.	0.	0.	0.	1.	0.	0.	0.	
15.3487	58.7937	826	0	1	3	3	1	2	1.97704e-006	4.11431e-006	0.	0.	0.	0.	0.	1.	0.	0.	0.	
15.3647	62.4397	827	0	1	3	3	1	2	1.97704e-006	4.11431e-006	0.	0.	0.	0.	0.	1.	0.	0.	0.	
15.3817	58.8857	828	0	1	3	3	1	2	1.97704e-006	4.11431e-006	0.	0.	0.	0.	0.	1.	0.	0.	0.	
15.3987	58.8366	829	0	1	3	3	1	2	1.97704e-006	4.11431e-006	0.	0.	0.	0.	0.	1.	0.	0.	0.	
15.4157	58.7937	830	0	1	3	3	1	2	1.97704e-006	4.11431e-006	0.	0.	0.	0.	0.	1.	0.	0.	0.	
15.4327	58.8031	831	0	1	3	3	1	2	1.97704e-006	4.11431e-006	0.	0.	0.	0.	0.	1.	0.	0.	0.	
15.4487	62.4939	832	0	1	3	3	1	2	1.97704e-006	4.11431e-006	0.	0.	0.	0.	0.	1.	0.	0.	0.	
15.4657	58.8481	833	0	1	3	3	1	2	1.97704e-006	4.11431e-006	0.	0.	0.	0.	0.	1.	0.	0.	0.	
15.4827	58.8136	834	0	1	3	3	1	2	1.97704e-006	4.11431e-006	0.	0.	0.	0.	0.	1.	0.	0.	0.	
15.4987	62.4373	835	0	1	3	3	1	2	1.97704e-006	4.11431e-006	0.	0.	0.	0.	0.	1.	0.	0.	0.	
15.5157	58.823	836	0	1	3	3	1	2	1.97704e-006	4.11431e-006	0.	0.	0.	0.	0.	1.	0.	0.	0.	
15.5327	58.8868	837	0	1	3	3	1	2	1.97704e-006	4.11431e-006	0.	0.	0.	0.	0.	1.	0.	0.	0.	
15.5497	58.7875	838	0	1	3	3	1	2	1.97704e-006	4.11431e-006	0.	0.	0.	0.	0.	1.	0.	0.	0.	
15.5667	58.8292	839	0	1	3	3	1	2	1.97704e-006	4.11431e-006	0.	0.	0.	0.	0.	1.	0.	0.	0.	
15.5827	62.5139	840	0	1	3	3	1	2	1.97704e-006	4.11431e-006	0.	0.	0.	0.	0.	1.	0.	0.	0.	
15.5997	58.8334	841	0	1	3	3	1	2	1.97704e-006	4.11431e-006	0.	0.	0.	0.	0.	1.	0.	0.	0.	
15.6157	62.4762	842	0	1	3	3	1	2	1.97704e-006	4.11431e-006	0.	0.	0.	0.	0.	1.	0.	0.	0.	
15.6327	58.8272	843	0	1	3	3	1	2	1.97704e-006	4.11431e-006	0.	0.	0.	0.	0.	1.	0.	0.	0.	
15.6497	58.8261	844	0	1	3	3	1	2	1.97704e-006	4.11431e-006	0.	0.	0.	0.	0.	1.	0.	0.	0.	
15.6657	62.4962	845	0	1	3	3	1	2	1.97704e-006	4.11431e-006	0.	0.	0.	0.	0.	1.	0.	0.	0.	
15.6817	62.5033	846	0	1	3	3	1	2	1.97704e-006	4.11431e-006	0.	0.	0.	0.	0.	1.	0.	0.	0.	
15.6977	62.4385	847	0	1	3	3	1	2	1.97704e-006	4.11431e-006	0.	0.	0.	0.	0.	1.	0.	0.	0.	
15.7137	62.547	848	0	1	3	3	1	2	1.97704e-006	4.11431e-006	0.	0.	0.	0.	0.	1.	0.	0.	0.	
15.7307	58.8366	849	0	1	3	3	1	2	1.97704e-006	4.11431e-006	0.	0.	0.	0.	0.	1.	0.	0.	0.	
15.7478	58.6792	850	0	1	3	3	1	2	1.97704e-006	4.11431e-006	0.	0.	0.	0.	0.	1.	0.	0.	0.	
15.7637	62.6333	851	0	1	3	3	1	2	1.97704e-006	4.11431e-006	0.	0.	0.	0.	0.	1.	0.	0.	0.	
15.7807	58.8125	852	0	1	3	3	1	2	1.97704e-006	4.11431e-006	0.	0.	0.	0.	0.	1.	0.	0.	0.	
15.7977	58.8543	853	0	1	3	3	1	2	1.97704e-006	4.11431e-006	0.	0.	0.	0.	0.	1.	0.	0.	0.	
15.8137	62.4609	854	0	1	3	3	1	2	1.97704e-006	4.11431e-006	0.	0.	0.	0.	0.	1.	0.	0.	0.	
15.8297	62.5588	855	0	1	3	3	1	2	1.97704e-006	4.11431e-006	0.	0.	0.	0.	0.	1.	0.	0.	0.	
15.8457	62.5045	856	0	1	3	3	1	2	1.97704e-006	4.11431e-006	0.	0.	0.	0.	0.	1.	0.	0.	0.	
15.8627	58.7864	857	0	1	3	3	1	2	1.97704e-006	4.11431e-006	0.	0.	0.	0.	0.	1.	0.	0.	0.	
15.8797	58.8188	858	0	1	3	3	1	2	1.97704e-006	4.11431e-006	0.	0.	0.	0.	0.	1.	0.	0.	0.	
15.8957	62.4892	859	0	1	3	3	1	2	1.97704e-006	4.11431e-006	0.	0.	0.	0.	0.	1.	0.	0.	0.	
15.9127	58.8596	860	0	1	3	3	1	2	1.97704e-006	4.11431e-006	0.	0.	0.	0.	0.	1.	0.	0.	0.	
15.9287	62.4915	861	0	1	3	3	1	2	1.97704e-006	4.11431e-006	0.	0.	0.	0.	0.	1.	0.	0.	0.	
15.9457	58.8313	862	0	1	3	3	1	2	1.97704e-006	4.11431e-006	0.	0.	0.	0.	0.	1.	0.	0.	0.	
15.9627	58.7812	863	0	1	3	3	1	2	1.97704e-006	4.11431e-006	0.	0.	0.	0.	0.	1.	0.	0.	0.	
15.9798	58.8	864	0	1	3	3	1	2	1.97704e-006	4.11431e-006	0.	0.	0.	0.	0.	1.	0.	0.	0.	
15.9958	62.3105	865	0	1	3	3	1	2	1.97704e-006	4.11431e-006	0.	0.	0.	0.	0.	1.	0.	0.	0.	
16.0128	58.9811	866	0	1	3	3	1	2	1.97704e-006	4.11431e-006	0.	0.	0.	0.	0.	1.	0.	0.	0.	
16.0297	58.847	867	0	1	3	3	1	2	1.97704e-006	4.11431e-006	0.	0.	0.	0.	0.	1.	0.	0.	0.	
16.0457	62.4927	868	0	1	3	3	1	2	1.97704e-006	4.11431e-006	0.	0.	0.	0.	0.	1.	0.	0.	0.	
16.0618	62.4456	869	0	1	3	3	1	2	1.97704e-006	4.11431e-006	0.	0.	0.	0.	0.	1.	0.	0.	0.	
16.0788	58.7781	870	0	1	3	3	1	2	1.97704e-006	4.11431e-006	0.	0.	0.	0.	0.	1.	0.	0.	0.	
16.0948	62.5576	871	0	1	3	3	1	2	1.97704e-006	4.11431e-006	0.	0.	0.	0.	0.	1.	0.	0.	0.	
16.1108	62.5399	872	0	1	3	3	1	2	1.97704e-006	4.11431e-006	0.	0.	0.	0.	0.	1.	0.	0.	0.	
16.1268	62.4868	873	0	1	3	3	1	2	1.97704e-006	4.11431e-006	0.	0.	0.	0.	0.	1.	0.	0.	0.	
16.1438	58.8313	874	0	1	3	3	1	2	1.97704e-006	4.11431e-006	0.	0.	0.	0.	0.	1.	0.	0.	0.	
16.1607	58.8522	875	0	1	3	3	1	2	1.97704e-006	4.11431e-006	0.	0.	0.	0.	0.	1.	0.	0.	0.	
16.1768	62.475	876	0	1	3	3	1	2	1.97704e-006	4.11431e-006	0.	0.	0.	0.	0.	1.	0.	0.	0.	
16.1928	62.2847	877	0	1	3	3	1	2	1.97704e-006	4.11431e-006	0.	0.	0.	0.	0.	1.	0.	0.	0.	
16.2088	62.7009	878	0	1	3	3	1	2	1.97704e-006	4.11431e-006	0.	0.	0.	0.	0.	1.	0.	0.	0.	
16.2258	58.6709	879	0	1	3	3	1	2	1.97704e-006	4.11431e-006	0.	0.	0.	0.	0.	1.	0.	0.	0.	
16.2418	62.6392	880	0	1	3	3	1	2	1.97704e-006	4.11431e-006	0.	0.	0.	0.	0.	1.	0.	0.	0.	
16.2588	58.8387	881	0	1	3	3	1	2	1.97704e-006	4.11431e-006	0.	0.	0.	0.	0.	1.	0.	0.	0.	
16.2758	58.8157	882	0	1	3	3	1	2	1.97704e-006	4.11431e-006	0.	0.	0.	0.	0.	1.	0.	0.	0.	
16.2918	62.5021	883	0	1	3	3	1	2	1.97704e-006	4.11431e-006	0.	0.	0.	0.	0.	1.	0.	0.	0.	

