Time	FPS	Frame	Crash	RB	RU	LU	LB	OC	Dither	DAngle	swAngle	OX	OY	OZ	HX	HY	HZ	HA	Speed
2.29422e-005	43587.8	1	0	1	3	3	1	2	0.	4.11431e-006	0.	0.	0.	0.	0.	1.	0.	0.	0.	
0.708515	1.41145	2	0	1	3	3	1	2	1.97704e-006	4.11431e-006	0.	0.	0.	0.	0.	1.	0.	0.	0.	
0.785827	12.9346	3	0	1	3	3	1	2	1.97704e-006	4.11431e-006	0.	0.	0.	0.	0.	1.	0.	0.	0.	
0.827072	24.2452	4	0	1	3	3	1	2	1.97704e-006	4.11431e-006	0.	0.	0.	0.	0.	1.	0.	0.	0.	
0.843492	60.9004	5	0	1	3	3	1	2	1.97704e-006	4.11431e-006	0.	0.	0.	0.	0.	1.	0.	0.	0.	
0.859479	62.5517	6	0	1	3	3	1	2	1.97704e-006	4.11431e-006	0.	0.	0.	0.	0.	1.	0.	0.	0.	
0.876481	58.8178	7	0	1	3	3	1	2	1.97704e-006	4.11431e-006	0.	0.	0.	0.	0.	1.	0.	0.	0.	
0.893468	58.869	8	0	1	3	3	1	2	1.97704e-006	4.11431e-006	0.	0.	0.	0.	0.	1.	0.	0.	0.	
0.910468	58.8219	9	0	1	3	3	1	2	1.97704e-006	4.11431e-006	0.	0.	0.	0.	0.	1.	0.	0.	0.	
0.927468	58.823	10	0	1	3	3	1	2	1.97704e-006	4.11431e-006	0.	0.	0.	0.	0.	1.	0.	0.	0.	
0.944469	58.8209	11	0	1	3	3	1	2	1.97704e-006	4.11431e-006	0.	0.	0.	0.	0.	1.	0.	0.	0.	
0.96047	62.495	12	0	1	3	3	1	2	1.97704e-006	4.11431e-006	0.	0.	0.	0.	0.	1.	0.	0.	0.	
0.976473	62.4903	13	0	1	3	3	1	2	1.97704e-006	4.11431e-006	0.	0.	0.	0.	0.	1.	0.	0.	0.	
0.993472	58.8261	14	0	1	3	3	1	2	1.97704e-006	4.11431e-006	0.	0.	0.	0.	0.	1.	0.	0.	0.	
1.00947	62.495	15	0	1	3	3	1	2	1.97704e-006	4.11431e-006	0.	0.	0.	0.	0.	1.	0.	0.	0.	
1.02647	58.8219	16	0	1	3	3	1	2	1.97704e-006	4.11431e-006	0.	0.	0.	0.	0.	1.	0.	0.	0.	
1.04347	58.8219	17	0	1	3	3	1	2	1.97704e-006	4.11431e-006	0.	0.	0.	0.	0.	1.	0.	0.	0.	
1.05948	62.4915	18	0	1	3	3	1	2	1.97704e-006	4.11431e-006	0.	0.	0.	0.	0.	1.	0.	0.	0.	
1.07648	58.823	19	0	1	3	3	1	2	1.97704e-006	4.11431e-006	0.	0.	0.	0.	0.	1.	0.	0.	0.	
1.09348	58.8115	20	0	1	3	3	1	2	1.97704e-006	4.11431e-006	0.	0.	0.	0.	0.	1.	0.	0.	0.	
1.11048	58.8324	21	0	1	3	3	1	2	1.97704e-006	4.11431e-006	0.	0.	0.	0.	0.	1.	0.	0.	0.	
1.12648	62.4939	22	0	1	3	3	1	2	1.97704e-006	4.11431e-006	0.	0.	0.	0.	0.	1.	0.	0.	0.	
1.14348	58.8188	23	0	1	3	3	1	2	1.97704e-006	4.11431e-006	0.	0.	0.	0.	0.	1.	0.	0.	0.	
1.16048	58.8272	24	0	1	3	3	1	2	1.97704e-006	4.11431e-006	0.	0.	0.	0.	0.	1.	0.	0.	0.	
1.17648	62.495	25	0	1	3	3	1	2	1.97704e-006	4.11431e-006	0.	0.	0.	0.	0.	1.	0.	0.	0.	
1.19348	58.8209	26	0	1	3	3	1	2	1.97704e-006	4.11431e-006	0.	0.	0.	0.	0.	1.	0.	0.	0.	
1.21048	58.8209	27	0	1	3	3	1	2	1.97704e-006	4.11431e-006	0.	0.	0.	0.	0.	1.	0.	0.	0.	
1.22748	58.8198	28	0	1	3	3	1	2	1.97704e-006	4.11431e-006	0.	0.	0.	0.	0.	1.	0.	0.	0.	
1.24448	58.823	29	0	1	3	3	1	2	1.97704e-006	4.11431e-006	0.	0.	0.	0.	0.	1.	0.	0.	0.	
1.26149	58.8167	30	0	1	3	3	1	2	1.97704e-006	4.11431e-006	0.	0.	0.	0.	0.	1.	0.	0.	0.	
1.27848	58.8261	31	0	1	3	3	1	2	1.97704e-006	4.11431e-006	0.	0.	0.	0.	0.	1.	0.	0.	0.	
1.29549	58.8198	32	0	1	3	3	1	2	1.97704e-006	4.11431e-006	0.	0.	0.	0.	0.	1.	0.	0.	0.	
1.31249	58.8209	33	0	1	3	3	1	2	1.97704e-006	4.11431e-006	0.	0.	0.	0.	0.	1.	0.	0.	0.	
1.32849	62.4974	34	0	1	3	3	1	2	1.97704e-006	4.11431e-006	0.	0.	0.	0.	0.	1.	0.	0.	0.	
1.34449	62.4974	35	0	1	3	3	1	2	1.97704e-006	4.11431e-006	0.	0.	0.	0.	0.	1.	0.	0.	0.	
1.36149	58.8167	36	0	1	3	3	1	2	1.97704e-006	4.11431e-006	0.	0.	0.	0.	0.	1.	0.	0.	0.	
1.37749	62.5009	37	0	1	3	3	1	2	1.97704e-006	4.11431e-006	0.	0.	0.	0.	0.	1.	0.	0.	0.	
1.39449	58.8209	38	0	1	3	3	1	2	1.97704e-006	4.11431e-006	0.	0.	0.	0.	0.	1.	0.	0.	0.	
1.41149	58.8198	39	0	1	3	3	1	2	1.97704e-006	4.11431e-006	0.	0.	0.	0.	0.	1.	0.	0.	0.	
1.42849	58.823	40	0	1	3	3	1	2	1.97704e-006	4.11431e-006	0.	0.	0.	0.	0.	1.	0.	0.	0.	
1.44549	58.8198	41	0	1	3	3	1	2	1.97704e-006	4.11431e-006	0.	0.	0.	0.	0.	1.	0.	0.	0.	
1.46249	58.8188	42	0	1	3	3	1	2	1.97704e-006	4.11431e-006	0.	0.	0.	0.	0.	1.	0.	0.	0.	
1.4785	62.495	43	0	1	3	3	1	2	1.97704e-006	4.11431e-006	0.	0.	0.	0.	0.	1.	0.	0.	0.	
1.4955	58.8209	44	0	1	3	3	1	2	1.97704e-006	4.11431e-006	0.	0.	0.	0.	0.	1.	0.	0.	0.	
1.5115	62.5009	45	0	1	3	3	1	2	1.97704e-006	4.11431e-006	0.	0.	0.	0.	0.	1.	0.	0.	0.	
1.5285	58.8209	46	0	1	3	3	1	2	1.97704e-006	4.11431e-006	0.	0.	0.	0.	0.	1.	0.	0.	0.	
1.5455	58.8188	47	0	1	3	3	1	2	1.97704e-006	4.11431e-006	0.	0.	0.	0.	0.	1.	0.	0.	0.	
1.5625	58.8157	48	0	1	3	3	1	2	1.97704e-006	4.11431e-006	0.	0.	0.	0.	0.	1.	0.	0.	0.	
1.5795	58.8272	49	0	1	3	3	1	2	1.97704e-006	4.11431e-006	0.	0.	0.	0.	0.	1.	0.	0.	0.	
1.5955	62.4974	50	0	1	3	3	1	2	1.97704e-006	4.11431e-006	0.	0.	0.	0.	0.	1.	0.	0.	0.	
1.6125	58.8209	51	0	1	3	3	1	2	1.97704e-006	4.11431e-006	0.	0.	0.	0.	0.	1.	0.	0.	0.	
1.6285	62.4939	52	0	1	3	3	1	2	1.97704e-006	4.11431e-006	0.	0.	0.	0.	0.	1.	0.	0.	0.	
1.6455	58.8198	53	0	1	3	3	1	2	1.97704e-006	4.11431e-006	0.	0.	0.	0.	0.	1.	0.	0.	0.	
1.6625	58.8251	54	0	1	3	3	1	2	1.97704e-006	4.11431e-006	0.	0.	0.	0.	0.	1.	0.	0.	0.	
1.6785	62.495	55	0	1	3	3	1	2	1.97704e-006	4.11431e-006	0.	0.	0.	0.	0.	1.	0.	0.	0.	
1.6955	58.8209	56	0	1	3	3	1	2	1.97704e-006	4.11431e-006	0.	0.	0.	0.	0.	1.	0.	0.	0.	
1.71251	58.8167	57	0	1	3	3	1	2	1.97704e-006	4.11431e-006	0.	0.	0.	0.	0.	1.	0.	0.	0.	
1.72851	62.5009	58	0	1	3	3	1	2	1.97704e-006	4.11431e-006	0.	0.	0.	0.	0.	1.	0.	0.	0.	
1.74551	58.8198	59	0	1	3	3	1	2	1.97704e-006	4.11431e-006	0.	0.	0.	0.	0.	1.	0.	0.	0.	
1.76151	62.4821	60	0	1	3	3	1	2	1.97704e-006	4.11431e-006	0.	0.	0.	0.	0.	1.	0.	0.	0.	
1.77751	62.5151	61	0	1	3	3	1	2	1.97704e-006	4.11431e-006	0.	0.	0.	0.	0.	1.	0.	0.	0.	
1.79451	58.8188	62	0	1	3	3	1	2	1.97704e-006	4.11431e-006	0.	0.	0.	0.	0.	1.	0.	0.	0.	
1.81051	62.4986	63	0	1	3	3	1	2	1.97704e-006	4.11431e-006	0.	0.	0.	0.	0.	1.	0.	0.	0.	
1.82751	58.8188	64	0	1	3	3	1	2	1.97704e-006	4.11431e-006	0.	0.	0.	0.	0.	1.	0.	0.	0.	
1.84451	58.823	65	0	1	3	3	1	2	1.97704e-006	4.11431e-006	0.	0.	0.	0.	0.	1.	0.	0.	0.	
1.86151	58.8198	66	0	1	3	3	1	2	1.97704e-006	4.11431e-006	0.	0.	0.	0.	0.	1.	0.	0.	0.	
1.87851	58.823	67	0	1	3	3	1	2	1.97704e-006	4.11431e-006	0.	0.	0.	0.	0.	1.	0.	0.	0.	
1.89552	58.8146	68	0	1	3	3	1	2	1.97704e-006	4.11431e-006	0.	0.	0.	0.	0.	1.	0.	0.	0.	
1.91251	58.8251	69	0	1	3	3	1	2	1.97704e-006	4.11431e-006	0.	0.	0.	0.	0.	1.	0.	0.	0.	
1.92952	58.8219	70	0	1	3	3	1	2	1.97704e-006	4.11431e-006	0.	0.	0.	0.	0.	1.	0.	0.	0.	
1.94652	58.8167	71	0	1	3	3	1	2	1.97704e-006	4.11431e-006	0.	0.	0.	0.	0.	1.	0.	0.	0.	
1.96352	58.8219	72	0	1	3	3	1	2	1.97704e-006	4.11431e-006	0.	0.	0.	0.	0.	1.	0.	0.	0.	
1.97952	62.4998	73	0	1	3	3	1	2	1.97704e-006	4.11431e-006	0.	0.	0.	0.	0.	1.	0.	0.	0.	
1.99652	58.8178	74	0	1	3	3	1	2	1.97704e-006	4.11431e-006	0.	0.	0.	0.	0.	1.	0.	0.	0.	
2.01252	62.4974	75	0	1	3	3	1	2	1.97704e-006	4.11431e-006	0.	0.	0.	0.	0.	1.	0.	0.	0.	
2.02952	58.8198	76	0	1	3	3	1	2	1.97704e-006	4.11431e-006	0.	0.	0.	0.	0.	1.	0.	0.	0.	
2.04652	58.823	77	0	1	3	3	1	2	1.97704e-006	4.11431e-006	0.	0.	0.	0.	0.	1.	0.	0.	0.	
2.06352	58.8188	78	0	1	3	3	1	2	1.97704e-006	4.11431e-006	0.	0.	0.	0.	0.	1.	0.	0.	0.	
2.08052	58.8209	79	0	1	3	3	1	2	1.97704e-006	4.11431e-006	0.	0.	0.	0.	0.	1.	0.	0.	0.	
2.09752	58.8219	80	0	1	3	3	1	2	1.97704e-006	4.11431e-006	0.	0.	0.	0.	0.	1.	0.	0.	0.	
2.11453	58.8188	81	0	1	3	3	1	2	1.97704e-006	4.11431e-006	0.	0.	0.	0.	0.	1.	0.	0.	0.	
2.13053	62.4986	82	0	1	3	3	1	2	1.97704e-006	4.11431e-006	0.	0.	0.	0.	0.	1.	0.	0.	0.	
2.14753	58.8251	83	0	1	3	3	1	2	1.97704e-006	4.11431e-006	0.	0.	0.	0.	0.	1.	0.	0.	0.	
2.16353	62.4927	84	0	1	3	3	1	2	1.97704e-006	4.11431e-006	0.	0.	0.	0.	0.	1.	0.	0.	0.	
2.18053	58.8251	85	0	1	3	3	1	2	1.97704e-006	4.11431e-006	0.	0.	0.	0.	0.	1.	0.	0.	0.	
2.19753	58.8167	86	0	1	3	3	1	2	1.97704e-006	4.11431e-006	0.	0.	0.	0.	0.	1.	0.	0.	0.	
2.21453	58.8146	87	0	1	3	3	1	2	1.97704e-006	4.11431e-006	0.	0.	0.	0.	0.	1.	0.	0.	0.	
2.23053	62.5033	88	0	1	3	3	1	2	1.97704e-006	4.11431e-006	0.	0.	0.	0.	0.	1.	0.	0.	0.	
2.24753	58.823	89	0	1	3	3	1	2	1.97704e-006	4.11431e-006	0.	0.	0.	0.	0.	1.	0.	0.	0.	
2.26453	58.8219	90	0	1	3	3	1	2	1.97704e-006	4.11431e-006	0.	0.	0.	0.	0.	1.	0.	0.	0.	
2.28153	58.8167	91	0	1	3	3	1	2	1.97704e-006	4.11431e-006	0.	0.	0.	0.	0.	1.	0.	0.	0.	
2.29753	62.5009	92	0	1	3	3	1	2	1.97704e-006	4.11431e-006	0.	0.	0.	0.	0.	1.	0.	0.	0.	
2.31353	62.495	93	0	1	3	3	1	2	1.97704e-006	4.11431e-006	0.	0.	0.	0.	0.	1.	0.	0.	0.	
2.32953	62.4986	94	0	1	3	3	1	2	1.97704e-006	4.11431e-006	0.	0.	0.	0.	0.	1.	0.	0.	0.	
2.34553	62.4998	95	0	1	3	3	1	2	1.97704e-006	4.11431e-006	0.	0.	0.	0.	0.	1.	0.	0.	0.	
2.36254	58.8157	96	0	1	3	3	1	2	1.97704e-006	4.11431e-006	0.	0.	0.	0.	0.	1.	0.	0.	0.	
2.37854	62.5009	97	0	1	3	3	1	2	1.97704e-006	4.11431e-006	0.	0.	0.	0.	0.	1.	0.	0.	0.	
2.39554	58.8167	98	0	1	3	3	1	2	1.97704e-006	4.11431e-006	0.	0.	0.	0.	0.	1.	0.	0.	0.	
2.41254	58.8251	99	0	1	3	3	1	2	1.97704e-006	4.11431e-006	0.	0.	0.	0.	0.	1.	0.	0.	0.	
2.42854	62.4939	100	0	1	3	3	1	2	1.97704e-006	4.11431e-006	0.	0.	0.	0.	0.	1.	0.	0.	0.	
2.44554	58.8219	101	0	1	3	3	1	2	1.97704e-006	4.11431e-006	0.	0.	0.	0.	0.	1.	0.	0.	0.	
2.46254	58.8219	102	0	1	3	3	1	2	1.97704e-006	4.11431e-006	0.	0.	0.	0.	0.	1.	0.	0.	0.	
2.47854	62.4986	103	0	1	3	3	1	2	1.97704e-006	4.11431e-006	0.	0.	0.	0.	0.	1.	0.	0.	0.	
2.49554	58.8157	104	0	1	3	3	1	2	1.97704e-006	4.11431e-006	0.	0.	0.	0.	0.	1.	0.	0.	0.	
2.51254	58.8209	105	0	1	3	3	1	2	1.97704e-006	4.11431e-006	0.	0.	0.	0.	0.	1.	0.	0.	0.	
2.52954	58.824	106	0	1	3	3	1	2	1.97704e-006	4.11431e-006	0.	0.	0.	0.	0.	1.	0.	0.	0.	
2.54654	58.8209	107	0	1	3	3	1	2	1.97704e-006	4.11431e-006	0.	0.	0.	0.	0.	1.	0.	0.	0.	
2.56355	58.8167	108	0	1	3	3	1	2	1.97704e-006	4.11431e-006	0.	0.	0.	0.	0.	1.	0.	0.	0.	
2.58055	58.824	109	0	1	3	3	1	2	1.97704e-006	4.11431e-006	0.	0.	0.	0.	0.	1.	0.	0.	0.	
2.59655	62.4974	110	0	1	3	3	1	2	1.97704e-006	4.11431e-006	0.	0.	0.	0.	0.	1.	0.	0.	0.	
2.61355	58.8198	111	0	1	3	3	1	2	1.97704e-006	4.11431e-006	0.	0.	0.	0.	0.	1.	0.	0.	0.	
2.63055	58.8219	112	0	1	3	3	1	2	1.97704e-006	4.11431e-006	0.	0.	0.	0.	0.	1.	0.	0.	0.	
2.64755	58.823	113	0	1	3	3	1	2	1.97704e-006	4.11431e-006	0.	0.	0.	0.	0.	1.	0.	0.	0.	
2.66455	58.8125	114	0	1	3	3	1	2	1.97704e-006	4.11431e-006	0.	0.	0.	0.	0.	1.	0.	0.	0.	
2.68055	62.5009	115	0	1	3	3	1	2	1.97704e-006	4.11431e-006	0.	0.	0.	0.	0.	1.	0.	0.	0.	
2.69755	58.8209	116	0	1	3	3	1	2	1.97704e-006	4.11431e-006	0.	0.	0.	0.	0.	1.	0.	0.	0.	
2.71455	58.8219	117	0	1	3	3	1	2	1.97704e-006	4.11431e-006	0.	0.	0.	0.	0.	1.	0.	0.	0.	
2.73055	62.4998	118	0	1	3	3	1	2	1.97704e-006	4.11431e-006	0.	0.	0.	0.	0.	1.	0.	0.	0.	
2.74755	58.8188	119	0	1	3	3	1	2	1.97704e-006	4.11431e-006	0.	0.	0.	0.	0.	1.	0.	0.	0.	
2.76455	58.8219	120	0	1	3	3	1	2	1.97704e-006	4.11431e-006	0.	0.	0.	0.	0.	1.	0.	0.	0.	
2.78156	58.8209	121	0	1	3	3	1	2	1.97704e-006	4.11431e-006	0.	0.	0.	0.	0.	1.	0.	0.	0.	
2.79856	58.8178	122	0	1	3	3	1	2	1.97704e-006	4.11431e-006	0.	0.	0.	0.	0.	1.	0.	0.	0.	
2.81456	62.4998	123	0	1	3	3	1	2	1.97704e-006	4.11431e-006	0.	0.	0.	0.	0.	1.	0.	0.	0.	
2.83156	58.8209	124	0	1	3	3	1	2	1.97704e-006	4.11431e-006	0.	0.	0.	0.	0.	1.	0.	0.	0.	
2.84856	58.823	125	0	1	3	3	1	2	1.97704e-006	4.11431e-006	0.	0.	0.	0.	0.	1.	0.	0.	0.	
2.86556	58.8188	126	0	1	3	3	1	2	1.97704e-006	4.11431e-006	0.	0.	0.	0.	0.	1.	0.	0.	0.	
2.88256	58.8198	127	0	1	3	3	1	2	1.97704e-006	4.11431e-006	0.	0.	0.	0.	0.	1.	0.	0.	0.	
2.89856	62.4974	128	0	1	3	3	1	2	1.97704e-006	4.11431e-006	0.	0.	0.	0.	0.	1.	0.	0.	0.	
2.91456	62.4974	129	0	1	3	3	1	2	1.97704e-006	4.11431e-006	0.	0.	0.	0.	0.	1.	0.	0.	0.	
2.93156	58.8219	130	0	1	3	3	1	2	1.97704e-006	4.11431e-006	0.	0.	0.	0.	0.	1.	0.	0.	0.	
2.94756	62.4962	131	0	1	3	3	1	2	1.97704e-006	4.11431e-006	0.	0.	0.	0.	0.	1.	0.	0.	0.	
2.96456	58.8198	132	0	1	3	3	1	2	1.97704e-006	4.11431e-006	0.	0.	0.	0.	0.	1.	0.	0.	0.	
2.98157	58.8198	133	0	1	3	3	1	2	1.97704e-006	4.11431e-006	0.	0.	0.	0.	0.	1.	0.	0.	0.	
2.99857	58.823	134	0	1	3	3	1	2	1.97704e-006	4.11431e-006	0.	0.	0.	0.	0.	1.	0.	0.	0.	
3.01557	58.8198	135	0	1	3	3	1	2	1.97704e-006	4.11431e-006	0.	0.	0.	0.	0.	1.	0.	0.	0.	
3.03257	58.8188	136	0	1	3	3	1	2	1.97704e-006	4.11431e-006	0.	0.	0.	0.	0.	1.	0.	0.	0.	
3.04957	58.8219	137	0	1	3	3	1	2	1.97704e-006	4.11431e-006	0.	0.	0.	0.	0.	1.	0.	0.	0.	
3.06657	58.8209	138	0	1	3	3	1	2	1.97704e-006	4.11431e-006	0.	0.	0.	0.	0.	1.	0.	0.	0.	
3.08357	58.8188	139	0	1	3	3	1	2	1.97704e-006	4.11431e-006	0.	0.	0.	0.	0.	1.	0.	0.	0.	
3.10057	58.824	140	0	1	3	3	1	2	1.97704e-006	4.11431e-006	0.	0.	0.	0.	0.	1.	0.	0.	0.	
3.11657	62.4974	141	0	1	3	3	1	2	1.97704e-006	4.11431e-006	0.	0.	0.	0.	0.	1.	0.	0.	0.	
3.13357	58.8209	142	0	1	3	3	1	2	1.97704e-006	4.11431e-006	0.	0.	0.	0.	0.	1.	0.	0.	0.	
3.15057	58.8167	143	0	1	3	3	1	2	1.97704e-006	4.11431e-006	0.	0.	0.	0.	0.	1.	0.	0.	0.	
3.16657	62.4974	144	0	1	3	3	1	2	1.97704e-006	4.11431e-006	0.	0.	0.	0.	0.	1.	0.	0.	0.	
3.18257	62.4986	145	0	1	3	3	1	2	1.97704e-006	4.11431e-006	0.	0.	0.	0.	0.	1.	0.	0.	0.	
3.19858	62.4939	146	0	1	3	3	1	2	1.97704e-006	4.11431e-006	0.	0.	0.	0.	0.	1.	0.	0.	0.	
3.21558	58.824	147	0	1	3	3	1	2	1.97704e-006	4.11431e-006	0.	0.	0.	0.	0.	1.	0.	0.	0.	
3.23258	58.8167	148	0	1	3	3	1	2	1.97704e-006	4.11431e-006	0.	0.	0.	0.	0.	1.	0.	0.	0.	
3.24958	58.8261	149	0	1	3	3	1	2	1.97704e-006	4.11431e-006	0.	0.	0.	0.	0.	1.	0.	0.	0.	
3.26558	62.4939	150	0	1	3	3	1	2	1.97704e-006	4.11431e-006	0.	0.	0.	0.	0.	1.	0.	0.	0.	
3.28158	62.4939	151	0	1	3	3	1	2	1.97704e-006	4.11431e-006	0.	0.	0.	0.	0.	1.	0.	0.	0.	
3.29858	58.8251	152	0	1	3	3	1	2	1.97704e-006	4.11431e-006	0.	0.	0.	0.	0.	1.	0.	0.	0.	
3.31558	58.8219	153	0	1	3	3	1	2	1.97704e-006	4.11431e-006	0.	0.	0.	0.	0.	1.	0.	0.	0.	
3.33258	58.8198	154	0	1	3	3	1	2	1.97704e-006	4.11431e-006	0.	0.	0.	0.	0.	1.	0.	0.	0.	
3.34858	62.495	155	0	1	3	3	1	2	1.97704e-006	4.11431e-006	0.	0.	0.	0.	0.	1.	0.	0.	0.	
3.3656	58.775	156	0	1	3	3	1	2	1.97704e-006	4.11431e-006	0.	0.	0.	0.	0.	1.	0.	0.	0.	
3.38158	62.5481	157	0	1	3	3	1	2	1.97704e-006	4.11431e-006	0.	0.	0.	0.	0.	1.	0.	0.	0.	
3.39859	58.8209	158	0	1	3	3	1	2	1.97704e-006	4.11431e-006	0.	0.	0.	0.	0.	1.	0.	0.	0.	
3.41459	62.4962	159	0	1	3	3	1	2	1.97704e-006	4.11431e-006	0.	0.	0.	0.	0.	1.	0.	0.	0.	
3.43159	58.823	160	0	1	3	3	1	2	1.97704e-006	4.11431e-006	0.	0.	0.	0.	0.	1.	0.	0.	0.	
3.44859	58.823	161	0	1	3	3	1	2	1.97704e-006	4.11431e-006	0.	0.	0.	0.	0.	1.	0.	0.	0.	
3.46559	58.8178	162	0	1	3	3	1	2	1.97704e-006	4.11431e-006	0.	0.	0.	0.	0.	1.	0.	0.	0.	
3.48159	62.5009	163	0	1	3	3	1	2	1.97704e-006	4.11431e-006	0.	0.	0.	0.	0.	1.	0.	0.	0.	
3.49759	62.4939	164	0	1	3	3	1	2	1.97704e-006	4.11431e-006	0.	0.	0.	0.	0.	1.	0.	0.	0.	
3.51459	58.823	165	0	1	3	3	1	2	1.97704e-006	4.11431e-006	0.	0.	0.	0.	0.	1.	0.	0.	0.	
3.53059	62.4962	166	0	1	3	3	1	2	1.97704e-006	4.11431e-006	0.	0.	0.	0.	0.	1.	0.	0.	0.	
3.54659	62.4974	167	0	1	3	3	1	2	1.97704e-006	4.11431e-006	0.	0.	0.	0.	0.	1.	0.	0.	0.	
3.56359	58.8178	168	0	1	3	3	1	2	1.97704e-006	4.11431e-006	0.	0.	0.	0.	0.	1.	0.	0.	0.	
3.57959	62.4998	169	0	1	3	3	1	2	1.97704e-006	4.11431e-006	0.	0.	0.	0.	0.	1.	0.	0.	0.	
3.59659	58.8198	170	0	1	3	3	1	2	1.97704e-006	4.11431e-006	0.	0.	0.	0.	0.	1.	0.	0.	0.	
3.6126	62.4962	171	0	1	3	3	1	2	1.97704e-006	4.11431e-006	0.	0.	0.	0.	0.	1.	0.	0.	0.	
3.6286	62.4962	172	0	1	3	3	1	2	1.97704e-006	4.11431e-006	0.	0.	0.	0.	0.	1.	0.	0.	0.	
3.6456	58.8219	173	0	1	3	3	1	2	1.97704e-006	4.11431e-006	0.	0.	0.	0.	0.	1.	0.	0.	0.	
3.66161	62.4456	174	0	1	3	3	1	2	1.97704e-006	4.11431e-006	0.	0.	0.	0.	0.	1.	0.	0.	0.	
3.6776	62.547	175	0	1	3	3	1	2	1.97704e-006	4.11431e-006	0.	0.	0.	0.	0.	1.	0.	0.	0.	
3.6936	62.4903	176	0	1	3	3	1	2	1.97704e-006	4.11431e-006	0.	0.	0.	0.	0.	1.	0.	0.	0.	
3.7096	62.5033	177	0	1	3	3	1	2	1.97704e-006	4.11431e-006	0.	0.	0.	0.	0.	1.	0.	0.	0.	
3.7266	58.8198	178	0	1	3	3	1	2	1.97704e-006	4.11431e-006	0.	0.	0.	0.	0.	1.	0.	0.	0.	
3.7436	58.8198	179	0	1	3	3	1	2	1.97704e-006	4.11431e-006	0.	0.	0.	0.	0.	1.	0.	0.	0.	
3.7606	58.8272	180	0	1	3	3	1	2	1.97704e-006	4.11431e-006	0.	0.	0.	0.	0.	1.	0.	0.	0.	
3.7776	58.8167	181	0	1	3	3	1	2	1.97704e-006	4.11431e-006	0.	0.	0.	0.	0.	1.	0.	0.	0.	
3.7946	58.823	182	0	1	3	3	1	2	1.97704e-006	4.11431e-006	0.	0.	0.	0.	0.	1.	0.	0.	0.	
3.8106	62.4962	183	0	1	3	3	1	2	1.97704e-006	4.11431e-006	0.	0.	0.	0.	0.	1.	0.	0.	0.	
3.82761	58.8104	184	0	1	3	3	1	2	1.97704e-006	4.11431e-006	0.	0.	0.	0.	0.	1.	0.	0.	0.	
3.84461	58.8313	185	0	1	3	3	1	2	1.97704e-006	4.11431e-006	0.	0.	0.	0.	0.	1.	0.	0.	0.	
3.86161	58.8188	186	0	1	3	3	1	2	1.97704e-006	4.11431e-006	0.	0.	0.	0.	0.	1.	0.	0.	0.	
3.87861	58.8209	187	0	1	3	3	1	2	1.97704e-006	4.11431e-006	0.	0.	0.	0.	0.	1.	0.	0.	0.	
3.89561	58.8209	188	0	1	3	3	1	2	1.97704e-006	4.11431e-006	0.	0.	0.	0.	0.	1.	0.	0.	0.	
3.91261	58.8209	189	0	1	3	3	1	2	1.97704e-006	4.11431e-006	0.	0.	0.	0.	0.	1.	0.	0.	0.	
3.92961	58.8188	190	0	1	3	3	1	2	1.97704e-006	4.11431e-006	0.	0.	0.	0.	0.	1.	0.	0.	0.	
3.94661	58.823	191	0	1	3	3	1	2	1.97704e-006	4.11431e-006	0.	0.	0.	0.	0.	1.	0.	0.	0.	
3.96261	62.4974	192	0	1	3	3	1	2	1.97704e-006	4.11431e-006	0.	0.	0.	0.	0.	1.	0.	0.	0.	
3.97961	58.8219	193	0	1	3	3	1	2	1.97704e-006	4.11431e-006	0.	0.	0.	0.	0.	1.	0.	0.	0.	
3.99661	58.8198	194	0	1	3	3	1	2	1.97704e-006	4.11431e-006	0.	0.	0.	0.	0.	1.	0.	0.	0.	
4.01261	62.4962	195	0	1	3	3	1	2	1.97704e-006	4.11431e-006	0.	0.	0.	0.	0.	1.	0.	0.	0.	
4.02861	62.5009	196	0	1	3	3	1	2	1.97704e-006	4.11431e-006	0.	0.	0.	0.	0.	1.	0.	0.	0.	
4.04462	62.4927	197	0	1	3	3	1	2	1.97704e-006	4.11431e-006	0.	0.	0.	0.	0.	1.	0.	0.	0.	
4.06062	62.4962	198	0	1	3	3	1	2	1.97704e-006	4.11431e-006	0.	0.	0.	0.	0.	1.	0.	0.	0.	
4.07762	58.8251	199	0	1	3	3	1	2	1.97704e-006	4.11431e-006	0.	0.	0.	0.	0.	1.	0.	0.	0.	
4.09462	58.8188	200	0	1	3	3	1	2	1.97704e-006	4.11431e-006	0.	0.	0.	0.	0.	1.	0.	0.	0.	
4.11162	58.8167	201	0	1	3	3	1	2	1.97704e-006	4.11431e-006	0.	0.	0.	0.	0.	1.	0.	0.	0.	
4.12862	58.8261	202	0	1	3	3	1	2	1.97704e-006	4.11431e-006	0.	0.	0.	0.	0.	1.	0.	0.	0.	
4.14562	58.8209	203	0	1	3	3	1	2	1.97704e-006	4.11431e-006	0.	0.	0.	0.	0.	1.	0.	0.	0.	
4.16262	58.8188	204	0	1	3	3	1	2	1.97704e-006	4.11431e-006	0.	0.	0.	0.	0.	1.	0.	0.	0.	
4.17962	58.823	205	0	1	3	3	1	2	1.97704e-006	4.11431e-006	0.	0.	0.	0.	0.	1.	0.	0.	0.	
4.19662	58.8188	206	0	1	3	3	1	2	1.97704e-006	4.11431e-006	0.	0.	0.	0.	0.	1.	0.	0.	0.	
4.21262	62.4962	207	0	1	3	3	1	2	1.97704e-006	4.11431e-006	0.	0.	0.	0.	0.	1.	0.	0.	0.	
4.22962	58.8219	208	0	1	3	3	1	2	1.97704e-006	4.11431e-006	0.	0.	0.	0.	0.	1.	0.	0.	0.	
4.24563	62.4927	209	0	1	3	3	1	2	1.97704e-006	4.11431e-006	0.	0.	0.	0.	0.	1.	0.	0.	0.	
4.26163	62.4974	210	0	1	3	3	1	2	1.97704e-006	4.11431e-006	0.	0.	0.	0.	0.	1.	0.	0.	0.	
4.27863	58.824	211	0	1	3	3	1	2	1.97704e-006	4.11431e-006	0.	0.	0.	0.	0.	1.	0.	0.	0.	
4.29563	58.8209	212	0	1	3	3	1	2	1.97704e-006	4.11431e-006	0.	0.	0.	0.	0.	1.	0.	0.	0.	
4.31163	62.4974	213	0	1	3	3	1	2	1.97704e-006	4.11431e-006	0.	0.	0.	0.	0.	1.	0.	0.	0.	
4.32763	62.4986	214	0	1	3	3	1	2	1.97704e-006	4.11431e-006	0.	0.	0.	0.	0.	1.	0.	0.	0.	
4.34463	58.8167	215	0	1	3	3	1	2	1.97704e-006	4.11431e-006	0.	0.	0.	0.	0.	1.	0.	0.	0.	
4.36063	62.5009	216	0	1	3	3	1	2	1.97704e-006	4.11431e-006	0.	0.	0.	0.	0.	1.	0.	0.	0.	
4.37763	58.8178	217	0	1	3	3	1	2	1.97704e-006	4.11431e-006	0.	0.	0.	0.	0.	1.	0.	0.	0.	
4.39463	58.8219	218	0	1	3	3	1	2	1.97704e-006	4.11431e-006	0.	0.	0.	0.	0.	1.	0.	0.	0.	
4.41163	58.8198	219	0	1	3	3	1	2	1.97704e-006	4.11431e-006	0.	0.	0.	0.	0.	1.	0.	0.	0.	
4.42763	62.4986	220	0	1	3	3	1	2	1.97704e-006	4.11431e-006	0.	0.	0.	0.	0.	1.	0.	0.	0.	
4.44463	58.8209	221	0	1	3	3	1	2	1.97704e-006	4.11431e-006	0.	0.	0.	0.	0.	1.	0.	0.	0.	
4.46164	58.8198	222	0	1	3	3	1	2	1.97704e-006	4.11431e-006	0.	0.	0.	0.	0.	1.	0.	0.	0.	
4.47764	62.4974	223	0	1	3	3	1	2	1.97704e-006	4.11431e-006	0.	0.	0.	0.	0.	1.	0.	0.	0.	
4.49464	58.8219	224	0	1	3	3	1	2	1.97704e-006	4.11431e-006	0.	0.	0.	0.	0.	1.	0.	0.	0.	
4.51164	58.8209	225	0	1	3	3	1	2	1.97704e-006	4.11431e-006	0.	0.	0.	0.	0.	1.	0.	0.	0.	
4.52764	62.4974	226	0	1	3	3	1	2	1.97704e-006	4.11431e-006	0.	0.	0.	0.	0.	1.	0.	0.	0.	
4.54464	58.8198	227	0	1	3	3	1	2	1.97704e-006	4.11431e-006	0.	0.	0.	0.	0.	1.	0.	0.	0.	
4.56164	58.8167	228	0	1	3	3	1	2	1.97704e-006	4.11431e-006	0.	0.	0.	0.	0.	1.	0.	0.	0.	
4.57764	62.5021	229	0	1	3	3	1	2	1.97704e-006	4.11431e-006	0.	0.	0.	0.	0.	1.	0.	0.	0.	
4.59364	62.4939	230	0	1	3	3	1	2	1.97704e-006	4.11431e-006	0.	0.	0.	0.	0.	1.	0.	0.	0.	
4.60964	62.4998	231	0	1	3	3	1	2	1.97704e-006	4.11431e-006	0.	0.	0.	0.	0.	1.	0.	0.	0.	
4.62564	62.4927	232	0	1	3	3	1	2	1.97704e-006	4.11431e-006	0.	0.	0.	0.	0.	1.	0.	0.	0.	
4.64264	58.824	233	0	1	3	3	1	2	1.97704e-006	4.11431e-006	0.	0.	0.	0.	0.	1.	0.	0.	0.	
4.65864	62.4986	234	0	1	3	3	1	2	1.97704e-006	4.11431e-006	0.	0.	0.	0.	0.	1.	0.	0.	0.	
4.67545	59.5131	235	0	1	3	3	1	2	1.97704e-006	4.11431e-006	0.	0.	0.	0.	0.	1.	0.	0.	0.	
4.69265	58.1426	236	0	1	3	3	1	2	1.97704e-006	4.11431e-006	0.	0.	0.	0.	0.	1.	0.	0.	0.	
4.70965	58.8209	237	0	1	3	3	1	2	1.97704e-006	4.11431e-006	0.	0.	0.	0.	0.	1.	0.	0.	0.	
4.72665	58.8198	238	0	1	3	3	1	2	1.97704e-006	4.11431e-006	0.	0.	0.	0.	0.	1.	0.	0.	0.	
4.74365	58.824	239	0	1	3	3	1	2	1.97704e-006	4.11431e-006	0.	0.	0.	0.	0.	1.	0.	0.	0.	
4.76065	58.8146	240	0	1	3	3	1	2	1.97704e-006	4.11431e-006	0.	0.	0.	0.	0.	1.	0.	0.	0.	
4.77765	58.8282	241	0	1	3	3	1	2	1.97704e-006	4.11431e-006	0.	0.	0.	0.	0.	1.	0.	0.	0.	
4.79465	58.8157	242	0	1	3	3	1	2	1.97704e-006	4.11431e-006	0.	0.	0.	0.	0.	1.	0.	0.	0.	
4.81065	62.5021	243	0	1	3	3	1	2	1.97704e-006	4.11431e-006	0.	0.	0.	0.	0.	1.	0.	0.	0.	
4.82665	62.4915	244	0	1	3	3	1	2	1.97704e-006	4.11431e-006	0.	0.	0.	0.	0.	1.	0.	0.	0.	
4.84265	62.4986	245	0	1	3	3	1	2	1.97704e-006	4.11431e-006	0.	0.	0.	0.	0.	1.	0.	0.	0.	
4.85865	62.4998	246	0	1	3	3	1	2	1.97704e-006	4.11431e-006	0.	0.	0.	0.	0.	1.	0.	0.	0.	
4.87566	58.8157	247	0	1	3	3	1	2	1.97704e-006	4.11431e-006	0.	0.	0.	0.	0.	1.	0.	0.	0.	
4.89166	62.4974	248	0	1	3	3	1	2	1.97704e-006	4.11431e-006	0.	0.	0.	0.	0.	1.	0.	0.	0.	
4.90859	59.0642	249	0	1	3	3	1	2	1.97704e-006	4.11431e-006	0.	0.	0.	0.	0.	1.	0.	0.	0.	
4.92566	58.5796	250	0	1	3	3	1	2	1.97704e-006	4.11431e-006	0.	0.	0.	0.	0.	1.	0.	0.	0.	
4.94166	62.495	251	0	1	3	3	1	2	1.97704e-006	4.11431e-006	0.	0.	0.	0.	0.	1.	0.	0.	0.	
4.95842	59.6696	252	0	1	3	3	1	2	1.97704e-006	4.11431e-006	0.	0.	0.	0.	0.	1.	0.	0.	0.	
4.97529	59.2629	253	0	1	3	3	1	2	1.97704e-006	4.11431e-006	0.	0.	0.	0.	0.	1.	0.	0.	0.	
4.99266	57.5757	254	0	1	3	3	1	2	1.97704e-006	4.11431e-006	0.	0.	0.	0.	0.	1.	0.	0.	0.	
5.00866	62.4986	255	0	1	3	3	1	2	1.97704e-006	4.11431e-006	0.	0.	0.	0.	0.	1.	0.	0.	0.	
5.02566	58.8178	256	0	1	3	3	1	2	1.97704e-006	4.11431e-006	0.	0.	0.	0.	0.	1.	0.	0.	0.	
5.04266	58.8219	257	0	1	3	3	1	2	1.97704e-006	4.11431e-006	0.	0.	0.	0.	0.	1.	0.	0.	0.	
5.05866	62.5009	258	0	1	3	3	1	2	1.97704e-006	4.11431e-006	0.	0.	0.	0.	0.	1.	0.	0.	0.	
5.07566	58.8188	259	0	1	3	3	1	2	1.97704e-006	4.11431e-006	0.	0.	0.	0.	0.	1.	0.	0.	0.	
5.09266	58.8219	260	0	1	3	3	1	2	1.97704e-006	4.11431e-006	0.	0.	0.	0.	0.	1.	0.	0.	0.	
5.10968	58.7854	261	0	1	3	3	1	2	1.97704e-006	4.11431e-006	0.	0.	0.	0.	0.	1.	0.	0.	0.	
5.12649	59.4596	262	0	1	3	3	1	2	1.97704e-006	4.11431e-006	0.	0.	0.	0.	0.	1.	0.	0.	0.	
5.14367	58.2233	263	0	1	3	3	1	2	1.97704e-006	4.11431e-006	0.	0.	0.	0.	0.	1.	0.	0.	0.	
5.15967	62.5021	264	0	1	3	3	1	2	1.97704e-006	4.11431e-006	0.	0.	0.	0.	0.	1.	0.	0.	0.	
5.17667	58.8209	265	0	1	3	3	1	2	1.97704e-006	4.11431e-006	0.	0.	0.	0.	0.	1.	0.	0.	0.	
5.19367	58.823	266	0	1	3	3	1	2	1.97704e-006	4.11431e-006	0.	0.	0.	0.	0.	1.	0.	0.	0.	
5.20967	62.4927	267	0	1	3	3	1	2	1.97704e-006	4.11431e-006	0.	0.	0.	0.	0.	1.	0.	0.	0.	
5.22639	59.8096	268	0	1	3	3	1	2	1.97704e-006	4.11431e-006	0.	0.	0.	0.	0.	1.	0.	0.	0.	
5.24367	57.8684	269	0	1	3	3	1	2	1.97704e-006	4.11431e-006	0.	0.	0.	0.	0.	1.	0.	0.	0.	
5.26067	58.8209	270	0	1	3	3	1	2	1.97704e-006	4.11431e-006	0.	0.	0.	0.	0.	1.	0.	0.	0.	
5.27667	62.4915	271	0	1	3	3	1	2	1.97704e-006	4.11431e-006	0.	0.	0.	0.	0.	1.	0.	0.	0.	
5.29367	58.8251	272	0	1	3	3	1	2	1.97704e-006	4.11431e-006	0.	0.	0.	0.	0.	1.	0.	0.	0.	
5.30968	62.4939	273	0	1	3	3	1	2	1.97704e-006	4.11431e-006	0.	0.	0.	0.	0.	1.	0.	0.	0.	
5.32644	59.6438	274	0	1	3	3	1	2	1.97704e-006	4.11431e-006	0.	0.	0.	0.	0.	1.	0.	0.	0.	
5.34368	58.0245	275	0	1	3	3	1	2	1.97704e-006	4.11431e-006	0.	0.	0.	0.	0.	1.	0.	0.	0.	
5.36068	58.8136	276	0	1	3	3	1	2	1.97704e-006	4.11431e-006	0.	0.	0.	0.	0.	1.	0.	0.	0.	
5.37768	58.8261	277	0	1	3	3	1	2	1.97704e-006	4.11431e-006	0.	0.	0.	0.	0.	1.	0.	0.	0.	
5.39468	58.8178	278	0	1	3	3	1	2	1.97704e-006	4.11431e-006	0.	0.	0.	0.	0.	1.	0.	0.	0.	
5.41068	62.495	279	0	1	3	3	1	2	1.97704e-006	4.11431e-006	0.	0.	0.	0.	0.	1.	0.	0.	0.	
5.42668	62.5033	280	0	1	3	3	1	2	1.97704e-006	4.11431e-006	0.	0.	0.	0.	0.	1.	0.	0.	0.	
5.44368	58.8198	281	0	1	3	3	1	2	1.97704e-006	4.11431e-006	0.	0.	0.	0.	0.	1.	0.	0.	0.	
5.46068	58.8219	282	0	1	3	3	1	2	1.97704e-006	4.11431e-006	0.	0.	0.	0.	0.	1.	0.	0.	0.	
5.47668	62.4974	283	0	1	3	3	1	2	1.97704e-006	4.11431e-006	0.	0.	0.	0.	0.	1.	0.	0.	0.	
5.49368	58.8188	284	0	1	3	3	1	2	1.97704e-006	4.11431e-006	0.	0.	0.	0.	0.	1.	0.	0.	0.	
5.50968	62.4974	285	0	1	3	3	1	2	1.97704e-006	4.11431e-006	0.	0.	0.	0.	0.	1.	0.	0.	0.	
5.52569	62.4974	286	0	1	3	3	1	2	1.97704e-006	4.11431e-006	0.	0.	0.	0.	0.	1.	0.	0.	0.	
5.54253	59.3478	287	0	1	3	3	1	2	1.97704e-006	4.11431e-006	0.	0.	0.	0.	0.	1.	0.	0.	0.	
5.55869	61.9157	288	0	1	3	3	1	2	1.97704e-006	4.11431e-006	0.	0.	0.	0.	0.	1.	0.	0.	0.	
5.57569	58.8188	289	0	1	3	3	1	2	1.97704e-006	4.11431e-006	0.	0.	0.	0.	0.	1.	0.	0.	0.	
5.5917	62.4656	290	0	1	3	3	1	2	1.97704e-006	4.11431e-006	0.	0.	0.	0.	0.	1.	0.	0.	0.	
5.60924	57.0021	291	0	1	3	3	1	2	1.97704e-006	4.11431e-006	0.	0.	0.	0.	0.	1.	0.	0.	0.	
5.62569	60.7841	292	0	1	3	3	1	2	1.97704e-006	4.11431e-006	0.	0.	0.	0.	0.	1.	0.	0.	0.	
5.64316	57.2394	293	0	1	3	3	1	2	1.97704e-006	4.11431e-006	0.	0.	0.	0.	0.	1.	0.	0.	0.	
5.65969	60.4933	294	0	1	3	3	1	2	1.97704e-006	4.11431e-006	0.	0.	0.	0.	0.	1.	0.	0.	0.	
5.67669	58.8219	295	0	1	3	3	1	2	1.97704e-006	4.11431e-006	0.	0.	0.	0.	0.	1.	0.	0.	0.	
5.69369	58.8198	296	0	1	3	3	1	2	1.97704e-006	4.11431e-006	0.	0.	0.	0.	0.	1.	0.	0.	0.	
5.7107	58.8188	297	0	1	3	3	1	2	1.97704e-006	4.11431e-006	0.	0.	0.	0.	0.	1.	0.	0.	0.	
5.7277	58.8219	298	0	1	3	3	1	2	1.97704e-006	4.11431e-006	0.	0.	0.	0.	0.	1.	0.	0.	0.	
5.7447	58.8251	299	0	1	3	3	1	2	1.97704e-006	4.11431e-006	0.	0.	0.	0.	0.	1.	0.	0.	0.	
5.7617	58.8167	300	0	1	3	3	1	2	1.97704e-006	4.11431e-006	0.	0.	0.	0.	0.	1.	0.	0.	0.	
5.7787	58.8188	301	0	1	3	3	1	2	1.97704e-006	4.11431e-006	0.	0.	0.	0.	0.	1.	0.	0.	0.	
5.7957	58.8261	302	0	1	3	3	1	2	1.97704e-006	4.11431e-006	0.	0.	0.	0.	0.	1.	0.	0.	0.	
5.8127	58.8219	303	0	1	3	3	1	2	1.97704e-006	4.11431e-006	0.	0.	0.	0.	0.	1.	0.	0.	0.	
5.8287	62.4974	304	0	1	3	3	1	2	1.97704e-006	4.11431e-006	0.	0.	0.	0.	0.	1.	0.	0.	0.	
5.8457	58.8167	305	0	1	3	3	1	2	1.97704e-006	4.11431e-006	0.	0.	0.	0.	0.	1.	0.	0.	0.	
5.8617	62.4974	306	0	1	3	3	1	2	1.97704e-006	4.11431e-006	0.	0.	0.	0.	0.	1.	0.	0.	0.	
5.8787	58.8146	307	0	1	3	3	1	2	1.97704e-006	4.11431e-006	0.	0.	0.	0.	0.	1.	0.	0.	0.	
5.8957	58.8261	308	0	1	3	3	1	2	1.97704e-006	4.11431e-006	0.	0.	0.	0.	0.	1.	0.	0.	0.	
5.9127	58.8251	309	0	1	3	3	1	2	1.97704e-006	4.11431e-006	0.	0.	0.	0.	0.	1.	0.	0.	0.	
5.9297	58.8167	310	0	1	3	3	1	2	1.97704e-006	4.11431e-006	0.	0.	0.	0.	0.	1.	0.	0.	0.	
5.9457	62.5009	311	0	1	3	3	1	2	1.97704e-006	4.11431e-006	0.	0.	0.	0.	0.	1.	0.	0.	0.	
5.96171	62.4939	312	0	1	3	3	1	2	1.97704e-006	4.11431e-006	0.	0.	0.	0.	0.	1.	0.	0.	0.	
5.97871	58.8209	313	0	1	3	3	1	2	1.97704e-006	4.11431e-006	0.	0.	0.	0.	0.	1.	0.	0.	0.	
5.99571	58.8219	314	0	1	3	3	1	2	1.97704e-006	4.11431e-006	0.	0.	0.	0.	0.	1.	0.	0.	0.	
6.01271	58.8209	315	0	1	3	3	1	2	1.97704e-006	4.11431e-006	0.	0.	0.	0.	0.	1.	0.	0.	0.	
6.02871	62.4986	316	0	1	3	3	1	2	1.97704e-006	4.11431e-006	0.	0.	0.	0.	0.	1.	0.	0.	0.	
6.04471	62.4927	317	0	1	3	3	1	2	1.97704e-006	4.11431e-006	0.	0.	0.	0.	0.	1.	0.	0.	0.	
6.06171	58.8219	318	0	1	3	3	1	2	1.97704e-006	4.11431e-006	0.	0.	0.	0.	0.	1.	0.	0.	0.	
6.07871	58.8209	319	0	1	3	3	1	2	1.97704e-006	4.11431e-006	0.	0.	0.	0.	0.	1.	0.	0.	0.	
6.09571	58.8188	320	0	1	3	3	1	2	1.97704e-006	4.11431e-006	0.	0.	0.	0.	0.	1.	0.	0.	0.	
6.11271	58.8261	321	0	1	3	3	1	2	1.97704e-006	4.11431e-006	0.	0.	0.	0.	0.	1.	0.	0.	0.	
6.12871	62.4962	322	0	1	3	3	1	2	1.97704e-006	4.11431e-006	0.	0.	0.	0.	0.	1.	0.	0.	0.	
6.14571	58.8209	323	0	1	3	3	1	2	1.97704e-006	4.11431e-006	0.	0.	0.	0.	0.	1.	0.	0.	0.	
6.16172	62.4856	324	0	1	3	3	1	2	1.97704e-006	4.11431e-006	0.	0.	0.	0.	0.	1.	0.	0.	0.	
6.17872	58.8282	325	0	1	3	3	1	2	1.97704e-006	4.11431e-006	0.	0.	0.	0.	0.	1.	0.	0.	0.	
6.19572	58.8209	326	0	1	3	3	1	2	1.97704e-006	4.11431e-006	0.	0.	0.	0.	0.	1.	0.	0.	0.	
6.21272	58.8198	327	0	1	3	3	1	2	1.97704e-006	4.11431e-006	0.	0.	0.	0.	0.	1.	0.	0.	0.	
6.22972	58.8209	328	0	1	3	3	1	2	1.97704e-006	4.11431e-006	0.	0.	0.	0.	0.	1.	0.	0.	0.	
6.24572	62.4998	329	0	1	3	3	1	2	1.97704e-006	4.11431e-006	0.	0.	0.	0.	0.	1.	0.	0.	0.	
6.26172	62.4903	330	0	1	3	3	1	2	1.97704e-006	4.11431e-006	0.	0.	0.	0.	0.	1.	0.	0.	0.	
6.27772	62.5033	331	0	1	3	3	1	2	1.97704e-006	4.11431e-006	0.	0.	0.	0.	0.	1.	0.	0.	0.	
6.29472	58.8198	332	0	1	3	3	1	2	1.97704e-006	4.11431e-006	0.	0.	0.	0.	0.	1.	0.	0.	0.	
6.31172	58.8198	333	0	1	3	3	1	2	1.97704e-006	4.11431e-006	0.	0.	0.	0.	0.	1.	0.	0.	0.	
6.32872	58.824	334	0	1	3	3	1	2	1.97704e-006	4.11431e-006	0.	0.	0.	0.	0.	1.	0.	0.	0.	
6.34572	58.8198	335	0	1	3	3	1	2	1.97704e-006	4.11431e-006	0.	0.	0.	0.	0.	1.	0.	0.	0.	
6.36273	58.8146	336	0	1	3	3	1	2	1.97704e-006	4.11431e-006	0.	0.	0.	0.	0.	1.	0.	0.	0.	
6.37873	62.5045	337	0	1	3	3	1	2	1.97704e-006	4.11431e-006	0.	0.	0.	0.	0.	1.	0.	0.	0.	
6.39473	62.4962	338	0	1	3	3	1	2	1.97704e-006	4.11431e-006	0.	0.	0.	0.	0.	1.	0.	0.	0.	
6.41073	62.4974	339	0	1	3	3	1	2	1.97704e-006	4.11431e-006	0.	0.	0.	0.	0.	1.	0.	0.	0.	
6.42773	58.8209	340	0	1	3	3	1	2	1.97704e-006	4.11431e-006	0.	0.	0.	0.	0.	1.	0.	0.	0.	
6.44473	58.8188	341	0	1	3	3	1	2	1.97704e-006	4.11431e-006	0.	0.	0.	0.	0.	1.	0.	0.	0.	
6.46173	58.8209	342	0	1	3	3	1	2	1.97704e-006	4.11431e-006	0.	0.	0.	0.	0.	1.	0.	0.	0.	
6.47873	58.8219	343	0	1	3	3	1	2	1.97704e-006	4.11431e-006	0.	0.	0.	0.	0.	1.	0.	0.	0.	
6.49573	58.8209	344	0	1	3	3	1	2	1.97704e-006	4.11431e-006	0.	0.	0.	0.	0.	1.	0.	0.	0.	
6.51273	58.8178	345	0	1	3	3	1	2	1.97704e-006	4.11431e-006	0.	0.	0.	0.	0.	1.	0.	0.	0.	
6.52973	58.824	346	0	1	3	3	1	2	1.97704e-006	4.11431e-006	0.	0.	0.	0.	0.	1.	0.	0.	0.	
6.54573	62.495	347	0	1	3	3	1	2	1.97704e-006	4.11431e-006	0.	0.	0.	0.	0.	1.	0.	0.	0.	
6.56273	58.8219	348	0	1	3	3	1	2	1.97704e-006	4.11431e-006	0.	0.	0.	0.	0.	1.	0.	0.	0.	
6.57973	58.8219	349	0	1	3	3	1	2	1.97704e-006	4.11431e-006	0.	0.	0.	0.	0.	1.	0.	0.	0.	
6.59574	62.4974	350	0	1	3	3	1	2	1.97704e-006	4.11431e-006	0.	0.	0.	0.	0.	1.	0.	0.	0.	
6.61274	58.8209	351	0	1	3	3	1	2	1.97704e-006	4.11431e-006	0.	0.	0.	0.	0.	1.	0.	0.	0.	
6.62974	58.8198	352	0	1	3	3	1	2	1.97704e-006	4.11431e-006	0.	0.	0.	0.	0.	1.	0.	0.	0.	
6.64674	58.8178	353	0	1	3	3	1	2	1.97704e-006	4.11431e-006	0.	0.	0.	0.	0.	1.	0.	0.	0.	
6.66274	62.4974	354	0	1	3	3	1	2	1.97704e-006	4.11431e-006	0.	0.	0.	0.	0.	1.	0.	0.	0.	
6.67974	58.8136	355	0	1	3	3	1	2	1.97704e-006	4.11431e-006	0.	0.	0.	0.	0.	1.	0.	0.	0.	
6.69574	62.4986	356	0	1	3	3	1	2	1.97704e-006	4.11431e-006	0.	0.	0.	0.	0.	1.	0.	0.	0.	
6.71274	58.8292	357	0	1	3	3	1	2	1.97704e-006	4.11431e-006	0.	0.	0.	0.	0.	1.	0.	0.	0.	
6.72874	62.4939	358	0	1	3	3	1	2	1.97704e-006	4.11431e-006	0.	0.	0.	0.	0.	1.	0.	0.	0.	
6.74574	58.823	359	0	1	3	3	1	2	1.97704e-006	4.11431e-006	0.	0.	0.	0.	0.	1.	0.	0.	0.	
6.76174	62.495	360	0	1	3	3	1	2	1.97704e-006	4.11431e-006	0.	0.	0.	0.	0.	1.	0.	0.	0.	
6.77775	62.495	361	0	1	3	3	1	2	1.97704e-006	4.11431e-006	0.	0.	0.	0.	0.	1.	0.	0.	0.	
6.79475	58.8219	362	0	1	3	3	1	2	1.97704e-006	4.11431e-006	0.	0.	0.	0.	0.	1.	0.	0.	0.	
6.81175	58.8178	363	0	1	3	3	1	2	1.97704e-006	4.11431e-006	0.	0.	0.	0.	0.	1.	0.	0.	0.	
6.82875	58.8272	364	0	1	3	3	1	2	1.97704e-006	4.11431e-006	0.	0.	0.	0.	0.	1.	0.	0.	0.	
6.84575	58.8209	365	0	1	3	3	1	2	1.97704e-006	4.11431e-006	0.	0.	0.	0.	0.	1.	0.	0.	0.	
6.86175	62.4927	366	0	1	3	3	1	2	1.97704e-006	4.11431e-006	0.	0.	0.	0.	0.	1.	0.	0.	0.	
6.87775	62.5021	367	0	1	3	3	1	2	1.97704e-006	4.11431e-006	0.	0.	0.	0.	0.	1.	0.	0.	0.	
6.89475	58.8146	368	0	1	3	3	1	2	1.97704e-006	4.11431e-006	0.	0.	0.	0.	0.	1.	0.	0.	0.	
6.91175	58.823	369	0	1	3	3	1	2	1.97704e-006	4.11431e-006	0.	0.	0.	0.	0.	1.	0.	0.	0.	
6.92875	58.823	370	0	1	3	3	1	2	1.97704e-006	4.11431e-006	0.	0.	0.	0.	0.	1.	0.	0.	0.	
6.94575	58.8178	371	0	1	3	3	1	2	1.97704e-006	4.11431e-006	0.	0.	0.	0.	0.	1.	0.	0.	0.	
6.96275	58.8198	372	0	1	3	3	1	2	1.97704e-006	4.11431e-006	0.	0.	0.	0.	0.	1.	0.	0.	0.	
6.97875	62.4962	373	0	1	3	3	1	2	1.97704e-006	4.11431e-006	0.	0.	0.	0.	0.	1.	0.	0.	0.	
6.99475	62.4998	374	0	1	3	3	1	2	1.97704e-006	4.11431e-006	0.	0.	0.	0.	0.	1.	0.	0.	0.	
7.01076	62.4998	375	0	1	3	3	1	2	1.97704e-006	4.11431e-006	0.	0.	0.	0.	0.	1.	0.	0.	0.	
7.02776	58.8209	376	0	1	3	3	1	2	1.97704e-006	4.11431e-006	0.	0.	0.	0.	0.	1.	0.	0.	0.	
7.04476	58.8167	377	0	1	3	3	1	2	1.97704e-006	4.11431e-006	0.	0.	0.	0.	0.	1.	0.	0.	0.	
7.06176	58.8219	378	0	1	3	3	1	2	1.97704e-006	4.11431e-006	0.	0.	0.	0.	0.	1.	0.	0.	0.	
7.07876	58.8219	379	0	1	3	3	1	2	1.97704e-006	4.11431e-006	0.	0.	0.	0.	0.	1.	0.	0.	0.	
7.09576	58.823	380	0	1	3	3	1	2	1.97704e-006	4.11431e-006	0.	0.	0.	0.	0.	1.	0.	0.	0.	
7.11176	62.4939	381	0	1	3	3	1	2	1.97704e-006	4.11431e-006	0.	0.	0.	0.	0.	1.	0.	0.	0.	
7.12776	62.4962	382	0	1	3	3	1	2	1.97704e-006	4.11431e-006	0.	0.	0.	0.	0.	1.	0.	0.	0.	
7.14476	58.8219	383	0	1	3	3	1	2	1.97704e-006	4.11431e-006	0.	0.	0.	0.	0.	1.	0.	0.	0.	
7.16176	58.8188	384	0	1	3	3	1	2	1.97704e-006	4.11431e-006	0.	0.	0.	0.	0.	1.	0.	0.	0.	
7.17776	62.5033	385	0	1	3	3	1	2	1.97704e-006	4.11431e-006	0.	0.	0.	0.	0.	1.	0.	0.	0.	
7.19476	58.8157	386	0	1	3	3	1	2	1.97704e-006	4.11431e-006	0.	0.	0.	0.	0.	1.	0.	0.	0.	
7.21076	62.5021	387	0	1	3	3	1	2	1.97704e-006	4.11431e-006	0.	0.	0.	0.	0.	1.	0.	0.	0.	
7.22677	62.4915	388	0	1	3	3	1	2	1.97704e-006	4.11431e-006	0.	0.	0.	0.	0.	1.	0.	0.	0.	
7.24377	58.824	389	0	1	3	3	1	2	1.97704e-006	4.11431e-006	0.	0.	0.	0.	0.	1.	0.	0.	0.	
7.25977	62.4974	390	0	1	3	3	1	2	1.97704e-006	4.11431e-006	0.	0.	0.	0.	0.	1.	0.	0.	0.	
7.27677	58.8125	391	0	1	3	3	1	2	1.97704e-006	4.11431e-006	0.	0.	0.	0.	0.	1.	0.	0.	0.	
7.29377	58.8272	392	0	1	3	3	1	2	1.97704e-006	4.11431e-006	0.	0.	0.	0.	0.	1.	0.	0.	0.	
7.31077	58.8198	393	0	1	3	3	1	2	1.97704e-006	4.11431e-006	0.	0.	0.	0.	0.	1.	0.	0.	0.	
7.32777	58.8219	394	0	1	3	3	1	2	1.97704e-006	4.11431e-006	0.	0.	0.	0.	0.	1.	0.	0.	0.	
7.34477	58.8219	395	0	1	3	3	1	2	1.97704e-006	4.11431e-006	0.	0.	0.	0.	0.	1.	0.	0.	0.	
7.36177	58.8115	396	0	1	3	3	1	2	1.97704e-006	4.11431e-006	0.	0.	0.	0.	0.	1.	0.	0.	0.	
7.37878	58.8146	397	0	1	3	3	1	2	1.97704e-006	4.11431e-006	0.	0.	0.	0.	0.	1.	0.	0.	0.	
7.39577	58.8355	398	0	1	3	3	1	2	1.97704e-006	4.11431e-006	0.	0.	0.	0.	0.	1.	0.	0.	0.	
7.41177	62.4962	399	0	1	3	3	1	2	1.97704e-006	4.11431e-006	0.	0.	0.	0.	0.	1.	0.	0.	0.	
7.42778	62.4962	400	0	1	3	3	1	2	1.97704e-006	4.11431e-006	0.	0.	0.	0.	0.	1.	0.	0.	0.	
7.44478	58.8209	401	0	1	3	3	1	2	1.97704e-006	4.11431e-006	0.	0.	0.	0.	0.	1.	0.	0.	0.	
7.46078	62.5009	402	0	1	3	3	1	2	1.97704e-006	4.11431e-006	0.	0.	0.	0.	0.	1.	0.	0.	0.	
7.47778	58.8167	403	0	1	3	3	1	2	1.97704e-006	4.11431e-006	0.	0.	0.	0.	0.	1.	0.	0.	0.	
7.49478	58.823	404	0	1	3	3	1	2	1.97704e-006	4.11431e-006	0.	0.	0.	0.	0.	1.	0.	0.	0.	
7.51178	58.823	405	0	1	3	3	1	2	1.97704e-006	4.11431e-006	0.	0.	0.	0.	0.	1.	0.	0.	0.	
7.52878	58.8178	406	0	1	3	3	1	2	1.97704e-006	4.11431e-006	0.	0.	0.	0.	0.	1.	0.	0.	0.	
7.54578	58.823	407	0	1	3	3	1	2	1.97704e-006	4.11431e-006	0.	0.	0.	0.	0.	1.	0.	0.	0.	
7.56278	58.8167	408	0	1	3	3	1	2	1.97704e-006	4.11431e-006	0.	0.	0.	0.	0.	1.	0.	0.	0.	
7.57978	58.824	409	0	1	3	3	1	2	1.97704e-006	4.11431e-006	0.	0.	0.	0.	0.	1.	0.	0.	0.	
7.59578	62.4939	410	0	1	3	3	1	2	1.97704e-006	4.11431e-006	0.	0.	0.	0.	0.	1.	0.	0.	0.	
7.61179	62.488	411	0	1	3	3	1	2	1.97704e-006	4.11431e-006	0.	0.	0.	0.	0.	1.	0.	0.	0.	
7.62879	58.8282	412	0	1	3	3	1	2	1.97704e-006	4.11431e-006	0.	0.	0.	0.	0.	1.	0.	0.	0.	
7.64579	58.8209	413	0	1	3	3	1	2	1.97704e-006	4.11431e-006	0.	0.	0.	0.	0.	1.	0.	0.	0.	
7.66279	58.823	414	0	1	3	3	1	2	1.97704e-006	4.11431e-006	0.	0.	0.	0.	0.	1.	0.	0.	0.	
7.67879	62.4962	415	0	1	3	3	1	2	1.97704e-006	4.11431e-006	0.	0.	0.	0.	0.	1.	0.	0.	0.	
7.69579	58.8219	416	0	1	3	3	1	2	1.97704e-006	4.11431e-006	0.	0.	0.	0.	0.	1.	0.	0.	0.	
7.71179	62.495	417	0	1	3	3	1	2	1.97704e-006	4.11431e-006	0.	0.	0.	0.	0.	1.	0.	0.	0.	
7.72879	58.8209	418	0	1	3	3	1	2	1.97704e-006	4.11431e-006	0.	0.	0.	0.	0.	1.	0.	0.	0.	
7.74579	58.8146	419	0	1	3	3	1	2	1.97704e-006	4.11431e-006	0.	0.	0.	0.	0.	1.	0.	0.	0.	
7.76179	62.4998	420	0	1	3	3	1	2	1.97704e-006	4.11431e-006	0.	0.	0.	0.	0.	1.	0.	0.	0.	
7.77779	62.5057	421	0	1	3	3	1	2	1.97704e-006	4.11431e-006	0.	0.	0.	0.	0.	1.	0.	0.	0.	
7.79379	62.4915	422	0	1	3	3	1	2	1.97704e-006	4.11431e-006	0.	0.	0.	0.	0.	1.	0.	0.	0.	
7.80979	62.4974	423	0	1	3	3	1	2	1.97704e-006	4.11431e-006	0.	0.	0.	0.	0.	1.	0.	0.	0.	
7.82661	59.4778	424	0	1	3	3	1	2	1.97704e-006	4.11431e-006	0.	0.	0.	0.	0.	1.	0.	0.	0.	
7.84379	58.1804	425	0	1	3	3	1	2	1.97704e-006	4.11431e-006	0.	0.	0.	0.	0.	1.	0.	0.	0.	
7.8608	58.8178	426	0	1	3	3	1	2	1.97704e-006	4.11431e-006	0.	0.	0.	0.	0.	1.	0.	0.	0.	
7.8778	58.8251	427	0	1	3	3	1	2	1.97704e-006	4.11431e-006	0.	0.	0.	0.	0.	1.	0.	0.	0.	
7.8948	58.8167	428	0	1	3	3	1	2	1.97704e-006	4.11431e-006	0.	0.	0.	0.	0.	1.	0.	0.	0.	
7.9108	62.4939	429	0	1	3	3	1	2	1.97704e-006	4.11431e-006	0.	0.	0.	0.	0.	1.	0.	0.	0.	
7.9278	58.8261	430	0	1	3	3	1	2	1.97704e-006	4.11431e-006	0.	0.	0.	0.	0.	1.	0.	0.	0.	
7.9438	62.4974	431	0	1	3	3	1	2	1.97704e-006	4.11431e-006	0.	0.	0.	0.	0.	1.	0.	0.	0.	
7.9598	62.4939	432	0	1	3	3	1	2	1.97704e-006	4.11431e-006	0.	0.	0.	0.	0.	1.	0.	0.	0.	
7.9768	58.8157	433	0	1	3	3	1	2	1.97704e-006	4.11431e-006	0.	0.	0.	0.	0.	1.	0.	0.	0.	
7.9938	58.8261	434	0	1	3	3	1	2	1.97704e-006	4.11431e-006	0.	0.	0.	0.	0.	1.	0.	0.	0.	
8.0108	58.8209	435	0	1	3	3	1	2	1.97704e-006	4.11431e-006	0.	0.	0.	0.	0.	1.	0.	0.	0.	

