Time	FPS	Frame	Crash	RB	RU	LU	LB	Dither	DAngle	swAngle	OX	OY	OZ	HX	HY	HZ	HA	Speed
Time	FPS	Frame	0	-1	8	8	-1	0.	3.68032e-007	0.	0.	0.	0.	0.	1.	0.	0.	0.	
Time	FPS	Frame	0	-1	8	8	-1	3.68063e-013	3.68032e-007	0.	0.	0.	0.	0.	1.	0.	0.	0.	
Time	FPS	Frame	0	-1	8	8	-1	3.68063e-013	3.68032e-007	0.	0.	0.	0.	0.	1.	0.	0.	0.	
Time	FPS	Frame	0	-1	8	8	-1	3.68063e-013	3.68032e-007	0.	0.	0.	0.	0.	1.	0.	0.	0.	
Time	FPS	Frame	0	-1	8	8	-1	3.68063e-013	3.68032e-007	0.	0.	0.	0.	0.	1.	0.	0.	0.	
Time	FPS	Frame	0	-1	8	8	-1	3.68063e-013	3.68032e-007	0.	0.	0.	0.	0.	1.	0.	0.	0.	
Time	FPS	Frame	0	-1	8	8	-1	3.68063e-013	3.68032e-007	0.	0.	0.	0.	0.	1.	0.	0.	0.	
Time	FPS	Frame	0	-1	8	8	-1	3.68063e-013	3.68032e-007	0.	0.	0.	0.	0.	1.	0.	0.	0.	
Time	FPS	Frame	0	-1	8	8	-1	3.68063e-013	3.68032e-007	0.	0.	0.	0.	0.	1.	0.	0.	0.	
Time	FPS	Frame	0	-1	8	8	-1	3.68063e-013	3.68032e-007	0.	0.	0.	0.	0.	1.	0.	0.	0.	
Time	FPS	Frame	0	-1	8	8	-1	3.68063e-013	3.68032e-007	0.	0.	0.	0.	0.	1.	0.	0.	0.	
Time	FPS	Frame	0	-1	8	8	-1	3.68063e-013	3.68032e-007	0.	0.	0.	0.	0.	1.	0.	0.	0.	
Time	FPS	Frame	0	-1	8	8	-1	3.68063e-013	3.68032e-007	0.	0.	0.	0.	0.	1.	0.	0.	0.	
Time	FPS	Frame	0	-1	8	8	-1	3.68063e-013	3.68032e-007	0.	0.	0.	0.	0.	1.	0.	0.	0.	
Time	FPS	Frame	0	-1	8	8	-1	3.68063e-013	3.68032e-007	0.	0.	0.	0.	0.	1.	0.	0.	0.	
Time	FPS	Frame	0	-1	8	8	-1	3.68063e-013	3.68032e-007	0.	0.	0.	0.	0.	1.	0.	0.	0.	
Time	FPS	Frame	0	-1	8	8	-1	3.68063e-013	3.68032e-007	0.	0.	0.	0.	0.	1.	0.	0.	0.	
Time	FPS	Frame	0	-1	8	8	-1	3.68063e-013	3.68032e-007	0.	0.	0.	0.	0.	1.	0.	0.	0.	
Time	FPS	Frame	0	-1	8	8	-1	3.68063e-013	3.68032e-007	0.	0.	0.	0.	0.	1.	0.	0.	0.	
Time	FPS	Frame	0	-1	8	8	-1	3.68063e-013	3.68032e-007	0.	0.	0.	0.	0.	1.	0.	0.	0.	
Time	FPS	Frame	0	-1	8	8	-1	3.68063e-013	3.68032e-007	0.	0.	0.	0.	0.	1.	0.	0.	0.	
Time	FPS	Frame	0	-1	8	8	-1	3.68063e-013	3.68032e-007	0.	0.	0.	0.	0.	1.	0.	0.	0.	
Time	FPS	Frame	0	-1	8	8	-1	3.68063e-013	3.68032e-007	0.	0.	0.	0.	0.	1.	0.	0.	0.	
Time	FPS	Frame	0	-1	8	8	-1	3.68063e-013	3.68032e-007	0.	0.	0.	0.	0.	1.	0.	0.	0.	
Time	FPS	Frame	0	-1	8	8	-1	3.68063e-013	3.68032e-007	0.	0.	0.	0.	0.	1.	0.	0.	0.	
Time	FPS	Frame	0	-1	8	8	-1	3.68063e-013	3.68032e-007	0.	0.	0.	0.	0.	1.	0.	0.	0.	
Time	FPS	Frame	0	-1	8	8	-1	3.68063e-013	3.68032e-007	0.	0.	0.	0.	0.	1.	0.	0.	0.	
Time	FPS	Frame	0	-1	8	8	-1	3.68063e-013	3.68032e-007	0.	0.	0.	0.	0.	1.	0.	0.	0.	
Time	FPS	Frame	0	-1	8	8	-1	3.68063e-013	3.68032e-007	0.	0.	0.	0.	0.	1.	0.	0.	0.	
Time	FPS	Frame	0	-1	8	8	-1	3.68063e-013	3.68032e-007	0.	0.	0.	0.	0.	1.	0.	0.	0.	
Time	FPS	Frame	0	-1	8	8	-1	3.68063e-013	3.68032e-007	0.	0.	0.	0.	0.	1.	0.	0.	0.	
Time	FPS	Frame	0	-1	8	8	-1	3.68063e-013	3.68032e-007	0.	0.	0.	0.	0.	1.	0.	0.	0.	
Time	FPS	Frame	0	-1	8	8	-1	3.68063e-013	3.68032e-007	0.	0.	0.	0.	0.	1.	0.	0.	0.	
Time	FPS	Frame	0	-1	8	8	-1	3.68063e-013	3.68032e-007	0.	0.	0.	0.	0.	1.	0.	0.	0.	
Time	FPS	Frame	0	-1	8	8	-1	3.68063e-013	3.68032e-007	0.	0.	0.	0.	0.	1.	0.	0.	0.	
Time	FPS	Frame	0	-1	8	8	-1	3.68063e-013	3.68032e-007	0.	0.	0.	0.	0.	1.	0.	0.	0.	
Time	FPS	Frame	0	-1	8	8	-1	3.68063e-013	3.68032e-007	0.	0.	0.	0.	0.	1.	0.	0.	0.	
Time	FPS	Frame	0	-1	8	8	-1	3.68063e-013	3.68032e-007	0.	0.	0.	0.	0.	1.	0.	0.	0.	
Time	FPS	Frame	0	-1	8	8	-1	3.68063e-013	3.68032e-007	0.	0.	0.	0.	0.	1.	0.	0.	0.	
Time	FPS	Frame	0	-1	8	8	-1	3.68063e-013	3.68032e-007	0.	0.	0.	0.	0.	1.	0.	0.	0.	
Time	FPS	Frame	0	-1	8	8	-1	3.68063e-013	3.68032e-007	0.	0.	0.	0.	0.	1.	0.	0.	0.	
Time	FPS	Frame	0	-1	8	8	-1	3.68063e-013	3.68032e-007	0.	0.	0.	0.	0.	1.	0.	0.	0.	
Time	FPS	Frame	0	-1	8	8	-1	3.68063e-013	3.68032e-007	0.	0.	0.	0.	0.	1.	0.	0.	0.	
Time	FPS	Frame	0	-1	8	8	-1	3.68063e-013	3.68032e-007	0.	0.	0.	0.	0.	1.	0.	0.	0.	
Time	FPS	Frame	0	-1	8	8	-1	3.68063e-013	3.68032e-007	0.	0.	0.	0.	0.	1.	0.	0.	0.	
Time	FPS	Frame	0	-1	8	8	-1	3.68063e-013	3.68032e-007	0.	0.	0.	0.	0.	1.	0.	0.	0.	
Time	FPS	Frame	0	-1	8	8	-1	3.68063e-013	3.68032e-007	0.	0.	0.	0.	0.	1.	0.	0.	0.	
Time	FPS	Frame	0	-1	8	8	-1	3.68063e-013	3.68032e-007	0.	0.	0.	0.	0.	1.	0.	0.	0.	
Time	FPS	Frame	0	-1	8	8	-1	3.68063e-013	3.68032e-007	0.	0.	0.	0.	0.	1.	0.	0.	0.	
Time	FPS	Frame	0	-1	8	8	-1	3.68063e-013	3.68032e-007	0.	0.	0.	0.	0.	1.	0.	0.	0.	
Time	FPS	Frame	0	-1	8	8	-1	3.68063e-013	3.68032e-007	0.	0.	0.	0.	0.	1.	0.	0.	0.	
Time	FPS	Frame	0	-1	8	8	-1	3.68063e-013	3.68032e-007	0.	0.	0.	0.	0.	1.	0.	0.	0.	
Time	FPS	Frame	0	-1	8	8	-1	3.68063e-013	3.68032e-007	0.	0.	0.	0.	0.	1.	0.	0.	0.	
Time	FPS	Frame	0	-1	8	8	-1	3.68063e-013	3.68032e-007	0.	0.	0.	0.	0.	1.	0.	0.	0.	
Time	FPS	Frame	0	-1	8	8	-1	2.04476e-008	3.68032e-007	0.	0.	5.55556e-002	0.	0.	1.	0.	0.	5.55556e-002	
Time	FPS	Frame	0	-1	8	8	-1	4.08956e-008	3.68032e-007	0.	0.	0.111111	0.	0.	1.	0.	0.	5.55556e-002	
Time	FPS	Frame	0	-1	8	8	-1	6.13435e-008	3.68032e-007	0.	0.	0.166667	0.	0.	1.	0.	0.	5.55556e-002	
Time	FPS	Frame	0	-1	9	9	-1	8.17915e-008	3.68032e-007	0.	0.	0.222222	0.	0.	1.	0.	0.	5.55556e-002	
Time	FPS	Frame	0	-1	9	9	-1	1.02239e-007	3.68032e-007	0.	0.	0.277778	0.	0.	1.	0.	0.	5.55556e-002	
Time	FPS	Frame	0	-1	9	9	-1	1.22687e-007	4.44792e-006	0.	0.	0.333333	0.	0.	1.	0.	0.	5.55556e-002	
Time	FPS	Frame	0	-1	9	9	-1	4.08347e-007	4.44792e-006	0.	0.	0.388889	0.	0.	1.	0.	0.	5.55556e-002	
Time	FPS	Frame	0	-1	9	9	-1	6.55452e-007	4.44792e-006	0.	0.	0.444444	0.	0.	1.	0.	0.	5.55556e-002	
Time	FPS	Frame	0	-1	10	10	-1	9.02558e-007	4.44792e-006	0.	0.	0.5	0.	0.	1.	0.	0.	5.55556e-002	
Time	FPS	Frame	0	-1	10	10	-1	1.14966e-006	4.44792e-006	0.	0.	0.555556	0.	0.	1.	0.	0.	5.55556e-002	
Time	FPS	Frame	0	-1	10	10	-1	1.39677e-006	4.44792e-006	0.	0.	0.611111	0.	0.	1.	0.	0.	5.55556e-002	
Time	FPS	Frame	0	-1	10	10	-1	1.89098e-006	1.11984e-005	0.	0.	0.722222	0.	0.	1.	0.	0.	5.55556e-002	
Time	FPS	Frame	0	-1	10	10	-1	3.03103e-006	1.11984e-005	0.	0.	0.777778	0.	0.	1.	0.	0.	5.55556e-002	
Time	FPS	Frame	0	-1	11	11	-1	3.65316e-006	1.11984e-005	0.	0.	0.833333	0.	0.	1.	0.	0.	5.55556e-002	
Time	FPS	Frame	0	-1	11	11	-1	4.2753e-006	1.11984e-005	0.	0.	0.888889	0.	0.	1.	0.	0.	5.55556e-002	
Time	FPS	Frame	0	-1	11	11	-1	4.89743e-006	1.11984e-005	0.	0.	0.944444	0.	0.	1.	0.	0.	5.55556e-002	
Time	FPS	Frame	0	-1	11	11	-1	5.51956e-006	2.18036e-005	0.	0.	1.	0.	0.	1.	0.	0.	5.55556e-002	
Time	FPS	Frame	0	-1	11	11	-1	7.10359e-006	2.18036e-005	0.	0.	1.05556	0.	0.	1.	0.	0.	5.55556e-002	
Time	FPS	Frame	0	-1	12	12	-1	8.3149e-006	2.18036e-005	0.	0.	1.11111	0.	0.	1.	0.	0.	5.55556e-002	
Time	FPS	Frame	0	-1	12	12	-1	9.52621e-006	2.18036e-005	0.	0.	1.16667	0.	0.	1.	0.	0.	5.55556e-002	
Time	FPS	Frame	0	-1	12	12	-1	1.07375e-005	2.18036e-005	0.	0.	1.22222	0.	0.	1.	0.	0.	5.55556e-002	
Time	FPS	Frame	0	-1	12	12	-1	1.19488e-005	2.18036e-005	0.	0.	1.27778	0.	0.	1.	0.	0.	5.55556e-002	
Time	FPS	Frame	0	-1	12	12	-1	1.31602e-005	3.63453e-005	0.	0.	1.33333	0.	0.	1.	0.	0.	5.55556e-002	
Time	FPS	Frame	0	-1	13	12	-1	1.59263e-005	3.63453e-005	0.	0.	1.38889	0.	0.	1.	0.	0.	5.55556e-002	
Time	FPS	Frame	0	-1	13	13	-1	1.99647e-005	3.63453e-005	0.	0.	1.5	0.	0.	1.	0.	0.	0.111111	
Time	FPS	Frame	0	-1	13	13	-1	2.4003e-005	5.45252e-005	0.	0.	1.61111	0.	0.	1.	0.	0.	0.111111	
Time	FPS	Frame	0	-1	14	14	-1	3.03209e-005	5.45252e-005	0.	0.	1.72222	0.	0.	1.	0.	0.	0.111111	
Time	FPS	Frame	0	-1	14	14	-1	3.63793e-005	5.45252e-005	0.	0.	1.83333	0.	0.	1.	0.	0.	0.111111	
Time	FPS	Frame	0	-1	14	14	-1	4.24376e-005	7.68039e-005	0.	0.	1.94444	0.	0.	1.	0.	0.	0.111111	
Time	FPS	Frame	0	-1	15	15	-1	5.17503e-005	7.68039e-005	0.	0.	2.05556	0.	0.	1.	0.	0.	0.111111	
Time	FPS	Frame	0	-1	15	15	-1	6.02841e-005	7.68039e-005	0.	0.	2.16667	0.	0.	1.	0.	0.	0.111111	
Time	FPS	Frame	0	-1	16	15	-1	6.88179e-005	1.02881e-004	0.	0.	2.27778	0.	0.	1.	0.	0.	0.111111	
Time	FPS	Frame	0	1	16	16	1	9.31895e-005	1.02881e-004	0.	0.	2.5	0.	0.	1.	0.	0.	0.111111	
Time	FPS	Frame	0	1	17	17	1	1.04621e-004	1.33226e-004	0.	0.	2.61111	0.	0.	1.	0.	0.	0.111111	
Time	FPS	Frame	0	2	17	17	2	1.21942e-004	1.33226e-004	0.	0.	2.72222	0.	0.	1.	0.	0.	0.111111	
Time	FPS	Frame	0	2	17	17	2	1.36745e-004	1.33226e-004	0.	0.	2.83333	0.	0.	1.	0.	0.	0.111111	
Time	FPS	Frame	0	2	18	18	2	1.51548e-004	1.67536e-004	0.	0.	2.94444	0.	0.	1.	0.	0.	0.111111	
Time	FPS	Frame	0	3	18	18	3	1.73947e-004	1.67536e-004	0.	0.	3.05556	0.	0.	1.	0.	0.	0.111111	
Time	FPS	Frame	0	3	19	19	3	1.92563e-004	2.05894e-004	0.	0.	3.16667	0.	0.	1.	0.	0.	0.111111	
Time	FPS	Frame	0	3	19	19	3	2.16541e-004	2.05894e-004	0.	0.	3.27778	0.	0.	1.	0.	0.	0.111111	
Time	FPS	Frame	0	4	19	19	4	2.39418e-004	2.05894e-004	0.	0.	3.38889	0.	0.	1.	0.	0.	0.111111	
Time	FPS	Frame	0	4	20	20	4	2.62295e-004	2.48782e-004	0.	0.	3.5	0.	0.	1.	0.	0.	0.111111	
Time	FPS	Frame	0	4	20	20	4	2.92527e-004	2.48782e-004	0.	0.	3.61111	0.	0.	1.	0.	0.	0.111111	
Time	FPS	Frame	0	5	21	21	5	3.20169e-004	2.48782e-004	0.	0.	3.72222	0.	0.	1.	0.	0.	0.111111	
Time	FPS	Frame	0	5	21	21	5	3.47812e-004	2.96297e-004	0.	0.	3.83333	0.	0.	1.	0.	0.	0.111111	
Time	FPS	Frame	0	5	21	21	5	3.85211e-004	2.96297e-004	0.	0.	3.94444	0.	0.	1.	0.	0.	0.111111	
Time	FPS	Frame	0	6	22	22	6	4.18133e-004	3.48129e-004	0.	0.	4.05556	0.	0.	1.	0.	0.	0.111111	
Time	FPS	Frame	0	6	22	22	6	4.77146e-004	3.48129e-004	0.	0.	4.22222	0.	0.	1.	0.	0.	0.166667	
Time	FPS	Frame	0	7	23	23	7	5.35168e-004	4.03963e-004	0.	0.	4.38889	0.	0.	1.	0.	0.	0.166667	
Time	FPS	Frame	0	7	24	24	7	6.05694e-004	4.03963e-004	0.	0.	4.55556	0.	0.	1.	0.	0.	0.166667	
Time	FPS	Frame	0	8	24	24	8	6.73021e-004	4.65521e-004	0.	0.	4.72222	0.	0.	1.	0.	0.	0.166667	
Time	FPS	Frame	0	9	25	25	9	7.56615e-004	4.65521e-004	0.	0.	4.88889	0.	0.	1.	0.	0.	0.166667	
Time	FPS	Frame	0	9	25	25	9	8.34202e-004	5.30857e-004	0.	0.	5.05556	0.	0.	1.	0.	0.	0.166667	
Time	FPS	Frame	0	10	27	27	10	1.0203e-003	6.02129e-004	0.	0.	5.38889	0.	0.	1.	0.	0.	0.166667	
Time	FPS	Frame	0	11	27	27	11	1.13381e-003	6.77367e-004	0.	0.	5.55556	0.	0.	1.	0.	0.	0.166667	
Time	FPS	Frame	0	11	28	28	11	1.25156e-003	6.77367e-004	0.	0.	5.72222	0.	0.	1.	0.	0.	0.166667	
Time	FPS	Frame	0	12	29	28	12	1.36446e-003	7.58338e-004	0.	0.	5.88889	0.	0.	1.	0.	0.	0.166667	
Time	FPS	Frame	0	12	29	29	12	1.50002e-003	7.58338e-004	0.	0.	6.05556	0.	0.	1.	0.	0.	0.166667	
Time	FPS	Frame	0	13	30	30	13	1.62641e-003	8.44316e-004	0.	0.	6.22222	0.	0.	1.	0.	0.	0.166667	
Time	FPS	Frame	0	14	30	30	13	1.78125e-003	9.35402e-004	0.	0.	6.38889	0.	0.	1.	0.	0.	0.166667	
Time	FPS	Frame	0	14	31	31	14	1.94174e-003	9.35402e-004	0.	0.	6.55556	0.	0.	1.	0.	0.	0.166667	
Time	FPS	Frame	0	15	32	32	15	2.09764e-003	1.03256e-003	0.	0.	6.72222	0.	0.	1.	0.	0.	0.166667	
Time	FPS	Frame	0	15	32	32	15	2.27998e-003	1.03256e-003	0.	0.	6.88889	0.	0.	1.	0.	0.	0.166667	
Time	FPS	Frame	0	16	33	33	16	2.45207e-003	1.13418e-003	0.	0.	7.05556	0.	0.	1.	0.	0.	0.166667	
Time	FPS	Frame	0	17	34	34	17	2.72062e-003	1.24254e-003	0.	0.	7.27778	0.	0.	1.	0.	0.	0.222222	
Time	FPS	Frame	0	17	35	35	17	3.00872e-003	1.35558e-003	0.	0.	7.5	0.	0.	1.	0.	0.	0.222222	
Time	FPS	Frame	0	18	36	36	18	3.3168e-003	1.47516e-003	0.	0.	7.72222	0.	0.	1.	0.	0.	0.222222	
Time	FPS	Frame	0	19	37	36	19	3.64612e-003	1.47516e-003	0.	0.	7.94444	0.	0.	1.	0.	0.	0.222222	
Time	FPS	Frame	0	20	37	37	20	3.97393e-003	1.601e-003	0.	0.	8.16667	0.	0.	1.	0.	0.	0.222222	
Time	FPS	Frame	0	20	38	38	20	4.35348e-003	1.73183e-003	0.	0.	8.38889	0.	0.	1.	0.	0.	0.222222	
Time	FPS	Frame	0	22	40	40	22	5.14216e-003	2.01443e-003	0.	0.	8.83333	0.	0.	1.	0.	0.	0.222222	
Time	FPS	Frame	0	23	41	41	23	5.64391e-003	2.16512e-003	0.	0.	9.05556	0.	0.	1.	0.	0.	0.222222	
Time	FPS	Frame	0	24	42	42	24	6.12886e-003	2.16512e-003	0.	0.	9.27778	0.	0.	1.	0.	0.	0.222222	
Time	FPS	Frame	0	24	43	43	24	6.61e-003	2.32176e-003	0.	0.	9.5	0.	0.	1.	0.	0.	0.222222	
Time	FPS	Frame	0	25	44	44	25	7.15908e-003	2.48584e-003	0.	0.	9.72222	0.	0.	1.	0.	0.	0.222222	
Time	FPS	Frame	0	26	45	45	26	7.74063e-003	2.65759e-003	0.	0.	9.94444	0.	0.	1.	0.	0.	0.222222	
Time	FPS	Frame	0	27	46	46	27	8.3562e-003	2.83475e-003	0.	0.	10.1667	0.	0.	1.	0.	0.	0.222222	
Time	FPS	Frame	0	28	47	47	28	9.00659e-003	3.0203e-003	0.	0.	10.3889	0.	0.	1.	0.	0.	0.222222	
Time	FPS	Frame	0	29	48	47	29	9.69396e-003	3.21246e-003	0.	0.	10.6111	0.	0.	1.	0.	0.	0.222222	
Time	FPS	Frame	0	29	49	48	29	1.04196e-002	3.41287e-003	0.	0.	10.8333	0.	0.	1.	0.	0.	0.222222	
Time	FPS	Frame	0	30	50	49	30	1.11853e-002	3.62066e-003	0.	0.	11.0556	0.	0.	1.	0.	0.	0.222222	
Time	FPS	Frame	0	31	51	50	31	1.19929e-002	3.62066e-003	0.	0.	11.2778	0.	0.	1.	0.	0.	0.222222	
Time	FPS	Frame	0	32	52	51	32	1.27975e-002	3.8351e-003	0.	0.	11.5	0.	0.	1.	0.	0.	0.222222	
Time	FPS	Frame	0	33	53	52	33	1.3696e-002	4.05917e-003	0.	0.	11.7222	0.	0.	1.	0.	0.	0.222222	
Time	FPS	Frame	0	34	54	53	34	1.46423e-002	4.29012e-003	0.	0.	11.9444	0.	0.	1.	0.	0.	0.222222	
Time	FPS	Frame	0	35	55	54	34	1.56373e-002	4.52964e-003	0.	0.	12.1667	0.	0.	1.	0.	0.	0.222222	
Time	FPS	Frame	0	36	56	55	35	1.66836e-002	4.77838e-003	0.	0.	12.3889	0.	0.	1.	0.	0.	0.222222	
Time	FPS	Frame	0	36	57	56	36	1.77834e-002	5.03443e-003	0.	0.	12.6111	0.	0.	1.	0.	0.	0.222222	
Time	FPS	Frame	0	37	58	58	37	1.89383e-002	5.30004e-003	0.	0.	12.8333	0.	0.	1.	0.	0.	0.222222	
Time	FPS	Frame	0	38	59	59	38	2.01512e-002	5.57496e-003	0.	0.	13.0556	0.	0.	1.	0.	0.	0.222222	
Time	FPS	Frame	0	39	60	60	39	2.14242e-002	5.85769e-003	0.	0.	13.2778	0.	0.	1.	0.	0.	0.222222	
Time	FPS	Frame	0	40	61	61	40	2.27595e-002	6.15055e-003	0.	0.	13.5	0.	0.	1.	0.	0.	0.222222	
Time	FPS	Frame	0	41	62	62	41	2.41598e-002	6.45421e-003	0.	0.	13.7222	0.	0.	1.	0.	0.	0.222222	
Time	FPS	Frame	0	42	63	63	42	2.56283e-002	6.7652e-003	0.	0.	13.9444	0.	0.	1.	0.	0.	0.222222	
Time	FPS	Frame	0	43	65	64	43	2.71665e-002	7.08752e-003	0.	0.	14.1667	0.	0.	1.	0.	0.	0.222222	
Time	FPS	Frame	0	44	66	65	44	2.87781e-002	7.41898e-003	0.	0.	14.3889	0.	0.	1.	0.	0.	0.222222	
Time	FPS	Frame	0	45	67	66	44	3.04654e-002	7.76115e-003	0.	0.	14.6111	0.	0.	1.	0.	0.	0.222222	
Time	FPS	Frame	0	46	68	67	45	3.22317e-002	8.11461e-003	0.	0.	14.8333	0.	0.	1.	0.	0.	0.222222	
Time	FPS	Frame	0	47	69	68	46	3.40803e-002	8.47744e-003	0.	0.	15.0556	0.	0.	1.	0.	0.	0.222222	
Time	FPS	Frame	0	48	70	70	47	3.60138e-002	8.852e-003	0.	0.	15.2778	0.	0.	1.	0.	0.	0.222222	
Time	FPS	Frame	0	49	71	71	48	3.80358e-002	9.23792e-003	0.	0.	15.5	0.	0.	1.	0.	0.	0.222222	
Time	FPS	Frame	0	50	73	72	49	4.01499e-002	9.63387e-003	0.	0.	15.7222	0.	0.	1.	0.	0.	0.222222	
Time	FPS	Frame	0	51	74	73	50	4.23589e-002	1.00427e-002	0.	0.	15.9444	0.	0.	1.	0.	0.	0.222222	
Time	FPS	Frame	0	52	75	74	51	4.46672e-002	1.04633e-002	0.	0.	16.1667	0.	0.	1.	0.	0.	0.222222	
Time	FPS	Frame	0	53	76	75	52	4.70782e-002	1.13391e-002	0.	0.	16.3889	0.	0.	1.	0.	0.	0.222222	
Time	FPS	Frame	0	54	78	77	53	4.97033e-002	1.17963e-002	0.	0.	16.6111	0.	0.	1.	0.	0.	0.222222	
Time	FPS	Frame	0	55	79	78	54	5.23442e-002	1.22657e-002	0.	0.	16.8333	0.	0.	1.	0.	0.	0.222222	
Time	FPS	Frame	0	56	80	79	55	5.5101e-002	1.2748e-002	0.	0.	17.0556	0.	0.	1.	0.	0.	0.222222	
Time	FPS	Frame	0	57	81	80	56	5.7978e-002	1.32448e-002	0.	0.	17.2778	0.	0.	1.	0.	0.	0.222222	
Time	FPS	Frame	0	58	83	82	57	6.098e-002	1.3754e-002	0.	0.	17.5	0.	0.	1.	0.	0.	0.222222	
Time	FPS	Frame	0	59	84	83	58	6.4111e-002	1.42771e-002	0.	0.	17.7222	0.	0.	1.	0.	0.	0.222222	
Time	FPS	Frame	0	60	85	84	59	6.7376e-002	1.53656e-002	0.	0.	17.9444	0.	0.	1.	0.	0.	0.222222	
Time	FPS	Frame	0	61	87	85	61	7.0913e-002	1.59306e-002	0.	0.	18.1667	0.	0.	1.	0.	0.	0.222222	
Time	FPS	Frame	0	62	88	87	62	7.44835e-002	1.65122e-002	0.	0.	18.3889	0.	0.	1.	0.	0.	0.222222	
Time	FPS	Frame	0	63	89	88	63	7.82053e-002	1.7108e-002	0.	0.	18.6111	0.	0.	1.	0.	0.	0.222222	
Time	FPS	Frame	0	64	91	89	64	8.20833e-002	1.77196e-002	0.	0.	18.8333	0.	0.	1.	0.	0.	0.222222	
Time	FPS	Frame	0	65	92	91	65	8.61233e-002	1.89895e-002	0.	0.	19.0556	0.	0.	1.	0.	0.	0.222222	
Time	FPS	Frame	0	67	94	92	66	8.40962e-002	1.71766e-002	0.	6.35734e-003	19.2757	0.	2.47255e-003	0.999997	0.	0.	0.222222	
Time	FPS	Frame	0	68	95	94	67	8.15671e-002	1.53809e-002	0.	1.32589e-002	19.4958	0.	4.94508e-003	0.999988	0.	0.	0.222222	
Time	FPS	Frame	0	69	96	95	68	7.86733e-002	1.35999e-002	0.	2.07046e-002	19.7158	0.	7.41758e-003	0.999972	0.	0.	0.222222	
Time	FPS	Frame	0	70	98	97	69	7.54202e-002	1.25671e-002	0.	2.86945e-002	19.9359	0.	9.89004e-003	0.999951	0.	0.	0.222222	
Time	FPS	Frame	0	71	99	98	71	7.20002e-002	1.08399e-002	0.	3.72285e-002	20.1559	0.	1.23624e-002	0.999924	0.	0.	0.222222	
Time	FPS	Frame	0	72	101	99	72	6.80911e-002	9.13093e-003	0.	4.63065e-002	20.376	0.	1.48348e-002	0.99989	0.	0.	0.222222	
Time	FPS	Frame	0	74	102	101	73	6.3846e-002	8.24426e-003	0.	5.59284e-002	20.596	0.	1.7307e-002	0.99985	0.	0.	0.222222	
Time	FPS	Frame	0	75	104	102	74	5.94649e-002	6.59126e-003	0.	6.60943e-002	20.8159	0.	1.97791e-002	0.999804	0.	0.	0.222222	
Time	FPS	Frame	0	76	106	104	75	5.46198e-002	4.95966e-003	0.	7.6804e-002	21.0359	0.	2.22511e-002	0.999752	0.	0.	0.222222	
Time	FPS	Frame	0	77	107	106	76	4.94647e-002	4.22823e-003	0.	8.80576e-002	21.2558	0.	2.4723e-002	0.999694	0.	0.	0.222222	
Time	FPS	Frame	0	78	109	107	78	4.42261e-002	2.65881e-003	0.	9.98548e-002	21.4757	0.	2.71947e-002	0.99963	0.	0.	0.222222	
Time	FPS	Frame	0	80	110	109	79	3.85347e-002	1.10645e-003	0.	0.112196	21.6955	0.	2.96662e-002	0.99956	0.	0.	0.222222	
Time	FPS	Frame	0	81	112	110	80	3.25603e-002	5.4431e-004	0.	0.12508	21.9154	0.	3.21376e-002	0.999483	0.	0.	0.222222	
Time	FPS	Frame	0	82	114	112	81	2.65836e-002	9.38324e-004	0.	0.138508	22.1352	0.	3.46088e-002	0.999401	0.	0.	0.222222	
Time	FPS	Frame	0	83	116	114	83	2.01443e-002	1.36677e-003	0.	0.152479	22.3549	0.	3.70797e-002	0.999312	0.	0.	0.222222	
Time	FPS	Frame	0	85	117	115	84	1.37251e-002	2.78048e-003	0.	0.166994	22.5746	0.	3.95505e-002	0.999218	0.	0.	0.222222	
Time	FPS	Frame	0	86	119	117	85	6.87465e-003	3.06554e-003	0.	0.182052	22.7943	0.	4.2021e-002	0.999117	0.	0.	0.222222	
Time	FPS	Frame	0	87	121	119	87	8.14572e-005	4.40917e-003	0.	0.197653	23.014	0.	4.44912e-002	0.99901	0.	0.	0.222222	
Time	FPS	Frame	0	89	123	121	88	7.12155e-003	4.54506e-003	0.	0.213797	23.2336	0.	4.69612e-002	0.998897	0.	0.	0.222222	
Time	FPS	Frame	0	90	125	122	89	1.42144e-002	5.80951e-003	0.	0.230484	23.4532	0.	4.94308e-002	0.998778	0.	0.	0.222222	
Time	FPS	Frame	0	92	126	124	91	2.17051e-002	5.79086e-003	0.	0.247714	23.6727	0.	5.19002e-002	0.998652	0.	0.	0.222222	
Time	FPS	Frame	0	93	128	126	92	2.90161e-002	5.6586e-003	0.	0.265487	23.8922	0.	5.43693e-002	0.998521	0.	0.	0.222222	
Time	FPS	Frame	0	94	130	128	94	3.64314e-002	6.78951e-003	0.	0.283802	24.1116	0.	5.6838e-002	0.998383	0.	0.	0.222222	
Time	FPS	Frame	0	96	132	130	95	4.4165e-002	6.48542e-003	0.	0.30266	24.331	0.	5.93064e-002	0.99824	0.	0.	0.222222	
Time	FPS	Frame	0	97	134	132	96	5.16563e-002	6.06693e-003	0.	0.32206	24.5504	0.	6.17744e-002	0.99809	0.	0.	0.222222	
Time	FPS	Frame	0	99	136	134	98	5.91734e-002	7.04781e-003	0.	0.342003	24.7697	0.	6.4242e-002	0.997934	0.	0.	0.222222	
Time	FPS	Frame	0	100	139	136	99	6.6954e-002	6.4453e-003	0.	0.362488	24.9889	0.	6.67093e-002	0.997772	0.	0.	0.222222	
Time	FPS	Frame	0	102	141	138	101	7.43847e-002	5.71209e-003	0.	0.383514	25.2081	0.	6.91761e-002	0.997604	0.	0.	0.222222	
Time	FPS	Frame	0	103	143	140	102	8.17465e-002	6.53724e-003	0.	0.405083	25.4273	0.	7.16425e-002	0.99743	0.	0.	0.222222	
Time	FPS	Frame	0	105	145	142	104	8.93575e-002	5.60992e-003	0.	0.427193	25.6463	0.	7.41085e-002	0.99725	0.	0.	0.222222	
Time	FPS	Frame	0	106	147	144	105	0.102788	7.01578e-003	0.	0.456023	25.8628	0.	7.90391e-002	0.996872	0.	0.	0.222222	
Time	FPS	Frame	0	108	150	147	107	0.116591	8.27824e-003	0.	0.485922	26.0791	0.	8.39677e-002	0.996468	0.	0.	0.222222	
Time	FPS	Frame	0	110	152	149	109	0.137055	1.18756e-002	0.	0.523035	26.2926	0.	9.13568e-002	0.995818	0.	0.	0.222222	
Time	FPS	Frame	0	111	154	151	110	0.158349	1.5319e-002	0.	0.561731	26.5058	0.	9.87408e-002	0.995113	0.	0.	0.222222	
Time	FPS	Frame	0	113	157	154	112	0.186737	2.10836e-002	0.	0.608104	26.7159	0.	0.108578	0.994088	0.	0.	0.222222	
Time	FPS	Frame	0	114	159	156	114	0.216393	2.66971e-002	0.	0.656554	26.9256	0.	0.118404	0.992966	0.	0.	0.222222	
Time	FPS	Frame	0	116	162	159	115	0.25355	3.4622e-002	0.	0.713109	27.1319	0.	0.13067	0.991426	0.	0.	0.222222	
Time	FPS	Frame	0	118	164	161	117	0.292396	4.23916e-002	0.	0.77221	27.3374	0.	0.142917	0.989735	0.	0.	0.222222	
Time	FPS	Frame	0	119	167	164	119	0.332883	4.99873e-002	0.	0.833848	27.5422	0.	0.155141	0.987892	0.	0.	0.222222	
Time	FPS	Frame	0	121	169	166	120	0.374955	5.74176e-002	0.	0.898013	27.7463	0.	0.167342	0.985899	0.	0.	0.222222	
Time	FPS	Frame	0	123	172	169	122	0.418559	6.46872e-002	0.	0.964695	27.9495	0.	0.179518	0.983755	0.	0.	0.222222	
Time	FPS	Frame	0	124	175	172	124	0.46364	7.18406e-002	0.	1.03388	28.1519	0.	0.191666	0.98146	0.	0.	0.222222	
Time	FPS	Frame	0	126	178	175	126	0.510153	7.88909e-002	0.	1.10557	28.3534	0.	0.203784	0.979016	0.	0.	0.222222	
Time	FPS	Frame	0	128	181	178	128	0.558057	8.30973e-002	0.	1.17974	28.554	0.	0.215872	0.976422	0.	0.	0.222222	
Time	FPS	Frame	0	130	183	181	130	0.606869	8.98913e-002	0.	1.25639	28.7537	0.	0.227926	0.973678	0.	0.	0.222222	
Time	FPS	Frame	0	132	187	184	132	0.657349	9.65825e-002	0.	1.3355	28.9524	0.	0.239946	0.970786	0.	0.	0.222222	
Time	FPS	Frame	0	133	190	187	134	0.709073	0.100241	0.	1.41706	29.1501	0.	0.251929	0.967746	0.	0.	0.222222	
Time	FPS	Frame	0	135	193	191	136	0.761556	0.106666	0.	1.50106	29.3468	0.	0.263873	0.964557	0.	0.	0.222222	
Time	FPS	Frame	0	137	196	194	138	0.815517	0.109929	0.	1.58748	29.5425	0.	0.275777	0.961222	0.	0.	0.222222	
Time	FPS	Frame	0	139	200	197	140	0.839779	0.100585	0.	1.64876	29.7561	0.	0.275777	0.961222	0.	0.	0.222222	
Time	FPS	Frame	0	142	203	201	142	0.862238	9.42301e-002	0.	1.71005	29.9697	0.	0.275777	0.961222	0.	0.	0.222222	
Time	FPS	Frame	0	144	207	204	144	0.883125	8.44981e-002	0.	1.77133	30.1833	0.	0.275777	0.961222	0.	0.	0.222222	
Time	FPS	Frame	0	146	211	208	147	0.901619	7.45367e-002	0.	1.83261	30.3969	0.	0.275777	0.961222	0.	0.	0.222222	
Time	FPS	Frame	0	149	215	212	149	0.917997	6.43465e-002	0.	1.8939	30.6105	0.	0.275777	0.961222	0.	0.	0.222222	
Time	FPS	Frame	0	151	219	216	151	0.932148	5.39286e-002	0.	1.95518	30.8241	0.	0.275777	0.961222	0.	0.	0.222222	
Time	FPS	Frame	0	154	224	220	154	0.943956	4.32929e-002	0.	2.01647	31.0377	0.	0.275777	0.961222	0.	0.	0.222222	
Time	FPS	Frame	0	156	228	224	156	0.953308	3.2464e-002	0.	2.07775	31.2513	0.	0.275777	0.961222	0.	0.	0.222222	
Time	FPS	Frame	0	159	232	228	159	0.960095	1.77028e-002	0.	2.13903	31.4649	0.	0.275777	0.961222	0.	0.	0.222222	
Time	FPS	Frame	0	161	237	232	161	0.963644	6.44475e-003	0.	2.20032	31.6785	0.	0.275777	0.961222	0.	0.	0.222222	
Time	FPS	Frame	0	164	242	236	164	0.964851	8.80492e-003	0.	2.2616	31.8921	0.	0.275777	0.961222	0.	0.	0.222222	
Time	FPS	Frame	0	167	246	241	167	0.962574	2.04141e-002	0.	2.32288	32.1057	0.	0.275777	0.961222	0.	0.	0.222222	
Time	FPS	Frame	0	170	251	245	169	0.957713	3.604e-002	0.	2.38417	32.3193	0.	0.275777	0.961222	0.	0.	0.222222	
Time	FPS	Frame	0	173	256	250	172	0.949061	4.79147e-002	0.	2.44545	32.5329	0.	0.275777	0.961222	0.	0.	0.222222	
Time	FPS	Frame	0	176	261	254	175	0.937708	6.37453e-002	0.	2.50674	32.7465	0.	0.275777	0.961222	0.	0.	0.222222	
Time	FPS	Frame	0	179	266	259	178	0.92223	7.96007e-002	0.	2.56802	32.9601	0.	0.275777	0.961222	0.	0.	0.222222	
Time	FPS	Frame	0	182	271	264	181	0.903212	9.54242e-002	0.	2.6293	33.1737	0.	0.275777	0.961222	0.	0.	0.222222	
Time	FPS	Frame	0	185	276	268	184	0.88058	0.11109	0.	2.69059	33.3874	0.	0.275777	0.961222	0.	0.	0.222222	
Time	FPS	Frame	0	189	281	273	187	0.860864	0.127814	0.	2.7574	33.5972	0.	0.278153	0.960537	0.	0.	0.222222	
Time	FPS	Frame	0	192	286	278	190	0.837287	0.14037	0.	2.82473	33.8068	0.	0.280527	0.959846	0.	0.	0.222222	
Time	FPS	Frame	0	195	291	283	194	0.811429	0.152361	0.	2.89258	34.0163	0.	0.2829	0.95915	0.	0.	0.222222	
Time	FPS	Frame	0	199	296	288	197	0.782647	0.167266	0.	2.96095	34.2256	0.	0.28527	0.958447	0.	0.	0.222222	
Time	FPS	Frame	0	203	301	293	200	0.750205	0.177862	0.	3.02983	34.4348	0.	0.287639	0.957739	0.	0.	0.222222	
Time	FPS	Frame	0	206	306	298	204	0.715883	0.190547	0.	3.09924	34.6438	0.	0.290006	0.957025	0.	0.	0.222222	
Time	FPS	Frame	0	210	311	302	208	0.67838	0.201788	0.	3.16915	34.8526	0.	0.292372	0.956305	0.	0.	0.222222	
Time	FPS	Frame	0	214	315	307	211	0.638774	0.209122	0.	3.23959	35.0612	0.	0.294735	0.955579	0.	0.	0.222222	
Time	FPS	Frame	0	218	320	312	215	0.597946	0.217144	0.	3.31054	35.2697	0.	0.297097	0.954847	0.	0.	0.222222	
Time	FPS	Frame	0	222	325	317	219	0.555113	0.223296	0.	3.382	35.478	0.	0.299457	0.95411	0.	0.	0.222222	
Time	FPS	Frame	0	227	330	322	223	0.511285	0.227372	0.	3.45398	35.6861	0.	0.301815	0.953366	0.	0.	0.222222	
Time	FPS	Frame	0	231	335	327	227	0.466924	0.229074	0.	3.52648	35.894	0.	0.304172	0.952617	0.	0.	0.222222	
Time	FPS	Frame	0	235	340	332	231	0.422541	0.228701	0.	3.59949	36.1018	0.	0.306526	0.951862	0.	0.	0.222222	
Time	FPS	Frame	0	240	345	337	236	0.37852	0.226414	0.	3.67301	36.3093	0.	0.308879	0.951101	0.	0.	0.222222	
Time	FPS	Frame	0	245	350	341	240	0.335267	0.223948	0.	3.74704	36.5167	0.	0.311229	0.950335	0.	0.	0.222222	
Time	FPS	Frame	0	249	354	346	245	0.292584	0.221428	0.	3.82159	36.7239	0.	0.313578	0.949562	0.	0.	0.222222	
Time	FPS	Frame	0	254	359	351	249	0.250448	0.218956	0.	3.89665	36.9309	0.	0.315925	0.948784	0.	0.	0.222222	
Time	FPS	Frame	0	259	364	356	254	0.208835	0.216509	0.	3.97222	37.1378	0.	0.31827	0.948	0.	0.	0.222222	
Time	FPS	Frame	0	264	369	361	259	0.167753	0.214056	0.	4.0483	37.3444	0.	0.320613	0.94721	0.	0.	0.222222	
Time	FPS	Frame	0	269	374	366	263	0.127207	0.211581	0.	4.12489	37.5509	0.	0.322954	0.946415	0.	0.	0.222222	
Time	FPS	Frame	0	274	379	371	268	8.71993e-002	0.20911	0.	4.202	37.7571	0.	0.325293	0.945613	0.	0.	0.222222	
Time	FPS	Frame	0	279	383	376	273	4.77274e-002	0.206609	0.	4.27961	37.9632	0.	0.32763	0.944806	0.	0.	0.222222	
Time	FPS	Frame	0	284	388	381	278	8.79835e-003	0.204145	0.	4.35773	38.1691	0.	0.329965	0.943993	0.	0.	0.222222	
Time	FPS	Frame	0	289	393	386	283	2.96033e-002	0.201669	0.	4.43636	38.3748	0.	0.332298	0.943174	0.	0.	0.222222	
Time	FPS	Frame	0	294	398	390	288	6.7467e-002	0.199242	0.	4.5155	38.5803	0.	0.334629	0.94235	0.	0.	0.222222	
Time	FPS	Frame	0	299	403	395	292	0.104802	0.196692	0.	4.59515	38.7856	0.	0.336958	0.94152	0.	0.	0.222222	
Time	FPS	Frame	0	303	408	400	297	0.141575	0.194245	0.	4.6753	38.9907	0.	0.339285	0.940684	0.	0.	0.222222	
Time	FPS	Frame	0	308	413	405	302	0.177837	0.191733	0.	4.75596	39.1956	0.	0.34161	0.939842	0.	0.	0.222222	
Time	FPS	Frame	0	313	417	410	307	0.213544	0.189296	0.	4.83713	39.4003	0.	0.343933	0.938994	0.	0.	0.222222	
Time	FPS	Frame	0	318	422	415	312	0.248731	0.186835	0.	4.9188	39.6048	0.	0.346254	0.938141	0.	0.	0.222222	
Time	FPS	Frame	0	323	427	420	317	0.276737	0.181884	0.	5.00621	39.8049	0.	0.350888	0.936417	0.	0.	0.222222	
Time	FPS	Frame	0	328	432	425	322	0.303671	0.176977	0.	5.0946	40.0045	0.	0.355515	0.934671	0.	0.	0.222222	
Time	FPS	Frame	0	332	437	430	327	0.322917	0.169577	0.	5.18915	40.1995	0.	0.362438	0.932008	0.	0.	0.222222	
Time	FPS	Frame	0	337	441	435	331	0.340556	0.162133	0.	5.28514	40.3938	0.	0.369341	0.929294	0.	0.	0.222222	
Time	FPS	Frame	0	342	446	440	336	0.349977	0.152245	0.	5.38766	40.583	0.	0.378514	0.925596	0.	0.	0.222222	
Time	FPS	Frame	0	346	451	445	341	0.357278	0.142326	0.	5.49206	40.7711	0.	0.38765	0.921807	0.	0.	0.222222	
Time	FPS	Frame	0	351	455	451	346	0.355864	0.129974	0.	5.6033	40.9538	0.	0.399016	0.916944	0.	0.	0.222222	
Time	FPS	Frame	0	355	460	456	351	0.351815	0.117598	0.	5.7168	41.1351	0.	0.410321	0.911941	0.	0.	0.222222	
Time	FPS	Frame	0	360	465	461	356	0.345118	0.10531	0.	5.83253	41.315	0.	0.421563	0.906799	0.	0.	0.222222	
Time	FPS	Frame	0	364	469	466	361	0.335796	9.29279e-002	0.	5.95047	41.4934	0.	0.432741	0.901518	0.	0.	0.222222	
Time	FPS	Frame	0	369	474	471	366	0.323815	8.05028e-002	0.	6.07062	41.6704	0.	0.443853	0.896099	0.	0.	0.222222	
Time	FPS	Frame	0	373	479	476	371	0.309187	6.81515e-002	0.	6.19294	41.8458	0.	0.454897	0.890544	0.	0.	0.222222	
Time	FPS	Frame	0	378	483	481	376	0.291931	5.5769e-002	0.	6.31742	42.0197	0.	0.465872	0.884852	0.	0.	0.222222	
Time	FPS	Frame	0	382	488	486	381	0.272039	4.34352e-002	0.	6.44404	42.1921	0.	0.476775	0.879025	0.	0.	0.222222	
Time	FPS	Frame	0	387	492	491	386	0.249526	3.1165e-002	0.	6.57278	42.3629	0.	0.487606	0.873064	0.	0.	0.222222	
Time	FPS	Frame	0	391	497	496	391	0.224401	1.87005e-002	0.	6.70362	42.5321	0.	0.498362	0.866969	0.	0.	0.222222	
Time	FPS	Frame	0	396	501	501	396	0.196607	6.37809e-003	0.	6.83654	42.6997	0.	0.509041	0.860742	0.	0.	0.222222	
Time	FPS	Frame	0	401	506	506	401	0.198026	6.37946e-003	0.	6.94966	42.8909	0.	0.509041	0.860742	0.	0.	0.222222	
Time	FPS	Frame	0	406	511	511	406	0.199438	6.30749e-003	0.	7.06278	43.0822	0.	0.509041	0.860742	0.	0.	0.222222	
Time	FPS	Frame	0	411	516	516	411	0.200834	6.3735e-003	0.	7.1759	43.2735	0.	0.509041	0.860742	0.	0.	0.222222	
Time	FPS	Frame	0	416	521	521	416	0.202259	6.36067e-003	0.	7.28903	43.4648	0.	0.509041	0.860742	0.	0.	0.222222	
Time	FPS	Frame	0	421	526	526	421	0.203666	6.34691e-003	0.	7.40215	43.6561	0.	0.509041	0.860742	0.	0.	0.222222	
Time	FPS	Frame	0	426	531	531	426	0.205073	6.38176e-003	0.	7.51527	43.8473	0.	0.509041	0.860742	0.	0.	0.222222	
Time	FPS	Frame	0	431	536	536	431	0.206492	6.35975e-003	0.	7.62839	44.0386	0.	0.509041	0.860742	0.	0.	0.222222	
Time	FPS	Frame	0	436	541	541	436	0.207898	6.35975e-003	0.	7.74151	44.2299	0.	0.509041	0.860742	0.	0.	0.222222	
Time	FPS	Frame	0	441	546	546	441	0.20931	6.43862e-003	0.	7.85463	44.4212	0.	0.509041	0.860742	0.	0.	0.222222	
Time	FPS	Frame	0	446	551	551	446	0.210739	6.29373e-003	0.	7.96775	44.6124	0.	0.509041	0.860742	0.	0.	0.222222	
Time	FPS	Frame	0	451	556	556	451	0.212114	6.34691e-003	0.	8.08087	44.8037	0.	0.509041	0.860742	0.	0.	0.222222	
Time	FPS	Frame	0	456	561	561	456	0.213539	6.31115e-003	0.	8.19399	44.995	0.	0.509041	0.860742	0.	0.	0.222222	
Time	FPS	Frame	0	461	566	566	461	0.21494	6.33316e-003	0.	8.30711	45.1863	0.	0.509041	0.860742	0.	0.	0.222222	
Time	FPS	Frame	0	466	571	571	465	0.216357	6.39001e-003	0.	8.42023	45.3775	0.	0.509041	0.860742	0.	0.	0.222222	
Time	FPS	Frame	0	471	576	576	470	0.217781	6.31115e-003	0.	8.53335	45.5688	0.	0.509041	0.860742	0.	0.	0.222222	
Time	FPS	Frame	0	476	581	581	475	0.219173	6.27998e-003	0.	8.64647	45.7601	0.	0.509041	0.860742	0.	0.	0.222222	
Time	FPS	Frame	0	481	586	586	480	0.214207	3.80743e-003	0.	8.76399	45.9463	0.	0.511168	0.859481	0.	0.	0.222222	
Time	FPS	Frame	0	485	591	591	485	0.208703	1.38806e-003	0.	8.88197	46.1322	0.	0.513292	0.858214	0.	0.	0.222222	
Time	FPS	Frame	0	490	596	596	490	0.202666	1.05332e-003	0.	9.0004	46.3179	0.	0.515412	0.856942	0.	0.	0.222222	
Time	FPS	Frame	0	495	601	601	495	0.196082	3.49927e-003	0.	9.1193	46.5032	0.	0.517529	0.855665	0.	0.	0.222222	
Time	FPS	Frame	0	500	606	606	500	0.188951	5.96724e-003	0.	9.23866	46.6883	0.	0.519643	0.854383	0.	0.	0.222222	
Time	FPS	Frame	0	505	610	611	505	0.181268	8.46638e-003	0.	9.35847	46.873	0.	0.521754	0.853096	0.	0.	0.222222	
Time	FPS	Frame	0	510	615	616	510	0.173041	1.09573e-002	0.	9.47874	47.0575	0.	0.523862	0.851803	0.	0.	0.222222	
Time	FPS	Frame	0	515	620	621	515	0.164267	1.34592e-002	0.	9.59946	47.2417	0.	0.525967	0.850505	0.	0.	0.222222	
Time	FPS	Frame	0	520	625	626	520	0.154946	1.58978e-002	0.	9.72064	47.4255	0.	0.528068	0.849202	0.	0.	0.222222	
Time	FPS	Frame	0	525	630	631	525	0.145095	1.83043e-002	0.	9.84227	47.6091	0.	0.530166	0.847894	0.	0.	0.222222	
Time	FPS	Frame	0	529	635	636	530	0.134709	2.08163e-002	0.	9.96436	47.7924	0.	0.532261	0.84658	0.	0.	0.222222	
Time	FPS	Frame	0	534	640	641	535	0.123756	2.33549e-002	0.	10.0869	47.9753	0.	0.534352	0.845262	0.	0.	0.222222	
Time	FPS	Frame	0	539	645	645	540	0.112252	2.58366e-002	0.	10.2099	48.158	0.	0.536441	0.843938	0.	0.	0.222222	
Time	FPS	Frame	0	544	650	650	545	0.100217	2.8278e-002	0.	10.3333	48.3403	0.	0.538526	0.842609	0.	0.	0.222222	
Time	FPS	Frame	0	549	655	655	550	8.76509e-002	3.07725e-002	0.	10.4572	48.5224	0.	0.540607	0.841275	0.	0.	0.222222	
Time	FPS	Frame	0	554	659	660	555	7.45256e-002	3.31836e-002	0.	10.5816	48.7041	0.	0.542686	0.839936	0.	0.	0.222222	
Time	FPS	Frame	0	559	664	665	560	6.08782e-002	3.57433e-002	0.	10.7064	48.8855	0.	0.544761	0.838591	0.	0.	0.222222	
Time	FPS	Frame	0	564	669	670	565	4.66505e-002	3.81507e-002	0.	10.8316	49.0667	0.	0.546833	0.837242	0.	0.	0.222222	
Time	FPS	Frame	0	569	674	675	570	3.19155e-002	4.06279e-002	0.	10.9573	49.2475	0.	0.548901	0.835887	0.	0.	0.222222	
Time	FPS	Frame	0	573	679	680	575	1.66232e-002	4.31169e-002	0.	11.0834	49.428	0.	0.550966	0.834527	0.	0.	0.222222	
Time	FPS	Frame	0	578	684	685	580	7.82915e-004	4.56335e-002	0.	11.21	49.6082	0.	0.553028	0.833163	0.	0.	0.222222	
Time	FPS	Frame	0	583	689	690	585	1.5605e-002	4.80052e-002	0.	11.337	49.788	0.	0.555086	0.831793	0.	0.	0.222222	
Time	FPS	Frame	0	588	694	695	590	3.2505e-002	5.05309e-002	0.	11.4645	49.9676	0.	0.557141	0.830418	0.	0.	0.222222	
Time	FPS	Frame	0	593	699	700	595	4.9981e-002	5.29594e-002	0.	11.5924	50.1468	0.	0.559193	0.829038	0.	0.	0.222222	
Time	FPS	Frame	0	598	704	705	600	6.79782e-002	5.5432e-002	0.	11.7208	50.3258	0.	0.561241	0.827652	0.	0.	0.222222	
Time	FPS	Frame	0	603	709	710	605	8.65294e-002	5.79706e-002	0.	11.8496	50.5044	0.	0.563286	0.826262	0.	0.	0.222222	
Time	FPS	Frame	0	608	714	714	610	0.105636	6.04431e-002	0.	11.9788	50.6827	0.	0.565327	0.824867	0.	0.	0.222222	
Time	FPS	Frame	0	613	719	719	615	0.12527	6.28845e-002	0.	12.1085	50.8606	0.	0.567365	0.823467	0.	0.	0.222222	
Time	FPS	Frame	0	617	724	724	620	0.145442	6.5313e-002	0.	12.2386	51.0383	0.	0.569399	0.822061	0.	0.	0.222222	
Time	FPS	Frame	0	622	729	729	625	0.166149	6.77947e-002	0.	12.3692	51.2156	0.	0.57143	0.820651	0.	0.	0.222222	
Time	FPS	Frame	0	627	734	734	630	0.193606	7.27875e-002	0.	12.5042	51.3872	0.	0.575481	0.817815	0.	0.	0.222222	
Time	FPS	Frame	0	632	739	739	635	0.222142	7.7729e-002	0.	12.64	51.5582	0.	0.579518	0.814959	0.	0.	0.222222	
Time	FPS	Frame	0	637	744	744	640	0.257897	8.51154e-002	0.	12.7806	51.7231	0.	0.585547	0.810638	0.	0.	0.222222	
Time	FPS	Frame	0	641	748	748	645	0.295231	9.26046e-002	0.	12.9224	51.8869	0.	0.591544	0.806273	0.	0.	0.222222	
Time	FPS	Frame	0	646	753	753	650	0.340285	0.102354	0.	13.0693	52.0441	0.	0.599489	0.800383	0.	0.	0.222222	
Time	FPS	Frame	0	651	757	757	654	0.387374	0.112348	0.	13.2178	52.1999	0.	0.607376	0.794415	0.	0.	0.222222	
Time	FPS	Frame	0	655	762	762	659	0.44264	0.124654	0.	13.3714	52.3487	0.	0.61715	0.786845	0.	0.	0.222222	
Time	FPS	Frame	0	660	766	766	664	0.500426	0.136966	0.	13.527	52.4955	0.	0.62683	0.779156	0.	0.	0.222222	
Time	FPS	Frame	0	664	770	771	669	0.560753	0.148251	0.	13.6843	52.6405	0.	0.636415	0.771347	0.	0.	0.222222	
Time	FPS	Frame	0	669	774	775	674	0.623324	0.156961	0.	13.8434	52.7834	0.	0.645902	0.76342	0.	0.	0.222222	
Time	FPS	Frame	0	673	778	779	679	0.687471	0.163425	0.	14.0042	52.9244	0.	0.65529	0.755377	0.	0.	0.222222	
Time	FPS	Frame	0	678	782	783	684	0.752847	0.167441	0.	14.1668	53.0634	0.	0.664579	0.747218	0.	0.	0.222222	
Time	FPS	Frame	0	682	786	787	689	0.819009	0.171533	0.	14.3311	53.2003	0.	0.673765	0.738946	0.	0.	0.222222	
Time	FPS	Frame	0	687	789	791	694	0.885956	0.171757	0.	14.497	53.3353	0.	0.682849	0.73056	0.	0.	0.222222	
Time	FPS	Frame	0	691	793	794	698	0.952703	0.173074	0.	14.6646	53.4681	0.	0.691828	0.722062	0.	0.	0.222222	
Time	FPS	Frame	0	696	796	798	703	1.01971	0.170098	0.	14.8339	53.5989	0.	0.700702	0.713454	0.	0.	0.222222	
Time	FPS	Frame	0	700	800	801	708	1.08579	0.169054	0.	15.0047	53.7276	0.	0.709468	0.704737	0.	0.	0.222222	
Time	FPS	Frame	0	705	803	805	713	1.15173	0.163414	0.	15.1772	53.8541	0.	0.718126	0.695913	0.	0.	0.222222	
Time	FPS	Frame	0	709	807	808	718	1.21618	0.16055	0.	15.3512	53.9785	0.	0.726675	0.686982	0.	0.	0.222222	
Time	FPS	Frame	0	714	810	812	723	1.28023	0.156994	0.	15.5267	54.1008	0.	0.735112	0.677946	0.	0.	0.222222	
Time	FPS	Frame	0	718	813	815	728	1.34319	0.153154	0.	15.7037	54.2208	0.	0.743437	0.668806	0.	0.	0.222222	
Time	FPS	Frame	0	723	816	818	732	1.40503	0.148745	0.	15.8821	54.3387	0.	0.751648	0.659564	0.	0.	0.222222	
Time	FPS	Frame	0	728	819	821	737	1.46563	0.144178	0.	16.062	54.4544	0.	0.759744	0.650222	0.	0.	0.222222	
Time	FPS	Frame	0	733	822	824	742	1.49519	0.126981	0.	16.2309	54.5989	0.	0.759744	0.650222	0.	0.	0.222222	
Time	FPS	Frame	0	738	825	827	746	1.52051	0.10966	0.	16.3997	54.7434	0.	0.759744	0.650222	0.	0.	0.222222	
Time	FPS	Frame	0	743	828	830	751	1.54165	9.23992e-002	0.	16.5685	54.8878	0.	0.759744	0.650222	0.	0.	0.222222	
Time	FPS	Frame	0	747	832	833	756	1.55873	7.52197e-002	0.	16.7374	55.0323	0.	0.759744	0.650222	0.	0.	0.222222	
Time	FPS	Frame	0	752	834	836	760	1.57188	5.82174e-002	0.	16.9062	55.1768	0.	0.759744	0.650222	0.	0.	0.222222	
Time	FPS	Frame	0	757	837	838	765	1.58126	4.55501e-002	0.	17.075	55.3213	0.	0.759744	0.650222	0.	0.	0.222222	
Time	FPS	Frame	0	762	840	841	769	1.58842	2.89633e-002	0.	17.2439	55.4658	0.	0.759744	0.650222	0.	0.	0.222222	
Time	FPS	Frame	0	767	843	843	773	1.59071	1.67469e-002	0.	17.4127	55.6103	0.	0.759744	0.650222	0.	0.	0.222222	
Time	FPS	Frame	0	771	846	846	777	1.59121	6.82343e-004	0.	17.5815	55.7548	0.	0.759744	0.650222	0.	0.	0.222222	
Time	FPS	Frame	0	776	848	848	781	1.58705	1.11051e-002	0.	17.7504	55.8993	0.	0.759744	0.650222	0.	0.	0.222222	
Time	FPS	Frame	0	780	851	851	785	1.58145	2.25881e-002	0.	17.9192	56.0438	0.	0.759744	0.650222	0.	0.	0.222222	
Time	FPS	Frame	0	784	853	853	789	1.5731	3.39724e-002	0.	18.088	56.1883	0.	0.759744	0.650222	0.	0.	0.222222	
Time	FPS	Frame	0	789	856	856	793	1.56203	4.50464e-002	0.	18.2569	56.3328	0.	0.759744	0.650222	0.	0.	0.222222	
Time	FPS	Frame	0	793	858	858	797	1.54848	5.59353e-002	0.	18.4257	56.4773	0.	0.759744	0.650222	0.	0.	0.222222	
Time	FPS	Frame	0	797	861	860	800	1.5325	6.64542e-002	0.	18.5945	56.6218	0.	0.759744	0.650222	0.	0.	0.222222	
Time	FPS	Frame	0	800	863	862	804	1.52081	7.42796e-002	0.	18.7659	56.7601	0.	0.76135	0.648341	0.	0.	0.222222	
Time	FPS	Frame	0	804	865	864	807	1.50755	8.19245e-002	0.	18.9376	56.8979	0.	0.76295	0.646457	0.	0.	0.222222	
Time	FPS	Frame	0	808	867	867	811	1.49283	8.92315e-002	0.	19.1096	57.0354	0.	0.764547	0.644569	0.	0.	0.222222	
Time	FPS	Frame	0	811	869	869	814	1.47683	9.31176e-002	0.	19.282	57.1724	0.	0.766138	0.642676	0.	0.	0.222222	
Time	FPS	Frame	0	815	871	871	817	1.46084	0.100033	0.	19.4548	57.309	0.	0.767725	0.64078	0.	0.	0.222222	
Time	FPS	Frame	0	818	873	873	820	1.44239	0.103617	0.	19.6278	57.4451	0.	0.769307	0.63888	0.	0.	0.222222	
Time	FPS	Frame	0	821	875	875	824	1.42413	0.110089	0.	19.8012	57.5809	0.	0.770884	0.636976	0.	0.	0.222222	
Time	FPS	Frame	0	824	877	877	827	1.40362	0.11346	0.	19.9749	57.7162	0.	0.772457	0.635068	0.	0.	0.222222	
Time	FPS	Frame	0	827	879	878	829	1.38334	0.116683	0.	20.149	57.8511	0.	0.774024	0.633156	0.	0.	0.222222	
Time	FPS	Frame	0	830	881	880	832	1.36222	0.122646	0.	20.3234	57.9855	0.	0.775588	0.63124	0.	0.	0.222222	
Time	FPS	Frame	0	833	883	882	835	1.33907	0.125704	0.	20.4981	58.1195	0.	0.777146	0.62932	0.	0.	0.222222	
Time	FPS	Frame	0	836	885	884	838	1.31626	0.128807	0.	20.6732	58.2531	0.	0.7787	0.627397	0.	0.	0.222222	
Time	FPS	Frame	0	839	887	886	840	1.29264	0.131878	0.	20.8486	58.3863	0.	0.780249	0.62547	0.	0.	0.222222	
Time	FPS	Frame	0	842	888	887	843	1.26828	0.137653	0.	21.0243	58.519	0.	0.781793	0.623539	0.	0.	0.222222	
Time	FPS	Frame	0	844	890	889	846	1.24214	0.140643	0.	21.2003	58.6512	0.	0.783332	0.621604	0.	0.	0.222222	
Time	FPS	Frame	0	847	892	891	848	1.21635	0.143562	0.	21.3767	58.7831	0.	0.784867	0.619665	0.	0.	0.222222	
Time	FPS	Frame	0	850	894	893	851	1.18994	0.146445	0.	21.5534	58.9145	0.	0.786396	0.617722	0.	0.	0.222222	
Time	FPS	Frame	0	852	895	894	853	1.1629	0.149257	0.	21.7304	59.0455	0.	0.787921	0.615776	0.	0.	0.222222	
Time	FPS	Frame	0	855	897	896	855	1.1353	0.152154	0.	21.9078	59.176	0.	0.789441	0.613826	0.	0.	0.222222	
Time	FPS	Frame	0	857	898	897	858	1.1071	0.154858	0.	22.0855	59.3061	0.	0.790957	0.611872	0.	0.	0.222222	
Time	FPS	Frame	0	859	900	899	860	1.07844	0.154919	0.	22.2634	59.4357	0.	0.792467	0.609915	0.	0.	0.222222	
Time	FPS	Frame	0	862	902	900	862	1.05016	0.157597	0.	22.4418	59.565	0.	0.793973	0.607953	0.	0.	0.222222	
Time	FPS	Frame	0	864	903	902	864	1.02048	0.160235	0.	22.6204	59.6937	0.	0.795473	0.605988	0.	0.	0.222222	
Time	FPS	Frame	0	866	905	903	866	0.990377	0.162731	0.	22.7993	59.822	0.	0.796969	0.60402	0.	0.	0.222222	
Time	FPS	Frame	0	868	906	905	868	0.959911	0.165277	0.	22.9786	59.9499	0.	0.79846	0.602047	0.	0.	0.222222	
Time	FPS	Frame	0	870	908	906	870	0.929055	0.16527	0.	23.1582	60.0774	0.	0.799947	0.600071	0.	0.	0.222222	
Time	FPS	Frame	0	872	909	908	872	0.898606	0.167703	0.	23.3381	60.2044	0.	0.801428	0.598091	0.	0.	0.222222	
Time	FPS	Frame	0	874	910	909	874	0.867019	0.170013	0.	23.5183	60.3309	0.	0.802904	0.596108	0.	0.	0.222222	
Time	FPS	Frame	0	876	912	911	876	0.835182	0.169911	0.	23.6988	60.457	0.	0.804376	0.594121	0.	0.	0.222222	
Time	FPS	Frame	0	878	913	912	878	0.803764	0.172171	0.	23.8796	60.5827	0.	0.805842	0.59213	0.	0.	0.222222	
Time	FPS	Frame	0	880	915	913	880	0.777949	0.169593	0.	24.0628	60.7015	0.	0.80876	0.588138	0.	0.	0.222222	
Time	FPS	Frame	0	882	916	915	882	0.75317	0.169251	0.	24.2466	60.8195	0.	0.811659	0.584132	0.	0.	0.222222	
Time	FPS	Frame	0	884	917	916	884	0.73457	0.166392	0.	24.4329	60.9301	0.	0.815969	0.578095	0.	0.	0.222222	
Time	FPS	Frame	0	886	919	918	885	0.716909	0.16129	0.	24.62	61.0393	0.	0.820235	0.572027	0.	0.	0.222222	
Time	FPS	Frame	0	887	920	919	887	0.707309	0.153606	0.	24.8099	61.1407	0.	0.825852	0.563886	0.	0.	0.222222	
Time	FPS	Frame	0	889	921	920	889	0.699228	0.148179	0.	25.0007	61.2402	0.	0.831389	0.555691	0.	0.	0.222222	
Time	FPS	Frame	0	890	922	921	891	0.698438	0.138048	0.	25.1941	61.3314	0.	0.838195	0.545371	0.	0.	0.222222	
Time	FPS	Frame	0	892	924	923	892	0.700315	0.130022	0.	25.3887	61.4201	0.	0.844873	0.534967	0.	0.	0.222222	
Time	FPS	Frame	0	894	925	924	894	0.703556	0.119762	0.	25.5844	61.5065	0.	0.851422	0.524481	0.	0.	0.222222	
Time	FPS	Frame	0	895	926	925	896	0.709438	0.111654	0.	25.7812	61.5904	0.	0.857841	0.513916	0.	0.	0.222222	
Time	FPS	Frame	0	897	927	927	897	0.716771	0.101445	0.	25.9789	61.6719	0.	0.864128	0.503271	0.	0.	0.222222	
Time	FPS	Frame	0	898	928	928	899	0.726655	9.11425e-002	0.	26.1777	61.7509	0.	0.870284	0.49255	0.	0.	0.222222	
Time	FPS	Frame	0	900	929	929	900	0.738641	8.08611e-002	0.	26.3774	61.8275	0.	0.876307	0.481754	0.	0.	0.222222	
Time	FPS	Frame	0	901	930	930	902	0.752709	7.25891e-002	0.	26.578	61.9016	0.	0.882195	0.470884	0.	0.	0.222222	
Time	FPS	Frame	0	902	932	931	903	0.768214	6.2242e-002	0.	26.7796	61.9732	0.	0.887949	0.459942	0.	0.	0.222222	
Time	FPS	Frame	0	904	933	933	905	0.786401	5.1933e-002	0.	26.982	62.0423	0.	0.893567	0.448929	0.	0.	0.222222	
Time	FPS	Frame	0	905	934	934	906	0.806682	4.35539e-002	0.	27.1852	62.1089	0.	0.899049	0.437848	0.	0.	0.222222	
Time	FPS	Frame	0	907	935	935	908	0.82851	3.31277e-002	0.	27.3893	62.173	0.	0.904393	0.4267	0.	0.	0.222222	
Time	FPS	Frame	0	908	936	936	909	0.852977	2.26645e-002	0.	27.5941	62.2345	0.	0.909599	0.415487	0.	0.	0.222222	
Time	FPS	Frame	0	909	937	937	911	0.879595	1.23085e-002	0.	27.7997	62.2935	0.	0.914666	0.404211	0.	0.	0.222222	
Time	FPS	Frame	0	911	938	938	912	0.908315	1.77695e-003	0.	28.006	62.35	0.	0.919593	0.392872	0.	0.	0.222222	
Time	FPS	Frame	0	912	939	939	913	0.939234	6.73565e-003	0.	28.213	62.4039	0.	0.92438	0.381474	0.	0.	0.222222	
Time	FPS	Frame	0	913	940	940	915	0.971671	1.72592e-002	0.	28.4206	62.4553	0.	0.929025	0.370017	0.	0.	0.222222	
Time	FPS	Frame	0	915	941	942	916	1.00682	2.77321e-002	0.	28.6288	62.5041	0.	0.933528	0.358504	0.	0.	0.222222	
Time	FPS	Frame	0	916	942	943	917	1.04411	3.82596e-002	0.	28.8377	62.5503	0.	0.937889	0.346936	0.	0.	0.222222	
Time	FPS	Frame	0	917	943	944	919	1.05227	3.6416e-002	0.	29.0461	62.6274	0.	0.937889	0.346936	0.	0.	0.222222	
Time	FPS	Frame	0	919	944	945	920	1.05995	3.46133e-002	0.	29.2545	62.7045	0.	0.937889	0.346936	0.	0.	0.222222	
Time	FPS	Frame	0	920	945	946	921	1.06717	3.10437e-002	0.	29.4629	62.7816	0.	0.937889	0.346936	0.	0.	0.222222	
Time	FPS	Frame	0	921	946	947	923	1.07335	2.92791e-002	0.	29.6714	62.8587	0.	0.937889	0.346936	0.	0.	0.222222	
Time	FPS	Frame	0	923	947	948	924	1.07961	2.74777e-002	0.	29.8798	62.9357	0.	0.937889	0.346936	0.	0.	0.222222	
Time	FPS	Frame	0	924	948	949	925	1.08542	2.57573e-002	0.	30.0882	63.0128	0.	0.937889	0.346936	0.	0.	0.222222	
Time	FPS	Frame	0	925	950	950	926	1.09081	2.40377e-002	0.	30.2966	63.0899	0.	0.937889	0.346936	0.	0.	0.222222	
Time	FPS	Frame	0	926	951	951	928	1.09577	2.22716e-002	0.	30.505	63.167	0.	0.937889	0.346936	0.	0.	0.222222	
Time	FPS	Frame	0	928	952	952	929	1.10028	1.89184e-002	0.	30.7135	63.2441	0.	0.937889	0.346936	0.	0.	0.222222	
Time	FPS	Frame	0	929	953	953	930	1.10391	1.72442e-002	0.	30.9219	63.3212	0.	0.937889	0.346936	0.	0.	0.222222	
Time	FPS	Frame	0	930	954	954	931	1.10759	1.55936e-002	0.	31.1303	63.3983	0.	0.937889	0.346936	0.	0.	0.222222	
Time	FPS	Frame	0	931	955	955	932	1.11087	1.39169e-002	0.	31.3387	63.4754	0.	0.937889	0.346936	0.	0.	0.222222	
Time	FPS	Frame	0	933	956	956	933	1.11375	1.23233e-002	0.	31.5471	63.5525	0.	0.937889	0.346936	0.	0.	0.222222	
Time	FPS	Frame	0	934	957	957	935	1.11627	1.06576e-002	0.	31.7556	63.6296	0.	0.937889	0.346936	0.	0.	0.222222	
Time	FPS	Frame	0	935	958	958	936	1.11838	9.05968e-003	0.	31.964	63.7067	0.	0.937889	0.346936	0.	0.	0.222222	
Time	FPS	Frame	0	936	959	959	937	1.12012	7.46727e-003	0.	32.1724	63.7838	0.	0.937889	0.346936	0.	0.	0.222222	
Time	FPS	Frame	0	937	960	960	938	1.1215	5.88117e-003	0.	32.3808	63.8609	0.	0.937889	0.346936	0.	0.	0.222222	
Time	FPS	Frame	0	938	960	961	939	1.12885	6.84138e-003	0.	32.5895	63.9313	0.	0.938744	0.344616	0.	0.	0.222222	
Time	FPS	Frame	0	939	961	962	940	1.13642	7.69054e-003	0.	32.7983	64.0012	0.	0.939593	0.342293	0.	0.	0.222222	
Time	FPS	Frame	0	941	962	963	941	1.14416	8.64848e-003	0.	33.0073	64.0706	0.	0.940437	0.339969	0.	0.	0.222222	
Time	FPS	Frame	0	942	963	963	942	1.15212	9.56071e-003	0.	33.2164	64.1394	0.	0.941274	0.337643	0.	0.	0.222222	
Time	FPS	Frame	0	943	964	964	943	1.16028	1.05415e-002	0.	33.4258	64.2078	0.	0.942106	0.335315	0.	0.	0.222222	
Time	FPS	Frame	0	944	965	965	945	1.16866	1.15095e-002	0.	33.6353	64.2756	0.	0.942932	0.332984	0.	0.	0.222222	
Time	FPS	Frame	0	945	966	966	946	1.17727	1.2485e-002	0.	33.8449	64.3429	0.	0.943753	0.330652	0.	0.	0.222222	
Time	FPS	Frame	0	946	967	967	947	1.1861	1.34779e-002	0.	34.0548	64.4097	0.	0.944568	0.328317	0.	0.	0.222222	
Time	FPS	Frame	0	947	968	968	948	1.19516	1.44782e-002	0.	34.2648	64.4759	0.	0.945376	0.325981	0.	0.	0.222222	
Time	FPS	Frame	0	948	969	969	949	1.20446	1.549e-002	0.	34.4749	64.5417	0.	0.94618	0.323642	0.	0.	0.222222	
Time	FPS	Frame	0	949	970	970	950	1.21399	1.64981e-002	0.	34.6853	64.6069	0.	0.946977	0.321302	0.	0.	0.222222	
Time	FPS	Frame	0	950	970	971	951	1.22377	1.75624e-002	0.	34.8957	64.6716	0.	0.947768	0.318959	0.	0.	0.222222	
Time	FPS	Frame	0	951	971	971	952	1.22749	1.61451e-002	0.	35.1064	64.7425	0.	0.947768	0.318959	0.	0.	0.222222	
Time	FPS	Frame	0	952	972	972	953	1.23092	1.47139e-002	0.	35.317	64.8133	0.	0.947768	0.318959	0.	0.	0.222222	
Time	FPS	Frame	0	953	973	973	954	1.23405	1.33521e-002	0.	35.5276	64.8842	0.	0.947768	0.318959	0.	0.	0.222222	
Time	FPS	Frame	0	954	974	974	955	1.2369	1.19208e-002	0.	35.7382	64.9551	0.	0.947768	0.318959	0.	0.	0.222222	
Time	FPS	Frame	0	955	975	975	956	1.23947	1.05515e-002	0.	35.9488	65.026	0.	0.947768	0.318959	0.	0.	0.222222	
Time	FPS	Frame	0	956	976	976	957	1.24176	1.05515e-002	0.	36.1594	65.0969	0.	0.947768	0.318959	0.	0.	0.222222	
Time	FPS	Frame	0	957	976	977	958	1.2441	9.20457e-003	0.	36.3701	65.1677	0.	0.947768	0.318959	0.	0.	0.222222	
Time	FPS	Frame	0	958	977	977	959	1.24583	7.84145e-003	0.	36.5807	65.2386	0.	0.947768	0.318959	0.	0.	0.222222	
Time	FPS	Frame	0	959	978	978	960	1.24728	6.48176e-003	0.	36.7913	65.3095	0.	0.947768	0.318959	0.	0.	0.222222	
Time	FPS	Frame	0	960	979	979	961	1.24847	5.14658e-003	0.	37.0019	65.3804	0.	0.947768	0.318959	0.	0.	0.222222	
Time	FPS	Frame	0	961	980	980	961	1.24941	3.84291e-003	0.	37.2125	65.4513	0.	0.947768	0.318959	0.	0.	0.222222	
Time	FPS	Frame	0	962	981	981	962	1.2501	2.535e-003	0.	37.4231	65.5221	0.	0.947768	0.318959	0.	0.	0.222222	
Time	FPS	Frame	0	963	981	981	963	1.25054	1.21852e-003	0.	37.6337	65.593	0.	0.947768	0.318959	0.	0.	0.222222	
Time	FPS	Frame	0	964	982	982	964	1.25074	1.21852e-003	0.	37.8444	65.6639	0.	0.947768	0.318959	0.	0.	0.222222	
Time	FPS	Frame	0	965	983	983	965	1.25101	5.33383e-005	0.	38.055	65.7348	0.	0.947768	0.318959	0.	0.	0.222222	
Time	FPS	Frame	0	966	984	984	966	1.25069	1.3522e-003	0.	38.2656	65.8057	0.	0.947768	0.318959	0.	0.	0.222222	
Time	FPS	Frame	0	967	985	985	967	1.25013	2.62969e-003	0.	38.4762	65.8765	0.	0.947768	0.318959	0.	0.	0.222222	
Time	FPS	Frame	0	968	985	985	968	1.24934	3.85479e-003	0.	38.6868	65.9474	0.	0.947768	0.318959	0.	0.	0.222222	
Time	FPS	Frame	0	968	986	986	969	1.24834	5.08857e-003	0.	38.8974	66.0183	0.	0.947768	0.318959	0.	0.	0.222222	
Time	FPS	Frame	0	969	987	987	970	1.24077	8.84114e-003	0.	39.104	66.0945	0.	0.946977	0.321302	0.	0.	0.222222	
Time	FPS	Frame	0	970	988	988	970	1.23244	1.13137e-002	0.	39.3104	66.1713	0.	0.94618	0.323642	0.	0.	0.222222	
Time	FPS	Frame	0	971	989	988	971	1.22359	1.50168e-002	0.	39.5166	66.2485	0.	0.945376	0.325981	0.	0.	0.222222	
Time	FPS	Frame	0	972	989	989	972	1.21369	1.8706e-002	0.	39.7226	66.3263	0.	0.944568	0.328317	0.	0.	0.222222	
Time	FPS	Frame	0	973	990	990	973	1.20305	2.23601e-002	0.	39.9285	66.4046	0.	0.943753	0.330652	0.	0.	0.222222	
Time	FPS	Frame	0	974	991	991	974	1.19167	2.6053e-002	0.	40.1341	66.4833	0.	0.942932	0.332984	0.	0.	0.222222	
Time	FPS	Frame	0	975	992	991	975	1.17955	2.85256e-002	0.	40.3395	66.5626	0.	0.942106	0.335315	0.	0.	0.222222	
Time	FPS	Frame	0	975	992	992	975	1.16692	3.22155e-002	0.	40.5448	66.6424	0.	0.941274	0.337643	0.	0.	0.222222	
Time	FPS	Frame	0	976	993	993	976	1.15953	3.3366e-002	0.	40.7539	66.7175	0.	0.941274	0.337643	0.	0.	0.222222	
Time	FPS	Frame	0	977	994	994	977	1.15197	3.45253e-002	0.	40.9631	66.7925	0.	0.941274	0.337643	0.	0.	0.222222	
Time	FPS	Frame	0	978	995	994	978	1.14422	3.45253e-002	0.	41.1723	66.8675	0.	0.941274	0.337643	0.	0.	0.222222	
Time	FPS	Frame	0	979	995	995	979	1.13655	3.57114e-002	0.	41.3815	66.9426	0.	0.941274	0.337643	0.	0.	0.222222	
Time	FPS	Frame	0	980	996	996	980	1.12835	3.6876e-002	0.	41.5906	67.0176	0.	0.941274	0.337643	0.	0.	0.222222	
Time	FPS	Frame	0	980	997	997	980	1.11997	3.79823e-002	0.	41.7998	67.0926	0.	0.941274	0.337643	0.	0.	0.222222	
Time	FPS	Frame	0	981	997	997	981	1.11143	3.91377e-002	0.	42.009	67.1677	0.	0.941274	0.337643	0.	0.	0.222222	
Time	FPS	Frame	0	982	998	998	982	1.10271	3.91377e-002	0.	42.2181	67.2427	0.	0.941274	0.337643	0.	0.	0.222222	
Time	FPS	Frame	0	983	999	999	983	1.09402	4.02523e-002	0.	42.4273	67.3177	0.	0.941274	0.337643	0.	0.	0.222222	
Time	FPS	Frame	0	984	1	999	984	1.08488	4.13414e-002	0.	42.6365	67.3927	0.	0.941274	0.337643	0.	0.	0.222222	
Time	FPS	Frame	0	985	1	1	984	1.07559	4.24985e-002	0.	42.8457	67.4678	0.	0.941274	0.337643	0.	0.	0.222222	
Time	FPS	Frame	0	985	1	1	985	1.06613	4.24985e-002	0.	43.0548	67.5428	0.	0.941274	0.337643	0.	0.	0.222222	
Time	FPS	Frame	0	986	2	2	986	1.05669	4.35741e-002	0.	43.264	67.6178	0.	0.941274	0.337643	0.	0.	0.222222	
Time	FPS	Frame	0	987	2	2	987	1.04683	4.4676e-002	0.	43.4732	67.6929	0.	0.941274	0.337643	0.	0.	0.222222	
Time	FPS	Frame	0	988	3	3	987	1.03681	4.4676e-002	0.	43.6824	67.7679	0.	0.941274	0.337643	0.	0.	0.222222	
Time	FPS	Frame	0	988	3	3	988	1.02688	4.5747e-002	0.	43.8915	67.8429	0.	0.941274	0.337643	0.	0.	0.222222	
Time	FPS	Frame	0	989	4	4	989	1.01648	4.68519e-002	0.	44.1007	67.918	0.	0.941274	0.337643	0.	0.	0.222222	
Time	FPS	Frame	0	990	4	4	990	1.00592	4.78705e-002	0.	44.3099	67.993	0.	0.941274	0.337643	0.	0.	0.222222	
Time	FPS	Frame	0	991	5	4	991	0.995235	4.78705e-002	0.	44.519	68.068	0.	0.941274	0.337643	0.	0.	0.222222	
Time	FPS	Frame	0	991	5	5	991	0.984602	4.89678e-002	0.	44.7282	68.1431	0.	0.941274	0.337643	0.	0.	0.222222	
Time	FPS	Frame	0	992	6	5	992	0.973522	5.02474e-002	0.	44.9374	68.2181	0.	0.941274	0.337643	0.	0.	0.222222	
Time	FPS	Frame	0	993	6	6	993	0.962242	5.02474e-002	0.	45.1466	68.2931	0.	0.941274	0.337643	0.	0.	0.222222	
Time	FPS	Frame	0	994	6	6	994	0.951081	5.1813e-002	0.	45.3557	68.3682	0.	0.941274	0.337643	0.	0.	0.222222	
Time	FPS	Frame	0	994	7	7	994	0.939525	5.1813e-002	0.	45.5649	68.4432	0.	0.941274	0.337643	0.	0.	0.222222	
Time	FPS	Frame	0	995	7	7	995	0.928016	5.1813e-002	0.	45.7741	68.5182	0.	0.941274	0.337643	0.	0.	0.222222	
Time	FPS	Frame	0	996	8	8	996	0.916507	5.33855e-002	0.	45.9832	68.5933	0.	0.941274	0.337643	0.	0.	0.222222	
Time	FPS	Frame	0	997	8	8	996	0.904342	5.33855e-002	0.	46.1924	68.6683	0.	0.941274	0.337643	0.	0.	0.222222	
Time	FPS	Frame	0	997	9	9	997	0.892485	5.49742e-002	0.	46.4016	68.7433	0.	0.941274	0.337643	0.	0.	0.222222	
Time	FPS	Frame	0	998	9	9	998	0.880045	5.49742e-002	0.	46.6108	68.8184	0.	0.941274	0.337643	0.	0.	0.222222	
Time	FPS	Frame	0	999	10	10	999	0.867835	5.65878e-002	0.	46.8199	68.8934	0.	0.941274	0.337643	0.	0.	0.222222	
Time	FPS	Frame	0	1	10	10	999	0.855107	5.65878e-002	0.	47.0291	68.9684	0.	0.941274	0.337643	0.	0.	0.222222	
Time	FPS	Frame	0	1	11	11	1	0.842539	5.81534e-002	0.	47.2383	69.0434	0.	0.941274	0.337643	0.	0.	0.222222	
Time	FPS	Frame	0	1	11	11	1	0.829531	5.81534e-002	0.	47.4475	69.1185	0.	0.941274	0.337643	0.	0.	0.222222	
Time	FPS	Frame	0	2	12	12	2	0.816615	5.97594e-002	0.	47.6566	69.1935	0.	0.941274	0.337643	0.	0.	0.222222	
Time	FPS	Frame	0	2	12	12	2	0.803304	5.97594e-002	0.	47.8658	69.2685	0.	0.941274	0.337643	0.	0.	0.222222	
Time	FPS	Frame	0	3	13	13	3	0.790032	5.97594e-002	0.	48.075	69.3436	0.	0.941274	0.337643	0.	0.	0.222222	
Time	FPS	Frame	0	3	13	13	3	0.77676	6.13944e-002	0.	48.2841	69.4186	0.	0.941274	0.337643	0.	0.	0.222222	
Time	FPS	Frame	0	4	14	14	3	0.76277	6.13944e-002	0.	48.4933	69.4936	0.	0.941274	0.337643	0.	0.	0.222222	
Time	FPS	Frame	0	4	14	14	4	0.749135	6.3011e-002	0.	48.7025	69.5687	0.	0.941274	0.337643	0.	0.	0.222222	
Time	FPS	Frame	0	5	15	15	4	0.734828	6.3011e-002	0.	48.9117	69.6437	0.	0.941274	0.337643	0.	0.	0.222222	
Time	FPS	Frame	0	5	15	15	5	0.720835	6.46644e-002	0.	49.1208	69.7187	0.	0.941274	0.337643	0.	0.	0.222222	
Time	FPS	Frame	0	5	16	16	5	0.706183	6.46644e-002	0.	49.33	69.7938	0.	0.941274	0.337643	0.	0.	0.222222	
Time	FPS	Frame	0	6	16	16	6	0.691823	6.62929e-002	0.	49.5392	69.8688	0.	0.941274	0.337643	0.	0.	0.222222	
Time	FPS	Frame	0	6	17	17	6	0.676835	6.62929e-002	0.	49.7483	69.9438	0.	0.941274	0.337643	0.	0.	0.222222	
Time	FPS	Frame	0	7	17	17	7	0.662114	6.7941e-002	0.	49.9575	70.0189	0.	0.941274	0.337643	0.	0.	0.222222	
Time	FPS	Frame	0	7	18	18	7	0.64677	6.7941e-002	0.	50.1667	70.0939	0.	0.941274	0.337643	0.	0.	0.222222	
Time	FPS	Frame	0	8	19	18	8	0.631683	6.96185e-002	0.	50.3759	70.1689	0.	0.941274	0.337643	0.	0.	0.222222	
Time	FPS	Frame	0	8	19	19	8	0.615965	6.96185e-002	0.	50.585	70.244	0.	0.941274	0.337643	0.	0.	0.222222	
Time	FPS	Frame	0	9	20	19	9	0.600507	7.13152e-002	0.	50.7942	70.319	0.	0.941274	0.337643	0.	0.	0.222222	
Time	FPS	Frame	0	9	20	20	9	0.584404	7.13152e-002	0.	51.0034	70.394	0.	0.941274	0.337643	0.	0.	0.222222	
Time	FPS	Frame	0	10	21	20	9	0.568569	7.29374e-002	0.	51.2125	70.469	0.	0.941274	0.337643	0.	0.	0.222222	
Time	FPS	Frame	0	10	21	21	10	0.552105	7.29374e-002	0.	51.4217	70.5441	0.	0.941274	0.337643	0.	0.	0.222222	
Time	FPS	Frame	0	11	22	21	10	0.535911	7.46536e-002	0.	51.6309	70.6191	0.	0.941274	0.337643	0.	0.	0.222222	
Time	FPS	Frame	0	11	22	22	11	0.519026	7.46536e-002	0.	51.8401	70.6941	0.	0.941274	0.337643	0.	0.	0.222222	
Time	FPS	Frame	0	12	23	23	11	0.502452	7.63569e-002	0.	52.0492	70.7692	0.	0.941274	0.337643	0.	0.	0.222222	
Time	FPS	Frame	0	12	24	23	12	0.48516	7.80233e-002	0.	52.2584	70.8442	0.	0.941274	0.337643	0.	0.	0.222222	
Time	FPS	Frame	0	13	24	24	12	0.467835	7.80233e-002	0.	52.4676	70.9192	0.	0.941274	0.337643	0.	0.	0.222222	
Time	FPS	Frame	0	13	25	24	13	0.450514	7.97642e-002	0.	52.6768	70.9943	0.	0.941274	0.337643	0.	0.	0.222222	
Time	FPS	Frame	0	14	25	25	13	0.432753	7.97642e-002	0.	52.8859	71.0693	0.	0.941274	0.337643	0.	0.	0.222222	
Time	FPS	Frame	0	14	26	25	14	0.415047	8.14591e-002	0.	53.0951	71.1443	0.	0.941274	0.337643	0.	0.	0.222222	
Time	FPS	Frame	0	15	26	26	14	0.396854	8.14591e-002	0.	53.3043	71.2194	0.	0.941274	0.337643	0.	0.	0.222222	
Time	FPS	Frame	0	15	27	27	15	0.378772	8.32095e-002	0.	53.5134	71.2944	0.	0.941274	0.337643	0.	0.	0.222222	
Time	FPS	Frame	0	16	28	27	15	0.360119	8.32095e-002	0.	53.7226	71.3694	0.	0.941274	0.337643	0.	0.	0.222222	
Time	FPS	Frame	0	16	28	28	16	0.341649	8.49187e-002	0.	53.9318	71.4445	0.	0.941274	0.337643	0.	0.	0.222222	
Time	FPS	Frame	0	17	29	28	17	0.322547	8.49187e-002	0.	54.141	71.5195	0.	0.941274	0.337643	0.	0.	0.222222	
Time	FPS	Frame	0	17	29	29	17	0.303699	8.66724e-002	0.	54.3501	71.5945	0.	0.941274	0.337643	0.	0.	0.222222	
Time	FPS	Frame	0	18	30	30	18	0.284116	8.84133e-002	0.	54.5593	71.6696	0.	0.941274	0.337643	0.	0.	0.222222	
Time	FPS	Frame	0	18	31	30	18	0.264442	8.84133e-002	0.	54.7685	71.7446	0.	0.941274	0.337643	0.	0.	0.222222	
Time	FPS	Frame	0	19	31	31	19	0.24482	9.01673e-002	0.	54.9776	71.8196	0.	0.941274	0.337643	0.	0.	0.222222	
Time	FPS	Frame	0	20	32	32	19	0.224654	9.01673e-002	0.	55.1868	71.8947	0.	0.941274	0.337643	0.	0.	0.222222	
Time	FPS	Frame	0	20	33	32	20	0.204644	9.19219e-002	0.	55.396	71.9697	0.	0.941274	0.337643	0.	0.	0.222222	
Time	FPS	Frame	0	21	33	33	20	0.183979	9.19219e-002	0.	55.6052	72.0447	0.	0.941274	0.337643	0.	0.	0.222222	
Time	FPS	Frame	0	21	34	33	21	0.163581	9.36797e-002	0.	55.8143	72.1197	0.	0.941274	0.337643	0.	0.	0.222222	
Time	FPS	Frame	0	22	35	34	21	0.142406	9.54627e-002	0.	56.0235	72.1948	0.	0.941274	0.337643	0.	0.	0.222222	
Time	FPS	Frame	0	22	35	35	22	0.121097	9.54627e-002	0.	56.2327	72.2698	0.	0.941274	0.337643	0.	0.	0.222222	
Time	FPS	Frame	0	23	36	35	22	9.9915e-002	9.72111e-002	0.	56.4418	72.3448	0.	0.941274	0.337643	0.	0.	0.222222	
Time	FPS	Frame	0	23	37	36	23	7.80856e-002	9.89934e-002	0.	56.651	72.4199	0.	0.941274	0.337643	0.	0.	0.222222	
Time	FPS	Frame	0	24	37	37	24	6.26396e-002	9.65208e-002	0.	56.8604	72.4882	0.	0.942106	0.335315	0.	0.	0.222222	
Time	FPS	Frame	0	25	38	37	24	4.77548e-002	9.58413e-002	0.	57.0699	72.556	0.	0.942932	0.332984	0.	0.	0.222222	
Time	FPS	Frame	0	25	39	38	25	3.2851e-002	9.33688e-002	0.	57.2795	72.6233	0.	0.943753	0.330652	0.	0.	0.222222	
Time	FPS	Frame	0	26	39	39	25	1.86588e-002	9.27107e-002	0.	57.4894	72.6901	0.	0.944568	0.328317	0.	0.	0.222222	
Time	FPS	Frame	0	26	40	40	26	4.28026e-003	9.19861e-002	0.	57.6994	72.7564	0.	0.945376	0.325981	0.	0.	0.222222	
Time	FPS	Frame	0	27	41	40	27	9.70562e-003	8.95135e-002	0.	57.9095	72.8221	0.	0.94618	0.323642	0.	0.	0.222222	
Time	FPS	Frame	0	27	41	41	27	2.30505e-002	8.88441e-002	0.	58.1198	72.8873	0.	0.946977	0.321302	0.	0.	0.222222	
Time	FPS	Frame	0	28	42	42	28	3.65252e-002	8.81426e-002	0.	58.3303	72.952	0.	0.947768	0.318959	0.	0.	0.222222	
Time	FPS	Frame	0	29	43	43	28	4.96327e-002	8.567e-002	0.	58.541	73.0162	0.	0.948554	0.316615	0.	0.	0.222222	
Time	FPS	Frame	0	29	44	43	29	6.21327e-002	8.5029e-002	0.	58.7518	73.0799	0.	0.949334	0.314269	0.	0.	0.222222	
Time	FPS	Frame	0	30	44	44	30	7.47536e-002	8.4327e-002	0.	58.9627	73.143	0.	0.950108	0.31192	0.	0.	0.222222	
Time	FPS	Frame	0	31	45	45	30	8.70194e-002	8.18545e-002	0.	59.1738	73.2056	0.	0.950877	0.30957	0.	0.	0.222222	
Time	FPS	Frame	0	31	46	46	31	9.86805e-002	8.12065e-002	0.	59.3851	73.2677	0.	0.951639	0.307218	0.	0.	0.222222	
Time	FPS	Frame	0	32	47	46	31	0.110473	8.04909e-002	0.	59.5965	73.3293	0.	0.952396	0.304864	0.	0.	0.222222	
Time	FPS	Frame	0	32	47	47	32	0.121924	7.80183e-002	0.	59.8081	73.3904	0.	0.953147	0.302509	0.	0.	0.222222	
Time	FPS	Frame	0	33	48	48	33	0.132741	7.73856e-002	0.	60.0198	73.4509	0.	0.953892	0.300151	0.	0.	0.222222	
Time	FPS	Frame	0	34	49	49	33	0.143742	7.67345e-002	0.	60.2317	73.5109	0.	0.954631	0.297791	0.	0.	0.222222	
Time	FPS	Frame	0	34	50	50	34	0.154431	7.60292e-002	0.	60.4437	73.5704	0.	0.955364	0.29543	0.	0.	0.222222	
Time	FPS	Frame	0	35	51	50	35	0.164807	7.35567e-002	0.	60.6559	73.6293	0.	0.956092	0.293067	0.	0.	0.222222	
Time	FPS	Frame	0	36	51	51	35	0.174643	7.2862e-002	0.	60.8682	73.6877	0.	0.956814	0.290702	0.	0.	0.222222	
Time	FPS	Frame	0	36	52	52	36	0.19106	7.46264e-002	0.	61.0808	73.7523	0.	0.956814	0.290702	0.	0.	0.222222	
Time	FPS	Frame	0	37	53	53	37	0.207732	7.46264e-002	0.	61.2934	73.8169	0.	0.956814	0.290702	0.	0.	0.222222	
Time	FPS	Frame	0	38	54	54	37	0.224301	7.64875e-002	0.	61.5061	73.8815	0.	0.956814	0.290702	0.	0.	0.222222	
Time	FPS	Frame	0	38	55	55	38	0.241668	7.82415e-002	0.	61.7187	73.9461	0.	0.956814	0.290702	0.	0.	0.222222	
Time	FPS	Frame	0	39	56	56	39	0.259282	7.99949e-002	0.	61.9313	74.0107	0.	0.956814	0.290702	0.	0.	0.222222	
Time	FPS	Frame	0	40	57	56	40	0.277172	8.17901e-002	0.	62.1439	74.0754	0.	0.956814	0.290702	0.	0.	0.222222	
Time	FPS	Frame	0	40	58	57	40	0.295354	8.17901e-002	0.	62.3566	74.14	0.	0.956814	0.290702	0.	0.	0.222222	
Time	FPS	Frame	0	41	59	58	41	0.313509	8.353e-002	0.	62.5692	74.2046	0.	0.956814	0.290702	0.	0.	0.222222	
Time	FPS	Frame	0	42	60	59	42	0.332363	8.52615e-002	0.	62.7818	74.2692	0.	0.956814	0.290702	0.	0.	0.222222	
Time	FPS	Frame	0	43	60	60	42	0.351508	8.70314e-002	0.	62.9944	74.3338	0.	0.956814	0.290702	0.	0.	0.222222	
Time	FPS	Frame	0	43	61	61	43	0.370964	8.87468e-002	0.	63.2071	74.3984	0.	0.956814	0.290702	0.	0.	0.222222	
Time	FPS	Frame	0	44	62	62	44	0.390719	9.04877e-002	0.	63.4197	74.463	0.	0.956814	0.290702	0.	0.	0.222222	
Time	FPS	Frame	0	45	63	63	45	0.410789	9.04877e-002	0.	63.6323	74.5276	0.	0.956814	0.290702	0.	0.	0.222222	
Time	FPS	Frame	0	46	64	64	45	0.43087	9.22132e-002	0.	63.8449	74.5922	0.	0.956814	0.290702	0.	0.	0.222222	
Time	FPS	Frame	0	46	66	65	46	0.451639	9.3836e-002	0.	64.0576	74.6568	0.	0.956814	0.290702	0.	0.	0.222222	
Time	FPS	Frame	0	47	67	66	47	0.472696	9.55697e-002	0.	64.2702	74.7214	0.	0.956814	0.290702	0.	0.	0.222222	
Time	FPS	Frame	0	48	68	68	48	0.4941	9.72105e-002	0.	64.4828	74.786	0.	0.956814	0.290702	0.	0.	0.222222	
Time	FPS	Frame	0	49	69	69	49	0.515815	9.8833e-002	0.	64.6955	74.8506	0.	0.956814	0.290702	0.	0.	0.222222	
Time	FPS	Frame	0	50	70	70	49	0.53785	0.100442	0.	64.9081	74.9152	0.	0.956814	0.290702	0.	0.	0.222222	
Time	FPS	Frame	0	51	71	71	50	0.560211	0.101985	0.	65.1207	74.9798	0.	0.956814	0.290702	0.	0.	0.222222	
Time	FPS	Frame	0	51	72	72	51	0.582886	0.103628	0.	65.3333	75.0444	0.	0.956814	0.290702	0.	0.	0.222222	
Time	FPS	Frame	0	52	73	73	52	0.605908	0.105142	0.	65.546	75.109	0.	0.956814	0.290702	0.	0.	0.222222	
Time	FPS	Frame	0	53	75	75	53	0.62925	0.106638	0.	65.7586	75.1736	0.	0.956814	0.290702	0.	0.	0.222222	
Time	FPS	Frame	0	54	76	76	54	0.652916	0.108143	0.	65.9712	75.2382	0.	0.956814	0.290702	0.	0.	0.222222	
Time	FPS	Frame	0	55	77	77	55	0.676912	0.109579	0.	66.1838	75.3028	0.	0.956814	0.290702	0.	0.	0.222222	
Time	FPS	Frame	0	56	78	78	55	0.701229	0.110967	0.	66.3965	75.3674	0.	0.956814	0.290702	0.	0.	0.222222	
Time	FPS	Frame	0	57	80	80	56	0.725859	0.112365	0.	66.6091	75.432	0.	0.956814	0.290702	0.	0.	0.222222	
Time	FPS	Frame	0	58	81	81	57	0.750811	0.113652	0.	66.8217	75.4966	0.	0.956814	0.290702	0.	0.	0.222222	
Time	FPS	Frame	0	58	82	83	58	0.782137	0.117429	0.	67.0305	75.5666	0.	0.956092	0.293067	0.	0.	0.222222	
Time	FPS	Frame	0	59	84	84	59	0.814303	0.121151	0.	67.239	75.6372	0.	0.955364	0.29543	0.	0.	0.222222	
Time	FPS	Frame	0	60	85	85	60	0.847297	0.124819	0.	67.4475	75.7083	0.	0.954631	0.297791	0.	0.	0.222222	
Time	FPS	Frame	0	61	87	87	61	0.881109	0.129488	0.	67.6557	75.7799	0.	0.953892	0.300151	0.	0.	0.222222	
Time	FPS	Frame	0	62	88	89	62	0.915867	0.132996	0.	67.8637	75.8521	0.	0.953147	0.302509	0.	0.	0.222222	
Time	FPS	Frame	0	63	90	90	63	0.951296	0.136427	0.	68.0716	75.9247	0.	0.952396	0.304864	0.	0.	0.222222	
Time	FPS	Frame	0	64	92	92	64	0.987505	0.13978	0.	68.2793	75.9979	0.	0.951639	0.307218	0.	0.	0.222222	
Time	FPS	Frame	0	65	93	94	65	1.02447	0.143075	0.	68.4868	76.0715	0.	0.950877	0.30957	0.	0.	0.222222	
Time	FPS	Frame	0	66	95	95	66	1.06219	0.146989	0.	68.6942	76.1457	0.	0.950108	0.31192	0.	0.	0.222222	
Time	FPS	Frame	0	67	97	97	67	1.10071	0.15006	0.	68.9013	76.2204	0.	0.949334	0.314269	0.	0.	0.222222	
Time	FPS	Frame	0	69	99	99	68	1.13988	0.153399	0.	69.1083	76.2956	0.	0.948554	0.316615	0.	0.	0.222222	
Time	FPS	Frame	0	70	101	101	69	1.17973	0.15616	0.	69.3151	76.3714	0.	0.947768	0.318959	0.	0.	0.222222	
Time	FPS	Frame	0	71	103	104	70	1.22021	0.158808	0.	69.5216	76.4476	0.	0.946977	0.321302	0.	0.	0.222222	
Time	FPS	Frame	0	72	105	106	72	1.26129	0.161314	0.	69.728	76.5243	0.	0.94618	0.323642	0.	0.	0.222222	
Time	FPS	Frame	0	73	107	108	73	1.30294	0.163655	0.	69.9342	76.6016	0.	0.945376	0.325981	0.	0.	0.222222	
Time	FPS	Frame	0	74	110	111	74	1.34508	0.165432	0.	70.1403	76.6793	0.	0.944568	0.328317	0.	0.	0.222222	
Time	FPS	Frame	0	76	112	114	75	1.38767	0.166644	0.	70.3461	76.7576	0.	0.943753	0.330652	0.	0.	0.222222	
Time	FPS	Frame	0	77	115	117	76	1.43066	0.1683	0.	70.5517	76.8364	0.	0.942932	0.332984	0.	0.	0.222222	
Time	FPS	Frame	0	78	118	120	78	1.47391	0.168925	0.	70.7572	76.9157	0.	0.942106	0.335315	0.	0.	0.222222	
Time	FPS	Frame	0	79	121	124	79	1.51742	0.169475	0.	70.9624	76.9955	0.	0.941274	0.337643	0.	0.	0.222222	
Time	FPS	Frame	0	81	124	128	80	1.56113	0.1697	0.	71.1674	77.0758	0.	0.940437	0.339969	0.	0.	0.222222	
Time	FPS	Frame	0	82	128	132	82	1.60501	0.169576	0.	71.3723	77.1566	0.	0.939593	0.342293	0.	0.	0.222222	
Time	FPS	Frame	0	84	132	138	83	1.64901	0.169395	0.	71.5769	77.2379	0.	0.938744	0.344616	0.	0.	0.222222	
Time	FPS	Frame	0	85	136	144	85	1.69302	0.16888	0.	71.7814	77.3197	0.	0.937889	0.346936	0.	0.	0.222222	
Time	FPS	Frame	0	87	141	152	86	1.73701	0.167966	0.	71.9856	77.4021	0.	0.937028	0.349254	0.	0.	0.222222	
Time	FPS	Frame	0	88	147	163	88	1.78089	0.164991	0.	72.1896	77.4849	0.	0.936162	0.351569	0.	0.	0.222222	
Time	FPS	Frame	0	90	153	176	89	1.82482	0.163313	0.	72.3934	77.5682	0.	0.93529	0.353883	0.	0.	0.222222	
Time	FPS	Frame	0	91	161	189	91	1.8681	0.158776	0.	72.5971	77.6521	0.	0.934412	0.356194	0.	0.	0.222222	
Time	FPS	Frame	0	93	170	200	93	1.91129	0.153177	0.	72.8005	77.7364	0.	0.933528	0.358504	0.	0.	0.222222	
Time	FPS	Frame	0	95	179	209	94	1.95387	0.146437	0.	73.0037	77.8213	0.	0.932639	0.360811	0.	0.	0.222222	
Time	FPS	Frame	0	97	187	217	96	2.00149	0.140791	0.	73.2024	77.9118	0.	0.930843	0.365418	0.	0.	0.222222	
Time	FPS	Frame	0	98	196	224	98	2.04838	0.129253	0.	73.4007	78.0033	0.	0.929025	0.370017	0.	0.	0.222222	
Time	FPS	Frame	0	100	203	231	100	2.1011	0.116902	0.	73.5941	78.1008	0.	0.926255	0.376898	0.	0.	0.222222	
Time	FPS	Frame	0	102	211	237	102	2.15272	9.43603e-002	0.	73.7869	78.1998	0.	0.923434	0.383758	0.	0.	0.222222	
Time	FPS	Frame	0	105	217	243	104	2.2098	5.9378e-002	0.	73.9745	78.3053	0.	0.919593	0.392872	0.	0.	0.222222	
Time	FPS	Frame	0	107	224	248	106	2.26551	1.26787e-002	0.	74.161	78.4126	0.	0.915663	0.401948	0.	0.	0.222222	
Time	FPS	Frame	0	109	230	253	109	2.31979	6.9492e-002	0.	74.3419	78.5267	0.	0.910624	0.413237	0.	0.	0.222222	
Time	FPS	Frame	0	112	235	258	111	2.36076	0.196827	0.	74.5214	78.643	0.	0.905445	0.424463	0.	0.	0.222222	
Time	FPS	Frame	0	114	241	262	114	2.36156	0.343536	0.	74.6995	78.7615	0.	0.900129	0.435624	0.	0.	0.222222	
Time	FPS	Frame	0	117	246	267	117	2.2947	0.429018	0.	74.876	78.8822	0.	0.894675	0.446718	0.	0.	0.222222	
Time	FPS	Frame	0	120	250	271	120	2.20277	0.485567	0.	75.0511	79.0051	0.	0.889084	0.457745	0.	0.	0.222222	
Time	FPS	Frame	0	124	255	275	123	2.10402	0.522026	0.	75.2246	79.1301	0.	0.883357	0.468701	0.	0.	0.222222	
Time	FPS	Frame	0	127	259	279	127	2.00498	0.542804	0.	75.3966	79.2573	0.	0.877495	0.479585	0.	0.	0.222222	
Time	FPS	Frame	0	131	263	282	131	1.90888	0.552214	0.	75.567	79.3866	0.	0.871499	0.490397	0.	0.	0.222222	
Time	FPS	Frame	0	136	267	286	136	1.81618	0.556075	0.	75.7358	79.518	0.	0.86537	0.501133	0.	0.	0.222222	
Time	FPS	Frame	0	141	271	289	142	1.72552	0.553514	0.	75.9029	79.6514	0.	0.859109	0.511793	0.	0.	0.222222	
Time	FPS	Frame	0	147	275	293	149	1.63817	0.547722	0.	76.0684	79.7869	0.	0.852716	0.522375	0.	0.	0.222222	
Time	FPS	Frame	0	155	278	296	159	1.5533	0.538455	0.	76.2322	79.9245	0.	0.846193	0.532876	0.	0.	0.222222	
Time	FPS	Frame	0	163	282	300	173	1.47133	0.527482	0.	76.3942	80.0641	0.	0.839541	0.543297	0.	0.	0.222222	
Time	FPS	Frame	0	173	285	303	187	1.39196	0.514891	0.	76.5546	80.2056	0.	0.83276	0.553634	0.	0.	0.222222	
Time	FPS	Frame	0	184	289	306	199	1.3154	0.501688	0.	76.7131	80.3491	0.	0.825852	0.563886	0.	0.	0.222222	
Time	FPS	Frame	0	193	292	309	209	1.2416	0.486559	0.	76.8699	80.4946	0.	0.818818	0.574053	0.	0.	0.222222	
Time	FPS	Frame	0	202	295	313	218	1.17097	0.471467	0.	77.0249	80.642	0.	0.811659	0.584132	0.	0.	0.222222	
Time	FPS	Frame	0	210	298	316	226	1.10329	0.455545	0.	77.1781	80.7913	0.	0.804376	0.594121	0.	0.	0.222222	
Time	FPS	Frame	0	217	301	319	233	1.0388	0.441346	0.	77.3293	80.9425	0.	0.796969	0.60402	0.	0.	0.222222	
Time	FPS	Frame	0	224	304	322	239	0.977182	0.427725	0.	77.4787	81.0956	0.	0.789441	0.613826	0.	0.	0.222222	
Time	FPS	Frame	0	230	307	325	245	0.918369	0.415532	0.	77.6263	81.2505	0.	0.781793	0.623539	0.	0.	0.222222	
Time	FPS	Frame	0	236	310	329	251	0.862027	0.404396	0.	77.7718	81.4072	0.	0.774024	0.633156	0.	0.	0.222222	
Time	FPS	Frame	0	242	314	332	256	0.808015	0.393845	0.	77.9155	81.5657	0.	0.766138	0.642676	0.	0.	0.222222	
Time	FPS	Frame	0	247	317	335	261	0.756183	0.385072	0.	78.0571	81.7259	0.	0.758134	0.652098	0.	0.	0.222222	
Time	FPS	Frame	0	252	320	338	265	0.706254	0.376245	0.	78.1968	81.8879	0.	0.750015	0.661421	0.	0.	0.222222	
Time	FPS	Frame	0	256	323	342	270	0.658191	0.368067	0.	78.3344	82.0516	0.	0.741781	0.670642	0.	0.	0.222222	
Time	FPS	Frame	0	261	326	345	274	0.61179	0.362736	0.	78.47	82.217	0.	0.733433	0.679761	0.	0.	0.222222	
Time	FPS	Frame	0	265	329	348	278	0.566708	0.356171	0.	78.6036	82.384	0.	0.724974	0.688776	0.	0.	0.222222	
Time	FPS	Frame	0	269	332	352	282	0.523026	0.350551	0.	78.7351	82.5527	0.	0.716403	0.697686	0.	0.	0.222222	
Time	FPS	Frame	0	273	335	355	285	0.480445	0.345777	0.	78.8645	82.723	0.	0.707724	0.706489	0.	0.	0.222222	
Time	FPS	Frame	0	276	338	359	289	0.438778	0.342039	0.	78.9918	82.8949	0.	0.698936	0.715185	0.	0.	0.222222	
Time	FPS	Frame	0	280	341	363	293	0.397781	0.338983	0.	79.1169	83.0684	0.	0.690041	0.723771	0.	0.	0.222222	
Time	FPS	Frame	0	283	345	366	296	0.35728	0.340538	0.	79.2399	83.2434	0.	0.68104	0.732246	0.	0.	0.222222	
Time	FPS	Frame	0	287	348	370	299	0.316581	0.339917	0.	79.3607	83.4199	0.	0.671936	0.740609	0.	0.	0.222222	
Time	FPS	Frame	0	290	351	374	303	0.276106	0.340415	0.	79.4793	83.5979	0.	0.662729	0.748859	0.	0.	0.222222	
Time	FPS	Frame	0	293	354	378	306	0.235263	0.342141	0.	79.5957	83.7773	0.	0.653421	0.756995	0.	0.	0.222222	
Time	FPS	Frame	0	297	358	381	309	0.193705	0.350806	0.	79.7099	83.9581	0.	0.644012	0.765015	0.	0.	0.222222	
Time	FPS	Frame	0	300	361	385	313	0.150205	0.35579	0.	79.8219	84.1404	0.	0.634506	0.772918	0.	0.	0.222222	
Time	FPS	Frame	0	303	365	389	316	0.105765	0.362565	0.	79.9316	84.324	0.	0.624902	0.780703	0.	0.	0.222222	
Time	FPS	Frame	0	306	368	393	319	5.9262e-002	0.3714	0.	80.039	84.509	0.	0.615203	0.788369	0.	0.	0.222222	
Time	FPS	Frame	0	309	372	397	323	1.00897e-002	0.390235	0.	80.1441	84.6952	0.	0.60541	0.795914	0.	0.	0.222222	
Time	FPS	Frame	0	312	375	400	326	4.40963e-002	0.404386	0.	80.2469	84.8828	0.	0.595524	0.803337	0.	0.	0.222222	
Time	FPS	Frame	0	316	379	404	329	0.101013	0.430919	0.	80.3473	85.0716	0.	0.585547	0.810638	0.	0.	0.222222	
Time	FPS	Frame	0	319	382	408	333	0.165166	0.45154	0.	80.4455	85.2617	0.	0.575481	0.817815	0.	0.	0.222222	
Time	FPS	Frame	0	322	386	411	336	0.233326	0.488718	0.	80.5412	85.4529	0.	0.565327	0.824867	0.	0.	0.222222	
Time	FPS	Frame	0	325	389	415	339	0.311877	0.529563	0.	80.6346	85.6453	0.	0.555086	0.831793	0.	0.	0.222222	
Time	FPS	Frame	0	328	393	418	343	0.398529	0.557996	0.	80.7257	85.8389	0.	0.544761	0.838591	0.	0.	0.222222	
Time	FPS	Frame	0	331	397	421	346	0.489628	0.600611	0.	80.8143	86.0335	0.	0.534352	0.845262	0.	0.	0.222222	
Time	FPS	Frame	0	334	400	425	350	0.591645	0.643497	0.	80.9005	86.2293	0.	0.523862	0.851803	0.	0.	0.222222	
Time	FPS	Frame	0	337	404	428	353	0.700722	0.672345	0.	80.9842	86.4261	0.	0.513292	0.858214	0.	0.	0.222222	
Time	FPS	Frame	0	341	407	431	357	0.813276	0.714109	0.	81.0656	86.6239	0.	0.502643	0.864494	0.	0.	0.222222	
Time	FPS	Frame	0	344	410	434	361	0.934933	0.753524	0.	81.1445	86.8227	0.	0.491917	0.870642	0.	0.	0.222222	
Time	FPS	Frame	0	347	414	437	364	1.06129	0.791073	0.	81.2209	87.0225	0.	0.481116	0.876657	0.	0.	0.222222	
Time	FPS	Frame	0	351	417	440	368	1.19171	0.814163	0.	81.2948	87.2232	0.	0.470242	0.882538	0.	0.	0.222222	
Time	FPS	Frame	0	354	420	443	372	1.32449	0.846305	0.	81.3663	87.4248	0.	0.459296	0.888283	0.	0.	0.222222	
Time	FPS	Frame	0	357	424	446	376	1.46143	0.875038	0.	81.4352	87.6272	0.	0.448279	0.893894	0.	0.	0.222222	
Time	FPS	Frame	1	361	-1	449	380	1.60038	0.890346	0.	81.5017	87.8305	0.	0.437194	0.899367	0.	0.	0.222222	
Time	FPS	Frame	1	361	-1	450	380	1.57065	0.877983	0.	81.471	87.8336	0.	0.426042	0.904703	0.	0.	0.	
Time	FPS	Frame	1	361	-1	451	379	1.54391	0.874722	0.	81.4402	87.8363	0.	0.414826	0.909901	0.	0.	0.	
Time	FPS	Frame	0	361	-1	451	379	1.51531	0.862359	0.	81.4094	87.8386	0.	0.403545	0.91496	0.	0.	0.	
Time	FPS	Frame	0	361	430	452	378	1.48834	0.849996	0.	81.3785	87.8405	0.	0.392203	0.919879	0.	0.	0.	
Time	FPS	Frame	0	361	430	452	378	1.46118	0.837633	0.	81.3477	87.842	0.	0.380801	0.924657	0.	0.	0.	
Time	FPS	Frame	0	361	431	453	377	1.43384	0.833779	0.	81.3168	87.8432	0.	0.369341	0.929294	0.	0.	0.	
Time	FPS	Frame	0	361	432	453	377	1.40479	0.821416	0.	81.2859	87.844	0.	0.357825	0.933789	0.	0.	0.	
Time	FPS	Frame	0	361	432	454	377	1.37722	0.809054	0.	81.255	87.8444	0.	0.346254	0.938141	0.	0.	0.	
Time	FPS	Frame	0	361	433	455	376	1.34948	0.796691	0.	81.2241	87.8444	0.	0.334629	0.94235	0.	0.	0.	
Time	FPS	Frame	0	361	434	455	376	1.32157	0.784328	0.	81.1932	87.844	0.	0.322954	0.946415	0.	0.	0.	
Time	FPS	Frame	0	361	434	456	375	1.2935	0.780454	0.	81.1624	87.8432	0.	0.311229	0.950335	0.	0.	0.	
Time	FPS	Frame	0	361	435	456	375	1.26385	0.768091	0.	81.1315	87.8421	0.	0.299457	0.95411	0.	0.	0.	
Time	FPS	Frame	0	361	436	457	374	1.23558	0.755728	0.	81.1006	87.8406	0.	0.287639	0.957739	0.	0.	0.	
Time	FPS	Frame	0	361	436	457	374	1.20715	0.743365	0.	81.0698	87.8387	0.	0.275777	0.961222	0.	0.	0.	
Time	FPS	Frame	0	361	437	457	373	1.17858	0.731003	0.	81.039	87.8364	0.	0.263873	0.964557	0.	0.	0.	
Time	FPS	Frame	0	361	438	458	373	1.14986	0.71864	0.	81.0082	87.8337	0.	0.251929	0.967746	0.	0.	0.	
Time	FPS	Frame	0	361	438	458	373	1.12101	0.714379	0.	80.9775	87.8307	0.	0.239946	0.970786	0.	0.	0.	
Time	FPS	Frame	0	361	439	459	372	1.0908	0.702017	0.	80.9468	87.8273	0.	0.227926	0.973678	0.	0.	0.	
Time	FPS	Frame	0	361	440	459	372	1.06176	0.689654	0.	80.9161	87.8235	0.	0.215872	0.976422	0.	0.	0.	
Time	FPS	Frame	0	361	440	460	371	1.0326	0.677291	0.	80.8855	87.8193	0.	0.203784	0.979016	0.	0.	0.	
Time	FPS	Frame	0	361	441	460	371	1.00331	0.664928	0.	80.8549	87.8148	0.	0.191666	0.98146	0.	0.	0.	
Time	FPS	Frame	0	361	441	460	371	1.00331	0.664928	0.	80.8549	87.8148	0.	0.191666	0.98146	0.	0.	0.	
Time	FPS	Frame	0	361	441	460	371	1.00331	0.664928	0.	80.8549	87.8148	0.	0.191666	0.98146	0.	0.	0.	
Time	FPS	Frame	0	361	441	460	371	1.00331	0.664928	0.	80.8549	87.8148	0.	0.191666	0.98146	0.	0.	0.	
Time	FPS	Frame	0	361	441	460	371	1.00331	0.664928	0.	80.8549	87.8148	0.	0.191666	0.98146	0.	0.	0.	
Time	FPS	Frame	0	361	441	460	371	1.00331	0.664928	0.	80.8549	87.8148	0.	0.191666	0.98146	0.	0.	0.	
Time	FPS	Frame	0	361	441	460	371	1.00331	0.664928	0.	80.8549	87.8148	0.	0.191666	0.98146	0.	0.	0.	
Time	FPS	Frame	0	361	441	460	371	1.00331	0.664928	0.	80.8549	87.8148	0.	0.191666	0.98146	0.	0.	0.	
Time	FPS	Frame	0	361	441	460	371	1.00331	0.664928	0.	80.8549	87.8148	0.	0.191666	0.98146	0.	0.	0.	
Time	FPS	Frame	0	361	441	460	371	1.00331	0.664928	0.	80.8549	87.8148	0.	0.191666	0.98146	0.	0.	0.	
Time	FPS	Frame	0	361	441	460	371	1.00331	0.664928	0.	80.8549	87.8148	0.	0.191666	0.98146	0.	0.	0.	
Time	FPS	Frame	0	361	441	460	371	1.00331	0.664928	0.	80.8549	87.8148	0.	0.191666	0.98146	0.	0.	0.	
Time	FPS	Frame	0	361	441	460	371	1.00331	0.664928	0.	80.8549	87.8148	0.	0.191666	0.98146	0.	0.	0.	
Time	FPS	Frame	0	361	441	460	371	1.00331	0.664928	0.	80.8549	87.8148	0.	0.191666	0.98146	0.	0.	0.	
Time	FPS	Frame	0	361	441	460	371	1.00331	0.664928	0.	80.8549	87.8148	0.	0.191666	0.98146	0.	0.	0.	
Time	FPS	Frame	0	361	441	460	371	1.00331	0.664928	0.	80.8549	87.8148	0.	0.191666	0.98146	0.	0.	0.	
Time	FPS	Frame	0	361	441	460	371	1.00331	0.664928	0.	80.8549	87.8148	0.	0.191666	0.98146	0.	0.	0.	
Time	FPS	Frame	0	361	441	460	371	1.00331	0.664928	0.	80.8549	87.8148	0.	0.191666	0.98146	0.	0.	0.	
Time	FPS	Frame	0	361	441	460	371	1.00331	0.664928	0.	80.8549	87.8148	0.	0.191666	0.98146	0.	0.	0.	
Time	FPS	Frame	0	361	441	460	371	1.00331	0.664928	0.	80.8549	87.8148	0.	0.191666	0.98146	0.	0.	0.	
Time	FPS	Frame	0	361	441	460	371	1.00331	0.664928	0.	80.8549	87.8148	0.	0.191666	0.98146	0.	0.	0.	
Time	FPS	Frame	0	361	441	460	371	1.00331	0.664928	0.	80.8549	87.8148	0.	0.191666	0.98146	0.	0.	0.	
Time	FPS	Frame	0	361	441	460	371	1.00331	0.664928	0.	80.8549	87.8148	0.	0.191666	0.98146	0.	0.	0.	
Time	FPS	Frame	0	361	441	460	371	1.00331	0.664928	0.	80.8549	87.8148	0.	0.191666	0.98146	0.	0.	0.	
Time	FPS	Frame	0	361	441	460	371	1.00331	0.664928	0.	80.8549	87.8148	0.	0.191666	0.98146	0.	0.	0.	
Time	FPS	Frame	0	361	441	460	371	1.00331	0.664928	0.	80.8549	87.8148	0.	0.191666	0.98146	0.	0.	0.	
Time	FPS	Frame	0	361	441	460	371	1.00331	0.664928	0.	80.8549	87.8148	0.	0.191666	0.98146	0.	0.	0.	
Time	FPS	Frame	0	361	441	460	371	1.00331	0.664928	0.	80.8549	87.8148	0.	0.191666	0.98146	0.	0.	0.	
Time	FPS	Frame	0	361	441	460	371	1.00331	0.664928	0.	80.8549	87.8148	0.	0.191666	0.98146	0.	0.	0.	
Time	FPS	Frame	0	361	441	460	371	1.00331	0.664928	0.	80.8549	87.8148	0.	0.191666	0.98146	0.	0.	0.	
Time	FPS	Frame	0	361	441	460	371	1.00331	0.664928	0.	80.8549	87.8148	0.	0.191666	0.98146	0.	0.	0.	
Time	FPS	Frame	0	361	441	460	371	1.00331	0.664928	0.	80.8549	87.8148	0.	0.191666	0.98146	0.	0.	0.	
Time	FPS	Frame	0	361	441	460	371	1.00331	0.664928	0.	80.8549	87.8148	0.	0.191666	0.98146	0.	0.	0.	
Time	FPS	Frame	0	361	441	460	371	1.00331	0.664928	0.	80.8549	87.8148	0.	0.191666	0.98146	0.	0.	0.	
Time	FPS	Frame	0	361	441	460	371	1.00331	0.664928	0.	80.8549	87.8148	0.	0.191666	0.98146	0.	0.	0.	
Time	FPS	Frame	0	361	441	460	371	1.00331	0.664928	0.	80.8549	87.8148	0.	0.191666	0.98146	0.	0.	0.	
Time	FPS	Frame	0	361	441	460	371	1.00331	0.664928	0.	80.8549	87.8148	0.	0.191666	0.98146	0.	0.	0.	
Time	FPS	Frame	0	361	441	460	371	1.00331	0.664928	0.	80.8549	87.8148	0.	0.191666	0.98146	0.	0.	0.	
Time	FPS	Frame	0	361	441	460	371	1.00331	0.664928	0.	80.8549	87.8148	0.	0.191666	0.98146	0.	0.	0.	
Time	FPS	Frame	0	361	441	460	371	1.00331	0.664928	0.	80.8549	87.8148	0.	0.191666	0.98146	0.	0.	0.	
Time	FPS	Frame	0	361	441	460	371	1.00331	0.664928	0.	80.8549	87.8148	0.	0.191666	0.98146	0.	0.	0.	
Time	FPS	Frame	0	361	441	460	371	1.00331	0.664928	0.	80.8549	87.8148	0.	0.191666	0.98146	0.	0.	0.	
Time	FPS	Frame	0	361	441	460	371	1.00331	0.664928	0.	80.8549	87.8148	0.	0.191666	0.98146	0.	0.	0.	
Time	FPS	Frame	0	361	441	460	371	1.00331	0.664928	0.	80.8549	87.8148	0.	0.191666	0.98146	0.	0.	0.	
Time	FPS	Frame	0	361	441	460	371	1.00331	0.664928	0.	80.8549	87.8148	0.	0.191666	0.98146	0.	0.	0.	
Time	FPS	Frame	0	361	441	460	371	1.00331	0.664928	0.	80.8549	87.8148	0.	0.191666	0.98146	0.	0.	0.	
Time	FPS	Frame	0	361	441	460	371	1.00331	0.664928	0.	80.8549	87.8148	0.	0.191666	0.98146	0.	0.	0.	
Time	FPS	Frame	0	361	441	460	371	1.00331	0.664928	0.	80.8549	87.8148	0.	0.191666	0.98146	0.	0.	0.	
Time	FPS	Frame	0	361	441	460	371	1.00331	0.664928	0.	80.8549	87.8148	0.	0.191666	0.98146	0.	0.	0.	
Time	FPS	Frame	0	361	441	460	371	1.00331	0.664928	0.	80.8549	87.8148	0.	0.191666	0.98146	0.	0.	0.	
Time	FPS	Frame	0	361	441	460	371	1.00331	0.664928	0.	80.8549	87.8148	0.	0.191666	0.98146	0.	0.	0.	
Time	FPS	Frame	0	361	441	460	371	1.00331	0.664928	0.	80.8549	87.8148	0.	0.191666	0.98146	0.	0.	0.	
Time	FPS	Frame	0	361	441	460	371	1.00331	0.664928	0.	80.8549	87.8148	0.	0.191666	0.98146	0.	0.	0.	
Time	FPS	Frame	0	361	441	460	371	1.00331	0.664928	0.	80.8549	87.8148	0.	0.191666	0.98146	0.	0.	0.	
Time	FPS	Frame	0	361	441	460	371	1.00331	0.664928	0.	80.8549	87.8148	0.	0.191666	0.98146	0.	0.	0.	
Time	FPS	Frame	0	361	441	460	371	1.00331	0.664928	0.	80.8549	87.8148	0.	0.191666	0.98146	0.	0.	0.	
Time	FPS	Frame	0	361	441	460	371	1.00331	0.664928	0.	80.8549	87.8148	0.	0.191666	0.98146	0.	0.	0.	
Time	FPS	Frame	0	361	441	460	371	1.00331	0.664928	0.	80.8549	87.8148	0.	0.191666	0.98146	0.	0.	0.	
Time	FPS	Frame	0	361	441	460	371	1.00331	0.664928	0.	80.8549	87.8148	0.	0.191666	0.98146	0.	0.	0.	
Time	FPS	Frame	0	361	441	460	371	1.00331	0.664928	0.	80.8549	87.8148	0.	0.191666	0.98146	0.	0.	0.	
Time	FPS	Frame	0	361	441	460	371	1.00331	0.664928	0.	80.8549	87.8148	0.	0.191666	0.98146	0.	0.	0.	
Time	FPS	Frame	0	361	441	460	371	1.00331	0.664928	0.	80.8549	87.8148	0.	0.191666	0.98146	0.	0.	0.	
Time	FPS	Frame	0	361	441	460	371	1.00331	0.664928	0.	80.8549	87.8148	0.	0.191666	0.98146	0.	0.	0.	
Time	FPS	Frame	0	361	441	460	371	1.00331	0.664928	0.	80.8549	87.8148	0.	0.191666	0.98146	0.	0.	0.	
Time	FPS	Frame	0	361	441	460	371	1.00331	0.664928	0.	80.8549	87.8148	0.	0.191666	0.98146	0.	0.	0.	
Time	FPS	Frame	0	361	441	460	371	1.00331	0.664928	0.	80.8549	87.8148	0.	0.191666	0.98146	0.	0.	0.	
Time	FPS	Frame	0	361	441	460	371	1.00331	0.664928	0.	80.8549	87.8148	0.	0.191666	0.98146	0.	0.	0.	
Time	FPS	Frame	0	361	441	460	371	1.00331	0.664928	0.	80.8549	87.8148	0.	0.191666	0.98146	0.	0.	0.	
Time	FPS	Frame	0	361	441	460	371	1.00331	0.664928	0.	80.8549	87.8148	0.	0.191666	0.98146	0.	0.	0.	
Time	FPS	Frame	0	361	441	460	371	1.00331	0.664928	0.	80.8549	87.8148	0.	0.191666	0.98146	0.	0.	0.	

