Time	FPS	Frame	Crash	RB	RU	LU	LB	OC	Dither	CustomDither	DAngle	swAngle	OX	OY	OZ	HX	HY	HZ	DX	DY	DZ	HA	RHA	AccumulativeHeading(Y)	Speed	RSpeed	Dynamic	USRHIT	
1.29113e-005	77451.5	1	0	(0)1	(0)2	(0)2	(0)1	(0)1	0.	0.	-1.39353	0.	-2.8125	0.	0.	0.	1.	0.	0.	1.	0.	0.	0.	0.	0.	0.	0	-1	
0.561182	1.782	2	0	(0)1	(0)2	(0)2	(0)1	(0)1	-2.75452	5.79823e-002	-1.39353	0.	-2.8125	0.	0.	0.	1.	0.	0.	1.	0.	0.	0.	0.	0.	0.	0	-1	
0.657021	10.4341	3	0	(0)1	(0)2	(0)2	(0)1	(0)1	-2.75452	5.79823e-002	-1.39353	0.	-2.8125	0.	0.	0.	1.	0.	0.	1.	0.	0.	0.	0.	0.	0.	0	-1	
0.674453	57.3641	4	0	(0)1	(0)2	(0)2	(0)1	(0)1	-2.75452	5.79823e-002	-1.39353	0.	-2.8125	0.	0.	0.	1.	0.	0.	1.	0.	0.	0.	0.	0.	0.	0	-1	
0.690712	61.5048	5	0	(0)1	(0)2	(0)2	(0)1	(0)1	-2.75452	5.79823e-002	-1.39353	0.	-2.8125	0.	0.	0.	1.	0.	0.	1.	0.	0.	0.	0.	0.	0.	0	-1	
0.706565	63.0819	6	0	(0)1	(0)2	(0)2	(0)1	(0)1	-2.75452	5.79823e-002	-1.39353	0.	-2.8125	0.	0.	0.	1.	0.	0.	1.	0.	0.	0.	0.	0.	0.	0	-1	
0.7233	59.7524	7	0	(0)1	(0)2	(0)2	(0)1	(0)1	-2.75452	5.79823e-002	-1.39353	0.	-2.8125	0.	0.	0.	1.	0.	0.	1.	0.	0.	0.	0.	0.	0.	0	-1	
0.740683	57.5302	8	0	(0)1	(0)2	(0)2	(0)1	(0)1	-2.75452	5.79823e-002	-1.39353	0.	-2.8125	0.	0.	0.	1.	0.	0.	1.	0.	0.	0.	0.	0.	0.	0	-1	
0.757747	58.6004	9	0	(0)1	(0)2	(0)2	(0)1	(0)1	-2.75452	5.79823e-002	-1.39353	0.	-2.8125	0.	0.	0.	1.	0.	0.	1.	0.	0.	0.	0.	0.	0.	0	-1	
0.77431	60.3756	10	0	(0)1	(0)2	(0)2	(0)1	(0)1	-2.75452	5.79823e-002	-1.39353	0.	-2.8125	0.	0.	0.	1.	0.	0.	1.	0.	0.	0.	0.	0.	0.	0	-1	
0.791895	56.8689	11	0	(0)1	(0)2	(0)2	(0)1	(0)1	-2.75452	5.79823e-002	-1.39353	0.	-2.8125	0.	0.	0.	1.	0.	0.	1.	0.	0.	0.	0.	0.	0.	0	-1	
0.808928	58.7091	12	0	(0)1	(0)2	(0)2	(0)1	(0)1	-2.75452	5.79823e-002	-1.39353	0.	-2.8125	0.	0.	0.	1.	0.	0.	1.	0.	0.	0.	0.	0.	0.	0	-1	
0.826486	56.954	13	0	(0)1	(0)2	(0)2	(0)1	(0)1	-2.75452	5.79823e-002	-1.39353	0.	-2.8125	0.	0.	0.	1.	0.	0.	1.	0.	0.	0.	0.	0.	0.	0	-1	
0.842214	63.5819	14	0	(0)1	(0)2	(0)2	(0)1	(0)1	-2.75452	5.79823e-002	-1.39353	0.	-2.8125	0.	0.	0.	1.	0.	0.	1.	0.	0.	0.	0.	0.	0.	0	-1	
0.861773	51.1266	15	0	(0)1	(0)2	(0)2	(0)1	(0)1	-2.75452	5.79823e-002	-1.39353	0.	-2.8125	0.	0.	0.	1.	0.	0.	1.	0.	0.	0.	0.	0.	0.	0	-1	
0.877853	62.1894	16	0	(0)1	(0)2	(0)2	(0)1	(0)1	-2.75452	5.79823e-002	-1.39353	0.	-2.8125	0.	0.	0.	1.	0.	0.	1.	0.	0.	0.	0.	0.	0.	0	-1	
0.895142	57.8398	17	0	(0)1	(0)2	(0)2	(0)1	(0)1	-2.75452	5.79823e-002	-1.39353	0.	-2.8125	0.	0.	0.	1.	0.	0.	1.	0.	0.	0.	0.	0.	0.	0	-1	
0.911932	59.5607	18	0	(0)1	(0)2	(0)2	(0)1	(0)1	-2.75452	5.79823e-002	-1.39353	0.	-2.8125	0.	0.	0.	1.	0.	0.	1.	0.	0.	0.	0.	0.	0.	0	-1	
0.928596	60.0062	19	0	(0)1	(0)2	(0)2	(0)1	(0)1	-2.75452	5.79823e-002	-1.39353	0.	-2.8125	0.	0.	0.	1.	0.	0.	1.	0.	0.	0.	0.	0.	0.	0	-1	
0.945764	58.2478	20	0	(0)1	(0)2	(0)2	(0)1	(0)1	-2.75452	5.79823e-002	-1.39353	0.	-2.8125	0.	0.	0.	1.	0.	0.	1.	0.	0.	0.	0.	0.	0.	0	-1	
0.961953	61.7703	21	0	(0)1	(0)2	(0)2	(0)1	(0)1	-2.75452	5.79823e-002	-1.39353	0.	-2.8125	0.	0.	0.	1.	0.	0.	1.	0.	0.	0.	0.	0.	0.	0	-1	
0.978154	61.7262	22	0	(0)1	(0)2	(0)2	(0)1	(0)1	-2.75452	5.79823e-002	-1.39353	0.	-2.8125	0.	0.	0.	1.	0.	0.	1.	0.	0.	0.	0.	0.	0.	0	-1	
0.995194	58.6861	23	0	(0)1	(0)2	(0)2	(0)1	(0)1	-2.75452	5.79823e-002	-1.39353	0.	-2.8125	0.	0.	0.	1.	0.	0.	1.	0.	0.	0.	0.	0.	0.	0	-1	
1.01194	59.7318	24	0	(0)1	(0)2	(0)2	(0)1	(0)1	-2.75452	5.79823e-002	-1.39353	0.	-2.8125	0.	0.	0.	1.	0.	0.	1.	0.	0.	0.	0.	0.	0.	0	-1	
1.0279	62.6211	25	0	(0)1	(0)2	(0)2	(0)1	(0)1	-2.75452	5.79823e-002	-1.39353	0.	-2.8125	0.	0.	0.	1.	0.	0.	1.	0.	0.	0.	0.	0.	0.	0	-1	
1.04418	61.4257	26	0	(0)1	(0)2	(0)2	(0)1	(0)1	-2.75452	5.79823e-002	-1.39353	0.	-2.8125	0.	0.	0.	1.	0.	0.	1.	0.	0.	0.	0.	0.	0.	0	-1	
1.06099	59.4881	27	0	(0)1	(0)2	(0)2	(0)1	(0)1	-2.75452	5.79823e-002	-1.39353	0.	-2.8125	0.	0.	0.	1.	0.	0.	1.	0.	0.	0.	0.	0.	0.	0	-1	
1.07754	60.4276	28	0	(0)1	(0)2	(0)2	(0)1	(0)1	-2.75452	5.79823e-002	-1.39353	0.	-2.8125	0.	0.	0.	1.	0.	0.	1.	0.	0.	0.	0.	0.	0.	0	-1	
1.09459	58.6616	29	0	(0)1	(0)2	(0)2	(0)1	(0)1	-2.75452	5.79823e-002	-1.39353	0.	-2.8125	0.	0.	0.	1.	0.	0.	1.	0.	0.	0.	0.	0.	0.	0	-1	
1.11101	60.8961	30	0	(0)1	(0)2	(0)2	(0)1	(0)1	-2.75452	5.79823e-002	-1.39353	0.	-2.8125	0.	0.	0.	1.	0.	0.	1.	0.	0.	0.	0.	0.	0.	0	-1	
1.12871	56.514	31	0	(0)1	(0)2	(0)2	(0)1	(0)1	-2.75452	5.79823e-002	-1.39353	0.	-2.8125	0.	0.	0.	1.	0.	0.	1.	0.	0.	0.	0.	0.	0.	0	-1	
1.14542	59.8129	32	0	(0)1	(0)2	(0)2	(0)1	(0)1	-2.75452	5.79823e-002	-1.39353	0.	-2.8125	0.	0.	0.	1.	0.	0.	1.	0.	0.	0.	0.	0.	0.	0	-1	
1.16192	60.638	33	0	(0)1	(0)2	(0)2	(0)1	(0)1	-2.75452	5.79823e-002	-1.39353	0.	-2.8125	0.	0.	0.	1.	0.	0.	1.	0.	0.	0.	0.	0.	0.	0	-1	
1.17877	59.3514	34	0	(0)1	(0)2	(0)2	(0)1	(0)1	-2.75452	5.79823e-002	-1.39353	0.	-2.8125	0.	0.	0.	1.	0.	0.	1.	0.	0.	0.	0.	0.	0.	0	-1	
1.19561	59.3733	35	0	(0)1	(0)2	(0)2	(0)1	(0)1	-2.75452	5.79823e-002	-1.39353	0.	-2.8125	0.	0.	0.	1.	0.	0.	1.	0.	0.	0.	0.	0.	0.	0	-1	
1.2119	61.3754	36	0	(0)1	(0)2	(0)2	(0)1	(0)1	-2.75452	5.79823e-002	-1.39353	0.	-2.8125	0.	0.	0.	1.	0.	0.	1.	0.	0.	0.	0.	0.	0.	0	-1	
1.22863	59.7779	37	0	(0)1	(0)2	(0)2	(0)1	(0)1	-2.75452	5.79823e-002	-1.39353	0.	-2.8125	0.	0.	0.	1.	0.	0.	1.	0.	0.	0.	0.	0.	0.	0	-1	
1.24565	58.7367	38	0	(0)1	(0)2	(0)2	(0)1	(0)1	-2.75452	5.79823e-002	-1.39353	0.	-2.8125	0.	0.	0.	1.	0.	0.	1.	0.	0.	0.	0.	0.	0.	0	-1	
1.26173	62.2117	39	0	(0)1	(0)2	(0)2	(0)1	(0)1	-2.75452	5.79823e-002	-1.39353	0.	-2.8125	0.	0.	0.	1.	0.	0.	1.	0.	0.	0.	0.	0.	0.	0	-1	
1.2778	62.2342	40	0	(0)1	(0)2	(0)2	(0)1	(0)1	-2.75452	5.79823e-002	-1.39353	0.	-2.8125	0.	0.	0.	1.	0.	0.	1.	0.	0.	0.	0.	0.	0.	0	-1	
1.29482	58.7444	41	0	(0)1	(0)2	(0)2	(0)1	(0)1	-2.75452	5.79823e-002	-1.39353	0.	-2.8125	0.	0.	0.	1.	0.	0.	1.	0.	0.	0.	0.	0.	0.	0	-1	
1.31178	58.9634	42	0	(0)1	(0)2	(0)2	(0)1	(0)1	-2.75452	5.79823e-002	-1.39353	0.	-2.8125	0.	0.	0.	1.	0.	0.	1.	0.	0.	0.	0.	0.	0.	0	-1	
1.32881	58.706	43	0	(0)1	(0)2	(0)2	(0)1	(0)1	-2.75452	5.79823e-002	-1.39353	0.	-2.8125	0.	0.	0.	1.	0.	0.	1.	0.	0.	0.	0.	0.	0.	0	-1	
1.34582	58.789	44	0	(0)1	(0)2	(0)2	(0)1	(0)1	-2.75452	5.79823e-002	-1.39353	0.	-2.8125	0.	0.	0.	1.	0.	0.	1.	0.	0.	0.	0.	0.	0.	0	-1	
1.36282	58.826	45	0	(0)1	(0)2	(0)2	(0)1	(0)1	-2.75452	5.79823e-002	-1.39353	0.	-2.8125	0.	0.	0.	1.	0.	0.	1.	0.	0.	0.	0.	0.	0.	0	-1	
1.37991	58.5225	46	0	(0)1	(0)2	(0)2	(0)1	(0)1	-2.75452	5.79823e-002	-1.39353	0.	-2.8125	0.	0.	0.	1.	0.	0.	1.	0.	0.	0.	0.	0.	0.	0	-1	
1.39696	58.6432	47	0	(0)1	(0)2	(0)2	(0)1	(0)1	-2.75452	5.79823e-002	-1.39353	0.	-2.8125	0.	0.	0.	1.	0.	0.	1.	0.	0.	0.	0.	0.	0.	0	-1	
1.413	62.3568	48	0	(0)1	(0)2	(0)2	(0)1	(0)1	-2.75452	5.79823e-002	-1.39353	0.	-2.8125	0.	0.	0.	1.	0.	0.	1.	0.	0.	0.	0.	0.	0.	0	-1	
1.43003	58.7291	49	0	(0)1	(0)2	(0)2	(0)1	(0)1	-2.75452	5.79823e-002	-1.39353	0.	-2.8125	0.	0.	0.	1.	0.	0.	1.	0.	0.	0.	0.	0.	0.	0	-1	
1.44706	58.7091	50	0	(0)1	(0)2	(0)2	(0)1	(0)1	-2.75452	5.79823e-002	-1.39353	0.	-2.8125	0.	0.	0.	1.	0.	0.	1.	0.	0.	0.	0.	0.	0.	0	-1	
1.46407	58.7752	51	0	(0)1	(0)2	(0)2	(0)1	(0)1	-2.75452	5.79823e-002	-1.39353	0.	-2.8125	0.	0.	0.	1.	0.	0.	1.	0.	0.	0.	0.	0.	0.	0	-1	
1.4811	58.7275	52	0	(0)1	(0)2	(0)2	(0)1	(0)1	-2.75452	5.79823e-002	-1.39353	0.	-2.8125	0.	0.	0.	1.	0.	0.	1.	0.	0.	0.	0.	0.	0.	0	-1	
1.4981	58.8229	53	0	(0)1	(0)2	(0)2	(0)1	(0)1	-2.75452	5.79823e-002	-1.39353	0.	-2.8125	0.	0.	0.	1.	0.	0.	1.	0.	0.	0.	0.	0.	0.	0	-1	
1.51511	58.7936	54	0	(0)1	(0)2	(0)2	(0)1	(0)1	-2.75452	5.79823e-002	-1.39353	0.	-2.8125	0.	0.	0.	1.	0.	0.	1.	0.	0.	0.	0.	0.	0.	0	-1	
1.53211	58.8368	55	0	(0)1	(0)2	(0)2	(0)1	(0)1	-2.75452	5.79823e-002	-1.39353	0.	-2.8125	0.	0.	0.	1.	0.	0.	1.	0.	0.	0.	0.	0.	0.	0	-1	
1.54913	58.7398	56	0	(0)1	(0)2	(0)2	(0)1	(0)1	-2.75452	5.79823e-002	-1.39353	0.	-2.8125	0.	0.	0.	1.	0.	0.	1.	0.	0.	0.	0.	0.	0.	0	-1	
1.56626	58.3932	57	0	(0)1	(0)2	(0)2	(0)1	(0)1	-2.75452	5.79823e-002	-1.39353	0.	-2.8125	0.	0.	0.	1.	0.	0.	1.	0.	0.	0.	0.	0.	0.	0	-1	
1.58294	59.9486	58	0	(0)1	(0)2	(0)2	(0)1	(0)1	-2.75452	5.79823e-002	-1.39353	0.	-2.8125	0.	0.	0.	1.	0.	0.	1.	0.	0.	0.	0.	0.	0.	0	-1	
1.59912	61.8043	59	0	(0)1	(0)2	(0)2	(0)1	(0)1	-2.75452	5.79823e-002	-1.39353	0.	-2.8125	0.	0.	0.	1.	0.	0.	1.	0.	0.	0.	0.	0.	0.	0	-1	
1.61582	59.8862	60	0	(0)1	(0)2	(0)2	(0)1	(0)1	-2.75452	5.79823e-002	-1.39353	0.	-2.8125	0.	0.	0.	1.	0.	0.	1.	0.	0.	0.	0.	0.	0.	0	-1	
1.63294	58.3992	61	0	(0)1	(0)2	(0)2	(0)1	(0)1	-2.75452	5.79823e-002	-1.39353	0.	-2.8125	0.	0.	0.	1.	0.	0.	1.	0.	0.	0.	0.	0.	0.	0	-1	
1.66302	33.2469	62	0	(0)1	(0)2	(0)2	(0)1	(0)1	-2.75452	5.79823e-002	-1.39353	0.	-2.8125	0.	0.	0.	1.	0.	0.	1.	0.	0.	0.	0.	0.	0.	0	-1	
1.67986	59.3827	63	0	(0)1	(0)2	(0)2	(0)1	(0)1	-2.75452	5.79823e-002	-1.39353	0.	-2.8125	0.	0.	0.	1.	0.	0.	1.	0.	0.	0.	0.	0.	0.	0	-1	
1.69744	56.8746	64	0	(0)1	(0)2	(0)2	(0)1	(0)1	-2.75452	5.79823e-002	-1.39353	0.	-2.8125	0.	0.	0.	1.	0.	0.	1.	0.	0.	0.	0.	0.	0.	0	-1	
1.71386	60.9077	65	0	(0)1	(0)2	(0)2	(0)1	(0)1	-2.75452	5.79823e-002	-1.39353	0.	-2.8125	0.	0.	0.	1.	0.	0.	1.	0.	0.	0.	0.	0.	0.	0	-1	
1.72997	62.0485	66	0	(0)1	(0)2	(0)2	(0)1	(0)1	-2.75452	5.79823e-002	-1.39353	0.	-2.8125	0.	0.	0.	1.	0.	0.	1.	0.	0.	0.	0.	0.	0.	0	-1	
1.74692	59.0207	67	0	(0)1	(0)2	(0)2	(0)1	(0)1	-2.75452	5.79823e-002	-1.39353	0.	-2.8125	0.	0.	0.	1.	0.	0.	1.	0.	0.	0.	0.	0.	0.	0	-1	
1.7639	58.8923	68	0	(0)1	(0)2	(0)2	(0)1	(0)1	-2.75452	5.79823e-002	-1.39353	0.	-2.8125	0.	0.	0.	1.	0.	0.	1.	0.	0.	0.	0.	0.	0.	0	-1	
1.78	62.0965	69	0	(0)1	(0)2	(0)2	(0)1	(0)1	-2.75452	5.79823e-002	-1.39353	0.	-2.8125	0.	0.	0.	1.	0.	0.	1.	0.	0.	0.	0.	0.	0.	0	-1	
1.79686	59.3106	70	0	(0)1	(0)2	(0)2	(0)1	(0)1	-2.75452	5.79823e-002	-1.39353	0.	-2.8125	0.	0.	0.	1.	0.	0.	1.	0.	0.	0.	0.	0.	0.	0	-1	
1.81363	59.6223	71	0	(0)1	(0)2	(0)2	(0)1	(0)1	-2.75452	5.79823e-002	-1.39353	0.	-2.8125	0.	0.	0.	1.	0.	0.	1.	0.	0.	0.	0.	0.	0.	0	-1	
1.82989	61.5351	72	0	(0)1	(0)2	(0)2	(0)1	(0)1	-2.75452	5.79823e-002	-1.39353	0.	-2.8125	0.	0.	0.	1.	0.	0.	1.	0.	0.	0.	0.	0.	0.	0	-1	
1.84697	58.5149	73	0	(0)1	(0)2	(0)2	(0)1	(0)1	-2.75452	5.79823e-002	-1.39353	0.	-2.8125	0.	0.	0.	1.	0.	0.	1.	0.	0.	0.	0.	0.	0.	0	-1	
1.86386	59.2371	74	0	(0)1	(0)2	(0)2	(0)1	(0)1	-2.75452	5.79823e-002	-1.39353	0.	-2.8125	0.	0.	0.	1.	0.	0.	1.	0.	0.	0.	0.	0.	0.	0	-1	
1.88068	59.4551	75	0	(0)1	(0)2	(0)2	(0)1	(0)1	-2.75452	5.79823e-002	-1.39353	0.	-2.8125	0.	0.	0.	1.	0.	0.	1.	0.	0.	0.	0.	0.	0.	0	-1	
1.89696	61.3921	76	0	(0)1	(0)2	(0)2	(0)1	(0)1	-2.75452	5.79823e-002	-1.39353	0.	-2.8125	0.	0.	0.	1.	0.	0.	1.	0.	0.	0.	0.	0.	0.	0	-1	
1.9139	59.0331	77	0	(0)1	(0)2	(0)2	(0)1	(0)1	-2.75452	5.79823e-002	-1.39353	0.	-2.8125	0.	0.	0.	1.	0.	0.	1.	0.	0.	0.	0.	0.	0.	0	-1	
1.93	62.1377	78	0	(0)1	(0)2	(0)2	(0)1	(0)1	-2.75452	5.79823e-002	-1.39353	0.	-2.8125	0.	0.	0.	1.	0.	0.	1.	0.	0.	0.	0.	0.	0.	0	-1	
1.94711	58.4524	79	0	(0)1	(0)2	(0)2	(0)1	(0)1	-2.75452	5.79823e-002	-1.39353	0.	-2.8125	0.	0.	0.	1.	0.	0.	1.	0.	0.	0.	0.	0.	0.	0	-1	
1.96322	62.0365	80	0	(0)1	(0)2	(0)2	(0)1	(0)1	-2.75452	5.79823e-002	-1.39353	0.	-2.8125	0.	0.	0.	1.	0.	0.	1.	0.	0.	0.	0.	0.	0.	0	-1	
1.98032	58.4798	81	0	(0)1	(0)2	(0)2	(0)1	(0)1	-2.75452	5.79823e-002	-1.39353	0.	-2.8125	0.	0.	0.	1.	0.	0.	1.	0.	0.	0.	0.	0.	0.	0	-1	
1.99724	59.1295	82	0	(0)1	(0)2	(0)2	(0)1	(0)1	-2.75452	5.79823e-002	-1.39353	0.	-2.8125	0.	0.	0.	1.	0.	0.	1.	0.	0.	0.	0.	0.	0.	0	-1	
2.01406	59.4252	83	0	(0)1	(0)2	(0)2	(0)1	(0)1	-2.75452	5.79823e-002	-1.39353	0.	-2.8125	0.	0.	0.	1.	0.	0.	1.	0.	0.	0.	0.	0.	0.	0	-1	
2.03058	60.5351	84	0	(0)1	(0)2	(0)2	(0)1	(0)1	-2.75452	5.79823e-002	-1.39353	0.	-2.8125	0.	0.	0.	1.	0.	0.	1.	0.	0.	0.	0.	0.	0.	0	-1	
2.0466	62.4244	85	0	(0)1	(0)2	(0)2	(0)1	(0)1	-2.75452	5.79823e-002	-1.39353	0.	-2.8125	0.	0.	0.	1.	0.	0.	1.	0.	0.	0.	0.	0.	0.	0	-1	
2.06294	61.1964	86	0	(0)1	(0)2	(0)2	(0)1	(0)1	-2.75452	5.79823e-002	-1.39353	0.	-2.8125	0.	0.	0.	1.	0.	0.	1.	0.	0.	0.	0.	0.	0.	0	-1	
2.0798	59.3294	87	0	(0)1	(0)2	(0)2	(0)1	(0)1	-2.75452	5.79823e-002	-1.39353	0.	-2.8125	0.	0.	0.	1.	0.	0.	1.	0.	0.	0.	0.	0.	0.	0	-1	
2.09691	58.4311	88	0	(0)1	(0)2	(0)2	(0)1	(0)1	-2.75452	5.79823e-002	-1.39353	0.	-2.8125	0.	0.	0.	1.	0.	0.	1.	0.	0.	0.	0.	0.	0.	0	-1	
2.11299	62.2117	89	0	(0)1	(0)2	(0)2	(0)1	(0)1	-2.75452	5.79823e-002	-1.39353	0.	-2.8125	0.	0.	0.	1.	0.	0.	1.	0.	0.	0.	0.	0.	0.	0	-1	
2.12999	58.8244	90	0	(0)1	(0)2	(0)2	(0)1	(0)1	-2.75452	5.79823e-002	-1.39353	0.	-2.8125	0.	0.	0.	1.	0.	0.	1.	0.	0.	0.	0.	0.	0.	0	-1	
2.14725	57.9248	91	0	(0)1	(0)2	(0)2	(0)1	(0)1	-2.75452	5.79823e-002	-1.39353	0.	-2.8125	0.	0.	0.	1.	0.	0.	1.	0.	0.	0.	0.	0.	0.	0	-1	
2.16398	59.7763	92	0	(0)1	(0)2	(0)2	(0)1	(0)1	-2.75452	5.79823e-002	-1.39353	0.	-2.8125	0.	0.	0.	1.	0.	0.	1.	0.	0.	0.	0.	0.	0.	0	-1	
2.18146	57.2049	93	0	(0)1	(0)2	(0)3	(0)1	(0)2	-2.7588	5.36951e-002	-3.94889	0.	-2.81899	9.0326e-002	0.	-2.6565e-003	0.999996	0.	-2.6565e-003	0.999996	0.	9.13238	-8.70695	-0.152206	20.	18.6494	0	-1	
2.19805	60.2929	94	0	(0)1	(0)3	(0)3	(0)1	(0)2	-2.76371	4.8793e-002	-3.59992	0.	-2.83408	0.177656	0.	-8.74709e-003	0.999962	0.	-8.74709e-003	0.999962	0.	20.9383	-21.0405	-0.501178	20.	19.2365	0	-1	
2.21411	62.2549	95	0	(0)1	(0)3	(0)3	(0)1	(0)2	-2.77165	4.08495e-002	-3.28326	0.	-2.84833	0.265393	0.	-1.42735e-002	0.999898	0.	-1.42735e-002	0.999898	0.	18.9996	-19.7136	-0.817837	20.	19.9211	0	-1	
2.23159	57.2151	96	0	(0)1	(0)3	(0)3	(0)1	(0)2	-2.77881	3.36878e-002	-2.99592	0.	-2.86183	0.353508	0.	-1.92878e-002	0.999814	0.	-1.92878e-002	0.999814	0.	17.2403	-16.4401	-1.10518	20.	18.3612	0	-1	
2.24863	58.6738	97	0	(0)1	(0)3	(0)3	(0)1	(0)2	-2.78527	2.72323e-002	-2.73519	0.	-2.87465	0.441977	0.	-2.38374e-002	0.999716	0.	-2.38374e-002	0.999716	0.	15.644	-15.2982	-1.36591	20.	18.8819	0	-1	
2.26522	60.2897	98	0	(0)1	(0)3	(0)3	(0)1	(0)2	-2.79109	2.14149e-002	-2.4986	0.	-2.88685	0.530773	0.	-2.79653e-002	0.999609	0.	-2.79653e-002	0.999609	0.	14.1955	-14.264	-1.6025	20.	19.4536	0	-1	
2.28256	57.6483	99	0	(0)1	(0)3	(0)3	(0)1	(0)2	-2.79633	1.61742e-002	-2.28391	0.	-2.89849	0.619873	0.	-3.17106e-002	0.999497	0.	-3.17106e-002	0.999497	0.	12.8811	-12.3762	-1.81719	20.	18.6484	0	-1	
2.29914	60.3221	100	0	(0)1	(0)3	(0)3	(0)1	(0)2	-2.80104	1.14551e-002	-2.08911	0.	-2.90963	0.709253	0.	-3.51087e-002	0.999383	0.	-3.51087e-002	0.999383	0.	11.6884	-11.7512	-2.01199	20.	19.5599	0	-1	
2.31518	62.362	101	0	(0)1	(0)3	(0)3	(0)1	(0)2	-2.80529	7.20759e-003	-1.91234	0.	-2.92031	0.798892	0.	-3.81918e-002	0.99927	0.	-3.81918e-002	0.99927	0.	10.6061	-11.0237	-2.18876	20.	20.2667	0	-1	
2.33248	57.8026	102	0	(0)1	(0)3	(0)3	(0)1	(0)2	-2.80936	3.13558e-003	-1.7461	0.	-2.93083	0.888671	0.	-4.10909e-002	0.999155	0.	-4.10909e-002	0.999155	0.	9.97402	-9.60874	-2.355	20.	18.8101	0	-1	
2.34855	62.229	103	0	(0)1	(0)3	(0)3	(0)1	(0)2	-2.81343	-9.3387e-004	-1.58602	0.	-2.94136	0.978523	0.	-4.38824e-002	0.999037	0.	-4.38824e-002	0.999037	0.	9.60511	-9.96194	-2.51508	20.	20.2665	0	-1	
2.36487	61.2682	104	0	(0)1	(0)3	(0)3	(0)1	(0)2	-2.8175	-5.00128e-003	-1.43185	0.	-2.95188	1.06844	0.	-4.65703e-002	0.998915	0.	-4.65703e-002	0.998915	0.	9.24985	-9.44536	-2.66925	20.	19.969	0	-1	
2.3809	62.3724	105	0	(0)1	(0)3	(0)3	(0)1	(0)2	-2.82157	-9.06711e-003	-1.28339	0.	-2.96241	1.15843	0.	-4.91585e-002	0.998791	0.	-4.91585e-002	0.998791	0.	8.90772	-9.25994	-2.81771	20.	20.3441	0	-1	
2.3977	59.5212	106	0	(0)1	(0)3	(0)3	(0)1	(0)2	-2.82563	-1.31318e-002	-1.14042	0.	-2.97294	1.24849	0.	-5.16506e-002	0.998665	0.	-5.16506e-002	0.998665	0.	8.57825	-8.5098	-2.96068	20.	19.4282	0	-1	
2.41526	56.9395	107	0	(0)1	(0)3	(0)3	(0)1	(0)2	-2.8297	-1.71957e-002	-1.00274	0.	-2.98348	1.33861	0.	-5.40503e-002	0.998538	0.	-5.40503e-002	0.998538	0.	8.26097	-7.83959	-3.09836	20.	18.5986	0	-1	
2.43269	57.4023	108	0	(0)1	(0)3	(0)3	(0)1	(0)2	-2.83376	-2.12592e-002	-0.870148	0.	-2.99402	1.42879	0.	-5.63609e-002	0.99841	0.	-5.63609e-002	0.99841	0.	7.95542	-7.61099	-3.23095	20.	18.7626	0	-1	
2.44985	58.2523	109	0	(0)1	(0)3	(0)3	(0)1	(0)2	-2.83782	-2.53226e-002	-0.742462	0.	-3.00456	1.51903	0.	-5.85857e-002	0.998282	0.	-5.85857e-002	0.998282	0.	7.66117	-7.43802	-3.35864	20.	19.0531	0	-1	
2.46654	59.939	110	0	(0)1	(0)3	(0)3	(0)1	(0)2	-2.84189	-2.93862e-002	-0.619498	0.	-3.01511	1.60933	0.	-6.0728e-002	0.998154	0.	-6.0728e-002	0.998154	0.	7.37781	-7.37031	-3.4816	20.	19.6174	0	-1	
2.48351	58.9016	111	0	(0)1	(0)3	(0)3	(0)1	(0)2	-2.84595	-3.34502e-002	-0.501083	0.	-3.02566	1.69969	0.	-6.27908e-002	0.998027	0.	-6.27908e-002	0.998027	0.	7.10493	-6.97485	-3.60002	20.	19.2899	0	-1	
2.49988	61.0816	112	0	(0)1	(0)3	(0)3	(0)1	(0)2	-2.85001	-3.75149e-002	-0.387047	0.	-3.03622	1.7901	0.	-6.47771e-002	0.9979	0.	-6.47771e-002	0.9979	0.	6.84214	-6.96548	-3.71405	20.	20.016	0	-1	
2.51678	59.1731	113	0	(0)1	(0)3	(0)3	(0)1	(0)2	-2.85408	-4.15805e-002	-0.277229	0.	-3.04678	1.88056	0.	-6.66896e-002	0.997774	0.	-6.66896e-002	0.997774	0.	6.58907	-6.49826	-3.82387	20.	19.402	0	-1	
2.53285	62.2376	114	0	(0)1	(0)3	(0)3	(0)1	(0)2	-2.85815	-4.56471e-002	-0.171473	0.	-3.05735	1.97108	0.	-6.85312e-002	0.997649	0.	-6.85312e-002	0.997649	0.	6.34536	-6.582	-3.92963	20.	20.4184	0	-1	
2.54911	61.5065	115	0	(0)1	(0)3	(0)3	(0)1	(0)2	-2.86221	-4.97149e-002	-6.9629e-002	0.	-3.06792	2.06165	0.	-7.03044e-002	0.997526	0.	-7.03044e-002	0.997526	0.	6.11066	-6.26409	-4.03147	20.	20.1896	0	-1	
2.56609	58.9031	116	0	(0)1	(0)3	(0)3	(0)1	(0)2	-2.86628	-5.3784e-002	2.84484e-002	0.	-3.0785	2.15226	0.	-7.20118e-002	0.997404	0.	-7.20118e-002	0.997404	0.	5.88465	-5.77707	-4.12955	20.	19.3454	0	-1	
2.58195	63.0305	117	0	(0)1	(0)3	(0)3	(0)1	(0)2	-2.87035	-5.78547e-002	0.122898	0.	-3.08908	2.24292	0.	-7.36559e-002	0.997284	0.	-7.36559e-002	0.997284	0.	5.66699	-5.95322	-4.224	20.	20.7116	0	-1	
2.5982	61.5452	118	0	(0)1	(0)3	(0)3	(0)1	(0)2	-2.87443	-6.19269e-002	0.213855	0.	-3.09967	2.33363	0.	-7.5239e-002	0.997166	0.	-7.5239e-002	0.997166	0.	5.45739	-5.59793	-4.31495	20.	20.2337	0	-1	
2.61462	60.916	119	0	(0)2	(0)3	(0)3	(0)1	(0)2	-2.8785	-6.60008e-002	0.301447	0.	-3.11026	2.42438	0.	-7.67633e-002	0.997049	0.	-7.67633e-002	0.997049	0.	5.25553	-5.33576	-4.40255	20.	20.0365	0	-1	
2.64342	34.7241	120	0	(0)2	(0)3	(0)3	(0)2	(0)3	-2.88258	-7.00764e-002	-2.19624	0.	-3.12085	2.51517	0.	-7.82311e-002	0.996935	0.	-7.82311e-002	0.996935	0.	5.06115	-2.92906	-4.4869	20.	11.4268	0	-1	
2.65974	61.2749	121	0	(0)2	(0)4	(0)4	(0)2	(0)3	-2.87996	-6.74583e-002	-2.00955	0.	-3.13581	2.60409	0.	-8.14791e-002	0.996675	0.	-8.14791e-002	0.996675	0.	11.2014	-11.4394	-4.67359	20.	19.8887	0	-1	
2.67605	61.2799	122	0	(0)2	(0)4	(0)4	(0)2	(0)3	-2.88935	-7.68538e-002	-1.65408	0.	-3.16612	2.78207	0.	-8.7661e-002	0.99615	0.	-8.7661e-002	0.99615	0.	21.3284	-21.7834	-5.02906	40.	39.8303	0	-1	
2.69276	59.8655	123	0	(0)2	(0)4	(0)4	(0)2	(0)3	-2.89749	-8.49919e-002	-1.3519	0.	-3.19527	2.96087	0.	-9.29135e-002	0.995674	0.	-9.29135e-002	0.995674	0.	18.1307	-18.09	-5.33124	40.	39.0429	0	-1	
2.70916	60.9606	124	0	(0)2	(0)4	(0)4	(0)2	(0)3	-2.91032	-9.78166e-002	-0.932005	0.	-3.23965	3.22939	0.	-0.100208	0.994967	0.	-0.100208	0.994967	0.	25.1939	-25.5973	-5.75114	60.	59.7274	0	-1	
2.72519	62.3967	125	0	(0)2	(0)4	(0)4	(0)2	(0)3	-2.923	-0.1105	-0.558474	0.	-3.28395	3.49848	0.	-0.106692	0.994292	0.	-0.106692	0.994292	0.	22.4119	-23.3071	-6.12467	60.	61.2601	0	-1	
2.74119	62.4974	126	0	(0)2	(0)4	(0)4	(0)2	(0)3	-2.94046	-0.127964	-0.115428	0.	-3.34364	3.85788	0.	-0.114377	0.993437	0.	-0.114377	0.993437	0.	26.5828	-27.6892	-6.56772	80.	81.9692	0	-1	
2.75732	62.0039	127	0	(0)2	(0)4	(0)4	(0)2	(0)3	-2.95765	-0.145149	0.262387	0.	-3.40316	4.21814	0.	-0.120926	0.992662	0.	-0.120926	0.992662	0.	22.6689	-23.426	-6.94553	80.	81.5058	0	-1	
2.77425	59.058	128	0	(0)2	(0)4	(0)4	(0)2	(0)3	-2.97949	-0.166993	0.665123	0.	-3.47802	4.66932	0.	-0.1279	0.991787	0.	-0.1279	0.991787	0.	24.1641	-23.7848	-7.34827	100.	97.2356	0	-1	
2.79128	58.7122	129	0	(0)3	(0)5	(0)5	(0)3	(0)4	-3.00093	-0.188428	-1.45694	0.	-3.55259	5.12154	0.	-0.133586	0.991037	0.	-0.133586	0.991037	0.	19.717	-19.2938	-7.67688	100.	96.8734	0	-1	
2.80735	62.2342	130	0	(0)3	(0)5	(0)5	(0)3	(0)4	-3.00606	-0.193556	-0.748612	0.	-3.6474	5.56509	0.	-0.145828	0.98931	0.	-0.145828	0.98931	0.	42.5	-44.0825	-8.38522	100.	101.619	0	-1	
2.82351	61.8861	131	0	(0)3	(0)5	(0)5	(0)3	(0)4	-3.0276	-0.2151	-0.187948	0.	-3.74087	6.01073	0.	-0.155501	0.987836	0.	-0.155501	0.987836	0.	33.6398	-34.6972	-8.94588	100.	101.445	0	-1	
2.83958	62.2204	132	0	(0)3	(0)5	(0)5	(0)3	(0)4	-3.05306	-0.240557	0.361765	0.	-3.8382	6.45569	0.	-0.164972	0.986298	0.	-0.164972	0.986298	0.	32.9828	-34.2034	-9.49559	100.	102.024	0	-1	
2.8556	62.4227	133	0	(0)3	(0)5	(0)5	(0)3	(0)4	-3.07348	-0.260982	0.719294	0.	-3.93098	6.90413	0.	-0.171123	0.98525	0.	-0.171123	0.98525	0.	21.4518	-22.3179	-9.85312	100.	102.909	0	-1	
2.87262	58.7675	134	0	(0)4	(0)6	(0)5	(0)4	(0)5	-3.06044	-0.247942	-1.97975	0.	-3.99072	7.35782	0.	-0.164534	0.986371	0.	-0.164534	0.986371	0.	-22.9765	22.5045	-9.47018	100.	96.8122	0	-1	
2.88963	58.7736	135	0	(0)4	(0)6	(0)6	(0)4	(0)5	-3.06697	-0.25447	-1.27142	0.	-4.09937	7.79819	0.	-0.176716	0.984262	0.	-0.176716	0.984262	0.	42.5	-41.6313	-10.1785	100.	95.9686	0	-1	
2.90565	62.4383	136	0	(0)4	(0)6	(0)6	(0)4	(0)5	-3.09164	-0.279137	-0.563083	0.	-4.21345	8.23717	0.	-0.18887	0.982002	0.	-0.18887	0.982002	0.	42.5	-44.2271	-10.8868	100.	101.953	0	-1	
2.92265	58.8136	137	0	(0)4	(0)6	(0)6	(0)4	(0)5	-3.1116	-0.2991	-6.46023e-002	0.	-4.32347	8.67982	0.	-0.197406	0.980322	0.	-0.197406	0.980322	0.	29.9088	-29.3174	-11.3853	100.	96.5732	0	-1	
2.93967	58.7675	138	0	(0)4	(0)6	(0)6	(0)4	(0)5	-3.13509	-0.322587	0.424891	0.	-4.43694	9.12172	0.	-0.205774	0.9786	0.	-0.205774	0.9786	0.	29.3696	-28.7663	-11.8748	100.	96.5214	0	-1	
2.95549	63.1919	139	0	(0)5	(0)6	(0)6	(0)4	(0)5	-3.15413	-0.341631	0.743865	0.	-4.54653	9.56688	0.	-0.211219	0.977439	0.	-0.211219	0.977439	0.	19.1385	-20.1566	-12.1938	100.	104.294	0	-1	
2.9719	60.9259	140	0	(0)5	(0)7	(0)7	(0)5	(0)6	-3.14062	-0.328116	-1.8332	0.	-4.62405	10.0177	0.	-0.204448	0.978877	0.	-0.204448	0.978877	0.	-23.7955	24.1627	-11.7972	100.	100.329	0	-1	
2.98807	61.8622	141	0	(0)5	(0)7	(0)7	(0)5	(0)6	-3.13673	-0.324233	-1.12487	0.	-4.75049	10.4533	0.	-0.216534	0.976275	0.	-0.216534	0.976275	0.	42.5	-43.8191	-12.5055	100.	101.012	0	-1	
3.00524	58.2433	142	0	(0)5	(0)7	(0)7	(0)5	(0)6	-3.16147	-0.348965	-0.438751	0.	-4.88131	10.8878	0.	-0.228209	0.973612	0.	-0.228209	0.973612	0.	41.1672	-39.9619	-13.1917	100.	95.1571	0	-1	
3.02278	57.0147	143	0	(0)5	(0)7	(0)7	(0)5	(0)6	-3.17994	-0.367441	9.28251e-003	0.	-5.00682	11.327	0.	-0.235815	0.971798	0.	-0.235815	0.971798	0.	26.882	-25.5445	-13.6397	100.	93.7511	0	-1	
3.03893	61.9287	144	0	(0)5	(0)7	(0)7	(0)5	(0)6	-3.20163	-0.389125	0.449965	0.	-5.13543	11.7654	0.	-0.243283	0.969955	0.	-0.243283	0.969955	0.	26.441	-27.2909	-14.0804	100.	101.852	0	-1	
3.05538	60.7874	145	0	(0)6	(0)8	(0)7	(0)6	(0)7	-3.21934	-0.406844	-1.30792	0.	-5.26071	12.2068	0.	-0.248151	0.968721	0.	-0.248151	0.968721	0.	17.2658	-17.4924	-14.3681	100.	100.418	0	-1	
3.07243	58.6539	146	0	(0)6	(0)8	(0)8	(0)6	(0)7	-3.22659	-0.414093	-0.599587	0.	-5.40656	12.6363	0.	-0.260108	0.96558	0.	-0.260108	0.96558	0.	42.5	-41.5465	-15.0765	100.	95.7732	0	-1	
3.08945	58.7521	147	0	(0)6	(0)8	(0)8	(0)6	(0)7	-3.24386	-0.431364	-0.150008	0.	-5.54651	13.0711	0.	-0.267676	0.963509	0.	-0.267676	0.963509	0.	26.9747	-26.4137	-15.526	100.	96.6038	0	-1	
3.10546	62.4591	148	0	(0)6	(0)8	(0)8	(0)6	(0)7	-3.26439	-0.451891	0.292955	0.	-5.68958	13.5049	0.	-0.275117	0.961411	0.	-0.275117	0.961411	0.	26.5778	-27.6671	-15.969	100.	102.718	0	-1	
3.12248	58.7506	149	0	(0)6	(0)8	(0)8	(0)6	(0)7	-3.28096	-0.468456	0.582833	0.	-5.82943	13.942	0.	-0.279978	0.960006	0.	-0.279978	0.960006	0.	17.3927	-17.0305	-16.2589	100.	97.0471	0	-1	
3.13918	59.8878	150	0	(0)7	(0)8	(0)8	(0)6	(0)7	-3.27055	-0.458053	0.275704	0.	-5.9433	14.3862	0.	-0.274828	0.961493	0.	-0.274828	0.961493	0.	-18.4278	18.3933	-15.9518	100.	98.8754	0	-1	
3.15494	63.4239	151	0	(0)7	(0)9	(0)9	(0)7	(0)8	-3.28713	-0.474632	-1.34436	0.	-6.08315	14.8232	0.	-0.279741	0.960076	0.	-0.279741	0.960076	0.	17.5779	-18.5809	-16.2447	100.	104.757	0	-1	
3.17077	63.1795	152	0	(0)7	(0)9	(0)9	(0)7	(0)8	-3.28565	-0.473152	-0.63603	0.	-6.24298	15.2477	0.	-0.291588	0.956544	0.	-0.291588	0.956544	0.	42.5	-44.7521	-16.9531	100.	103.163	0	-1	
3.18661	63.1173	153	0	(0)7	(0)9	(0)9	(0)7	(0)8	-3.31732	-0.504823	0.14673	0.	-6.54951	16.1098	0.	-0.304629	0.952471	0.	-0.304629	0.952471	0.	21.1957	-22.2969	-17.3063	100.	207.907	0	-1	
3.20328	59.9902	154	0	(0)7	(0)9	(0)9	(0)7	(0)8	-3.33275	-0.520251	0.437288	0.	-6.70279	16.5423	0.	-0.309455	0.950914	0.	-0.309455	0.950914	0.	17.4335	-17.4306	-17.5969	100.	99.0928	0	-1	
3.21963	61.1848	155	0	(0)8	(0)9	(0)9	(0)8	(0)9	-3.34798	-0.535483	-1.10741	0.	-6.8561	16.9755	0.	-0.313418	0.949615	0.	-0.313418	0.949615	0.	14.3391	-14.6222	-17.8359	100.	101.221	0	-1	
3.23673	58.4768	156	0	(0)8	(0)10	(0)10	(0)8	(0)9	-3.34574	-0.533242	-0.611388	0.	-7.02196	17.4004	0.	-0.321628	0.946866	0.	-0.321628	0.946866	0.	29.7615	-29.0059	-18.3319	100.	96.0266	0	-1	
3.25376	58.706	157	0	(0)8	(0)10	(0)10	(0)8	(0)9	-3.36047	-0.547966	-0.211715	0.	-7.18749	17.8268	0.	-0.328225	0.9446	0.	-0.328225	0.9446	0.	23.9804	-23.4632	-18.7316	100.	96.6646	0	-1	
3.27052	59.6841	158	0	(0)8	(0)10	(0)10	(0)8	(0)9	-3.37493	-0.562426	0.117582	0.	-7.35309	18.2541	0.	-0.333648	0.942698	0.	-0.333648	0.942698	0.	19.7578	-19.6538	-19.0609	100.	98.4751	0	-1	
3.28689	61.0667	159	0	(0)8	(0)10	(0)10	(0)8	(0)9	-3.38918	-0.576678	0.388895	0.	-7.51875	18.6823	0.	-0.338108	0.941107	0.	-0.338108	0.941107	0.	16.2788	-16.5682	-19.3322	100.	100.928	0	-1	
3.30411	58.0761	160	0	(0)9	(0)10	(0)10	(0)8	(0)9	-3.40327	-0.590766	0.612434	0.	-7.68447	19.1111	0.	-0.341777	0.939781	0.	-0.341777	0.939781	0.	13.4123	-12.9823	-19.5557	100.	96.123	0	-1	
3.32043	61.2682	161	0	(0)9	(0)11	(0)10	(0)9	(0)10	-3.39508	-0.58258	-1.31283	0.	-7.82904	19.547	0.	-0.337397	0.941363	0.	-0.337397	0.941363	0.	-16.0121	16.3505	-19.2888	100.	101.275	0	-1	
3.33679	61.1448	162	0	(0)9	(0)11	(0)11	(0)9	(0)10	-3.39015	-0.577654	-0.721703	0.	-8.00951	19.9646	0.	-0.347091	0.937832	0.	-0.347091	0.937832	0.	35.4674	-36.1441	-19.88	100.	100.148	0	-1	
3.35324	60.7791	163	0	(0)9	(0)11	(0)11	(0)9	(0)10	-3.40375	-0.591255	-0.326972	0.	-8.1863	20.3865	0.	-0.353543	0.935418	0.	-0.353543	0.935418	0.	23.6838	-23.9914	-20.2747	100.	100.092	0	-1	
3.37009	59.3561	164	0	(0)9	(0)11	(0)11	(0)9	(0)10	-3.41712	-0.60462	-1.20636e-003	0.	-8.3632	20.8094	0.	-0.358856	0.933393	0.	-0.358856	0.933393	0.	19.546	-19.3362	-20.6005	100.	97.9439	0	-1	
3.38721	58.419	165	0	(0)9	(0)11	(0)11	(0)9	(0)10	-3.4303	-0.6178	0.267644	0.	-8.5402	21.233	0.	-0.363232	0.931699	0.	-0.363232	0.931699	0.	16.131	-15.706	-20.8693	100.	96.5595	0	-1	
3.40394	59.7508	166	0	(0)10	(0)11	(0)11	(0)10	(0)10	-3.44333	-0.630834	0.489523	0.	-8.7173	21.6573	0.	-0.366837	0.930285	0.	-0.366837	0.930285	0.	13.3127	-13.2574	-21.0912	100.	98.8998	0	-1	
3.42019	61.5587	167	0	(0)10	(0)12	(0)12	(0)10	(0)11	-3.43696	-0.624461	-1.25804	0.	-8.8764	22.0889	0.	-0.363426	0.931623	0.	-0.363426	0.931623	0.	-12.5978	12.9251	-20.8812	100.	101.929	0	-1	
3.43672	60.4813	168	0	(0)10	(0)12	(0)12	(0)10	(0)11	-3.42718	-0.614684	-0.692283	0.	-9.06739	22.5021	0.	-0.372607	0.927989	0.	-0.372607	0.927989	0.	33.9457	-34.218	-21.447	100.	99.1289	0	-1	
3.45381	58.5072	169	0	(0)10	(0)12	(0)12	(0)10	(0)11	-3.43963	-0.627134	-0.325717	0.	-9.25453	22.92	0.	-0.378536	0.925586	0.	-0.378536	0.925586	0.	21.994	-21.4468	-21.8136	100.	96.4289	0	-1	
3.47051	59.8751	170	0	(0)10	(0)12	(0)12	(0)10	(0)11	-3.45189	-0.639392	-2.27169e-002	0.	-9.44182	23.3386	0.	-0.383426	0.923572	0.	-0.383426	0.923572	0.	18.18	-18.1422	-22.1166	100.	98.8663	0	-1	
3.48677	61.5183	171	0	(0)11	(0)12	(0)12	(0)10	(0)11	-3.464	-0.651498	0.22774	0.	-9.62925	23.7581	0.	-0.387459	0.921887	0.	-0.387459	0.921887	0.	15.0274	-15.4077	-22.367	100.	101.738	0	-1	
3.50449	56.4288	172	0	(0)11	(0)12	(0)12	(0)11	(0)12	-3.47598	-0.663484	-0.986836	0.	-9.8168	24.1781	0.	-0.390788	0.920481	0.	-0.390788	0.920481	0.	12.4216	-11.6822	-22.574	100.	93.4432	0	-1	
3.52121	59.8065	173	0	(0)11	(0)13	(0)13	(0)11	(0)12	-3.47098	-0.658476	-0.546634	0.	-10.015	24.5897	0.	-0.397848	0.917451	0.	-0.397848	0.917451	0.	26.4121	-26.3269	-23.0142	100.	98.3635	0	-1	
3.53881	56.8329	174	0	(0)11	(0)13	(0)13	(0)11	(0)12	-3.48229	-0.66979	-0.226862	0.	-10.2117	25.0038	0.	-0.402962	0.915217	0.	-0.402962	0.915217	0.	19.1863	-18.1736	-23.334	100.	93.7969	0	-1	
3.55469	62.951	175	0	(0)11	(0)13	(0)13	(0)11	(0)12	-3.49346	-0.680959	3.78472e-002	0.	-10.4085	25.4187	0.	-0.407186	0.913345	0.	-0.407186	0.913345	0.	15.8826	-16.6637	-23.5987	100.	104.063	0	-1	
3.57188	58.1663	176	0	(0)11	(0)13	(0)13	(0)11	(0)12	-3.50452	-0.692015	0.256976	0.	-10.6055	25.8341	0.	-0.410677	0.911781	0.	-0.410677	0.911781	0.	13.1477	-12.7459	-23.8178	100.	96.2852	0	-1	
3.58776	63.0075	177	0	(0)12	(0)13	(0)13	(0)11	(0)12	-3.51548	-0.702981	0.438372	0.	-10.8027	26.2501	0.	-0.413561	0.910476	0.	-0.413561	0.910476	0.	10.8838	-11.4293	-23.9992	100.	104.418	0	-1	
3.60492	58.272	178	0	(0)12	(0)14	(0)13	(0)12	(0)13	-3.50986	-0.697361	-1.05834	0.	-10.9847	26.6729	0.	-0.410599	0.911816	0.	-0.410599	0.911816	0.	-11.177	10.8551	-23.813	100.	96.5561	0	-1	
3.62082	62.8612	179	0	(0)12	(0)14	(0)14	(0)12	(0)13	-3.50355	-0.691049	-0.585035	0.	-11.193	27.079	0.	-0.418117	0.908393	0.	-0.418117	0.908393	0.	28.3984	-29.7526	-24.2863	100.	103.292	0	-1	
3.63853	56.4884	180	0	(0)12	(0)14	(0)14	(0)12	(0)13	-3.51388	-0.701383	-0.278958	0.	-11.3983	27.4891	0.	-0.422964	0.906147	0.	-0.422964	0.906147	0.	18.3646	-17.2898	-24.5923	100.	93.2658	0	-1	
3.65463	62.1171	181	0	(0)12	(0)14	(0)14	(0)12	(0)13	-3.52409	-0.711595	-2.52448e-002	0.	-11.6038	27.9	0.	-0.426972	0.904265	0.	-0.426972	0.904265	0.	15.2228	-15.76	-24.8461	100.	102.718	0	-1	
3.67118	60.3918	182	0	(0)12	(0)14	(0)14	(0)12	(0)13	-3.53421	-0.721712	0.185063	0.	-11.8094	28.3114	0.	-0.430288	0.902691	0.	-0.430288	0.902691	0.	12.6185	-12.7009	-25.0564	100.	99.9958	0	-1	
3.68708	62.8964	183	0	(0)13	(0)14	(0)14	(0)12	(0)13	-3.54425	-0.731753	0.359392	0.	-12.0152	28.7232	0.	-0.433033	0.901378	0.	-0.433033	0.901378	0.	10.4597	-10.9647	-25.2307	100.	104.257	0	-1	
3.70284	63.4507	184	0	(0)13	(0)15	(0)14	(0)13	(0)14	-3.55529	-0.742791	-0.678609	0.	-12.222	29.1348	0.	-0.435643	0.900119	0.	-0.435643	0.900119	0.	9.9633	-10.5363	-25.3968	100.	105.202	0	-1	
3.72005	58.1347	185	0	(0)13	(0)15	(0)15	(0)13	(0)14	-3.54233	-0.729828	-0.375707	0.	-12.4351	29.541	0.	-0.440396	0.897804	0.	-0.440396	0.897804	0.	18.1741	-17.6091	-25.6997	100.	95.9929	0	-1	
3.73671	59.9902	186	0	(0)13	(0)15	(0)15	(0)13	(0)14	-3.55165	-0.73915	-0.124325	0.	-12.6484	29.9478	0.	-0.444331	0.895863	0.	-0.444331	0.895863	0.	15.083	-15.0805	-25.951	100.	99.2082	0	-1	
3.7538	58.5393	187	0	(0)13	(0)15	(0)15	(0)13	(0)14	-3.56089	-0.748389	8.43015e-002	0.	-12.8619	30.3552	0.	-0.44759	0.894239	0.	-0.44759	0.894239	0.	12.5176	-12.2128	-26.1597	100.	96.9333	0	-1	
3.77013	61.2448	188	0	(0)13	(0)15	(0)15	(0)13	(0)14	-3.57006	-0.757563	0.257443	0.	-13.0755	30.7631	0.	-0.45029	0.892882	0.	-0.45029	0.892882	0.	10.3885	-10.604	-26.3328	100.	101.523	0	-1	
3.78616	62.3516	189	0	(0)14	(0)15	(0)15	(0)14	(0)14	-3.57983	-0.767332	0.414342	0.	-13.2898	31.1709	0.	-0.452734	0.891646	0.	-0.452734	0.891646	0.	9.41396	-9.78293	-26.4897	100.	103.409	0	-1	
3.80225	62.1515	190	0	(0)14	(0)16	(0)15	(0)14	(0)15	-3.57457	-0.762066	-0.863083	0.	-13.4906	31.5853	0.	-0.450006	0.893026	0.	-0.450006	0.893026	0.	-10.5095	10.8864	-26.3145	100.	103.019	0	-1	
3.81917	59.1217	191	0	(0)14	(0)16	(0)16	(0)14	(0)15	-3.56356	-0.751064	-0.480174	0.	-13.7131	31.9851	0.	-0.455964	0.889998	0.	-0.455964	0.889998	0.	22.9745	-22.6382	-26.6975	100.	97.3958	0	-1	
3.83634	58.2327	192	0	(0)14	(0)16	(0)16	(0)14	(0)15	-3.57204	-0.759544	-0.228879	0.	-13.9335	32.3882	0.	-0.459863	0.88799	0.	-0.459863	0.88799	0.	15.0777	-14.6336	-26.9487	100.	96.302	0	-1	
3.85334	58.8229	193	0	(0)14	(0)16	(0)16	(0)14	(0)15	-3.58045	-0.767951	-2.01091e-002	0.	-14.154	32.7918	0.	-0.463095	0.886309	0.	-0.463095	0.886309	0.	12.5262	-12.2805	-27.1575	100.	97.4025	0	-1	
3.86951	61.8486	194	0	(0)15	(0)16	(0)16	(0)14	(0)15	-3.5888	-0.776301	0.153333	0.	-14.3748	33.1959	0.	-0.465776	0.884903	0.	-0.465776	0.884903	0.	10.4065	-10.7271	-27.331	100.	102.523	0	-1	
3.8866	58.524	195	0	(0)15	(0)16	(0)16	(0)15	(0)15	-3.59734	-0.784838	0.302172	0.	-14.5958	33.6002	0.	-0.468073	0.88369	0.	-0.468073	0.88369	0.	8.93038	-8.71069	-27.4798	100.	97.085	0	-1	
3.90352	59.0875	196	0	(0)15	(0)17	(0)16	(0)15	(0)16	-3.60646	-0.793957	-0.566379	0.	-14.8175	34.0044	0.	-0.470174	0.882574	0.	-0.470174	0.882574	0.	8.17638	-8.05203	-27.6161	100.	98.0578	0	-1	
3.91996	60.8417	197	0	(0)15	(0)17	(0)17	(0)15	(0)16	-3.59147	-0.778967	-0.317377	0.	-15.0442	34.404	0.	-0.474005	0.880522	0.	-0.474005	0.880522	0.	14.9401	-15.1497	-27.8651	100.	100.623	0	-1	
3.93727	57.7521	198	0	(0)15	(0)17	(0)17	(0)15	(0)16	-3.59908	-0.786579	-0.110331	0.	-15.2711	34.8041	0.	-0.477184	0.878804	0.	-0.477184	0.878804	0.	12.4227	-11.9573	-28.0721	100.	95.6343	0	-1	
3.954	59.7794	199	0	(0)15	(0)17	(0)17	(0)15	(0)16	-3.60664	-0.794141	6.18268e-002	0.	-15.4983	35.2047	0.	-0.479822	0.877366	0.	-0.479822	0.877366	0.	10.3295	-10.2915	-28.2443	100.	99.0967	0	-1	
3.97068	59.955	200	0	(0)16	(0)17	(0)17	(0)15	(0)16	-3.61404	-0.801536	0.202385	0.	-15.7254	35.6057	0.	-0.481973	0.876186	0.	-0.481973	0.876186	0.	8.43349	-8.42716	-28.3848	100.	99.4842	0	-1	
3.98725	60.3496	201	0	(0)16	(0)17	(0)17	(0)16	(0)16	-3.62198	-0.809483	0.331121	0.	-15.9532	36.0066	0.	-0.48394	0.875101	0.	-0.48394	0.875101	0.	7.72418	-7.76919	-28.5136	100.	100.176	0	-1	
4.00387	60.167	202	0	(0)16	(0)18	(0)17	(0)16	(0)17	-3.61794	-0.805441	-0.716888	0.	-16.1704	36.4132	0.	-0.481852	0.876253	0.	-0.481852	0.876253	0.	-8.19782	8.22063	-28.3769	100.	99.8481	0	-1	
4.02	61.9834	203	0	(0)16	(0)18	(0)18	(0)16	(0)17	-3.60573	-0.793229	-0.401662	0.	-16.4047	36.8073	0.	-0.486666	0.873588	0.	-0.486666	0.873588	0.	18.9136	-19.5388	-28.6922	100.	102.311	0	-1	
4.03677	59.6445	204	0	(0)16	(0)18	(0)18	(0)16	(0)17	-3.61258	-0.800085	-0.196237	0.	-16.6374	37.2042	0.	-0.489795	0.871838	0.	-0.489795	0.871838	0.	12.3255	-12.2525	-28.8976	100.	98.773	0	-1	
4.05409	57.7342	205	0	(0)16	(0)18	(0)18	(0)16	(0)17	-3.6194	-0.806896	-2.53078e-002	0.	-16.8702	37.6015	0.	-0.492393	0.870373	0.	-0.492393	0.870373	0.	10.2557	-9.86846	-29.0685	100.	95.71	0	-1	
4.07115	58.6111	206	0	(0)17	(0)18	(0)18	(0)16	(0)17	-3.6257	-0.813203	0.107362	0.	-17.1028	37.9995	0.	-0.494408	0.86923	0.	-0.494408	0.86923	0.	7.9602	-7.77593	-29.2012	100.	97.2779	0	-1	
4.08736	61.6872	207	0	(0)17	(0)18	(0)18	(0)17	(0)17	-3.63253	-0.820033	0.228906	0.	-17.336	38.3974	0.	-0.49625	0.868179	0.	-0.49625	0.868179	0.	7.29266	-7.49773	-29.3227	100.	102.419	0	-1	
4.10475	57.5228	208	0	(0)17	(0)19	(0)18	(0)17	(0)18	-3.63984	-0.827341	-0.481386	0.	-17.5697	38.7952	0.	-0.497937	0.867213	0.	-0.497937	0.867213	0.	6.68111	-6.40527	-29.4341	100.	95.5349	0	-1	
4.12067	62.7979	209	0	(0)17	(0)19	(0)19	(0)17	(0)18	-3.62532	-0.812819	-0.275189	0.	-17.8075	39.189	0.	-0.501054	0.865416	0.	-0.501054	0.865416	0.	12.3718	-12.9488	-29.6403	100.	103.993	0	-1	
4.137	61.2265	210	0	(0)17	(0)19	(0)19	(0)17	(0)18	-3.63141	-0.818913	-0.105954	0.	-18.0453	39.5833	0.	-0.503608	0.863932	0.	-0.503608	0.863932	0.	10.1541	-10.3617	-29.8095	100.	101.505	0	-1	
4.15296	62.6805	211	0	(0)17	(0)19	(0)19	(0)17	(0)18	-3.63669	-0.82419	1.89528e-002	0.	-18.2829	39.9786	0.	-0.505491	0.862832	0.	-0.505491	0.862832	0.	7.49439	-7.8292	-29.9344	100.	104.057	0	-1	
4.17005	58.4874	212	0	(0)18	(0)19	(0)19	(0)17	(0)18	-3.64246	-0.82996	0.133406	0.	-18.5209	40.3737	0.	-0.507213	0.861821	0.	-0.507213	0.861821	0.	6.86717	-6.69405	-30.0489	100.	97.1276	0	-1	
4.18744	57.5213	213	0	(0)18	(0)19	(0)19	(0)18	(0)19	-3.64868	-0.836182	-0.496827	0.	-18.7593	40.7687	0.	-0.50879	0.860891	0.	-0.50879	0.860891	0.	6.29244	-6.03249	-30.1538	100.	95.5517	0	-1	
4.20345	62.44	214	0	(0)18	(0)20	(0)19	(0)18	(0)19	-3.64175	-0.829251	-0.283481	0.	-19.0023	41.1592	0.	-0.511992	0.85899	0.	-0.511992	0.85899	0.	12.8007	-13.3213	-30.3671	100.	103.378	0	-1	
4.22011	60.0255	215	0	(0)18	(0)20	(0)20	(0)18	(0)19	-3.64565	-0.833146	-0.157644	0.	-19.2437	41.5521	0.	-0.513877	0.857864	0.	-0.513877	0.857864	0.	7.5502	-7.5534	-30.4929	100.	99.6465	0	-1	
4.23709	58.9046	216	0	(0)18	(0)20	(0)20	(0)18	(0)19	-3.65004	-0.837537	-4.23289e-002	0.	-19.4855	41.9449	0.	-0.515603	0.856828	0.	-0.515603	0.856828	0.	6.91894	-6.79263	-30.6083	100.	97.8178	0	-1	
4.2531	62.4522	217	0	(0)18	(0)20	(0)20	(0)18	(0)19	-3.65488	-0.842382	6.33454e-002	0.	-19.7279	42.3376	0.	-0.517182	0.855875	0.	-0.517182	0.855875	0.	6.34045	-6.59959	-30.7139	100.	103.74	0	-1	
4.27026	58.2992	218	0	(0)19	(0)20	(0)20	(0)18	(0)19	-3.66015	-0.847646	0.160184	0.	-19.9706	42.7301	0.	-0.518628	0.855	0.	-0.518628	0.855	0.	5.81034	-5.64563	-30.8108	100.	96.8681	0	-1	
4.28725	58.8583	219	0	(0)19	(0)20	(0)20	(0)19	(0)19	-3.66579	-0.853292	0.248927	0.	-20.2138	43.1226	0.	-0.519952	0.854196	0.	-0.519952	0.854196	0.	5.32454	-5.22323	-30.8995	100.	97.8219	0	-1	
4.3039	60.0511	220	0	(0)19	(0)21	(0)20	(0)19	(0)20	-3.66296	-0.850459	-0.501045	0.	-20.4496	43.5193	0.	-0.518481	0.855089	0.	-0.518481	0.855089	0.	-5.91463	5.91967	-30.8009	100.	99.7737	0	-1	
4.32099	58.5103	221	0	(0)19	(0)21	(0)21	(0)19	(0)20	-3.65183	-0.839335	-0.285746	0.	-20.697	43.907	0.	-0.521691	0.853135	0.	-0.521691	0.853135	0.	12.9179	-12.5972	-31.0162	100.	96.8658	0	-1	
4.33795	58.9495	222	0	(0)19	(0)21	(0)21	(0)19	(0)20	-3.65521	-0.842709	-0.170123	0.	-20.9425	44.2975	0.	-0.523411	0.85208	0.	-0.523411	0.85208	0.	6.93739	-6.81593	-31.1319	100.	97.8913	0	-1	
4.35498	58.7414	223	0	(0)19	(0)21	(0)21	(0)19	(0)20	-3.65889	-0.846392	-6.71886e-002	0.	-21.1883	44.688	0.	-0.524941	0.851139	0.	-0.524941	0.851139	0.	6.17606	-6.0465	-31.2348	100.	97.5842	0	-1	
4.37192	59.0331	224	0	(0)20	(0)21	(0)21	(0)19	(0)20	-3.66298	-0.85048	2.71392e-002	0.	-21.4345	45.0784	0.	-0.526342	0.850273	0.	-0.526342	0.850273	0.	5.65967	-5.56846	-31.3291	100.	98.0953	0	-1	
4.38835	60.8483	225	0	(0)20	(0)21	(0)21	(0)20	(0)20	-3.66744	-0.854942	0.11358	0.	-21.6811	45.4688	0.	-0.527624	0.849478	0.	-0.527624	0.849478	0.	5.18645	-5.25978	-31.4156	100.	101.136	0	-1	
4.40514	59.5559	226	0	(0)20	(0)22	(0)21	(0)20	(0)21	-3.67208	-0.859582	-0.380734	0.	-21.928	45.8591	0.	-0.528748	0.848779	0.	-0.528748	0.848779	0.	4.55276	-4.51906	-31.4914	100.	99.0213	0	-1	
4.4221	58.9835	227	0	(0)20	(0)22	(0)22	(0)20	(0)21	-3.661	-0.848504	-0.221135	0.	-22.1782	46.2459	0.	-0.531111	0.847302	0.	-0.531111	0.847302	0.	9.57594	-9.41372	-31.651	100.	97.815	0	-1	
4.43923	58.3628	228	0	(0)20	(0)22	(0)22	(0)20	(0)21	-3.66384	-0.851344	-0.126974	0.	-22.4272	46.6345	0.	-0.532502	0.846428	0.	-0.532502	0.846428	0.	5.64968	-5.49552	-31.7452	100.	96.9819	0	-1	
4.45538	61.9321	229	0	(0)20	(0)22	(0)22	(0)20	(0)21	-3.66706	-0.854556	-4.06942e-002	0.	-22.6766	47.0231	0.	-0.533776	0.845626	0.	-0.533776	0.845626	0.	5.17677	-5.34347	-31.8315	100.	102.938	0	-1	
4.47289	57.1031	230	0	(0)21	(0)22	(0)22	(0)20	(0)21	-3.67024	-0.85774	3.08539e-002	0.	-22.9262	47.4118	0.	-0.534832	0.844958	0.	-0.534832	0.844958	0.	4.29289	-4.08562	-31.903	100.	94.9559	0	-1	
4.48992	58.7321	231	0	(0)21	(0)22	(0)22	(0)21	(0)21	-3.6738	-0.861305	9.84045e-002	0.	-23.176	47.8003	0.	-0.535828	0.844327	0.	-0.535828	0.844327	0.	4.05304	-3.96739	-31.9706	100.	97.6771	0	-1	
4.50691	58.8398	232	0	(0)21	(0)23	(0)22	(0)21	(0)22	-3.67773	-0.865229	-0.328596	0.	-23.4262	48.1888	0.	-0.536767	0.84373	0.	-0.536767	0.84373	0.	3.82659	-3.7526	-32.0343	100.	97.8679	0	-1	
4.52294	62.3741	233	0	(0)21	(0)23	(0)23	(0)21	(0)22	-3.6678	-0.855297	-0.193135	0.	-23.6793	48.5741	0.	-0.538761	0.842459	0.	-0.538761	0.842459	0.	8.12767	-8.44927	-32.1698	100.	103.515	0	-1	
4.54	58.6264	234	0	(0)21	(0)23	(0)23	(0)21	(0)22	-3.66981	-0.857311	-0.120387	0.	-23.9311	48.9613	0.	-0.53983	0.841774	0.	-0.53983	0.841774	0.	4.36486	-4.26493	-32.2426	100.	97.4853	0	-1	
4.55709	58.5057	235	0	(0)21	(0)23	(0)23	(0)21	(0)22	-3.67195	-0.859446	-5.71116e-002	0.	-24.1831	49.3485	0.	-0.540759	0.841177	0.	-0.540759	0.841177	0.	3.79654	-3.70199	-32.3058	100.	97.3137	0	-1	
4.57376	59.9886	236	0	(0)22	(0)23	(0)23	(0)21	(0)22	-3.67442	-0.861917	2.61888e-003	0.	-24.4355	49.7356	0.	-0.541636	0.840613	0.	-0.541636	0.840613	0.	3.58383	-3.58315	-32.3656	100.	99.7913	0	-1	
4.59123	57.2399	237	0	(0)22	(0)23	(0)23	(0)22	(0)22	-3.67721	-0.864706	5.90027e-002	0.	-24.6881	50.1226	0.	-0.542463	0.84008	0.	-0.542463	0.84008	0.	3.38303	-3.2274	-32.4219	100.	95.2289	0	-1	
4.60726	62.3967	238	0	(0)22	(0)24	(0)23	(0)22	(0)23	-3.68003	-0.867526	-0.306259	0.	-24.9408	50.5097	0.	-0.543162	0.839628	0.	-0.543162	0.839628	0.	2.86425	-2.97867	-32.4697	100.	103.836	0	-1	
4.62429	58.7183	239	0	(0)22	(0)24	(0)24	(0)22	(0)23	-3.67174	-0.859239	-0.181139	0.	-25.1964	50.8935	0.	-0.544995	0.838439	0.	-0.544995	0.838439	0.	7.50719	-7.34682	-32.5948	100.	97.4787	0	-1	
4.64641	45.2121	240	0	(0)22	(0)24	(0)24	(0)22	(0)23	-3.67358	-0.861077	-0.113945	0.	-25.451	51.279	0.	-0.545978	0.8378	0.	-0.545978	0.8378	0.	4.03164	-3.03798	-32.662	100.	75.1929	0	-1	
4.66333	59.1046	241	0	(0)22	(0)24	(0)24	(0)22	(0)23	-3.67473	-0.862234	-7.1633e-002	0.	-25.7051	51.6652	0.	-0.546596	0.837396	0.	-0.546596	0.837396	0.	2.53872	-2.50083	-32.7043	100.	98.3749	0	-1	
4.68034	58.7906	242	0	(0)23	(0)24	(0)24	(0)22	(0)23	-3.67497	-0.862466	-5.51363e-002	0.	-25.9587	52.0523	0.	-0.546837	0.837239	0.	-0.546837	0.837239	0.	0.989807	-0.969855	-32.7208	100.	97.9326	0	-1	
4.69739	58.634	243	0	(0)23	(0)24	(0)24	(0)23	(0)23	-3.67496	-0.862455	-4.62769e-002	0.	-26.2122	52.4395	0.	-0.546967	0.837154	0.	-0.546967	0.837154	0.	0.531563	-0.519461	-32.7297	100.	97.6956	0	-1	
4.71404	60.0785	244	0	(0)23	(0)25	(0)24	(0)23	(0)24	-3.67481	-0.862315	-0.377637	0.	-26.4656	52.8269	0.	-0.547036	0.837109	0.	-0.547036	0.837109	0.	0.285469	-0.285842	-32.7344	100.	100.115	0	-1	
4.73125	58.0971	245	0	(0)23	(0)25	(0)25	(0)23	(0)24	-3.6696	-0.857101	-0.219472	0.	-26.724	53.2082	0.	-0.549345	0.835596	0.	-0.549345	0.835596	0.	9.48993	-9.18896	-32.8926	100.	96.3492	0	-1	
4.7485	57.9682	246	0	(0)23	(0)25	(0)25	(0)23	(0)24	-3.672	-0.859502	-0.134531	0.	-26.9812	53.5917	0.	-0.550583	0.83478	0.	-0.550583	0.83478	0.	5.09644	-4.92386	-32.9775	100.	96.3539	0	-1	
4.76557	58.5667	247	0	(0)23	(0)25	(0)25	(0)23	(0)24	-3.67316	-0.860656	-8.89149e-002	0.	-27.2376	53.9764	0.	-0.551248	0.834342	0.	-0.551248	0.834342	0.	2.73698	-2.6716	-33.0231	100.	97.4695	0	-1	
4.78273	58.2826	248	0	(0)24	(0)25	(0)25	(0)23	(0)24	-3.67122	-0.85872	-0.113717	0.	-27.4916	54.3631	0.	-0.550886	0.83458	0.	-0.550886	0.83458	0.	-1.48812	1.44552	-32.9983	100.	97.0607	0	-1	
4.79948	59.7016	249	0	(0)24	(0)25	(0)25	(0)24	(0)24	-3.67207	-0.859569	-7.77369e-002	0.	-27.7478	54.748	0.	-0.55141	0.834234	0.	-0.55141	0.834234	0.	2.1588	-2.14807	-33.0343	100.	99.3885	0	-1	
4.81554	62.2704	250	0	(0)24	(0)26	(0)25	(0)24	(0)25	-3.67021	-0.857715	-0.362564	0.	-28.0018	55.1346	0.	-0.551047	0.834474	0.	-0.551047	0.834474	0.	-1.49887	1.55559	-33.0093	100.	103.701	0	-1	
4.83255	58.7967	251	0	(0)24	(0)26	(0)26	(0)24	(0)25	-3.66687	-0.854372	-0.211377	0.	-28.2619	55.515	0.	-0.553247	0.833018	0.	-0.553247	0.833018	0.	9.07122	-8.88929	-33.1605	100.	97.5303	0	-1	
4.84955	58.826	252	0	(0)24	(0)26	(0)26	(0)24	(0)25	-3.66915	-0.856653	-0.130184	0.	-28.5207	55.8974	0.	-0.554426	0.832233	0.	-0.554426	0.832233	0.	4.87158	-4.77626	-33.2417	100.	97.7912	0	-1	
4.86557	62.4279	253	0	(0)24	(0)26	(0)26	(0)24	(0)25	-3.67024	-0.857743	-8.65802e-002	0.	-28.7788	56.281	0.	-0.55506	0.831811	0.	-0.55506	0.831811	0.	2.61622	-2.72208	-33.2853	100.	103.902	0	-1	
4.88265	58.5499	254	0	(0)25	(0)26	(0)26	(0)24	(0)25	-3.66839	-0.855889	-0.110116	0.	-29.0346	56.6664	0.	-0.554718	0.832038	0.	-0.554718	0.832038	0.	-1.41214	1.37801	-33.2618	100.	97.5099	0	-1	
4.89952	59.2699	255	0	(0)25	(0)26	(0)26	(0)25	(0)25	-3.66918	-0.856685	-7.58029e-002	0.	-29.2925	57.0503	0.	-0.555216	0.831706	0.	-0.555216	0.831706	0.	2.05877	-2.03372	-33.2961	100.	98.6751	0	-1	
4.91663	58.4479	256	0	(0)25	(0)27	(0)26	(0)25	(0)26	-3.66741	-0.854907	-0.283149	0.	-29.5484	57.4357	0.	-0.554871	0.831936	0.	-0.554871	0.831936	0.	-1.42478	1.38792	-33.2724	100.	97.3392	0	-1	
4.93359	58.9495	257	0	(0)25	(0)27	(0)27	(0)25	(0)26	-3.66506	-0.852563	-0.168728	0.	-29.809	57.8163	0.	-0.556532	0.830826	0.	-0.556532	0.830826	0.	6.86525	-6.74505	-33.3868	100.	97.895	0	-1	
4.95059	58.8321	258	0	(0)25	(0)27	(0)27	(0)25	(0)26	-3.66672	-0.854219	-0.10728	0.	-30.0687	58.1985	0.	-0.557422	0.830229	0.	-0.557422	0.830229	0.	3.6869	-3.61513	-33.4482	100.	97.8622	0	-1	
4.96699	60.9722	259	0	(0)25	(0)27	(0)27	(0)25	(0)26	-3.66747	-0.854973	-7.428e-002	0.	-30.3278	58.5816	0.	-0.5579	0.829908	0.	-0.5579	0.829908	0.	1.98	-2.01208	-33.4812	100.	101.513	0	-1	
4.98288	62.9281	260	0	(0)26	(0)27	(0)27	(0)25	(0)26	-3.66535	-0.852855	-0.105215	0.	-30.5846	58.9662	0.	-0.557452	0.830209	0.	-0.557452	0.830209	0.	-1.85609	1.94667	-33.4503	100.	104.777	0	-1	
4.99953	60.072	261	0	(0)26	(0)27	(0)27	(0)26	(0)27	-3.66608	-0.853578	-0.179802	0.	-30.8437	59.3493	0.	-0.557917	0.829897	0.	-0.557917	0.829897	0.	1.92263	-1.92494	-33.4823	100.	100.018	0	-1	
5.01664	58.4266	262	0	(0)26	(0)28	(0)27	(0)26	(0)27	-3.66536	-0.852861	-0.113227	0.	-31.1042	59.7309	0.	-0.55888	0.829248	0.	-0.55888	0.829248	0.	3.99451	-3.88976	-33.5489	100.	97.1719	0	-1	
5.03263	62.5287	263	0	(0)26	(0)28	(0)28	(0)26	(0)27	-3.66262	-0.850119	-0.150485	0.	-31.3611	60.1154	0.	-0.558341	0.829611	0.	-0.558341	0.829611	0.	-2.23546	2.32967	-33.5117	100.	104.091	0	-1	
5.04954	59.1404	264	0	(0)26	(0)28	(0)28	(0)26	(0)27	-3.66401	-0.851507	-9.74826e-002	0.	-31.6213	60.4973	0.	-0.559108	0.829095	0.	-0.559108	0.829095	0.	3.18014	-3.13458	-33.5647	100.	98.4012	0	-1	
5.06642	59.2527	265	0	(0)26	(0)28	(0)28	(0)26	(0)27	-3.66137	-0.848871	-0.13514	0.	-31.8783	60.8817	0.	-0.558563	0.829462	0.	-0.558563	0.829462	0.	-2.25945	2.23131	-33.527	100.	98.636	0	-1	
5.08389	57.237	266	0	(0)27	(0)28	(0)28	(0)26	(0)27	-3.66253	-0.850034	-8.92419e-002	0.	-32.1384	61.2639	0.	-0.559228	0.829014	0.	-0.559228	0.829014	0.	2.75389	-2.62707	-33.5729	100.	95.2556	0	-1	
5.10003	61.9646	267	0	(0)27	(0)29	(0)28	(0)27	(0)28	-3.65995	-0.847455	-0.155741	0.	-32.3954	61.6483	0.	-0.55868	0.829384	0.	-0.55868	0.829384	0.	-2.27201	2.3464	-33.535	100.	103.15	0	-1	
5.11705	58.7659	268	0	(0)27	(0)29	(0)28	(0)27	(0)28	-3.66071	-0.848207	-0.100305	0.	-32.6559	62.0301	0.	-0.559482	0.828843	0.	-0.559482	0.828843	0.	3.32613	-3.25772	-33.5905	100.	97.7707	0	-1	
5.13352	60.7118	269	0	(0)27	(0)29	(0)29	(0)27	(0)28	-3.65814	-0.845639	-0.136127	0.	-32.9131	62.4143	0.	-0.558963	0.829192	0.	-0.558963	0.829192	0.	-2.14931	2.17481	-33.5546	100.	101.071	0	-1	
5.15042	59.17	270	0	(0)27	(0)29	(0)29	(0)27	(0)28	-3.65932	-0.846816	-8.9772e-002	0.	-33.1734	62.7964	0.	-0.559634	0.82874	0.	-0.559634	0.82874	0.	2.78131	-2.74284	-33.601	100.	98.4712	0	-1	
5.16655	61.992	271	0	(0)27	(0)29	(0)29	(0)27	(0)28	-3.65681	-0.844314	-0.125968	0.	-33.4307	63.1806	0.	-0.55911	0.829093	0.	-0.55911	0.829093	0.	-2.17176	2.24386	-33.5648	100.	103.201	0	-1	
5.18371	58.2705	272	0	(0)28	(0)29	(0)29	(0)27	(0)28	-3.65363	-0.841129	-0.170155	0.	-33.6874	63.5651	0.	-0.558471	0.829524	0.	-0.558471	0.829524	0.	-2.65124	2.57482	-33.5206	100.	96.9808	0	-1	
5.20099	57.8786	273	0	(0)28	(0)30	(0)29	(0)28	(0)29	-3.65531	-0.842805	-5.73096e-002	0.	-33.948	63.9467	0.	-0.55937	0.828918	0.	-0.55937	0.828918	0.	3.72654	-3.59478	-33.5827	100.	96.274	0	-1	
5.21683	63.1067	274	0	(0)28	(0)30	(0)29	(0)28	(0)29	-3.65398	-0.841484	-0.102005	0.	-34.2047	64.3311	0.	-0.558723	0.829354	0.	-0.558723	0.829354	0.	-2.6817	2.82055	-33.538	100.	105.028	0	-1	
5.23285	62.4487	275	0	(0)28	(0)30	(0)30	(0)28	(0)29	-3.65059	-0.83809	-0.154391	0.	-34.4608	64.7159	0.	-0.557964	0.829865	0.	-0.557964	0.829865	0.	-3.14319	3.27147	-33.4856	100.	103.908	0	-1	
5.25017	57.7313	276	0	(0)28	(0)30	(0)30	(0)28	(0)29	-3.65204	-0.839535	-9.95804e-002	0.	-34.7209	65.0979	0.	-0.558758	0.829331	0.	-0.558758	0.829331	0.	3.28864	-3.16429	-33.5405	100.	96.0512	0	-1	
5.26685	59.9358	277	0	(0)28	(0)30	(0)30	(0)28	(0)29	-3.64866	-0.836156	-0.152054	0.	-34.977	65.4826	0.	-0.557998	0.829842	0.	-0.557998	0.829842	0.	-3.14842	3.14505	-33.488	100.	99.7263	0	-1	
5.28346	60.2283	278	0	(0)29	(0)30	(0)30	(0)28	(0)29	-3.65007	-0.837567	-9.83253e-002	0.	-35.2371	65.8647	0.	-0.558776	0.829318	0.	-0.558776	0.829318	0.	3.22372	-3.23599	-33.5417	100.	100.209	0	-1	
5.29963	61.823	279	0	(0)29	(0)31	(0)30	(0)29	(0)30	-3.6467	-0.834196	-1.79195e-002	0.	-35.4932	66.2494	0.	-0.558016	0.82983	0.	-0.558016	0.82983	0.	-3.15113	3.24687	-33.4892	100.	102.866	0	-1	
5.31669	58.6401	280	0	(0)29	(0)31	(0)30	(0)29	(0)30	-3.64715	-0.834652	-8.1623e-002	0.	-35.7485	66.6346	0.	-0.557093	0.83045	0.	-0.557093	0.83045	0.	-3.82221	3.73558	-33.4255	100.	97.5359	0	-1	
5.33379	58.4722	281	0	(0)29	(0)31	(0)31	(0)29	(0)30	-3.64351	-0.831008	-0.142443	0.	-36.0034	67.0199	0.	-0.556211	0.831041	0.	-0.556211	0.831041	0.	-3.64919	3.55627	-33.3647	100.	97.2654	0	-1	
5.35092	58.3704	282	0	(0)29	(0)31	(0)31	(0)29	(0)30	-3.63951	-0.827009	-0.20051	0.	-36.258	67.4056	0.	-0.555368	0.831604	0.	-0.555368	0.831604	0.	-3.48401	3.38938	-33.3066	100.	97.1045	0	-1	
5.36807	58.3068	283	0	(0)30	(0)31	(0)31	(0)29	(0)30	-3.64163	-0.829131	-0.124348	0.	-36.5176	67.7875	0.	-0.556473	0.830865	0.	-0.556473	0.830865	0.	4.56971	-4.44075	-33.3828	100.	96.9434	0	-1	
5.38467	60.2299	284	0	(0)30	(0)31	(0)31	(0)29	(0)30	-3.63774	-0.825238	-0.183234	0.	-36.7724	68.1731	0.	-0.555619	0.831437	0.	-0.555619	0.831437	0.	-3.53315	3.54669	-33.3239	100.	100.195	0	-1	
5.40051	63.1564	285	0	(0)30	(0)32	(0)31	(0)30	(0)31	-3.63961	-0.827106	0.102915	0.	-37.0318	68.5553	0.	-0.556608	0.830775	0.	-0.556608	0.830775	0.	4.08982	-4.30497	-33.392	100.	105.033	0	-1	
5.41722	59.8463	286	0	(0)30	(0)32	(0)32	(0)30	(0)31	-3.6431	-0.830596	2.32831e-002	0.	-37.2856	68.9411	0.	-0.555453	0.831548	0.	-0.555453	0.831548	0.	-4.77791	4.76567	-33.3124	100.	99.4924	0	-1	
5.43329	62.198	287	0	(0)30	(0)32	(0)32	(0)30	(0)31	-3.63961	-0.827113	-5.15087e-002	0.	-37.5391	69.3272	0.	-0.554367	0.832272	0.	-0.554367	0.832272	0.	-4.4875	4.65189	-33.2376	100.	103.418	0	-1	
5.44998	59.915	288	0	(0)30	(0)32	(0)32	(0)30	(0)31	-3.63575	-0.823249	-0.121754	0.	-37.7923	69.7136	0.	-0.553346	0.832951	0.	-0.553346	0.832951	0.	-4.21475	4.20878	-33.1674	100.	99.6359	0	-1	
5.46642	60.8598	289	0	(0)31	(0)32	(0)32	(0)30	(0)31	-3.63153	-0.819029	-0.187731	0.	-38.0452	70.1002	0.	-0.552387	0.833588	0.	-0.552387	0.833588	0.	-3.95857	4.0153	-33.1014	100.	101.221	0	-1	
5.4828	61.0434	290	0	(0)31	(0)33	(0)32	(0)30	(0)31	-3.63346	-0.820964	-0.117485	0.	-38.3033	70.4833	0.	-0.553408	0.83291	0.	-0.553408	0.83291	0.	4.21474	-4.28804	-33.1716	100.	101.512	0	-1	
5.49992	58.4083	291	0	(0)31	(0)33	(0)32	(0)31	(0)32	-3.62927	-0.816765	0.123242	0.	-38.5562	70.8699	0.	-0.552445	0.833549	0.	-0.552445	0.833549	0.	-3.97414	3.86872	-33.1054	100.	97.1426	0	-1	
5.51667	59.7143	292	0	(0)31	(0)33	(0)33	(0)31	(0)32	-3.63125	-0.818749	-6.55677e-002	0.	-39.0578	71.6449	0.	-0.549695	0.835365	0.	-0.549695	0.835365	0.	-5.68761	5.66053	-33.0106	100.	198.454	0	-1	
5.5328	61.9851	293	0	(0)31	(0)33	(0)33	(0)31	(0)32	-3.62636	-0.813856	-0.154508	0.	-39.3079	72.0329	0.	-0.548398	0.836218	0.	-0.548398	0.836218	0.	-5.3364	5.51295	-32.9217	100.	103.018	0	-1	
5.54991	58.4463	294	0	(0)32	(0)33	(0)33	(0)31	(0)32	-3.62101	-0.808514	-0.237956	0.	-39.5577	72.4213	0.	-0.547179	0.837016	0.	-0.547179	0.837016	0.	-5.00687	4.87722	-32.8382	100.	97.1533	0	-1	
5.56596	62.3032	295	0	(0)32	(0)34	(0)33	(0)32	(0)33	-3.62369	-0.811187	0.255965	0.	-39.8141	72.8051	0.	-0.548544	0.836121	0.	-0.548544	0.836121	0.	5.60988	-5.82522	-32.9317	100.	103.532	0	-1	
5.58282	59.2965	296	0	(0)32	(0)34	(0)34	(0)32	(0)33	-3.63055	-0.818046	0.128822	0.	-40.0618	73.194	0.	-0.546688	0.837337	0.	-0.546688	0.837337	0.	-7.62858	7.53914	-32.8046	100.	98.4324	0	-1	

