TrialReplay

Frame:	2
1.	0.	0.	0.	
0.	1.	0.	0.	
0.	0.	1.	0.	
0.	0.	0.	1.	
Dynamic:	0	

Frame:	3
1.	0.	0.	0.	
0.	1.	0.	0.	
0.	0.	1.	0.	
0.	0.	0.	1.	
Dynamic:	0	

Frame:	4
1.	0.	0.	0.	
0.	1.	0.	0.	
0.	0.	1.	0.	
0.	0.	0.	1.	
Dynamic:	0	

Frame:	5
1.	0.	0.	0.	
0.	1.	0.	0.	
0.	0.	1.	0.	
0.	0.	0.	1.	
Dynamic:	0	

Frame:	6
1.	0.	0.	0.	
0.	1.	0.	0.	
0.	0.	1.	0.	
0.	0.	0.	1.	
Dynamic:	0	

Frame:	7
1.	0.	0.	0.	
0.	1.	0.	0.	
0.	0.	1.	0.	
0.	0.	0.	1.	
Dynamic:	0	

Frame:	8
1.	0.	0.	0.	
0.	1.	0.	0.	
0.	0.	1.	0.	
0.	0.	0.	1.	
Dynamic:	0	

Frame:	9
1.	0.	0.	0.	
0.	1.	0.	0.	
0.	0.	1.	0.	
0.	0.	0.	1.	
Dynamic:	0	

Frame:	10
1.	0.	0.	0.	
0.	1.	0.	0.	
0.	0.	1.	0.	
0.	0.	0.	1.	
Dynamic:	0	

Frame:	11
1.	0.	0.	0.	
0.	1.	0.	0.	
0.	0.	1.	0.	
0.	0.	0.	1.	
Dynamic:	0	

Frame:	12
1.	0.	0.	0.	
0.	1.	0.	0.	
0.	0.	1.	0.	
0.	0.	0.	1.	
Dynamic:	0	

Frame:	13
1.	0.	0.	0.	
0.	1.	0.	0.	
0.	0.	1.	0.	
0.	0.	0.	1.	
Dynamic:	0	

Frame:	14
1.	0.	0.	0.	
0.	1.	0.	0.	
0.	0.	1.	0.	
0.	0.	0.	1.	
Dynamic:	0	

Frame:	15
1.	0.	0.	0.	
0.	1.	0.	0.	
0.	0.	1.	0.	
0.	0.	0.	1.	
Dynamic:	0	

Frame:	16
1.	0.	0.	0.	
0.	1.	0.	0.	
0.	0.	1.	0.	
0.	0.	0.	1.	
Dynamic:	0	

Frame:	17
1.	0.	0.	0.	
0.	1.	0.	0.	
0.	0.	1.	0.	
0.	0.	0.	1.	
Dynamic:	0	

Frame:	18
1.	0.	0.	0.	
0.	1.	0.	0.	
0.	0.	1.	0.	
0.	0.	0.	1.	
Dynamic:	0	

Frame:	19
1.	0.	0.	0.	
0.	1.	0.	0.	
0.	0.	1.	0.	
0.	0.	0.	1.	
Dynamic:	0	

Frame:	20
1.	0.	0.	0.	
0.	1.	0.	0.	
0.	0.	1.	0.	
0.	0.	0.	1.	
Dynamic:	0	

Frame:	21
1.	0.	0.	0.	
0.	1.	0.	0.	
0.	0.	1.	0.	
0.	0.	0.	1.	
Dynamic:	0	

Frame:	22
1.	0.	0.	0.	
0.	1.	0.	0.	
0.	0.	1.	0.	
0.	0.	0.	1.	
Dynamic:	0	

Frame:	23
1.	0.	0.	0.	
0.	1.	0.	0.	
0.	0.	1.	0.	
0.	0.	0.	1.	
Dynamic:	0	

Frame:	24
1.	0.	0.	0.	
0.	1.	0.	0.	
0.	0.	1.	0.	
0.	0.	0.	1.	
Dynamic:	0	

Frame:	25
1.	0.	0.	0.	
0.	1.	0.	0.	
0.	0.	1.	0.	
0.	0.	0.	1.	
Dynamic:	0	

Frame:	26
1.	0.	0.	0.	
0.	1.	0.	0.	
0.	0.	1.	0.	
0.	0.	0.	1.	
Dynamic:	0	

Frame:	27
1.	0.	0.	0.	
0.	1.	0.	0.	
0.	0.	1.	0.	
0.	0.	0.	1.	
Dynamic:	0	

Frame:	28
1.	0.	0.	0.	
0.	1.	0.	0.	
0.	0.	1.	0.	
0.	0.	0.	1.	
Dynamic:	0	

Frame:	29
1.	0.	0.	0.	
0.	1.	0.	0.	
0.	0.	1.	0.	
0.	0.	0.	1.	
Dynamic:	0	

Frame:	30
1.	0.	0.	0.	
0.	1.	0.	0.	
0.	0.	1.	0.	
0.	0.	0.	1.	
Dynamic:	0	

Frame:	31
1.	0.	0.	0.	
0.	1.	0.	0.	
0.	0.	1.	0.	
0.	0.	0.	1.	
Dynamic:	0	

Frame:	32
1.	0.	0.	0.	
0.	1.	0.	0.	
0.	0.	1.	0.	
0.	0.	0.	1.	
Dynamic:	0	

Frame:	33
1.	0.	0.	0.	
0.	1.	0.	0.	
0.	0.	1.	0.	
0.	0.	0.	1.	
Dynamic:	0	

Frame:	34
1.	0.	0.	0.	
0.	1.	0.	0.	
0.	0.	1.	0.	
0.	0.	0.	1.	
Dynamic:	0	

Frame:	35
1.	0.	0.	0.	
0.	1.	0.	0.	
0.	0.	1.	0.	
0.	0.	0.	1.	
Dynamic:	0	

Frame:	36
1.	0.	0.	0.	
0.	1.	0.	0.	
0.	0.	1.	0.	
0.	0.	0.	1.	
Dynamic:	0	

Frame:	37
1.	0.	0.	0.	
0.	1.	0.	0.	
0.	0.	1.	0.	
0.	0.	0.	1.	
Dynamic:	0	

Frame:	38
1.	0.	0.	0.	
0.	1.	0.	0.	
0.	0.	1.	0.	
0.	0.	0.	1.	
Dynamic:	0	

Frame:	39
1.	0.	0.	0.	
0.	1.	0.	0.	
0.	0.	1.	0.	
0.	0.	0.	1.	
Dynamic:	0	

Frame:	40
1.	0.	0.	0.	
0.	1.	0.	0.	
0.	0.	1.	0.	
0.	0.	0.	1.	
Dynamic:	0	

Frame:	41
1.	0.	0.	0.	
0.	1.	0.	0.	
0.	0.	1.	0.	
0.	0.	0.	1.	
Dynamic:	0	

Frame:	42
1.	0.	0.	0.	
0.	1.	0.	0.	
0.	0.	1.	0.	
0.	0.	0.	1.	
Dynamic:	0	

Frame:	43
1.	0.	0.	0.	
0.	1.	0.	0.	
0.	0.	1.	0.	
0.	0.	0.	1.	
Dynamic:	0	

Frame:	44
1.	0.	0.	0.	
0.	1.	0.	0.	
0.	0.	1.	0.	
0.	0.	0.	1.	
Dynamic:	0	

Frame:	45
1.	0.	0.	0.	
0.	1.	0.	0.	
0.	0.	1.	0.	
0.	0.	0.	1.	
Dynamic:	0	

Frame:	46
1.	0.	0.	0.	
0.	1.	0.	0.	
0.	0.	1.	0.	
0.	0.	0.	1.	
Dynamic:	0	

Frame:	47
1.	0.	0.	0.	
0.	1.	0.	0.	
0.	0.	1.	0.	
0.	0.	0.	1.	
Dynamic:	0	

Frame:	48
1.	0.	0.	0.	
0.	1.	0.	0.	
0.	0.	1.	0.	
0.	0.	0.	1.	
Dynamic:	0	

Frame:	49
1.	0.	0.	0.	
0.	1.	0.	0.	
0.	0.	1.	0.	
0.	0.	0.	1.	
Dynamic:	0	

Frame:	50
1.	0.	0.	0.	
0.	1.	0.	0.	
0.	0.	1.	0.	
0.	0.	0.	1.	
Dynamic:	0	

Frame:	51
1.	0.	0.	0.	
0.	1.	0.	0.	
0.	0.	1.	0.	
0.	0.	0.	1.	
Dynamic:	0	

Frame:	52
1.	0.	0.	0.	
0.	1.	0.	0.	
0.	0.	1.	0.	
0.	0.	0.	1.	
Dynamic:	0	

Frame:	53
1.	0.	0.	0.	
0.	1.	0.	0.	
0.	0.	1.	0.	
0.	0.	0.	1.	
Dynamic:	0	

Frame:	54
1.	0.	0.	0.	
0.	1.	0.	0.	
0.	0.	1.	0.	
0.	0.	0.	1.	
Dynamic:	0	

Frame:	55
1.	0.	0.	0.	
0.	1.	0.	0.	
0.	0.	1.	0.	
0.	0.	0.	1.	
Dynamic:	0	

Frame:	56
1.	0.	0.	0.	
0.	1.	0.	0.	
0.	0.	1.	0.	
0.	0.	0.	1.	
Dynamic:	0	

Frame:	57
1.	0.	0.	0.	
0.	1.	0.	0.	
0.	0.	1.	0.	
0.	0.	0.	1.	
Dynamic:	0	

Frame:	58
1.	0.	0.	0.	
0.	1.	0.	0.	
0.	0.	1.	0.	
0.	0.	0.	1.	
Dynamic:	0	

Frame:	59
1.	0.	0.	0.	
0.	1.	0.	0.	
0.	0.	1.	0.	
0.	0.	0.	1.	
Dynamic:	0	

Frame:	60
1.	0.	0.	0.	
0.	1.	0.	0.	
0.	0.	1.	0.	
0.	0.	0.	1.	
Dynamic:	0	

Frame:	61
1.	0.	0.	0.	
0.	1.	0.	0.	
0.	0.	1.	0.	
0.	0.	0.	1.	
Dynamic:	0	

Frame:	62
1.	0.	0.	0.	
0.	1.	0.	0.	
0.	0.	1.	0.	
0.	0.	0.	1.	
Dynamic:	0	

Frame:	63
1.	0.	0.	0.	
0.	1.	0.	0.	
0.	0.	1.	0.	
0.	0.	0.	1.	
Dynamic:	0	

Frame:	64
1.	0.	0.	0.	
0.	1.	0.	0.	
0.	0.	1.	0.	
0.	0.	0.	1.	
Dynamic:	0	

Frame:	65
1.	0.	0.	0.	
0.	1.	0.	0.	
0.	0.	1.	0.	
0.	0.	0.	1.	
Dynamic:	0	

Frame:	66
1.	0.	0.	0.	
0.	1.	0.	0.	
0.	0.	1.	0.	
0.	0.	0.	1.	
Dynamic:	0	

Frame:	67
1.	0.	0.	0.	
0.	1.	0.	0.	
0.	0.	1.	0.	
0.	0.	0.	1.	
Dynamic:	0	

Frame:	68
1.	0.	0.	0.	
0.	1.	0.	0.	
0.	0.	1.	0.	
0.	0.	0.	1.	
Dynamic:	0	

Frame:	69
1.	0.	0.	0.	
0.	1.	0.	0.	
0.	0.	1.	0.	
0.	0.	0.	1.	
Dynamic:	0	

Frame:	70
1.	0.	0.	0.	
0.	1.	0.	0.	
0.	0.	1.	0.	
0.	0.	0.	1.	
Dynamic:	0	

Frame:	71
1.	0.	0.	0.	
0.	1.	0.	0.	
0.	0.	1.	0.	
0.	0.	0.	1.	
Dynamic:	0	

Frame:	72
1.	0.	0.	0.	
0.	1.	0.	0.	
0.	0.	1.	0.	
0.	0.	0.	1.	
Dynamic:	0	

Frame:	73
1.	0.	0.	0.	
0.	1.	0.	0.	
0.	0.	1.	0.	
0.	0.	0.	1.	
Dynamic:	0	

Frame:	74
1.	0.	0.	0.	
0.	1.	0.	0.	
0.	0.	1.	0.	
0.	0.	0.	1.	
Dynamic:	0	

Frame:	75
1.	0.	0.	0.	
0.	1.	0.	0.	
0.	0.	1.	0.	
0.	0.	0.	1.	
Dynamic:	0	

Frame:	76
1.	0.	0.	0.	
0.	1.	0.	0.	
0.	0.	1.	0.	
0.	0.	0.	1.	
Dynamic:	0	

Frame:	77
1.	0.	0.	0.	
0.	1.	0.	0.	
0.	0.	1.	0.	
0.	0.	0.	1.	
Dynamic:	0	

Frame:	78
1.	0.	0.	0.	
0.	1.	0.	0.	
0.	0.	1.	0.	
0.	0.	0.	1.	
Dynamic:	0	

Frame:	79
1.	0.	0.	0.	
0.	1.	0.	0.	
0.	0.	1.	0.	
0.	0.	0.	1.	
Dynamic:	0	

Frame:	80
1.	0.	0.	0.	
0.	1.	0.	0.	
0.	0.	1.	0.	
0.	0.	0.	1.	
Dynamic:	0	

Frame:	81
1.	0.	0.	0.	
0.	1.	0.	0.	
0.	0.	1.	0.	
0.	0.	0.	1.	
Dynamic:	0	

Frame:	82
1.	0.	0.	0.	
0.	1.	0.	0.	
0.	0.	1.	0.	
0.	0.	0.	1.	
Dynamic:	0	

Frame:	83
1.	0.	0.	0.	
0.	1.	0.	0.	
0.	0.	1.	0.	
0.	0.	0.	1.	
Dynamic:	0	

Frame:	84
1.	0.	0.	0.	
0.	1.	0.	0.	
0.	0.	1.	0.	
0.	0.	0.	1.	
Dynamic:	0	

Frame:	85
1.	0.	0.	0.	
0.	1.	0.	0.	
0.	0.	1.	0.	
0.	0.	0.	1.	
Dynamic:	0	

Frame:	86
1.	0.	0.	0.	
0.	1.	0.	0.	
0.	0.	1.	0.	
0.	0.	0.	1.	
Dynamic:	0	

Frame:	87
1.	0.	0.	0.	
0.	1.	0.	0.	
0.	0.	1.	0.	
0.	0.	0.	1.	
Dynamic:	0	

Frame:	88
1.	0.	0.	0.	
0.	1.	0.	0.	
0.	0.	1.	0.	
0.	0.	0.	1.	
Dynamic:	0	

Frame:	89
1.	0.	0.	0.	
0.	1.	0.	0.	
0.	0.	1.	0.	
0.	0.	0.	1.	
Dynamic:	0	

Frame:	90
1.	0.	0.	0.	
0.	1.	0.	0.	
0.	0.	1.	0.	
0.	0.	0.	1.	
Dynamic:	0	

Frame:	91
1.	0.	0.	0.	
0.	1.	0.	0.	
0.	0.	1.	0.	
0.	0.	0.	1.	
Dynamic:	0	

Frame:	92
1.	0.	0.	0.	
0.	1.	0.	0.	
0.	0.	1.	0.	
0.	0.	0.	1.	
Dynamic:	0	

Frame:	93
0.999996	2.6565e-003	0.	0.	
-2.6565e-003	0.999996	0.	0.	
0.	0.	1.	0.	
-6.49567e-003	9.77974e-002	0.	1.	
Dynamic:	0	

Frame:	94
0.999981	6.09067e-003	0.	0.	
-6.09067e-003	0.999981	0.	0.	
0.	0.	1.	0.	
-1.45954e-002	0.104502	0.	1.	
Dynamic:	0	

Frame:	95
0.999985	5.52672e-003	0.	0.	
-5.52672e-003	0.999985	0.	0.	
0.	0.	1.	0.	
-1.3316e-002	0.103402	0.	1.	
Dynamic:	0	

Frame:	96
0.999987	5.01499e-003	0.	0.	
-5.01499e-003	0.999987	0.	0.	
0.	0.	1.	0.	
-1.22029e-002	0.102403	0.	1.	
Dynamic:	0	

Frame:	97
0.99999	4.55065e-003	0.	0.	
-4.55065e-003	0.99999	0.	0.	
0.	0.	1.	0.	
-1.12363e-002	0.101495	0.	1.	
Dynamic:	0	

Frame:	98
0.999991	4.12929e-003	0.	0.	
-4.12929e-003	0.999991	0.	0.	
0.	0.	1.	0.	
-1.03985e-002	0.10067	0.	1.	
Dynamic:	0	

Frame:	99
0.999993	3.74695e-003	0.	0.	
-3.74695e-003	0.999993	0.	0.	
0.	0.	1.	0.	
-9.67405e-003	9.99204e-002	0.	1.	
Dynamic:	0	

Frame:	100
0.999994	3.40001e-003	0.	0.	
-3.40001e-003	0.999994	0.	0.	
0.	0.	1.	0.	
-9.04901e-003	9.92386e-002	0.	1.	
Dynamic:	0	

Frame:	101
0.999995	3.0852e-003	0.	0.	
-3.0852e-003	0.999995	0.	0.	
0.	0.	1.	0.	
-8.51118e-003	9.86188e-002	0.	1.	
Dynamic:	0	

Frame:	102
0.999996	2.90132e-003	0.	0.	
-2.90132e-003	0.999996	0.	0.	
0.	0.	1.	0.	
-8.21415e-003	9.82561e-002	0.	1.	
Dynamic:	0	

Frame:	103
0.999996	2.79401e-003	0.	0.	
-2.79401e-003	0.999996	0.	0.	
0.	0.	1.	0.	
-8.05076e-003	9.80439e-002	0.	1.	
Dynamic:	0	

Frame:	104
0.999996	2.69067e-003	0.	0.	
-2.69067e-003	0.999996	0.	0.	
0.	0.	1.	0.	
-7.903e-003	9.78392e-002	0.	1.	
Dynamic:	0	

Frame:	105
0.999997	2.59115e-003	0.	0.	
-2.59115e-003	0.999997	0.	0.	
0.	0.	1.	0.	
-7.76993e-003	9.76416e-002	0.	1.	
Dynamic:	0	

Frame:	106
0.999997	2.49531e-003	0.	0.	
-2.49531e-003	0.999997	0.	0.	
0.	0.	1.	0.	
-7.65066e-003	9.74509e-002	0.	1.	
Dynamic:	0	

Frame:	107
0.999997	2.40302e-003	0.	0.	
-2.40302e-003	0.999997	0.	0.	
0.	0.	1.	0.	
-7.54435e-003	9.72667e-002	0.	1.	
Dynamic:	0	

Frame:	108
0.999997	2.31414e-003	0.	0.	
-2.31414e-003	0.999997	0.	0.	
0.	0.	1.	0.	
-7.45021e-003	9.70889e-002	0.	1.	
Dynamic:	0	

Frame:	109
0.999998	2.22854e-003	0.	0.	
-2.22854e-003	0.999998	0.	0.	
0.	0.	1.	0.	
-7.36747e-003	9.69173e-002	0.	1.	
Dynamic:	0	

Frame:	110
0.999998	2.14612e-003	0.	0.	
-2.14612e-003	0.999998	0.	0.	
0.	0.	1.	0.	
-7.29544e-003	9.67515e-002	0.	1.	
Dynamic:	0	

Frame:	111
0.999998	2.06674e-003	0.	0.	
-2.06674e-003	0.999998	0.	0.	
0.	0.	1.	0.	
-7.23341e-003	9.65914e-002	0.	1.	
Dynamic:	0	

Frame:	112
0.999998	1.9903e-003	0.	0.	
-1.9903e-003	0.999998	0.	0.	
0.	0.	1.	0.	
-7.18076e-003	9.64368e-002	0.	1.	
Dynamic:	0	

Frame:	113
0.999998	1.91668e-003	0.	0.	
-1.91668e-003	0.999998	0.	0.	
0.	0.	1.	0.	
-7.13686e-003	9.62875e-002	0.	1.	
Dynamic:	0	

Frame:	114
0.999998	1.84579e-003	0.	0.	
-1.84579e-003	0.999998	0.	0.	
0.	0.	1.	0.	
-7.10115e-003	9.61432e-002	0.	1.	
Dynamic:	0	

Frame:	115
0.999998	1.77752e-003	0.	0.	
-1.77752e-003	0.999998	0.	0.	
0.	0.	1.	0.	
-7.07308e-003	9.60039e-002	0.	1.	
Dynamic:	0	

Frame:	116
0.999999	1.71177e-003	0.	0.	
-1.71177e-003	0.999999	0.	0.	
0.	0.	1.	0.	
-7.05212e-003	9.58692e-002	0.	1.	
Dynamic:	0	

Frame:	117
0.999999	1.64846e-003	0.	0.	
-1.64846e-003	0.999999	0.	0.	
0.	0.	1.	0.	
-7.0378e-003	9.57392e-002	0.	1.	
Dynamic:	0	

Frame:	118
0.999999	1.58749e-003	0.	0.	
-1.58749e-003	0.999999	0.	0.	
0.	0.	1.	0.	
-7.02964e-003	9.56135e-002	0.	1.	
Dynamic:	0	

Frame:	119
0.999999	1.52877e-003	0.	0.	
-1.52877e-003	0.999999	0.	0.	
0.	0.	1.	0.	
-7.02722e-003	9.54921e-002	0.	1.	
Dynamic:	0	

Frame:	120
0.999999	1.47223e-003	0.	0.	
-1.47223e-003	0.999999	0.	0.	
0.	0.	1.	0.	
-7.03011e-003	9.53747e-002	0.	1.	
Dynamic:	0	

Frame:	121
0.999995	3.25834e-003	0.	0.	
-3.25834e-003	0.999995	0.	0.	
0.	0.	1.	0.	
-6.77713e-003	9.90947e-002	0.	1.	
Dynamic:	0	

Frame:	122
0.999981	6.20414e-003	0.	0.	
-6.20414e-003	0.999981	0.	0.	
0.	0.	1.	0.	
-1.42193e-002	0.19749	0.	1.	
Dynamic:	0	

Frame:	123
0.999986	5.27397e-003	0.	0.	
-5.27397e-003	0.999986	0.	0.	
0.	0.	1.	0.	
-1.45162e-002	0.195537	0.	1.	
Dynamic:	0	

Frame:	124
0.999973	7.32855e-003	0.	0.	
-7.32855e-003	0.999973	0.	0.	
0.	0.	1.	0.	
-2.27626e-002	0.292013	0.	1.	
Dynamic:	0	

Frame:	125
0.999979	6.51931e-003	0.	0.	
-6.51931e-003	0.999979	0.	0.	
0.	0.	1.	0.	
-2.33172e-002	0.290285	0.	1.	
Dynamic:	0	

Frame:	126
0.99997	7.73253e-003	0.	0.	
-7.73253e-003	0.99997	0.	0.	
0.	0.	1.	0.	
-3.27418e-002	0.384897	0.	1.	
Dynamic:	0	

Frame:	127
0.999978	6.59407e-003	0.	0.	
-6.59407e-003	0.999978	0.	0.	
0.	0.	1.	0.	
-3.41499e-002	0.382395	0.	1.	
Dynamic:	0	

Frame:	128
0.999975	7.02901e-003	0.	0.	
-7.02901e-003	0.999975	0.	0.	
0.	0.	1.	0.	
-4.52943e-002	0.475202	0.	1.	
Dynamic:	0	

Frame:	129
0.999984	5.7354e-003	0.	0.	
-5.7354e-003	0.999984	0.	0.	
0.	0.	1.	0.	
-4.78475e-002	0.472243	0.	1.	
Dynamic:	0	

Frame:	130
0.999924	1.23624e-002	0.	0.	
-1.23624e-002	0.999924	0.	0.	
0.	0.	1.	0.	
-3.17689e-002	0.48786	0.	1.	
Dynamic:	0	

Frame:	131
0.999952	9.78526e-003	0.	0.	
-9.78526e-003	0.999952	0.	0.	
0.	0.	1.	0.	
-3.91901e-002	0.481601	0.	1.	
Dynamic:	0	

Frame:	132
0.999954	9.59416e-003	0.	0.	
-9.59416e-003	0.999954	0.	0.	
0.	0.	1.	0.	
-3.98285e-002	0.481124	0.	1.	
Dynamic:	0	

Frame:	133
0.999981	6.24002e-003	0.	0.	
-6.24002e-003	0.999981	0.	0.	
0.	0.	1.	0.	
-5.2579e-002	0.472517	0.	1.	
Dynamic:	0	

Frame:	134
0.999978	-6.68354e-003	0.	0.	
6.68354e-003	0.999978	0.	0.	
0.	0.	1.	0.	
-0.105968	0.42757	0.	1.	
Dynamic:	0	

Frame:	135
0.999924	1.23624e-002	0.	0.	
-1.23624e-002	0.999924	0.	0.	
0.	0.	1.	0.	
-1.79904e-002	0.490263	0.	1.	
Dynamic:	0	

Frame:	136
0.999924	1.23624e-002	0.	0.	
-1.23624e-002	0.999924	0.	0.	
0.	0.	1.	0.	
-1.79904e-002	0.490263	0.	1.	
Dynamic:	0	

Frame:	137
0.999962	8.70001e-003	0.	0.	
-8.70001e-003	0.999962	0.	0.	
0.	0.	1.	0.	
-3.85197e-002	0.479617	0.	1.	
Dynamic:	0	

Frame:	138
0.999964	8.54316e-003	0.	0.	
-8.54316e-003	0.999964	0.	0.	
0.	0.	1.	0.	
-3.9471e-002	0.479148	0.	1.	
Dynamic:	0	

Frame:	139
0.999985	5.56712e-003	0.	0.	
-5.56712e-003	0.999985	0.	0.	
0.	0.	1.	0.	
-5.88822e-002	0.470005	0.	1.	
Dynamic:	0	

Frame:	140
0.999976	-6.92178e-003	0.	0.	
6.92178e-003	0.999976	0.	0.	
0.	0.	1.	0.	
-0.143847	0.419569	0.	1.	
Dynamic:	0	

Frame:	141
0.999924	1.23624e-002	0.	0.	
-1.23624e-002	0.999924	0.	0.	
0.	0.	1.	0.	
-2.94694e-003	0.493521	0.	1.	
Dynamic:	0	

Frame:	142
0.999928	1.19748e-002	0.	0.	
-1.19748e-002	0.999928	0.	0.	
0.	0.	1.	0.	
-5.99035e-003	0.4922	0.	1.	
Dynamic:	0	

Frame:	143
0.999969	7.81957e-003	0.	0.	
-7.81957e-003	0.999969	0.	0.	
0.	0.	1.	0.	
-4.05173e-002	0.47768	0.	1.	
Dynamic:	0	

Frame:	144
0.99997	7.69129e-003	0.	0.	
-7.69129e-003	0.99997	0.	0.	
0.	0.	1.	0.	
-4.16419e-002	0.47722	0.	1.	
Dynamic:	0	

Frame:	145
0.999987	5.0224e-003	0.	0.	
-5.0224e-003	0.999987	0.	0.	
0.	0.	1.	0.	
-6.62509e-002	0.467384	0.	1.	
Dynamic:	0	

Frame:	146
0.999924	1.23624e-002	0.	0.	
-1.23624e-002	0.999924	0.	0.	
0.	0.	1.	0.	
4.65598e-003	0.495449	0.	1.	
Dynamic:	0	

Frame:	147
0.999969	7.84655e-003	0.	0.	
-7.84655e-003	0.999969	0.	0.	
0.	0.	1.	0.	
-4.0965e-002	0.477581	0.	1.	
Dynamic:	0	

Frame:	148
0.99997	7.7311e-003	0.	0.	
-7.7311e-003	0.99997	0.	0.	
0.	0.	1.	0.	
-4.21839e-002	0.477113	0.	1.	
Dynamic:	0	

Frame:	149
0.999987	5.0593e-003	0.	0.	
-5.0593e-003	0.999987	0.	0.	
0.	0.	1.	0.	
-7.15955e-002	0.465974	0.	1.	
Dynamic:	0	

Frame:	150
0.999986	-5.36039e-003	0.	0.	
5.36039e-003	0.999986	0.	0.	
0.	0.	1.	0.	
-0.188687	0.413205	0.	1.	
Dynamic:	0	

Frame:	151
0.999987	5.11317e-003	0.	0.	
-5.11317e-003	0.999987	0.	0.	
0.	0.	1.	0.	
-6.63678e-002	0.467549	0.	1.	
Dynamic:	0	

Frame:	152
0.999924	1.23624e-002	0.	0.	
-1.23624e-002	0.999924	0.	0.	
0.	0.	1.	0.	
2.29515e-002	0.50081	0.	1.	
Dynamic:	0	

Frame:	153
0.999981	6.16555e-003	0.	0.	
-6.16555e-003	0.999981	0.	0.	
0.	0.	1.	0.	
-5.67217e-002	0.471325	0.	1.	
Dynamic:	0	

Frame:	154
0.999987	5.07118e-003	0.	0.	
-5.07118e-003	0.999987	0.	0.	
0.	0.	1.	0.	
-7.16729e-002	0.465897	0.	1.	
Dynamic:	0	

Frame:	155
0.999991	4.17105e-003	0.	0.	
-4.17105e-003	0.999991	0.	0.	
0.	0.	1.	0.	
-8.43712e-002	0.461316	0.	1.	
Dynamic:	0	

Frame:	156
0.999963	8.65715e-003	0.	0.	
-8.65715e-003	0.999963	0.	0.	
0.	0.	1.	0.	
-1.91546e-002	0.484917	0.	1.	
Dynamic:	0	

Frame:	157
0.999976	6.97556e-003	0.	0.	
-6.97556e-003	0.999976	0.	0.	
0.	0.	1.	0.	
-4.43258e-002	0.475786	0.	1.	
Dynamic:	0	

Frame:	158
0.999983	5.74729e-003	0.	0.	
-5.74729e-003	0.999983	0.	0.	
0.	0.	1.	0.	
-6.32583e-002	0.468957	0.	1.	
Dynamic:	0	

Frame:	159
0.999989	4.73529e-003	0.	0.	
-4.73529e-003	0.999989	0.	0.	
0.	0.	1.	0.	
-7.93051e-002	0.463193	0.	1.	
Dynamic:	0	

Frame:	160
0.999992	3.90148e-003	0.	0.	
-3.90148e-003	0.999992	0.	0.	
0.	0.	1.	0.	
-9.28941e-002	0.458325	0.	1.	
Dynamic:	0	

Frame:	161
0.999989	-4.6577e-003	0.	0.	
4.6577e-003	0.999989	0.	0.	
0.	0.	1.	0.	
-0.23366	0.400225	0.	1.	
Dynamic:	0	

Frame:	162
0.999947	1.03169e-002	0.	0.	
-1.03169e-002	0.999947	0.	0.	
0.	0.	1.	0.	
2.07771e-002	0.499455	0.	1.	
Dynamic:	0	

Frame:	163
0.999976	6.88929e-003	0.	0.	
-6.88929e-003	0.999976	0.	0.	
0.	0.	1.	0.	
-3.94381e-002	0.477561	0.	1.	
Dynamic:	0	

Frame:	164
0.999984	5.68566e-003	0.	0.	
-5.68566e-003	0.999984	0.	0.	
0.	0.	1.	0.	
-6.11222e-002	0.469725	0.	1.	
Dynamic:	0	

Frame:	165
0.999989	4.69231e-003	0.	0.	
-4.69231e-003	0.999989	0.	0.	
0.	0.	1.	0.	
-7.94542e-002	0.463113	0.	1.	
Dynamic:	0	

Frame:	166
0.999993	3.8725e-003	0.	0.	
-3.8725e-003	0.999993	0.	0.	
0.	0.	1.	0.	
-9.49421e-002	0.457532	0.	1.	
Dynamic:	0	

Frame:	167
0.999993	-3.66456e-003	0.	0.	
3.66456e-003	0.999993	0.	0.	
0.	0.	1.	0.	
-0.238521	0.399752	0.	1.	
Dynamic:	0	

Frame:	168
0.999951	9.87424e-003	0.	0.	
-9.87424e-003	0.999951	0.	0.	
0.	0.	1.	0.	
2.66873e-002	0.502005	0.	1.	
Dynamic:	0	

Frame:	169
0.99998	6.39774e-003	0.	0.	
-6.39774e-003	0.99998	0.	0.	
0.	0.	1.	0.	
-4.33628e-002	0.476297	0.	1.	
Dynamic:	0	

Frame:	170
0.999986	5.28833e-003	0.	0.	
-5.28833e-003	0.999986	0.	0.	
0.	0.	1.	0.	
-6.6211e-002	0.46795	0.	1.	
Dynamic:	0	

Frame:	171
0.99999	4.37129e-003	0.	0.	
-4.37129e-003	0.99999	0.	0.	
0.	0.	1.	0.	
-8.54962e-002	0.460907	0.	1.	
Dynamic:	0	

Frame:	172
0.999993	3.61328e-003	0.	0.	
-3.61328e-003	0.999993	0.	0.	
0.	0.	1.	0.	
-0.101766	0.454963	0.	1.	
Dynamic:	0	

Frame:	173
0.99997	7.6829e-003	0.	0.	
-7.6829e-003	0.99997	0.	0.	
0.	0.	1.	0.	
-1.2738e-002	0.48776	0.	1.	
Dynamic:	0	

Frame:	174
0.999984	5.58104e-003	0.	0.	
-5.58104e-003	0.999984	0.	0.	
0.	0.	1.	0.	
-5.95953e-002	0.47039	0.	1.	
Dynamic:	0	

Frame:	175
0.999989	4.62004e-003	0.	0.	
-4.62004e-003	0.999989	0.	0.	
0.	0.	1.	0.	
-8.14384e-002	0.462302	0.	1.	
Dynamic:	0	

Frame:	176
0.999993	3.82451e-003	0.	0.	
-3.82451e-003	0.999993	0.	0.	
0.	0.	1.	0.	
-9.98627e-002	0.455472	0.	1.	
Dynamic:	0	

Frame:	177
0.999995	3.16596e-003	0.	0.	
-3.16596e-003	0.999995	0.	0.	
0.	0.	1.	0.	
-0.115397	0.449705	0.	1.	
Dynamic:	0	

Frame:	178
0.999995	-3.25126e-003	0.	0.	
3.25126e-003	0.999995	0.	0.	
0.	0.	1.	0.	
-0.267395	0.387784	0.	1.	
Dynamic:	0	

Frame:	179
0.999966	8.26066e-003	0.	0.	
-8.26066e-003	0.999966	0.	0.	
0.	0.	1.	0.	
1.16301e-002	0.497769	0.	1.	
Dynamic:	0	

Frame:	180
0.999986	5.34203e-003	0.	0.	
-5.34203e-003	0.999986	0.	0.	
0.	0.	1.	0.	
-6.07995e-002	0.470293	0.	1.	
Dynamic:	0	

Frame:	181
0.99999	4.42812e-003	0.	0.	
-4.42812e-003	0.99999	0.	0.	
0.	0.	1.	0.	
-8.38789e-002	0.461554	0.	1.	
Dynamic:	0	

Frame:	182
0.999993	3.67056e-003	0.	0.	
-3.67056e-003	0.999993	0.	0.	
0.	0.	1.	0.	
-0.103333	0.454177	0.	1.	
Dynamic:	0	

Frame:	183
0.999995	3.04261e-003	0.	0.	
-3.04261e-003	0.999995	0.	0.	
0.	0.	1.	0.	
-0.119726	0.447948	0.	1.	
Dynamic:	0	

Frame:	184
0.999996	2.8982e-003	0.	0.	
-2.8982e-003	0.999996	0.	0.	
0.	0.	1.	0.	
-0.123556	0.446488	0.	1.	
Dynamic:	0	

Frame:	185
0.999986	5.28661e-003	0.	0.	
-5.28661e-003	0.999986	0.	0.	
0.	0.	1.	0.	
-5.92335e-002	0.471189	0.	1.	
Dynamic:	0	

Frame:	186
0.99999	4.38744e-003	0.	0.	
-4.38744e-003	0.99999	0.	0.	
0.	0.	1.	0.	
-8.38163e-002	0.461688	0.	1.	
Dynamic:	0	

Frame:	187
0.999993	3.6412e-003	0.	0.	
-3.6412e-003	0.999993	0.	0.	
0.	0.	1.	0.	
-0.104534	0.453667	0.	1.	
Dynamic:	0	

Frame:	188
0.999995	3.02189e-003	0.	0.	
-3.02189e-003	0.999995	0.	0.	
0.	0.	1.	0.	
-0.121989	0.446894	0.	1.	
Dynamic:	0	

Frame:	189
0.999996	2.73841e-003	0.	0.	
-2.73841e-003	0.999996	0.	0.	
0.	0.	1.	0.	
-0.130097	0.443738	0.	1.	
Dynamic:	0	

Frame:	190
0.999995	-3.05709e-003	0.	0.	
3.05709e-003	0.999995	0.	0.	
0.	0.	1.	0.	
-0.296107	0.373879	0.	1.	
Dynamic:	0	

Frame:	191
0.999978	6.68297e-003	0.	0.	
-6.68297e-003	0.999978	0.	0.	
0.	0.	1.	0.	
-1.17401e-002	0.49072	0.	1.	
Dynamic:	0	

Frame:	192
0.99999	4.38591e-003	0.	0.	
-4.38591e-003	0.99999	0.	0.	
0.	0.	1.	0.	
-8.0203e-002	0.463525	0.	1.	
Dynamic:	0	

Frame:	193
0.999993	3.64372e-003	0.	0.	
-3.64372e-003	0.999993	0.	0.	
0.	0.	1.	0.	
-0.102642	0.454614	0.	1.	
Dynamic:	0	

Frame:	194
0.999995	3.02712e-003	0.	0.	
-3.02712e-003	0.999995	0.	0.	
0.	0.	1.	0.	
-0.121542	0.447091	0.	1.	
Dynamic:	0	

Frame:	195
0.999997	2.59774e-003	0.	0.	
-2.59774e-003	0.999997	0.	0.	
0.	0.	1.	0.	
-0.134882	0.441766	0.	1.	
Dynamic:	0	

Frame:	196
0.999997	2.37841e-003	0.	0.	
-2.37841e-003	0.999997	0.	0.	
0.	0.	1.	0.	
-0.141787	0.439002	0.	1.	
Dynamic:	0	

Frame:	197
0.999991	4.3459e-003	0.	0.	
-4.3459e-003	0.999991	0.	0.	
0.	0.	1.	0.	
-7.90661e-002	0.464288	0.	1.	
Dynamic:	0	

Frame:	198
0.999993	3.61362e-003	0.	0.	
-3.61362e-003	0.999993	0.	0.	
0.	0.	1.	0.	
-0.102703	0.454701	0.	1.	
Dynamic:	0	

Frame:	199
0.999995	3.00472e-003	0.	0.	
-3.00472e-003	0.999995	0.	0.	
0.	0.	1.	0.	
-0.12261	0.446609	0.	1.	
Dynamic:	0	

Frame:	200
0.999997	2.4532e-003	0.	0.	
-2.4532e-003	0.999997	0.	0.	
0.	0.	1.	0.	
-0.14087	0.439167	0.	1.	
Dynamic:	0	

Frame:	201
0.999997	2.24687e-003	0.	0.	
-2.24687e-003	0.999997	0.	0.	
0.	0.	1.	0.	
-0.147786	0.43634	0.	1.	
Dynamic:	0	

Frame:	202
0.999997	-2.38465e-003	0.	0.	
2.38465e-003	0.999997	0.	0.	
0.	0.	1.	0.	
-0.303102	0.368663	0.	1.	
Dynamic:	0	

Frame:	203
0.999985	5.5017e-003	0.	0.	
-5.5017e-003	0.999985	0.	0.	
0.	0.	1.	0.	
-3.42654e-002	0.483602	0.	1.	
Dynamic:	0	

Frame:	204
0.999994	3.58534e-003	0.	0.	
-3.58534e-003	0.999994	0.	0.	
0.	0.	1.	0.	
-0.100761	0.455908	0.	1.	
Dynamic:	0	

Frame:	205
0.999996	2.98327e-003	0.	0.	
-2.98327e-003	0.999996	0.	0.	
0.	0.	1.	0.	
-0.121906	0.447098	0.	1.	
Dynamic:	0	

Frame:	206
0.999997	2.31553e-003	0.	0.	
-2.31553e-003	0.999997	0.	0.	
0.	0.	1.	0.	
-0.145632	0.437189	0.	1.	
Dynamic:	0	

Frame:	207
0.999998	2.12135e-003	0.	0.	
-2.12135e-003	0.999998	0.	0.	
0.	0.	1.	0.	
-0.152611	0.434266	0.	1.	
Dynamic:	0	

Frame:	208
0.999998	1.94345e-003	0.	0.	
-1.94345e-003	0.999998	0.	0.	
0.	0.	1.	0.	
-0.159077	0.431548	0.	1.	
Dynamic:	0	

Frame:	209
0.999994	3.59881e-003	0.	0.	
-3.59881e-003	0.999994	0.	0.	
0.	0.	1.	0.	
-9.82655e-002	0.457262	0.	1.	
Dynamic:	0	

Frame:	210
0.999996	2.9537e-003	0.	0.	
-2.9537e-003	0.999996	0.	0.	
0.	0.	1.	0.	
-0.122218	0.44708	0.	1.	
Dynamic:	0	

Frame:	211
0.999998	2.18003e-003	0.	0.	
-2.18003e-003	0.999998	0.	0.	
0.	0.	1.	0.	
-0.151262	0.434708	0.	1.	
Dynamic:	0	

Frame:	212
0.999998	1.99758e-003	0.	0.	
-1.99758e-003	0.999998	0.	0.	
0.	0.	1.	0.	
-0.158185	0.431751	0.	1.	
Dynamic:	0	

Frame:	213
0.999998	1.8304e-003	0.	0.	
-1.8304e-003	0.999998	0.	0.	
0.	0.	1.	0.	
-0.164597	0.429003	0.	1.	
Dynamic:	0	

Frame:	214
0.999993	3.72358e-003	0.	0.	
-3.72358e-003	0.999993	0.	0.	
0.	0.	1.	0.	
-9.12672e-002	0.460627	0.	1.	
Dynamic:	0	

Frame:	215
0.999998	2.19626e-003	0.	0.	
-2.19626e-003	0.999998	0.	0.	
0.	0.	1.	0.	
-0.151028	0.434742	0.	1.	
Dynamic:	0	

Frame:	216
0.999998	2.01264e-003	0.	0.	
-2.01264e-003	0.999998	0.	0.	
0.	0.	1.	0.	
-0.158289	0.431593	0.	1.	
Dynamic:	0	

Frame:	217
0.999998	1.84436e-003	0.	0.	
-1.84436e-003	0.999998	0.	0.	
0.	0.	1.	0.	
-0.16501	0.428668	0.	1.	
Dynamic:	0	

Frame:	218
0.999999	1.69016e-003	0.	0.	
-1.69016e-003	0.999999	0.	0.	
0.	0.	1.	0.	
-0.17123	0.425951	0.	1.	
Dynamic:	0	

Frame:	219
0.999999	1.54885e-003	0.	0.	
-1.54885e-003	0.999999	0.	0.	
0.	0.	1.	0.	
-0.176987	0.423428	0.	1.	
Dynamic:	0	

Frame:	220
0.999999	-1.7205e-003	0.	0.	
1.7205e-003	0.999999	0.	0.	
0.	0.	1.	0.	
-0.310045	0.36201	0.	1.	
Dynamic:	0	

Frame:	221
0.999993	3.75766e-003	0.	0.	
-3.75766e-003	0.999993	0.	0.	
0.	0.	1.	0.	
-8.40183e-002	0.464799	0.	1.	
Dynamic:	0	

Frame:	222
0.999998	2.018e-003	0.	0.	
-2.018e-003	0.999998	0.	0.	
0.	0.	1.	0.	
-0.156905	0.432397	0.	1.	
Dynamic:	0	

Frame:	223
0.999998	1.79654e-003	0.	0.	
-1.79654e-003	0.999998	0.	0.	
0.	0.	1.	0.	
-0.166275	0.428228	0.	1.	
Dynamic:	0	

Frame:	224
0.999999	1.64633e-003	0.	0.	
-1.64633e-003	0.999999	0.	0.	
0.	0.	1.	0.	
-0.17269	0.425364	0.	1.	
Dynamic:	0	

Frame:	225
0.999999	1.50868e-003	0.	0.	
-1.50868e-003	0.999999	0.	0.	
0.	0.	1.	0.	
-0.178623	0.422708	0.	1.	
Dynamic:	0	

Frame:	226
0.999999	1.32434e-003	0.	0.	
-1.32434e-003	0.999999	0.	0.	
0.	0.	1.	0.	
-0.186642	0.419107	0.	1.	
Dynamic:	0	

Frame:	227
0.999996	2.78553e-003	0.	0.	
-2.78553e-003	0.999996	0.	0.	
0.	0.	1.	0.	
-0.122524	0.448052	0.	1.	
Dynamic:	0	

Frame:	228
0.999999	1.64342e-003	0.	0.	
-1.64342e-003	0.999999	0.	0.	
0.	0.	1.	0.	
-0.173085	0.425139	0.	1.	
Dynamic:	0	

Frame:	229
0.999999	1.50586e-003	0.	0.	
-1.50586e-003	0.999999	0.	0.	
0.	0.	1.	0.	
-0.179231	0.422349	0.	1.	
Dynamic:	0	

Frame:	230
0.999999	1.24875e-003	0.	0.	
-1.24875e-003	0.999999	0.	0.	
0.	0.	1.	0.	
-0.190819	0.417073	0.	1.	
Dynamic:	0	

Frame:	231
0.999999	1.17898e-003	0.	0.	
-1.17898e-003	0.999999	0.	0.	
0.	0.	1.	0.	
-0.193991	0.415625	0.	1.	
Dynamic:	0	

Frame:	232
0.999999	1.11311e-003	0.	0.	
-1.11311e-003	0.999999	0.	0.	
0.	0.	1.	0.	
-0.197011	0.414242	0.	1.	
Dynamic:	0	

Frame:	233
0.999997	2.36424e-003	0.	0.	
-2.36424e-003	0.999997	0.	0.	
0.	0.	1.	0.	
-0.139165	0.440865	0.	1.	
Dynamic:	0	

Frame:	234
0.999999	1.26969e-003	0.	0.	
-1.26969e-003	0.999999	0.	0.	
0.	0.	1.	0.	
-0.190197	0.417297	0.	1.	
Dynamic:	0	

Frame:	235
0.999999	1.10437e-003	0.	0.	
-1.10437e-003	0.999999	0.	0.	
0.	0.	1.	0.	
-0.197971	0.413701	0.	1.	
Dynamic:	0	

Frame:	236
0.999999	1.04249e-003	0.	0.	
-1.04249e-003	0.999999	0.	0.	
0.	0.	1.	0.	
-0.200905	0.412339	0.	1.	
Dynamic:	0	

Frame:	237
1.	9.84084e-004	0.	0.	
-9.84084e-004	1.	0.	0.	
0.	0.	1.	0.	
-0.203698	0.41104	0.	1.	
Dynamic:	0	

Frame:	238
1.	8.33178e-004	0.	0.	
-8.33178e-004	1.	0.	0.	
0.	0.	1.	0.	
-0.210972	0.407646	0.	1.	
Dynamic:	0	

Frame:	239
0.999998	2.18375e-003	0.	0.	
-2.18375e-003	0.999998	0.	0.	
0.	0.	1.	0.	
-0.145367	0.438402	0.	1.	
Dynamic:	0	

Frame:	240
0.999999	1.17276e-003	0.	0.	
-1.17276e-003	0.999999	0.	0.	
0.	0.	1.	0.	
-0.194865	0.415116	0.	1.	
Dynamic:	0	

Frame:	241
1.	7.38483e-004	0.	0.	
-7.38483e-004	1.	0.	0.	
0.	0.	1.	0.	
-0.216303	0.405019	0.	1.	
Dynamic:	0	

Frame:	242
1.	2.87923e-004	0.	0.	
-2.87923e-004	1.	0.	0.	
0.	0.	1.	0.	
-0.238724	0.394439	0.	1.	
Dynamic:	0	

Frame:	243
1.	1.54625e-004	0.	0.	
-1.54625e-004	1.	0.	0.	
0.	0.	1.	0.	
-0.245409	0.391277	0.	1.	
Dynamic:	0	

Frame:	244
1.	8.30396e-005	0.	0.	
-8.30396e-005	1.	0.	0.	
0.	0.	1.	0.	
-0.249028	0.389561	0.	1.	
Dynamic:	0	

Frame:	245
0.999996	2.7605e-003	0.	0.	
-2.7605e-003	0.999996	0.	0.	
0.	0.	1.	0.	
-0.112738	0.454591	0.	1.	
Dynamic:	0	

Frame:	246
0.999999	1.48249e-003	0.	0.	
-1.48249e-003	0.999999	0.	0.	
0.	0.	1.	0.	
-0.178265	0.423181	0.	1.	
Dynamic:	0	

Frame:	247
1.	7.96155e-004	0.	0.	
-7.96155e-004	1.	0.	0.	
0.	0.	1.	0.	
-0.213737	0.406172	0.	1.	
Dynamic:	0	

Frame:	248
1.	-4.32876e-004	0.	0.	
4.32876e-004	1.	0.	0.	
0.	0.	1.	0.	
-0.277356	0.374848	0.	1.	
Dynamic:	0	

Frame:	249
1.	6.2797e-004	0.	0.	
-6.2797e-004	1.	0.	0.	
0.	0.	1.	0.	
-0.222087	0.402235	0.	1.	
Dynamic:	0	

Frame:	250
1.	-4.36004e-004	0.	0.	
4.36004e-004	1.	0.	0.	
0.	0.	1.	0.	
-0.277928	0.374493	0.	1.	
Dynamic:	0	

Frame:	251
0.999997	2.63871e-003	0.	0.	
-2.63871e-003	0.999997	0.	0.	
0.	0.	1.	0.	
-0.114678	0.454443	0.	1.	
Dynamic:	0	

Frame:	252
0.999999	1.41708e-003	0.	0.	
-1.41708e-003	0.999999	0.	0.	
0.	0.	1.	0.	
-0.180144	0.422551	0.	1.	
Dynamic:	0	

Frame:	253
1.	7.61027e-004	0.	0.	
-7.61027e-004	1.	0.	0.	
0.	0.	1.	0.	
-0.21557	0.405288	0.	1.	
Dynamic:	0	

Frame:	254
1.	-4.10774e-004	0.	0.	
4.10774e-004	1.	0.	0.	
0.	0.	1.	0.	
-0.278938	0.373631	0.	1.	
Dynamic:	0	

Frame:	255
1.	5.98873e-004	0.	0.	
-5.98873e-004	1.	0.	0.	
0.	0.	1.	0.	
-0.224002	0.401243	0.	1.	
Dynamic:	0	

Frame:	256
1.	-4.14452e-004	0.	0.	
4.14452e-004	1.	0.	0.	
0.	0.	1.	0.	
-0.279526	0.373268	0.	1.	
Dynamic:	0	

Frame:	257
0.999998	1.99702e-003	0.	0.	
-1.99702e-003	0.999998	0.	0.	
0.	0.	1.	0.	
-0.145971	0.439746	0.	1.	
Dynamic:	0	

Frame:	258
0.999999	1.07247e-003	0.	0.	
-1.07247e-003	0.999999	0.	0.	
0.	0.	1.	0.	
-0.197662	0.414207	0.	1.	
Dynamic:	0	

Frame:	259
1.	5.75958e-004	0.	0.	
-5.75958e-004	1.	0.	0.	
0.	0.	1.	0.	
-0.225623	0.400383	0.	1.	
Dynamic:	0	

Frame:	260
1.	-5.39914e-004	0.	0.	
5.39914e-004	1.	0.	0.	
0.	0.	1.	0.	
-0.288404	0.368317	0.	1.	
Dynamic:	0	

Frame:	261
1.	5.59271e-004	0.	0.	
-5.59271e-004	1.	0.	0.	
0.	0.	1.	0.	
-0.226147	0.400198	0.	1.	
Dynamic:	0	

Frame:	262
0.999999	1.16196e-003	0.	0.	
-1.16196e-003	0.999999	0.	0.	
0.	0.	1.	0.	
-0.191514	0.417446	0.	1.	
Dynamic:	0	

Frame:	263
1.	-6.50269e-004	0.	0.	
6.50269e-004	1.	0.	0.	
0.	0.	1.	0.	
-0.295763	0.364261	0.	1.	
Dynamic:	0	

Frame:	264
1.	9.25064e-004	0.	0.	
-9.25064e-004	1.	0.	0.	
0.	0.	1.	0.	
-0.204613	0.41101	0.	1.	
Dynamic:	0	

Frame:	265
1.	-6.57247e-004	0.	0.	
6.57247e-004	1.	0.	0.	
0.	0.	1.	0.	
-0.29677	0.36364	0.	1.	
Dynamic:	0	

Frame:	266
1.	8.01075e-004	0.	0.	
-8.01075e-004	1.	0.	0.	
0.	0.	1.	0.	
-0.211322	0.407743	0.	1.	
Dynamic:	0	

Frame:	267
1.	-6.609e-004	0.	0.	
6.609e-004	1.	0.	0.	
0.	0.	1.	0.	
-0.297542	0.363149	0.	1.	
Dynamic:	0	

Frame:	268
1.	9.67533e-004	0.	0.	
-9.67533e-004	1.	0.	0.	
0.	0.	1.	0.	
-0.200813	0.413143	0.	1.	
Dynamic:	0	

Frame:	269
1.	-6.2521e-004	0.	0.	
6.2521e-004	1.	0.	0.	
0.	0.	1.	0.	
-0.296052	0.363862	0.	1.	
Dynamic:	0	

Frame:	270
1.	8.0905e-004	0.	0.	
-8.0905e-004	1.	0.	0.	
0.	0.	1.	0.	
-0.209796	0.408691	0.	1.	
Dynamic:	0	

Frame:	271
1.	-6.31739e-004	0.	0.	
6.31739e-004	1.	0.	0.	
0.	0.	1.	0.	
-0.296994	0.36328	0.	1.	
Dynamic:	0	

Frame:	272
1.	-7.71215e-004	0.	0.	
7.71215e-004	1.	0.	0.	
0.	0.	1.	0.	
-0.305418	0.358745	0.	1.	
Dynamic:	0	

Frame:	273
0.999999	1.08401e-003	0.	0.	
-1.08401e-003	0.999999	0.	0.	
0.	0.	1.	0.	
-0.19168	0.418125	0.	1.	
Dynamic:	0	

Frame:	274
1.	-7.80074e-004	0.	0.	
7.80074e-004	1.	0.	0.	
0.	0.	1.	0.	
-0.306671	0.357973	0.	1.	
Dynamic:	0	

Frame:	275
1.	-9.14316e-004	0.	0.	
9.14316e-004	1.	0.	0.	
0.	0.	1.	0.	
-0.314934	0.353505	0.	1.	
Dynamic:	0	

Frame:	276
1.	9.56626e-004	0.	0.	
-9.56626e-004	1.	0.	0.	
0.	0.	1.	0.	
-0.198202	0.415015	0.	1.	
Dynamic:	0	

Frame:	277
1.	-9.15838e-004	0.	0.	
9.15838e-004	1.	0.	0.	
0.	0.	1.	0.	
-0.315746	0.352971	0.	1.	
Dynamic:	0	

Frame:	278
1.	9.37743e-004	0.	0.	
-9.37743e-004	1.	0.	0.	
0.	0.	1.	0.	
-0.198685	0.41488	0.	1.	
Dynamic:	0	

Frame:	279
1.	-9.16626e-004	0.	0.	
9.16626e-004	1.	0.	0.	
0.	0.	1.	0.	
-0.316507	0.352466	0.	1.	
Dynamic:	0	

Frame:	280
0.999999	-1.11184e-003	0.	0.	
1.11184e-003	0.999999	0.	0.	
0.	0.	1.	0.	
-0.328898	0.345718	0.	1.	
Dynamic:	0	

Frame:	281
0.999999	-1.06151e-003	0.	0.	
1.06151e-003	0.999999	0.	0.	
0.	0.	1.	0.	
-0.325684	0.347471	0.	1.	
Dynamic:	0	

Frame:	282
0.999999	-1.01346e-003	0.	0.	
1.01346e-003	0.999999	0.	0.	
0.	0.	1.	0.	
-0.322597	0.349156	0.	1.	
Dynamic:	0	

Frame:	283
0.999999	1.32928e-003	0.	0.	
-1.32928e-003	0.999999	0.	0.	
0.	0.	1.	0.	
-0.170027	0.430241	0.	1.	
Dynamic:	0	

Frame:	284
0.999999	-1.02775e-003	0.	0.	
1.02775e-003	0.999999	0.	0.	
0.	0.	1.	0.	
-0.324426	0.348046	0.	1.	
Dynamic:	0	

Frame:	285
0.999999	1.18968e-003	0.	0.	
-1.18968e-003	0.999999	0.	0.	
0.	0.	1.	0.	
-0.178372	0.426019	0.	1.	
Dynamic:	0	

Frame:	286
0.999999	-1.38984e-003	0.	0.	
1.38984e-003	0.999999	0.	0.	
0.	0.	1.	0.	
-0.349099	0.334408	0.	1.	
Dynamic:	0	

Frame:	287
0.999999	-1.30536e-003	0.	0.	
1.30536e-003	0.999999	0.	0.	
0.	0.	1.	0.	
-0.343508	0.337478	0.	1.	
Dynamic:	0	

Frame:	288
0.999999	-1.22602e-003	0.	0.	
1.22602e-003	0.999999	0.	0.	
0.	0.	1.	0.	
-0.338227	0.340382	0.	1.	
Dynamic:	0	

Frame:	289
0.999999	-1.1515e-003	0.	0.	
1.1515e-003	0.999999	0.	0.	
0.	0.	1.	0.	
-0.333239	0.343129	0.	1.	
Dynamic:	0	

Frame:	290
0.999999	1.22602e-003	0.	0.	
-1.22602e-003	0.999999	0.	0.	
0.	0.	1.	0.	
-0.172116	0.429842	0.	1.	
Dynamic:	0	

Frame:	291
0.999999	-1.15603e-003	0.	0.	
1.15603e-003	0.999999	0.	0.	
0.	0.	1.	0.	
-0.334461	0.342353	0.	1.	
Dynamic:	0	

Frame:	292
0.999999	-1.65446e-003	0.	0.	
1.65446e-003	0.999999	0.	0.	
0.	0.	1.	0.	
-0.368413	0.323601	0.	1.	
Dynamic:	0	

Frame:	293
0.999999	-1.55229e-003	0.	0.	
1.55229e-003	0.999999	0.	0.	
0.	0.	1.	0.	
-0.361376	0.327495	0.	1.	
Dynamic:	0	

Frame:	294
0.999999	-1.45644e-003	0.	0.	
1.45644e-003	0.999999	0.	0.	
0.	0.	1.	0.	
-0.354735	0.331173	0.	1.	
Dynamic:	0	

Frame:	295
0.999999	1.63185e-003	0.	0.	
-1.63185e-003	0.999999	0.	0.	
0.	0.	1.	0.	
-0.138276	0.448481	0.	1.	
Dynamic:	0	

Frame:	296
0.999998	-2.21906e-003	0.	0.	
2.21906e-003	0.999998	0.	0.	
0.	0.	1.	0.	
-0.409357	0.300763	0.	1.	
Dynamic:	0	

