TrialReplay

Frame:	2
1.	0.	0.	0.	
0.	1.	0.	0.	
0.	0.	1.	0.	
0.	0.	0.	1.	
Dynamic:	0	

Frame:	3
1.	0.	0.	0.	
0.	1.	0.	0.	
0.	0.	1.	0.	
0.	0.	0.	1.	
Dynamic:	0	

Frame:	4
1.	0.	0.	0.	
0.	1.	0.	0.	
0.	0.	1.	0.	
0.	0.	0.	1.	
Dynamic:	0	

Frame:	5
1.	0.	0.	0.	
0.	1.	0.	0.	
0.	0.	1.	0.	
0.	0.	0.	1.	
Dynamic:	0	

Frame:	6
1.	0.	0.	0.	
0.	1.	0.	0.	
0.	0.	1.	0.	
0.	0.	0.	1.	
Dynamic:	0	

Frame:	7
1.	0.	0.	0.	
0.	1.	0.	0.	
0.	0.	1.	0.	
0.	0.	0.	1.	
Dynamic:	0	

Frame:	8
1.	0.	0.	0.	
0.	1.	0.	0.	
0.	0.	1.	0.	
0.	0.	0.	1.	
Dynamic:	0	

Frame:	9
1.	0.	0.	0.	
0.	1.	0.	0.	
0.	0.	1.	0.	
0.	0.	0.	1.	
Dynamic:	0	

Frame:	10
1.	0.	0.	0.	
0.	1.	0.	0.	
0.	0.	1.	0.	
0.	0.	0.	1.	
Dynamic:	0	

Frame:	11
1.	0.	0.	0.	
0.	1.	0.	0.	
0.	0.	1.	0.	
0.	0.	0.	1.	
Dynamic:	0	

Frame:	12
1.	0.	0.	0.	
0.	1.	0.	0.	
0.	0.	1.	0.	
0.	0.	0.	1.	
Dynamic:	0	

Frame:	13
1.	0.	0.	0.	
0.	1.	0.	0.	
0.	0.	1.	0.	
0.	0.	0.	1.	
Dynamic:	0	

Frame:	14
1.	0.	0.	0.	
0.	1.	0.	0.	
0.	0.	1.	0.	
0.	0.	0.	1.	
Dynamic:	0	

Frame:	15
1.	0.	0.	0.	
0.	1.	0.	0.	
0.	0.	1.	0.	
0.	0.	0.	1.	
Dynamic:	0	

Frame:	16
1.	0.	0.	0.	
0.	1.	0.	0.	
0.	0.	1.	0.	
0.	0.	0.	1.	
Dynamic:	0	

Frame:	17
1.	0.	0.	0.	
0.	1.	0.	0.	
0.	0.	1.	0.	
0.	0.	0.	1.	
Dynamic:	0	

Frame:	18
1.	0.	0.	0.	
0.	1.	0.	0.	
0.	0.	1.	0.	
0.	0.	0.	1.	
Dynamic:	0	

Frame:	19
1.	0.	0.	0.	
0.	1.	0.	0.	
0.	0.	1.	0.	
0.	0.	0.	1.	
Dynamic:	0	

Frame:	20
1.	0.	0.	0.	
0.	1.	0.	0.	
0.	0.	1.	0.	
0.	0.	0.	1.	
Dynamic:	0	

Frame:	21
1.	0.	0.	0.	
0.	1.	0.	0.	
0.	0.	1.	0.	
0.	0.	0.	1.	
Dynamic:	0	

Frame:	22
1.	0.	0.	0.	
0.	1.	0.	0.	
0.	0.	1.	0.	
0.	0.	0.	1.	
Dynamic:	0	

Frame:	23
1.	0.	0.	0.	
0.	1.	0.	0.	
0.	0.	1.	0.	
0.	0.	0.	1.	
Dynamic:	0	

Frame:	24
1.	0.	0.	0.	
0.	1.	0.	0.	
0.	0.	1.	0.	
0.	0.	0.	1.	
Dynamic:	0	

Frame:	25
1.	0.	0.	0.	
0.	1.	0.	0.	
0.	0.	1.	0.	
0.	0.	0.	1.	
Dynamic:	0	

Frame:	26
1.	0.	0.	0.	
0.	1.	0.	0.	
0.	0.	1.	0.	
0.	0.	0.	1.	
Dynamic:	0	

Frame:	27
1.	0.	0.	0.	
0.	1.	0.	0.	
0.	0.	1.	0.	
0.	0.	0.	1.	
Dynamic:	0	

Frame:	28
1.	0.	0.	0.	
0.	1.	0.	0.	
0.	0.	1.	0.	
0.	0.	0.	1.	
Dynamic:	0	

Frame:	29
1.	0.	0.	0.	
0.	1.	0.	0.	
0.	0.	1.	0.	
0.	0.	0.	1.	
Dynamic:	0	

Frame:	30
1.	0.	0.	0.	
0.	1.	0.	0.	
0.	0.	1.	0.	
0.	0.	0.	1.	
Dynamic:	0	

Frame:	31
1.	0.	0.	0.	
0.	1.	0.	0.	
0.	0.	1.	0.	
0.	0.	0.	1.	
Dynamic:	0	

Frame:	32
1.	0.	0.	0.	
0.	1.	0.	0.	
0.	0.	1.	0.	
0.	0.	0.	1.	
Dynamic:	0	

Frame:	33
1.	0.	0.	0.	
0.	1.	0.	0.	
0.	0.	1.	0.	
0.	0.	0.	1.	
Dynamic:	0	

Frame:	34
1.	0.	0.	0.	
0.	1.	0.	0.	
0.	0.	1.	0.	
0.	0.	0.	1.	
Dynamic:	0	

Frame:	35
1.	0.	0.	0.	
0.	1.	0.	0.	
0.	0.	1.	0.	
0.	0.	0.	1.	
Dynamic:	0	

Frame:	36
1.	0.	0.	0.	
0.	1.	0.	0.	
0.	0.	1.	0.	
0.	0.	0.	1.	
Dynamic:	0	

Frame:	37
1.	0.	0.	0.	
0.	1.	0.	0.	
0.	0.	1.	0.	
0.	0.	0.	1.	
Dynamic:	0	

Frame:	38
1.	0.	0.	0.	
0.	1.	0.	0.	
0.	0.	1.	0.	
0.	0.	0.	1.	
Dynamic:	0	

Frame:	39
1.	0.	0.	0.	
0.	1.	0.	0.	
0.	0.	1.	0.	
0.	0.	0.	1.	
Dynamic:	0	

Frame:	40
1.	0.	0.	0.	
0.	1.	0.	0.	
0.	0.	1.	0.	
0.	0.	0.	1.	
Dynamic:	0	

Frame:	41
1.	0.	0.	0.	
0.	1.	0.	0.	
0.	0.	1.	0.	
0.	0.	0.	1.	
Dynamic:	0	

Frame:	42
1.	0.	0.	0.	
0.	1.	0.	0.	
0.	0.	1.	0.	
0.	0.	0.	1.	
Dynamic:	0	

Frame:	43
1.	0.	0.	0.	
0.	1.	0.	0.	
0.	0.	1.	0.	
0.	0.	0.	1.	
Dynamic:	0	

Frame:	44
1.	0.	0.	0.	
0.	1.	0.	0.	
0.	0.	1.	0.	
0.	0.	0.	1.	
Dynamic:	0	

Frame:	45
1.	0.	0.	0.	
0.	1.	0.	0.	
0.	0.	1.	0.	
0.	0.	0.	1.	
Dynamic:	0	

Frame:	46
1.	0.	0.	0.	
0.	1.	0.	0.	
0.	0.	1.	0.	
0.	0.	0.	1.	
Dynamic:	0	

Frame:	47
1.	0.	0.	0.	
0.	1.	0.	0.	
0.	0.	1.	0.	
0.	0.	0.	1.	
Dynamic:	0	

Frame:	48
1.	0.	0.	0.	
0.	1.	0.	0.	
0.	0.	1.	0.	
0.	0.	0.	1.	
Dynamic:	1	

Frame:	49
1.	0.	0.	0.	
0.	1.	0.	0.	
0.	0.	1.	0.	
0.	0.	0.	1.	
Dynamic:	1	

Frame:	50
1.	0.	0.	0.	
0.	1.	0.	0.	
0.	0.	1.	0.	
0.	0.	0.	1.	
Dynamic:	1	

Frame:	51
1.	0.	0.	0.	
0.	1.	0.	0.	
0.	0.	1.	0.	
0.	0.	0.	1.	
Dynamic:	1	

Frame:	52
1.	0.	0.	0.	
0.	1.	0.	0.	
0.	0.	1.	0.	
0.	0.	0.	1.	
Dynamic:	1	

Frame:	53
1.	0.	0.	0.	
0.	1.	0.	0.	
0.	0.	1.	0.	
0.	0.	0.	1.	
Dynamic:	1	

Frame:	54
1.	0.	0.	0.	
0.	1.	0.	0.	
0.	0.	1.	0.	
0.	0.	0.	1.	
Dynamic:	1	

Frame:	55
1.	0.	0.	0.	
0.	1.	0.	0.	
0.	0.	1.	0.	
0.	0.	0.	1.	
Dynamic:	1	

Frame:	56
1.	0.	0.	0.	
0.	1.	0.	0.	
0.	0.	1.	0.	
0.	0.	0.	1.	
Dynamic:	1	

Frame:	57
1.	0.	0.	0.	
0.	1.	0.	0.	
0.	0.	1.	0.	
0.	0.	0.	1.	
Dynamic:	1	

Frame:	58
1.	0.	0.	0.	
0.	1.	0.	0.	
0.	0.	1.	0.	
0.	0.	0.	1.	
Dynamic:	1	

Frame:	59
1.	0.	0.	0.	
0.	1.	0.	0.	
0.	0.	1.	0.	
0.	0.	0.	1.	
Dynamic:	1	

Frame:	60
1.	0.	0.	0.	
0.	1.	0.	0.	
0.	0.	1.	0.	
0.	0.	0.	1.	
Dynamic:	1	

Frame:	61
1.	0.	0.	0.	
0.	1.	0.	0.	
0.	0.	1.	0.	
0.	0.	0.	1.	
Dynamic:	1	

Frame:	62
1.	0.	0.	0.	
0.	1.	0.	0.	
0.	0.	1.	0.	
0.	0.	0.	1.	
Dynamic:	1	

Frame:	63
1.	0.	0.	0.	
0.	1.	0.	0.	
0.	0.	1.	0.	
0.	0.	0.	1.	
Dynamic:	1	

Frame:	64
1.	0.	0.	0.	
0.	1.	0.	0.	
0.	0.	1.	0.	
0.	0.	0.	1.	
Dynamic:	1	

Frame:	65
1.	0.	0.	0.	
0.	1.	0.	0.	
0.	0.	1.	0.	
0.	0.	0.	1.	
Dynamic:	1	

Frame:	66
1.	0.	0.	0.	
0.	1.	0.	0.	
0.	0.	1.	0.	
0.	0.	0.	1.	
Dynamic:	1	

Frame:	67
1.	0.	0.	0.	
0.	1.	0.	0.	
0.	0.	1.	0.	
0.	0.	0.	1.	
Dynamic:	1	

Frame:	68
1.	0.	0.	0.	
0.	1.	0.	0.	
0.	0.	1.	0.	
0.	0.	0.	1.	
Dynamic:	1	

Frame:	69
1.	0.	0.	0.	
0.	1.	0.	0.	
0.	0.	1.	0.	
0.	0.	0.	1.	
Dynamic:	1	

Frame:	70
1.	0.	0.	0.	
0.	1.	0.	0.	
0.	0.	1.	0.	
0.	0.	0.	1.	
Dynamic:	1	

Frame:	71
1.	0.	0.	0.	
0.	1.	0.	0.	
0.	0.	1.	0.	
0.	0.	0.	1.	
Dynamic:	1	

Frame:	72
1.	0.	0.	0.	
0.	1.	0.	0.	
0.	0.	1.	0.	
0.	0.	0.	1.	
Dynamic:	1	

Frame:	73
1.	0.	0.	0.	
0.	1.	0.	0.	
0.	0.	1.	0.	
0.	0.	0.	1.	
Dynamic:	1	

Frame:	74
1.	0.	0.	0.	
0.	1.	0.	0.	
0.	0.	1.	0.	
0.	0.	0.	1.	
Dynamic:	1	

Frame:	75
1.	0.	0.	0.	
0.	1.	0.	0.	
0.	0.	1.	0.	
0.	0.	0.	1.	
Dynamic:	1	

Frame:	76
1.	0.	0.	0.	
0.	1.	0.	0.	
0.	0.	1.	0.	
0.	0.	0.	1.	
Dynamic:	1	

Frame:	77
1.	0.	0.	0.	
0.	1.	0.	0.	
0.	0.	1.	0.	
0.	0.	0.	1.	
Dynamic:	1	

Frame:	78
1.	0.	0.	0.	
0.	1.	0.	0.	
0.	0.	1.	0.	
0.	0.	0.	1.	
Dynamic:	1	

Frame:	79
1.	0.	0.	0.	
0.	1.	0.	0.	
0.	0.	1.	0.	
0.	0.	0.	1.	
Dynamic:	1	

Frame:	80
1.	0.	0.	0.	
0.	1.	0.	0.	
0.	0.	1.	0.	
0.	0.	0.	1.	
Dynamic:	1	

Frame:	81
1.	0.	0.	0.	
0.	1.	0.	0.	
0.	0.	1.	0.	
0.	0.	0.	1.	
Dynamic:	1	

Frame:	82
1.	0.	0.	0.	
0.	1.	0.	0.	
0.	0.	1.	0.	
0.	0.	0.	1.	
Dynamic:	1	

Frame:	83
1.	0.	0.	0.	
0.	1.	0.	0.	
0.	0.	1.	0.	
0.	0.	0.	1.	
Dynamic:	1	

Frame:	84
1.	0.	0.	0.	
0.	1.	0.	0.	
0.	0.	1.	0.	
0.	0.	0.	1.	
Dynamic:	1	

Frame:	85
1.	0.	0.	0.	
0.	1.	0.	0.	
0.	0.	1.	0.	
0.	0.	0.	1.	
Dynamic:	1	

Frame:	86
1.	0.	0.	0.	
0.	1.	0.	0.	
0.	0.	1.	0.	
0.	0.	0.	1.	
Dynamic:	1	

Frame:	87
1.	0.	0.	0.	
0.	1.	0.	0.	
0.	0.	1.	0.	
0.	0.	0.	1.	
Dynamic:	1	

Frame:	88
1.	0.	0.	0.	
0.	1.	0.	0.	
0.	0.	1.	0.	
0.	0.	0.	1.	
Dynamic:	1	

Frame:	89
1.	0.	0.	0.	
0.	1.	0.	0.	
0.	0.	1.	0.	
0.	0.	0.	1.	
Dynamic:	1	

Frame:	90
1.	0.	0.	0.	
0.	1.	0.	0.	
0.	0.	1.	0.	
0.	8.33333e-002	0.	1.	
Dynamic:	1	

Frame:	91
1.	0.	0.	0.	
0.	1.	0.	0.	
0.	0.	1.	0.	
0.	8.33333e-002	0.	1.	
Dynamic:	1	

Frame:	92
1.	0.	0.	0.	
0.	1.	0.	0.	
0.	0.	1.	0.	
0.	8.33333e-002	0.	1.	
Dynamic:	1	

Frame:	93
1.	0.	0.	0.	
0.	1.	0.	0.	
0.	0.	1.	0.	
0.	8.33333e-002	0.	1.	
Dynamic:	1	

Frame:	94
1.	0.	0.	0.	
0.	1.	0.	0.	
0.	0.	1.	0.	
0.	8.33333e-002	0.	1.	
Dynamic:	1	

Frame:	95
1.	0.	0.	0.	
0.	1.	0.	0.	
0.	0.	1.	0.	
0.	8.33333e-002	0.	1.	
Dynamic:	1	

Frame:	96
1.	0.	0.	0.	
0.	1.	0.	0.	
0.	0.	1.	0.	
0.	8.33333e-002	0.	1.	
Dynamic:	1	

Frame:	97
1.	0.	0.	0.	
0.	1.	0.	0.	
0.	0.	1.	0.	
0.	8.33333e-002	0.	1.	
Dynamic:	1	

Frame:	98
1.	0.	0.	0.	
0.	1.	0.	0.	
0.	0.	1.	0.	
0.	8.33333e-002	0.	1.	
Dynamic:	1	

Frame:	99
1.	0.	0.	0.	
0.	1.	0.	0.	
0.	0.	1.	0.	
0.	8.33333e-002	0.	1.	
Dynamic:	1	

Frame:	100
1.	0.	0.	0.	
0.	1.	0.	0.	
0.	0.	1.	0.	
0.	8.33333e-002	0.	1.	
Dynamic:	1	

Frame:	101
1.	0.	0.	0.	
0.	1.	0.	0.	
0.	0.	1.	0.	
0.	8.33333e-002	0.	1.	
Dynamic:	1	

Frame:	102
1.	0.	0.	0.	
0.	1.	0.	0.	
0.	0.	1.	0.	
0.	8.33333e-002	0.	1.	
Dynamic:	1	

Frame:	103
1.	0.	0.	0.	
0.	1.	0.	0.	
0.	0.	1.	0.	
0.	8.33333e-002	0.	1.	
Dynamic:	1	

Frame:	104
1.	0.	0.	0.	
0.	1.	0.	0.	
0.	0.	1.	0.	
0.	8.33333e-002	0.	1.	
Dynamic:	1	

Frame:	105
1.	0.	0.	0.	
0.	1.	0.	0.	
0.	0.	1.	0.	
0.	8.33333e-002	0.	1.	
Dynamic:	1	

Frame:	106
1.	0.	0.	0.	
0.	1.	0.	0.	
0.	0.	1.	0.	
0.	8.33333e-002	0.	1.	
Dynamic:	1	

Frame:	107
1.	0.	0.	0.	
0.	1.	0.	0.	
0.	0.	1.	0.	
0.	8.33333e-002	0.	1.	
Dynamic:	1	

Frame:	108
1.	0.	0.	0.	
0.	1.	0.	0.	
0.	0.	1.	0.	
0.	8.33333e-002	0.	1.	
Dynamic:	1	

Frame:	109
1.	0.	0.	0.	
0.	1.	0.	0.	
0.	0.	1.	0.	
0.	8.33333e-002	0.	1.	
Dynamic:	1	

Frame:	110
1.	0.	0.	0.	
0.	1.	0.	0.	
0.	0.	1.	0.	
0.	8.33333e-002	0.	1.	
Dynamic:	1	

Frame:	111
1.	0.	0.	0.	
0.	1.	0.	0.	
0.	0.	1.	0.	
0.	8.33333e-002	0.	1.	
Dynamic:	1	

Frame:	112
1.	0.	0.	0.	
0.	1.	0.	0.	
0.	0.	1.	0.	
0.	8.33333e-002	0.	1.	
Dynamic:	1	

Frame:	113
1.	0.	0.	0.	
0.	1.	0.	0.	
0.	0.	1.	0.	
0.	8.33333e-002	0.	1.	
Dynamic:	1	

Frame:	114
1.	0.	0.	0.	
0.	1.	0.	0.	
0.	0.	1.	0.	
0.	8.33333e-002	0.	1.	
Dynamic:	1	

Frame:	115
1.	0.	0.	0.	
0.	1.	0.	0.	
0.	0.	1.	0.	
0.	8.33333e-002	0.	1.	
Dynamic:	1	

Frame:	116
1.	0.	0.	0.	
0.	1.	0.	0.	
0.	0.	1.	0.	
0.	8.33333e-002	0.	1.	
Dynamic:	1	

Frame:	117
1.	0.	0.	0.	
0.	1.	0.	0.	
0.	0.	1.	0.	
0.	8.33333e-002	0.	1.	
Dynamic:	1	

Frame:	118
1.	0.	0.	0.	
0.	1.	0.	0.	
0.	0.	1.	0.	
0.	8.33333e-002	0.	1.	
Dynamic:	1	

Frame:	119
1.	0.	0.	0.	
0.	1.	0.	0.	
0.	0.	1.	0.	
0.	8.33333e-002	0.	1.	
Dynamic:	1	

Frame:	120
1.	0.	0.	0.	
0.	1.	0.	0.	
0.	0.	1.	0.	
0.	0.166667	0.	1.	
Dynamic:	1	

Frame:	121
1.	0.	0.	0.	
0.	1.	0.	0.	
0.	0.	1.	0.	
0.	0.166667	0.	1.	
Dynamic:	1	

Frame:	122
1.	0.	0.	0.	
0.	1.	0.	0.	
0.	0.	1.	0.	
0.	0.25	0.	1.	
Dynamic:	1	

Frame:	123
1.	0.	0.	0.	
0.	1.	0.	0.	
0.	0.	1.	0.	
0.	0.25	0.	1.	
Dynamic:	1	

Frame:	124
1.	0.	0.	0.	
0.	1.	0.	0.	
0.	0.	1.	0.	
0.	0.333333	0.	1.	
Dynamic:	1	

Frame:	125
1.	0.	0.	0.	
0.	1.	0.	0.	
0.	0.	1.	0.	
0.	0.333333	0.	1.	
Dynamic:	1	

Frame:	126
1.	0.	0.	0.	
0.	1.	0.	0.	
0.	0.	1.	0.	
0.	0.416667	0.	1.	
Dynamic:	1	

Frame:	127
1.	0.	0.	0.	
0.	1.	0.	0.	
0.	0.	1.	0.	
0.	0.416667	0.	1.	
Dynamic:	1	

Frame:	128
1.	0.	0.	0.	
0.	1.	0.	0.	
0.	0.	1.	0.	
0.	0.416667	0.	1.	
Dynamic:	1	

Frame:	129
1.	0.	0.	0.	
0.	1.	0.	0.	
0.	0.	1.	0.	
0.	0.416667	0.	1.	
Dynamic:	1	

Frame:	130
1.	0.	0.	0.	
0.	1.	0.	0.	
0.	0.	1.	0.	
0.	0.416667	0.	1.	
Dynamic:	1	

Frame:	131
1.	0.	0.	0.	
0.	1.	0.	0.	
0.	0.	1.	0.	
0.	0.416667	0.	1.	
Dynamic:	1	

Frame:	132
1.	0.	0.	0.	
0.	1.	0.	0.	
0.	0.	1.	0.	
0.	0.416667	0.	1.	
Dynamic:	1	

Frame:	133
1.	0.	0.	0.	
0.	1.	0.	0.	
0.	0.	1.	0.	
0.	0.416667	0.	1.	
Dynamic:	1	

Frame:	134
1.	0.	0.	0.	
0.	1.	0.	0.	
0.	0.	1.	0.	
0.	0.416667	0.	1.	
Dynamic:	1	

Frame:	135
1.	0.	0.	0.	
0.	1.	0.	0.	
0.	0.	1.	0.	
0.	0.416667	0.	1.	
Dynamic:	1	

Frame:	136
1.	0.	0.	0.	
0.	1.	0.	0.	
0.	0.	1.	0.	
0.	0.416667	0.	1.	
Dynamic:	1	

Frame:	137
1.	0.	0.	0.	
0.	1.	0.	0.	
0.	0.	1.	0.	
0.	0.416667	0.	1.	
Dynamic:	1	

Frame:	138
1.	0.	0.	0.	
0.	1.	0.	0.	
0.	0.	1.	0.	
0.	0.416667	0.	1.	
Dynamic:	1	

Frame:	139
1.	0.	0.	0.	
0.	1.	0.	0.	
0.	0.	1.	0.	
0.	0.416667	0.	1.	
Dynamic:	1	

Frame:	140
1.	0.	0.	0.	
0.	1.	0.	0.	
0.	0.	1.	0.	
0.	0.416667	0.	1.	
Dynamic:	1	

Frame:	141
1.	0.	0.	0.	
0.	1.	0.	0.	
0.	0.	1.	0.	
0.	0.416667	0.	1.	
Dynamic:	1	

Frame:	142
1.	0.	0.	0.	
0.	1.	0.	0.	
0.	0.	1.	0.	
0.	0.416667	0.	1.	
Dynamic:	1	

Frame:	143
1.	0.	0.	0.	
0.	1.	0.	0.	
0.	0.	1.	0.	
0.	0.416667	0.	1.	
Dynamic:	1	

Frame:	144
1.	0.	0.	0.	
0.	1.	0.	0.	
0.	0.	1.	0.	
0.	0.416667	0.	1.	
Dynamic:	1	

Frame:	145
1.	0.	0.	0.	
0.	1.	0.	0.	
0.	0.	1.	0.	
0.	0.416667	0.	1.	
Dynamic:	1	

Frame:	146
1.	0.	0.	0.	
0.	1.	0.	0.	
0.	0.	1.	0.	
0.	0.416667	0.	1.	
Dynamic:	1	

Frame:	147
1.	0.	0.	0.	
0.	1.	0.	0.	
0.	0.	1.	0.	
0.	0.416667	0.	1.	
Dynamic:	1	

Frame:	148
1.	0.	0.	0.	
0.	1.	0.	0.	
0.	0.	1.	0.	
0.	0.416667	0.	1.	
Dynamic:	1	

Frame:	149
1.	0.	0.	0.	
0.	1.	0.	0.	
0.	0.	1.	0.	
0.	0.416667	0.	1.	
Dynamic:	1	

Frame:	150
1.	0.	0.	0.	
0.	1.	0.	0.	
0.	0.	1.	0.	
0.	0.416667	0.	1.	
Dynamic:	1	

Frame:	151
1.	0.	0.	0.	
0.	1.	0.	0.	
0.	0.	1.	0.	
0.	0.416667	0.	1.	
Dynamic:	1	

Frame:	152
1.	0.	0.	0.	
0.	1.	0.	0.	
0.	0.	1.	0.	
0.	0.416667	0.	1.	
Dynamic:	1	

Frame:	153
1.	0.	0.	0.	
0.	1.	0.	0.	
0.	0.	1.	0.	
0.	0.416667	0.	1.	
Dynamic:	1	

Frame:	154
1.	0.	0.	0.	
0.	1.	0.	0.	
0.	0.	1.	0.	
0.	0.416667	0.	1.	
Dynamic:	1	

Frame:	155
1.	0.	0.	0.	
0.	1.	0.	0.	
0.	0.	1.	0.	
0.	0.416667	0.	1.	
Dynamic:	1	

Frame:	156
1.	0.	0.	0.	
0.	1.	0.	0.	
0.	0.	1.	0.	
0.	0.416667	0.	1.	
Dynamic:	1	

Frame:	157
1.	0.	0.	0.	
0.	1.	0.	0.	
0.	0.	1.	0.	
0.	0.416667	0.	1.	
Dynamic:	1	

Frame:	158
1.	0.	0.	0.	
0.	1.	0.	0.	
0.	0.	1.	0.	
0.	0.416667	0.	1.	
Dynamic:	1	

Frame:	159
1.	0.	0.	0.	
0.	1.	0.	0.	
0.	0.	1.	0.	
0.	0.416667	0.	1.	
Dynamic:	1	

Frame:	160
1.	0.	0.	0.	
0.	1.	0.	0.	
0.	0.	1.	0.	
0.	0.416667	0.	1.	
Dynamic:	1	

Frame:	161
1.	0.	0.	0.	
0.	1.	0.	0.	
0.	0.	1.	0.	
0.	0.416667	0.	1.	
Dynamic:	1	

Frame:	162
1.	0.	0.	0.	
0.	1.	0.	0.	
0.	0.	1.	0.	
0.	0.416667	0.	1.	
Dynamic:	1	

Frame:	163
1.	0.	0.	0.	
0.	1.	0.	0.	
0.	0.	1.	0.	
0.	0.416667	0.	1.	
Dynamic:	1	

Frame:	164
1.	0.	0.	0.	
0.	1.	0.	0.	
0.	0.	1.	0.	
0.	0.416667	0.	1.	
Dynamic:	1	

Frame:	165
1.	0.	0.	0.	
0.	1.	0.	0.	
0.	0.	1.	0.	
0.	0.416667	0.	1.	
Dynamic:	1	

Frame:	166
1.	0.	0.	0.	
0.	1.	0.	0.	
0.	0.	1.	0.	
0.	0.416667	0.	1.	
Dynamic:	1	

Frame:	167
1.	0.	0.	0.	
0.	1.	0.	0.	
0.	0.	1.	0.	
0.	0.416667	0.	1.	
Dynamic:	1	

Frame:	168
1.	0.	0.	0.	
0.	1.	0.	0.	
0.	0.	1.	0.	
0.	0.416667	0.	1.	
Dynamic:	1	

Frame:	169
1.	0.	0.	0.	
0.	1.	0.	0.	
0.	0.	1.	0.	
0.	0.416667	0.	1.	
Dynamic:	1	

Frame:	170
1.	0.	0.	0.	
0.	1.	0.	0.	
0.	0.	1.	0.	
0.	0.416667	0.	1.	
Dynamic:	1	

Frame:	171
1.	0.	0.	0.	
0.	1.	0.	0.	
0.	0.	1.	0.	
0.	0.416667	0.	1.	
Dynamic:	1	

Frame:	172
1.	0.	0.	0.	
0.	1.	0.	0.	
0.	0.	1.	0.	
0.	0.416667	0.	1.	
Dynamic:	1	

Frame:	173
1.	0.	0.	0.	
0.	1.	0.	0.	
0.	0.	1.	0.	
0.	0.416667	0.	1.	
Dynamic:	1	

Frame:	174
1.	0.	0.	0.	
0.	1.	0.	0.	
0.	0.	1.	0.	
0.	0.416667	0.	1.	
Dynamic:	1	

Frame:	175
1.	0.	0.	0.	
0.	1.	0.	0.	
0.	0.	1.	0.	
0.	0.416667	0.	1.	
Dynamic:	1	

Frame:	176
1.	0.	0.	0.	
0.	1.	0.	0.	
0.	0.	1.	0.	
0.	0.416667	0.	1.	
Dynamic:	1	

Frame:	177
1.	0.	0.	0.	
0.	1.	0.	0.	
0.	0.	1.	0.	
0.	0.416667	0.	1.	
Dynamic:	1	

Frame:	178
1.	0.	0.	0.	
0.	1.	0.	0.	
0.	0.	1.	0.	
0.	0.416667	0.	1.	
Dynamic:	1	

Frame:	179
1.	0.	0.	0.	
0.	1.	0.	0.	
0.	0.	1.	0.	
0.	0.416667	0.	1.	
Dynamic:	1	

Frame:	180
1.	0.	0.	0.	
0.	1.	0.	0.	
0.	0.	1.	0.	
0.	0.416667	0.	1.	
Dynamic:	1	

Frame:	181
1.	0.	0.	0.	
0.	1.	0.	0.	
0.	0.	1.	0.	
0.	0.416667	0.	1.	
Dynamic:	1	

Frame:	182
1.	0.	0.	0.	
0.	1.	0.	0.	
0.	0.	1.	0.	
0.	0.416667	0.	1.	
Dynamic:	1	

Frame:	183
1.	0.	0.	0.	
0.	1.	0.	0.	
0.	0.	1.	0.	
0.	0.416667	0.	1.	
Dynamic:	1	

Frame:	184
1.	0.	0.	0.	
0.	1.	0.	0.	
0.	0.	1.	0.	
0.	0.416667	0.	1.	
Dynamic:	1	

Frame:	185
1.	0.	0.	0.	
0.	1.	0.	0.	
0.	0.	1.	0.	
0.	0.416667	0.	1.	
Dynamic:	1	

Frame:	186
1.	0.	0.	0.	
0.	1.	0.	0.	
0.	0.	1.	0.	
0.	0.416667	0.	1.	
Dynamic:	1	

Frame:	187
1.	0.	0.	0.	
0.	1.	0.	0.	
0.	0.	1.	0.	
0.	0.416667	0.	1.	
Dynamic:	1	

Frame:	188
1.	0.	0.	0.	
0.	1.	0.	0.	
0.	0.	1.	0.	
0.	0.416667	0.	1.	
Dynamic:	1	

Frame:	189
1.	0.	0.	0.	
0.	1.	0.	0.	
0.	0.	1.	0.	
0.	0.416667	0.	1.	
Dynamic:	1	

Frame:	190
1.	0.	0.	0.	
0.	1.	0.	0.	
0.	0.	1.	0.	
0.	0.416667	0.	1.	
Dynamic:	1	

Frame:	191
1.	0.	0.	0.	
0.	1.	0.	0.	
0.	0.	1.	0.	
0.	0.416667	0.	1.	
Dynamic:	1	

Frame:	192
1.	0.	0.	0.	
0.	1.	0.	0.	
0.	0.	1.	0.	
0.	0.416667	0.	1.	
Dynamic:	1	

Frame:	193
1.	0.	0.	0.	
0.	1.	0.	0.	
0.	0.	1.	0.	
0.	0.416667	0.	1.	
Dynamic:	1	

Frame:	194
1.	0.	0.	0.	
0.	1.	0.	0.	
0.	0.	1.	0.	
0.	0.416667	0.	1.	
Dynamic:	1	

Frame:	195
1.	0.	0.	0.	
0.	1.	0.	0.	
0.	0.	1.	0.	
0.	0.416667	0.	1.	
Dynamic:	1	

Frame:	196
1.	0.	0.	0.	
0.	1.	0.	0.	
0.	0.	1.	0.	
0.	0.416667	0.	1.	
Dynamic:	1	

Frame:	197
1.	0.	0.	0.	
0.	1.	0.	0.	
0.	0.	1.	0.	
0.	0.416667	0.	1.	
Dynamic:	1	

Frame:	198
1.	0.	0.	0.	
0.	1.	0.	0.	
0.	0.	1.	0.	
0.	0.416667	0.	1.	
Dynamic:	1	

Frame:	199
1.	0.	0.	0.	
0.	1.	0.	0.	
0.	0.	1.	0.	
0.	0.416667	0.	1.	
Dynamic:	1	

Frame:	200
1.	0.	0.	0.	
0.	1.	0.	0.	
0.	0.	1.	0.	
0.	0.416667	0.	1.	
Dynamic:	1	

Frame:	201
1.	0.	0.	0.	
0.	1.	0.	0.	
0.	0.	1.	0.	
0.	0.416667	0.	1.	
Dynamic:	1	

Frame:	202
1.	0.	0.	0.	
0.	1.	0.	0.	
0.	0.	1.	0.	
0.	0.416667	0.	1.	
Dynamic:	1	

Frame:	203
1.	0.	0.	0.	
0.	1.	0.	0.	
0.	0.	1.	0.	
0.	0.416667	0.	1.	
Dynamic:	1	

Frame:	204
1.	0.	0.	0.	
0.	1.	0.	0.	
0.	0.	1.	0.	
0.	0.416667	0.	1.	
Dynamic:	1	

Frame:	205
1.	0.	0.	0.	
0.	1.	0.	0.	
0.	0.	1.	0.	
0.	0.416667	0.	1.	
Dynamic:	1	

Frame:	206
1.	0.	0.	0.	
0.	1.	0.	0.	
0.	0.	1.	0.	
0.	0.416667	0.	1.	
Dynamic:	1	

Frame:	207
1.	0.	0.	0.	
0.	1.	0.	0.	
0.	0.	1.	0.	
0.	0.416667	0.	1.	
Dynamic:	1	

Frame:	208
1.	0.	0.	0.	
0.	1.	0.	0.	
0.	0.	1.	0.	
0.	0.416667	0.	1.	
Dynamic:	1	

Frame:	209
1.	0.	0.	0.	
0.	1.	0.	0.	
0.	0.	1.	0.	
0.	0.416667	0.	1.	
Dynamic:	1	

Frame:	210
1.	0.	0.	0.	
0.	1.	0.	0.	
0.	0.	1.	0.	
0.	0.416667	0.	1.	
Dynamic:	1	

Frame:	211
1.	0.	0.	0.	
0.	1.	0.	0.	
0.	0.	1.	0.	
0.	0.416667	0.	1.	
Dynamic:	1	

Frame:	212
1.	0.	0.	0.	
0.	1.	0.	0.	
0.	0.	1.	0.	
0.	0.416667	0.	1.	
Dynamic:	1	

Frame:	213
1.	0.	0.	0.	
0.	1.	0.	0.	
0.	0.	1.	0.	
0.	0.416667	0.	1.	
Dynamic:	1	

Frame:	214
1.	0.	0.	0.	
0.	1.	0.	0.	
0.	0.	1.	0.	
0.	0.416667	0.	1.	
Dynamic:	1	

Frame:	215
1.	0.	0.	0.	
0.	1.	0.	0.	
0.	0.	1.	0.	
0.	0.416667	0.	1.	
Dynamic:	1	

Frame:	216
1.	0.	0.	0.	
0.	1.	0.	0.	
0.	0.	1.	0.	
0.	0.416667	0.	1.	
Dynamic:	1	

Frame:	217
1.	0.	0.	0.	
0.	1.	0.	0.	
0.	0.	1.	0.	
0.	0.416667	0.	1.	
Dynamic:	1	

Frame:	218
1.	0.	0.	0.	
0.	1.	0.	0.	
0.	0.	1.	0.	
0.	0.416667	0.	1.	
Dynamic:	1	

Frame:	219
1.	0.	0.	0.	
0.	1.	0.	0.	
0.	0.	1.	0.	
0.	0.416667	0.	1.	
Dynamic:	1	

Frame:	220
1.	0.	0.	0.	
0.	1.	0.	0.	
0.	0.	1.	0.	
0.	0.416667	0.	1.	
Dynamic:	1	

Frame:	221
0.999997	-2.47255e-003	0.	0.	
2.47255e-003	0.999997	0.	0.	
0.	0.	1.	0.	
-0.101965	0.405419	0.	1.	
Dynamic:	1	

Frame:	222
0.999997	-2.47255e-003	0.	0.	
2.47255e-003	0.999997	0.	0.	
0.	0.	1.	0.	
-0.101965	0.405419	0.	1.	
Dynamic:	1	

Frame:	223
0.999997	-2.47255e-003	0.	0.	
2.47255e-003	0.999997	0.	0.	
0.	0.	1.	0.	
-0.101965	0.405419	0.	1.	
Dynamic:	1	

Frame:	224
0.999997	-2.47255e-003	0.	0.	
2.47255e-003	0.999997	0.	0.	
0.	0.	1.	0.	
-0.101965	0.405419	0.	1.	
Dynamic:	1	

Frame:	225
0.999997	-2.47255e-003	0.	0.	
2.47255e-003	0.999997	0.	0.	
0.	0.	1.	0.	
-0.101965	0.405419	0.	1.	
Dynamic:	1	

Frame:	226
0.999997	-2.47255e-003	0.	0.	
2.47255e-003	0.999997	0.	0.	
0.	0.	1.	0.	
-0.101965	0.405419	0.	1.	
Dynamic:	1	

Frame:	227
0.999997	-2.47255e-003	0.	0.	
2.47255e-003	0.999997	0.	0.	
0.	0.	1.	0.	
-0.101965	0.405419	0.	1.	
Dynamic:	1	

Frame:	228
0.999997	-2.47255e-003	0.	0.	
2.47255e-003	0.999997	0.	0.	
0.	0.	1.	0.	
-0.101965	0.405419	0.	1.	
Dynamic:	1	

Frame:	229
0.999997	-2.47255e-003	0.	0.	
2.47255e-003	0.999997	0.	0.	
0.	0.	1.	0.	
-0.101965	0.405419	0.	1.	
Dynamic:	1	

Frame:	230
0.999997	-2.47255e-003	0.	0.	
2.47255e-003	0.999997	0.	0.	
0.	0.	1.	0.	
-0.101965	0.405419	0.	1.	
Dynamic:	1	

Frame:	231
0.999997	-2.47255e-003	0.	0.	
2.47255e-003	0.999997	0.	0.	
0.	0.	1.	0.	
-0.101965	0.405419	0.	1.	
Dynamic:	1	

Frame:	232
0.999997	-2.47255e-003	0.	0.	
2.47255e-003	0.999997	0.	0.	
0.	0.	1.	0.	
-0.101965	0.405419	0.	1.	
Dynamic:	1	

Frame:	233
0.999997	-2.47255e-003	0.	0.	
2.47255e-003	0.999997	0.	0.	
0.	0.	1.	0.	
-0.101965	0.405419	0.	1.	
Dynamic:	1	

Frame:	234
0.999997	-2.47255e-003	0.	0.	
2.47255e-003	0.999997	0.	0.	
0.	0.	1.	0.	
-0.101965	0.405419	0.	1.	
Dynamic:	1	

Frame:	235
0.999997	-2.47255e-003	0.	0.	
2.47255e-003	0.999997	0.	0.	
0.	0.	1.	0.	
-0.101965	0.405419	0.	1.	
Dynamic:	1	

Frame:	236
0.999997	-2.47255e-003	0.	0.	
2.47255e-003	0.999997	0.	0.	
0.	0.	1.	0.	
-0.101965	0.405419	0.	1.	
Dynamic:	1	

Frame:	237
0.999997	-2.47255e-003	0.	0.	
2.47255e-003	0.999997	0.	0.	
0.	0.	1.	0.	
-0.101965	0.405419	0.	1.	
Dynamic:	1	

Frame:	238
0.999997	-2.47255e-003	0.	0.	
2.47255e-003	0.999997	0.	0.	
0.	0.	1.	0.	
-0.101965	0.405419	0.	1.	
Dynamic:	1	

Frame:	239
0.999997	-2.47255e-003	0.	0.	
2.47255e-003	0.999997	0.	0.	
0.	0.	1.	0.	
-0.101965	0.405419	0.	1.	
Dynamic:	1	

Frame:	240
0.999997	-2.47255e-003	0.	0.	
2.47255e-003	0.999997	0.	0.	
0.	0.	1.	0.	
-0.101965	0.405419	0.	1.	
Dynamic:	1	

Frame:	241
0.999997	-2.47255e-003	0.	0.	
2.47255e-003	0.999997	0.	0.	
0.	0.	1.	0.	
-0.101965	0.405419	0.	1.	
Dynamic:	1	

Frame:	242
0.999997	-2.47255e-003	0.	0.	
2.47255e-003	0.999997	0.	0.	
0.	0.	1.	0.	
-0.101965	0.405419	0.	1.	
Dynamic:	1	

Frame:	243
0.999997	-2.47255e-003	0.	0.	
2.47255e-003	0.999997	0.	0.	
0.	0.	1.	0.	
-0.101965	0.405419	0.	1.	
Dynamic:	1	

Frame:	244
0.999997	-2.47255e-003	0.	0.	
2.47255e-003	0.999997	0.	0.	
0.	0.	1.	0.	
-0.101965	0.405419	0.	1.	
Dynamic:	1	

Frame:	245
0.999997	-2.47255e-003	0.	0.	
2.47255e-003	0.999997	0.	0.	
0.	0.	1.	0.	
-0.101965	0.405419	0.	1.	
Dynamic:	1	

Frame:	246
0.999997	-2.47255e-003	0.	0.	
2.47255e-003	0.999997	0.	0.	
0.	0.	1.	0.	
-0.101965	0.405419	0.	1.	
Dynamic:	1	

Frame:	247
0.999997	-2.47255e-003	0.	0.	
2.47255e-003	0.999997	0.	0.	
0.	0.	1.	0.	
-0.101965	0.405419	0.	1.	
Dynamic:	1	

Frame:	248
0.999997	-2.47255e-003	0.	0.	
2.47255e-003	0.999997	0.	0.	
0.	0.	1.	0.	
-0.101965	0.405419	0.	1.	
Dynamic:	1	

Frame:	249
0.999997	-2.47255e-003	0.	0.	
2.47255e-003	0.999997	0.	0.	
0.	0.	1.	0.	
-0.101965	0.405419	0.	1.	
Dynamic:	1	

Frame:	250
0.999997	-2.47255e-003	0.	0.	
2.47255e-003	0.999997	0.	0.	
0.	0.	1.	0.	
-0.101965	0.405419	0.	1.	
Dynamic:	1	

Frame:	251
0.999997	-2.47255e-003	0.	0.	
2.47255e-003	0.999997	0.	0.	
0.	0.	1.	0.	
-0.101965	0.405419	0.	1.	
Dynamic:	1	

Frame:	252
0.999988	-4.94508e-003	0.	0.	
4.94508e-003	0.999988	0.	0.	
0.	0.	1.	0.	
-0.235861	0.395726	0.	1.	
Dynamic:	1	

Frame:	253
0.999988	-4.94508e-003	0.	0.	
4.94508e-003	0.999988	0.	0.	
0.	0.	1.	0.	
-0.235861	0.395726	0.	1.	
Dynamic:	1	

Frame:	254
0.999972	-7.41758e-003	0.	0.	
7.41758e-003	0.999972	0.	0.	
0.	0.	1.	0.	
-0.371833	0.386539	0.	1.	
Dynamic:	1	

Frame:	255
0.999972	-7.41758e-003	0.	0.	
7.41758e-003	0.999972	0.	0.	
0.	0.	1.	0.	
-0.371833	0.386539	0.	1.	
Dynamic:	1	

Frame:	256
0.999951	-9.89004e-003	0.	0.	
9.89004e-003	0.999951	0.	0.	
0.	0.	1.	0.	
-0.509878	0.377892	0.	1.	
Dynamic:	1	

Frame:	257
0.999951	-9.89004e-003	0.	0.	
9.89004e-003	0.999951	0.	0.	
0.	0.	1.	0.	
-0.509878	0.377892	0.	1.	
Dynamic:	1	

Frame:	258
0.999924	-1.23624e-002	0.	0.	
1.23624e-002	0.999924	0.	0.	
0.	0.	1.	0.	
-0.64999	0.369828	0.	1.	
Dynamic:	1	

Frame:	259
0.999924	-1.23624e-002	0.	0.	
1.23624e-002	0.999924	0.	0.	
0.	0.	1.	0.	
-0.64999	0.369828	0.	1.	
Dynamic:	1	

Frame:	260
0.999924	-1.23624e-002	0.	0.	
1.23624e-002	0.999924	0.	0.	
0.	0.	1.	0.	
-0.64999	0.369828	0.	1.	
Dynamic:	1	

Frame:	261
0.999924	-1.23624e-002	0.	0.	
1.23624e-002	0.999924	0.	0.	
0.	0.	1.	0.	
-0.64999	0.369828	0.	1.	
Dynamic:	1	

Frame:	262
0.999924	-1.23624e-002	0.	0.	
1.23624e-002	0.999924	0.	0.	
0.	0.	1.	0.	
-0.64999	0.369828	0.	1.	
Dynamic:	1	

Frame:	263
0.999924	-1.23624e-002	0.	0.	
1.23624e-002	0.999924	0.	0.	
0.	0.	1.	0.	
-0.64999	0.369828	0.	1.	
Dynamic:	1	

Frame:	264
1.	0.	0.	0.	
0.	1.	0.	0.	
0.	0.	1.	0.	
8.08715e-002	0.408743	0.	1.	
Dynamic:	1	

Frame:	265
1.	0.	0.	0.	
0.	1.	0.	0.	
0.	0.	1.	0.	
8.08715e-002	0.408743	0.	1.	
Dynamic:	1	

Frame:	266
1.	0.	0.	0.	
0.	1.	0.	0.	
0.	0.	1.	0.	
8.08715e-002	0.408743	0.	1.	
Dynamic:	1	

Frame:	267
1.	0.	0.	0.	
0.	1.	0.	0.	
0.	0.	1.	0.	
8.08715e-002	0.408743	0.	1.	
Dynamic:	1	

Frame:	268
1.	0.	0.	0.	
0.	1.	0.	0.	
0.	0.	1.	0.	
8.08715e-002	0.408743	0.	1.	
Dynamic:	1	

Frame:	269
1.	0.	0.	0.	
0.	1.	0.	0.	
0.	0.	1.	0.	
8.08715e-002	0.408743	0.	1.	
Dynamic:	1	

Frame:	270
1.	0.	0.	0.	
0.	1.	0.	0.	
0.	0.	1.	0.	
8.08715e-002	0.408743	0.	1.	
Dynamic:	1	

Frame:	271
1.	0.	0.	0.	
0.	1.	0.	0.	
0.	0.	1.	0.	
8.08715e-002	0.408743	0.	1.	
Dynamic:	1	

Frame:	272
1.	0.	0.	0.	
0.	1.	0.	0.	
0.	0.	1.	0.	
8.08715e-002	0.408743	0.	1.	
Dynamic:	1	

Frame:	273
1.	0.	0.	0.	
0.	1.	0.	0.	
0.	0.	1.	0.	
8.08715e-002	0.408743	0.	1.	
Dynamic:	1	

Frame:	274
1.	0.	0.	0.	
0.	1.	0.	0.	
0.	0.	1.	0.	
8.08715e-002	0.408743	0.	1.	
Dynamic:	1	

Frame:	275
1.	0.	0.	0.	
0.	1.	0.	0.	
0.	0.	1.	0.	
8.08715e-002	0.408743	0.	1.	
Dynamic:	1	

Frame:	276
1.	0.	0.	0.	
0.	1.	0.	0.	
0.	0.	1.	0.	
8.08715e-002	0.408743	0.	1.	
Dynamic:	1	

Frame:	277
1.	0.	0.	0.	
0.	1.	0.	0.	
0.	0.	1.	0.	
8.08715e-002	0.408743	0.	1.	
Dynamic:	1	

Frame:	278
0.999997	2.47255e-003	0.	0.	
-2.47255e-003	0.999997	0.	0.	
0.	0.	1.	0.	
0.240325	0.410704	0.	1.	
Dynamic:	1	

Frame:	279
0.999997	2.47255e-003	0.	0.	
-2.47255e-003	0.999997	0.	0.	
0.	0.	1.	0.	
0.240325	0.410704	0.	1.	
Dynamic:	1	

Frame:	280
0.999997	2.47255e-003	0.	0.	
-2.47255e-003	0.999997	0.	0.	
0.	0.	1.	0.	
0.240325	0.410704	0.	1.	
Dynamic:	1	

Frame:	281
0.999997	2.47255e-003	0.	0.	
-2.47255e-003	0.999997	0.	0.	
0.	0.	1.	0.	
0.240325	0.410704	0.	1.	
Dynamic:	1	

Frame:	282
0.999997	2.47255e-003	0.	0.	
-2.47255e-003	0.999997	0.	0.	
0.	0.	1.	0.	
0.240325	0.410704	0.	1.	
Dynamic:	1	

Frame:	283
0.999997	2.47255e-003	0.	0.	
-2.47255e-003	0.999997	0.	0.	
0.	0.	1.	0.	
0.240325	0.410704	0.	1.	
Dynamic:	1	

Frame:	284
0.999997	2.47255e-003	0.	0.	
-2.47255e-003	0.999997	0.	0.	
0.	0.	1.	0.	
0.240325	0.410704	0.	1.	
Dynamic:	1	

Frame:	285
0.999997	2.47255e-003	0.	0.	
-2.47255e-003	0.999997	0.	0.	
0.	0.	1.	0.	
0.240325	0.410704	0.	1.	
Dynamic:	1	

Frame:	286
0.999997	2.47255e-003	0.	0.	
-2.47255e-003	0.999997	0.	0.	
0.	0.	1.	0.	
0.240325	0.410704	0.	1.	
Dynamic:	1	

Frame:	287
0.999997	2.47255e-003	0.	0.	
-2.47255e-003	0.999997	0.	0.	
0.	0.	1.	0.	
0.240325	0.410704	0.	1.	
Dynamic:	1	

Frame:	288
0.999997	2.47255e-003	0.	0.	
-2.47255e-003	0.999997	0.	0.	
0.	0.	1.	0.	
0.240325	0.410704	0.	1.	
Dynamic:	1	

Frame:	289
0.999997	2.47255e-003	0.	0.	
-2.47255e-003	0.999997	0.	0.	
0.	0.	1.	0.	
0.240325	0.410704	0.	1.	
Dynamic:	1	

Frame:	290
0.999997	2.47255e-003	0.	0.	
-2.47255e-003	0.999997	0.	0.	
0.	0.	1.	0.	
0.240325	0.410704	0.	1.	
Dynamic:	1	

Frame:	291
0.999997	2.47255e-003	0.	0.	
-2.47255e-003	0.999997	0.	0.	
0.	0.	1.	0.	
0.240325	0.410704	0.	1.	
Dynamic:	1	

Frame:	292
0.999997	2.47255e-003	0.	0.	
-2.47255e-003	0.999997	0.	0.	
0.	0.	1.	0.	
0.240325	0.410704	0.	1.	
Dynamic:	1	

Frame:	293
0.999997	2.47255e-003	0.	0.	
-2.47255e-003	0.999997	0.	0.	
0.	0.	1.	0.	
0.240325	0.410704	0.	1.	
Dynamic:	1	

Frame:	294
0.999997	2.47255e-003	0.	0.	
-2.47255e-003	0.999997	0.	0.	
0.	0.	1.	0.	
0.240325	0.410704	0.	1.	
Dynamic:	1	

Frame:	295
0.999997	2.47255e-003	0.	0.	
-2.47255e-003	0.999997	0.	0.	
0.	0.	1.	0.	
0.240325	0.410704	0.	1.	
Dynamic:	1	

Frame:	296
0.999997	2.47255e-003	0.	0.	
-2.47255e-003	0.999997	0.	0.	
0.	0.	1.	0.	
0.240325	0.410704	0.	1.	
Dynamic:	1	

Frame:	297
0.999997	2.47255e-003	0.	0.	
-2.47255e-003	0.999997	0.	0.	
0.	0.	1.	0.	
0.240325	0.410704	0.	1.	
Dynamic:	1	

Frame:	298
0.999997	2.47255e-003	0.	0.	
-2.47255e-003	0.999997	0.	0.	
0.	0.	1.	0.	
0.240325	0.410704	0.	1.	
Dynamic:	1	

Frame:	299
0.999997	2.47255e-003	0.	0.	
-2.47255e-003	0.999997	0.	0.	
0.	0.	1.	0.	
0.240325	0.410704	0.	1.	
Dynamic:	1	

Frame:	300
0.999997	2.47255e-003	0.	0.	
-2.47255e-003	0.999997	0.	0.	
0.	0.	1.	0.	
0.240325	0.410704	0.	1.	
Dynamic:	1	

Frame:	301
0.999997	2.47255e-003	0.	0.	
-2.47255e-003	0.999997	0.	0.	
0.	0.	1.	0.	
0.240325	0.410704	0.	1.	
Dynamic:	1	

Frame:	302
0.999997	2.47255e-003	0.	0.	
-2.47255e-003	0.999997	0.	0.	
0.	0.	1.	0.	
0.240325	0.410704	0.	1.	
Dynamic:	1	

Frame:	303
0.999997	2.47255e-003	0.	0.	
-2.47255e-003	0.999997	0.	0.	
0.	0.	1.	0.	
0.240325	0.410704	0.	1.	
Dynamic:	1	

Frame:	304
0.999997	2.47255e-003	0.	0.	
-2.47255e-003	0.999997	0.	0.	
0.	0.	1.	0.	
0.240325	0.410704	0.	1.	
Dynamic:	1	

Frame:	305
0.999997	2.47255e-003	0.	0.	
-2.47255e-003	0.999997	0.	0.	
0.	0.	1.	0.	
0.240325	0.410704	0.	1.	
Dynamic:	1	

Frame:	306
0.999997	2.47255e-003	0.	0.	
-2.47255e-003	0.999997	0.	0.	
0.	0.	1.	0.	
0.240325	0.410704	0.	1.	
Dynamic:	1	

Frame:	307
0.999997	2.47255e-003	0.	0.	
-2.47255e-003	0.999997	0.	0.	
0.	0.	1.	0.	
0.240325	0.410704	0.	1.	
Dynamic:	1	

Frame:	308
0.999988	4.94508e-003	0.	0.	
-4.94508e-003	0.999988	0.	0.	
0.	0.	1.	0.	
0.430298	0.408265	0.	1.	
Dynamic:	1	

Frame:	309
0.999988	4.94508e-003	0.	0.	
-4.94508e-003	0.999988	0.	0.	
0.	0.	1.	0.	
0.430298	0.408265	0.	1.	
Dynamic:	1	

Frame:	310
0.999972	7.41758e-003	0.	0.	
-7.41758e-003	0.999972	0.	0.	
0.	0.	1.	0.	
0.622324	0.406065	0.	1.	
Dynamic:	1	

Frame:	311
0.999972	7.41758e-003	0.	0.	
-7.41758e-003	0.999972	0.	0.	
0.	0.	1.	0.	
0.622324	0.406065	0.	1.	
Dynamic:	1	

Frame:	312
0.999972	7.41758e-003	0.	0.	
-7.41758e-003	0.999972	0.	0.	
0.	0.	1.	0.	
0.622324	0.406065	0.	1.	
Dynamic:	1	

Frame:	313
0.999951	9.89004e-003	0.	0.	
-9.89004e-003	0.999951	0.	0.	
0.	0.	1.	0.	
0.817432	0.404045	0.	1.	
Dynamic:	1	

Frame:	314
1.	0.	0.	0.	
0.	1.	0.	0.	
0.	0.	1.	0.	
3.29329e-002	0.415363	0.	1.	
Dynamic:	1	

Frame:	315
1.	0.	0.	0.	
0.	1.	0.	0.	
0.	0.	1.	0.	
3.29329e-002	0.415363	0.	1.	
Dynamic:	1	

Frame:	316
1.	0.	0.	0.	
0.	1.	0.	0.	
0.	0.	1.	0.	
3.29329e-002	0.415363	0.	1.	
Dynamic:	1	

Frame:	317
1.	0.	0.	0.	
0.	1.	0.	0.	
0.	0.	1.	0.	
3.29329e-002	0.415363	0.	1.	
Dynamic:	1	

Frame:	318
1.	0.	0.	0.	
0.	1.	0.	0.	
0.	0.	1.	0.	
3.29329e-002	0.415363	0.	1.	
Dynamic:	1	

Frame:	319
1.	0.	0.	0.	
0.	1.	0.	0.	
0.	0.	1.	0.	
3.29329e-002	0.415363	0.	1.	
Dynamic:	1	

Frame:	320
1.	0.	0.	0.	
0.	1.	0.	0.	
0.	0.	1.	0.	
3.29329e-002	0.415363	0.	1.	
Dynamic:	1	

Frame:	321
1.	0.	0.	0.	
0.	1.	0.	0.	
0.	0.	1.	0.	
3.29329e-002	0.415363	0.	1.	
Dynamic:	1	

Frame:	322
1.	0.	0.	0.	
0.	1.	0.	0.	
0.	0.	1.	0.	
3.29329e-002	0.415363	0.	1.	
Dynamic:	1	

Frame:	323
1.	0.	0.	0.	
0.	1.	0.	0.	
0.	0.	1.	0.	
3.29329e-002	0.415363	0.	1.	
Dynamic:	1	

Frame:	324
1.	0.	0.	0.	
0.	1.	0.	0.	
0.	0.	1.	0.	
3.29329e-002	0.415363	0.	1.	
Dynamic:	1	

Frame:	325
1.	0.	0.	0.	
0.	1.	0.	0.	
0.	0.	1.	0.	
3.29329e-002	0.415363	0.	1.	
Dynamic:	1	

Frame:	326
1.	0.	0.	0.	
0.	1.	0.	0.	
0.	0.	1.	0.	
3.29329e-002	0.415363	0.	1.	
Dynamic:	1	

Frame:	327
1.	0.	0.	0.	
0.	1.	0.	0.	
0.	0.	1.	0.	
3.29329e-002	0.415363	0.	1.	
Dynamic:	1	

Frame:	328
1.	0.	0.	0.	
0.	1.	0.	0.	
0.	0.	1.	0.	
3.29329e-002	0.415363	0.	1.	
Dynamic:	1	

Frame:	329
1.	0.	0.	0.	
0.	1.	0.	0.	
0.	0.	1.	0.	
3.29329e-002	0.415363	0.	1.	
Dynamic:	1	

Frame:	330
1.	0.	0.	0.	
0.	1.	0.	0.	
0.	0.	1.	0.	
3.29329e-002	0.415363	0.	1.	
Dynamic:	1	

Frame:	331
1.	0.	0.	0.	
0.	1.	0.	0.	
0.	0.	1.	0.	
3.29329e-002	0.415363	0.	1.	
Dynamic:	1	

Frame:	332
1.	0.	0.	0.	
0.	1.	0.	0.	
0.	0.	1.	0.	
3.29329e-002	0.415363	0.	1.	
Dynamic:	1	

Frame:	333
1.	0.	0.	0.	
0.	1.	0.	0.	
0.	0.	1.	0.	
3.29329e-002	0.415363	0.	1.	
Dynamic:	1	

Frame:	334
1.	0.	0.	0.	
0.	1.	0.	0.	
0.	0.	1.	0.	
3.29329e-002	0.415363	0.	1.	
Dynamic:	1	

Frame:	335
1.	0.	0.	0.	
0.	1.	0.	0.	
0.	0.	1.	0.	
3.29329e-002	0.415363	0.	1.	
Dynamic:	1	

Frame:	336
1.	0.	0.	0.	
0.	1.	0.	0.	
0.	0.	1.	0.	
3.29329e-002	0.415363	0.	1.	
Dynamic:	1	

Frame:	337
1.	0.	0.	0.	
0.	1.	0.	0.	
0.	0.	1.	0.	
3.29329e-002	0.415363	0.	1.	
Dynamic:	1	

Frame:	338
1.	0.	0.	0.	
0.	1.	0.	0.	
0.	0.	1.	0.	
3.29329e-002	0.415363	0.	1.	
Dynamic:	1	

Frame:	339
1.	0.	0.	0.	
0.	1.	0.	0.	
0.	0.	1.	0.	
3.29329e-002	0.415363	0.	1.	
Dynamic:	1	

Frame:	340
1.	0.	0.	0.	
0.	1.	0.	0.	
0.	0.	1.	0.	
3.29329e-002	0.415363	0.	1.	
Dynamic:	1	

Frame:	341
1.	0.	0.	0.	
0.	1.	0.	0.	
0.	0.	1.	0.	
3.29329e-002	0.415363	0.	1.	
Dynamic:	1	

Frame:	342
0.999997	2.47255e-003	0.	0.	
-2.47255e-003	0.999997	0.	0.	
0.	0.	1.	0.	
0.257806	0.409562	0.	1.	
Dynamic:	1	

Frame:	343
0.999997	2.47255e-003	0.	0.	
-2.47255e-003	0.999997	0.	0.	
0.	0.	1.	0.	
0.257806	0.409562	0.	1.	
Dynamic:	1	

Frame:	344
0.999997	2.47255e-003	0.	0.	
-2.47255e-003	0.999997	0.	0.	
0.	0.	1.	0.	
0.257806	0.409562	0.	1.	
Dynamic:	1	

Frame:	345
0.999997	2.47255e-003	0.	0.	
-2.47255e-003	0.999997	0.	0.	
0.	0.	1.	0.	
0.257806	0.409562	0.	1.	
Dynamic:	1	

Frame:	346
0.999997	2.47255e-003	0.	0.	
-2.47255e-003	0.999997	0.	0.	
0.	0.	1.	0.	
0.257806	0.409562	0.	1.	
Dynamic:	1	

Frame:	347
0.999997	2.47255e-003	0.	0.	
-2.47255e-003	0.999997	0.	0.	
0.	0.	1.	0.	
0.257806	0.409562	0.	1.	
Dynamic:	1	

Frame:	348
0.999997	2.47255e-003	0.	0.	
-2.47255e-003	0.999997	0.	0.	
0.	0.	1.	0.	
0.257806	0.409562	0.	1.	
Dynamic:	1	

Frame:	349
0.999997	2.47255e-003	0.	0.	
-2.47255e-003	0.999997	0.	0.	
0.	0.	1.	0.	
0.257806	0.409562	0.	1.	
Dynamic:	1	

Frame:	350
0.999997	2.47255e-003	0.	0.	
-2.47255e-003	0.999997	0.	0.	
0.	0.	1.	0.	
0.257806	0.409562	0.	1.	
Dynamic:	1	

Frame:	351
0.999997	2.47255e-003	0.	0.	
-2.47255e-003	0.999997	0.	0.	
0.	0.	1.	0.	
0.257806	0.409562	0.	1.	
Dynamic:	1	

Frame:	352
0.999997	2.47255e-003	0.	0.	
-2.47255e-003	0.999997	0.	0.	
0.	0.	1.	0.	
0.257806	0.409562	0.	1.	
Dynamic:	1	

Frame:	353
0.999997	2.47255e-003	0.	0.	
-2.47255e-003	0.999997	0.	0.	
0.	0.	1.	0.	
0.257806	0.409562	0.	1.	
Dynamic:	1	

Frame:	354
0.999997	2.47255e-003	0.	0.	
-2.47255e-003	0.999997	0.	0.	
0.	0.	1.	0.	
0.257806	0.409562	0.	1.	
Dynamic:	1	

Frame:	355
0.999997	2.47255e-003	0.	0.	
-2.47255e-003	0.999997	0.	0.	
0.	0.	1.	0.	
0.257806	0.409562	0.	1.	
Dynamic:	1	

Frame:	356
1.	0.	0.	0.	
0.	1.	0.	0.	
0.	0.	1.	0.	
1.8538e-002	0.416254	0.	1.	
Dynamic:	1	

Frame:	357
1.	0.	0.	0.	
0.	1.	0.	0.	
0.	0.	1.	0.	
1.8538e-002	0.416254	0.	1.	
Dynamic:	1	

Frame:	358
1.	0.	0.	0.	
0.	1.	0.	0.	
0.	0.	1.	0.	
1.8538e-002	0.416254	0.	1.	
Dynamic:	1	

Frame:	359
1.	0.	0.	0.	
0.	1.	0.	0.	
0.	0.	1.	0.	
1.8538e-002	0.416254	0.	1.	
Dynamic:	1	

Frame:	360
1.	0.	0.	0.	
0.	1.	0.	0.	
0.	0.	1.	0.	
1.8538e-002	0.416254	0.	1.	
Dynamic:	1	

Frame:	361
1.	0.	0.	0.	
0.	1.	0.	0.	
0.	0.	1.	0.	
1.8538e-002	0.416254	0.	1.	
Dynamic:	1	

Frame:	362
1.	0.	0.	0.	
0.	1.	0.	0.	
0.	0.	1.	0.	
1.8538e-002	0.416254	0.	1.	
Dynamic:	1	

Frame:	363
1.	0.	0.	0.	
0.	1.	0.	0.	
0.	0.	1.	0.	
1.8538e-002	0.416254	0.	1.	
Dynamic:	1	

Frame:	364
1.	0.	0.	0.	
0.	1.	0.	0.	
0.	0.	1.	0.	
1.8538e-002	0.416254	0.	1.	
Dynamic:	1	

Frame:	365
1.	0.	0.	0.	
0.	1.	0.	0.	
0.	0.	1.	0.	
1.8538e-002	0.416254	0.	1.	
Dynamic:	1	

Frame:	366
1.	0.	0.	0.	
0.	1.	0.	0.	
0.	0.	1.	0.	
1.8538e-002	0.416254	0.	1.	
Dynamic:	1	

Frame:	367
1.	0.	0.	0.	
0.	1.	0.	0.	
0.	0.	1.	0.	
1.8538e-002	0.416254	0.	1.	
Dynamic:	1	

Frame:	368
1.	0.	0.	0.	
0.	1.	0.	0.	
0.	0.	1.	0.	
1.8538e-002	0.416254	0.	1.	
Dynamic:	1	

Frame:	369
1.	0.	0.	0.	
0.	1.	0.	0.	
0.	0.	1.	0.	
1.8538e-002	0.416254	0.	1.	
Dynamic:	1	

Frame:	370
1.	0.	0.	0.	
0.	1.	0.	0.	
0.	0.	1.	0.	
1.8538e-002	0.416254	0.	1.	
Dynamic:	1	

Frame:	371
1.	0.	0.	0.	
0.	1.	0.	0.	
0.	0.	1.	0.	
1.8538e-002	0.416254	0.	1.	
Dynamic:	1	

Frame:	372
1.	0.	0.	0.	
0.	1.	0.	0.	
0.	0.	1.	0.	
1.8538e-002	0.416254	0.	1.	
Dynamic:	1	

Frame:	373
1.	0.	0.	0.	
0.	1.	0.	0.	
0.	0.	1.	0.	
1.8538e-002	0.416254	0.	1.	
Dynamic:	1	

Frame:	374
1.	0.	0.	0.	
0.	1.	0.	0.	
0.	0.	1.	0.	
1.8538e-002	0.416254	0.	1.	
Dynamic:	1	

Frame:	375
1.	0.	0.	0.	
0.	1.	0.	0.	
0.	0.	1.	0.	
1.8538e-002	0.416254	0.	1.	
Dynamic:	1	

Frame:	376
1.	0.	0.	0.	
0.	1.	0.	0.	
0.	0.	1.	0.	
1.8538e-002	0.416254	0.	1.	
Dynamic:	1	

Frame:	377
1.	0.	0.	0.	
0.	1.	0.	0.	
0.	0.	1.	0.	
1.8538e-002	0.416254	0.	1.	
Dynamic:	1	

Frame:	378
1.	0.	0.	0.	
0.	1.	0.	0.	
0.	0.	1.	0.	
1.8538e-002	0.416254	0.	1.	
Dynamic:	1	

Frame:	379
1.	0.	0.	0.	
0.	1.	0.	0.	
0.	0.	1.	0.	
1.8538e-002	0.416254	0.	1.	
Dynamic:	1	

Frame:	380
1.	0.	0.	0.	
0.	1.	0.	0.	
0.	0.	1.	0.	
1.8538e-002	0.416254	0.	1.	
Dynamic:	1	

Frame:	381
1.	0.	0.	0.	
0.	1.	0.	0.	
0.	0.	1.	0.	
1.8538e-002	0.416254	0.	1.	
Dynamic:	1	

Frame:	382
1.	0.	0.	0.	
0.	1.	0.	0.	
0.	0.	1.	0.	
1.8538e-002	0.416254	0.	1.	
Dynamic:	1	

Frame:	383
1.	0.	0.	0.	
0.	1.	0.	0.	
0.	0.	1.	0.	
1.8538e-002	0.416254	0.	1.	
Dynamic:	1	

Frame:	384
1.	0.	0.	0.	
0.	1.	0.	0.	
0.	0.	1.	0.	
1.8538e-002	0.416254	0.	1.	
Dynamic:	1	

Frame:	385
1.	0.	0.	0.	
0.	1.	0.	0.	
0.	0.	1.	0.	
1.8538e-002	0.416254	0.	1.	
Dynamic:	1	

Frame:	386
1.	0.	0.	0.	
0.	1.	0.	0.	
0.	0.	1.	0.	
1.8538e-002	0.416254	0.	1.	
Dynamic:	1	

Frame:	387
1.	0.	0.	0.	
0.	1.	0.	0.	
0.	0.	1.	0.	
1.8538e-002	0.416254	0.	1.	
Dynamic:	1	

Frame:	388
1.	0.	0.	0.	
0.	1.	0.	0.	
0.	0.	1.	0.	
1.8538e-002	0.416254	0.	1.	
Dynamic:	1	

Frame:	389
1.	0.	0.	0.	
0.	1.	0.	0.	
0.	0.	1.	0.	
1.8538e-002	0.416254	0.	1.	
Dynamic:	1	

Frame:	390
1.	0.	0.	0.	
0.	1.	0.	0.	
0.	0.	1.	0.	
1.8538e-002	0.416254	0.	1.	
Dynamic:	1	

Frame:	391
1.	0.	0.	0.	
0.	1.	0.	0.	
0.	0.	1.	0.	
1.8538e-002	0.416254	0.	1.	
Dynamic:	1	

Frame:	392
1.	0.	0.	0.	
0.	1.	0.	0.	
0.	0.	1.	0.	
1.8538e-002	0.416254	0.	1.	
Dynamic:	1	

Frame:	393
1.	0.	0.	0.	
0.	1.	0.	0.	
0.	0.	1.	0.	
1.8538e-002	0.416254	0.	1.	
Dynamic:	1	

Frame:	394
1.	0.	0.	0.	
0.	1.	0.	0.	
0.	0.	1.	0.	
1.8538e-002	0.416254	0.	1.	
Dynamic:	1	

Frame:	395
1.	0.	0.	0.	
0.	1.	0.	0.	
0.	0.	1.	0.	
1.8538e-002	0.416254	0.	1.	
Dynamic:	1	

Frame:	396
1.	0.	0.	0.	
0.	1.	0.	0.	
0.	0.	1.	0.	
1.8538e-002	0.416254	0.	1.	
Dynamic:	1	

Frame:	397
1.	0.	0.	0.	
0.	1.	0.	0.	
0.	0.	1.	0.	
1.8538e-002	0.416254	0.	1.	
Dynamic:	1	

Frame:	398
1.	0.	0.	0.	
0.	1.	0.	0.	
0.	0.	1.	0.	
1.8538e-002	0.416254	0.	1.	
Dynamic:	1	

Frame:	399
1.	0.	0.	0.	
0.	1.	0.	0.	
0.	0.	1.	0.	
1.8538e-002	0.416254	0.	1.	
Dynamic:	1	

Frame:	400
1.	0.	0.	0.	
0.	1.	0.	0.	
0.	0.	1.	0.	
1.8538e-002	0.416254	0.	1.	
Dynamic:	1	

Frame:	401
1.	0.	0.	0.	
0.	1.	0.	0.	
0.	0.	1.	0.	
1.8538e-002	0.416254	0.	1.	
Dynamic:	1	

Frame:	402
1.	0.	0.	0.	
0.	1.	0.	0.	
0.	0.	1.	0.	
1.8538e-002	0.416254	0.	1.	
Dynamic:	1	

Frame:	403
1.	0.	0.	0.	
0.	1.	0.	0.	
0.	0.	1.	0.	
1.8538e-002	0.416254	0.	1.	
Dynamic:	1	

Frame:	404
1.	0.	0.	0.	
0.	1.	0.	0.	
0.	0.	1.	0.	
1.8538e-002	0.416254	0.	1.	
Dynamic:	1	

Frame:	405
1.	0.	0.	0.	
0.	1.	0.	0.	
0.	0.	1.	0.	
1.8538e-002	0.416254	0.	1.	
Dynamic:	1	

Frame:	406
1.	0.	0.	0.	
0.	1.	0.	0.	
0.	0.	1.	0.	
1.8538e-002	0.416254	0.	1.	
Dynamic:	1	

Frame:	407
1.	0.	0.	0.	
0.	1.	0.	0.	
0.	0.	1.	0.	
1.8538e-002	0.416254	0.	1.	
Dynamic:	1	

Frame:	408
1.	0.	0.	0.	
0.	1.	0.	0.	
0.	0.	1.	0.	
1.8538e-002	0.416254	0.	1.	
Dynamic:	1	

Frame:	409
1.	0.	0.	0.	
0.	1.	0.	0.	
0.	0.	1.	0.	
1.8538e-002	0.416254	0.	1.	
Dynamic:	1	

Frame:	410
1.	0.	0.	0.	
0.	1.	0.	0.	
0.	0.	1.	0.	
1.8538e-002	0.416254	0.	1.	
Dynamic:	1	

Frame:	411
1.	0.	0.	0.	
0.	1.	0.	0.	
0.	0.	1.	0.	
1.8538e-002	0.416254	0.	1.	
Dynamic:	1	

Frame:	412
1.	0.	0.	0.	
0.	1.	0.	0.	
0.	0.	1.	0.	
1.8538e-002	0.416254	0.	1.	
Dynamic:	1	

Frame:	413
1.	0.	0.	0.	
0.	1.	0.	0.	
0.	0.	1.	0.	
1.8538e-002	0.416254	0.	1.	
Dynamic:	1	

Frame:	414
1.	0.	0.	0.	
0.	1.	0.	0.	
0.	0.	1.	0.	
1.8538e-002	0.416254	0.	1.	
Dynamic:	1	

Frame:	415
1.	0.	0.	0.	
0.	1.	0.	0.	
0.	0.	1.	0.	
1.8538e-002	0.416254	0.	1.	
Dynamic:	1	

Frame:	416
1.	0.	0.	0.	
0.	1.	0.	0.	
0.	0.	1.	0.	
1.8538e-002	0.416254	0.	1.	
Dynamic:	1	

Frame:	417
1.	0.	0.	0.	
0.	1.	0.	0.	
0.	0.	1.	0.	
1.8538e-002	0.416254	0.	1.	
Dynamic:	1	

Frame:	418
1.	0.	0.	0.	
0.	1.	0.	0.	
0.	0.	1.	0.	
1.8538e-002	0.416254	0.	1.	
Dynamic:	1	

Frame:	419
1.	0.	0.	0.	
0.	1.	0.	0.	
0.	0.	1.	0.	
1.8538e-002	0.416254	0.	1.	
Dynamic:	1	

Frame:	420
1.	0.	0.	0.	
0.	1.	0.	0.	
0.	0.	1.	0.	
1.8538e-002	0.416254	0.	1.	
Dynamic:	1	

Frame:	421
1.	0.	0.	0.	
0.	1.	0.	0.	
0.	0.	1.	0.	
1.8538e-002	0.416254	0.	1.	
Dynamic:	1	

Frame:	422
1.	0.	0.	0.	
0.	1.	0.	0.	
0.	0.	1.	0.	
1.8538e-002	0.416254	0.	1.	
Dynamic:	1	

Frame:	423
1.	0.	0.	0.	
0.	1.	0.	0.	
0.	0.	1.	0.	
1.8538e-002	0.416254	0.	1.	
Dynamic:	1	

Frame:	424
1.	0.	0.	0.	
0.	1.	0.	0.	
0.	0.	1.	0.	
1.8538e-002	0.416254	0.	1.	
Dynamic:	1	

Frame:	425
1.	0.	0.	0.	
0.	1.	0.	0.	
0.	0.	1.	0.	
1.8538e-002	0.416254	0.	1.	
Dynamic:	1	

Frame:	426
1.	0.	0.	0.	
0.	1.	0.	0.	
0.	0.	1.	0.	
1.8538e-002	0.416254	0.	1.	
Dynamic:	1	

Frame:	427
1.	0.	0.	0.	
0.	1.	0.	0.	
0.	0.	1.	0.	
1.8538e-002	0.416254	0.	1.	
Dynamic:	1	

Frame:	428
1.	0.	0.	0.	
0.	1.	0.	0.	
0.	0.	1.	0.	
1.8538e-002	0.416254	0.	1.	
Dynamic:	1	

Frame:	429
1.	0.	0.	0.	
0.	1.	0.	0.	
0.	0.	1.	0.	
1.8538e-002	0.416254	0.	1.	
Dynamic:	1	

Frame:	430
1.	0.	0.	0.	
0.	1.	0.	0.	
0.	0.	1.	0.	
1.8538e-002	0.416254	0.	1.	
Dynamic:	1	

Frame:	431
1.	0.	0.	0.	
0.	1.	0.	0.	
0.	0.	1.	0.	
1.8538e-002	0.416254	0.	1.	
Dynamic:	1	

Frame:	432
1.	0.	0.	0.	
0.	1.	0.	0.	
0.	0.	1.	0.	
1.8538e-002	0.416254	0.	1.	
Dynamic:	1	

Frame:	433
1.	0.	0.	0.	
0.	1.	0.	0.	
0.	0.	1.	0.	
1.8538e-002	0.416254	0.	1.	
Dynamic:	1	

Frame:	434
1.	0.	0.	0.	
0.	1.	0.	0.	
0.	0.	1.	0.	
1.8538e-002	0.416254	0.	1.	
Dynamic:	1	

Frame:	435
1.	0.	0.	0.	
0.	1.	0.	0.	
0.	0.	1.	0.	
1.8538e-002	0.416254	0.	1.	
Dynamic:	1	

Frame:	436
1.	0.	0.	0.	
0.	1.	0.	0.	
0.	0.	1.	0.	
1.8538e-002	0.416254	0.	1.	
Dynamic:	1	

Frame:	437
1.	0.	0.	0.	
0.	1.	0.	0.	
0.	0.	1.	0.	
1.8538e-002	0.416254	0.	1.	
Dynamic:	1	

Frame:	438
1.	0.	0.	0.	
0.	1.	0.	0.	
0.	0.	1.	0.	
1.8538e-002	0.416254	0.	1.	
Dynamic:	1	

Frame:	439
1.	0.	0.	0.	
0.	1.	0.	0.	
0.	0.	1.	0.	
1.8538e-002	0.416254	0.	1.	
Dynamic:	1	

Frame:	440
1.	0.	0.	0.	
0.	1.	0.	0.	
0.	0.	1.	0.	
1.8538e-002	0.416254	0.	1.	
Dynamic:	1	

Frame:	441
1.	0.	0.	0.	
0.	1.	0.	0.	
0.	0.	1.	0.	
1.8538e-002	0.416254	0.	1.	
Dynamic:	1	

Frame:	442
1.	0.	0.	0.	
0.	1.	0.	0.	
0.	0.	1.	0.	
1.8538e-002	0.416254	0.	1.	
Dynamic:	1	

Frame:	443
1.	0.	0.	0.	
0.	1.	0.	0.	
0.	0.	1.	0.	
1.8538e-002	0.416254	0.	1.	
Dynamic:	1	

Frame:	444
1.	0.	0.	0.	
0.	1.	0.	0.	
0.	0.	1.	0.	
1.8538e-002	0.416254	0.	1.	
Dynamic:	1	

Frame:	445
1.	0.	0.	0.	
0.	1.	0.	0.	
0.	0.	1.	0.	
1.8538e-002	0.416254	0.	1.	
Dynamic:	1	

Frame:	446
1.	0.	0.	0.	
0.	1.	0.	0.	
0.	0.	1.	0.	
1.8538e-002	0.416254	0.	1.	
Dynamic:	1	

Frame:	447
1.	0.	0.	0.	
0.	1.	0.	0.	
0.	0.	1.	0.	
1.8538e-002	0.416254	0.	1.	
Dynamic:	1	

Frame:	448
1.	0.	0.	0.	
0.	1.	0.	0.	
0.	0.	1.	0.	
1.8538e-002	0.416254	0.	1.	
Dynamic:	1	

Frame:	449
1.	0.	0.	0.	
0.	1.	0.	0.	
0.	0.	1.	0.	
1.8538e-002	0.416254	0.	1.	
Dynamic:	1	

Frame:	450
1.	0.	0.	0.	
0.	1.	0.	0.	
0.	0.	1.	0.	
1.8538e-002	0.416254	0.	1.	
Dynamic:	1	

Frame:	451
1.	0.	0.	0.	
0.	1.	0.	0.	
0.	0.	1.	0.	
1.8538e-002	0.416254	0.	1.	
Dynamic:	1	

Frame:	452
1.	0.	0.	0.	
0.	1.	0.	0.	
0.	0.	1.	0.	
1.8538e-002	0.416254	0.	1.	
Dynamic:	1	

Frame:	453
1.	0.	0.	0.	
0.	1.	0.	0.	
0.	0.	1.	0.	
1.8538e-002	0.416254	0.	1.	
Dynamic:	1	

Frame:	454
1.	0.	0.	0.	
0.	1.	0.	0.	
0.	0.	1.	0.	
1.8538e-002	0.416254	0.	1.	
Dynamic:	1	

Frame:	455
1.	0.	0.	0.	
0.	1.	0.	0.	
0.	0.	1.	0.	
1.8538e-002	0.416254	0.	1.	
Dynamic:	1	

Frame:	456
1.	0.	0.	0.	
0.	1.	0.	0.	
0.	0.	1.	0.	
1.8538e-002	0.416254	0.	1.	
Dynamic:	1	

Frame:	457
1.	0.	0.	0.	
0.	1.	0.	0.	
0.	0.	1.	0.	
1.8538e-002	0.416254	0.	1.	
Dynamic:	1	

Frame:	458
1.	0.	0.	0.	
0.	1.	0.	0.	
0.	0.	1.	0.	
1.8538e-002	0.416254	0.	1.	
Dynamic:	1	

Frame:	459
1.	0.	0.	0.	
0.	1.	0.	0.	
0.	0.	1.	0.	
1.8538e-002	0.416254	0.	1.	
Dynamic:	1	

Frame:	460
1.	0.	0.	0.	
0.	1.	0.	0.	
0.	0.	1.	0.	
1.8538e-002	0.416254	0.	1.	
Dynamic:	1	

Frame:	461
1.	0.	0.	0.	
0.	1.	0.	0.	
0.	0.	1.	0.	
1.8538e-002	0.416254	0.	1.	
Dynamic:	1	

Frame:	462
0.999997	2.47255e-003	0.	0.	
-2.47255e-003	0.999997	0.	0.	
0.	0.	1.	0.	
0.366908	0.404838	0.	1.	
Dynamic:	1	

Frame:	463
0.999997	2.47255e-003	0.	0.	
-2.47255e-003	0.999997	0.	0.	
0.	0.	1.	0.	
0.366908	0.404838	0.	1.	
Dynamic:	1	

Frame:	464
0.999997	2.47255e-003	0.	0.	
-2.47255e-003	0.999997	0.	0.	
0.	0.	1.	0.	
0.366908	0.404838	0.	1.	
Dynamic:	1	

Frame:	465
0.999997	2.47255e-003	0.	0.	
-2.47255e-003	0.999997	0.	0.	
0.	0.	1.	0.	
0.366908	0.404838	0.	1.	
Dynamic:	1	

Frame:	466
0.999997	2.47255e-003	0.	0.	
-2.47255e-003	0.999997	0.	0.	
0.	0.	1.	0.	
0.366908	0.404838	0.	1.	
Dynamic:	1	

Frame:	467
0.999997	2.47255e-003	0.	0.	
-2.47255e-003	0.999997	0.	0.	
0.	0.	1.	0.	
0.366908	0.404838	0.	1.	
Dynamic:	1	

Frame:	468
0.999997	2.47255e-003	0.	0.	
-2.47255e-003	0.999997	0.	0.	
0.	0.	1.	0.	
0.366908	0.404838	0.	1.	
Dynamic:	1	

Frame:	469
0.999997	2.47255e-003	0.	0.	
-2.47255e-003	0.999997	0.	0.	
0.	0.	1.	0.	
0.366908	0.404838	0.	1.	
Dynamic:	1	

Frame:	470
0.999997	2.47255e-003	0.	0.	
-2.47255e-003	0.999997	0.	0.	
0.	0.	1.	0.	
0.366908	0.404838	0.	1.	
Dynamic:	1	

Frame:	471
0.999997	2.47255e-003	0.	0.	
-2.47255e-003	0.999997	0.	0.	
0.	0.	1.	0.	
0.366908	0.404838	0.	1.	
Dynamic:	1	

Frame:	472
0.999997	2.47255e-003	0.	0.	
-2.47255e-003	0.999997	0.	0.	
0.	0.	1.	0.	
0.366908	0.404838	0.	1.	
Dynamic:	1	

Frame:	473
0.999997	2.47255e-003	0.	0.	
-2.47255e-003	0.999997	0.	0.	
0.	0.	1.	0.	
0.366908	0.404838	0.	1.	
Dynamic:	1	

Frame:	474
0.999997	2.47255e-003	0.	0.	
-2.47255e-003	0.999997	0.	0.	
0.	0.	1.	0.	
0.366908	0.404838	0.	1.	
Dynamic:	1	

Frame:	475
0.999997	2.47255e-003	0.	0.	
-2.47255e-003	0.999997	0.	0.	
0.	0.	1.	0.	
0.366908	0.404838	0.	1.	
Dynamic:	1	

Frame:	476
0.999997	2.47255e-003	0.	0.	
-2.47255e-003	0.999997	0.	0.	
0.	0.	1.	0.	
0.366908	0.404838	0.	1.	
Dynamic:	1	

Frame:	477
0.999997	2.47255e-003	0.	0.	
-2.47255e-003	0.999997	0.	0.	
0.	0.	1.	0.	
0.366908	0.404838	0.	1.	
Dynamic:	1	

Frame:	478
0.999997	2.47255e-003	0.	0.	
-2.47255e-003	0.999997	0.	0.	
0.	0.	1.	0.	
0.366908	0.404838	0.	1.	
Dynamic:	1	

Frame:	479
0.999997	2.47255e-003	0.	0.	
-2.47255e-003	0.999997	0.	0.	
0.	0.	1.	0.	
0.366908	0.404838	0.	1.	
Dynamic:	1	

Frame:	480
0.999997	2.47255e-003	0.	0.	
-2.47255e-003	0.999997	0.	0.	
0.	0.	1.	0.	
0.366908	0.404838	0.	1.	
Dynamic:	1	

Frame:	481
0.999997	2.47255e-003	0.	0.	
-2.47255e-003	0.999997	0.	0.	
0.	0.	1.	0.	
0.366908	0.404838	0.	1.	
Dynamic:	1	

Frame:	482
0.999997	2.47255e-003	0.	0.	
-2.47255e-003	0.999997	0.	0.	
0.	0.	1.	0.	
0.366908	0.404838	0.	1.	
Dynamic:	1	

Frame:	483
0.999997	2.47255e-003	0.	0.	
-2.47255e-003	0.999997	0.	0.	
0.	0.	1.	0.	
0.366908	0.404838	0.	1.	
Dynamic:	1	

Frame:	484
0.999997	2.47255e-003	0.	0.	
-2.47255e-003	0.999997	0.	0.	
0.	0.	1.	0.	
0.366908	0.404838	0.	1.	
Dynamic:	1	

Frame:	485
0.999997	2.47255e-003	0.	0.	
-2.47255e-003	0.999997	0.	0.	
0.	0.	1.	0.	
0.366908	0.404838	0.	1.	
Dynamic:	1	

Frame:	486
0.999997	2.47255e-003	0.	0.	
-2.47255e-003	0.999997	0.	0.	
0.	0.	1.	0.	
0.366908	0.404838	0.	1.	
Dynamic:	1	

Frame:	487
0.999997	2.47255e-003	0.	0.	
-2.47255e-003	0.999997	0.	0.	
0.	0.	1.	0.	
0.366908	0.404838	0.	1.	
Dynamic:	1	

Frame:	488
0.999997	2.47255e-003	0.	0.	
-2.47255e-003	0.999997	0.	0.	
0.	0.	1.	0.	
0.366908	0.404838	0.	1.	
Dynamic:	1	

Frame:	489
0.999997	2.47255e-003	0.	0.	
-2.47255e-003	0.999997	0.	0.	
0.	0.	1.	0.	
0.366908	0.404838	0.	1.	
Dynamic:	1	

Frame:	490
0.999997	2.47255e-003	0.	0.	
-2.47255e-003	0.999997	0.	0.	
0.	0.	1.	0.	
0.366908	0.404838	0.	1.	
Dynamic:	1	

Frame:	491
0.999997	2.47255e-003	0.	0.	
-2.47255e-003	0.999997	0.	0.	
0.	0.	1.	0.	
0.366908	0.404838	0.	1.	
Dynamic:	1	

Frame:	492
0.999988	4.94508e-003	0.	0.	
-4.94508e-003	0.999988	0.	0.	
0.	0.	1.	0.	
0.746204	0.394131	0.	1.	
Dynamic:	1	

Frame:	493
0.999988	4.94508e-003	0.	0.	
-4.94508e-003	0.999988	0.	0.	
0.	0.	1.	0.	
0.746204	0.394131	0.	1.	
Dynamic:	1	

Frame:	494
0.999972	7.41758e-003	0.	0.	
-7.41758e-003	0.999972	0.	0.	
0.	0.	1.	0.	
1.12758	0.38444	0.	1.	
Dynamic:	1	

Frame:	495
0.999972	7.41758e-003	0.	0.	
-7.41758e-003	0.999972	0.	0.	
0.	0.	1.	0.	
1.12758	0.38444	0.	1.	
Dynamic:	1	

Frame:	496
0.999951	9.89004e-003	0.	0.	
-9.89004e-003	0.999951	0.	0.	
0.	0.	1.	0.	
1.51105	0.375799	0.	1.	
Dynamic:	1	

Frame:	497
0.999951	9.89004e-003	0.	0.	
-9.89004e-003	0.999951	0.	0.	
0.	0.	1.	0.	
1.51105	0.375799	0.	1.	
Dynamic:	1	

Frame:	498
0.999924	1.23624e-002	0.	0.	
-1.23624e-002	0.999924	0.	0.	
0.	0.	1.	0.	
1.89658	0.368252	0.	1.	
Dynamic:	1	

Frame:	499
0.999924	1.23624e-002	0.	0.	
-1.23624e-002	0.999924	0.	0.	
0.	0.	1.	0.	
1.89658	0.368252	0.	1.	
Dynamic:	1	

Frame:	500
0.999924	1.23624e-002	0.	0.	
-1.23624e-002	0.999924	0.	0.	
0.	0.	1.	0.	
1.89658	0.368252	0.	1.	
Dynamic:	1	

Frame:	501
0.999924	1.23624e-002	0.	0.	
-1.23624e-002	0.999924	0.	0.	
0.	0.	1.	0.	
1.89658	0.368252	0.	1.	
Dynamic:	1	

Frame:	502
0.999924	1.23624e-002	0.	0.	
-1.23624e-002	0.999924	0.	0.	
0.	0.	1.	0.	
1.89658	0.368252	0.	1.	
Dynamic:	1	

Frame:	503
0.999924	1.23624e-002	0.	0.	
-1.23624e-002	0.999924	0.	0.	
0.	0.	1.	0.	
1.89658	0.368252	0.	1.	
Dynamic:	1	

Frame:	504
0.999924	1.23624e-002	0.	0.	
-1.23624e-002	0.999924	0.	0.	
0.	0.	1.	0.	
1.89658	0.368252	0.	1.	
Dynamic:	1	

Frame:	505
0.999924	1.23624e-002	0.	0.	
-1.23624e-002	0.999924	0.	0.	
0.	0.	1.	0.	
1.89658	0.368252	0.	1.	
Dynamic:	1	

Frame:	506
0.999924	1.23624e-002	0.	0.	
-1.23624e-002	0.999924	0.	0.	
0.	0.	1.	0.	
1.89658	0.368252	0.	1.	
Dynamic:	1	

Frame:	507
0.999924	1.23624e-002	0.	0.	
-1.23624e-002	0.999924	0.	0.	
0.	0.	1.	0.	
1.89658	0.368252	0.	1.	
Dynamic:	1	

Frame:	508
0.999924	1.23624e-002	0.	0.	
-1.23624e-002	0.999924	0.	0.	
0.	0.	1.	0.	
1.89658	0.368252	0.	1.	
Dynamic:	1	

Frame:	509
0.999924	1.23624e-002	0.	0.	
-1.23624e-002	0.999924	0.	0.	
0.	0.	1.	0.	
1.89658	0.368252	0.	1.	
Dynamic:	1	

Frame:	510
1.	0.	0.	0.	
0.	1.	0.	0.	
0.	0.	1.	0.	
-9.19573e-002	0.406393	0.	1.	
Dynamic:	1	

Frame:	511
1.	0.	0.	0.	
0.	1.	0.	0.	
0.	0.	1.	0.	
-9.19573e-002	0.406393	0.	1.	
Dynamic:	1	

Frame:	512
1.	0.	0.	0.	
0.	1.	0.	0.	
0.	0.	1.	0.	
-9.19573e-002	0.406393	0.	1.	
Dynamic:	1	

Frame:	513
1.	0.	0.	0.	
0.	1.	0.	0.	
0.	0.	1.	0.	
-9.19573e-002	0.406393	0.	1.	
Dynamic:	1	

Frame:	514
1.	0.	0.	0.	
0.	1.	0.	0.	
0.	0.	1.	0.	
-9.19573e-002	0.406393	0.	1.	
Dynamic:	1	

Frame:	515
1.	0.	0.	0.	
0.	1.	0.	0.	
0.	0.	1.	0.	
-9.19573e-002	0.406393	0.	1.	
Dynamic:	1	

Frame:	516
1.	0.	0.	0.	
0.	1.	0.	0.	
0.	0.	1.	0.	
-9.19573e-002	0.406393	0.	1.	
Dynamic:	1	

Frame:	517
1.	0.	0.	0.	
0.	1.	0.	0.	
0.	0.	1.	0.	
-9.19573e-002	0.406393	0.	1.	
Dynamic:	1	

Frame:	518
1.	0.	0.	0.	
0.	1.	0.	0.	
0.	0.	1.	0.	
-9.19573e-002	0.406393	0.	1.	
Dynamic:	1	

Frame:	519
1.	0.	0.	0.	
0.	1.	0.	0.	
0.	0.	1.	0.	
-9.19573e-002	0.406393	0.	1.	
Dynamic:	1	

Frame:	520
1.	0.	0.	0.	
0.	1.	0.	0.	
0.	0.	1.	0.	
-9.19573e-002	0.406393	0.	1.	
Dynamic:	1	

Frame:	521
1.	0.	0.	0.	
0.	1.	0.	0.	
0.	0.	1.	0.	
-9.19573e-002	0.406393	0.	1.	
Dynamic:	1	

Frame:	522
1.	0.	0.	0.	
0.	1.	0.	0.	
0.	0.	1.	0.	
-9.19573e-002	0.406393	0.	1.	
Dynamic:	1	

Frame:	523
1.	0.	0.	0.	
0.	1.	0.	0.	
0.	0.	1.	0.	
-9.19573e-002	0.406393	0.	1.	
Dynamic:	1	

Frame:	524
1.	0.	0.	0.	
0.	1.	0.	0.	
0.	0.	1.	0.	
-9.19573e-002	0.406393	0.	1.	
Dynamic:	1	

Frame:	525
1.	0.	0.	0.	
0.	1.	0.	0.	
0.	0.	1.	0.	
-9.19573e-002	0.406393	0.	1.	
Dynamic:	1	

Frame:	526
1.	0.	0.	0.	
0.	1.	0.	0.	
0.	0.	1.	0.	
-9.19573e-002	0.406393	0.	1.	
Dynamic:	1	

Frame:	527
1.	0.	0.	0.	
0.	1.	0.	0.	
0.	0.	1.	0.	
-9.19573e-002	0.406393	0.	1.	
Dynamic:	1	

Frame:	528
1.	0.	0.	0.	
0.	1.	0.	0.	
0.	0.	1.	0.	
-9.19573e-002	0.406393	0.	1.	
Dynamic:	1	

Frame:	529
1.	0.	0.	0.	
0.	1.	0.	0.	
0.	0.	1.	0.	
-9.19573e-002	0.406393	0.	1.	
Dynamic:	1	

Frame:	530
1.	0.	0.	0.	
0.	1.	0.	0.	
0.	0.	1.	0.	
-9.19573e-002	0.406393	0.	1.	
Dynamic:	1	

Frame:	531
1.	0.	0.	0.	
0.	1.	0.	0.	
0.	0.	1.	0.	
-9.19573e-002	0.406393	0.	1.	
Dynamic:	1	

Frame:	532
1.	0.	0.	0.	
0.	1.	0.	0.	
0.	0.	1.	0.	
-9.19573e-002	0.406393	0.	1.	
Dynamic:	1	

Frame:	533
1.	0.	0.	0.	
0.	1.	0.	0.	
0.	0.	1.	0.	
-9.19573e-002	0.406393	0.	1.	
Dynamic:	1	

Frame:	534
1.	0.	0.	0.	
0.	1.	0.	0.	
0.	0.	1.	0.	
-9.19573e-002	0.406393	0.	1.	
Dynamic:	1	

Frame:	535
1.	0.	0.	0.	
0.	1.	0.	0.	
0.	0.	1.	0.	
-9.19573e-002	0.406393	0.	1.	
Dynamic:	1	

Frame:	536
1.	0.	0.	0.	
0.	1.	0.	0.	
0.	0.	1.	0.	
-9.19573e-002	0.406393	0.	1.	
Dynamic:	1	

Frame:	537
1.	0.	0.	0.	
0.	1.	0.	0.	
0.	0.	1.	0.	
-9.19573e-002	0.406393	0.	1.	
Dynamic:	1	

Frame:	538
1.	0.	0.	0.	
0.	1.	0.	0.	
0.	0.	1.	0.	
-9.19573e-002	0.406393	0.	1.	
Dynamic:	1	

Frame:	539
1.	0.	0.	0.	
0.	1.	0.	0.	
0.	0.	1.	0.	
-9.19573e-002	0.406393	0.	1.	
Dynamic:	1	

Frame:	540
1.	0.	0.	0.	
0.	1.	0.	0.	
0.	0.	1.	0.	
-9.19573e-002	0.406393	0.	1.	
Dynamic:	1	

Frame:	541
1.	0.	0.	0.	
0.	1.	0.	0.	
0.	0.	1.	0.	
-9.19573e-002	0.406393	0.	1.	
Dynamic:	1	

Frame:	542
1.	0.	0.	0.	
0.	1.	0.	0.	
0.	0.	1.	0.	
-9.19573e-002	0.406393	0.	1.	
Dynamic:	1	

Frame:	543
1.	0.	0.	0.	
0.	1.	0.	0.	
0.	0.	1.	0.	
-9.19573e-002	0.406393	0.	1.	
Dynamic:	1	

Frame:	544
1.	0.	0.	0.	
0.	1.	0.	0.	
0.	0.	1.	0.	
-9.19573e-002	0.406393	0.	1.	
Dynamic:	1	

Frame:	545
1.	0.	0.	0.	
0.	1.	0.	0.	
0.	0.	1.	0.	
-9.19573e-002	0.406393	0.	1.	
Dynamic:	1	

Frame:	546
1.	0.	0.	0.	
0.	1.	0.	0.	
0.	0.	1.	0.	
-9.19573e-002	0.406393	0.	1.	
Dynamic:	1	

Frame:	547
1.	0.	0.	0.	
0.	1.	0.	0.	
0.	0.	1.	0.	
-9.19573e-002	0.406393	0.	1.	
Dynamic:	1	

Frame:	548
0.999997	-2.47255e-003	0.	0.	
2.47255e-003	0.999997	0.	0.	
0.	0.	1.	0.	
-0.526871	0.404277	0.	1.	
Dynamic:	1	

Frame:	549
0.999997	-2.47255e-003	0.	0.	
2.47255e-003	0.999997	0.	0.	
0.	0.	1.	0.	
-0.526871	0.404277	0.	1.	
Dynamic:	1	

Frame:	550
0.999997	-2.47255e-003	0.	0.	
2.47255e-003	0.999997	0.	0.	
0.	0.	1.	0.	
-0.526871	0.404277	0.	1.	
Dynamic:	1	

Frame:	551
0.999997	-2.47255e-003	0.	0.	
2.47255e-003	0.999997	0.	0.	
0.	0.	1.	0.	
-0.526871	0.404277	0.	1.	
Dynamic:	1	

Frame:	552
0.999997	-2.47255e-003	0.	0.	
2.47255e-003	0.999997	0.	0.	
0.	0.	1.	0.	
-0.526871	0.404277	0.	1.	
Dynamic:	1	

Frame:	553
0.999997	-2.47255e-003	0.	0.	
2.47255e-003	0.999997	0.	0.	
0.	0.	1.	0.	
-0.526871	0.404277	0.	1.	
Dynamic:	1	

Frame:	554
0.999997	-2.47255e-003	0.	0.	
2.47255e-003	0.999997	0.	0.	
0.	0.	1.	0.	
-0.526871	0.404277	0.	1.	
Dynamic:	1	

Frame:	555
0.999997	-2.47255e-003	0.	0.	
2.47255e-003	0.999997	0.	0.	
0.	0.	1.	0.	
-0.526871	0.404277	0.	1.	
Dynamic:	1	

Frame:	556
0.999997	-2.47255e-003	0.	0.	
2.47255e-003	0.999997	0.	0.	
0.	0.	1.	0.	
-0.526871	0.404277	0.	1.	
Dynamic:	1	

Frame:	557
0.999997	-2.47255e-003	0.	0.	
2.47255e-003	0.999997	0.	0.	
0.	0.	1.	0.	
-0.526871	0.404277	0.	1.	
Dynamic:	1	

Frame:	558
0.999997	-2.47255e-003	0.	0.	
2.47255e-003	0.999997	0.	0.	
0.	0.	1.	0.	
-0.526871	0.404277	0.	1.	
Dynamic:	1	

Frame:	559
0.999997	-2.47255e-003	0.	0.	
2.47255e-003	0.999997	0.	0.	
0.	0.	1.	0.	
-0.526871	0.404277	0.	1.	
Dynamic:	1	

Frame:	560
0.999997	-2.47255e-003	0.	0.	
2.47255e-003	0.999997	0.	0.	
0.	0.	1.	0.	
-0.526871	0.404277	0.	1.	
Dynamic:	1	

Frame:	561
0.999997	-2.47255e-003	0.	0.	
2.47255e-003	0.999997	0.	0.	
0.	0.	1.	0.	
-0.526871	0.404277	0.	1.	
Dynamic:	1	

Frame:	562
0.999997	-2.47255e-003	0.	0.	
2.47255e-003	0.999997	0.	0.	
0.	0.	1.	0.	
-0.526871	0.404277	0.	1.	
Dynamic:	1	

Frame:	563
0.999997	-2.47255e-003	0.	0.	
2.47255e-003	0.999997	0.	0.	
0.	0.	1.	0.	
-0.526871	0.404277	0.	1.	
Dynamic:	1	

Frame:	564
0.999997	-2.47255e-003	0.	0.	
2.47255e-003	0.999997	0.	0.	
0.	0.	1.	0.	
-0.526871	0.404277	0.	1.	
Dynamic:	1	

Frame:	565
0.999997	-2.47255e-003	0.	0.	
2.47255e-003	0.999997	0.	0.	
0.	0.	1.	0.	
-0.526871	0.404277	0.	1.	
Dynamic:	1	

Frame:	566
0.999997	-2.47255e-003	0.	0.	
2.47255e-003	0.999997	0.	0.	
0.	0.	1.	0.	
-0.526871	0.404277	0.	1.	
Dynamic:	1	

Frame:	567
0.999997	-2.47255e-003	0.	0.	
2.47255e-003	0.999997	0.	0.	
0.	0.	1.	0.	
-0.526871	0.404277	0.	1.	
Dynamic:	1	

Frame:	568
0.999997	-2.47255e-003	0.	0.	
2.47255e-003	0.999997	0.	0.	
0.	0.	1.	0.	
-0.526871	0.404277	0.	1.	
Dynamic:	1	

Frame:	569
0.999997	-2.47255e-003	0.	0.	
2.47255e-003	0.999997	0.	0.	
0.	0.	1.	0.	
-0.526871	0.404277	0.	1.	
Dynamic:	1	

Frame:	570
0.999997	-2.47255e-003	0.	0.	
2.47255e-003	0.999997	0.	0.	
0.	0.	1.	0.	
-0.526871	0.404277	0.	1.	
Dynamic:	1	

Frame:	571
0.999997	-2.47255e-003	0.	0.	
2.47255e-003	0.999997	0.	0.	
0.	0.	1.	0.	
-0.526871	0.404277	0.	1.	
Dynamic:	1	

Frame:	572
0.999997	-2.47255e-003	0.	0.	
2.47255e-003	0.999997	0.	0.	
0.	0.	1.	0.	
-0.526871	0.404277	0.	1.	
Dynamic:	1	

Frame:	573
0.999997	-2.47255e-003	0.	0.	
2.47255e-003	0.999997	0.	0.	
0.	0.	1.	0.	
-0.526871	0.404277	0.	1.	
Dynamic:	1	

Frame:	574
0.999997	-2.47255e-003	0.	0.	
2.47255e-003	0.999997	0.	0.	
0.	0.	1.	0.	
-0.526871	0.404277	0.	1.	
Dynamic:	1	

Frame:	575
0.999997	-2.47255e-003	0.	0.	
2.47255e-003	0.999997	0.	0.	
0.	0.	1.	0.	
-0.526871	0.404277	0.	1.	
Dynamic:	1	

Frame:	576
0.999997	-2.47255e-003	0.	0.	
2.47255e-003	0.999997	0.	0.	
0.	0.	1.	0.	
-0.526871	0.404277	0.	1.	
Dynamic:	1	

Frame:	577
0.999997	-2.47255e-003	0.	0.	
2.47255e-003	0.999997	0.	0.	
0.	0.	1.	0.	
-0.526871	0.404277	0.	1.	
Dynamic:	1	

Frame:	578
0.999997	-2.47255e-003	0.	0.	
2.47255e-003	0.999997	0.	0.	
0.	0.	1.	0.	
-0.526871	0.404277	0.	1.	
Dynamic:	1	

Frame:	579
0.999988	-4.94508e-003	0.	0.	
4.94508e-003	0.999988	0.	0.	
0.	0.	1.	0.	
-0.993193	0.397466	0.	1.	
Dynamic:	1	

Frame:	580
0.999988	-4.94508e-003	0.	0.	
4.94508e-003	0.999988	0.	0.	
0.	0.	1.	0.	
-0.993193	0.397466	0.	1.	
Dynamic:	1	

Frame:	581
0.999972	-7.41758e-003	0.	0.	
7.41758e-003	0.999972	0.	0.	
0.	0.	1.	0.	
-1.46157	0.391526	0.	1.	
Dynamic:	1	

Frame:	582
0.999972	-7.41758e-003	0.	0.	
7.41758e-003	0.999972	0.	0.	
0.	0.	1.	0.	
-1.46157	0.391526	0.	1.	
Dynamic:	1	

Frame:	583
0.999951	-9.89004e-003	0.	0.	
9.89004e-003	0.999951	0.	0.	
0.	0.	1.	0.	
-1.93201	0.38649	0.	1.	
Dynamic:	1	

Frame:	584
0.999951	-9.89004e-003	0.	0.	
9.89004e-003	0.999951	0.	0.	
0.	0.	1.	0.	
-1.93201	0.38649	0.	1.	
Dynamic:	1	

Frame:	585
0.999924	-1.23624e-002	0.	0.	
1.23624e-002	0.999924	0.	0.	
0.	0.	1.	0.	
-2.4045	0.382402	0.	1.	
Dynamic:	1	

Frame:	586
0.999924	-1.23624e-002	0.	0.	
1.23624e-002	0.999924	0.	0.	
0.	0.	1.	0.	
-2.4045	0.382402	0.	1.	
Dynamic:	1	

Frame:	587
0.999924	-1.23624e-002	0.	0.	
1.23624e-002	0.999924	0.	0.	
0.	0.	1.	0.	
-2.4045	0.382402	0.	1.	
Dynamic:	1	

Frame:	588
0.999924	-1.23624e-002	0.	0.	
1.23624e-002	0.999924	0.	0.	
0.	0.	1.	0.	
-2.4045	0.382402	0.	1.	
Dynamic:	1	

Frame:	589
0.999924	-1.23624e-002	0.	0.	
1.23624e-002	0.999924	0.	0.	
0.	0.	1.	0.	
-2.4045	0.382402	0.	1.	
Dynamic:	1	

Frame:	590
0.999924	-1.23624e-002	0.	0.	
1.23624e-002	0.999924	0.	0.	
0.	0.	1.	0.	
-2.4045	0.382402	0.	1.	
Dynamic:	1	

Frame:	591
0.999924	-1.23624e-002	0.	0.	
1.23624e-002	0.999924	0.	0.	
0.	0.	1.	0.	
-2.4045	0.382402	0.	1.	
Dynamic:	1	

Frame:	592
0.999924	-1.23624e-002	0.	0.	
1.23624e-002	0.999924	0.	0.	
0.	0.	1.	0.	
-2.4045	0.382402	0.	1.	
Dynamic:	1	

Frame:	593
0.999924	-1.23624e-002	0.	0.	
1.23624e-002	0.999924	0.	0.	
0.	0.	1.	0.	
-2.4045	0.382402	0.	1.	
Dynamic:	1	

Frame:	594
1.	0.	0.	0.	
0.	1.	0.	0.	
0.	0.	1.	0.	
4.12085e-003	0.416646	0.	1.	
Dynamic:	1	

Frame:	595
1.	0.	0.	0.	
0.	1.	0.	0.	
0.	0.	1.	0.	
4.12085e-003	0.416646	0.	1.	
Dynamic:	1	

Frame:	596
1.	0.	0.	0.	
0.	1.	0.	0.	
0.	0.	1.	0.	
4.12085e-003	0.416646	0.	1.	
Dynamic:	1	

Frame:	597
1.	0.	0.	0.	
0.	1.	0.	0.	
0.	0.	1.	0.	
4.12085e-003	0.416646	0.	1.	
Dynamic:	1	

Frame:	598
1.	0.	0.	0.	
0.	1.	0.	0.	
0.	0.	1.	0.	
4.12085e-003	0.416646	0.	1.	
Dynamic:	1	

Frame:	599
1.	0.	0.	0.	
0.	1.	0.	0.	
0.	0.	1.	0.	
4.12085e-003	0.416646	0.	1.	
Dynamic:	1	

Frame:	600
1.	0.	0.	0.	
0.	1.	0.	0.	
0.	0.	1.	0.	
4.12085e-003	0.416646	0.	1.	
Dynamic:	1	

Frame:	601
1.	0.	0.	0.	
0.	1.	0.	0.	
0.	0.	1.	0.	
4.12085e-003	0.416646	0.	1.	
Dynamic:	1	

Frame:	602
1.	0.	0.	0.	
0.	1.	0.	0.	
0.	0.	1.	0.	
4.12085e-003	0.416646	0.	1.	
Dynamic:	1	

Frame:	603
1.	0.	0.	0.	
0.	1.	0.	0.	
0.	0.	1.	0.	
4.12085e-003	0.416646	0.	1.	
Dynamic:	1	

Frame:	604
1.	0.	0.	0.	
0.	1.	0.	0.	
0.	0.	1.	0.	
3.29668e-003	0.333317	0.	1.	
Dynamic:	1	

Frame:	605
1.	0.	0.	0.	
0.	1.	0.	0.	
0.	0.	1.	0.	
3.29668e-003	0.333317	0.	1.	
Dynamic:	1	

Frame:	606
1.	0.	0.	0.	
0.	1.	0.	0.	
0.	0.	1.	0.	
3.29668e-003	0.333317	0.	1.	
Dynamic:	1	

Frame:	607
1.	0.	0.	0.	
0.	1.	0.	0.	
0.	0.	1.	0.	
3.29668e-003	0.333317	0.	1.	
Dynamic:	1	

Frame:	608
1.	0.	0.	0.	
0.	1.	0.	0.	
0.	0.	1.	0.	
3.29668e-003	0.333317	0.	1.	
Dynamic:	1	

Frame:	609
1.	0.	0.	0.	
0.	1.	0.	0.	
0.	0.	1.	0.	
3.29668e-003	0.333317	0.	1.	
Dynamic:	1	

Frame:	610
1.	0.	0.	0.	
0.	1.	0.	0.	
0.	0.	1.	0.	
3.29668e-003	0.333317	0.	1.	
Dynamic:	1	

Frame:	611
1.	0.	0.	0.	
0.	1.	0.	0.	
0.	0.	1.	0.	
3.29668e-003	0.333317	0.	1.	
Dynamic:	1	

Frame:	612
1.	0.	0.	0.	
0.	1.	0.	0.	
0.	0.	1.	0.	
3.29668e-003	0.333317	0.	1.	
Dynamic:	1	

Frame:	613
1.	0.	0.	0.	
0.	1.	0.	0.	
0.	0.	1.	0.	
3.29668e-003	0.333317	0.	1.	
Dynamic:	1	

Frame:	614
1.	0.	0.	0.	
0.	1.	0.	0.	
0.	0.	1.	0.	
3.29668e-003	0.333317	0.	1.	
Dynamic:	1	

Frame:	615
1.	0.	0.	0.	
0.	1.	0.	0.	
0.	0.	1.	0.	
3.29668e-003	0.333317	0.	1.	
Dynamic:	1	

Frame:	616
1.	0.	0.	0.	
0.	1.	0.	0.	
0.	0.	1.	0.	
3.29668e-003	0.333317	0.	1.	
Dynamic:	1	

Frame:	617
1.	0.	0.	0.	
0.	1.	0.	0.	
0.	0.	1.	0.	
3.29668e-003	0.333317	0.	1.	
Dynamic:	1	

Frame:	618
1.	0.	0.	0.	
0.	1.	0.	0.	
0.	0.	1.	0.	
3.29668e-003	0.333317	0.	1.	
Dynamic:	1	

Frame:	619
1.	0.	0.	0.	
0.	1.	0.	0.	
0.	0.	1.	0.	
3.29668e-003	0.333317	0.	1.	
Dynamic:	1	

Frame:	620
1.	0.	0.	0.	
0.	1.	0.	0.	
0.	0.	1.	0.	
3.29668e-003	0.333317	0.	1.	
Dynamic:	1	

Frame:	621
1.	0.	0.	0.	
0.	1.	0.	0.	
0.	0.	1.	0.	
3.29668e-003	0.333317	0.	1.	
Dynamic:	1	

Frame:	622
1.	0.	0.	0.	
0.	1.	0.	0.	
0.	0.	1.	0.	
3.29668e-003	0.333317	0.	1.	
Dynamic:	1	

Frame:	623
1.	0.	0.	0.	
0.	1.	0.	0.	
0.	0.	1.	0.	
3.29668e-003	0.333317	0.	1.	
Dynamic:	1	

Frame:	624
1.	0.	0.	0.	
0.	1.	0.	0.	
0.	0.	1.	0.	
3.29668e-003	0.333317	0.	1.	
Dynamic:	1	

Frame:	625
1.	0.	0.	0.	
0.	1.	0.	0.	
0.	0.	1.	0.	
3.29668e-003	0.333317	0.	1.	
Dynamic:	1	

Frame:	626
1.	0.	0.	0.	
0.	1.	0.	0.	
0.	0.	1.	0.	
3.29668e-003	0.333317	0.	1.	
Dynamic:	1	

Frame:	627
1.	0.	0.	0.	
0.	1.	0.	0.	
0.	0.	1.	0.	
3.29668e-003	0.333317	0.	1.	
Dynamic:	1	

Frame:	628
1.	0.	0.	0.	
0.	1.	0.	0.	
0.	0.	1.	0.	
3.29668e-003	0.333317	0.	1.	
Dynamic:	1	

Frame:	629
1.	0.	0.	0.	
0.	1.	0.	0.	
0.	0.	1.	0.	
3.29668e-003	0.333317	0.	1.	
Dynamic:	1	

Frame:	630
1.	0.	0.	0.	
0.	1.	0.	0.	
0.	0.	1.	0.	
3.29668e-003	0.333317	0.	1.	
Dynamic:	1	

Frame:	631
1.	0.	0.	0.	
0.	1.	0.	0.	
0.	0.	1.	0.	
3.29668e-003	0.333317	0.	1.	
Dynamic:	1	

Frame:	632
1.	0.	0.	0.	
0.	1.	0.	0.	
0.	0.	1.	0.	
3.29668e-003	0.333317	0.	1.	
Dynamic:	1	

Frame:	633
1.	0.	0.	0.	
0.	1.	0.	0.	
0.	0.	1.	0.	
3.29668e-003	0.333317	0.	1.	
Dynamic:	1	

Frame:	634
1.	0.	0.	0.	
0.	1.	0.	0.	
0.	0.	1.	0.	
3.29668e-003	0.333317	0.	1.	
Dynamic:	1	

Frame:	635
1.	0.	0.	0.	
0.	1.	0.	0.	
0.	0.	1.	0.	
3.29668e-003	0.333317	0.	1.	
Dynamic:	1	

Frame:	636
1.	0.	0.	0.	
0.	1.	0.	0.	
0.	0.	1.	0.	
3.29668e-003	0.333317	0.	1.	
Dynamic:	1	

Frame:	637
1.	0.	0.	0.	
0.	1.	0.	0.	
0.	0.	1.	0.	
3.29668e-003	0.333317	0.	1.	
Dynamic:	1	

Frame:	638
1.	0.	0.	0.	
0.	1.	0.	0.	
0.	0.	1.	0.	
3.29668e-003	0.333317	0.	1.	
Dynamic:	1	

Frame:	639
1.	0.	0.	0.	
0.	1.	0.	0.	
0.	0.	1.	0.	
3.29668e-003	0.333317	0.	1.	
Dynamic:	1	

Frame:	640
1.	0.	0.	0.	
0.	1.	0.	0.	
0.	0.	1.	0.	
3.29668e-003	0.333317	0.	1.	
Dynamic:	1	

Frame:	641
1.	0.	0.	0.	
0.	1.	0.	0.	
0.	0.	1.	0.	
3.29668e-003	0.333317	0.	1.	
Dynamic:	1	

Frame:	642
1.	0.	0.	0.	
0.	1.	0.	0.	
0.	0.	1.	0.	
3.29668e-003	0.333317	0.	1.	
Dynamic:	1	

Frame:	643
1.	0.	0.	0.	
0.	1.	0.	0.	
0.	0.	1.	0.	
3.29668e-003	0.333317	0.	1.	
Dynamic:	1	

Frame:	644
1.	0.	0.	0.	
0.	1.	0.	0.	
0.	0.	1.	0.	
3.29668e-003	0.333317	0.	1.	
Dynamic:	1	

Frame:	645
1.	0.	0.	0.	
0.	1.	0.	0.	
0.	0.	1.	0.	
3.29668e-003	0.333317	0.	1.	
Dynamic:	1	

Frame:	646
1.	0.	0.	0.	
0.	1.	0.	0.	
0.	0.	1.	0.	
3.29668e-003	0.333317	0.	1.	
Dynamic:	1	

Frame:	647
1.	0.	0.	0.	
0.	1.	0.	0.	
0.	0.	1.	0.	
3.29668e-003	0.333317	0.	1.	
Dynamic:	1	

Frame:	648
1.	0.	0.	0.	
0.	1.	0.	0.	
0.	0.	1.	0.	
3.29668e-003	0.333317	0.	1.	
Dynamic:	1	

Frame:	649
1.	0.	0.	0.	
0.	1.	0.	0.	
0.	0.	1.	0.	
3.29668e-003	0.333317	0.	1.	
Dynamic:	1	

Frame:	650
1.	0.	0.	0.	
0.	1.	0.	0.	
0.	0.	1.	0.	
3.29668e-003	0.333317	0.	1.	
Dynamic:	1	

Frame:	651
1.	0.	0.	0.	
0.	1.	0.	0.	
0.	0.	1.	0.	
3.29668e-003	0.333317	0.	1.	
Dynamic:	1	

Frame:	652
1.	0.	0.	0.	
0.	1.	0.	0.	
0.	0.	1.	0.	
3.29668e-003	0.333317	0.	1.	
Dynamic:	1	

Frame:	653
1.	0.	0.	0.	
0.	1.	0.	0.	
0.	0.	1.	0.	
3.29668e-003	0.333317	0.	1.	
Dynamic:	1	

Frame:	654
1.	0.	0.	0.	
0.	1.	0.	0.	
0.	0.	1.	0.	
3.29668e-003	0.333317	0.	1.	
Dynamic:	1	

Frame:	655
1.	0.	0.	0.	
0.	1.	0.	0.	
0.	0.	1.	0.	
3.29668e-003	0.333317	0.	1.	
Dynamic:	1	

Frame:	656
1.	0.	0.	0.	
0.	1.	0.	0.	
0.	0.	1.	0.	
3.29668e-003	0.333317	0.	1.	
Dynamic:	1	

Frame:	657
1.	0.	0.	0.	
0.	1.	0.	0.	
0.	0.	1.	0.	
3.29668e-003	0.333317	0.	1.	
Dynamic:	1	

Frame:	658
1.	0.	0.	0.	
0.	1.	0.	0.	
0.	0.	1.	0.	
3.29668e-003	0.333317	0.	1.	
Dynamic:	1	

Frame:	659
1.	0.	0.	0.	
0.	1.	0.	0.	
0.	0.	1.	0.	
3.29668e-003	0.333317	0.	1.	
Dynamic:	1	

Frame:	660
1.	0.	0.	0.	
0.	1.	0.	0.	
0.	0.	1.	0.	
3.29668e-003	0.333317	0.	1.	
Dynamic:	1	

Frame:	661
1.	0.	0.	0.	
0.	1.	0.	0.	
0.	0.	1.	0.	
3.29668e-003	0.333317	0.	1.	
Dynamic:	1	

Frame:	662
1.	0.	0.	0.	
0.	1.	0.	0.	
0.	0.	1.	0.	
3.29668e-003	0.333317	0.	1.	
Dynamic:	1	

Frame:	663
1.	0.	0.	0.	
0.	1.	0.	0.	
0.	0.	1.	0.	
3.29668e-003	0.333317	0.	1.	
Dynamic:	1	

Frame:	664
1.	0.	0.	0.	
0.	1.	0.	0.	
0.	0.	1.	0.	
3.29668e-003	0.333317	0.	1.	
Dynamic:	1	

Frame:	665
1.	0.	0.	0.	
0.	1.	0.	0.	
0.	0.	1.	0.	
3.29668e-003	0.333317	0.	1.	
Dynamic:	1	

Frame:	666
1.	0.	0.	0.	
0.	1.	0.	0.	
0.	0.	1.	0.	
2.47251e-003	0.249988	0.	1.	
Dynamic:	1	

Frame:	667
1.	0.	0.	0.	
0.	1.	0.	0.	
0.	0.	1.	0.	
2.47251e-003	0.249988	0.	1.	
Dynamic:	1	

Frame:	668
1.	0.	0.	0.	
0.	1.	0.	0.	
0.	0.	1.	0.	
2.47251e-003	0.249988	0.	1.	
Dynamic:	1	

Frame:	669
1.	0.	0.	0.	
0.	1.	0.	0.	
0.	0.	1.	0.	
2.47251e-003	0.249988	0.	1.	
Dynamic:	1	

Frame:	670
1.	0.	0.	0.	
0.	1.	0.	0.	
0.	0.	1.	0.	
2.47251e-003	0.249988	0.	1.	
Dynamic:	1	

Frame:	671
1.	0.	0.	0.	
0.	1.	0.	0.	
0.	0.	1.	0.	
2.47251e-003	0.249988	0.	1.	
Dynamic:	1	

Frame:	672
1.	0.	0.	0.	
0.	1.	0.	0.	
0.	0.	1.	0.	
2.47251e-003	0.249988	0.	1.	
Dynamic:	1	

Frame:	673
1.	0.	0.	0.	
0.	1.	0.	0.	
0.	0.	1.	0.	
2.47251e-003	0.249988	0.	1.	
Dynamic:	1	

Frame:	674
1.	0.	0.	0.	
0.	1.	0.	0.	
0.	0.	1.	0.	
2.47251e-003	0.249988	0.	1.	
Dynamic:	1	

Frame:	675
1.	0.	0.	0.	
0.	1.	0.	0.	
0.	0.	1.	0.	
2.47251e-003	0.249988	0.	1.	
Dynamic:	1	

Frame:	676
1.	0.	0.	0.	
0.	1.	0.	0.	
0.	0.	1.	0.	
2.47251e-003	0.249988	0.	1.	
Dynamic:	1	

Frame:	677
1.	0.	0.	0.	
0.	1.	0.	0.	
0.	0.	1.	0.	
2.47251e-003	0.249988	0.	1.	
Dynamic:	1	

Frame:	678
1.	0.	0.	0.	
0.	1.	0.	0.	
0.	0.	1.	0.	
2.47251e-003	0.249988	0.	1.	
Dynamic:	1	

Frame:	679
1.	0.	0.	0.	
0.	1.	0.	0.	
0.	0.	1.	0.	
2.47251e-003	0.249988	0.	1.	
Dynamic:	1	

Frame:	680
1.	0.	0.	0.	
0.	1.	0.	0.	
0.	0.	1.	0.	
2.47251e-003	0.249988	0.	1.	
Dynamic:	1	

Frame:	681
1.	0.	0.	0.	
0.	1.	0.	0.	
0.	0.	1.	0.	
2.47251e-003	0.249988	0.	1.	
Dynamic:	1	

Frame:	682
1.	0.	0.	0.	
0.	1.	0.	0.	
0.	0.	1.	0.	
2.47251e-003	0.249988	0.	1.	
Dynamic:	1	

Frame:	683
1.	0.	0.	0.	
0.	1.	0.	0.	
0.	0.	1.	0.	
2.47251e-003	0.249988	0.	1.	
Dynamic:	1	

Frame:	684
1.	0.	0.	0.	
0.	1.	0.	0.	
0.	0.	1.	0.	
2.47251e-003	0.249988	0.	1.	
Dynamic:	1	

Frame:	685
1.	0.	0.	0.	
0.	1.	0.	0.	
0.	0.	1.	0.	
2.47251e-003	0.249988	0.	1.	
Dynamic:	1	

Frame:	686
1.	0.	0.	0.	
0.	1.	0.	0.	
0.	0.	1.	0.	
2.47251e-003	0.249988	0.	1.	
Dynamic:	1	

Frame:	687
1.	0.	0.	0.	
0.	1.	0.	0.	
0.	0.	1.	0.	
2.47251e-003	0.249988	0.	1.	
Dynamic:	1	

Frame:	688
1.	0.	0.	0.	
0.	1.	0.	0.	
0.	0.	1.	0.	
2.47251e-003	0.249988	0.	1.	
Dynamic:	1	

Frame:	689
1.	0.	0.	0.	
0.	1.	0.	0.	
0.	0.	1.	0.	
2.47251e-003	0.249988	0.	1.	
Dynamic:	1	

Frame:	690
1.	0.	0.	0.	
0.	1.	0.	0.	
0.	0.	1.	0.	
2.47251e-003	0.249988	0.	1.	
Dynamic:	1	

Frame:	691
1.	0.	0.	0.	
0.	1.	0.	0.	
0.	0.	1.	0.	
2.47251e-003	0.249988	0.	1.	
Dynamic:	1	

Frame:	692
1.	0.	0.	0.	
0.	1.	0.	0.	
0.	0.	1.	0.	
2.47251e-003	0.249988	0.	1.	
Dynamic:	1	

Frame:	693
1.	0.	0.	0.	
0.	1.	0.	0.	
0.	0.	1.	0.	
2.47251e-003	0.249988	0.	1.	
Dynamic:	1	

Frame:	694
1.	0.	0.	0.	
0.	1.	0.	0.	
0.	0.	1.	0.	
2.47251e-003	0.249988	0.	1.	
Dynamic:	1	

Frame:	695
1.	0.	0.	0.	
0.	1.	0.	0.	
0.	0.	1.	0.	
2.47251e-003	0.249988	0.	1.	
Dynamic:	1	

Frame:	696
1.	0.	0.	0.	
0.	1.	0.	0.	
0.	0.	1.	0.	
2.47251e-003	0.249988	0.	1.	
Dynamic:	1	

Frame:	697
1.	0.	0.	0.	
0.	1.	0.	0.	
0.	0.	1.	0.	
2.47251e-003	0.249988	0.	1.	
Dynamic:	1	

Frame:	698
1.	0.	0.	0.	
0.	1.	0.	0.	
0.	0.	1.	0.	
2.47251e-003	0.249988	0.	1.	
Dynamic:	1	

Frame:	699
1.	0.	0.	0.	
0.	1.	0.	0.	
0.	0.	1.	0.	
2.47251e-003	0.249988	0.	1.	
Dynamic:	1	

Frame:	700
1.	0.	0.	0.	
0.	1.	0.	0.	
0.	0.	1.	0.	
2.47251e-003	0.249988	0.	1.	
Dynamic:	1	

Frame:	701
1.	0.	0.	0.	
0.	1.	0.	0.	
0.	0.	1.	0.	
2.47251e-003	0.249988	0.	1.	
Dynamic:	1	

Frame:	702
1.	0.	0.	0.	
0.	1.	0.	0.	
0.	0.	1.	0.	
2.47251e-003	0.249988	0.	1.	
Dynamic:	1	

Frame:	703
1.	0.	0.	0.	
0.	1.	0.	0.	
0.	0.	1.	0.	
2.47251e-003	0.249988	0.	1.	
Dynamic:	1	

Frame:	704
1.	0.	0.	0.	
0.	1.	0.	0.	
0.	0.	1.	0.	
2.47251e-003	0.249988	0.	1.	
Dynamic:	1	

Frame:	705
1.	0.	0.	0.	
0.	1.	0.	0.	
0.	0.	1.	0.	
2.47251e-003	0.249988	0.	1.	
Dynamic:	1	

Frame:	706
1.	0.	0.	0.	
0.	1.	0.	0.	
0.	0.	1.	0.	
2.47251e-003	0.249988	0.	1.	
Dynamic:	1	

Frame:	707
1.	0.	0.	0.	
0.	1.	0.	0.	
0.	0.	1.	0.	
2.47251e-003	0.249988	0.	1.	
Dynamic:	1	

Frame:	708
1.	0.	0.	0.	
0.	1.	0.	0.	
0.	0.	1.	0.	
2.47251e-003	0.249988	0.	1.	
Dynamic:	1	

Frame:	709
1.	0.	0.	0.	
0.	1.	0.	0.	
0.	0.	1.	0.	
2.47251e-003	0.249988	0.	1.	
Dynamic:	1	

Frame:	710
1.	0.	0.	0.	
0.	1.	0.	0.	
0.	0.	1.	0.	
2.47251e-003	0.249988	0.	1.	
Dynamic:	1	

Frame:	711
1.	0.	0.	0.	
0.	1.	0.	0.	
0.	0.	1.	0.	
2.47251e-003	0.249988	0.	1.	
Dynamic:	1	

Frame:	712
1.	0.	0.	0.	
0.	1.	0.	0.	
0.	0.	1.	0.	
1.64834e-003	0.166659	0.	1.	
Dynamic:	1	

Frame:	713
1.	0.	0.	0.	
0.	1.	0.	0.	
0.	0.	1.	0.	
1.64834e-003	0.166659	0.	1.	
Dynamic:	1	

Frame:	714
1.	0.	0.	0.	
0.	1.	0.	0.	
0.	0.	1.	0.	
1.64834e-003	0.166659	0.	1.	
Dynamic:	1	

Frame:	715
1.	0.	0.	0.	
0.	1.	0.	0.	
0.	0.	1.	0.	
1.64834e-003	0.166659	0.	1.	
Dynamic:	1	

Frame:	716
1.	0.	0.	0.	
0.	1.	0.	0.	
0.	0.	1.	0.	
1.64834e-003	0.166659	0.	1.	
Dynamic:	1	

Frame:	717
1.	0.	0.	0.	
0.	1.	0.	0.	
0.	0.	1.	0.	
1.64834e-003	0.166659	0.	1.	
Dynamic:	1	

Frame:	718
1.	0.	0.	0.	
0.	1.	0.	0.	
0.	0.	1.	0.	
1.64834e-003	0.166659	0.	1.	
Dynamic:	1	

Frame:	719
1.	0.	0.	0.	
0.	1.	0.	0.	
0.	0.	1.	0.	
1.64834e-003	0.166659	0.	1.	
Dynamic:	1	

Frame:	720
1.	0.	0.	0.	
0.	1.	0.	0.	
0.	0.	1.	0.	
1.64834e-003	0.166659	0.	1.	
Dynamic:	1	

Frame:	721
1.	0.	0.	0.	
0.	1.	0.	0.	
0.	0.	1.	0.	
1.64834e-003	0.166659	0.	1.	
Dynamic:	1	

Frame:	722
1.	0.	0.	0.	
0.	1.	0.	0.	
0.	0.	1.	0.	
1.64834e-003	0.166659	0.	1.	
Dynamic:	1	

Frame:	723
1.	0.	0.	0.	
0.	1.	0.	0.	
0.	0.	1.	0.	
1.64834e-003	0.166659	0.	1.	
Dynamic:	1	

Frame:	724
1.	0.	0.	0.	
0.	1.	0.	0.	
0.	0.	1.	0.	
1.64834e-003	0.166659	0.	1.	
Dynamic:	1	

Frame:	725
1.	0.	0.	0.	
0.	1.	0.	0.	
0.	0.	1.	0.	
1.64834e-003	0.166659	0.	1.	
Dynamic:	1	

Frame:	726
1.	0.	0.	0.	
0.	1.	0.	0.	
0.	0.	1.	0.	
1.64834e-003	0.166659	0.	1.	
Dynamic:	1	

Frame:	727
1.	0.	0.	0.	
0.	1.	0.	0.	
0.	0.	1.	0.	
1.64834e-003	0.166659	0.	1.	
Dynamic:	1	

Frame:	728
1.	0.	0.	0.	
0.	1.	0.	0.	
0.	0.	1.	0.	
1.64834e-003	0.166659	0.	1.	
Dynamic:	1	

Frame:	729
1.	0.	0.	0.	
0.	1.	0.	0.	
0.	0.	1.	0.	
1.64834e-003	0.166659	0.	1.	
Dynamic:	1	

Frame:	730
1.	0.	0.	0.	
0.	1.	0.	0.	
0.	0.	1.	0.	
1.64834e-003	0.166659	0.	1.	
Dynamic:	1	

Frame:	731
1.	0.	0.	0.	
0.	1.	0.	0.	
0.	0.	1.	0.	
1.64834e-003	0.166659	0.	1.	
Dynamic:	1	

Frame:	732
1.	0.	0.	0.	
0.	1.	0.	0.	
0.	0.	1.	0.	
1.64834e-003	0.166659	0.	1.	
Dynamic:	1	

Frame:	733
1.	0.	0.	0.	
0.	1.	0.	0.	
0.	0.	1.	0.	
1.64834e-003	0.166659	0.	1.	
Dynamic:	1	

Frame:	734
1.	0.	0.	0.	
0.	1.	0.	0.	
0.	0.	1.	0.	
1.64834e-003	0.166659	0.	1.	
Dynamic:	1	

Frame:	735
1.	0.	0.	0.	
0.	1.	0.	0.	
0.	0.	1.	0.	
1.64834e-003	0.166659	0.	1.	
Dynamic:	1	

Frame:	736
1.	0.	0.	0.	
0.	1.	0.	0.	
0.	0.	1.	0.	
1.64834e-003	0.166659	0.	1.	
Dynamic:	1	

Frame:	737
1.	0.	0.	0.	
0.	1.	0.	0.	
0.	0.	1.	0.	
1.64834e-003	0.166659	0.	1.	
Dynamic:	1	

Frame:	738
1.	0.	0.	0.	
0.	1.	0.	0.	
0.	0.	1.	0.	
1.64834e-003	0.166659	0.	1.	
Dynamic:	1	

Frame:	739
1.	0.	0.	0.	
0.	1.	0.	0.	
0.	0.	1.	0.	
1.64834e-003	0.166659	0.	1.	
Dynamic:	1	

Frame:	740
1.	0.	0.	0.	
0.	1.	0.	0.	
0.	0.	1.	0.	
1.64834e-003	0.166659	0.	1.	
Dynamic:	1	

Frame:	741
1.	0.	0.	0.	
0.	1.	0.	0.	
0.	0.	1.	0.	
1.64834e-003	0.166659	0.	1.	
Dynamic:	1	

Frame:	742
1.	0.	0.	0.	
0.	1.	0.	0.	
0.	0.	1.	0.	
1.64834e-003	0.166659	0.	1.	
Dynamic:	1	

Frame:	743
1.	0.	0.	0.	
0.	1.	0.	0.	
0.	0.	1.	0.	
1.64834e-003	0.166659	0.	1.	
Dynamic:	1	

Frame:	744
1.	0.	0.	0.	
0.	1.	0.	0.	
0.	0.	1.	0.	
1.64834e-003	0.166659	0.	1.	
Dynamic:	1	

Frame:	745
1.	0.	0.	0.	
0.	1.	0.	0.	
0.	0.	1.	0.	
1.64834e-003	0.166659	0.	1.	
Dynamic:	1	

Frame:	746
1.	0.	0.	0.	
0.	1.	0.	0.	
0.	0.	1.	0.	
1.64834e-003	0.166659	0.	1.	
Dynamic:	1	

Frame:	747
1.	0.	0.	0.	
0.	1.	0.	0.	
0.	0.	1.	0.	
1.64834e-003	0.166659	0.	1.	
Dynamic:	1	

Frame:	748
1.	0.	0.	0.	
0.	1.	0.	0.	
0.	0.	1.	0.	
1.64834e-003	0.166659	0.	1.	
Dynamic:	1	

Frame:	749
1.	0.	0.	0.	
0.	1.	0.	0.	
0.	0.	1.	0.	
1.64834e-003	0.166659	0.	1.	
Dynamic:	1	

Frame:	750
1.	0.	0.	0.	
0.	1.	0.	0.	
0.	0.	1.	0.	
1.64834e-003	0.166659	0.	1.	
Dynamic:	1	

Frame:	751
1.	0.	0.	0.	
0.	1.	0.	0.	
0.	0.	1.	0.	
1.64834e-003	0.166659	0.	1.	
Dynamic:	1	

Frame:	752
1.	0.	0.	0.	
0.	1.	0.	0.	
0.	0.	1.	0.	
1.64834e-003	0.166659	0.	1.	
Dynamic:	1	

Frame:	753
1.	0.	0.	0.	
0.	1.	0.	0.	
0.	0.	1.	0.	
1.64834e-003	0.166659	0.	1.	
Dynamic:	1	

Frame:	754
1.	0.	0.	0.	
0.	1.	0.	0.	
0.	0.	1.	0.	
1.64834e-003	0.166659	0.	1.	
Dynamic:	1	

Frame:	755
1.	0.	0.	0.	
0.	1.	0.	0.	
0.	0.	1.	0.	
1.64834e-003	0.166659	0.	1.	
Dynamic:	1	

Frame:	756
1.	0.	0.	0.	
0.	1.	0.	0.	
0.	0.	1.	0.	
1.64834e-003	0.166659	0.	1.	
Dynamic:	1	

Frame:	757
1.	0.	0.	0.	
0.	1.	0.	0.	
0.	0.	1.	0.	
1.64834e-003	0.166659	0.	1.	
Dynamic:	1	

Frame:	758
1.	0.	0.	0.	
0.	1.	0.	0.	
0.	0.	1.	0.	
1.64834e-003	0.166659	0.	1.	
Dynamic:	1	

Frame:	759
1.	0.	0.	0.	
0.	1.	0.	0.	
0.	0.	1.	0.	
1.64834e-003	0.166659	0.	1.	
Dynamic:	1	

Frame:	760
1.	0.	0.	0.	
0.	1.	0.	0.	
0.	0.	1.	0.	
1.64834e-003	0.166659	0.	1.	
Dynamic:	1	

Frame:	761
1.	0.	0.	0.	
0.	1.	0.	0.	
0.	0.	1.	0.	
1.64834e-003	0.166659	0.	1.	
Dynamic:	1	

Frame:	762
1.	0.	0.	0.	
0.	1.	0.	0.	
0.	0.	1.	0.	
1.64834e-003	0.166659	0.	1.	
Dynamic:	1	

Frame:	763
1.	0.	0.	0.	
0.	1.	0.	0.	
0.	0.	1.	0.	
1.64834e-003	0.166659	0.	1.	
Dynamic:	1	

Frame:	764
1.	0.	0.	0.	
0.	1.	0.	0.	
0.	0.	1.	0.	
1.64834e-003	0.166659	0.	1.	
Dynamic:	1	

Frame:	765
1.	0.	0.	0.	
0.	1.	0.	0.	
0.	0.	1.	0.	
1.64834e-003	0.166659	0.	1.	
Dynamic:	1	

Frame:	766
1.	0.	0.	0.	
0.	1.	0.	0.	
0.	0.	1.	0.	
1.64834e-003	0.166659	0.	1.	
Dynamic:	1	

Frame:	767
1.	0.	0.	0.	
0.	1.	0.	0.	
0.	0.	1.	0.	
1.64834e-003	0.166659	0.	1.	
Dynamic:	1	

Frame:	768
1.	0.	0.	0.	
0.	1.	0.	0.	
0.	0.	1.	0.	
1.64834e-003	0.166659	0.	1.	
Dynamic:	1	

Frame:	769
1.	0.	0.	0.	
0.	1.	0.	0.	
0.	0.	1.	0.	
1.64834e-003	0.166659	0.	1.	
Dynamic:	1	

Frame:	770
1.	0.	0.	0.	
0.	1.	0.	0.	
0.	0.	1.	0.	
1.64834e-003	0.166659	0.	1.	
Dynamic:	1	

Frame:	771
1.	0.	0.	0.	
0.	1.	0.	0.	
0.	0.	1.	0.	
1.64834e-003	0.166659	0.	1.	
Dynamic:	1	

Frame:	772
1.	0.	0.	0.	
0.	1.	0.	0.	
0.	0.	1.	0.	
1.64834e-003	0.166659	0.	1.	
Dynamic:	1	

Frame:	773
1.	0.	0.	0.	
0.	1.	0.	0.	
0.	0.	1.	0.	
1.64834e-003	0.166659	0.	1.	
Dynamic:	1	

Frame:	774
1.	0.	0.	0.	
0.	1.	0.	0.	
0.	0.	1.	0.	
1.64834e-003	0.166659	0.	1.	
Dynamic:	1	

Frame:	775
1.	0.	0.	0.	
0.	1.	0.	0.	
0.	0.	1.	0.	
1.64834e-003	0.166659	0.	1.	
Dynamic:	1	

Frame:	776
1.	0.	0.	0.	
0.	1.	0.	0.	
0.	0.	1.	0.	
1.64834e-003	0.166659	0.	1.	
Dynamic:	1	

Frame:	777
1.	0.	0.	0.	
0.	1.	0.	0.	
0.	0.	1.	0.	
1.64834e-003	0.166659	0.	1.	
Dynamic:	1	

Frame:	778
1.	0.	0.	0.	
0.	1.	0.	0.	
0.	0.	1.	0.	
1.64834e-003	0.166659	0.	1.	
Dynamic:	1	

Frame:	779
1.	0.	0.	0.	
0.	1.	0.	0.	
0.	0.	1.	0.	
1.64834e-003	0.166659	0.	1.	
Dynamic:	1	

Frame:	780
1.	0.	0.	0.	
0.	1.	0.	0.	
0.	0.	1.	0.	
1.64834e-003	0.166659	0.	1.	
Dynamic:	1	

Frame:	781
1.	0.	0.	0.	
0.	1.	0.	0.	
0.	0.	1.	0.	
1.64834e-003	0.166659	0.	1.	
Dynamic:	1	

Frame:	782
1.	0.	0.	0.	
0.	1.	0.	0.	
0.	0.	1.	0.	
1.64834e-003	0.166659	0.	1.	
Dynamic:	1	

Frame:	783
1.	0.	0.	0.	
0.	1.	0.	0.	
0.	0.	1.	0.	
1.64834e-003	0.166659	0.	1.	
Dynamic:	1	

Frame:	784
1.	0.	0.	0.	
0.	1.	0.	0.	
0.	0.	1.	0.	
1.64834e-003	0.166659	0.	1.	
Dynamic:	1	

Frame:	785
1.	0.	0.	0.	
0.	1.	0.	0.	
0.	0.	1.	0.	
1.64834e-003	0.166659	0.	1.	
Dynamic:	1	

Frame:	786
1.	0.	0.	0.	
0.	1.	0.	0.	
0.	0.	1.	0.	
1.64834e-003	0.166659	0.	1.	
Dynamic:	1	

Frame:	787
1.	0.	0.	0.	
0.	1.	0.	0.	
0.	0.	1.	0.	
1.64834e-003	0.166659	0.	1.	
Dynamic:	1	

Frame:	788
1.	0.	0.	0.	
0.	1.	0.	0.	
0.	0.	1.	0.	
1.64834e-003	0.166659	0.	1.	
Dynamic:	1	

Frame:	789
1.	0.	0.	0.	
0.	1.	0.	0.	
0.	0.	1.	0.	
1.64834e-003	0.166659	0.	1.	
Dynamic:	1	

Frame:	790
1.	0.	0.	0.	
0.	1.	0.	0.	
0.	0.	1.	0.	
1.64834e-003	0.166659	0.	1.	
Dynamic:	1	

Frame:	791
1.	0.	0.	0.	
0.	1.	0.	0.	
0.	0.	1.	0.	
1.64834e-003	0.166659	0.	1.	
Dynamic:	1	

Frame:	792
1.	0.	0.	0.	
0.	1.	0.	0.	
0.	0.	1.	0.	
1.64834e-003	0.166659	0.	1.	
Dynamic:	1	

Frame:	793
1.	0.	0.	0.	
0.	1.	0.	0.	
0.	0.	1.	0.	
1.64834e-003	0.166659	0.	1.	
Dynamic:	1	

Frame:	794
1.	0.	0.	0.	
0.	1.	0.	0.	
0.	0.	1.	0.	
1.64834e-003	0.166659	0.	1.	
Dynamic:	1	

Frame:	795
1.	0.	0.	0.	
0.	1.	0.	0.	
0.	0.	1.	0.	
1.64834e-003	0.166659	0.	1.	
Dynamic:	1	

Frame:	796
1.	0.	0.	0.	
0.	1.	0.	0.	
0.	0.	1.	0.	
1.64834e-003	0.166659	0.	1.	
Dynamic:	1	

Frame:	797
1.	0.	0.	0.	
0.	1.	0.	0.	
0.	0.	1.	0.	
1.64834e-003	0.166659	0.	1.	
Dynamic:	1	

Frame:	798
1.	0.	0.	0.	
0.	1.	0.	0.	
0.	0.	1.	0.	
1.64834e-003	0.166659	0.	1.	
Dynamic:	1	

Frame:	799
1.	0.	0.	0.	
0.	1.	0.	0.	
0.	0.	1.	0.	
1.64834e-003	0.166659	0.	1.	
Dynamic:	1	

Frame:	800
1.	0.	0.	0.	
0.	1.	0.	0.	
0.	0.	1.	0.	
1.64834e-003	0.166659	0.	1.	
Dynamic:	1	

Frame:	801
1.	0.	0.	0.	
0.	1.	0.	0.	
0.	0.	1.	0.	
1.64834e-003	0.166659	0.	1.	
Dynamic:	1	

Frame:	802
1.	0.	0.	0.	
0.	1.	0.	0.	
0.	0.	1.	0.	
1.64834e-003	0.166659	0.	1.	
Dynamic:	1	

Frame:	803
1.	0.	0.	0.	
0.	1.	0.	0.	
0.	0.	1.	0.	
1.64834e-003	0.166659	0.	1.	
Dynamic:	1	

Frame:	804
1.	0.	0.	0.	
0.	1.	0.	0.	
0.	0.	1.	0.	
1.64834e-003	0.166659	0.	1.	
Dynamic:	1	

Frame:	805
1.	0.	0.	0.	
0.	1.	0.	0.	
0.	0.	1.	0.	
1.64834e-003	0.166659	0.	1.	
Dynamic:	1	

Frame:	806
1.	0.	0.	0.	
0.	1.	0.	0.	
0.	0.	1.	0.	
1.64834e-003	0.166659	0.	1.	
Dynamic:	1	

Frame:	807
1.	0.	0.	0.	
0.	1.	0.	0.	
0.	0.	1.	0.	
1.64834e-003	0.166659	0.	1.	
Dynamic:	1	

Frame:	808
1.	0.	0.	0.	
0.	1.	0.	0.	
0.	0.	1.	0.	
1.64834e-003	0.166659	0.	1.	
Dynamic:	1	

Frame:	809
1.	0.	0.	0.	
0.	1.	0.	0.	
0.	0.	1.	0.	
1.64834e-003	0.166659	0.	1.	
Dynamic:	1	

Frame:	810
1.	0.	0.	0.	
0.	1.	0.	0.	
0.	0.	1.	0.	
1.64834e-003	0.166659	0.	1.	
Dynamic:	1	

Frame:	811
1.	0.	0.	0.	
0.	1.	0.	0.	
0.	0.	1.	0.	
1.64834e-003	0.166659	0.	1.	
Dynamic:	1	

Frame:	812
1.	0.	0.	0.	
0.	1.	0.	0.	
0.	0.	1.	0.	
1.64834e-003	0.166659	0.	1.	
Dynamic:	1	

Frame:	813
1.	0.	0.	0.	
0.	1.	0.	0.	
0.	0.	1.	0.	
1.64834e-003	0.166659	0.	1.	
Dynamic:	1	

Frame:	814
1.	0.	0.	0.	
0.	1.	0.	0.	
0.	0.	1.	0.	
1.64834e-003	0.166659	0.	1.	
Dynamic:	1	

Frame:	815
1.	0.	0.	0.	
0.	1.	0.	0.	
0.	0.	1.	0.	
1.64834e-003	0.166659	0.	1.	
Dynamic:	1	

Frame:	816
1.	0.	0.	0.	
0.	1.	0.	0.	
0.	0.	1.	0.	
1.64834e-003	0.166659	0.	1.	
Dynamic:	1	

Frame:	817
1.	0.	0.	0.	
0.	1.	0.	0.	
0.	0.	1.	0.	
1.64834e-003	0.166659	0.	1.	
Dynamic:	1	

Frame:	818
1.	0.	0.	0.	
0.	1.	0.	0.	
0.	0.	1.	0.	
1.64834e-003	0.166659	0.	1.	
Dynamic:	1	

Frame:	819
1.	0.	0.	0.	
0.	1.	0.	0.	
0.	0.	1.	0.	
1.64834e-003	0.166659	0.	1.	
Dynamic:	1	

Frame:	820
1.	0.	0.	0.	
0.	1.	0.	0.	
0.	0.	1.	0.	
1.64834e-003	0.166659	0.	1.	
Dynamic:	1	

Frame:	821
1.	0.	0.	0.	
0.	1.	0.	0.	
0.	0.	1.	0.	
1.64834e-003	0.166659	0.	1.	
Dynamic:	1	

Frame:	822
1.	0.	0.	0.	
0.	1.	0.	0.	
0.	0.	1.	0.	
1.64834e-003	0.166659	0.	1.	
Dynamic:	1	

Frame:	823
1.	0.	0.	0.	
0.	1.	0.	0.	
0.	0.	1.	0.	
1.64834e-003	0.166659	0.	1.	
Dynamic:	1	

Frame:	824
1.	0.	0.	0.	
0.	1.	0.	0.	
0.	0.	1.	0.	
1.64834e-003	0.166659	0.	1.	
Dynamic:	1	

Frame:	825
1.	0.	0.	0.	
0.	1.	0.	0.	
0.	0.	1.	0.	
1.64834e-003	0.166659	0.	1.	
Dynamic:	1	

Frame:	826
1.	0.	0.	0.	
0.	1.	0.	0.	
0.	0.	1.	0.	
1.64834e-003	0.166659	0.	1.	
Dynamic:	1	

Frame:	827
1.	0.	0.	0.	
0.	1.	0.	0.	
0.	0.	1.	0.	
1.64834e-003	0.166659	0.	1.	
Dynamic:	1	

Frame:	828
1.	0.	0.	0.	
0.	1.	0.	0.	
0.	0.	1.	0.	
1.64834e-003	0.166659	0.	1.	
Dynamic:	1	

Frame:	829
1.	0.	0.	0.	
0.	1.	0.	0.	
0.	0.	1.	0.	
1.64834e-003	0.166659	0.	1.	
Dynamic:	1	

Frame:	830
1.	0.	0.	0.	
0.	1.	0.	0.	
0.	0.	1.	0.	
1.64834e-003	0.166659	0.	1.	
Dynamic:	1	

Frame:	831
1.	0.	0.	0.	
0.	1.	0.	0.	
0.	0.	1.	0.	
1.64834e-003	0.166659	0.	1.	
Dynamic:	1	

Frame:	832
1.	0.	0.	0.	
0.	1.	0.	0.	
0.	0.	1.	0.	
1.64834e-003	0.166659	0.	1.	
Dynamic:	1	

Frame:	833
1.	0.	0.	0.	
0.	1.	0.	0.	
0.	0.	1.	0.	
1.64834e-003	0.166659	0.	1.	
Dynamic:	1	

Frame:	834
1.	0.	0.	0.	
0.	1.	0.	0.	
0.	0.	1.	0.	
1.64834e-003	0.166659	0.	1.	
Dynamic:	1	

Frame:	835
1.	0.	0.	0.	
0.	1.	0.	0.	
0.	0.	1.	0.	
1.64834e-003	0.166659	0.	1.	
Dynamic:	1	

Frame:	836
1.	0.	0.	0.	
0.	1.	0.	0.	
0.	0.	1.	0.	
1.64834e-003	0.166659	0.	1.	
Dynamic:	1	

Frame:	837
1.	0.	0.	0.	
0.	1.	0.	0.	
0.	0.	1.	0.	
1.64834e-003	0.166659	0.	1.	
Dynamic:	1	

Frame:	838
1.	0.	0.	0.	
0.	1.	0.	0.	
0.	0.	1.	0.	
1.64834e-003	0.166659	0.	1.	
Dynamic:	1	

Frame:	839
1.	0.	0.	0.	
0.	1.	0.	0.	
0.	0.	1.	0.	
1.64834e-003	0.166659	0.	1.	
Dynamic:	1	

Frame:	840
1.	0.	0.	0.	
0.	1.	0.	0.	
0.	0.	1.	0.	
1.64834e-003	0.166659	0.	1.	
Dynamic:	1	

Frame:	841
1.	0.	0.	0.	
0.	1.	0.	0.	
0.	0.	1.	0.	
1.64834e-003	0.166659	0.	1.	
Dynamic:	1	

Frame:	842
1.	0.	0.	0.	
0.	1.	0.	0.	
0.	0.	1.	0.	
1.64834e-003	0.166659	0.	1.	
Dynamic:	1	

Frame:	843
1.	0.	0.	0.	
0.	1.	0.	0.	
0.	0.	1.	0.	
1.64834e-003	0.166659	0.	1.	
Dynamic:	1	

Frame:	844
1.	0.	0.	0.	
0.	1.	0.	0.	
0.	0.	1.	0.	
1.64834e-003	0.166659	0.	1.	
Dynamic:	1	

Frame:	845
1.	0.	0.	0.	
0.	1.	0.	0.	
0.	0.	1.	0.	
1.64834e-003	0.166659	0.	1.	
Dynamic:	1	

Frame:	846
1.	0.	0.	0.	
0.	1.	0.	0.	
0.	0.	1.	0.	
1.64834e-003	0.166659	0.	1.	
Dynamic:	1	

Frame:	847
1.	0.	0.	0.	
0.	1.	0.	0.	
0.	0.	1.	0.	
1.64834e-003	0.166659	0.	1.	
Dynamic:	1	

Frame:	848
1.	0.	0.	0.	
0.	1.	0.	0.	
0.	0.	1.	0.	
1.64834e-003	0.166659	0.	1.	
Dynamic:	1	

Frame:	849
1.	0.	0.	0.	
0.	1.	0.	0.	
0.	0.	1.	0.	
1.64834e-003	0.166659	0.	1.	
Dynamic:	1	

Frame:	850
1.	0.	0.	0.	
0.	1.	0.	0.	
0.	0.	1.	0.	
1.64834e-003	0.166659	0.	1.	
Dynamic:	1	

Frame:	851
1.	0.	0.	0.	
0.	1.	0.	0.	
0.	0.	1.	0.	
1.64834e-003	0.166659	0.	1.	
Dynamic:	1	

Frame:	852
1.	0.	0.	0.	
0.	1.	0.	0.	
0.	0.	1.	0.	
1.64834e-003	0.166659	0.	1.	
Dynamic:	1	

Frame:	853
1.	0.	0.	0.	
0.	1.	0.	0.	
0.	0.	1.	0.	
1.64834e-003	0.166659	0.	1.	
Dynamic:	1	

Frame:	854
1.	0.	0.	0.	
0.	1.	0.	0.	
0.	0.	1.	0.	
1.64834e-003	0.166659	0.	1.	
Dynamic:	1	

Frame:	855
1.	0.	0.	0.	
0.	1.	0.	0.	
0.	0.	1.	0.	
1.64834e-003	0.166659	0.	1.	
Dynamic:	1	

Frame:	856
1.	0.	0.	0.	
0.	1.	0.	0.	
0.	0.	1.	0.	
1.64834e-003	0.166659	0.	1.	
Dynamic:	1	

Frame:	857
1.	0.	0.	0.	
0.	1.	0.	0.	
0.	0.	1.	0.	
1.64834e-003	0.166659	0.	1.	
Dynamic:	1	

Frame:	858
1.	0.	0.	0.	
0.	1.	0.	0.	
0.	0.	1.	0.	
1.64834e-003	0.166659	0.	1.	
Dynamic:	1	

Frame:	859
1.	0.	0.	0.	
0.	1.	0.	0.	
0.	0.	1.	0.	
1.64834e-003	0.166659	0.	1.	
Dynamic:	1	

Frame:	860
1.	0.	0.	0.	
0.	1.	0.	0.	
0.	0.	1.	0.	
1.64834e-003	0.166659	0.	1.	
Dynamic:	1	

Frame:	861
1.	0.	0.	0.	
0.	1.	0.	0.	
0.	0.	1.	0.	
1.64834e-003	0.166659	0.	1.	
Dynamic:	1	

Frame:	862
1.	0.	0.	0.	
0.	1.	0.	0.	
0.	0.	1.	0.	
1.64834e-003	0.166659	0.	1.	
Dynamic:	1	

Frame:	863
1.	0.	0.	0.	
0.	1.	0.	0.	
0.	0.	1.	0.	
1.64834e-003	0.166659	0.	1.	
Dynamic:	1	

Frame:	864
1.	0.	0.	0.	
0.	1.	0.	0.	
0.	0.	1.	0.	
1.64834e-003	0.166659	0.	1.	
Dynamic:	1	

Frame:	865
1.	0.	0.	0.	
0.	1.	0.	0.	
0.	0.	1.	0.	
1.64834e-003	0.166659	0.	1.	
Dynamic:	1	

Frame:	866
1.	0.	0.	0.	
0.	1.	0.	0.	
0.	0.	1.	0.	
1.64834e-003	0.166659	0.	1.	
Dynamic:	1	

Frame:	867
1.	0.	0.	0.	
0.	1.	0.	0.	
0.	0.	1.	0.	
1.64834e-003	0.166659	0.	1.	
Dynamic:	1	

Frame:	868
1.	0.	0.	0.	
0.	1.	0.	0.	
0.	0.	1.	0.	
1.64834e-003	0.166659	0.	1.	
Dynamic:	1	

Frame:	869
1.	0.	0.	0.	
0.	1.	0.	0.	
0.	0.	1.	0.	
1.64834e-003	0.166659	0.	1.	
Dynamic:	1	

Frame:	870
1.	0.	0.	0.	
0.	1.	0.	0.	
0.	0.	1.	0.	
1.64834e-003	0.166659	0.	1.	
Dynamic:	1	

Frame:	871
1.	0.	0.	0.	
0.	1.	0.	0.	
0.	0.	1.	0.	
1.64834e-003	0.166659	0.	1.	
Dynamic:	1	

Frame:	872
1.	0.	0.	0.	
0.	1.	0.	0.	
0.	0.	1.	0.	
1.64834e-003	0.166659	0.	1.	
Dynamic:	1	

Frame:	873
1.	0.	0.	0.	
0.	1.	0.	0.	
0.	0.	1.	0.	
1.64834e-003	0.166659	0.	1.	
Dynamic:	1	

Frame:	874
1.	0.	0.	0.	
0.	1.	0.	0.	
0.	0.	1.	0.	
1.64834e-003	0.166659	0.	1.	
Dynamic:	1	

Frame:	875
1.	0.	0.	0.	
0.	1.	0.	0.	
0.	0.	1.	0.	
1.64834e-003	0.166659	0.	1.	
Dynamic:	1	

Frame:	876
1.	0.	0.	0.	
0.	1.	0.	0.	
0.	0.	1.	0.	
1.64834e-003	0.166659	0.	1.	
Dynamic:	1	

Frame:	877
1.	0.	0.	0.	
0.	1.	0.	0.	
0.	0.	1.	0.	
1.64834e-003	0.166659	0.	1.	
Dynamic:	1	

Frame:	878
1.	0.	0.	0.	
0.	1.	0.	0.	
0.	0.	1.	0.	
1.64834e-003	0.166659	0.	1.	
Dynamic:	1	

Frame:	879
1.	0.	0.	0.	
0.	1.	0.	0.	
0.	0.	1.	0.	
1.64834e-003	0.166659	0.	1.	
Dynamic:	1	

Frame:	880
1.	0.	0.	0.	
0.	1.	0.	0.	
0.	0.	1.	0.	
1.64834e-003	0.166659	0.	1.	
Dynamic:	1	

Frame:	881
1.	0.	0.	0.	
0.	1.	0.	0.	
0.	0.	1.	0.	
1.64834e-003	0.166659	0.	1.	
Dynamic:	1	

Frame:	882
1.	0.	0.	0.	
0.	1.	0.	0.	
0.	0.	1.	0.	
1.64834e-003	0.166659	0.	1.	
Dynamic:	1	

Frame:	883
1.	0.	0.	0.	
0.	1.	0.	0.	
0.	0.	1.	0.	
1.64834e-003	0.166659	0.	1.	
Dynamic:	1	

Frame:	884
1.	0.	0.	0.	
0.	1.	0.	0.	
0.	0.	1.	0.	
1.64834e-003	0.166659	0.	1.	
Dynamic:	1	

Frame:	885
1.	0.	0.	0.	
0.	1.	0.	0.	
0.	0.	1.	0.	
1.64834e-003	0.166659	0.	1.	
Dynamic:	1	

Frame:	886
1.	0.	0.	0.	
0.	1.	0.	0.	
0.	0.	1.	0.	
1.64834e-003	0.166659	0.	1.	
Dynamic:	1	

Frame:	887
1.	0.	0.	0.	
0.	1.	0.	0.	
0.	0.	1.	0.	
1.64834e-003	0.166659	0.	1.	
Dynamic:	1	

Frame:	888
1.	0.	0.	0.	
0.	1.	0.	0.	
0.	0.	1.	0.	
1.64834e-003	0.166659	0.	1.	
Dynamic:	1	

Frame:	889
1.	0.	0.	0.	
0.	1.	0.	0.	
0.	0.	1.	0.	
1.64834e-003	0.166659	0.	1.	
Dynamic:	1	

Frame:	890
1.	0.	0.	0.	
0.	1.	0.	0.	
0.	0.	1.	0.	
1.64834e-003	0.166659	0.	1.	
Dynamic:	1	

Frame:	891
1.	0.	0.	0.	
0.	1.	0.	0.	
0.	0.	1.	0.	
1.64834e-003	0.166659	0.	1.	
Dynamic:	1	

