Time	FPS	Frame	Crash	RB	RU	LU	LB	Dither	DAngle	swAngle	OX	OY	OZ	HX	HY	HZ	HA	Speed
Time	FPS	Frame	0	-1	5	5	-1	0.	7.77452e-004	0.	0.	0.	0.	0.	1.	0.	0.	0.	
Time	FPS	Frame	0	-1	5	5	-1	7.77451e-010	7.77452e-004	0.	0.	0.	0.	0.	1.	0.	0.	0.	
Time	FPS	Frame	0	-1	5	5	-1	7.77451e-010	7.77452e-004	0.	0.	0.	0.	0.	1.	0.	0.	0.	
Time	FPS	Frame	0	-1	5	5	-1	7.77451e-010	7.77452e-004	0.	0.	0.	0.	0.	1.	0.	0.	0.	
Time	FPS	Frame	0	-1	5	5	-1	7.77451e-010	7.77452e-004	0.	0.	0.	0.	0.	1.	0.	0.	0.	
Time	FPS	Frame	0	-1	5	5	-1	7.77451e-010	7.77452e-004	0.	0.	0.	0.	0.	1.	0.	0.	0.	
Time	FPS	Frame	0	-1	5	5	-1	7.77451e-010	7.77452e-004	0.	0.	0.	0.	0.	1.	0.	0.	0.	
Time	FPS	Frame	0	-1	5	5	-1	7.77451e-010	7.77452e-004	0.	0.	0.	0.	0.	1.	0.	0.	0.	
Time	FPS	Frame	0	-1	5	5	-1	7.77451e-010	7.77452e-004	0.	0.	0.	0.	0.	1.	0.	0.	0.	
Time	FPS	Frame	0	-1	5	5	-1	7.77451e-010	7.77452e-004	0.	0.	0.	0.	0.	1.	0.	0.	0.	
Time	FPS	Frame	0	-1	5	5	-1	7.77451e-010	7.77452e-004	0.	0.	0.	0.	0.	1.	0.	0.	0.	
Time	FPS	Frame	0	-1	5	5	-1	7.77451e-010	7.77452e-004	0.	0.	0.	0.	0.	1.	0.	0.	0.	
Time	FPS	Frame	0	-1	5	5	-1	7.77451e-010	7.77452e-004	0.	0.	0.	0.	0.	1.	0.	0.	0.	
Time	FPS	Frame	0	-1	5	5	-1	7.77451e-010	7.77452e-004	0.	0.	0.	0.	0.	1.	0.	0.	0.	
Time	FPS	Frame	0	-1	5	5	-1	7.77451e-010	7.77452e-004	0.	0.	0.	0.	0.	1.	0.	0.	0.	
Time	FPS	Frame	0	-1	5	5	-1	7.77451e-010	7.77452e-004	0.	0.	0.	0.	0.	1.	0.	0.	0.	
Time	FPS	Frame	0	-1	5	5	-1	7.77451e-010	7.77452e-004	0.	0.	0.	0.	0.	1.	0.	0.	0.	
Time	FPS	Frame	0	-1	5	5	-1	7.77451e-010	7.77452e-004	0.	0.	0.	0.	0.	1.	0.	0.	0.	
Time	FPS	Frame	0	-1	5	5	-1	7.77451e-010	7.77452e-004	0.	0.	0.	0.	0.	1.	0.	0.	0.	
Time	FPS	Frame	0	-1	5	5	-1	7.77451e-010	7.77452e-004	0.	0.	0.	0.	0.	1.	0.	0.	0.	
Time	FPS	Frame	0	-1	5	5	-1	7.77451e-010	7.77452e-004	0.	0.	0.	0.	0.	1.	0.	0.	0.	
Time	FPS	Frame	0	-1	5	5	-1	7.77451e-010	7.77452e-004	0.	0.	0.	0.	0.	1.	0.	0.	0.	
Time	FPS	Frame	0	-1	5	5	-1	7.77451e-010	7.77452e-004	0.	0.	0.	0.	0.	1.	0.	0.	0.	
Time	FPS	Frame	0	-1	5	5	-1	7.77451e-010	7.77452e-004	0.	0.	0.	0.	0.	1.	0.	0.	0.	
Time	FPS	Frame	0	-1	5	5	-1	7.77451e-010	7.77452e-004	0.	0.	0.	0.	0.	1.	0.	0.	0.	
Time	FPS	Frame	0	-1	5	5	-1	7.77451e-010	7.77452e-004	0.	0.	0.	0.	0.	1.	0.	0.	0.	
Time	FPS	Frame	0	-1	5	5	-1	7.77451e-010	7.77452e-004	0.	0.	0.	0.	0.	1.	0.	0.	0.	
Time	FPS	Frame	0	-1	5	5	-1	7.77451e-010	7.77452e-004	0.	0.	0.	0.	0.	1.	0.	0.	0.	
Time	FPS	Frame	0	-1	5	5	-1	7.77451e-010	7.77452e-004	0.	0.	0.	0.	0.	1.	0.	0.	0.	
Time	FPS	Frame	0	-1	5	5	-1	7.77451e-010	7.77452e-004	0.	0.	0.	0.	0.	1.	0.	0.	0.	
Time	FPS	Frame	0	-1	5	5	-1	7.77451e-010	7.77452e-004	0.	0.	0.	0.	0.	1.	0.	0.	0.	
Time	FPS	Frame	0	-1	5	5	-1	7.77451e-010	7.77452e-004	0.	0.	0.	0.	0.	1.	0.	0.	0.	
Time	FPS	Frame	0	-1	5	5	-1	7.77451e-010	7.77452e-004	0.	0.	0.	0.	0.	1.	0.	0.	0.	
Time	FPS	Frame	0	-1	5	5	-1	7.77451e-010	7.77452e-004	0.	0.	0.	0.	0.	1.	0.	0.	0.	
Time	FPS	Frame	0	-1	5	5	-1	7.77451e-010	7.77452e-004	0.	0.	0.	0.	0.	1.	0.	0.	0.	
Time	FPS	Frame	0	-1	5	5	-1	7.77451e-010	7.77452e-004	0.	0.	0.	0.	0.	1.	0.	0.	0.	
Time	FPS	Frame	0	-1	5	5	-1	7.77451e-010	7.77452e-004	0.	0.	0.	0.	0.	1.	0.	0.	0.	
Time	FPS	Frame	0	-1	5	5	-1	7.77451e-010	7.77452e-004	0.	0.	0.	0.	0.	1.	0.	0.	0.	
Time	FPS	Frame	0	-1	5	5	-1	7.77451e-010	7.77452e-004	0.	0.	0.	0.	0.	1.	0.	0.	0.	
Time	FPS	Frame	0	-1	5	5	-1	7.77451e-010	7.77452e-004	0.	0.	0.	0.	0.	1.	0.	0.	0.	
Time	FPS	Frame	0	-1	5	5	-1	7.77451e-010	7.77452e-004	0.	0.	0.	0.	0.	1.	0.	0.	0.	
Time	FPS	Frame	0	-1	5	5	-1	7.77451e-010	7.77452e-004	0.	0.	0.	0.	0.	1.	0.	0.	0.	
Time	FPS	Frame	0	-1	5	5	-1	7.77451e-010	7.77452e-004	0.	0.	0.	0.	0.	1.	0.	0.	0.	
Time	FPS	Frame	0	-1	5	5	-1	7.77451e-010	7.77452e-004	0.	0.	0.	0.	0.	1.	0.	0.	0.	
Time	FPS	Frame	0	-1	5	5	-1	7.77451e-010	7.77452e-004	0.	0.	0.	0.	0.	1.	0.	0.	0.	
Time	FPS	Frame	0	-1	5	5	-1	7.77451e-010	7.77452e-004	0.	0.	0.	0.	0.	1.	0.	0.	0.	
Time	FPS	Frame	0	-1	5	5	-1	7.77451e-010	7.77452e-004	0.	0.	0.	0.	0.	1.	0.	0.	0.	
Time	FPS	Frame	0	-1	5	5	-1	7.77451e-010	7.77452e-004	0.	0.	0.	0.	0.	1.	0.	0.	0.	
Time	FPS	Frame	0	-1	5	5	-1	7.77451e-010	7.77452e-004	0.	0.	0.	0.	0.	1.	0.	0.	0.	
Time	FPS	Frame	0	-1	5	5	-1	7.77451e-010	7.77452e-004	0.	0.	0.	0.	0.	1.	0.	0.	0.	
Time	FPS	Frame	0	-1	5	5	-1	7.77451e-010	7.77452e-004	0.	0.	0.	0.	0.	1.	0.	0.	0.	
Time	FPS	Frame	0	-1	5	5	-1	7.77451e-010	7.77452e-004	0.	0.	0.	0.	0.	1.	0.	0.	0.	
Time	FPS	Frame	0	-1	5	5	-1	7.77451e-010	7.77452e-004	0.	0.	0.	0.	0.	1.	0.	0.	0.	
Time	FPS	Frame	0	-1	5	5	-1	7.77451e-010	7.77452e-004	0.	0.	0.	0.	0.	1.	0.	0.	0.	
Time	FPS	Frame	0	-1	5	5	-1	7.77451e-010	7.77452e-004	0.	0.	0.	0.	0.	1.	0.	0.	0.	
Time	FPS	Frame	0	-1	5	5	-1	7.77451e-010	7.77452e-004	0.	0.	0.	0.	0.	1.	0.	0.	0.	
Time	FPS	Frame	0	-1	5	5	-1	7.77451e-010	7.77452e-004	0.	0.	0.	0.	0.	1.	0.	0.	0.	
Time	FPS	Frame	0	-1	5	5	-1	7.77451e-010	7.77452e-004	0.	0.	0.	0.	0.	1.	0.	0.	0.	
Time	FPS	Frame	0	-1	5	5	-1	7.77451e-010	7.77452e-004	0.	0.	0.	0.	0.	1.	0.	0.	0.	
Time	FPS	Frame	0	-1	5	5	-1	7.77451e-010	7.77452e-004	0.	0.	0.	0.	0.	1.	0.	0.	0.	
Time	FPS	Frame	0	-1	5	5	-1	7.77451e-010	7.77452e-004	0.	0.	0.	0.	0.	1.	0.	0.	0.	
Time	FPS	Frame	0	-1	5	5	-1	7.77451e-010	7.77452e-004	0.	0.	0.	0.	0.	1.	0.	0.	0.	
Time	FPS	Frame	0	-1	5	5	-1	7.77451e-010	7.77452e-004	0.	0.	0.	0.	0.	1.	0.	0.	0.	
Time	FPS	Frame	0	-1	5	5	-1	7.77451e-010	7.77452e-004	0.	0.	0.	0.	0.	1.	0.	0.	0.	
Time	FPS	Frame	0	-1	5	5	-1	7.77451e-010	7.77452e-004	0.	0.	0.	0.	0.	1.	0.	0.	0.	
Time	FPS	Frame	0	-1	5	5	-1	7.77451e-010	7.77452e-004	0.	0.	0.	0.	0.	1.	0.	0.	0.	
Time	FPS	Frame	0	-1	5	5	-1	7.77451e-010	7.77452e-004	0.	0.	0.	0.	0.	1.	0.	0.	0.	
Time	FPS	Frame	0	-1	5	5	-1	7.77451e-010	7.77452e-004	0.	0.	0.	0.	0.	1.	0.	0.	0.	
Time	FPS	Frame	0	-1	5	5	-1	7.77451e-010	7.77452e-004	0.	0.	0.	0.	0.	1.	0.	0.	0.	
Time	FPS	Frame	0	-1	5	5	-1	7.77451e-010	7.77452e-004	0.	0.	0.	0.	0.	1.	0.	0.	0.	
Time	FPS	Frame	0	-1	5	5	-1	7.77451e-010	7.77452e-004	0.	0.	0.	0.	0.	1.	0.	0.	0.	
Time	FPS	Frame	0	-1	5	5	-1	7.77451e-010	7.77452e-004	0.	0.	0.	0.	0.	1.	0.	0.	0.	
Time	FPS	Frame	0	-1	5	5	-1	7.77451e-010	7.77452e-004	0.	0.	0.	0.	0.	1.	0.	0.	0.	
Time	FPS	Frame	0	-1	5	5	-1	7.77451e-010	7.77452e-004	0.	0.	0.	0.	0.	1.	0.	0.	0.	
Time	FPS	Frame	0	-1	5	5	-1	7.77451e-010	7.77452e-004	0.	0.	0.	0.	0.	1.	0.	0.	0.	
Time	FPS	Frame	0	-1	5	5	-1	7.77451e-010	7.77452e-004	0.	0.	0.	0.	0.	1.	0.	0.	0.	
Time	FPS	Frame	0	-1	5	5	-1	7.77451e-010	7.77452e-004	0.	0.	0.	0.	0.	1.	0.	0.	0.	
Time	FPS	Frame	0	-1	5	5	-1	7.77451e-010	7.77452e-004	0.	0.	0.	0.	0.	1.	0.	0.	0.	
Time	FPS	Frame	0	-1	5	5	-1	7.77451e-010	7.77452e-004	0.	0.	0.	0.	0.	1.	0.	0.	0.	
Time	FPS	Frame	0	-1	5	5	-1	7.77451e-010	7.77452e-004	0.	0.	0.	0.	0.	1.	0.	0.	0.	
Time	FPS	Frame	0	-1	5	5	-1	7.77451e-010	7.77452e-004	0.	0.	0.	0.	0.	1.	0.	0.	0.	
Time	FPS	Frame	0	-1	5	5	-1	7.77451e-010	7.77452e-004	0.	0.	0.	0.	0.	1.	0.	0.	0.	
Time	FPS	Frame	0	-1	5	5	-1	7.77451e-010	7.77452e-004	0.	0.	0.	0.	0.	1.	0.	0.	0.	
Time	FPS	Frame	0	-1	5	5	-1	7.77451e-010	7.77452e-004	0.	0.	0.	0.	0.	1.	0.	0.	0.	
Time	FPS	Frame	0	-1	5	5	-1	7.77451e-010	7.77452e-004	0.	0.	0.	0.	0.	1.	0.	0.	0.	
Time	FPS	Frame	0	-1	5	5	-1	7.77451e-010	7.77452e-004	0.	0.	0.	0.	0.	1.	0.	0.	0.	
Time	FPS	Frame	0	-1	5	5	-1	7.77451e-010	7.77452e-004	0.	0.	0.	0.	0.	1.	0.	0.	0.	
Time	FPS	Frame	0	-1	5	5	-1	7.77451e-010	7.77452e-004	0.	0.	0.	0.	0.	1.	0.	0.	0.	
Time	FPS	Frame	0	-1	5	5	-1	7.77451e-010	7.77452e-004	0.	0.	0.	0.	0.	1.	0.	0.	0.	
Time	FPS	Frame	0	-1	5	5	-1	7.77451e-010	7.77452e-004	0.	0.	0.	0.	0.	1.	0.	0.	0.	
Time	FPS	Frame	0	-1	5	5	-1	7.77451e-010	7.77452e-004	0.	0.	0.	0.	0.	1.	0.	0.	0.	
Time	FPS	Frame	0	-1	5	5	-1	7.77451e-010	7.77452e-004	0.	0.	0.	0.	0.	1.	0.	0.	0.	
Time	FPS	Frame	0	-1	5	5	-1	7.77451e-010	7.77452e-004	0.	0.	0.	0.	0.	1.	0.	0.	0.	
Time	FPS	Frame	0	-1	5	5	-1	7.77451e-010	7.77452e-004	0.	0.	0.	0.	0.	1.	0.	0.	0.	
Time	FPS	Frame	0	-1	5	5	-1	7.77451e-010	7.77452e-004	0.	0.	0.	0.	0.	1.	0.	0.	0.	
Time	FPS	Frame	0	-1	5	5	-1	7.77451e-010	7.77452e-004	0.	0.	0.	0.	0.	1.	0.	0.	0.	
Time	FPS	Frame	0	-1	5	5	-1	7.77451e-010	7.77452e-004	0.	0.	0.	0.	0.	1.	0.	0.	0.	
Time	FPS	Frame	0	-1	5	5	-1	7.77451e-010	7.77452e-004	0.	0.	0.	0.	0.	1.	0.	0.	0.	
Time	FPS	Frame	0	-1	5	5	-1	7.77451e-010	7.77452e-004	0.	0.	0.	0.	0.	1.	0.	0.	0.	
Time	FPS	Frame	0	-1	5	5	-1	7.77451e-010	7.77452e-004	0.	0.	0.	0.	0.	1.	0.	0.	0.	
Time	FPS	Frame	0	-1	5	5	-1	7.77451e-010	7.77452e-004	0.	0.	0.	0.	0.	1.	0.	0.	0.	
Time	FPS	Frame	0	-1	5	5	-1	7.77451e-010	7.77452e-004	0.	0.	0.	0.	0.	1.	0.	0.	0.	
Time	FPS	Frame	0	-1	5	5	-1	7.77451e-010	7.77452e-004	0.	0.	0.	0.	0.	1.	0.	0.	0.	
Time	FPS	Frame	0	-1	5	5	-1	7.77451e-010	7.77452e-004	0.	0.	0.	0.	0.	1.	0.	0.	0.	
Time	FPS	Frame	0	-1	5	5	-1	7.77451e-010	7.77452e-004	0.	0.	0.	0.	0.	1.	0.	0.	0.	
Time	FPS	Frame	0	-1	5	5	-1	7.77451e-010	7.77452e-004	0.	0.	0.	0.	0.	1.	0.	0.	0.	
Time	FPS	Frame	0	-1	5	5	-1	7.77451e-010	7.77452e-004	0.	0.	0.	0.	0.	1.	0.	0.	0.	
Time	FPS	Frame	0	-1	5	5	-1	7.77451e-010	7.77452e-004	0.	0.	0.	0.	0.	1.	0.	0.	0.	
Time	FPS	Frame	0	-1	5	5	-1	7.77451e-010	7.77452e-004	0.	0.	0.	0.	0.	1.	0.	0.	0.	
Time	FPS	Frame	0	-1	5	5	-1	7.77451e-010	7.77452e-004	0.	0.	0.	0.	0.	1.	0.	0.	0.	
Time	FPS	Frame	0	-1	5	5	-1	7.77451e-010	7.77452e-004	0.	0.	0.	0.	0.	1.	0.	0.	0.	
Time	FPS	Frame	0	-1	5	5	-1	7.77451e-010	7.77452e-004	0.	0.	0.	0.	0.	1.	0.	0.	0.	
Time	FPS	Frame	0	-1	5	5	-1	7.77451e-010	7.77452e-004	0.	0.	0.	0.	0.	1.	0.	0.	0.	
Time	FPS	Frame	0	-1	5	5	-1	7.77451e-010	7.77452e-004	0.	0.	0.	0.	0.	1.	0.	0.	0.	
Time	FPS	Frame	0	-1	5	5	-1	7.77451e-010	7.77452e-004	0.	0.	0.	0.	0.	1.	0.	0.	0.	
Time	FPS	Frame	0	-1	5	5	-1	7.77451e-010	7.77452e-004	0.	0.	0.	0.	0.	1.	0.	0.	0.	
Time	FPS	Frame	0	-1	5	5	-1	7.77451e-010	7.77452e-004	0.	0.	0.	0.	0.	1.	0.	0.	0.	
Time	FPS	Frame	0	-1	5	5	-1	7.77451e-010	7.77452e-004	0.	0.	0.	0.	0.	1.	0.	0.	0.	
Time	FPS	Frame	0	-1	5	5	-1	7.77451e-010	7.77452e-004	0.	0.	0.	0.	0.	1.	0.	0.	0.	
Time	FPS	Frame	0	-1	5	5	-1	7.77451e-010	7.77452e-004	0.	0.	0.	0.	0.	1.	0.	0.	0.	
Time	FPS	Frame	0	-1	5	5	-1	7.77451e-010	7.77452e-004	0.	0.	0.	0.	0.	1.	0.	0.	0.	
Time	FPS	Frame	0	-1	5	5	-1	7.77451e-010	7.77452e-004	0.	0.	0.	0.	0.	1.	0.	0.	0.	
Time	FPS	Frame	0	-1	5	5	-1	4.3191e-005	7.77452e-004	0.	0.	5.55556e-002	0.	0.	1.	0.	0.	5.55556e-002	
Time	FPS	Frame	0	-1	5	5	-1	8.46505e-005	7.76732e-004	0.	1.7317e-006	0.111111	0.	7.19875e-007	1.	0.	0.	5.55556e-002	
Time	FPS	Frame	0	-1	6	6	-1	1.26072e-004	7.76012e-004	0.	3.50179e-006	0.166665	0.	1.43908e-006	1.	0.	0.	5.55556e-002	
Time	FPS	Frame	0	-1	6	6	-1	1.67455e-004	7.75294e-004	0.	5.31023e-006	0.22222	0.	2.15763e-006	1.	0.	0.	5.55556e-002	
Time	FPS	Frame	0	-1	6	6	-1	2.08799e-004	7.74576e-004	0.	7.15699e-006	0.277775	0.	2.8755e-006	1.	0.	0.	5.55556e-002	
Time	FPS	Frame	0	-1	6	6	-1	2.50105e-004	7.73859e-004	0.	9.04203e-006	0.33333	0.	3.59272e-006	1.	0.	0.	5.55556e-002	
Time	FPS	Frame	0	-1	6	6	-1	3.32603e-004	7.72426e-004	0.	1.29268e-005	0.44444	0.	5.02515e-006	1.	0.	0.	5.55556e-002	
Time	FPS	Frame	0	-1	6	6	-1	3.73795e-004	7.71711e-004	0.	1.49265e-005	0.499995	0.	5.74037e-006	1.	0.	0.	5.55556e-002	
Time	FPS	Frame	0	-1	6	6	-1	4.14948e-004	2.33425e-003	0.	1.69643e-005	0.55555	0.	6.45493e-006	1.	0.	0.	5.55556e-002	
Time	FPS	Frame	0	-1	7	6	-1	6.14005e-004	2.33209e-003	0.	2.25222e-005	0.611104	0.	8.61629e-006	1.	0.	0.	5.55556e-002	
Time	FPS	Frame	0	-1	7	7	-1	7.38367e-004	2.32993e-003	0.	2.81953e-005	0.666658	0.	1.07756e-005	1.	0.	0.	5.55556e-002	
Time	FPS	Frame	0	-1	7	7	-1	8.62613e-004	2.32777e-003	0.	3.39836e-005	0.722211	0.	1.2933e-005	1.	0.	0.	5.55556e-002	
Time	FPS	Frame	0	-1	7	7	-1	9.86745e-004	2.32562e-003	0.	3.98869e-005	0.777765	0.	1.50884e-005	1.	0.	0.	5.55556e-002	
Time	FPS	Frame	0	-1	7	7	-1	1.11076e-003	2.32346e-003	0.	4.59052e-005	0.833319	0.	1.72417e-005	1.	0.	0.	5.55556e-002	
Time	FPS	Frame	0	-1	7	7	-1	1.23466e-003	2.32131e-003	0.	5.20382e-005	0.888872	0.	1.93931e-005	1.	0.	0.	5.55556e-002	
Time	FPS	Frame	0	-1	7	7	-1	1.35845e-003	2.31916e-003	0.	5.8286e-005	0.944426	0.	2.15425e-005	1.	0.	0.	5.55556e-002	
Time	FPS	Frame	0	-1	7	7	-1	1.48212e-003	2.31701e-003	0.	6.46485e-005	0.99998	0.	2.36899e-005	1.	0.	0.	5.55556e-002	
Time	FPS	Frame	0	-1	7	7	-1	1.60568e-003	3.88832e-003	0.	7.11254e-005	1.05553	0.	2.58353e-005	1.	0.	0.	5.55556e-002	
Time	FPS	Frame	0	-1	8	8	-1	1.88482e-003	3.88472e-003	0.	8.12214e-005	1.11109	0.	2.94356e-005	1.	0.	0.	5.55556e-002	
Time	FPS	Frame	0	-1	8	8	-1	2.09198e-003	3.88112e-003	0.	9.15094e-005	1.16664	0.	3.30326e-005	1.	0.	0.	5.55556e-002	
Time	FPS	Frame	0	-1	8	8	-1	2.29894e-003	3.87753e-003	0.	1.01989e-004	1.22219	0.	3.66262e-005	1.	0.	0.	5.55556e-002	
Time	FPS	Frame	0	-1	8	8	-1	2.50571e-003	3.87394e-003	0.	1.12661e-004	1.27774	0.	4.02166e-005	1.	0.	0.	5.55556e-002	
Time	FPS	Frame	0	-1	8	8	-1	2.71228e-003	3.87035e-003	0.	1.23523e-004	1.3333	0.	4.38036e-005	1.	0.	0.	5.55556e-002	
Time	FPS	Frame	0	-1	8	8	-1	2.91867e-003	3.86677e-003	0.	1.34578e-004	1.38885	0.	4.73873e-005	1.	0.	0.	5.55556e-002	
Time	FPS	Frame	0	-1	8	8	-1	3.12487e-003	3.86319e-003	0.	1.45823e-004	1.4444	0.	5.09676e-005	1.	0.	0.	5.55556e-002	
Time	FPS	Frame	0	-1	8	8	-1	3.33087e-003	3.85961e-003	0.	1.57259e-004	1.49995	0.	5.45447e-005	1.	0.	0.	5.55556e-002	
Time	FPS	Frame	0	-1	9	8	-1	3.53668e-003	5.43845e-003	0.	1.68886e-004	1.55551	0.	5.81184e-005	1.	0.	0.	5.55556e-002	
Time	FPS	Frame	0	-1	9	9	-1	3.90467e-003	5.43342e-003	0.	1.84228e-004	1.61106	0.	6.3154e-005	1.	0.	0.	5.55556e-002	
Time	FPS	Frame	0	-1	9	9	-1	4.1944e-003	5.42839e-003	0.	1.99839e-004	1.66661	0.	6.8185e-005	1.	0.	0.	5.55556e-002	
Time	FPS	Frame	0	-1	9	9	-1	4.48387e-003	5.42336e-003	0.	2.15717e-004	1.72216	0.	7.32114e-005	1.	0.	0.	5.55556e-002	
Time	FPS	Frame	0	-1	9	9	-1	4.77306e-003	5.41834e-003	0.	2.31864e-004	1.77771	0.	7.8233e-005	1.	0.	0.	5.55556e-002	
Time	FPS	Frame	0	-1	9	9	-1	5.06198e-003	5.41332e-003	0.	2.48279e-004	1.83326	0.	8.325e-005	1.	0.	0.	5.55556e-002	
Time	FPS	Frame	0	-1	9	9	-1	5.35064e-003	5.40831e-003	0.	2.64961e-004	1.88881	0.	8.82624e-005	1.	0.	0.	5.55556e-002	
Time	FPS	Frame	0	-1	9	9	-1	5.63903e-003	5.4033e-003	0.	2.81911e-004	1.94437	0.	9.32702e-005	1.	0.	0.	5.55556e-002	
Time	FPS	Frame	0	-1	9	9	-1	5.92716e-003	6.98915e-003	0.	2.99127e-004	1.99992	0.	9.82733e-005	1.	0.	0.	5.55556e-002	
Time	FPS	Frame	0	-1	10	10	-1	6.30473e-003	6.98268e-003	0.	3.20154e-004	2.05547	0.	1.04745e-004	1.	0.	0.	5.55556e-002	
Time	FPS	Frame	0	-1	10	10	-1	6.67706e-003	6.97621e-003	0.	3.41525e-004	2.11102	0.	1.1121e-004	1.	0.	0.	5.55556e-002	
Time	FPS	Frame	0	-1	10	10	-1	7.04905e-003	6.96975e-003	0.	3.63242e-004	2.16657	0.	1.1767e-004	1.	0.	0.	5.55556e-002	
Time	FPS	Frame	0	-1	10	10	-1	7.42069e-003	6.9633e-003	0.	3.85303e-004	2.22212	0.	1.24123e-004	1.	0.	0.	5.55556e-002	
Time	FPS	Frame	0	-1	10	10	-1	7.79199e-003	6.95685e-003	0.	4.07708e-004	2.27767	0.	1.30571e-004	1.	0.	0.	5.55556e-002	
Time	FPS	Frame	0	-1	10	10	-1	8.16295e-003	6.95041e-003	0.	4.30457e-004	2.33322	0.	1.37012e-004	1.	0.	0.	5.55556e-002	
Time	FPS	Frame	0	1	10	10	1	8.53356e-003	6.94397e-003	0.	4.53549e-004	2.38877	0.	1.43448e-004	1.	0.	0.	5.55556e-002	
Time	FPS	Frame	0	1	10	10	1	8.90383e-003	6.93754e-003	0.	4.76984e-004	2.44432	0.	1.49878e-004	1.	0.	0.	5.55556e-002	
Time	FPS	Frame	0	1	11	11	1	9.27375e-003	8.53155e-003	0.	5.00763e-004	2.49987	0.	1.56302e-004	1.	0.	0.	5.55556e-002	
Time	FPS	Frame	0	1	11	11	1	9.75758e-003	8.52365e-003	0.	5.28448e-004	2.55542	0.	1.64201e-004	1.	0.	0.	5.55556e-002	
Time	FPS	Frame	0	1	11	11	1	1.02121e-002	8.51576e-003	0.	5.56555e-004	2.61096	0.	1.72094e-004	1.	0.	0.	5.55556e-002	
Time	FPS	Frame	0	1	11	11	1	1.06661e-002	8.50787e-003	0.	5.85083e-004	2.66651	0.	1.79979e-004	1.	0.	0.	5.55556e-002	
Time	FPS	Frame	0	1	11	11	1	1.11198e-002	8.49999e-003	0.	6.14031e-004	2.72206	0.	1.87857e-004	1.	0.	0.	5.55556e-002	
Time	FPS	Frame	0	1	11	11	1	1.1573e-002	8.49212e-003	0.	6.43399e-004	2.77761	0.	1.95727e-004	1.	0.	0.	5.55556e-002	
Time	FPS	Frame	0	1	11	11	1	1.20258e-002	8.48426e-003	0.	6.73187e-004	2.83316	0.	2.0359e-004	1.	0.	0.	5.55556e-002	
Time	FPS	Frame	0	2	11	11	2	1.24782e-002	8.4764e-003	0.	7.03394e-004	2.88871	0.	2.11446e-004	1.	0.	0.	5.55556e-002	
Time	FPS	Frame	0	2	12	12	2	1.29302e-002	8.46856e-003	0.	7.3402e-004	2.94426	0.	2.19295e-004	1.	0.	0.	5.55556e-002	
Time	FPS	Frame	0	2	12	12	2	1.33817e-002	1.00704e-002	0.	7.65065e-004	2.99981	0.	2.27136e-004	1.	0.	0.	5.55556e-002	
Time	FPS	Frame	0	2	12	12	2	1.39809e-002	1.00611e-002	0.	8.00114e-004	3.05535	0.	2.36462e-004	1.	0.	0.	5.55556e-002	
Time	FPS	Frame	0	2	12	12	2	1.45174e-002	1.00518e-002	0.	8.3566e-004	3.1109	0.	2.45778e-004	1.	0.	0.	5.55556e-002	
Time	FPS	Frame	0	2	12	12	2	1.50533e-002	1.00425e-002	0.	8.71703e-004	3.16645	0.	2.55086e-004	1.	0.	0.	5.55556e-002	
Time	FPS	Frame	0	2	12	12	2	1.55888e-002	1.00332e-002	0.	9.08242e-004	3.222	0.	2.64385e-004	1.	0.	0.	5.55556e-002	
Time	FPS	Frame	0	2	12	12	2	1.61237e-002	1.00239e-002	0.	9.45277e-004	3.27755	0.	2.73676e-004	1.	0.	0.	5.55556e-002	
Time	FPS	Frame	0	2	12	12	2	1.66582e-002	1.00146e-002	0.	9.82807e-004	3.33309	0.	2.82958e-004	1.	0.	0.	5.55556e-002	
Time	FPS	Frame	0	3	13	12	3	1.71922e-002	1.00053e-002	0.	1.02083e-003	3.38864	0.	2.92231e-004	1.	0.	0.	5.55556e-002	
Time	FPS	Frame	0	3	13	13	3	1.77257e-002	1.16143e-002	0.	1.05935e-003	3.44419	0.	3.01496e-004	1.	0.	0.	5.55556e-002	
Time	FPS	Frame	0	3	13	13	3	1.83599e-002	1.16035e-002	0.	1.10197e-003	3.49973	0.	3.12251e-004	1.	0.	0.	5.55556e-002	
Time	FPS	Frame	0	3	13	13	3	1.89786e-002	1.15928e-002	0.	1.14516e-003	3.55528	0.	3.22995e-004	1.	0.	0.	5.55556e-002	
Time	FPS	Frame	0	3	13	13	3	1.95967e-002	1.1582e-002	0.	1.18893e-003	3.61083	0.	3.3373e-004	1.	0.	0.	5.55556e-002	
Time	FPS	Frame	0	3	13	13	3	2.02142e-002	1.15713e-002	0.	1.23326e-003	3.66637	0.	3.44455e-004	1.	0.	0.	5.55556e-002	
Time	FPS	Frame	0	3	13	13	3	2.08312e-002	1.15606e-002	0.	1.27817e-003	3.72192	0.	3.5517e-004	1.	0.	0.	5.55556e-002	
Time	FPS	Frame	0	3	13	13	3	2.14476e-002	1.15499e-002	0.	1.32365e-003	3.77747	0.	3.65875e-004	1.	0.	0.	5.55556e-002	
Time	FPS	Frame	0	3	14	13	3	2.20634e-002	1.15392e-002	0.	1.3697e-003	3.83301	0.	3.7657e-004	1.	0.	0.	5.55556e-002	
Time	FPS	Frame	0	4	14	14	4	2.26786e-002	1.15285e-002	0.	1.41632e-003	3.88856	0.	3.87255e-004	1.	0.	0.	5.55556e-002	
Time	FPS	Frame	0	4	14	14	4	2.32933e-002	1.31451e-002	0.	1.46351e-003	3.94411	0.	3.97931e-004	1.	0.	0.	5.55556e-002	
Time	FPS	Frame	0	4	14	14	4	2.40608e-002	1.3133e-002	0.	1.5149e-003	3.99965	0.	4.10103e-004	1.	0.	0.	5.55556e-002	
Time	FPS	Frame	0	4	14	14	4	2.4761e-002	1.31208e-002	0.	1.56693e-003	4.0552	0.	4.22264e-004	1.	0.	0.	5.55556e-002	
Time	FPS	Frame	0	4	14	14	4	2.54606e-002	1.31087e-002	0.	1.61961e-003	4.11074	0.	4.34414e-004	1.	0.	0.	5.55556e-002	
Time	FPS	Frame	0	4	14	14	4	2.61595e-002	1.30965e-002	0.	1.67294e-003	4.16629	0.	4.46552e-004	1.	0.	0.	5.55556e-002	
Time	FPS	Frame	0	4	14	14	4	2.68577e-002	1.30844e-002	0.	1.72692e-003	4.22183	0.	4.58679e-004	1.	0.	0.	5.55556e-002	
Time	FPS	Frame	0	4	15	15	4	2.75554e-002	1.30723e-002	0.	1.78154e-003	4.27738	0.	4.70795e-004	1.	0.	0.	5.55556e-002	
Time	FPS	Frame	0	4	15	15	4	2.82523e-002	1.30602e-002	0.	1.83681e-003	4.33292	0.	4.829e-004	1.	0.	0.	5.55556e-002	
Time	FPS	Frame	0	5	15	15	5	2.89486e-002	1.46842e-002	0.	1.89273e-003	4.38847	0.	4.94994e-004	1.	0.	0.	5.55556e-002	
Time	FPS	Frame	0	5	15	15	5	2.97685e-002	1.46706e-002	0.	1.95293e-003	4.44401	0.	5.08591e-004	1.	0.	0.	5.55556e-002	
Time	FPS	Frame	0	5	15	15	5	3.05507e-002	1.46571e-002	0.	2.01386e-003	4.49956	0.	5.22176e-004	1.	0.	0.	5.55556e-002	
Time	FPS	Frame	0	5	15	15	5	3.13321e-002	1.46435e-002	0.	2.07551e-003	4.5551	0.	5.35749e-004	1.	0.	0.	5.55556e-002	
Time	FPS	Frame	0	5	15	15	5	3.21128e-002	1.46299e-002	0.	2.13789e-003	4.61064	0.	5.49309e-004	1.	0.	0.	5.55556e-002	
Time	FPS	Frame	0	5	16	15	5	3.28928e-002	1.46164e-002	0.	2.20099e-003	4.66619	0.	5.62856e-004	1.	0.	0.	5.55556e-002	
Time	FPS	Frame	0	5	16	16	5	3.36721e-002	1.46029e-002	0.	2.26481e-003	4.72173	0.	5.7639e-004	1.	0.	0.	5.55556e-002	
Time	FPS	Frame	0	5	16	16	5	3.44506e-002	1.45893e-002	0.	2.32935e-003	4.77728	0.	5.89913e-004	1.	0.	0.	5.55556e-002	
Time	FPS	Frame	0	6	16	16	5	3.52285e-002	1.62206e-002	0.	2.39462e-003	4.83282	0.	6.03422e-004	1.	0.	0.	5.55556e-002	
Time	FPS	Frame	0	6	16	16	6	3.61092e-002	1.62056e-002	0.	2.46426e-003	4.88836	0.	6.18443e-004	1.	0.	0.	5.55556e-002	
Time	FPS	Frame	0	6	16	16	6	3.69732e-002	1.61906e-002	0.	2.53471e-003	4.94391	0.	6.33449e-004	1.	0.	0.	5.55556e-002	
Time	FPS	Frame	0	6	16	16	6	3.78363e-002	1.61756e-002	0.	2.60596e-003	4.99945	0.	6.48441e-004	1.	0.	0.	5.55556e-002	
Time	FPS	Frame	0	6	16	16	6	3.86987e-002	1.61606e-002	0.	2.67801e-003	5.05499	0.	6.6342e-004	1.	0.	0.	5.55556e-002	
Time	FPS	Frame	0	6	17	16	6	3.95603e-002	1.61457e-002	0.	2.75085e-003	5.11053	0.	6.78385e-004	1.	0.	0.	5.55556e-002	
Time	FPS	Frame	0	6	17	17	6	4.04211e-002	1.61307e-002	0.	2.8245e-003	5.16608	0.	6.93335e-004	1.	0.	0.	5.55556e-002	
Time	FPS	Frame	0	6	17	17	6	4.1281e-002	1.61158e-002	0.	2.89894e-003	5.22162	0.	7.08272e-004	1.	0.	0.	5.55556e-002	
Time	FPS	Frame	0	6	17	17	6	4.21402e-002	1.77544e-002	0.	2.97418e-003	5.27716	0.	7.23195e-004	1.	0.	0.	5.55556e-002	
Time	FPS	Frame	0	7	17	17	7	4.30903e-002	1.77379e-002	0.	3.05389e-003	5.3327	0.	7.39636e-004	1.	0.	0.	5.55556e-002	
Time	FPS	Frame	0	7	17	17	7	4.4036e-002	1.77215e-002	0.	3.13449e-003	5.38825	0.	7.56061e-004	1.	0.	0.	5.55556e-002	
Time	FPS	Frame	0	7	17	17	7	4.49807e-002	1.77051e-002	0.	3.21595e-003	5.44379	0.	7.72471e-004	1.	0.	0.	5.55556e-002	
Time	FPS	Frame	0	7	18	17	7	4.59246e-002	1.76887e-002	0.	3.2983e-003	5.49933	0.	7.88866e-004	1.	0.	0.	5.55556e-002	
Time	FPS	Frame	0	7	18	18	7	4.68676e-002	1.76723e-002	0.	3.38151e-003	5.55487	0.	8.05246e-004	1.	0.	0.	5.55556e-002	
Time	FPS	Frame	0	7	18	18	7	4.78098e-002	1.7656e-002	0.	3.4656e-003	5.61041	0.	8.2161e-004	1.	0.	0.	5.55556e-002	
Time	FPS	Frame	0	7	18	18	7	4.8751e-002	1.76396e-002	0.	3.55057e-003	5.66595	0.	8.3796e-004	1.	0.	0.	5.55556e-002	
Time	FPS	Frame	0	7	18	18	7	4.96914e-002	1.76233e-002	0.	3.6364e-003	5.7215	0.	8.54294e-004	1.	0.	0.	5.55556e-002	
Time	FPS	Frame	0	8	18	18	7	5.06309e-002	1.92683e-002	0.	3.72311e-003	5.77704	0.	8.70613e-004	1.	0.	0.	5.55556e-002	
Time	FPS	Frame	0	8	18	18	8	5.17504e-002	1.92505e-002	0.	3.81438e-003	5.83258	0.	8.88456e-004	1.	0.	0.	5.55556e-002	
Time	FPS	Frame	0	8	18	18	8	5.27767e-002	1.92327e-002	0.	3.90661e-003	5.88812	0.	9.06281e-004	1.	0.	0.	5.55556e-002	
Time	FPS	Frame	0	8	19	18	8	5.3802e-002	1.92149e-002	0.	3.99979e-003	5.94366	0.	9.24091e-004	1.	0.	0.	5.55556e-002	
Time	FPS	Frame	0	8	19	19	8	5.48263e-002	1.91971e-002	0.	4.09391e-003	5.9992	0.	9.41884e-004	1.	0.	0.	5.55556e-002	
Time	FPS	Frame	0	8	19	19	8	5.58497e-002	1.91793e-002	0.	4.18899e-003	6.05474	0.	9.5966e-004	1.	0.	0.	5.55556e-002	
Time	FPS	Frame	0	8	19	19	8	5.68722e-002	1.91615e-002	0.	4.28501e-003	6.11028	0.	9.7742e-004	1.	0.	0.	5.55556e-002	
Time	FPS	Frame	0	8	19	19	8	5.78937e-002	2.08147e-002	0.	4.38198e-003	6.16582	0.	9.95164e-004	1.	0.	0.	5.55556e-002	
Time	FPS	Frame	0	8	19	19	8	5.90086e-002	2.07954e-002	0.	4.48361e-003	6.22136	0.	1.01444e-003	0.999999	0.	0.	5.55556e-002	
Time	FPS	Frame	0	9	19	19	9	6.01172e-002	2.07762e-002	0.	4.58628e-003	6.2769	0.	1.03369e-003	0.999999	0.	0.	5.55556e-002	
Time	FPS	Frame	0	9	20	19	9	6.12247e-002	2.07569e-002	0.	4.68997e-003	6.33244	0.	1.05293e-003	0.999999	0.	0.	5.55556e-002	
Time	FPS	Frame	0	9	20	20	9	6.23312e-002	2.07377e-002	0.	4.79468e-003	6.38798	0.	1.07215e-003	0.999999	0.	0.	5.55556e-002	
Time	FPS	Frame	0	9	20	20	9	6.34367e-002	2.07185e-002	0.	4.90043e-003	6.44351	0.	1.09136e-003	0.999999	0.	0.	5.55556e-002	
Time	FPS	Frame	0	9	20	20	9	6.45412e-002	2.06993e-002	0.	5.00719e-003	6.49905	0.	1.11054e-003	0.999999	0.	0.	5.55556e-002	
Time	FPS	Frame	0	9	20	20	9	6.56446e-002	2.06802e-002	0.	5.11498e-003	6.55459	0.	1.12971e-003	0.999999	0.	0.	5.55556e-002	
Time	FPS	Frame	0	9	20	20	9	6.67471e-002	2.2339e-002	0.	5.22379e-003	6.61013	0.	1.14886e-003	0.999999	0.	0.	5.55556e-002	
Time	FPS	Frame	0	9	20	20	9	6.79575e-002	2.23183e-002	0.	5.33735e-003	6.66567	0.	1.16955e-003	0.999999	0.	0.	5.55556e-002	
Time	FPS	Frame	0	10	20	20	9	6.91472e-002	2.22977e-002	0.	5.45202e-003	6.72121	0.	1.19021e-003	0.999999	0.	0.	5.55556e-002	
Time	FPS	Frame	0	10	21	20	10	7.03358e-002	2.2277e-002	0.	5.56779e-003	6.77675	0.	1.21086e-003	0.999999	0.	0.	5.55556e-002	
Time	FPS	Frame	0	10	21	21	10	7.15233e-002	2.22564e-002	0.	5.68466e-003	6.83228	0.	1.23149e-003	0.999999	0.	0.	5.55556e-002	
Time	FPS	Frame	0	10	21	21	10	7.27097e-002	2.22358e-002	0.	5.80264e-003	6.88782	0.	1.2521e-003	0.999999	0.	0.	5.55556e-002	
Time	FPS	Frame	0	10	21	21	10	7.3895e-002	2.22152e-002	0.	5.92171e-003	6.94336	0.	1.27269e-003	0.999999	0.	0.	5.55556e-002	
Time	FPS	Frame	0	10	21	21	10	7.50792e-002	2.21946e-002	0.	6.04187e-003	6.9989	0.	1.29326e-003	0.999999	0.	0.	5.55556e-002	
Time	FPS	Frame	0	10	21	21	10	7.62624e-002	2.38603e-002	0.	6.16314e-003	7.05444	0.	1.31381e-003	0.999999	0.	0.	5.55556e-002	
Time	FPS	Frame	0	10	21	21	10	7.7577e-002	2.38382e-002	0.	6.28925e-003	7.10997	0.	1.33591e-003	0.999999	0.	0.	5.55556e-002	
Time	FPS	Frame	0	11	22	21	10	7.88477e-002	2.38161e-002	0.	6.41655e-003	7.16551	0.	1.35798e-003	0.999999	0.	0.	5.55556e-002	
Time	FPS	Frame	0	11	22	22	11	8.01172e-002	2.3794e-002	0.	6.54502e-003	7.22105	0.	1.38004e-003	0.999999	0.	0.	5.55556e-002	
Time	FPS	Frame	0	11	22	22	11	8.13855e-002	2.3772e-002	0.	6.67466e-003	7.27658	0.	1.40207e-003	0.999999	0.	0.	5.55556e-002	
Time	FPS	Frame	0	11	22	22	11	8.26527e-002	2.375e-002	0.	6.80548e-003	7.33212	0.	1.42408e-003	0.999999	0.	0.	5.55556e-002	
Time	FPS	Frame	0	11	22	22	11	8.39187e-002	2.3728e-002	0.	6.93747e-003	7.38766	0.	1.44607e-003	0.999999	0.	0.	5.55556e-002	
Time	FPS	Frame	0	11	22	22	11	8.51835e-002	2.3706e-002	0.	7.07064e-003	7.44319	0.	1.46805e-003	0.999999	0.	0.	5.55556e-002	
Time	FPS	Frame	0	11	22	22	11	8.64471e-002	2.53793e-002	0.	7.20498e-003	7.49873	0.	1.49e-003	0.999999	0.	0.	5.55556e-002	
Time	FPS	Frame	0	11	23	22	11	8.7875e-002	2.53558e-002	0.	7.34426e-003	7.55426	0.	1.5135e-003	0.999999	0.	0.	5.55556e-002	
Time	FPS	Frame	0	12	23	23	11	8.92266e-002	2.53323e-002	0.	7.48479e-003	7.6098	0.	1.53698e-003	0.999999	0.	0.	5.55556e-002	
Time	FPS	Frame	0	12	23	23	12	9.05768e-002	2.53089e-002	0.	7.62658e-003	7.66534	0.	1.56044e-003	0.999999	0.	0.	5.55556e-002	
Time	FPS	Frame	0	12	23	23	12	9.19259e-002	2.52854e-002	0.	7.76962e-003	7.72087	0.	1.58387e-003	0.999999	0.	0.	5.55556e-002	
Time	FPS	Frame	0	12	23	23	12	9.32737e-002	2.5262e-002	0.	7.9139e-003	7.77641	0.	1.60729e-003	0.999999	0.	0.	5.55556e-002	
Time	FPS	Frame	0	12	23	23	12	9.46202e-002	2.52386e-002	0.	8.05944e-003	7.83194	0.	1.63068e-003	0.999999	0.	0.	5.55556e-002	
Time	FPS	Frame	0	12	23	23	12	9.59655e-002	2.69176e-002	0.	8.20622e-003	7.88748	0.	1.65405e-003	0.999999	0.	0.	5.55556e-002	
Time	FPS	Frame	0	12	24	23	12	9.74221e-002	2.68927e-002	0.	8.35803e-003	7.94301	0.	1.67898e-003	0.999999	0.	0.	5.55556e-002	
Time	FPS	Frame	0	12	24	24	12	9.88555e-002	2.68678e-002	0.	8.51118e-003	7.99855	0.	1.70388e-003	0.999999	0.	0.	5.55556e-002	
Time	FPS	Frame	0	13	24	24	12	0.100288	2.68429e-002	0.	8.66565e-003	8.05408	0.	1.72876e-003	0.999999	0.	0.	5.55556e-002	
Time	FPS	Frame	0	13	24	24	13	0.101718	2.6818e-002	0.	8.82145e-003	8.10961	0.	1.75362e-003	0.999998	0.	0.	5.55556e-002	
Time	FPS	Frame	0	13	24	24	13	0.103148	2.67932e-002	0.	8.97858e-003	8.16515	0.	1.77845e-003	0.999998	0.	0.	5.55556e-002	
Time	FPS	Frame	0	13	24	24	13	0.104576	2.67684e-002	0.	9.13703e-003	8.22068	0.	1.80326e-003	0.999998	0.	0.	5.55556e-002	
Time	FPS	Frame	0	13	24	24	13	0.106003	2.67436e-002	0.	9.2968e-003	8.27622	0.	1.82805e-003	0.999998	0.	0.	5.55556e-002	
Time	FPS	Frame	0	13	25	24	13	0.107428	2.84284e-002	0.	9.45789e-003	8.33175	0.	1.85281e-003	0.999998	0.	0.	5.55556e-002	
Time	FPS	Frame	0	13	25	25	13	0.109015	2.84021e-002	0.	9.62411e-003	8.38728	0.	1.87914e-003	0.999998	0.	0.	5.55556e-002	
Time	FPS	Frame	0	13	25	25	13	0.110529	2.83758e-002	0.	9.79173e-003	8.44282	0.	1.90544e-003	0.999998	0.	0.	5.55556e-002	
Time	FPS	Frame	0	14	25	25	13	0.112041	2.83495e-002	0.	9.96076e-003	8.49835	0.	1.93172e-003	0.999998	0.	0.	5.55556e-002	
Time	FPS	Frame	0	14	25	25	14	0.113552	2.83233e-002	0.	1.01312e-002	8.55388	0.	1.95797e-003	0.999998	0.	0.	5.55556e-002	
Time	FPS	Frame	0	14	25	25	14	0.115062	2.8297e-002	0.	1.0303e-002	8.60942	0.	1.9842e-003	0.999998	0.	0.	5.55556e-002	
Time	FPS	Frame	0	14	25	25	14	0.11657	2.82708e-002	0.	1.04762e-002	8.66495	0.	2.0104e-003	0.999998	0.	0.	5.55556e-002	
Time	FPS	Frame	0	14	26	25	14	0.118077	2.99618e-002	0.	1.06508e-002	8.72048	0.	2.03658e-003	0.999998	0.	0.	5.55556e-002	
Time	FPS	Frame	0	14	26	26	14	0.11971	2.99341e-002	0.	1.08307e-002	8.77601	0.	2.06432e-003	0.999998	0.	0.	5.55556e-002	
Time	FPS	Frame	0	14	26	26	14	0.121305	2.99063e-002	0.	1.1012e-002	8.83155	0.	2.09204e-003	0.999998	0.	0.	5.55556e-002	
Time	FPS	Frame	0	14	26	26	14	0.122899	2.98787e-002	0.	1.11948e-002	8.88708	0.	2.11974e-003	0.999998	0.	0.	5.55556e-002	
Time	FPS	Frame	0	15	26	26	14	0.124492	2.9851e-002	0.	1.13791e-002	8.94261	0.	2.1474e-003	0.999998	0.	0.	5.55556e-002	
Time	FPS	Frame	0	15	26	26	15	0.126083	2.98233e-002	0.	1.15648e-002	8.99814	0.	2.17505e-003	0.999998	0.	0.	5.55556e-002	
Time	FPS	Frame	0	15	27	26	15	0.127672	2.97957e-002	0.	1.1752e-002	9.05367	0.	2.20266e-003	0.999998	0.	0.	5.55556e-002	
Time	FPS	Frame	0	15	27	26	15	0.12926	3.14926e-002	0.	1.19407e-002	9.10921	0.	2.23025e-003	0.999998	0.	0.	5.55556e-002	
Time	FPS	Frame	0	15	27	27	15	0.130946	3.14634e-002	0.	1.21347e-002	9.16474	0.	2.25942e-003	0.999997	0.	0.	5.55556e-002	
Time	FPS	Frame	0	15	27	27	15	0.132623	3.14343e-002	0.	1.23303e-002	9.22027	0.	2.28855e-003	0.999997	0.	0.	5.55556e-002	
Time	FPS	Frame	0	15	27	27	15	0.134299	3.14052e-002	0.	1.25274e-002	9.2758	0.	2.31766e-003	0.999997	0.	0.	5.55556e-002	
Time	FPS	Frame	0	15	27	27	15	0.135972	3.13761e-002	0.	1.2726e-002	9.33133	0.	2.34674e-003	0.999997	0.	0.	5.55556e-002	
Time	FPS	Frame	0	16	27	27	15	0.137645	3.1347e-002	0.	1.29262e-002	9.38686	0.	2.3758e-003	0.999997	0.	0.	5.55556e-002	
Time	FPS	Frame	0	16	28	27	16	0.139315	3.1318e-002	0.	1.3128e-002	9.44239	0.	2.40482e-003	0.999997	0.	0.	5.55556e-002	
Time	FPS	Frame	0	16	28	28	16	0.140984	3.1289e-002	0.	1.33313e-002	9.49792	0.	2.43383e-003	0.999997	0.	0.	5.55556e-002	
Time	FPS	Frame	0	16	28	28	16	0.142652	3.29918e-002	0.	1.35362e-002	9.55345	0.	2.4628e-003	0.999997	0.	0.	5.55556e-002	
Time	FPS	Frame	0	16	28	28	16	0.144495	3.29612e-002	0.	1.37464e-002	9.60898	0.	2.49335e-003	0.999997	0.	0.	5.55556e-002	
Time	FPS	Frame	0	16	28	28	16	0.146252	3.29307e-002	0.	1.39583e-002	9.66451	0.	2.52387e-003	0.999997	0.	0.	5.55556e-002	
Time	FPS	Frame	0	16	28	28	16	0.148007	3.29002e-002	0.	1.41718e-002	9.72004	0.	2.55437e-003	0.999997	0.	0.	5.55556e-002	
Time	FPS	Frame	0	16	28	28	16	0.14976	3.28697e-002	0.	1.43869e-002	9.77557	0.	2.58483e-003	0.999997	0.	0.	5.55556e-002	
Time	FPS	Frame	0	17	29	28	17	0.151512	3.28393e-002	0.	1.46037e-002	9.8311	0.	2.61527e-003	0.999997	0.	0.	5.55556e-002	
Time	FPS	Frame	0	17	29	29	17	0.153262	3.28089e-002	0.	1.48221e-002	9.88663	0.	2.64568e-003	0.999997	0.	0.	5.55556e-002	
Time	FPS	Frame	0	17	29	29	17	0.15501	3.4517e-002	0.	1.5042e-002	9.94215	0.	2.67606e-003	0.999996	0.	0.	5.55556e-002	
Time	FPS	Frame	0	17	29	29	17	0.156924	3.44851e-002	0.	1.52675e-002	9.99768	0.	2.70803e-003	0.999996	0.	0.	5.55556e-002	
Time	FPS	Frame	0	17	29	29	17	0.158762	3.44531e-002	0.	1.54947e-002	10.0532	0.	2.73996e-003	0.999996	0.	0.	5.55556e-002	
Time	FPS	Frame	0	17	29	29	17	0.160598	3.44212e-002	0.	1.57236e-002	10.1087	0.	2.77186e-003	0.999996	0.	0.	5.55556e-002	
Time	FPS	Frame	0	17	30	29	17	0.162432	3.43894e-002	0.	1.59542e-002	10.1643	0.	2.80374e-003	0.999996	0.	0.	5.55556e-002	
Time	FPS	Frame	0	18	30	30	17	0.164265	3.43575e-002	0.	1.61865e-002	10.2198	0.	2.83558e-003	0.999996	0.	0.	5.55556e-002	
Time	FPS	Frame	0	18	30	30	18	0.166096	3.43257e-002	0.	1.64205e-002	10.2753	0.	2.8674e-003	0.999996	0.	0.	5.55556e-002	
Time	FPS	Frame	0	18	30	30	18	0.167925	3.60392e-002	0.	1.66562e-002	10.3309	0.	2.89919e-003	0.999996	0.	0.	5.55556e-002	
Time	FPS	Frame	0	18	30	30	18	0.169918	3.60058e-002	0.	1.68974e-002	10.3864	0.	2.93256e-003	0.999996	0.	0.	5.55556e-002	
Time	FPS	Frame	0	18	30	30	18	0.171837	3.59725e-002	0.	1.71405e-002	10.4419	0.	2.9659e-003	0.999996	0.	0.	5.55556e-002	
Time	FPS	Frame	0	18	30	30	18	0.173754	3.59392e-002	0.	1.73853e-002	10.4974	0.	2.99921e-003	0.999996	0.	0.	5.55556e-002	
Time	FPS	Frame	0	18	31	30	18	0.175669	3.59059e-002	0.	1.76319e-002	10.553	0.	3.03249e-003	0.999995	0.	0.	5.55556e-002	
Time	FPS	Frame	0	18	31	31	18	0.177582	3.58726e-002	0.	1.78803e-002	10.6085	0.	3.06574e-003	0.999995	0.	0.	5.55556e-002	
Time	FPS	Frame	0	19	31	31	18	0.179494	3.58394e-002	0.	1.81304e-002	10.664	0.	3.09896e-003	0.999995	0.	0.	5.55556e-002	
Time	FPS	Frame	0	19	31	31	19	0.181404	3.75561e-002	0.	1.83823e-002	10.7195	0.	3.13215e-003	0.999995	0.	0.	5.55556e-002	
Time	FPS	Frame	0	19	31	31	19	0.183484	3.75214e-002	0.	1.86399e-002	10.7751	0.	3.16693e-003	0.999995	0.	0.	5.55556e-002	
Time	FPS	Frame	0	19	31	31	19	0.185483	3.74866e-002	0.	1.88993e-002	10.8306	0.	3.20167e-003	0.999995	0.	0.	5.55556e-002	
Time	FPS	Frame	0	19	32	31	19	0.187481	3.74519e-002	0.	1.91606e-002	10.8861	0.	3.23638e-003	0.999995	0.	0.	5.55556e-002	
Time	FPS	Frame	0	19	32	32	19	0.189477	3.74172e-002	0.	1.94237e-002	10.9416	0.	3.27107e-003	0.999995	0.	0.	5.55556e-002	
Time	FPS	Frame	0	19	32	32	19	0.191471	3.73826e-002	0.	1.96887e-002	10.9972	0.	3.30572e-003	0.999995	0.	0.	5.55556e-002	
Time	FPS	Frame	0	20	32	32	19	0.193463	3.7348e-002	0.	1.99555e-002	11.0527	0.	3.34033e-003	0.999994	0.	0.	5.55556e-002	
Time	FPS	Frame	0	20	32	32	20	0.195453	3.90708e-002	0.	2.02242e-002	11.1082	0.	3.37492e-003	0.999994	0.	0.	5.55556e-002	
Time	FPS	Frame	0	20	32	32	20	0.197629	3.90346e-002	0.	2.04986e-002	11.1637	0.	3.4111e-003	0.999994	0.	0.	5.55556e-002	
Time	FPS	Frame	0	20	33	32	20	0.199709	3.89984e-002	0.	2.0775e-002	11.2193	0.	3.44724e-003	0.999994	0.	0.	5.55556e-002	
Time	FPS	Frame	0	20	33	33	20	0.201787	3.89623e-002	0.	2.10533e-002	11.2748	0.	3.48336e-003	0.999994	0.	0.	5.55556e-002	
Time	FPS	Frame	0	20	33	33	20	0.203863	3.89262e-002	0.	2.13335e-002	11.3303	0.	3.51944e-003	0.999994	0.	0.	5.55556e-002	
Time	FPS	Frame	0	20	33	33	20	0.205937	3.88902e-002	0.	2.16156e-002	11.3858	0.	3.55548e-003	0.999994	0.	0.	5.55556e-002	
Time	FPS	Frame	0	21	33	33	20	0.208009	4.06168e-002	0.	2.18997e-002	11.4414	0.	3.5915e-003	0.999994	0.	0.	5.55556e-002	
Time	FPS	Frame	0	21	33	33	21	0.210194	4.05792e-002	0.	2.21895e-002	11.4969	0.	3.62911e-003	0.999993	0.	0.	5.55556e-002	
Time	FPS	Frame	0	21	34	33	21	0.212356	4.05416e-002	0.	2.24814e-002	11.5524	0.	3.66669e-003	0.999993	0.	0.	5.55556e-002	
Time	FPS	Frame	0	21	34	34	21	0.214516	4.05041e-002	0.	2.27753e-002	11.6079	0.	3.70423e-003	0.999993	0.	0.	5.55556e-002	
Time	FPS	Frame	0	21	34	34	21	0.216674	4.04666e-002	0.	2.30712e-002	11.6635	0.	3.74174e-003	0.999993	0.	0.	5.55556e-002	
Time	FPS	Frame	0	21	34	34	21	0.21883	4.04291e-002	0.	2.33691e-002	11.719	0.	3.77921e-003	0.999993	0.	0.	5.55556e-002	
Time	FPS	Frame	0	21	34	34	21	0.220984	4.03917e-002	0.	2.3669e-002	11.7745	0.	3.81665e-003	0.999993	0.	0.	5.55556e-002	
Time	FPS	Frame	0	22	34	34	21	0.223137	4.21225e-002	0.	2.39709e-002	11.83	0.	3.85405e-003	0.999993	0.	0.	5.55556e-002	
Time	FPS	Frame	0	22	35	34	22	0.225433	4.20835e-002	0.	2.42787e-002	11.8855	0.	3.89306e-003	0.999992	0.	0.	5.55556e-002	
Time	FPS	Frame	0	22	35	34	22	0.227675	4.20445e-002	0.	2.45886e-002	11.9411	0.	3.93203e-003	0.999992	0.	0.	5.55556e-002	
Time	FPS	Frame	0	22	35	35	22	0.229915	4.20056e-002	0.	2.49006e-002	11.9966	0.	3.97096e-003	0.999992	0.	0.	5.55556e-002	
Time	FPS	Frame	0	22	35	35	22	0.232153	4.19667e-002	0.	2.52147e-002	12.0521	0.	4.00986e-003	0.999992	0.	0.	5.55556e-002	
Time	FPS	Frame	0	22	35	35	22	0.234389	4.19279e-002	0.	2.55308e-002	12.1076	0.	4.04872e-003	0.999992	0.	0.	5.55556e-002	
Time	FPS	Frame	0	22	35	35	22	0.236623	4.1889e-002	0.	2.5849e-002	12.1632	0.	4.08755e-003	0.999992	0.	0.	5.55556e-002	
Time	FPS	Frame	0	22	36	35	22	0.238855	4.36233e-002	0.	2.61692e-002	12.2187	0.	4.12634e-003	0.999991	0.	0.	5.55556e-002	
Time	FPS	Frame	0	23	36	35	22	0.241272	4.35829e-002	0.	2.64955e-002	12.2742	0.	4.16674e-003	0.999991	0.	0.	5.55556e-002	
Time	FPS	Frame	0	23	36	36	23	0.243594	4.35425e-002	0.	2.68239e-002	12.3297	0.	4.2071e-003	0.999991	0.	0.	5.55556e-002	
Time	FPS	Frame	0	23	36	36	23	0.245914	4.35022e-002	0.	2.71545e-002	12.3852	0.	4.24742e-003	0.999991	0.	0.	5.55556e-002	
Time	FPS	Frame	0	23	36	36	23	0.248231	4.34619e-002	0.	2.74872e-002	12.4408	0.	4.2877e-003	0.999991	0.	0.	5.55556e-002	
Time	FPS	Frame	0	23	36	36	23	0.250547	4.34217e-002	0.	2.78221e-002	12.4963	0.	4.32795e-003	0.999991	0.	0.	5.55556e-002	
Time	FPS	Frame	0	23	37	36	23	0.252861	4.51586e-002	0.	2.81591e-002	12.5518	0.	4.36816e-003	0.99999	0.	0.	5.55556e-002	
Time	FPS	Frame	0	23	37	37	23	0.255309	4.51168e-002	0.	2.85023e-002	12.6073	0.	4.40998e-003	0.99999	0.	0.	5.55556e-002	
Time	FPS	Frame	0	24	37	37	23	0.257713	4.5075e-002	0.	2.88476e-002	12.6628	0.	4.45176e-003	0.99999	0.	0.	5.55556e-002	
Time	FPS	Frame	0	24	37	37	24	0.260114	4.50333e-002	0.	2.91952e-002	12.7184	0.	4.4935e-003	0.99999	0.	0.	5.55556e-002	
Time	FPS	Frame	0	24	37	37	24	0.262514	4.49916e-002	0.	2.9545e-002	12.7739	0.	4.5352e-003	0.99999	0.	0.	5.55556e-002	
Time	FPS	Frame	0	24	37	37	24	0.264911	4.49499e-002	0.	2.9897e-002	12.8294	0.	4.57686e-003	0.99999	0.	0.	5.55556e-002	
Time	FPS	Frame	0	24	38	37	24	0.267305	4.66905e-002	0.	3.02512e-002	12.8849	0.	4.61849e-003	0.999989	0.	0.	5.55556e-002	
Time	FPS	Frame	0	24	38	38	24	0.269794	4.66473e-002	0.	3.06116e-002	12.9404	0.	4.66172e-003	0.999989	0.	0.	5.55556e-002	
Time	FPS	Frame	0	25	38	38	24	0.272279	4.66041e-002	0.	3.09744e-002	12.9959	0.	4.70492e-003	0.999989	0.	0.	5.55556e-002	
Time	FPS	Frame	0	25	38	38	24	0.274762	4.65609e-002	0.	3.13394e-002	13.0515	0.	4.74808e-003	0.999989	0.	0.	5.55556e-002	
Time	FPS	Frame	0	25	38	38	25	0.277242	4.65178e-002	0.	3.17067e-002	13.107	0.	4.79119e-003	0.999989	0.	0.	5.55556e-002	
Time	FPS	Frame	0	25	38	38	25	0.279721	4.64747e-002	0.	3.20763e-002	13.1625	0.	4.83427e-003	0.999988	0.	0.	5.55556e-002	
Time	FPS	Frame	0	25	39	38	25	0.282197	4.64317e-002	0.	3.24483e-002	13.218	0.	4.87731e-003	0.999988	0.	0.	5.55556e-002	
Time	FPS	Frame	0	25	39	39	25	0.28467	4.81743e-002	0.	3.28225e-002	13.2735	0.	4.92031e-003	0.999988	0.	0.	5.55556e-002	
Time	FPS	Frame	0	25	39	39	25	0.287304	4.81297e-002	0.	3.3203e-002	13.3291	0.	4.96492e-003	0.999988	0.	0.	5.55556e-002	
Time	FPS	Frame	0	26	39	39	25	0.289867	4.80852e-002	0.	3.35858e-002	13.3846	0.	5.00949e-003	0.999987	0.	0.	5.55556e-002	
Time	FPS	Frame	0	26	39	39	26	0.292429	4.80406e-002	0.	3.3971e-002	13.4401	0.	5.05402e-003	0.999987	0.	0.	5.55556e-002	
Time	FPS	Frame	0	26	39	39	26	0.294988	4.79961e-002	0.	3.43586e-002	13.4956	0.	5.0985e-003	0.999987	0.	0.	5.55556e-002	
Time	FPS	Frame	0	26	40	39	26	0.297545	4.79517e-002	0.	3.47486e-002	13.5511	0.	5.14295e-003	0.999987	0.	0.	5.55556e-002	
Time	FPS	Frame	0	26	40	40	26	0.300099	4.9696e-002	0.	3.5141e-002	13.6066	0.	5.18735e-003	0.999987	0.	0.	5.55556e-002	
Time	FPS	Frame	0	26	40	40	26	0.302789	4.965e-002	0.	3.55397e-002	13.6622	0.	5.23337e-003	0.999986	0.	0.	5.55556e-002	
Time	FPS	Frame	0	26	40	40	26	0.305433	4.9604e-002	0.	3.59408e-002	13.7177	0.	5.27935e-003	0.999986	0.	0.	5.55556e-002	
Time	FPS	Frame	0	27	40	40	26	0.308076	4.95581e-002	0.	3.63444e-002	13.7732	0.	5.32529e-003	0.999986	0.	0.	5.55556e-002	
Time	FPS	Frame	0	27	41	40	27	0.310716	4.95122e-002	0.	3.67504e-002	13.8287	0.	5.37118e-003	0.999986	0.	0.	5.55556e-002	
Time	FPS	Frame	0	27	41	41	27	0.313353	4.94664e-002	0.	3.71589e-002	13.8842	0.	5.41703e-003	0.999985	0.	0.	5.55556e-002	
Time	FPS	Frame	0	27	41	41	27	0.315988	5.12132e-002	0.	3.75698e-002	13.9397	0.	5.46284e-003	0.999985	0.	0.	5.55556e-002	
Time	FPS	Frame	0	27	41	41	27	0.318741	5.11658e-002	0.	3.79872e-002	13.9952	0.	5.51026e-003	0.999985	0.	0.	5.55556e-002	
Time	FPS	Frame	0	27	41	41	27	0.321466	5.11184e-002	0.	3.84071e-002	14.0508	0.	5.55764e-003	0.999985	0.	0.	5.55556e-002	
Time	FPS	Frame	0	27	41	41	27	0.324189	5.1071e-002	0.	3.88295e-002	14.1063	0.	5.60498e-003	0.999984	0.	0.	5.55556e-002	
Time	FPS	Frame	0	28	42	41	27	0.32691	5.10237e-002	0.	3.92544e-002	14.1618	0.	5.65228e-003	0.999984	0.	0.	5.55556e-002	
Time	FPS	Frame	0	28	42	42	28	0.329627	5.09765e-002	0.	3.96819e-002	14.2173	0.	5.69952e-003	0.999984	0.	0.	5.55556e-002	
Time	FPS	Frame	0	28	42	42	28	0.332343	5.27233e-002	0.	4.01118e-002	14.2728	0.	5.74673e-003	0.999983	0.	0.	5.55556e-002	
Time	FPS	Frame	0	28	42	42	28	0.335167	5.26745e-002	0.	4.05483e-002	14.3283	0.	5.79555e-003	0.999983	0.	0.	5.55556e-002	
Time	FPS	Frame	0	28	42	42	28	0.337972	5.26257e-002	0.	4.09874e-002	14.3838	0.	5.84433e-003	0.999983	0.	0.	5.55556e-002	
Time	FPS	Frame	0	28	43	42	28	0.340775	5.2577e-002	0.	4.1429e-002	14.4393	0.	5.89307e-003	0.999983	0.	0.	5.55556e-002	
Time	FPS	Frame	0	29	43	43	28	0.343576	5.25283e-002	0.	4.18733e-002	14.4949	0.	5.94176e-003	0.999982	0.	0.	5.55556e-002	
Time	FPS	Frame	0	29	43	43	29	0.346374	5.24797e-002	0.	4.23202e-002	14.5504	0.	5.9904e-003	0.999982	0.	0.	5.55556e-002	
Time	FPS	Frame	0	29	43	43	29	0.349169	5.42286e-002	0.	4.27696e-002	14.6059	0.	6.039e-003	0.999982	0.	0.	5.55556e-002	
Time	FPS	Frame	0	29	43	43	29	0.352072	5.41784e-002	0.	4.32257e-002	14.6614	0.	6.08921e-003	0.999981	0.	0.	5.55556e-002	
Time	FPS	Frame	0	29	44	43	29	0.354957	5.41282e-002	0.	4.36844e-002	14.7169	0.	6.13939e-003	0.999981	0.	0.	5.55556e-002	
Time	FPS	Frame	0	29	44	43	29	0.35784	5.40781e-002	0.	4.41458e-002	14.7724	0.	6.18951e-003	0.999981	0.	0.	5.55556e-002	
Time	FPS	Frame	0	29	44	44	29	0.36072	5.4028e-002	0.	4.46098e-002	14.8279	0.	6.23959e-003	0.999981	0.	0.	5.55556e-002	
Time	FPS	Frame	0	30	44	44	29	0.363598	5.3978e-002	0.	4.50766e-002	14.8834	0.	6.28962e-003	0.99998	0.	0.	5.55556e-002	
Time	FPS	Frame	0	30	44	44	30	0.366473	5.57253e-002	0.	4.5546e-002	14.939	0.	6.33961e-003	0.99998	0.	0.	5.55556e-002	
Time	FPS	Frame	0	30	44	44	30	0.369462	5.56737e-002	0.	4.6022e-002	14.9945	0.	6.39121e-003	0.99998	0.	0.	5.55556e-002	
Time	FPS	Frame	0	30	45	44	30	0.372427	5.56221e-002	0.	4.65008e-002	15.05	0.	6.44277e-003	0.999979	0.	0.	5.55556e-002	
Time	FPS	Frame	0	30	45	45	30	0.37539	5.55706e-002	0.	4.69824e-002	15.1055	0.	6.49428e-003	0.999979	0.	0.	5.55556e-002	
Time	FPS	Frame	0	30	45	45	30	0.378349	5.55191e-002	0.	4.74667e-002	15.161	0.	6.54574e-003	0.999979	0.	0.	5.55556e-002	
Time	FPS	Frame	0	31	45	45	30	0.381306	5.54677e-002	0.	4.79537e-002	15.2165	0.	6.59715e-003	0.999978	0.	0.	5.55556e-002	
Time	FPS	Frame	0	31	45	45	31	0.38426	5.72156e-002	0.	4.84435e-002	15.272	0.	6.64852e-003	0.999978	0.	0.	5.55556e-002	
Time	FPS	Frame	0	31	46	45	31	0.387343	5.71626e-002	0.	4.894e-002	15.3275	0.	6.7015e-003	0.999978	0.	0.	5.55556e-002	
Time	FPS	Frame	0	31	46	46	31	0.390388	5.71096e-002	0.	4.94394e-002	15.383	0.	6.75443e-003	0.999977	0.	0.	5.55556e-002	
Time	FPS	Frame	0	31	46	46	31	0.393429	5.70568e-002	0.	4.99415e-002	15.4385	0.	6.80732e-003	0.999977	0.	0.	5.55556e-002	
Time	FPS	Frame	0	31	46	46	31	0.396468	5.70039e-002	0.	5.04465e-002	15.494	0.	6.86016e-003	0.999976	0.	0.	5.55556e-002	
Time	FPS	Frame	0	31	46	46	31	0.399503	5.69511e-002	0.	5.09543e-002	15.5496	0.	6.91295e-003	0.999976	0.	0.	5.55556e-002	
Time	FPS	Frame	0	32	47	46	31	0.402536	5.8698e-002	0.	5.14649e-002	15.6051	0.	6.96569e-003	0.999976	0.	0.	5.55556e-002	
Time	FPS	Frame	0	32	47	47	32	0.405721	5.86437e-002	0.	5.19823e-002	15.6606	0.	7.02004e-003	0.999975	0.	0.	5.55556e-002	
Time	FPS	Frame	0	32	47	47	32	0.408844	5.85893e-002	0.	5.25027e-002	15.7161	0.	7.07435e-003	0.999975	0.	0.	5.55556e-002	
Time	FPS	Frame	0	32	47	47	32	0.411964	5.85351e-002	0.	5.30259e-002	15.7716	0.	7.12861e-003	0.999975	0.	0.	5.55556e-002	
Time	FPS	Frame	0	32	47	47	32	0.415081	5.84809e-002	0.	5.3552e-002	15.8271	0.	7.18281e-003	0.999974	0.	0.	5.55556e-002	
Time	FPS	Frame	0	32	48	47	32	0.418195	6.02252e-002	0.	5.4081e-002	15.8826	0.	7.23697e-003	0.999974	0.	0.	5.55556e-002	
Time	FPS	Frame	0	33	48	48	32	0.421391	6.01694e-002	0.	5.46168e-002	15.9381	0.	7.29274e-003	0.999973	0.	0.	5.55556e-002	
Time	FPS	Frame	0	33	48	48	33	0.424596	6.01137e-002	0.	5.51557e-002	15.9936	0.	7.34846e-003	0.999973	0.	0.	5.55556e-002	
Time	FPS	Frame	0	33	48	48	33	0.427797	6.00581e-002	0.	5.56975e-002	16.0491	0.	7.40413e-003	0.999973	0.	0.	5.55556e-002	
Time	FPS	Frame	0	33	48	48	33	0.430995	6.00024e-002	0.	5.62423e-002	16.1046	0.	7.45974e-003	0.999972	0.	0.	5.55556e-002	
Time	FPS	Frame	0	33	49	48	33	0.43419	5.99469e-002	0.	5.679e-002	16.1601	0.	7.51531e-003	0.999972	0.	0.	5.55556e-002	
Time	FPS	Frame	0	33	49	49	33	0.437382	6.16892e-002	0.	5.73407e-002	16.2156	0.	7.57082e-003	0.999971	0.	0.	5.55556e-002	
Time	FPS	Frame	0	34	49	49	33	0.440694	6.1632e-002	0.	5.78984e-002	16.2711	0.	7.62795e-003	0.999971	0.	0.	5.55556e-002	
Time	FPS	Frame	0	34	49	49	34	0.443976	6.1575e-002	0.	5.84591e-002	16.3266	0.	7.68502e-003	0.99997	0.	0.	5.55556e-002	
Time	FPS	Frame	0	34	49	49	34	0.447255	6.15179e-002	0.	5.90228e-002	16.3821	0.	7.74205e-003	0.99997	0.	0.	5.55556e-002	
Time	FPS	Frame	0	34	50	49	34	0.45053	6.1461e-002	0.	5.95896e-002	16.4376	0.	7.79901e-003	0.99997	0.	0.	5.55556e-002	
Time	FPS	Frame	0	34	50	50	34	0.453803	6.14041e-002	0.	6.01594e-002	16.4932	0.	7.85593e-003	0.999969	0.	0.	5.55556e-002	
Time	FPS	Frame	0	34	50	50	34	0.457073	6.31438e-002	0.	6.07322e-002	16.5487	0.	7.91279e-003	0.999969	0.	0.	5.55556e-002	
Time	FPS	Frame	0	35	50	50	34	0.460507	6.30853e-002	0.	6.13121e-002	16.6042	0.	7.97127e-003	0.999968	0.	0.	5.55556e-002	
Time	FPS	Frame	0	35	50	50	35	0.463866	6.30269e-002	0.	6.18951e-002	16.6597	0.	8.02969e-003	0.999968	0.	0.	5.55556e-002	
Time	FPS	Frame	0	35	51	50	35	0.467222	6.29685e-002	0.	6.24812e-002	16.7152	0.	8.08806e-003	0.999967	0.	0.	5.55556e-002	
Time	FPS	Frame	0	35	51	51	35	0.470575	6.29102e-002	0.	6.30704e-002	16.7707	0.	8.14637e-003	0.999967	0.	0.	5.55556e-002	
Time	FPS	Frame	0	35	51	51	35	0.473925	6.4645e-002	0.	6.36627e-002	16.8262	0.	8.20463e-003	0.999966	0.	0.	5.55556e-002	
Time	FPS	Frame	0	35	51	51	35	0.477392	6.45851e-002	0.	6.42621e-002	16.8817	0.	8.26449e-003	0.999966	0.	0.	5.55556e-002	
Time	FPS	Frame	0	36	51	51	35	0.480831	6.45253e-002	0.	6.48647e-002	16.9372	0.	8.3243e-003	0.999965	0.	0.	5.55556e-002	
Time	FPS	Frame	0	36	52	51	36	0.484266	6.44655e-002	0.	6.54705e-002	16.9927	0.	8.38405e-003	0.999965	0.	0.	5.55556e-002	
Time	FPS	Frame	0	36	52	52	36	0.487699	6.44058e-002	0.	6.60794e-002	17.0482	0.	8.44375e-003	0.999964	0.	0.	5.55556e-002	
Time	FPS	Frame	0	36	52	52	36	0.491128	6.61363e-002	0.	6.66916e-002	17.1037	0.	8.5034e-003	0.999964	0.	0.	5.55556e-002	
Time	FPS	Frame	0	36	52	52	36	0.494636	6.60751e-002	0.	6.73109e-002	17.1592	0.	8.56464e-003	0.999963	0.	0.	5.55556e-002	
Time	FPS	Frame	0	36	53	52	36	0.498154	6.60139e-002	0.	6.79334e-002	17.2147	0.	8.62583e-003	0.999963	0.	0.	5.55556e-002	
Time	FPS	Frame	0	37	53	53	36	0.501668	6.59527e-002	0.	6.85593e-002	17.2702	0.	8.68696e-003	0.999962	0.	0.	5.55556e-002	
Time	FPS	Frame	0	37	53	53	37	0.50518	6.58917e-002	0.	6.91883e-002	17.3257	0.	8.74804e-003	0.999962	0.	0.	5.55556e-002	
Time	FPS	Frame	0	37	53	53	37	0.508688	6.58306e-002	0.	6.98207e-002	17.3812	0.	8.80906e-003	0.999961	0.	0.	5.55556e-002	
Time	FPS	Frame	0	37	53	53	37	0.512193	6.75563e-002	0.	7.04563e-002	17.4367	0.	8.87002e-003	0.999961	0.	0.	5.55556e-002	
Time	FPS	Frame	0	37	54	53	37	0.515843	6.74937e-002	0.	7.10991e-002	17.4922	0.	8.93258e-003	0.99996	0.	0.	5.55556e-002	
Time	FPS	Frame	0	37	54	54	37	0.519437	6.74312e-002	0.	7.17452e-002	17.5477	0.	8.99509e-003	0.99996	0.	0.	5.55556e-002	
Time	FPS	Frame	0	38	54	54	37	0.523027	6.73687e-002	0.	7.23947e-002	17.6032	0.	9.05753e-003	0.999959	0.	0.	5.55556e-002	
Time	FPS	Frame	0	38	54	54	38	0.526613	6.73063e-002	0.	7.30474e-002	17.6587	0.	9.11992e-003	0.999958	0.	0.	5.55556e-002	
Time	FPS	Frame	0	38	54	54	38	0.530196	6.90265e-002	0.	7.37036e-002	17.7142	0.	9.18225e-003	0.999958	0.	0.	5.55556e-002	
Time	FPS	Frame	0	38	55	54	38	0.533901	6.89626e-002	0.	7.4367e-002	17.7697	0.	9.24617e-003	0.999957	0.	0.	5.55556e-002	
Time	FPS	Frame	0	38	55	55	38	0.537572	6.88987e-002	0.	7.50338e-002	17.8252	0.	9.31003e-003	0.999957	0.	0.	5.55556e-002	
Time	FPS	Frame	0	38	55	55	38	0.54124	6.88349e-002	0.	7.5704e-002	17.8807	0.	9.37384e-003	0.999956	0.	0.	5.55556e-002	
Time	FPS	Frame	0	39	55	55	38	0.544904	6.87712e-002	0.	7.63776e-002	17.9362	0.	9.43758e-003	0.999955	0.	0.	5.55556e-002	
Time	FPS	Frame	0	39	56	55	39	0.548566	7.04822e-002	0.	7.70546e-002	17.9917	0.	9.50127e-003	0.999955	0.	0.	5.55556e-002	
Time	FPS	Frame	0	39	56	56	39	0.552331	7.04169e-002	0.	7.77389e-002	18.0472	0.	9.56654e-003	0.999954	0.	0.	5.55556e-002	
Time	FPS	Frame	0	39	56	56	39	0.556079	7.03517e-002	0.	7.84267e-002	18.1027	0.	9.63175e-003	0.999954	0.	0.	5.55556e-002	
Time	FPS	Frame	0	39	56	56	39	0.559824	7.02865e-002	0.	7.9118e-002	18.1582	0.	9.6969e-003	0.999953	0.	0.	5.55556e-002	
Time	FPS	Frame	0	40	56	56	39	0.563565	7.02214e-002	0.	7.98127e-002	18.2136	0.	9.76199e-003	0.999952	0.	0.	5.55556e-002	
Time	FPS	Frame	0	40	57	57	40	0.567304	7.1924e-002	0.	8.0511e-002	18.2691	0.	9.82702e-003	0.999952	0.	0.	5.55556e-002	
Time	FPS	Frame	0	40	57	57	40	0.571135	7.18574e-002	0.	8.12166e-002	18.3246	0.	9.89363e-003	0.999951	0.	0.	5.55556e-002	
Time	FPS	Frame	0	40	57	57	40	0.57496	7.17909e-002	0.	8.19257e-002	18.3801	0.	9.96017e-003	0.99995	0.	0.	5.55556e-002	
Time	FPS	Frame	0	40	57	57	40	0.578782	7.17244e-002	0.	8.26384e-002	18.4356	0.	1.00267e-002	0.99995	0.	0.	5.55556e-002	
Time	FPS	Frame	0	40	58	57	40	0.5826	7.1658e-002	0.	8.33547e-002	18.4911	0.	1.00931e-002	0.999949	0.	0.	5.55556e-002	
Time	FPS	Frame	0	41	58	58	40	0.586414	7.33534e-002	0.	8.40745e-002	18.5466	0.	1.01594e-002	0.999948	0.	0.	5.55556e-002	
Time	FPS	Frame	0	41	58	58	41	0.590319	7.32855e-002	0.	8.48017e-002	18.6021	0.	1.02274e-002	0.999948	0.	0.	5.55556e-002	
Time	FPS	Frame	0	41	58	58	41	0.59422	7.32176e-002	0.	8.55326e-002	18.6576	0.	1.02952e-002	0.999947	0.	0.	5.55556e-002	
Time	FPS	Frame	0	41	59	58	41	0.598117	7.31498e-002	0.	8.6267e-002	18.7131	0.	1.0363e-002	0.999946	0.	0.	5.55556e-002	
Time	FPS	Frame	0	41	59	59	41	0.60201	7.30821e-002	0.	8.70051e-002	18.7686	0.	1.04308e-002	0.999946	0.	0.	5.55556e-002	
Time	FPS	Frame	0	42	59	59	41	0.6059	7.47653e-002	0.	8.77468e-002	18.8241	0.	1.04985e-002	0.999945	0.	0.	5.55556e-002	
Time	FPS	Frame	0	42	59	59	42	0.609885	7.46961e-002	0.	8.8496e-002	18.8796	0.	1.05677e-002	0.999944	0.	0.	5.55556e-002	
Time	FPS	Frame	0	42	59	59	42	0.61386	7.46269e-002	0.	8.92489e-002	18.9351	0.	1.06369e-002	0.999943	0.	0.	5.55556e-002	
Time	FPS	Frame	0	42	60	60	42	0.617832	7.45578e-002	0.	9.00054e-002	18.9906	0.	1.0706e-002	0.999943	0.	0.	5.55556e-002	
Time	FPS	Frame	0	42	60	60	42	0.6218	7.44887e-002	0.	9.07657e-002	19.0461	0.	1.0775e-002	0.999942	0.	0.	5.55556e-002	
Time	FPS	Frame	0	42	60	60	42	0.625765	7.61613e-002	0.	9.15296e-002	19.1015	0.	1.0844e-002	0.999941	0.	0.	5.55556e-002	
Time	FPS	Frame	0	43	60	60	42	0.629834	7.60907e-002	0.	9.2301e-002	19.157	0.	1.09145e-002	0.99994	0.	0.	5.55556e-002	
Time	FPS	Frame	0	43	61	61	43	0.633884	7.60203e-002	0.	9.30763e-002	19.2125	0.	1.0985e-002	0.99994	0.	0.	5.55556e-002	
Time	FPS	Frame	0	43	61	61	43	0.63793	7.59499e-002	0.	9.38552e-002	19.268	0.	1.10554e-002	0.999939	0.	0.	5.55556e-002	
Time	FPS	Frame	0	43	61	61	43	0.641972	7.58795e-002	0.	9.46379e-002	19.3235	0.	1.11257e-002	0.999938	0.	0.	5.55556e-002	
Time	FPS	Frame	0	43	61	61	43	0.64601	7.75406e-002	0.	9.54244e-002	19.379	0.	1.1196e-002	0.999937	0.	0.	5.55556e-002	
Time	FPS	Frame	0	44	62	62	43	0.650171	7.74688e-002	0.	9.62185e-002	19.4345	0.	1.12678e-002	0.999937	0.	0.	5.55556e-002	
Time	FPS	Frame	0	44	62	62	44	0.654293	7.7397e-002	0.	9.70164e-002	19.49	0.	1.13396e-002	0.999936	0.	0.	5.55556e-002	
Time	FPS	Frame	0	44	62	62	44	0.658412	7.73253e-002	0.	9.78181e-002	19.5455	0.	1.14112e-002	0.999935	0.	0.	5.55556e-002	
Time	FPS	Frame	0	44	62	62	44	0.662527	7.89722e-002	0.	9.86236e-002	19.601	0.	1.14828e-002	0.999934	0.	0.	5.55556e-002	
Time	FPS	Frame	0	44	63	63	44	0.666693	7.8899e-002	0.	9.94367e-002	19.6564	0.	1.1556e-002	0.999933	0.	0.	5.55556e-002	
Time	FPS	Frame	0	44	63	63	44	0.670891	7.8826e-002	0.	0.100254	19.7119	0.	1.1629e-002	0.999932	0.	0.	5.55556e-002	
Time	FPS	Frame	0	45	63	63	45	0.675086	7.8753e-002	0.	0.101075	19.7674	0.	1.1702e-002	0.999932	0.	0.	5.55556e-002	
Time	FPS	Frame	0	45	63	63	45	0.679277	7.868e-002	0.	0.1019	19.8229	0.	1.1775e-002	0.999931	0.	0.	5.55556e-002	
Time	FPS	Frame	0	45	64	64	45	0.683464	8.03107e-002	0.	0.102728	19.8784	0.	1.18478e-002	0.99993	0.	0.	5.55556e-002	
Time	FPS	Frame	0	45	64	64	45	0.68773	8.02364e-002	0.	0.103565	19.9339	0.	1.19222e-002	0.999929	0.	0.	5.55556e-002	
Time	FPS	Frame	0	45	64	64	45	0.692	8.01621e-002	0.	0.104405	19.9894	0.	1.19965e-002	0.999928	0.	0.	5.55556e-002	
Time	FPS	Frame	0	46	64	64	45	0.696266	8.00878e-002	0.	0.105249	20.0449	0.	1.20708e-002	0.999927	0.	0.	5.55556e-002	
Time	FPS	Frame	0	46	65	65	46	0.700527	8.17035e-002	0.	0.106097	20.1003	0.	1.21449e-002	0.999926	0.	0.	5.55556e-002	
Time	FPS	Frame	0	46	65	65	46	0.704811	8.16279e-002	0.	0.106953	20.1558	0.	1.22206e-002	0.999925	0.	0.	5.55556e-002	
Time	FPS	Frame	0	46	65	65	46	0.709154	8.15523e-002	0.	0.107813	20.2113	0.	1.22962e-002	0.999924	0.	0.	5.55556e-002	
Time	FPS	Frame	0	46	65	65	46	0.713494	8.14767e-002	0.	0.108677	20.2668	0.	1.23717e-002	0.999923	0.	0.	5.55556e-002	
Time	FPS	Frame	0	47	66	66	46	0.717829	8.14013e-002	0.	0.109545	20.3223	0.	1.24472e-002	0.999923	0.	0.	5.55556e-002	
Time	FPS	Frame	0	47	66	66	47	0.72216	8.29975e-002	0.	0.110418	20.3778	0.	1.25225e-002	0.999922	0.	0.	5.55556e-002	
Time	FPS	Frame	0	47	66	66	47	0.726556	8.29206e-002	0.	0.111297	20.4332	0.	1.25994e-002	0.999921	0.	0.	5.55556e-002	
Time	FPS	Frame	0	47	67	66	47	0.730968	8.28438e-002	0.	0.112181	20.4887	0.	1.26762e-002	0.99992	0.	0.	5.55556e-002	
Time	FPS	Frame	0	47	67	67	47	0.735376	8.27671e-002	0.	0.113069	20.5442	0.	1.27529e-002	0.999919	0.	0.	5.55556e-002	
Time	FPS	Frame	0	48	67	67	47	0.739779	8.43457e-002	0.	0.113961	20.5997	0.	1.28296e-002	0.999918	0.	0.	5.55556e-002	
Time	FPS	Frame	0	48	67	67	48	0.744203	8.42676e-002	0.	0.114861	20.6552	0.	1.29077e-002	0.999917	0.	0.	5.55556e-002	
Time	FPS	Frame	0	48	68	68	48	0.748686	8.41895e-002	0.	0.115765	20.7107	0.	1.29857e-002	0.999916	0.	0.	5.55556e-002	
Time	FPS	Frame	0	48	68	68	48	0.753166	8.41116e-002	0.	0.116673	20.7661	0.	1.30637e-002	0.999915	0.	0.	5.55556e-002	
Time	FPS	Frame	0	48	68	68	48	0.757641	8.40337e-002	0.	0.117585	20.8216	0.	1.31416e-002	0.999914	0.	0.	5.55556e-002	
Time	FPS	Frame	0	49	68	68	48	0.762112	8.55875e-002	0.	0.118502	20.8771	0.	1.32194e-002	0.999913	0.	0.	5.55556e-002	
Time	FPS	Frame	0	49	69	69	49	0.766655	8.55082e-002	0.	0.119426	20.9326	0.	1.32987e-002	0.999912	0.	0.	5.55556e-002	
Time	FPS	Frame	0	49	69	69	49	0.771204	8.5429e-002	0.	0.120354	20.9881	0.	1.33779e-002	0.999911	0.	0.	5.55556e-002	
Time	FPS	Frame	0	49	69	69	49	0.775749	8.53499e-002	0.	0.121287	21.0435	0.	1.3457e-002	0.999909	0.	0.	5.55556e-002	
Time	FPS	Frame	0	49	70	70	49	0.78029	8.68864e-002	0.	0.122224	21.099	0.	1.3536e-002	0.999908	0.	0.	5.55556e-002	
Time	FPS	Frame	0	50	70	70	49	0.784872	8.68059e-002	0.	0.123168	21.1545	0.	1.36165e-002	0.999907	0.	0.	5.55556e-002	
Time	FPS	Frame	0	50	70	70	50	0.78949	8.67255e-002	0.	0.124117	21.21	0.	1.36969e-002	0.999906	0.	0.	5.55556e-002	
Time	FPS	Frame	0	50	70	70	50	0.794103	8.66452e-002	0.	0.125071	21.2655	0.	1.37772e-002	0.999905	0.	0.	5.55556e-002	
Time	FPS	Frame	0	50	71	71	50	0.798713	8.81541e-002	0.	0.126028	21.3209	0.	1.38574e-002	0.999904	0.	0.	5.55556e-002	
Time	FPS	Frame	0	50	71	71	50	0.803338	8.80725e-002	0.	0.126993	21.3764	0.	1.39391e-002	0.999903	0.	0.	5.55556e-002	
Time	FPS	Frame	0	51	71	71	50	0.808023	8.79909e-002	0.	0.127963	21.4319	0.	1.40206e-002	0.999902	0.	0.	5.55556e-002	
Time	FPS	Frame	0	51	72	72	51	0.812704	8.79094e-002	0.	0.128937	21.4874	0.	1.41021e-002	0.999901	0.	0.	5.55556e-002	
Time	FPS	Frame	0	51	72	72	51	0.81738	8.93932e-002	0.	0.129915	21.5429	0.	1.41835e-002	0.999899	0.	0.	5.55556e-002	
Time	FPS	Frame	0	51	72	72	51	0.822054	8.93104e-002	0.	0.130901	21.5983	0.	1.42663e-002	0.999898	0.	0.	5.55556e-002	
Time	FPS	Frame	0	51	72	72	51	0.826804	8.92277e-002	0.	0.131892	21.6538	0.	1.4349e-002	0.999897	0.	0.	5.55556e-002	
Time	FPS	Frame	0	52	73	73	52	0.831551	8.9145e-002	0.	0.132887	21.7093	0.	1.44317e-002	0.999896	0.	0.	5.55556e-002	
Time	FPS	Frame	0	52	73	73	52	0.836292	9.0601e-002	0.	0.133886	21.7648	0.	1.45142e-002	0.999895	0.	0.	5.55556e-002	
Time	FPS	Frame	0	52	73	73	52	0.841018	9.05171e-002	0.	0.134893	21.8202	0.	1.45981e-002	0.999893	0.	0.	5.55556e-002	
Time	FPS	Frame	0	52	74	74	52	0.845833	9.04333e-002	0.	0.135905	21.8757	0.	1.4682e-002	0.999892	0.	0.	5.55556e-002	
Time	FPS	Frame	0	53	74	74	52	0.850643	9.03495e-002	0.	0.136921	21.9312	0.	1.47657e-002	0.999891	0.	0.	5.55556e-002	
Time	FPS	Frame	0	53	74	74	53	0.855449	9.17729e-002	0.	0.137942	21.9867	0.	1.48494e-002	0.99989	0.	0.	5.55556e-002	
Time	FPS	Frame	0	53	74	75	53	0.860232	9.16879e-002	0.	0.13897	22.0421	0.	1.49344e-002	0.999888	0.	0.	5.55556e-002	
Time	FPS	Frame	0	53	75	75	53	0.865108	9.1603e-002	0.	0.140003	22.0976	0.	1.50193e-002	0.999887	0.	0.	5.55556e-002	
Time	FPS	Frame	0	53	75	75	53	0.86998	9.15181e-002	0.	0.14104	22.1531	0.	1.51041e-002	0.999886	0.	0.	5.55556e-002	
Time	FPS	Frame	0	54	75	76	53	0.874848	9.29133e-002	0.	0.142082	22.2086	0.	1.51889e-002	0.999885	0.	0.	5.55556e-002	
Time	FPS	Frame	0	54	76	76	54	0.879691	9.28273e-002	0.	0.143132	22.264	0.	1.52749e-002	0.999883	0.	0.	5.55556e-002	
Time	FPS	Frame	0	54	76	76	54	0.884628	9.27413e-002	0.	0.144186	22.3195	0.	1.53609e-002	0.999882	0.	0.	5.55556e-002	
Time	FPS	Frame	0	54	76	77	54	0.88956	9.26554e-002	0.	0.145245	22.375	0.	1.54468e-002	0.999881	0.	0.	5.55556e-002	
Time	FPS	Frame	0	55	77	77	54	0.894488	9.40133e-002	0.	0.146308	22.4305	0.	1.55326e-002	0.999879	0.	0.	5.55556e-002	
Time	FPS	Frame	0	55	77	77	55	0.899395	9.39262e-002	0.	0.14738	22.4859	0.	1.56197e-002	0.999878	0.	0.	5.55556e-002	
Time	FPS	Frame	0	55	77	78	55	0.90439	9.38392e-002	0.	0.148456	22.5414	0.	1.57067e-002	0.999877	0.	0.	5.55556e-002	
Time	FPS	Frame	0	55	78	78	55	0.90938	9.37523e-002	0.	0.149536	22.5969	0.	1.57936e-002	0.999875	0.	0.	5.55556e-002	
Time	FPS	Frame	0	55	78	78	55	0.914366	9.5071e-002	0.	0.150621	22.6523	0.	1.58804e-002	0.999874	0.	0.	5.55556e-002	
Time	FPS	Frame	0	56	78	79	55	0.919339	9.4983e-002	0.	0.151714	22.7078	0.	1.59684e-002	0.999872	0.	0.	5.55556e-002	
Time	FPS	Frame	0	56	79	79	56	0.92439	9.4895e-002	0.	0.152812	22.7633	0.	1.60564e-002	0.999871	0.	0.	5.55556e-002	
Time	FPS	Frame	0	56	79	79	56	0.929437	9.48071e-002	0.	0.153914	22.8188	0.	1.61443e-002	0.99987	0.	0.	5.55556e-002	
Time	FPS	Frame	0	56	79	80	56	0.934478	9.6093e-002	0.	0.155021	22.8742	0.	1.62321e-002	0.999868	0.	0.	5.55556e-002	
Time	FPS	Frame	0	57	80	80	56	0.939519	9.6004e-002	0.	0.156135	22.9297	0.	1.63211e-002	0.999867	0.	0.	5.55556e-002	
Time	FPS	Frame	0	57	80	80	57	0.944624	9.59151e-002	0.	0.157255	22.9852	0.	1.641e-002	0.999865	0.	0.	5.55556e-002	
Time	FPS	Frame	0	57	80	81	57	0.949725	9.58262e-002	0.	0.158379	23.0406	0.	1.64988e-002	0.999864	0.	0.	5.55556e-002	
Time	FPS	Frame	0	57	81	81	57	0.954821	9.70648e-002	0.	0.159508	23.0961	0.	1.65876e-002	0.999862	0.	0.	5.55556e-002	
Time	FPS	Frame	0	57	81	81	57	0.959931	9.69749e-002	0.	0.160644	23.1516	0.	1.66775e-002	0.999861	0.	0.	5.55556e-002	
Time	FPS	Frame	0	58	81	82	58	0.965088	9.68851e-002	0.	0.161785	23.207	0.	1.67673e-002	0.999859	0.	0.	5.55556e-002	
Time	FPS	Frame	0	58	82	82	58	0.97024	9.80792e-002	0.	0.162931	23.2625	0.	1.6857e-002	0.999858	0.	0.	5.55556e-002	
Time	FPS	Frame	0	58	82	82	58	0.975355	9.79883e-002	0.	0.164085	23.318	0.	1.69478e-002	0.999856	0.	0.	5.55556e-002	
Time	FPS	Frame	0	58	82	83	58	0.980565	9.78976e-002	0.	0.165244	23.3734	0.	1.70386e-002	0.999855	0.	0.	5.55556e-002	
Time	FPS	Frame	0	59	83	83	58	0.98577	9.78069e-002	0.	0.166407	23.4289	0.	1.71293e-002	0.999853	0.	0.	5.55556e-002	
Time	FPS	Frame	0	59	83	83	59	0.990971	9.89565e-002	0.	0.167575	23.4844	0.	1.72198e-002	0.999852	0.	0.	5.55556e-002	
Time	FPS	Frame	0	59	83	84	59	0.996159	9.88649e-002	0.	0.168751	23.5398	0.	1.73115e-002	0.99985	0.	0.	5.55556e-002	
Time	FPS	Frame	0	59	84	84	59	1.00142	9.87733e-002	0.	0.169932	23.5953	0.	1.74031e-002	0.999849	0.	0.	5.55556e-002	
Time	FPS	Frame	0	60	84	85	59	1.00667	9.98716e-002	0.	0.171117	23.6508	0.	1.74945e-002	0.999847	0.	0.	5.55556e-002	
Time	FPS	Frame	0	60	84	85	60	1.01187	9.97791e-002	0.	0.17231	23.7062	0.	1.7587e-002	0.999845	0.	0.	5.55556e-002	
Time	FPS	Frame	0	60	85	85	60	1.01717	9.96867e-002	0.	0.173508	23.7617	0.	1.76794e-002	0.999844	0.	0.	5.55556e-002	
Time	FPS	Frame	0	60	85	86	60	1.02247	9.95943e-002	0.	0.174711	23.8172	0.	1.77718e-002	0.999842	0.	0.	5.55556e-002	
Time	FPS	Frame	0	60	86	86	60	1.02777	0.100641	0.	0.175919	23.8726	0.	1.7864e-002	0.99984	0.	0.	5.55556e-002	
Time	FPS	Frame	0	61	86	86	61	1.03304	0.100547	0.	0.177134	23.9281	0.	1.79572e-002	0.999839	0.	0.	5.55556e-002	
Time	FPS	Frame	0	61	86	87	61	1.03839	0.100454	0.	0.178354	23.9836	0.	1.80503e-002	0.999837	0.	0.	5.55556e-002	
Time	FPS	Frame	0	61	87	87	61	1.04373	0.101439	0.	0.17958	24.039	0.	1.81434e-002	0.999835	0.	0.	5.55556e-002	
Time	FPS	Frame	0	61	87	88	61	1.04902	0.101345	0.	0.180812	24.0945	0.	1.82373e-002	0.999834	0.	0.	5.55556e-002	
Time	FPS	Frame	0	62	87	88	62	1.05441	0.101251	0.	0.18205	24.1499	0.	1.83312e-002	0.999832	0.	0.	5.55556e-002	
Time	FPS	Frame	0	62	88	88	62	1.05979	0.102182	0.	0.183292	24.2054	0.	1.8425e-002	0.99983	0.	0.	5.55556e-002	
Time	FPS	Frame	0	62	88	89	62	1.0651	0.102087	0.	0.184542	24.2609	0.	1.85196e-002	0.999828	0.	0.	5.55556e-002	
Time	FPS	Frame	0	62	89	89	62	1.07053	0.101992	0.	0.185797	24.3163	0.	1.86142e-002	0.999827	0.	0.	5.55556e-002	
Time	FPS	Frame	0	63	89	90	63	1.07595	0.101898	0.	0.187057	24.3718	0.	1.87086e-002	0.999825	0.	0.	5.55556e-002	
Time	FPS	Frame	0	63	89	90	63	1.08137	0.102759	0.	0.188322	24.4272	0.	1.8803e-002	0.999823	0.	0.	5.55556e-002	
Time	FPS	Frame	0	63	90	91	63	1.08675	0.102664	0.	0.189594	24.4827	0.	1.88982e-002	0.999821	0.	0.	5.55556e-002	
Time	FPS	Frame	0	63	90	91	63	1.09221	0.102569	0.	0.190871	24.5382	0.	1.89933e-002	0.99982	0.	0.	5.55556e-002	
Time	FPS	Frame	0	64	91	91	64	1.09766	0.103368	0.	0.192153	24.5936	0.	1.90883e-002	0.999818	0.	0.	5.55556e-002	
Time	FPS	Frame	0	64	91	92	64	1.10307	0.103272	0.	0.193442	24.6491	0.	1.9184e-002	0.999816	0.	0.	5.55556e-002	
Time	FPS	Frame	0	64	91	92	64	1.10856	0.103177	0.	0.194736	24.7045	0.	1.92797e-002	0.999814	0.	0.	5.55556e-002	
Time	FPS	Frame	0	64	92	93	64	1.11404	0.103903	0.	0.196036	24.76	0.	1.93752e-002	0.999812	0.	0.	5.55556e-002	
Time	FPS	Frame	0	65	92	93	65	1.11947	0.103806	0.	0.197342	24.8155	0.	1.94715e-002	0.99981	0.	0.	5.55556e-002	
Time	FPS	Frame	0	65	93	94	65	1.12499	0.10371	0.	0.198654	24.8709	0.	1.95676e-002	0.999809	0.	0.	5.55556e-002	
Time	FPS	Frame	0	65	93	94	65	1.1305	0.104356	0.	0.19997	24.9264	0.	1.96637e-002	0.999807	0.	0.	5.55556e-002	
Time	FPS	Frame	0	66	94	95	66	1.13595	0.104259	0.	0.201293	24.9818	0.	1.97603e-002	0.999805	0.	0.	5.55556e-002	
Time	FPS	Frame	0	66	94	95	66	1.1415	0.104163	0.	0.202622	25.0373	0.	1.98569e-002	0.999803	0.	0.	5.55556e-002	
Time	FPS	Frame	0	66	94	95	66	1.14703	0.104737	0.	0.203955	25.0928	0.	1.99534e-002	0.999801	0.	0.	5.55556e-002	
Time	FPS	Frame	0	66	95	96	66	1.15251	0.10464	0.	0.205296	25.1482	0.	2.00504e-002	0.999799	0.	0.	5.55556e-002	
Time	FPS	Frame	0	67	95	96	67	1.15807	0.104543	0.	0.206641	25.2037	0.	2.01473e-002	0.999797	0.	0.	5.55556e-002	
Time	FPS	Frame	0	67	96	97	67	1.16363	0.10503	0.	0.207992	25.2591	0.	2.02441e-002	0.999795	0.	0.	5.55556e-002	
Time	FPS	Frame	0	67	96	97	67	1.16913	0.104932	0.	0.209349	25.3146	0.	2.03414e-002	0.999793	0.	0.	5.55556e-002	
Time	FPS	Frame	0	67	97	98	67	1.17471	0.104835	0.	0.210711	25.37	0.	2.04386e-002	0.999791	0.	0.	5.55556e-002	
Time	FPS	Frame	0	68	97	98	68	1.18028	0.105229	0.	0.212078	25.4255	0.	2.05357e-002	0.999789	0.	0.	5.55556e-002	
Time	FPS	Frame	0	68	98	99	68	1.1858	0.105132	0.	0.213452	25.481	0.	2.06332e-002	0.999787	0.	0.	5.55556e-002	
Time	FPS	Frame	0	68	98	99	68	1.19139	0.105034	0.	0.214831	25.5364	0.	2.07305e-002	0.999785	0.	0.	5.55556e-002	
Time	FPS	Frame	0	68	99	100	69	1.19697	0.10534	0.	0.216215	25.5919	0.	2.08278e-002	0.999783	0.	0.	5.55556e-002	
Time	FPS	Frame	0	69	99	100	69	1.20252	0.105243	0.	0.217605	25.6473	0.	2.09254e-002	0.999781	0.	0.	5.55556e-002	
Time	FPS	Frame	0	69	100	101	69	1.20811	0.105145	0.	0.219	25.7028	0.	2.10229e-002	0.999779	0.	0.	5.55556e-002	
Time	FPS	Frame	0	69	100	102	69	1.2137	0.105344	0.	0.220401	25.7582	0.	2.11203e-002	0.999777	0.	0.	5.55556e-002	
Time	FPS	Frame	0	70	100	102	70	1.21926	0.105246	0.	0.221807	25.8137	0.	2.12179e-002	0.999775	0.	0.	5.55556e-002	
Time	FPS	Frame	0	70	101	103	70	1.22485	0.105149	0.	0.223218	25.8691	0.	2.13153e-002	0.999773	0.	0.	5.55556e-002	
Time	FPS	Frame	0	70	101	103	70	1.23044	0.105252	0.	0.224635	25.9246	0.	2.14127e-002	0.999771	0.	0.	5.55556e-002	
Time	FPS	Frame	0	70	102	104	71	1.23601	0.105154	0.	0.226058	25.9801	0.	2.15102e-002	0.999769	0.	0.	5.55556e-002	
Time	FPS	Frame	0	71	102	104	71	1.2416	0.105144	0.	0.227485	26.0355	0.	2.16076e-002	0.999767	0.	0.	5.55556e-002	
Time	FPS	Frame	0	71	103	105	71	1.24717	0.105046	0.	0.228918	26.091	0.	2.1705e-002	0.999764	0.	0.	5.55556e-002	
Time	FPS	Frame	0	71	104	105	71	1.25276	0.104949	0.	0.230356	26.1464	0.	2.18023e-002	0.999762	0.	0.	5.55556e-002	
Time	FPS	Frame	0	72	104	106	72	1.25833	0.104824	0.	0.231799	26.2019	0.	2.18996e-002	0.99976	0.	0.	5.55556e-002	
Time	FPS	Frame	0	72	105	107	72	1.26391	0.104726	0.	0.233248	26.2573	0.	2.19967e-002	0.999758	0.	0.	5.55556e-002	
Time	FPS	Frame	0	72	105	107	72	1.26948	0.104629	0.	0.234701	26.3128	0.	2.20937e-002	0.999756	0.	0.	5.55556e-002	
Time	FPS	Frame	0	72	106	108	73	1.27504	0.104377	0.	0.23616	26.3682	0.	2.21906e-002	0.999754	0.	0.	5.55556e-002	
Time	FPS	Frame	0	73	106	109	73	1.28061	0.10428	0.	0.237624	26.4237	0.	2.22873e-002	0.999752	0.	0.	5.55556e-002	
Time	FPS	Frame	0	73	107	109	73	1.28615	0.103907	0.	0.239092	26.4791	0.	2.23839e-002	0.999749	0.	0.	5.55556e-002	
Time	FPS	Frame	0	73	107	110	73	1.29173	0.103811	0.	0.240566	26.5346	0.	2.24801e-002	0.999747	0.	0.	5.55556e-002	
Time	FPS	Frame	0	74	108	110	74	1.29725	0.103715	0.	0.242044	26.5901	0.	2.25763e-002	0.999745	0.	0.	5.55556e-002	
Time	FPS	Frame	0	74	109	111	74	1.30276	0.103197	0.	0.243528	26.6455	0.	2.26724e-002	0.999743	0.	0.	5.55556e-002	
Time	FPS	Frame	0	74	109	112	74	1.30832	0.103101	0.	0.245015	26.701	0.	2.2768e-002	0.999741	0.	0.	5.55556e-002	
Time	FPS	Frame	0	75	110	112	75	1.3138	0.102452	0.	0.246508	26.7564	0.	2.28635e-002	0.999739	0.	0.	5.55556e-002	
Time	FPS	Frame	0	75	110	113	75	1.31936	0.102358	0.	0.248005	26.8119	0.	2.29584e-002	0.999736	0.	0.	5.55556e-002	
Time	FPS	Frame	0	75	111	114	75	1.3248	0.102263	0.	0.249506	26.8673	0.	2.30532e-002	0.999734	0.	0.	5.55556e-002	
Time	FPS	Frame	0	75	112	115	76	1.33023	0.10146	0.	0.251013	26.9228	0.	2.3148e-002	0.999732	0.	0.	5.55556e-002	
Time	FPS	Frame	0	76	112	115	76	1.33575	0.101366	0.	0.252523	26.9782	0.	2.3242e-002	0.99973	0.	0.	5.55556e-002	
Time	FPS	Frame	0	76	113	116	76	1.34114	0.100435	0.	0.254039	27.0337	0.	2.33359e-002	0.999728	0.	0.	5.55556e-002	
Time	FPS	Frame	0	76	113	117	77	1.34665	0.100342	0.	0.255557	27.0892	0.	2.34289e-002	0.999726	0.	0.	5.55556e-002	
Time	FPS	Frame	0	77	114	118	77	1.35198	9.9359e-002	0.	0.257081	27.1446	0.	2.35219e-002	0.999723	0.	0.	5.55556e-002	
Time	FPS	Frame	0	77	115	118	77	1.35747	9.92669e-002	0.	0.258607	27.2001	0.	2.36139e-002	0.999721	0.	0.	5.55556e-002	
Time	FPS	Frame	0	77	115	119	78	1.36274	9.91749e-002	0.	0.260138	27.2555	0.	2.37059e-002	0.999719	0.	0.	5.55556e-002	
Time	FPS	Frame	0	78	116	120	78	1.36802	9.81486e-002	0.	0.261674	27.311	0.	2.37978e-002	0.999717	0.	0.	5.55556e-002	
Time	FPS	Frame	0	78	117	121	78	1.37342	9.80577e-002	0.	0.263213	27.3664	0.	2.38887e-002	0.999715	0.	0.	5.55556e-002	
Time	FPS	Frame	0	78	118	122	79	1.37863	9.69789e-002	0.	0.264757	27.4219	0.	2.39796e-002	0.999712	0.	0.	5.55556e-002	
Time	FPS	Frame	0	79	118	123	79	1.38399	9.6889e-002	0.	0.266304	27.4774	0.	2.40694e-002	0.99971	0.	0.	5.55556e-002	
Time	FPS	Frame	0	79	119	124	79	1.38915	9.57663e-002	0.	0.267855	27.5328	0.	2.41592e-002	0.999708	0.	0.	5.55556e-002	
Time	FPS	Frame	0	79	120	125	80	1.39447	9.56775e-002	0.	0.269409	27.5883	0.	2.42479e-002	0.999706	0.	0.	5.55556e-002	
Time	FPS	Frame	0	80	120	126	80	1.39956	9.44991e-002	0.	0.270967	27.6437	0.	2.43366e-002	0.999704	0.	0.	5.55556e-002	
Time	FPS	Frame	0	80	121	127	80	1.40485	9.44115e-002	0.	0.272528	27.6992	0.	2.44241e-002	0.999702	0.	0.	5.55556e-002	
Time	FPS	Frame	0	80	122	128	81	1.40987	9.31812e-002	0.	0.274094	27.7546	0.	2.45116e-002	0.9997	0.	0.	5.55556e-002	
Time	FPS	Frame	0	81	123	129	81	1.41511	9.30949e-002	0.	0.275661	27.8101	0.	2.4598e-002	0.999697	0.	0.	5.55556e-002	
Time	FPS	Frame	0	81	124	130	81	1.42007	9.18056e-002	0.	0.277234	27.8656	0.	2.46842e-002	0.999695	0.	0.	5.55556e-002	
Time	FPS	Frame	0	81	124	131	82	1.42526	9.17205e-002	0.	0.278808	27.921	0.	2.47693e-002	0.999693	0.	0.	5.55556e-002	
Time	FPS	Frame	0	82	125	132	82	1.43014	9.03734e-002	0.	0.280387	27.9765	0.	2.48543e-002	0.999691	0.	0.	5.55556e-002	
Time	FPS	Frame	0	82	126	133	82	1.43529	9.02896e-002	0.	0.281967	28.032	0.	2.4938e-002	0.999689	0.	0.	5.55556e-002	
Time	FPS	Frame	0	82	127	134	83	1.44009	8.88785e-002	0.	0.283552	28.0874	0.	2.50217e-002	0.999687	0.	0.	5.55556e-002	
Time	FPS	Frame	0	83	128	136	83	1.44518	8.87961e-002	0.	0.285138	28.1429	0.	2.51041e-002	0.999685	0.	0.	5.55556e-002	
Time	FPS	Frame	0	83	129	137	84	1.4499	8.73242e-002	0.	0.286729	28.1983	0.	2.51864e-002	0.999683	0.	0.	5.55556e-002	
Time	FPS	Frame	0	83	130	138	84	1.45493	8.72432e-002	0.	0.288321	28.2538	0.	2.52673e-002	0.999681	0.	0.	5.55556e-002	
Time	FPS	Frame	0	84	131	140	84	1.45957	8.57028e-002	0.	0.289918	28.3093	0.	2.53481e-002	0.999679	0.	0.	5.55556e-002	
Time	FPS	Frame	0	84	132	141	85	1.46453	8.56233e-002	0.	0.291516	28.3647	0.	2.54276e-002	0.999677	0.	0.	5.55556e-002	
Time	FPS	Frame	0	85	133	143	85	1.46909	8.40177e-002	0.	0.293117	28.4202	0.	2.55069e-002	0.999675	0.	0.	5.55556e-002	
Time	FPS	Frame	0	85	134	145	85	1.47398	8.39398e-002	0.	0.29472	28.4757	0.	2.55848e-002	0.999673	0.	0.	5.55556e-002	
Time	FPS	Frame	0	85	135	146	86	1.47844	8.22497e-002	0.	0.296327	28.5311	0.	2.56626e-002	0.999671	0.	0.	5.55556e-002	
Time	FPS	Frame	0	86	136	148	86	1.48325	8.21735e-002	0.	0.297934	28.5866	0.	2.57388e-002	0.999669	0.	0.	5.55556e-002	
Time	FPS	Frame	0	86	137	150	87	1.48762	8.04156e-002	0.	0.299546	28.6421	0.	2.5815e-002	0.999667	0.	0.	5.55556e-002	
Time	FPS	Frame	0	86	138	152	87	1.49234	7.85763e-002	0.	0.301158	28.6975	0.	2.58895e-002	0.999665	0.	0.	5.55556e-002	
Time	FPS	Frame	0	87	139	154	87	1.49706	7.85034e-002	0.	0.30277	28.753	0.	2.59624e-002	0.999663	0.	0.	5.55556e-002	
Time	FPS	Frame	0	87	140	156	88	1.50124	7.65807e-002	0.	0.304385	28.8085	0.	2.60352e-002	0.999661	0.	0.	5.55556e-002	
Time	FPS	Frame	0	88	142	159	88	1.50586	7.65097e-002	0.	0.306001	28.8639	0.	2.61061e-002	0.999659	0.	0.	5.55556e-002	
Time	FPS	Frame	0	88	143	161	89	1.50994	7.44983e-002	0.	0.30762	28.9194	0.	2.61771e-002	0.999657	0.	0.	5.55556e-002	
Time	FPS	Frame	0	88	144	164	89	1.51445	7.23934e-002	0.	0.309239	28.9749	0.	2.62461e-002	0.999656	0.	0.	5.55556e-002	
Time	FPS	Frame	0	89	145	166	89	1.51896	7.23263e-002	0.	0.310857	29.0304	0.	2.63133e-002	0.999654	0.	0.	5.55556e-002	
Time	FPS	Frame	0	89	147	169	90	1.52281	7.01292e-002	0.	0.312479	29.0858	0.	2.63803e-002	0.999652	0.	0.	5.55556e-002	
Time	FPS	Frame	0	89	148	172	90	1.52719	7.00642e-002	0.	0.3141	29.1413	0.	2.64453e-002	0.99965	0.	0.	5.55556e-002	
Time	FPS	Frame	0	90	150	175	91	1.53092	6.77689e-002	0.	0.315724	29.1968	0.	2.65103e-002	0.999649	0.	0.	5.55556e-002	
Time	FPS	Frame	0	90	151	177	91	1.53516	6.5369e-002	0.	0.317346	29.2523	0.	2.65732e-002	0.999647	0.	0.	5.55556e-002	
Time	FPS	Frame	0	91	153	180	92	1.53938	6.53083e-002	0.	0.318967	29.3078	0.	2.66338e-002	0.999645	0.	0.	5.55556e-002	
Time	FPS	Frame	0	91	154	183	92	1.54286	6.27997e-002	0.	0.320591	29.3632	0.	2.66943e-002	0.999644	0.	0.	5.55556e-002	
Time	FPS	Frame	0	92	156	185	92	1.54692	6.01791e-002	0.	0.322213	29.4187	0.	2.67526e-002	0.999642	0.	0.	5.55556e-002	
Time	FPS	Frame	0	92	158	188	93	1.55095	6.01233e-002	0.	0.323832	29.4742	0.	2.68084e-002	0.999641	0.	0.	5.55556e-002	
Time	FPS	Frame	0	92	159	190	93	1.55415	5.73832e-002	0.	0.325454	29.5297	0.	2.68642e-002	0.999639	0.	0.	5.55556e-002	
Time	FPS	Frame	0	93	161	192	94	1.55799	5.45213e-002	0.	0.327073	29.5852	0.	2.69174e-002	0.999638	0.	0.	5.55556e-002	
Time	FPS	Frame	0	93	163	195	94	1.56179	5.15263e-002	0.	0.328689	29.6407	0.	2.6968e-002	0.999636	0.	0.	5.55556e-002	
Time	FPS	Frame	0	94	165	197	95	1.56554	5.14785e-002	0.	0.330301	29.6962	0.	2.70158e-002	0.999635	0.	0.	5.55556e-002	
Time	FPS	Frame	0	94	166	199	95	1.56828	4.83494e-002	0.	0.331916	29.7516	0.	2.70635e-002	0.999634	0.	0.	5.55556e-002	
Time	FPS	Frame	0	95	168	201	96	1.5718	4.50867e-002	0.	0.333526	29.8071	0.	2.71084e-002	0.999633	0.	0.	5.55556e-002	
Time	FPS	Frame	0	95	170	203	96	1.57526	4.16763e-002	0.	0.335132	29.8626	0.	2.71502e-002	0.999631	0.	0.	5.55556e-002	
Time	FPS	Frame	0	95	172	205	97	1.57863	3.81152e-002	0.	0.336733	29.9181	0.	2.71889e-002	0.99963	0.	0.	5.55556e-002	
Time	FPS	Frame	0	96	174	207	97	1.58192	3.80798e-002	0.	0.338327	29.9736	0.	2.72243e-002	0.999629	0.	0.	5.55556e-002	
Time	FPS	Frame	0	96	176	208	98	1.58395	3.43496e-002	0.	0.339924	30.0291	0.	2.72596e-002	0.999628	0.	0.	5.55556e-002	
Time	FPS	Frame	0	97	178	210	98	1.58695	3.04639e-002	0.	0.341514	30.0847	0.	2.72915e-002	0.999628	0.	0.	5.55556e-002	
Time	FPS	Frame	0	97	180	212	99	1.58984	2.63995e-002	0.	0.343098	30.1402	0.	2.73198e-002	0.999627	0.	0.	5.55556e-002	
Time	FPS	Frame	0	98	181	213	99	1.5926	2.21643e-002	0.	0.344674	30.1957	0.	2.73443e-002	0.999626	0.	0.	5.55556e-002	
Time	FPS	Frame	0	98	183	215	100	1.59523	1.77302e-002	0.	0.346242	30.2512	0.	2.73649e-002	0.999626	0.	0.	5.55556e-002	
Time	FPS	Frame	0	99	185	217	100	1.59772	1.31196e-002	0.	0.347802	30.3067	0.	2.73814e-002	0.999625	0.	0.	5.55556e-002	
Time	FPS	Frame	0	99	187	218	101	1.60005	8.27739e-003	0.	0.349352	30.3622	0.	2.73935e-002	0.999625	0.	0.	5.55556e-002	
Time	FPS	Frame	0	100	188	220	101	1.60221	3.25373e-003	0.	0.350892	30.4178	0.	2.74012e-002	0.999625	0.	0.	5.55556e-002	
Time	FPS	Frame	0	100	190	221	102	1.60416	2.00257e-003	0.	0.352422	30.4733	0.	2.74042e-002	0.999624	0.	0.	5.55556e-002	
Time	FPS	Frame	0	101	192	223	102	1.60592	7.48808e-003	0.	0.35394	30.5288	0.	2.74024e-002	0.999624	0.	0.	5.55556e-002	
Time	FPS	Frame	0	101	193	224	103	1.60744	1.31989e-002	0.	0.355445	30.5844	0.	2.73954e-002	0.999625	0.	0.	5.55556e-002	
Time	FPS	Frame	0	102	195	225	103	1.60872	1.91581e-002	0.	0.356937	30.6399	0.	2.73831e-002	0.999625	0.	0.	5.55556e-002	
Time	FPS	Frame	0	102	196	227	104	1.60972	2.53705e-002	0.	0.358415	30.6954	0.	2.73653e-002	0.999625	0.	0.	5.55556e-002	
Time	FPS	Frame	0	103	198	228	105	1.61043	3.86052e-002	0.	0.359878	30.7509	0.	2.73417e-002	0.999626	0.	0.	5.55556e-002	
Time	FPS	Frame	0	103	200	229	105	1.61291	4.56194e-002	0.	0.36131	30.8064	0.	2.73058e-002	0.999627	0.	0.	5.55556e-002	
Time	FPS	Frame	0	104	201	230	106	1.61294	5.29247e-002	0.	0.362724	30.8619	0.	2.72633e-002	0.999628	0.	0.	5.55556e-002	
Time	FPS	Frame	0	104	202	232	106	1.61258	6.05217e-002	0.	0.364119	30.9174	0.	2.7214e-002	0.99963	0.	0.	5.55556e-002	
Time	FPS	Frame	0	105	204	233	107	1.61179	7.66709e-002	0.	0.365494	30.9729	0.	2.71577e-002	0.999631	0.	0.	5.55556e-002	
Time	FPS	Frame	0	105	205	234	107	1.61285	8.51868e-002	0.	0.366829	31.0284	0.	2.70862e-002	0.999633	0.	0.	5.55556e-002	
Time	FPS	Frame	0	106	207	235	108	1.61101	0.103264	0.	0.368141	31.0839	0.	2.70068e-002	0.999635	0.	0.	5.55556e-002	
Time	FPS	Frame	0	106	208	236	109	1.61106	0.112753	0.	0.369407	31.1393	0.	2.69105e-002	0.999638	0.	0.	5.55556e-002	
Time	FPS	Frame	0	107	209	237	109	1.60789	0.132839	0.	0.370647	31.1948	0.	2.68052e-002	0.999641	0.	0.	5.55556e-002	
Time	FPS	Frame	0	107	211	239	110	1.60649	0.143315	0.	0.371835	31.2502	0.	2.66812e-002	0.999644	0.	0.	5.55556e-002	
Time	FPS	Frame	0	108	212	240	111	1.60167	0.165416	0.	0.372992	31.3056	0.	2.65473e-002	0.999648	0.	0.	5.55556e-002	
Time	FPS	Frame	0	109	213	241	111	1.59829	0.188857	0.	0.374091	31.3611	0.	2.63926e-002	0.999652	0.	0.	5.55556e-002	
Time	FPS	Frame	0	109	215	242	112	1.59369	0.213509	0.	0.375128	31.4165	0.	2.62159e-002	0.999656	0.	0.	5.55556e-002	
Time	FPS	Frame	0	110	216	243	113	1.58763	0.22618	0.	0.376099	31.4718	0.	2.60159e-002	0.999662	0.	0.	5.55556e-002	
Time	FPS	Frame	0	110	217	244	113	1.57802	0.252561	0.	0.37703	31.5272	0.	2.5804e-002	0.999667	0.	0.	5.55556e-002	
Time	FPS	Frame	0	111	218	245	114	1.56866	0.279783	0.	0.377889	31.5826	0.	2.55671e-002	0.999673	0.	0.	5.55556e-002	
Time	FPS	Frame	0	112	219	246	115	1.55726	0.307773	0.	0.378672	31.6379	0.	2.53045e-002	0.99968	0.	0.	5.55556e-002	
Time	FPS	Frame	0	112	220	247	116	1.54366	0.350674	0.	0.379376	31.6932	0.	2.50153e-002	0.999687	0.	0.	5.55556e-002	
Time	FPS	Frame	0	113	222	248	116	1.52801	0.37925	0.	0.379965	31.7485	0.	2.46855e-002	0.999695	0.	0.	5.55556e-002	
Time	FPS	Frame	0	114	223	249	117	1.50921	0.407432	0.	0.38047	31.8037	0.	2.43285e-002	0.999704	0.	0.	5.55556e-002	
Time	FPS	Frame	0	114	224	249	118	1.48804	0.43508	0.	0.380891	31.859	0.	2.39448e-002	0.999713	0.	0.	5.55556e-002	
Time	FPS	Frame	0	115	225	250	119	1.46457	0.47472	0.	0.381227	31.9142	0.	2.35349e-002	0.999723	0.	0.	5.55556e-002	
Time	FPS	Frame	0	116	226	251	120	1.43765	0.499137	0.	0.381449	31.9694	0.	2.30874e-002	0.999733	0.	0.	5.55556e-002	
Time	FPS	Frame	0	116	227	252	120	1.41	0.521682	0.	0.38159	32.0245	0.	2.26168e-002	0.999744	0.	0.	5.55556e-002	
Time	FPS	Frame	0	117	228	253	121	1.38089	0.542413	0.	0.381654	32.0797	0.	2.21249e-002	0.999755	0.	0.	5.55556e-002	
Time	FPS	Frame	0	118	229	254	122	1.35058	0.560795	0.	0.381644	32.1348	0.	2.16136e-002	0.999766	0.	0.	5.55556e-002	
Time	FPS	Frame	0	118	230	255	123	1.31942	0.58614	0.	0.381564	32.1899	0.	2.1085e-002	0.999778	0.	0.	5.55556e-002	
Time	FPS	Frame	0	119	231	255	124	1.28596	0.602008	0.	0.381397	32.245	0.	2.05329e-002	0.999789	0.	0.	5.55556e-002	
Time	FPS	Frame	0	120	232	256	125	1.25329	0.61721	0.	0.381164	32.3001	0.	1.9966e-002	0.999801	0.	0.	5.55556e-002	
Time	FPS	Frame	0	121	233	257	126	1.21996	0.63174	0.	0.380866	32.3552	0.	1.9385e-002	0.999812	0.	0.	5.55556e-002	
Time	FPS	Frame	0	121	234	258	127	1.18604	0.645652	0.	0.380503	32.4103	0.	1.87904e-002	0.999823	0.	0.	5.55556e-002	
Time	FPS	Frame	0	122	235	259	128	1.15159	0.651972	0.	0.380077	32.4653	0.	1.81831e-002	0.999835	0.	0.	5.55556e-002	
Time	FPS	Frame	0	123	236	259	129	1.11811	0.664959	0.	0.379602	32.5204	0.	1.75698e-002	0.999846	0.	0.	5.55556e-002	
Time	FPS	Frame	0	124	237	260	130	1.08273	0.677129	0.	0.379065	32.5754	0.	1.69446e-002	0.999856	0.	0.	5.55556e-002	
Time	FPS	Frame	0	125	238	261	131	1.04704	0.688686	0.	0.378467	32.6305	0.	1.63082e-002	0.999867	0.	0.	5.55556e-002	
Time	FPS	Frame	0	126	239	262	132	1.01108	0.699583	0.	0.377808	32.6855	0.	1.56613e-002	0.999877	0.	0.	5.55556e-002	
Time	FPS	Frame	0	126	240	263	133	0.97488	0.704522	0.	0.377089	32.7405	0.	1.50043e-002	0.999887	0.	0.	5.55556e-002	
Time	FPS	Frame	0	127	241	263	134	0.939497	0.714541	0.	0.376323	32.7955	0.	1.43428e-002	0.999897	0.	0.	5.55556e-002	
Time	FPS	Frame	0	128	242	264	136	0.902808	0.723752	0.	0.375498	32.8505	0.	1.36721e-002	0.999907	0.	0.	5.55556e-002	
Time	FPS	Frame	0	129	242	265	137	0.866034	0.727894	0.	0.374617	32.9055	0.	1.29931e-002	0.999916	0.	0.	5.55556e-002	
Time	FPS	Frame	0	130	243	265	138	0.82992	0.736373	0.	0.373689	32.9605	0.	1.23103e-002	0.999924	0.	0.	5.55556e-002	
Time	FPS	Frame	0	131	244	266	140	0.792811	0.739955	0.	0.372705	33.0155	0.	1.16198e-002	0.999932	0.	0.	5.55556e-002	
Time	FPS	Frame	0	132	245	267	141	0.756338	0.747555	0.	0.371675	33.0705	0.	1.09261e-002	0.99994	0.	0.	5.55556e-002	
Time	FPS	Frame	0	133	246	267	143	0.719008	0.750763	0.	0.37059	33.1254	0.	1.02255e-002	0.999948	0.	0.	5.55556e-002	
Time	FPS	Frame	0	134	247	268	144	0.682216	0.75743	0.	0.36946	33.1804	0.	9.52202e-003	0.999955	0.	0.	5.55556e-002	
Time	FPS	Frame	0	135	247	269	146	0.644748	0.76023	0.	0.368277	33.2354	0.	8.81259e-003	0.999961	0.	0.	5.55556e-002	
Time	FPS	Frame	0	136	248	269	148	0.607705	0.762947	0.	0.367049	33.2903	0.	8.10056e-003	0.999967	0.	0.	5.55556e-002	
Time	FPS	Frame	0	137	249	270	150	0.570544	0.768635	0.	0.365775	33.3453	0.	7.38618e-003	0.999973	0.	0.	5.55556e-002	
Time	FPS	Frame	0	139	250	271	152	0.532863	0.770826	0.	0.364451	33.4002	0.	6.66667e-003	0.999978	0.	0.	5.55556e-002	
Time	FPS	Frame	0	140	250	271	154	0.495533	0.773007	0.	0.363082	33.4552	0.	5.94528e-003	0.999982	0.	0.	5.55556e-002	
Time	FPS	Frame	0	141	251	272	156	0.458108	0.777784	0.	0.361668	33.5101	0.	5.22188e-003	0.999986	0.	0.	5.55556e-002	
Time	FPS	Frame	0	142	252	273	158	0.420304	0.779458	0.	0.360205	33.5651	0.	4.49433e-003	0.99999	0.	0.	5.55556e-002	
Time	FPS	Frame	0	143	253	273	161	0.382758	0.781161	0.	0.358699	33.62	0.	3.76534e-003	0.999993	0.	0.	5.55556e-002	
Time	FPS	Frame	0	145	253	274	163	0.345138	0.782824	0.	0.357149	33.675	0.	3.03482e-003	0.999995	0.	0.	5.55556e-002	
Time	FPS	Frame	0	146	254	275	166	0.307454	0.78422	0.	0.355555	33.7299	0.	2.30286e-003	0.999997	0.	0.	5.55556e-002	
Time	FPS	Frame	0	148	255	275	169	0.269735	0.787617	0.	0.353918	33.7848	0.	1.56975e-003	0.999999	0.	0.	5.55556e-002	
Time	FPS	Frame	0	149	256	276	171	0.231803	0.788695	0.	0.352234	33.8398	0.	8.33689e-004	1.	0.	0.	5.55556e-002	
Time	FPS	Frame	0	150	256	276	174	0.19401	0.789709	0.	0.350507	33.8947	0.	9.66353e-005	1.	0.	0.	5.55556e-002	
Time	FPS	Frame	0	152	257	277	177	0.156181	0.790685	0.	0.348738	33.9496	0.	-6.41135e-004	1.	0.	0.	5.55556e-002	
Time	FPS	Frame	0	154	258	277	180	0.118319	0.791581	0.	0.346926	34.0046	0.	-1.37979e-003	0.999999	0.	0.	5.55556e-002	
Time	FPS	Frame	0	155	258	278	182	8.04286e-002	0.792289	0.	0.345072	34.0595	0.	-2.11917e-003	0.999998	0.	0.	5.55556e-002	
Time	FPS	Frame	0	157	259	279	185	4.25209e-002	0.792907	0.	0.343176	34.1144	0.	-2.85908e-003	0.999996	0.	0.	5.55556e-002	
Time	FPS	Frame	0	159	260	279	187	4.59624e-003	0.793557	0.	0.341238	34.1693	0.	-3.5995e-003	0.999994	0.	0.	5.55556e-002	
Time	FPS	Frame	0	160	260	280	190	3.33503e-002	0.794004	0.	0.339258	34.2242	0.	-4.3404e-003	0.999991	0.	0.	5.55556e-002	
Time	FPS	Frame	0	162	261	280	192	7.1304e-002	0.794339	0.	0.337237	34.2792	0.	-5.08159e-003	0.999987	0.	0.	5.55556e-002	
Time	FPS	Frame	0	164	262	281	194	0.109263	0.794675	0.	0.335174	34.3341	0.	-5.82306e-003	0.999983	0.	0.	5.55556e-002	
Time	FPS	Frame	0	166	262	281	196	0.147231	0.794823	0.	0.333071	34.389	0.	-6.56472e-003	0.999978	0.	0.	5.55556e-002	
Time	FPS	Frame	0	168	263	282	199	0.185197	0.794971	0.	0.330926	34.4439	0.	-7.3064e-003	0.999973	0.	0.	5.55556e-002	
Time	FPS	Frame	0	170	264	282	201	0.223165	0.795153	0.	0.328741	34.4988	0.	-8.04813e-003	0.999968	0.	0.	5.55556e-002	
Time	FPS	Frame	0	172	264	283	203	0.261135	0.795016	0.	0.326514	34.5537	0.	-8.78996e-003	0.999961	0.	0.	5.55556e-002	
Time	FPS	Frame	0	174	265	284	205	0.299095	0.794955	0.	0.324248	34.6086	0.	-9.53149e-003	0.999955	0.	0.	5.55556e-002	
Time	FPS	Frame	0	176	265	284	206	0.337049	0.794816	0.	0.321941	34.6635	0.	-1.02729e-002	0.999947	0.	0.	5.55556e-002	
Time	FPS	Frame	0	177	266	285	208	0.374995	0.794504	0.	0.319594	34.7184	0.	-1.10141e-002	0.999939	0.	0.	5.55556e-002	
Time	FPS	Frame	0	179	267	285	210	0.412928	0.794285	0.	0.317207	34.7733	0.	-1.1755e-002	0.999931	0.	0.	5.55556e-002	
Time	FPS	Frame	0	181	267	286	212	0.450848	0.793544	0.	0.314781	34.8282	0.	-1.24955e-002	0.999922	0.	0.	5.55556e-002	
Time	FPS	Frame	0	183	268	286	213	0.488754	0.793045	0.	0.312315	34.8831	0.	-1.32353e-002	0.999912	0.	0.	5.55556e-002	
Time	FPS	Frame	0	185	268	287	215	0.526642	0.792626	0.	0.30981	34.938	0.	-1.39746e-002	0.999902	0.	0.	5.55556e-002	
Time	FPS	Frame	0	187	269	287	217	0.564513	0.792118	0.	0.307265	34.9929	0.	-1.47134e-002	0.999892	0.	0.	5.55556e-002	
Time	FPS	Frame	0	189	269	288	218	0.602363	0.791523	0.	0.304681	35.0478	0.	-1.54517e-002	0.999881	0.	0.	5.55556e-002	
Time	FPS	Frame	0	190	270	288	220	0.64019	0.790867	0.	0.302058	35.1027	0.	-1.61893e-002	0.999869	0.	0.	5.55556e-002	
Time	FPS	Frame	0	192	271	289	221	0.677994	0.79013	0.	0.299397	35.1576	0.	-1.69261e-002	0.999857	0.	0.	5.55556e-002	
Time	FPS	Frame	0	194	271	289	223	0.715772	0.789448	0.	0.296696	35.2125	0.	-1.76623e-002	0.999844	0.	0.	5.55556e-002	
Time	FPS	Frame	0	195	272	290	224	0.753524	0.788688	0.	0.293957	35.2674	0.	-1.83978e-002	0.999831	0.	0.	5.55556e-002	
Time	FPS	Frame	0	197	272	290	225	0.791248	0.787808	0.	0.291179	35.3223	0.	-1.91325e-002	0.999817	0.	0.	5.55556e-002	
Time	FPS	Frame	0	199	273	290	227	0.82894	0.787019	0.	0.288363	35.3772	0.	-1.98663e-002	0.999803	0.	0.	5.55556e-002	
Time	FPS	Frame	0	200	273	291	228	0.866602	0.786286	0.	0.285509	35.4321	0.	-2.05993e-002	0.999788	0.	0.	5.55556e-002	
Time	FPS	Frame	0	202	274	291	229	0.904235	0.785285	0.	0.282616	35.4869	0.	-2.13316e-002	0.999772	0.	0.	5.55556e-002	
Time	FPS	Frame	0	203	274	292	231	0.941829	0.784288	0.	0.279685	35.5418	0.	-2.20628e-002	0.999757	0.	0.	5.55556e-002	
Time	FPS	Frame	0	205	275	292	232	0.979388	0.783266	0.	0.276717	35.5967	0.	-2.27931e-002	0.99974	0.	0.	5.55556e-002	
Time	FPS	Frame	0	206	275	293	233	1.01691	0.782536	0.	0.273711	35.6516	0.	-2.35223e-002	0.999723	0.	0.	5.55556e-002	
Time	FPS	Frame	0	207	276	293	234	1.0544	0.781393	0.	0.270666	35.7065	0.	-2.42508e-002	0.999706	0.	0.	5.55556e-002	
Time	FPS	Frame	0	209	276	294	236	1.09184	0.78031	0.	0.267585	35.7613	0.	-2.49782e-002	0.999688	0.	0.	5.55556e-002	
Time	FPS	Frame	0	210	277	294	237	1.12925	0.779583	0.	0.264465	35.8162	0.	-2.57045e-002	0.99967	0.	0.	5.55556e-002	
Time	FPS	Frame	0	212	277	295	238	1.16663	0.778402	0.	0.261308	35.8711	0.	-2.64301e-002	0.999651	0.	0.	5.55556e-002	
Time	FPS	Frame	0	213	278	295	239	1.20395	0.7772	0.	0.258113	35.926	0.	-2.71546e-002	0.999631	0.	0.	5.55556e-002	
Time	FPS	Frame	0	214	278	296	240	1.24123	0.776477	0.	0.254882	35.9808	0.	-2.78778e-002	0.999611	0.	0.	5.55556e-002	
Time	FPS	Frame	0	216	279	296	241	1.27849	0.775087	0.	0.251612	36.0357	0.	-2.86004e-002	0.999591	0.	0.	5.55556e-002	
Time	FPS	Frame	0	217	279	296	242	1.31567	0.773806	0.	0.248306	36.0906	0.	-2.93216e-002	0.99957	0.	0.	5.55556e-002	
Time	FPS	Frame	0	218	280	297	243	1.35281	0.773086	0.	0.244964	36.1454	0.	-3.00415e-002	0.999549	0.	0.	5.55556e-002	
Time	FPS	Frame	0	219	280	297	244	1.38994	0.771739	0.	0.241583	36.2003	0.	-3.07607e-002	0.999527	0.	0.	5.55556e-002	
Time	FPS	Frame	0	220	281	298	245	1.42698	0.770261	0.	0.238166	36.2552	0.	-3.14786e-002	0.999504	0.	0.	5.55556e-002	
Time	FPS	Frame	0	222	281	298	246	1.46397	0.769544	0.	0.234713	36.31	0.	-3.21951e-002	0.999482	0.	0.	5.55556e-002	
Time	FPS	Frame	0	223	282	299	247	1.50096	0.768146	0.	0.231223	36.3649	0.	-3.29109e-002	0.999458	0.	0.	5.55556e-002	
Time	FPS	Frame	0	224	282	299	248	1.53785	0.767431	0.	0.227696	36.4198	0.	-3.36253e-002	0.999435	0.	0.	5.55556e-002	
Time	FPS	Frame	1	225	-1	299	249	1.57477	0.765927	0.	0.224132	36.4746	0.	-3.4339e-002	0.99941	0.	0.	5.55556e-002	
Time	FPS	Frame	1	225	-1	299	249	1.57469	0.765927	0.	0.224132	36.4746	0.	-3.4339e-002	0.99941	0.	0.	0.	
Time	FPS	Frame	1	225	-1	299	249	1.57469	0.765927	0.	0.224132	36.4746	0.	-3.4339e-002	0.99941	0.	0.	0.	
Time	FPS	Frame	1	225	-1	299	249	1.57469	0.765927	0.	0.224132	36.4746	0.	-3.4339e-002	0.99941	0.	0.	0.	
Time	FPS	Frame	1	225	-1	299	249	1.57469	0.765927	0.	0.224132	36.4746	0.	-3.4339e-002	0.99941	0.	0.	0.	
Time	FPS	Frame	1	225	-1	299	249	1.57469	0.765927	0.	0.224132	36.4746	0.	-3.4339e-002	0.99941	0.	0.	0.	
Time	FPS	Frame	1	225	-1	299	249	1.57469	0.765927	0.	0.224132	36.4746	0.	-3.4339e-002	0.99941	0.	0.	0.	
Time	FPS	Frame	1	225	-1	299	249	1.57469	0.765927	0.	0.224132	36.4746	0.	-3.4339e-002	0.99941	0.	0.	0.	
Time	FPS	Frame	1	225	-1	299	249	1.57469	0.765927	0.	0.224132	36.4746	0.	-3.4339e-002	0.99941	0.	0.	0.	
Time	FPS	Frame	1	225	-1	299	249	1.57469	0.765927	0.	0.224132	36.4746	0.	-3.4339e-002	0.99941	0.	0.	0.	
Time	FPS	Frame	1	225	-1	299	249	1.57469	0.765927	0.	0.224132	36.4746	0.	-3.4339e-002	0.99941	0.	0.	0.	
Time	FPS	Frame	1	225	-1	299	249	1.57469	0.765927	0.	0.224132	36.4746	0.	-3.4339e-002	0.99941	0.	0.	0.	
Time	FPS	Frame	1	225	-1	299	249	1.57469	0.765927	0.	0.224132	36.4746	0.	-3.4339e-002	0.99941	0.	0.	0.	
Time	FPS	Frame	1	225	-1	299	249	1.57469	0.765927	0.	0.224132	36.4746	0.	-3.4339e-002	0.99941	0.	0.	0.	
Time	FPS	Frame	1	225	-1	299	249	1.57469	0.765927	0.	0.224132	36.4746	0.	-3.4339e-002	0.99941	0.	0.	0.	
Time	FPS	Frame	1	225	-1	299	249	1.57469	0.765927	0.	0.224132	36.4746	0.	-3.4339e-002	0.99941	0.	0.	0.	
Time	FPS	Frame	1	225	-1	299	249	1.57469	0.765927	0.	0.224132	36.4746	0.	-3.4339e-002	0.99941	0.	0.	0.	
Time	FPS	Frame	1	225	-1	299	249	1.57469	0.765927	0.	0.224132	36.4746	0.	-3.4339e-002	0.99941	0.	0.	0.	
Time	FPS	Frame	1	225	-1	299	249	1.57469	0.765927	0.	0.224132	36.4746	0.	-3.4339e-002	0.99941	0.	0.	0.	
Time	FPS	Frame	1	225	-1	299	249	1.57469	0.765927	0.	0.224132	36.4746	0.	-3.4339e-002	0.99941	0.	0.	0.	
Time	FPS	Frame	1	225	-1	299	249	1.57469	0.765927	0.	0.224132	36.4746	0.	-3.4339e-002	0.99941	0.	0.	0.	
Time	FPS	Frame	1	225	-1	299	249	1.57469	0.765927	0.	0.224132	36.4746	0.	-3.4339e-002	0.99941	0.	0.	0.	
Time	FPS	Frame	1	225	-1	299	249	1.57469	0.765927	0.	0.224132	36.4746	0.	-3.4339e-002	0.99941	0.	0.	0.	
Time	FPS	Frame	1	225	-1	299	249	1.57469	0.765927	0.	0.224132	36.4746	0.	-3.4339e-002	0.99941	0.	0.	0.	
Time	FPS	Frame	1	225	-1	299	249	1.57469	0.765927	0.	0.224132	36.4746	0.	-3.4339e-002	0.99941	0.	0.	0.	
Time	FPS	Frame	1	225	-1	299	249	1.57469	0.765927	0.	0.224132	36.4746	0.	-3.4339e-002	0.99941	0.	0.	0.	
Time	FPS	Frame	1	225	-1	299	249	1.57469	0.765927	0.	0.224132	36.4746	0.	-3.4339e-002	0.99941	0.	0.	0.	
Time	FPS	Frame	1	225	-1	299	249	1.57469	0.765927	0.	0.224132	36.4746	0.	-3.4339e-002	0.99941	0.	0.	0.	
Time	FPS	Frame	1	225	-1	299	249	1.57469	0.765927	0.	0.224132	36.4746	0.	-3.4339e-002	0.99941	0.	0.	0.	
Time	FPS	Frame	1	225	-1	299	249	1.57469	0.765927	0.	0.224132	36.4746	0.	-3.4339e-002	0.99941	0.	0.	0.	
Time	FPS	Frame	1	225	-1	299	249	1.57469	0.765927	0.	0.224132	36.4746	0.	-3.4339e-002	0.99941	0.	0.	0.	
Time	FPS	Frame	1	225	-1	299	249	1.57469	0.765927	0.	0.224132	36.4746	0.	-3.4339e-002	0.99941	0.	0.	0.	
Time	FPS	Frame	1	225	-1	299	249	1.57469	0.765927	0.	0.224132	36.4746	0.	-3.4339e-002	0.99941	0.	0.	0.	
Time	FPS	Frame	1	225	-1	299	249	1.57469	0.765927	0.	0.224132	36.4746	0.	-3.4339e-002	0.99941	0.	0.	0.	
Time	FPS	Frame	1	225	-1	299	249	1.57469	0.765927	0.	0.224132	36.4746	0.	-3.4339e-002	0.99941	0.	0.	0.	
Time	FPS	Frame	1	225	-1	299	249	1.57469	0.765927	0.	0.224132	36.4746	0.	-3.4339e-002	0.99941	0.	0.	0.	
Time	FPS	Frame	1	225	-1	299	249	1.57469	0.765927	0.	0.224132	36.4746	0.	-3.4339e-002	0.99941	0.	0.	0.	
Time	FPS	Frame	1	225	-1	299	249	1.57469	0.765927	0.	0.224132	36.4746	0.	-3.4339e-002	0.99941	0.	0.	0.	
Time	FPS	Frame	1	225	-1	299	249	1.57469	0.765927	0.	0.224132	36.4746	0.	-3.4339e-002	0.99941	0.	0.	0.	
Time	FPS	Frame	1	225	-1	299	249	1.57469	0.765927	0.	0.224132	36.4746	0.	-3.4339e-002	0.99941	0.	0.	0.	
Time	FPS	Frame	1	225	-1	299	249	1.57469	0.765927	0.	0.224132	36.4746	0.	-3.4339e-002	0.99941	0.	0.	0.	
Time	FPS	Frame	1	225	-1	299	249	1.57469	0.765927	0.	0.224132	36.4746	0.	-3.4339e-002	0.99941	0.	0.	0.	
Time	FPS	Frame	1	225	-1	299	249	1.57469	0.765927	0.	0.224132	36.4746	0.	-3.4339e-002	0.99941	0.	0.	0.	
Time	FPS	Frame	1	225	-1	299	249	1.57469	0.765927	0.	0.224132	36.4746	0.	-3.4339e-002	0.99941	0.	0.	0.	
Time	FPS	Frame	1	225	-1	299	249	1.57469	0.765927	0.	0.224132	36.4746	0.	-3.4339e-002	0.99941	0.	0.	0.	
Time	FPS	Frame	1	225	-1	299	249	1.57469	0.765927	0.	0.224132	36.4746	0.	-3.4339e-002	0.99941	0.	0.	0.	
Time	FPS	Frame	1	225	-1	299	249	1.57469	0.765927	0.	0.224132	36.4746	0.	-3.4339e-002	0.99941	0.	0.	0.	
Time	FPS	Frame	1	225	-1	299	249	1.57469	0.765927	0.	0.224132	36.4746	0.	-3.4339e-002	0.99941	0.	0.	0.	
Time	FPS	Frame	1	225	-1	299	249	1.57469	0.765927	0.	0.224132	36.4746	0.	-3.4339e-002	0.99941	0.	0.	0.	
Time	FPS	Frame	1	225	-1	299	249	1.57469	0.765927	0.	0.224132	36.4746	0.	-3.4339e-002	0.99941	0.	0.	0.	
Time	FPS	Frame	1	225	-1	299	249	1.57469	0.765927	0.	0.224132	36.4746	0.	-3.4339e-002	0.99941	0.	0.	0.	
Time	FPS	Frame	1	225	-1	299	249	1.57469	0.765927	0.	0.224132	36.4746	0.	-3.4339e-002	0.99941	0.	0.	0.	
Time	FPS	Frame	1	225	-1	299	249	1.57469	0.765927	0.	0.224132	36.4746	0.	-3.4339e-002	0.99941	0.	0.	0.	
Time	FPS	Frame	1	225	-1	299	249	1.57469	0.765927	0.	0.224132	36.4746	0.	-3.4339e-002	0.99941	0.	0.	0.	
Time	FPS	Frame	1	225	-1	299	249	1.57469	0.765927	0.	0.224132	36.4746	0.	-3.4339e-002	0.99941	0.	0.	0.	
Time	FPS	Frame	1	225	-1	299	249	1.57469	0.765927	0.	0.224132	36.4746	0.	-3.4339e-002	0.99941	0.	0.	0.	
Time	FPS	Frame	1	225	-1	299	249	1.57469	0.765927	0.	0.224132	36.4746	0.	-3.4339e-002	0.99941	0.	0.	0.	
Time	FPS	Frame	1	225	-1	299	249	1.57469	0.765927	0.	0.224132	36.4746	0.	-3.4339e-002	0.99941	0.	0.	0.	
Time	FPS	Frame	1	225	-1	299	249	1.57469	0.765927	0.	0.224132	36.4746	0.	-3.4339e-002	0.99941	0.	0.	0.	
Time	FPS	Frame	1	225	-1	299	249	1.57469	0.765927	0.	0.224132	36.4746	0.	-3.4339e-002	0.99941	0.	0.	0.	
Time	FPS	Frame	1	225	-1	299	249	1.57469	0.765927	0.	0.224132	36.4746	0.	-3.4339e-002	0.99941	0.	0.	0.	
Time	FPS	Frame	1	225	-1	299	249	1.57469	0.765927	0.	0.224132	36.4746	0.	-3.4339e-002	0.99941	0.	0.	0.	
Time	FPS	Frame	1	225	-1	299	249	1.57469	0.765927	0.	0.224132	36.4746	0.	-3.4339e-002	0.99941	0.	0.	0.	
Time	FPS	Frame	1	225	-1	299	249	1.57469	0.765927	0.	0.224132	36.4746	0.	-3.4339e-002	0.99941	0.	0.	0.	
Time	FPS	Frame	1	225	-1	299	249	1.57469	0.765927	0.	0.224132	36.4746	0.	-3.4339e-002	0.99941	0.	0.	0.	
Time	FPS	Frame	1	225	-1	299	249	1.57469	0.765927	0.	0.224132	36.4746	0.	-3.4339e-002	0.99941	0.	0.	0.	
Time	FPS	Frame	1	225	-1	299	249	1.57469	0.765927	0.	0.224132	36.4746	0.	-3.4339e-002	0.99941	0.	0.	0.	
Time	FPS	Frame	1	225	-1	299	249	1.57469	0.765927	0.	0.224132	36.4746	0.	-3.4339e-002	0.99941	0.	0.	0.	
Time	FPS	Frame	1	225	-1	299	249	1.57469	0.765927	0.	0.224132	36.4746	0.	-3.4339e-002	0.99941	0.	0.	0.	
Time	FPS	Frame	1	225	-1	299	249	1.57469	0.765927	0.	0.224132	36.4746	0.	-3.4339e-002	0.99941	0.	0.	0.	
Time	FPS	Frame	1	225	-1	299	249	1.57469	0.765927	0.	0.224132	36.4746	0.	-3.4339e-002	0.99941	0.	0.	0.	
Time	FPS	Frame	1	225	-1	299	249	1.57469	0.765927	0.	0.224132	36.4746	0.	-3.4339e-002	0.99941	0.	0.	0.	
Time	FPS	Frame	1	225	-1	299	249	1.57469	0.765927	0.	0.224132	36.4746	0.	-3.4339e-002	0.99941	0.	0.	0.	
Time	FPS	Frame	1	225	-1	299	249	1.57469	0.765927	0.	0.224132	36.4746	0.	-3.4339e-002	0.99941	0.	0.	0.	
Time	FPS	Frame	1	225	-1	299	249	1.57469	0.765927	0.	0.224132	36.4746	0.	-3.4339e-002	0.99941	0.	0.	0.	
Time	FPS	Frame	1	225	-1	299	249	1.57469	0.765927	0.	0.224132	36.4746	0.	-3.4339e-002	0.99941	0.	0.	0.	
Time	FPS	Frame	1	225	-1	299	249	1.57469	0.765927	0.	0.224132	36.4746	0.	-3.4339e-002	0.99941	0.	0.	0.	
Time	FPS	Frame	1	225	-1	299	249	1.57469	0.765927	0.	0.224132	36.4746	0.	-3.4339e-002	0.99941	0.	0.	0.	
Time	FPS	Frame	1	225	-1	299	249	1.57469	0.765927	0.	0.224132	36.4746	0.	-3.4339e-002	0.99941	0.	0.	0.	
Time	FPS	Frame	1	225	-1	299	249	1.57469	0.765927	0.	0.224132	36.4746	0.	-3.4339e-002	0.99941	0.	0.	0.	
Time	FPS	Frame	1	225	-1	299	249	1.57469	0.765927	0.	0.224132	36.4746	0.	-3.4339e-002	0.99941	0.	0.	0.	
Time	FPS	Frame	1	225	-1	299	249	1.57469	0.765927	0.	0.224132	36.4746	0.	-3.4339e-002	0.99941	0.	0.	0.	

