Time	FPS	Frame	Crash	RB	RU	LU	LB	OC	Dither	DAngle	swAngle	OX	OY	OZ	HX	HY	HZ	DX	DY	DZ	HA	RHA	AccumulativeHeading(Y)	Speed	RSpeed	Dynamic	USRHIT	
1.69183e-005	59107.7	1	0	(0)1	(0)6	(0)6	(0)1	(0)3	0.	-2.3122	0.	0.	0.	0.	0.	1.	0.	0.	1.	0.	0.	0.	0.	0.	0.	0	-1	
1.4756	0.677698	2	0	(0)1	(0)6	(0)6	(0)1	(0)3	5.48638e-002	-2.3122	0.	0.	0.	0.	0.	1.	0.	0.	1.	0.	0.	0.	0.	0.	0.	0	-1	
1.50032	40.4476	3	0	(0)1	(0)6	(0)6	(0)1	(0)3	5.48638e-002	-2.3122	0.	0.	0.	0.	0.	1.	0.	0.	1.	0.	0.	0.	0.	0.	0.	0	-1	
1.52078	48.878	4	0	(0)1	(0)6	(0)6	(0)1	(0)3	5.48638e-002	-2.3122	0.	0.	0.	0.	0.	1.	0.	0.	1.	0.	0.	0.	0.	0.	0.	0	-1	
1.54142	48.4542	5	0	(0)1	(0)6	(0)6	(0)1	(0)3	5.48638e-002	-2.3122	0.	0.	0.	0.	0.	1.	0.	0.	1.	0.	0.	0.	0.	0.	0.	0	-1	
1.56162	49.5181	6	0	(0)1	(0)6	(0)6	(0)1	(0)3	5.48638e-002	-2.3122	0.	0.	0.	0.	0.	1.	0.	0.	1.	0.	0.	0.	0.	0.	0.	0	-1	
1.58293	46.9226	7	0	(0)1	(0)6	(0)6	(0)1	(0)3	5.48638e-002	-2.3122	0.	0.	0.	0.	0.	1.	0.	0.	1.	0.	0.	0.	0.	0.	0.	0	-1	
1.60313	49.5029	8	0	(0)1	(0)6	(0)6	(0)1	(0)3	5.48638e-002	-2.3122	0.	0.	0.	0.	0.	1.	0.	0.	1.	0.	0.	0.	0.	0.	0.	0	-1	
1.6235	49.0756	9	0	(0)1	(0)6	(0)6	(0)1	(0)3	5.48638e-002	-2.3122	0.	0.	0.	0.	0.	1.	0.	0.	1.	0.	0.	0.	0.	0.	0.	0	-1	
1.64385	49.1476	10	0	(0)1	(0)6	(0)6	(0)1	(0)3	5.48638e-002	-2.3122	0.	0.	0.	0.	0.	1.	0.	0.	1.	0.	0.	0.	0.	0.	0.	0	-1	
1.66558	46.0284	11	0	(0)1	(0)6	(0)6	(0)1	(0)3	5.48638e-002	-2.3122	0.	0.	0.	0.	0.	1.	0.	0.	1.	0.	0.	0.	0.	0.	0.	0	-1	
1.68642	47.9832	12	0	(0)1	(0)6	(0)6	(0)1	(0)3	5.48638e-002	-2.3122	0.	0.	0.	0.	0.	1.	0.	0.	1.	0.	0.	0.	0.	0.	0.	0	-1	
1.70982	42.7225	13	0	(0)1	(0)6	(0)6	(0)1	(0)3	5.48638e-002	-2.3122	0.	0.	0.	0.	0.	1.	0.	0.	1.	0.	0.	0.	0.	0.	0.	0	-1	
1.73089	47.4781	14	0	(0)1	(0)6	(0)6	(0)1	(0)3	5.48638e-002	-2.3122	0.	0.	0.	0.	0.	1.	0.	0.	1.	0.	0.	0.	0.	0.	0.	0	-1	
1.75173	47.9873	15	0	(0)1	(0)6	(0)6	(0)1	(0)3	5.48638e-002	-2.3122	0.	0.	0.	0.	0.	1.	0.	0.	1.	0.	0.	0.	0.	0.	0.	0	-1	
1.77161	50.2785	16	0	(0)1	(0)6	(0)6	(0)1	(0)3	5.48638e-002	-2.3122	0.	0.	0.	0.	0.	1.	0.	0.	1.	0.	0.	0.	0.	0.	0.	0	-1	
1.79183	49.4778	17	0	(0)1	(0)6	(0)6	(0)1	(0)3	5.48638e-002	-2.3122	0.	0.	0.	0.	0.	1.	0.	0.	1.	0.	0.	0.	0.	0.	0.	0	-1	
1.81249	48.3894	18	0	(0)1	(0)6	(0)6	(0)1	(0)3	5.48638e-002	-2.3122	0.	0.	0.	0.	0.	1.	0.	0.	1.	0.	0.	0.	0.	0.	0.	0	-1	
1.83336	47.9279	19	0	(0)1	(0)6	(0)6	(0)1	(0)3	5.48638e-002	-2.3122	0.	0.	0.	0.	0.	1.	0.	0.	1.	0.	0.	0.	0.	0.	0.	0	-1	
1.85355	49.5236	20	0	(0)1	(0)6	(0)6	(0)1	(0)3	5.48638e-002	-2.3122	0.	0.	0.	0.	0.	1.	0.	0.	1.	0.	0.	0.	0.	0.	0.	0	-1	
1.87412	48.6209	21	0	(0)1	(0)6	(0)6	(0)1	(0)3	5.48638e-002	-2.3122	0.	0.	0.	0.	0.	1.	0.	0.	1.	0.	0.	0.	0.	0.	0.	0	-1	
1.89453	48.975	22	0	(0)1	(0)6	(0)6	(0)1	(0)3	5.48638e-002	-2.3122	0.	0.	0.	0.	0.	1.	0.	0.	1.	0.	0.	0.	0.	0.	0.	0	-1	
1.91493	49.0306	23	0	(0)1	(0)6	(0)6	(0)1	(0)3	5.48638e-002	-2.3122	0.	0.	0.	0.	0.	1.	0.	0.	1.	0.	0.	0.	0.	0.	0.	0	-1	
1.93432	51.581	24	0	(0)1	(0)6	(0)6	(0)1	(0)3	5.48638e-002	-2.3122	0.	0.	0.	0.	0.	1.	0.	0.	1.	0.	0.	0.	0.	0.	0.	0	-1	
1.95455	49.4136	25	0	(0)1	(0)6	(0)6	(0)1	(0)3	5.48638e-002	-2.3122	0.	0.	0.	0.	0.	1.	0.	0.	1.	0.	0.	0.	0.	0.	0.	0	-1	
1.97459	49.9076	26	0	(0)1	(0)6	(0)6	(0)1	(0)3	5.48638e-002	-2.3122	0.	0.	0.	0.	0.	1.	0.	0.	1.	0.	0.	0.	0.	0.	0.	0	-1	
1.99567	47.438	27	0	(0)1	(0)6	(0)6	(0)1	(0)3	5.48638e-002	-2.3122	0.	0.	0.	0.	0.	1.	0.	0.	1.	0.	0.	0.	0.	0.	0.	0	-1	
2.01621	48.6789	28	0	(0)1	(0)6	(0)6	(0)1	(0)3	5.48638e-002	-2.3122	0.	0.	0.	0.	0.	1.	0.	0.	1.	0.	0.	0.	0.	0.	0.	0	-1	
2.03676	48.6778	29	0	(0)1	(0)6	(0)6	(0)1	(0)3	5.48638e-002	-2.3122	0.	0.	0.	0.	0.	1.	0.	0.	1.	0.	0.	0.	0.	0.	0.	0	-1	
2.05739	48.473	30	0	(0)1	(0)6	(0)6	(0)1	(0)3	5.48638e-002	-2.3122	0.	0.	0.	0.	0.	1.	0.	0.	1.	0.	0.	0.	0.	0.	0.	0	-1	
2.07806	48.3676	31	0	(0)1	(0)6	(0)6	(0)1	(0)3	5.48638e-002	-2.3122	0.	0.	0.	0.	0.	1.	0.	0.	1.	0.	0.	0.	0.	0.	0.	0	-1	
2.09784	50.566	32	0	(0)1	(0)6	(0)6	(0)1	(0)3	5.48638e-002	-2.3122	0.	0.	0.	0.	0.	1.	0.	0.	1.	0.	0.	0.	0.	0.	0.	0	-1	
2.1184	48.6304	33	0	(0)1	(0)6	(0)6	(0)1	(0)3	5.48638e-002	-2.3122	0.	0.	0.	0.	0.	1.	0.	0.	1.	0.	0.	0.	0.	0.	0.	0	-1	
2.13849	49.7815	34	0	(0)1	(0)6	(0)6	(0)1	(0)3	5.48638e-002	-2.3122	0.	0.	0.	0.	0.	1.	0.	0.	1.	0.	0.	0.	0.	0.	0.	0	-1	
2.15858	49.7639	35	0	(0)1	(0)6	(0)6	(0)1	(0)3	5.48638e-002	-2.3122	0.	0.	0.	0.	0.	1.	0.	0.	1.	0.	0.	0.	0.	0.	0.	0	-1	
2.17943	47.9647	36	0	(0)1	(0)6	(0)6	(0)1	(0)3	5.48638e-002	-2.3122	0.	0.	0.	0.	0.	1.	0.	0.	1.	0.	0.	0.	0.	0.	0.	0	-1	
2.20079	46.8229	37	0	(0)1	(0)6	(0)6	(0)1	(0)3	5.48638e-002	-2.3122	0.	0.	0.	0.	0.	1.	0.	0.	1.	0.	0.	0.	0.	0.	0.	0	-1	
2.2206	50.4695	38	0	(0)1	(0)6	(0)6	(0)1	(0)3	5.48638e-002	-2.3122	0.	0.	0.	0.	0.	1.	0.	0.	1.	0.	0.	0.	0.	0.	0.	0	-1	
2.24083	49.4527	39	0	(0)1	(0)6	(0)6	(0)1	(0)3	5.48638e-002	-2.3122	0.	0.	0.	0.	0.	1.	0.	0.	1.	0.	0.	0.	0.	0.	0.	0	-1	
2.26144	48.5002	40	0	(0)1	(0)6	(0)6	(0)1	(0)3	5.48638e-002	-2.3122	0.	0.	0.	0.	0.	1.	0.	0.	1.	0.	0.	0.	0.	0.	0.	0	-1	
2.28283	46.7595	41	0	(0)1	(0)6	(0)6	(0)1	(0)3	5.48638e-002	-2.3122	0.	0.	0.	0.	0.	1.	0.	0.	1.	0.	0.	0.	0.	0.	0.	0	-1	
2.30293	49.7396	42	0	(0)1	(0)6	(0)6	(0)1	(0)3	5.48638e-002	-2.3122	0.	0.	0.	0.	0.	1.	0.	0.	1.	0.	0.	0.	0.	0.	0.	0	-1	
2.32346	48.7169	43	0	(0)1	(0)6	(0)6	(0)1	(0)3	5.48638e-002	-2.3122	0.	0.	0.	0.	0.	1.	0.	0.	1.	0.	0.	0.	0.	0.	0.	0	-1	
2.34392	48.878	44	0	(0)1	(0)6	(0)6	(0)1	(0)3	5.48638e-002	-2.3122	0.	0.	0.	0.	0.	1.	0.	0.	1.	0.	0.	0.	0.	0.	0.	0	-1	
2.36425	49.1852	45	0	(0)1	(0)6	(0)6	(0)1	(0)3	5.48638e-002	-2.3122	0.	0.	0.	0.	0.	1.	0.	0.	1.	0.	0.	0.	0.	0.	0.	0	-1	
2.3846	49.1357	46	0	(0)1	(0)6	(0)6	(0)1	(0)3	5.48638e-002	-2.3122	0.	0.	0.	0.	0.	1.	0.	0.	1.	0.	0.	0.	0.	0.	0.	0	-1	
2.40522	48.5138	47	0	(0)1	(0)6	(0)6	(0)1	(0)3	5.48638e-002	-2.3122	0.	0.	0.	0.	0.	1.	0.	0.	1.	0.	0.	0.	0.	0.	0.	0	-1	
2.42504	50.4389	48	0	(0)1	(0)6	(0)6	(0)1	(0)3	5.48638e-002	-2.3122	0.	0.	0.	0.	0.	1.	0.	0.	1.	0.	0.	0.	0.	0.	0.	0	-1	
2.449	41.7466	49	0	(0)1	(0)6	(0)6	(0)1	(0)3	5.48638e-002	-2.3122	0.	0.	0.	0.	0.	1.	0.	0.	1.	0.	0.	0.	0.	0.	0.	0	-1	
2.46959	48.5705	50	0	(0)1	(0)6	(0)6	(0)1	(0)3	5.48638e-002	-2.3122	0.	0.	0.	0.	0.	1.	0.	0.	1.	0.	0.	0.	0.	0.	0.	0	-1	
2.48997	49.0542	51	0	(0)1	(0)6	(0)6	(0)1	(0)3	5.48638e-002	-2.3122	0.	0.	0.	0.	0.	1.	0.	0.	1.	0.	0.	0.	0.	0.	0.	0	-1	
2.51085	47.9054	52	0	(0)1	(0)6	(0)6	(0)1	(0)3	5.48638e-002	-2.3122	0.	0.	0.	0.	0.	1.	0.	0.	1.	0.	0.	0.	0.	0.	0.	0	-1	
2.53162	48.1282	53	0	(0)1	(0)6	(0)6	(0)1	(0)3	5.48638e-002	-2.3122	0.	0.	0.	0.	0.	1.	0.	0.	1.	0.	0.	0.	0.	0.	0.	0	-1	
2.55186	49.4038	54	0	(0)1	(0)6	(0)6	(0)1	(0)3	5.48638e-002	-2.3122	0.	0.	0.	0.	0.	1.	0.	0.	1.	0.	0.	0.	0.	0.	0.	0	-1	
2.57251	48.4312	55	0	(0)1	(0)6	(0)6	(0)1	(0)3	5.48638e-002	-2.3122	0.	0.	0.	0.	0.	1.	0.	0.	1.	0.	0.	0.	0.	0.	0.	0	-1	
2.5925	50.0344	56	0	(0)1	(0)6	(0)6	(0)1	(0)3	5.48638e-002	-2.3122	0.	0.	0.	0.	0.	1.	0.	0.	1.	0.	0.	0.	0.	0.	0.	0	-1	
2.61273	49.4277	57	0	(0)1	(0)6	(0)6	(0)1	(0)3	5.48638e-002	-2.3122	0.	0.	0.	0.	0.	1.	0.	0.	1.	0.	0.	0.	0.	0.	0.	0	-1	
2.63364	47.8299	58	0	(0)1	(0)6	(0)6	(0)1	(0)3	5.48638e-002	-2.3122	0.	0.	0.	0.	0.	1.	0.	0.	1.	0.	0.	0.	0.	0.	0.	0	-1	
2.65527	46.233	59	0	(0)1	(0)6	(0)6	(0)1	(0)3	5.48638e-002	-2.3122	0.	0.	0.	0.	0.	1.	0.	0.	1.	0.	0.	0.	0.	0.	0.	0	-1	
2.67506	50.5115	60	0	(0)1	(0)6	(0)6	(0)1	(0)3	5.48638e-002	-2.3122	0.	0.	0.	0.	0.	1.	0.	0.	1.	0.	0.	0.	0.	0.	0.	0	-1	
2.69577	48.3041	61	0	(0)1	(0)6	(0)6	(0)1	(0)3	5.48638e-002	-2.3122	0.	0.	0.	0.	0.	1.	0.	0.	1.	0.	0.	0.	0.	0.	0.	0	-1	
2.71676	47.6432	62	0	(0)1	(0)6	(0)6	(0)1	(0)3	5.48638e-002	-2.3122	0.	0.	0.	0.	0.	1.	0.	0.	1.	0.	0.	0.	0.	0.	0.	0	-1	
2.73712	49.0981	63	0	(0)1	(0)6	(0)6	(0)1	(0)3	5.48638e-002	-2.3122	0.	0.	0.	0.	0.	1.	0.	0.	1.	0.	0.	0.	0.	0.	0.	0	-1	
2.75735	49.4353	64	0	(0)1	(0)6	(0)6	(0)1	(0)3	5.48638e-002	-2.3122	0.	0.	0.	0.	0.	1.	0.	0.	1.	0.	0.	0.	0.	0.	0.	0	-1	
2.77824	47.8758	65	0	(0)1	(0)6	(0)6	(0)1	(0)3	5.48638e-002	-2.3122	0.	0.	0.	0.	0.	1.	0.	0.	1.	0.	0.	0.	0.	0.	0.	0	-1	
2.79859	49.1411	66	0	(0)1	(0)6	(0)6	(0)1	(0)3	5.48638e-002	-2.3122	0.	0.	0.	0.	0.	1.	0.	0.	1.	0.	0.	0.	0.	0.	0.	0	-1	
2.81928	48.3239	67	0	(0)1	(0)6	(0)6	(0)1	(0)3	5.48638e-002	-2.3122	0.	0.	0.	0.	0.	1.	0.	0.	1.	0.	0.	0.	0.	0.	0.	0	-1	
2.83974	48.8919	68	0	(0)1	(0)6	(0)6	(0)1	(0)3	5.48638e-002	-2.3122	0.	0.	0.	0.	0.	1.	0.	0.	1.	0.	0.	0.	0.	0.	0.	0	-1	
2.86081	47.461	69	0	(0)1	(0)6	(0)6	(0)1	(0)3	5.48638e-002	-2.3122	0.	0.	0.	0.	0.	1.	0.	0.	1.	0.	0.	0.	0.	0.	0.	0	-1	
2.88117	49.1035	70	0	(0)1	(0)6	(0)6	(0)1	(0)3	5.48638e-002	-2.3122	0.	0.	0.	0.	0.	1.	0.	0.	1.	0.	0.	0.	0.	0.	0.	0	-1	
2.90239	47.1284	71	0	(0)1	(0)6	(0)6	(0)1	(0)3	5.48638e-002	-2.3122	0.	0.	0.	0.	0.	1.	0.	0.	1.	0.	0.	0.	0.	0.	0.	0	-1	
2.92181	51.4899	72	0	(0)1	(0)6	(0)6	(0)1	(0)3	5.48638e-002	-2.3122	0.	0.	0.	0.	0.	1.	0.	0.	1.	0.	0.	0.	0.	0.	0.	0	-1	
2.94193	49.6956	73	0	(0)1	(0)6	(0)6	(0)1	(0)3	5.48638e-002	-2.3122	0.	0.	0.	0.	0.	1.	0.	0.	1.	0.	0.	0.	0.	0.	0.	0	-1	
2.96277	47.9934	74	0	(0)1	(0)6	(0)6	(0)1	(0)3	5.48638e-002	-2.3122	0.	0.	0.	0.	0.	1.	0.	0.	1.	0.	0.	0.	0.	0.	0.	0	-1	
2.98359	48.0324	75	0	(0)1	(0)6	(0)6	(0)1	(0)3	5.48638e-002	-2.3122	0.	0.	0.	0.	0.	1.	0.	0.	1.	0.	0.	0.	0.	0.	0.	0	-1	
3.00366	49.818	76	0	(0)1	(0)6	(0)6	(0)1	(0)3	5.48638e-002	-2.3122	0.	0.	0.	0.	0.	1.	0.	0.	1.	0.	0.	0.	0.	0.	0.	0	-1	
3.02433	48.3936	77	0	(0)1	(0)6	(0)6	(0)1	(0)3	5.48638e-002	-2.3122	0.	0.	0.	0.	0.	1.	0.	0.	1.	0.	0.	0.	0.	0.	0.	0	-1	
3.04497	48.4343	78	0	(0)1	(0)6	(0)6	(0)1	(0)3	5.48638e-002	-2.3122	0.	0.	0.	0.	0.	1.	0.	0.	1.	0.	0.	0.	0.	0.	0.	0	-1	
3.0657	48.2398	79	0	(0)1	(0)6	(0)6	(0)1	(0)3	5.48638e-002	-2.3122	0.	0.	0.	0.	0.	1.	0.	0.	1.	0.	0.	0.	0.	0.	0.	0	-1	
3.08587	49.5717	80	0	(0)1	(0)6	(0)6	(0)1	(0)3	5.48638e-002	-2.3122	0.	0.	0.	0.	0.	1.	0.	0.	1.	0.	0.	0.	0.	0.	0.	0	-1	
3.10649	48.4981	81	0	(0)1	(0)6	(0)6	(0)1	(0)3	5.48638e-002	-2.3122	0.	0.	0.	0.	0.	1.	0.	0.	1.	0.	0.	0.	0.	0.	0.	0	-1	
3.12694	48.9196	82	0	(0)1	(0)6	(0)6	(0)1	(0)3	5.48638e-002	-2.3122	0.	0.	0.	0.	0.	1.	0.	0.	1.	0.	0.	0.	0.	0.	0.	0	-1	
3.14827	46.8707	83	0	(0)1	(0)6	(0)6	(0)1	(0)3	5.48638e-002	-2.3122	0.	0.	0.	0.	0.	1.	0.	0.	1.	0.	0.	0.	0.	0.	0.	0	-1	
3.16826	50.0255	84	0	(0)1	(0)6	(0)6	(0)1	(0)3	5.48638e-002	-2.3122	0.	0.	0.	0.	0.	1.	0.	0.	1.	0.	0.	0.	0.	0.	0.	0	-1	
3.18825	50.0399	85	0	(0)1	(0)6	(0)6	(0)1	(0)3	5.48638e-002	-2.3122	0.	0.	0.	0.	0.	1.	0.	0.	1.	0.	0.	0.	0.	0.	0.	0	-1	
3.20867	48.9569	86	0	(0)1	(0)6	(0)6	(0)1	(0)3	5.48638e-002	-2.3122	0.	0.	0.	0.	0.	1.	0.	0.	1.	0.	0.	0.	0.	0.	0.	0	-1	
3.22965	47.6776	87	0	(0)1	(0)6	(0)6	(0)1	(0)3	5.48638e-002	-2.3122	0.	0.	0.	0.	0.	1.	0.	0.	1.	0.	0.	0.	0.	0.	0.	0	-1	
3.24994	49.2813	88	0	(0)1	(0)6	(0)6	(0)1	(0)3	5.48638e-002	-2.3122	0.	0.	0.	0.	0.	1.	0.	0.	1.	0.	0.	0.	0.	0.	0.	0	-1	
3.27073	48.1003	89	0	(0)1	(0)6	(0)6	(0)1	(0)3	5.48638e-002	-2.3122	0.	0.	0.	0.	0.	1.	0.	0.	1.	0.	0.	0.	0.	0.	0.	0	-1	
3.29105	49.2046	90	0	(0)1	(0)6	(0)6	(0)1	(0)3	5.48638e-002	-2.3122	0.	0.	0.	0.	0.	1.	0.	0.	1.	0.	0.	0.	0.	0.	0.	0	-1	
3.31166	48.5254	91	0	(0)1	(0)6	(0)6	(0)1	(0)3	5.48638e-002	-2.3122	0.	0.	0.	0.	0.	1.	0.	0.	1.	0.	0.	0.	0.	0.	0.	0	-1	
3.33161	50.1248	92	0	(0)1	(0)6	(0)6	(0)1	(0)3	5.48638e-002	-2.3122	0.	0.	0.	0.	0.	1.	0.	0.	1.	0.	0.	0.	0.	0.	0.	0	-1	
3.35248	47.9013	93	0	(0)1	(0)6	(0)6	(0)1	(0)3	5.48638e-002	-2.3122	0.	0.	0.	0.	0.	1.	0.	0.	1.	0.	0.	0.	0.	0.	0.	0	-1	
3.3724	50.2178	94	0	(0)1	(0)6	(0)6	(0)1	(0)3	5.48638e-002	-2.3122	0.	0.	0.	0.	0.	1.	0.	0.	1.	0.	0.	0.	0.	0.	0.	0	-1	
3.39247	49.8301	95	0	(0)1	(0)6	(0)6	(0)1	(0)3	5.48638e-002	-2.3122	0.	0.	0.	0.	0.	1.	0.	0.	1.	0.	0.	0.	0.	0.	0.	0	-1	
3.41278	49.2381	96	0	(0)1	(0)6	(0)6	(0)1	(0)3	5.48638e-002	-2.3122	0.	0.	0.	0.	0.	1.	0.	0.	1.	0.	0.	0.	0.	0.	0.	0	-1	
3.43352	48.1994	97	0	(0)1	(0)6	(0)6	(0)1	(0)3	5.48638e-002	-2.3122	0.	0.	0.	0.	0.	1.	0.	0.	1.	0.	0.	0.	0.	0.	0.	0	-1	
3.45697	42.6503	98	0	(0)1	(0)6	(0)6	(0)1	(0)3	5.48638e-002	-2.3122	0.	0.	0.	0.	0.	1.	0.	0.	1.	0.	0.	0.	0.	0.	0.	0	-1	
3.4778	48.0099	99	0	(0)1	(0)6	(0)6	(0)1	(0)3	5.48638e-002	-2.3122	0.	0.	0.	0.	0.	1.	0.	0.	1.	0.	0.	0.	0.	0.	0.	0	-1	
3.49807	49.3181	100	0	(0)1	(0)6	(0)6	(0)1	(0)3	5.48638e-002	-2.3122	0.	0.	0.	0.	0.	1.	0.	0.	1.	0.	0.	0.	0.	0.	0.	0	-1	
3.5195	46.6711	101	0	(0)1	(0)6	(0)6	(0)1	(0)3	5.48638e-002	-2.3122	0.	0.	0.	0.	0.	1.	0.	0.	1.	0.	0.	0.	0.	0.	0.	0	-1	
3.53988	49.0767	102	0	(0)1	(0)6	(0)6	(0)1	(0)3	5.48638e-002	-2.3122	0.	0.	0.	0.	0.	1.	0.	0.	1.	0.	0.	0.	0.	0.	0.	0	-1	
3.5605	48.5013	103	0	(0)1	(0)6	(0)6	(0)1	(0)3	5.48638e-002	-2.3122	0.	0.	0.	0.	0.	1.	0.	0.	1.	0.	0.	0.	0.	0.	0.	0	-1	
3.58094	48.91	104	0	(0)1	(0)6	(0)6	(0)1	(0)3	5.48638e-002	-2.3122	0.	0.	0.	0.	0.	1.	0.	0.	1.	0.	0.	0.	0.	0.	0.	0	-1	
3.60184	47.8452	105	0	(0)1	(0)6	(0)6	(0)1	(0)3	5.48638e-002	-2.3122	0.	0.	0.	0.	0.	1.	0.	0.	1.	0.	0.	0.	0.	0.	0.	0	-1	
3.62172	50.3078	106	0	(0)1	(0)6	(0)6	(0)1	(0)3	5.48638e-002	-2.3122	0.	0.	0.	0.	0.	1.	0.	0.	1.	0.	0.	0.	0.	0.	0.	0	-1	
3.64208	49.1046	107	0	(0)1	(0)6	(0)6	(0)1	(0)3	5.48638e-002	-2.3122	0.	0.	0.	0.	0.	1.	0.	0.	1.	0.	0.	0.	0.	0.	0.	0	-1	
3.66445	44.7073	108	0	(0)1	(0)6	(0)6	(0)1	(0)3	5.48638e-002	-2.3122	0.	0.	0.	0.	0.	1.	0.	0.	1.	0.	0.	0.	0.	0.	0.	0	-1	
3.68586	46.707	109	0	(0)1	(0)6	(0)6	(0)1	(0)3	5.48638e-002	-2.3122	0.	0.	0.	0.	0.	1.	0.	0.	1.	0.	0.	0.	0.	0.	0.	0	-1	
3.70694	47.452	110	0	(0)1	(0)6	(0)6	(0)1	(0)3	5.48638e-002	-2.3122	0.	0.	0.	0.	0.	1.	0.	0.	1.	0.	0.	0.	0.	0.	0.	0	-1	
3.72735	48.9932	111	0	(0)1	(0)6	(0)6	(0)1	(0)3	5.48638e-002	-2.3122	0.	0.	0.	0.	0.	1.	0.	0.	1.	0.	0.	0.	0.	0.	0.	0	-1	
3.74834	47.6422	112	0	(0)1	(0)6	(0)6	(0)1	(0)3	5.48638e-002	-2.3122	0.	0.	0.	0.	0.	1.	0.	0.	1.	0.	0.	0.	0.	0.	0.	0	-1	
3.77007	46.0039	113	0	(0)1	(0)6	(0)6	(0)1	(0)3	5.48638e-002	-2.3122	0.	0.	0.	0.	0.	1.	0.	0.	1.	0.	0.	0.	0.	0.	0.	0	-1	
3.78955	51.3346	114	0	(0)1	(0)6	(0)6	(0)1	(0)3	5.48638e-002	-2.3122	0.	0.	0.	0.	0.	1.	0.	0.	1.	0.	0.	0.	0.	0.	0.	0	-1	
3.81022	48.3978	115	0	(0)1	(0)6	(0)6	(0)1	(0)3	5.48638e-002	-2.3122	0.	0.	0.	0.	0.	1.	0.	0.	1.	0.	0.	0.	0.	0.	0.	0	-1	
3.83114	47.7943	116	0	(0)1	(0)6	(0)6	(0)1	(0)3	5.48638e-002	-2.3122	0.	0.	0.	0.	0.	1.	0.	0.	1.	0.	0.	0.	0.	0.	0.	0	-1	
3.85168	48.6768	117	0	(0)1	(0)6	(0)6	(0)1	(0)3	5.48638e-002	-2.3122	0.	0.	0.	0.	0.	1.	0.	0.	1.	0.	0.	0.	0.	0.	0.	0	-1	
3.87153	50.397	118	0	(0)1	(0)6	(0)6	(0)1	(0)3	5.48638e-002	-2.3122	0.	0.	0.	0.	0.	1.	0.	0.	1.	0.	0.	0.	0.	0.	0.	0	-1	
3.89227	48.1974	119	0	(0)1	(0)6	(0)6	(0)1	(0)3	5.48638e-002	-2.3122	0.	0.	0.	0.	0.	1.	0.	0.	1.	0.	0.	0.	0.	0.	0.	0	-1	
3.91247	49.5138	120	0	(0)1	(0)6	(0)6	(0)1	(0)3	5.48638e-002	-2.3122	0.	0.	0.	0.	0.	1.	0.	0.	1.	0.	0.	0.	0.	0.	0.	0	-1	
3.93384	46.7926	121	0	(0)1	(0)6	(0)6	(0)1	(0)3	5.48638e-002	-2.3122	0.	0.	0.	0.	0.	1.	0.	0.	1.	0.	0.	0.	0.	0.	0.	0	-1	
3.95466	48.0335	122	0	(0)1	(0)6	(0)6	(0)1	(0)3	5.48638e-002	-2.3122	0.	0.	0.	0.	0.	1.	0.	0.	1.	0.	0.	0.	0.	0.	0.	0	-1	
3.97538	48.2678	123	0	(0)1	(0)6	(0)6	(0)1	(0)3	5.48638e-002	-2.3122	0.	0.	0.	0.	0.	1.	0.	0.	1.	0.	0.	0.	0.	0.	0.	0	-1	
3.99649	47.3749	124	0	(0)1	(0)6	(0)6	(0)1	(0)3	5.48638e-002	-2.3122	0.	0.	0.	0.	0.	1.	0.	0.	1.	0.	0.	0.	0.	0.	0.	0	-1	
4.01733	47.9637	125	0	(0)1	(0)6	(0)6	(0)1	(0)3	5.48638e-002	-2.3122	0.	0.	0.	0.	0.	1.	0.	0.	1.	0.	0.	0.	0.	0.	0.	0	-1	
4.03782	48.8154	126	0	(0)1	(0)6	(0)6	(0)1	(0)3	5.48638e-002	-2.3122	0.	0.	0.	0.	0.	1.	0.	0.	1.	0.	0.	0.	0.	0.	0.	0	-1	
4.05822	49.0263	127	0	(0)1	(0)6	(0)6	(0)1	(0)3	5.48638e-002	-2.3122	0.	0.	0.	0.	0.	1.	0.	0.	1.	0.	0.	0.	0.	0.	0.	0	-1	
4.07843	49.4658	128	0	(0)1	(0)6	(0)6	(0)1	(0)3	5.48638e-002	-2.3122	0.	0.	0.	0.	0.	1.	0.	0.	1.	0.	0.	0.	0.	0.	0.	0	-1	
4.09894	48.7624	129	0	(0)1	(0)6	(0)6	(0)1	(0)3	5.48638e-002	-2.3122	0.	0.	0.	0.	0.	1.	0.	0.	1.	0.	0.	0.	0.	0.	0.	0	-1	
4.12018	47.0899	130	0	(0)1	(0)6	(0)6	(0)1	(0)3	5.48638e-002	-2.3122	0.	0.	0.	0.	0.	1.	0.	0.	1.	0.	0.	0.	0.	0.	0.	0	-1	
4.14073	48.6431	131	0	(0)1	(0)6	(0)6	(0)1	(0)3	5.48638e-002	-2.3122	0.	0.	0.	0.	0.	1.	0.	0.	1.	0.	0.	0.	0.	0.	0.	0	-1	
4.16101	49.3202	132	0	(0)1	(0)6	(0)6	(0)1	(0)3	5.48638e-002	-2.3122	0.	0.	0.	0.	0.	1.	0.	0.	1.	0.	0.	0.	0.	0.	0.	0	-1	
4.18199	47.6746	133	0	(0)1	(0)6	(0)6	(0)1	(0)3	5.48638e-002	-2.3122	0.	0.	0.	0.	0.	1.	0.	0.	1.	0.	0.	0.	0.	0.	0.	0	-1	
4.20232	49.1895	134	0	(0)1	(0)6	(0)6	(0)1	(0)3	5.48638e-002	-2.3122	0.	0.	0.	0.	0.	1.	0.	0.	1.	0.	0.	0.	0.	0.	0.	0	-1	
4.22293	48.5138	135	0	(0)1	(0)6	(0)6	(0)1	(0)3	5.48638e-002	-2.3122	0.	0.	0.	0.	0.	1.	0.	0.	1.	0.	0.	0.	0.	0.	0.	0	-1	
4.24346	48.6958	136	0	(0)1	(0)6	(0)6	(0)1	(0)3	5.48638e-002	-2.3122	0.	0.	0.	0.	0.	1.	0.	0.	1.	0.	0.	0.	0.	0.	0.	0	-1	
4.26432	47.9422	137	0	(0)1	(0)6	(0)6	(0)1	(0)3	5.48638e-002	-2.3122	0.	0.	0.	0.	0.	1.	0.	0.	1.	0.	0.	0.	0.	0.	0.	0	-1	
4.28462	49.2737	138	0	(0)1	(0)6	(0)6	(0)1	(0)3	5.48638e-002	-2.3122	0.	0.	0.	0.	0.	1.	0.	0.	1.	0.	0.	0.	0.	0.	0.	0	-1	
4.30485	49.431	139	0	(0)1	(0)6	(0)6	(0)1	(0)3	5.48638e-002	-2.3122	0.	0.	0.	0.	0.	1.	0.	0.	1.	0.	0.	0.	0.	0.	0.	0	-1	
4.3253	48.8961	140	0	(0)1	(0)6	(0)6	(0)1	(0)3	5.48638e-002	-2.3122	0.	0.	0.	0.	0.	1.	0.	0.	1.	0.	0.	0.	0.	0.	0.	0	-1	
4.34591	48.5075	141	0	(0)1	(0)6	(0)6	(0)1	(0)3	5.48638e-002	-2.3122	0.	0.	0.	0.	0.	1.	0.	0.	1.	0.	0.	0.	0.	0.	0.	0	-1	
4.36632	49.0167	142	0	(0)1	(0)6	(0)6	(0)1	(0)3	5.48638e-002	-2.3122	0.	0.	0.	0.	0.	1.	0.	0.	1.	0.	0.	0.	0.	0.	0.	0	-1	
4.3865	49.5312	143	0	(0)1	(0)6	(0)6	(0)1	(0)3	5.48638e-002	-2.3122	0.	0.	0.	0.	0.	1.	0.	0.	1.	0.	0.	0.	0.	0.	0.	0	-1	
4.40727	48.1581	144	0	(0)1	(0)6	(0)6	(0)1	(0)3	5.48638e-002	-2.3122	0.	0.	0.	0.	0.	1.	0.	0.	1.	0.	0.	0.	0.	0.	0.	0	-1	
4.42877	46.5184	145	0	(0)1	(0)6	(0)6	(0)1	(0)3	5.48638e-002	-2.3122	0.	0.	0.	0.	0.	1.	0.	0.	1.	0.	0.	0.	0.	0.	0.	0	-1	
4.45139	44.2075	146	0	(0)1	(0)6	(0)6	(0)1	(0)3	5.48638e-002	-2.3122	0.	0.	0.	0.	0.	1.	0.	0.	1.	0.	0.	0.	0.	0.	0.	0	-1	
4.47123	50.4004	147	0	(0)1	(0)6	(0)6	(0)1	(0)3	5.48638e-002	-2.3122	0.	0.	0.	0.	0.	1.	0.	0.	1.	0.	0.	0.	0.	0.	0.	0	-1	
4.49082	51.036	148	0	(0)1	(0)6	(0)6	(0)1	(0)3	5.48638e-002	-2.3122	0.	0.	0.	0.	0.	1.	0.	0.	1.	0.	0.	0.	0.	0.	0.	0	-1	
4.51107	49.3918	149	0	(0)1	(0)6	(0)6	(0)1	(0)3	5.48638e-002	-2.3122	0.	0.	0.	0.	0.	1.	0.	0.	1.	0.	0.	0.	0.	0.	0.	0	-1	
4.53257	46.503	150	0	(0)1	(0)6	(0)6	(0)1	(0)3	5.48638e-002	-2.3122	0.	0.	0.	0.	0.	1.	0.	0.	1.	0.	0.	0.	0.	0.	0.	0	-1	
4.5535	47.7923	151	0	(0)1	(0)6	(0)6	(0)1	(0)3	5.48638e-002	-2.3122	0.	0.	0.	0.	0.	1.	0.	0.	1.	0.	0.	0.	0.	0.	0.	0	-1	
4.57382	49.2079	152	0	(0)1	(0)6	(0)6	(0)1	(0)3	5.48638e-002	-2.3122	0.	0.	0.	0.	0.	1.	0.	0.	1.	0.	0.	0.	0.	0.	0.	0	-1	
4.5942	49.0617	153	0	(0)1	(0)6	(0)6	(0)1	(0)3	5.48638e-002	-2.3122	0.	0.	0.	0.	0.	1.	0.	0.	1.	0.	0.	0.	0.	0.	0.	0	-1	
4.61463	48.958	154	0	(0)1	(0)6	(0)6	(0)1	(0)3	5.48638e-002	-2.3122	0.	0.	0.	0.	0.	1.	0.	0.	1.	0.	0.	0.	0.	0.	0.	0	-1	
4.63573	47.3869	155	0	(0)1	(0)6	(0)6	(0)1	(0)3	5.48638e-002	-2.3122	0.	0.	0.	0.	0.	1.	0.	0.	1.	0.	0.	0.	0.	0.	0.	0	-1	
4.65558	50.3676	156	0	(0)1	(0)6	(0)6	(0)1	(0)3	5.48638e-002	-2.3122	0.	0.	0.	0.	0.	1.	0.	0.	1.	0.	0.	0.	0.	0.	0.	0	-1	
4.67669	47.3679	157	0	(0)1	(0)6	(0)6	(0)1	(0)3	5.48638e-002	-2.3122	0.	0.	0.	0.	0.	1.	0.	0.	1.	0.	0.	0.	0.	0.	0.	0	-1	
4.69793	47.082	158	0	(0)1	(0)6	(0)6	(0)1	(0)3	5.48638e-002	-2.3122	0.	0.	0.	0.	0.	1.	0.	0.	1.	0.	0.	0.	0.	0.	0.	0	-1	
4.71891	47.6807	159	0	(0)1	(0)6	(0)6	(0)1	(0)3	5.48638e-002	-2.3122	0.	0.	0.	0.	0.	1.	0.	0.	1.	0.	0.	0.	0.	0.	0.	0	-1	
4.73939	48.8143	160	0	(0)1	(0)6	(0)6	(0)1	(0)3	5.48638e-002	-2.3122	0.	0.	0.	0.	0.	1.	0.	0.	1.	0.	0.	0.	0.	0.	0.	0	-1	
4.76032	47.7933	161	0	(0)1	(0)6	(0)6	(0)1	(0)3	5.48638e-002	-2.3122	0.	0.	0.	0.	0.	1.	0.	0.	1.	0.	0.	0.	0.	0.	0.	0	-1	
4.78113	48.0345	162	0	(0)1	(0)6	(0)6	(0)1	(0)3	5.48638e-002	-2.3122	0.	0.	0.	0.	0.	1.	0.	0.	1.	0.	0.	0.	0.	0.	0.	0	-1	
4.8019	48.1529	163	0	(0)1	(0)6	(0)6	(0)1	(0)3	5.48638e-002	-2.3122	0.	0.	0.	0.	0.	1.	0.	0.	1.	0.	0.	0.	0.	0.	0.	0	-1	
4.82201	49.7198	164	0	(0)1	(0)6	(0)6	(0)1	(0)3	5.48638e-002	-2.3122	0.	0.	0.	0.	0.	1.	0.	0.	1.	0.	0.	0.	0.	0.	0.	0	-1	
4.84227	49.3669	165	0	(0)1	(0)6	(0)6	(0)1	(0)3	5.48638e-002	-2.3122	0.	0.	0.	0.	0.	1.	0.	0.	1.	0.	0.	0.	0.	0.	0.	0	-1	
4.86245	49.5531	166	0	(0)1	(0)6	(0)6	(0)1	(0)3	5.48638e-002	-2.3122	0.	0.	0.	0.	0.	1.	0.	0.	1.	0.	0.	0.	0.	0.	0.	0	-1	
4.88312	48.3842	167	0	(0)1	(0)6	(0)6	(0)1	(0)3	5.48638e-002	-2.3122	0.	0.	0.	0.	0.	1.	0.	0.	1.	0.	0.	0.	0.	0.	0.	0	-1	
4.90345	49.1788	168	0	(0)1	(0)6	(0)6	(0)1	(0)3	5.48638e-002	-2.3122	0.	0.	0.	0.	0.	1.	0.	0.	1.	0.	0.	0.	0.	0.	0.	0	-1	
4.9238	49.1572	169	0	(0)1	(0)6	(0)6	(0)1	(0)3	5.48638e-002	-2.3122	0.	0.	0.	0.	0.	1.	0.	0.	1.	0.	0.	0.	0.	0.	0.	0	-1	
4.94355	50.631	170	0	(0)1	(0)6	(0)6	(0)1	(0)3	5.48638e-002	-2.3122	0.	0.	0.	0.	0.	1.	0.	0.	1.	0.	0.	0.	0.	0.	0.	0	-1	
4.9639	49.139	171	0	(0)1	(0)6	(0)6	(0)1	(0)3	5.48638e-002	-2.3122	0.	0.	0.	0.	0.	1.	0.	0.	1.	0.	0.	0.	0.	0.	0.	0	-1	
4.98388	50.0478	172	0	(0)1	(0)6	(0)6	(0)1	(0)3	5.48638e-002	-2.3122	0.	0.	0.	0.	0.	1.	0.	0.	1.	0.	0.	0.	0.	0.	0.	0	-1	
5.0041	49.4407	173	0	(0)1	(0)6	(0)6	(0)1	(0)3	5.48638e-002	-2.3122	0.	0.	0.	0.	0.	1.	0.	0.	1.	0.	0.	0.	0.	0.	0.	0	-1	
5.02935	39.6129	174	0	(0)1	(0)6	(0)6	(0)1	(0)3	5.48638e-002	-2.3122	0.	0.	0.	0.	0.	1.	0.	0.	1.	0.	0.	0.	0.	0.	0.	0	-1	
5.04983	48.827	175	0	(0)1	(0)6	(0)6	(0)1	(0)3	5.48638e-002	-2.3122	0.	0.	0.	0.	0.	1.	0.	0.	1.	0.	0.	0.	0.	0.	0.	0	-1	
5.06965	50.457	176	0	(0)1	(0)6	(0)6	(0)1	(0)3	5.48638e-002	-2.3122	0.	0.	0.	0.	0.	1.	0.	0.	1.	0.	0.	0.	0.	0.	0.	0	-1	
5.08995	49.2456	177	0	(0)1	(0)6	(0)6	(0)1	(0)3	5.48638e-002	-2.3122	0.	0.	0.	0.	0.	1.	0.	0.	1.	0.	0.	0.	0.	0.	0.	0	-1	
5.10999	49.9187	178	0	(0)1	(0)6	(0)6	(0)1	(0)3	5.48638e-002	-2.3122	0.	0.	0.	0.	0.	1.	0.	0.	1.	0.	0.	0.	0.	0.	0.	0	-1	
5.13019	49.5072	179	0	(0)1	(0)6	(0)6	(0)1	(0)3	5.48638e-002	-2.3122	0.	0.	0.	0.	0.	1.	0.	0.	1.	0.	0.	0.	0.	0.	0.	0	-1	
5.15067	48.827	180	0	(0)1	(0)6	(0)6	(0)1	(0)3	5.48638e-002	-2.3122	0.	0.	0.	0.	0.	1.	0.	0.	1.	0.	0.	0.	0.	0.	0.	0	-1	
5.17154	47.9177	181	0	(0)1	(0)6	(0)6	(0)1	(0)3	5.48638e-002	-2.3122	0.	0.	0.	0.	0.	1.	0.	0.	1.	0.	0.	0.	0.	0.	0.	0	-1	
5.19149	50.1181	182	0	(0)1	(0)6	(0)6	(0)1	(0)3	5.48638e-002	-2.3122	0.	0.	0.	0.	0.	1.	0.	0.	1.	0.	0.	0.	0.	0.	0.	0	-1	
5.21244	47.7192	183	0	(0)1	(0)6	(0)6	(0)1	(0)3	5.48638e-002	-2.3122	0.	0.	0.	0.	0.	1.	0.	0.	1.	0.	0.	0.	0.	0.	0.	0	-1	
5.23313	48.3478	184	0	(0)1	(0)6	(0)6	(0)1	(0)3	5.48638e-002	-2.3122	0.	0.	0.	0.	0.	1.	0.	0.	1.	0.	0.	0.	0.	0.	0.	0	-1	
5.25375	48.5023	185	0	(0)1	(0)6	(0)6	(0)1	(0)3	5.48638e-002	-2.3122	0.	0.	0.	0.	0.	1.	0.	0.	1.	0.	0.	0.	0.	0.	0.	0	-1	
5.2746	47.9586	186	0	(0)1	(0)6	(0)6	(0)1	(0)3	5.48638e-002	-2.3122	0.	0.	0.	0.	0.	1.	0.	0.	1.	0.	0.	0.	0.	0.	0.	0	-1	
5.29523	48.4699	187	0	(0)1	(0)6	(0)6	(0)1	(0)3	5.48638e-002	-2.3122	0.	0.	0.	0.	0.	1.	0.	0.	1.	0.	0.	0.	0.	0.	0.	0	-1	
5.31574	48.7529	188	0	(0)1	(0)6	(0)6	(0)1	(0)3	5.48638e-002	-2.3122	0.	0.	0.	0.	0.	1.	0.	0.	1.	0.	0.	0.	0.	0.	0.	0	-1	
5.33709	46.8356	189	0	(0)1	(0)6	(0)6	(0)1	(0)3	5.48638e-002	-2.3122	0.	0.	0.	0.	0.	1.	0.	0.	1.	0.	0.	0.	0.	0.	0.	0	-1	
5.35703	50.1483	190	0	(0)1	(0)6	(0)6	(0)1	(0)3	5.48638e-002	-2.3122	0.	0.	0.	0.	0.	1.	0.	0.	1.	0.	0.	0.	0.	0.	0.	0	-1	
5.37739	49.1228	191	0	(0)1	(0)6	(0)6	(0)1	(0)3	5.48638e-002	-2.3122	0.	0.	0.	0.	0.	1.	0.	0.	1.	0.	0.	0.	0.	0.	0.	0	-1	
5.39777	49.0713	192	0	(0)1	(0)6	(0)6	(0)1	(0)3	5.48638e-002	-2.3122	0.	0.	0.	0.	0.	1.	0.	0.	1.	0.	0.	0.	0.	0.	0.	0	-1	
5.41768	50.219	193	0	(0)1	(0)6	(0)6	(0)1	(0)3	5.48638e-002	-2.3122	0.	0.	0.	0.	0.	1.	0.	0.	1.	0.	0.	0.	0.	0.	0.	0	-1	
5.4384	48.273	194	0	(0)1	(0)6	(0)6	(0)1	(0)3	5.48638e-002	-2.3122	0.	0.	0.	0.	0.	1.	0.	0.	1.	0.	0.	0.	0.	0.	0.	0	-1	
5.46004	46.2092	195	0	(0)1	(0)6	(0)6	(0)1	(0)3	5.48638e-002	-2.3122	0.	0.	0.	0.	0.	1.	0.	0.	1.	0.	0.	0.	0.	0.	0.	0	-1	
5.48139	46.8297	196	0	(0)1	(0)6	(0)6	(0)1	(0)3	5.48638e-002	-2.3122	0.	0.	0.	0.	0.	1.	0.	0.	1.	0.	0.	0.	0.	0.	0.	0	-1	
5.50238	47.6443	197	0	(0)1	(0)6	(0)6	(0)1	(0)3	5.48638e-002	-2.3122	0.	0.	0.	0.	0.	1.	0.	0.	1.	0.	0.	0.	0.	0.	0.	0	-1	
5.52252	49.644	198	0	(0)1	(0)6	(0)6	(0)1	(0)3	5.48638e-002	-2.3122	0.	0.	0.	0.	0.	1.	0.	0.	1.	0.	0.	0.	0.	0.	0.	0	-1	
5.54337	47.9709	199	0	(0)1	(0)6	(0)6	(0)1	(0)3	5.48638e-002	-2.3122	0.	0.	0.	0.	0.	1.	0.	0.	1.	0.	0.	0.	0.	0.	0.	0	-1	
5.56413	48.1643	200	0	(0)1	(0)6	(0)6	(0)1	(0)3	5.48638e-002	-2.3122	0.	0.	0.	0.	0.	1.	0.	0.	1.	0.	0.	0.	0.	0.	0.	0	-1	
5.58469	48.6515	201	0	(0)1	(0)6	(0)6	(0)1	(0)3	5.48638e-002	-2.3122	0.	0.	0.	0.	0.	1.	0.	0.	1.	0.	0.	0.	0.	0.	0.	0	-1	
5.60485	49.6012	202	0	(0)1	(0)6	(0)6	(0)1	(0)3	5.48638e-002	-2.3122	0.	0.	0.	0.	0.	1.	0.	0.	1.	0.	0.	0.	0.	0.	0.	0	-1	
5.62497	49.6835	203	0	(0)1	(0)6	(0)6	(0)1	(0)3	5.48638e-002	-2.3122	0.	0.	0.	0.	0.	1.	0.	0.	1.	0.	0.	0.	0.	0.	0.	0	-1	
5.64542	48.911	204	0	(0)1	(0)6	(0)6	(0)1	(0)3	5.48638e-002	-2.3122	0.	0.	0.	0.	0.	1.	0.	0.	1.	0.	0.	0.	0.	0.	0.	0	-1	
5.66646	47.5193	205	0	(0)1	(0)6	(0)6	(0)1	(0)3	5.48638e-002	-2.3122	0.	0.	0.	0.	0.	1.	0.	0.	1.	0.	0.	0.	0.	0.	0.	0	-1	
5.68677	49.2381	206	0	(0)1	(0)6	(0)6	(0)1	(0)3	5.48638e-002	-2.3122	0.	0.	0.	0.	0.	1.	0.	0.	1.	0.	0.	0.	0.	0.	0.	0	-1	
5.70789	47.346	207	0	(0)1	(0)6	(0)6	(0)1	(0)3	5.48638e-002	-2.3122	0.	0.	0.	0.	0.	1.	0.	0.	1.	0.	0.	0.	0.	0.	0.	0	-1	
5.72827	49.0788	208	0	(0)1	(0)6	(0)6	(0)1	(0)3	5.48638e-002	-2.3122	0.	0.	0.	0.	0.	1.	0.	0.	1.	0.	0.	0.	0.	0.	0.	0	-1	
5.74832	49.8844	209	0	(0)1	(0)6	(0)6	(0)1	(0)3	5.48638e-002	-2.3122	0.	0.	0.	0.	0.	1.	0.	0.	1.	0.	0.	0.	0.	0.	0.	0	-1	
5.76918	47.9177	210	0	(0)1	(0)6	(0)6	(0)1	(0)3	5.48638e-002	-2.3122	0.	0.	0.	0.	0.	1.	0.	0.	1.	0.	0.	0.	0.	0.	0.	0	-1	
5.78995	48.1498	211	0	(0)1	(0)6	(0)6	(0)1	(0)3	5.48638e-002	-2.3122	0.	0.	0.	0.	0.	1.	0.	0.	1.	0.	0.	0.	0.	0.	0.	0	-1	
5.81069	48.2274	212	0	(0)1	(0)6	(0)6	(0)1	(0)3	5.48638e-002	-2.3122	0.	0.	0.	0.	0.	1.	0.	0.	1.	0.	0.	0.	0.	0.	0.	0	-1	
5.83177	47.436	213	0	(0)1	(0)6	(0)6	(0)1	(0)3	5.48638e-002	-2.3122	0.	0.	0.	0.	0.	1.	0.	0.	1.	0.	0.	0.	0.	0.	0.	0	-1	
5.85231	48.6831	214	0	(0)1	(0)6	(0)6	(0)1	(0)3	5.48638e-002	-2.3122	0.	0.	0.	0.	0.	1.	0.	0.	1.	0.	0.	0.	0.	0.	0.	0	-1	
5.87237	49.8456	215	0	(0)1	(0)6	(0)6	(0)1	(0)3	5.48638e-002	-2.3122	0.	0.	0.	0.	0.	1.	0.	0.	1.	0.	0.	0.	0.	0.	0.	0	-1	
5.89428	45.6551	216	0	(0)1	(0)6	(0)6	(0)1	(0)3	5.48638e-002	-2.3122	0.	0.	0.	0.	0.	1.	0.	0.	1.	0.	0.	0.	0.	0.	0.	0	-1	
5.91482	48.6705	217	0	(0)1	(0)6	(0)6	(0)1	(0)3	5.48638e-002	-2.3122	0.	0.	0.	0.	0.	1.	0.	0.	1.	0.	0.	0.	0.	0.	0.	0	-1	
5.93505	49.4462	218	0	(0)1	(0)6	(0)6	(0)1	(0)3	5.48638e-002	-2.3122	0.	0.	0.	0.	0.	1.	0.	0.	1.	0.	0.	0.	0.	0.	0.	0	-1	
5.95646	46.707	219	0	(0)1	(0)6	(0)6	(0)1	(0)3	5.48638e-002	-2.3122	0.	0.	0.	0.	0.	1.	0.	0.	1.	0.	0.	0.	0.	0.	0.	0	-1	
5.97681	49.1293	220	0	(0)1	(0)6	(0)6	(0)1	(0)3	5.48638e-002	-2.3122	0.	0.	0.	0.	0.	1.	0.	0.	1.	0.	0.	0.	0.	0.	0.	0	-1	
5.99771	47.8503	221	0	(0)1	(0)6	(0)6	(0)1	(0)3	5.48638e-002	-2.3122	0.	0.	0.	0.	0.	1.	0.	0.	1.	0.	0.	0.	0.	0.	0.	0	-1	
6.01837	48.402	222	0	(0)1	(0)6	(0)6	(0)1	(0)3	5.48638e-002	-2.3122	0.	0.	0.	0.	0.	1.	0.	0.	1.	0.	0.	0.	0.	0.	0.	0	-1	
6.03852	49.6264	223	0	(0)1	(0)6	(0)6	(0)1	(0)3	5.48638e-002	-2.3122	0.	0.	0.	0.	0.	1.	0.	0.	1.	0.	0.	0.	0.	0.	0.	0	-1	
6.05848	50.1092	224	0	(0)1	(0)6	(0)6	(0)1	(0)3	5.48638e-002	-2.3122	0.	0.	0.	0.	0.	1.	0.	0.	1.	0.	0.	0.	0.	0.	0.	0	-1	
6.07981	46.8766	225	0	(0)1	(0)6	(0)6	(0)1	(0)3	5.48638e-002	-2.3122	0.	0.	0.	0.	0.	1.	0.	0.	1.	0.	0.	0.	0.	0.	0.	0	-1	
6.10084	47.5535	226	0	(0)1	(0)6	(0)6	(0)1	(0)3	5.48638e-002	-2.3122	0.	0.	0.	0.	0.	1.	0.	0.	1.	0.	0.	0.	0.	0.	0.	0	-1	
6.12143	48.5558	227	0	(0)1	(0)6	(0)6	(0)1	(0)3	5.48638e-002	-2.3122	0.	0.	0.	0.	0.	1.	0.	0.	1.	0.	0.	0.	0.	0.	0.	0	-1	
6.14169	49.3658	228	0	(0)1	(0)6	(0)6	(0)1	(0)3	5.48638e-002	-2.3122	0.	0.	0.	0.	0.	1.	0.	0.	1.	0.	0.	0.	0.	0.	0.	0	-1	
6.16217	48.8355	229	0	(0)1	(0)6	(0)6	(0)1	(0)3	5.48638e-002	-2.3122	0.	0.	0.	0.	0.	1.	0.	0.	1.	0.	0.	0.	0.	0.	0.	0	-1	
6.18261	48.9068	230	0	(0)1	(0)6	(0)6	(0)1	(0)3	5.48638e-002	-2.3122	0.	0.	0.	0.	0.	1.	0.	0.	1.	0.	0.	0.	0.	0.	0.	0	-1	
6.20339	48.1313	231	0	(0)1	(0)6	(0)6	(0)1	(0)3	5.48638e-002	-2.3122	0.	0.	0.	0.	0.	1.	0.	0.	1.	0.	0.	0.	0.	0.	0.	0	-1	
6.22358	49.5258	232	0	(0)1	(0)6	(0)6	(0)1	(0)3	5.48638e-002	-2.3122	0.	0.	0.	0.	0.	1.	0.	0.	1.	0.	0.	0.	0.	0.	0.	0	-1	
6.24443	47.9566	233	0	(0)1	(0)6	(0)6	(0)1	(0)3	5.48638e-002	-2.3122	0.	0.	0.	0.	0.	1.	0.	0.	1.	0.	0.	0.	0.	0.	0.	0	-1	
6.26512	48.3467	234	0	(0)1	(0)6	(0)6	(0)1	(0)3	5.48638e-002	-2.3122	0.	0.	0.	0.	0.	1.	0.	0.	1.	0.	0.	0.	0.	0.	0.	0	-1	
6.28629	47.2265	235	0	(0)1	(0)6	(0)6	(0)1	(0)3	5.48638e-002	-2.3122	0.	0.	0.	0.	0.	1.	0.	0.	1.	0.	0.	0.	0.	0.	0.	0	-1	
6.30643	49.6495	236	0	(0)1	(0)6	(0)6	(0)1	(0)3	5.48638e-002	-2.3122	0.	0.	0.	0.	0.	1.	0.	0.	1.	0.	0.	0.	0.	0.	0.	0	-1	
6.32724	48.0612	237	0	(0)1	(0)6	(0)6	(0)1	(0)3	5.48638e-002	-2.3122	0.	0.	0.	0.	0.	1.	0.	0.	1.	0.	0.	0.	0.	0.	0.	0	-1	
6.34744	49.5007	238	0	(0)1	(0)6	(0)6	(0)1	(0)3	5.48638e-002	-2.3122	0.	0.	0.	0.	0.	1.	0.	0.	1.	0.	0.	0.	0.	0.	0.	0	-1	
6.3684	47.7171	239	0	(0)1	(0)6	(0)6	(0)1	(0)3	5.48638e-002	-2.3122	0.	0.	0.	0.	0.	1.	0.	0.	1.	0.	0.	0.	0.	0.	0.	0	-1	
6.38837	50.079	240	0	(0)1	(0)6	(0)6	(0)1	(0)3	5.48638e-002	-2.3122	0.	0.	0.	0.	0.	1.	0.	0.	1.	0.	0.	0.	0.	0.	0.	0	-1	
6.40868	49.2251	241	0	(0)1	(0)6	(0)6	(0)1	(0)3	5.48638e-002	-2.3122	0.	0.	0.	0.	0.	1.	0.	0.	1.	0.	0.	0.	0.	0.	0.	0	-1	
6.42921	48.7063	242	0	(0)1	(0)6	(0)6	(0)1	(0)3	5.48638e-002	-2.3122	0.	0.	0.	0.	0.	1.	0.	0.	1.	0.	0.	0.	0.	0.	0.	0	-1	
6.45254	42.8603	243	0	(0)1	(0)6	(0)6	(0)1	(0)3	5.48638e-002	-2.3122	0.	0.	0.	0.	0.	1.	0.	0.	1.	0.	0.	0.	0.	0.	0.	0	-1	
6.47288	49.168	244	0	(0)1	(0)6	(0)6	(0)1	(0)3	5.48638e-002	-2.3122	0.	0.	0.	0.	0.	1.	0.	0.	1.	0.	0.	0.	0.	0.	0.	0	-1	
6.49353	48.4281	245	0	(0)1	(0)6	(0)6	(0)1	(0)3	5.48638e-002	-2.3122	0.	0.	0.	0.	0.	1.	0.	0.	1.	0.	0.	0.	0.	0.	0.	0	-1	
6.51436	48.0119	246	0	(0)1	(0)6	(0)6	(0)1	(0)3	5.48638e-002	-2.3122	0.	0.	0.	0.	0.	1.	0.	0.	1.	0.	0.	0.	0.	0.	0.	0	-1	
6.53523	47.9218	247	0	(0)1	(0)6	(0)6	(0)1	(0)3	5.48638e-002	-2.3122	0.	0.	0.	0.	0.	1.	0.	0.	1.	0.	0.	0.	0.	0.	0.	0	-1	
6.55492	50.7798	248	0	(0)1	(0)6	(0)6	(0)1	(0)3	5.48638e-002	-2.3122	0.	0.	0.	0.	0.	1.	0.	0.	1.	0.	0.	0.	0.	0.	0.	0	-1	
6.57546	48.6968	249	0	(0)1	(0)6	(0)6	(0)1	(0)3	5.48638e-002	-2.3122	0.	0.	0.	0.	0.	1.	0.	0.	1.	0.	0.	0.	0.	0.	0.	0	-1	
6.59594	48.8133	250	0	(0)1	(0)6	(0)6	(0)1	(0)3	5.48638e-002	-2.3122	0.	0.	0.	0.	0.	1.	0.	0.	1.	0.	0.	0.	0.	0.	0.	0	-1	
6.61795	45.438	251	0	(0)1	(0)6	(0)6	(0)1	(0)3	5.48638e-002	-2.3122	0.	0.	0.	0.	0.	1.	0.	0.	1.	0.	0.	0.	0.	0.	0.	0	-1	
6.63844	48.8111	252	0	(0)1	(0)6	(0)6	(0)1	(0)3	5.48638e-002	-2.3122	0.	0.	0.	0.	0.	1.	0.	0.	1.	0.	0.	0.	0.	0.	0.	0	-1	
6.65873	49.2813	253	0	(0)1	(0)6	(0)6	(0)1	(0)3	5.48638e-002	-2.3122	0.	0.	0.	0.	0.	1.	0.	0.	1.	0.	0.	0.	0.	0.	0.	0	-1	
6.67875	49.9509	254	0	(0)1	(0)6	(0)6	(0)1	(0)3	5.48638e-002	-2.3122	0.	0.	0.	0.	0.	1.	0.	0.	1.	0.	0.	0.	0.	0.	0.	0	-1	
6.69966	47.8187	255	0	(0)1	(0)6	(0)6	(0)1	(0)3	5.48638e-002	-2.3122	0.	0.	0.	0.	0.	1.	0.	0.	1.	0.	0.	0.	0.	0.	0.	0	-1	
6.7197	49.8921	256	0	(0)1	(0)6	(0)6	(0)1	(0)3	5.48638e-002	-2.3122	0.	0.	0.	0.	0.	1.	0.	0.	1.	0.	0.	0.	0.	0.	0.	0	-1	
6.74037	48.3978	257	0	(0)1	(0)6	(0)6	(0)1	(0)3	5.48638e-002	-2.3122	0.	0.	0.	0.	0.	1.	0.	0.	1.	0.	0.	0.	0.	0.	0.	0	-1	
6.76058	49.4723	258	0	(0)1	(0)6	(0)6	(0)1	(0)3	5.48638e-002	-2.3122	0.	0.	0.	0.	0.	1.	0.	0.	1.	0.	0.	0.	0.	0.	0.	0	-1	
6.78183	47.0514	259	0	(0)1	(0)6	(0)6	(0)1	(0)3	5.48638e-002	-2.3122	0.	0.	0.	0.	0.	1.	0.	0.	1.	0.	0.	0.	0.	0.	0.	0	-1	
6.80196	49.6824	260	0	(0)1	(0)6	(0)6	(0)1	(0)3	5.48638e-002	-2.3122	0.	0.	0.	0.	0.	1.	0.	0.	1.	0.	0.	0.	0.	0.	0.	0	-1	
6.82185	50.2875	261	0	(0)1	(0)6	(0)6	(0)1	(0)3	5.48638e-002	-2.3122	0.	0.	0.	0.	0.	1.	0.	0.	1.	0.	0.	0.	0.	0.	0.	0	-1	
6.84205	49.4887	262	0	(0)1	(0)6	(0)6	(0)1	(0)3	5.48638e-002	-2.3122	0.	0.	0.	0.	0.	1.	0.	0.	1.	0.	0.	0.	0.	0.	0.	0	-1	
6.86181	50.6253	263	0	(0)1	(0)6	(0)6	(0)1	(0)3	5.48638e-002	-2.3122	0.	0.	0.	0.	0.	1.	0.	0.	1.	0.	0.	0.	0.	0.	0.	0	-1	
6.88174	50.164	264	0	(0)1	(0)6	(0)6	(0)1	(0)3	5.48638e-002	-2.3122	0.	0.	0.	0.	0.	1.	0.	0.	1.	0.	0.	0.	0.	0.	0.	0	-1	
6.90218	48.9324	265	0	(0)1	(0)6	(0)6	(0)1	(0)3	5.48638e-002	-2.3122	0.	0.	0.	0.	0.	1.	0.	0.	1.	0.	0.	0.	0.	0.	0.	0	-1	
6.92141	51.9833	266	0	(0)1	(0)6	(0)6	(0)1	(0)3	5.48638e-002	-2.3122	0.	0.	0.	0.	0.	1.	0.	0.	1.	0.	0.	0.	0.	0.	0.	0	-1	
6.94164	49.431	267	0	(0)1	(0)6	(0)6	(0)1	(0)3	5.48638e-002	-2.3122	0.	0.	0.	0.	0.	1.	0.	0.	1.	0.	0.	0.	0.	0.	0.	0	-1	
6.96202	49.0713	268	0	(0)1	(0)6	(0)6	(0)1	(0)3	5.48638e-002	-2.3122	0.	0.	0.	0.	0.	1.	0.	0.	1.	0.	0.	0.	0.	0.	0.	0	-1	
6.98264	48.4929	269	0	(0)1	(0)6	(0)6	(0)1	(0)3	5.48638e-002	-2.3122	0.	0.	0.	0.	0.	1.	0.	0.	1.	0.	0.	0.	0.	0.	0.	0	-1	
7.00282	49.5717	270	0	(0)1	(0)6	(0)6	(0)1	(0)3	5.48638e-002	-2.3122	0.	0.	0.	0.	0.	1.	0.	0.	1.	0.	0.	0.	0.	0.	0.	0	-1	
7.02349	48.3644	271	0	(0)1	(0)6	(0)6	(0)1	(0)3	5.48638e-002	-2.3122	0.	0.	0.	0.	0.	1.	0.	0.	1.	0.	0.	0.	0.	0.	0.	0	-1	
7.04373	49.4233	272	0	(0)1	(0)6	(0)6	(0)1	(0)3	5.48638e-002	-2.3122	0.	0.	0.	0.	0.	1.	0.	0.	1.	0.	0.	0.	0.	0.	0.	0	-1	
7.06457	47.9811	273	0	(0)1	(0)6	(0)6	(0)1	(0)3	5.48638e-002	-2.3122	0.	0.	0.	0.	0.	1.	0.	0.	1.	0.	0.	0.	0.	0.	0.	0	-1	
7.08502	48.9025	274	0	(0)1	(0)6	(0)6	(0)1	(0)3	5.48638e-002	-2.3122	0.	0.	0.	0.	0.	1.	0.	0.	1.	0.	0.	0.	0.	0.	0.	0	-1	
7.10517	49.6155	275	0	(0)1	(0)6	(0)6	(0)1	(0)3	5.48638e-002	-2.3122	0.	0.	0.	0.	0.	1.	0.	0.	1.	0.	0.	0.	0.	0.	0.	0	-1	
7.12515	50.0678	276	0	(0)1	(0)6	(0)6	(0)1	(0)3	5.48638e-002	-2.3122	0.	0.	0.	0.	0.	1.	0.	0.	1.	0.	0.	0.	0.	0.	0.	0	-1	
7.14618	47.5454	277	0	(0)1	(0)6	(0)6	(0)1	(0)3	5.48638e-002	-2.3122	0.	0.	0.	0.	0.	1.	0.	0.	1.	0.	0.	0.	0.	0.	0.	0	-1	
7.16648	49.2651	278	0	(0)1	(0)6	(0)6	(0)1	(0)3	5.48638e-002	-2.3122	0.	0.	0.	0.	0.	1.	0.	0.	1.	0.	0.	0.	0.	0.	0.	0	-1	
7.18706	48.5894	279	0	(0)1	(0)6	(0)6	(0)1	(0)3	5.48638e-002	-2.3122	0.	0.	0.	0.	0.	1.	0.	0.	1.	0.	0.	0.	0.	0.	0.	0	-1	
7.20754	48.827	280	0	(0)1	(0)6	(0)6	(0)1	(0)3	5.48638e-002	-2.3122	0.	0.	0.	0.	0.	1.	0.	0.	1.	0.	0.	0.	0.	0.	0.	0	-1	
7.22828	48.2139	281	0	(0)1	(0)6	(0)6	(0)1	(0)3	5.48638e-002	-2.3122	0.	0.	0.	0.	0.	1.	0.	0.	1.	0.	0.	0.	0.	0.	0.	0	-1	
7.24884	48.6262	282	0	(0)1	(0)6	(0)6	(0)1	(0)3	5.48638e-002	-2.3122	0.	0.	0.	0.	0.	1.	0.	0.	1.	0.	0.	0.	0.	0.	0.	0	-1	
7.26983	47.6493	283	0	(0)1	(0)6	(0)6	(0)1	(0)3	5.48638e-002	-2.3122	0.	0.	0.	0.	0.	1.	0.	0.	1.	0.	0.	0.	0.	0.	0.	0	-1	
7.29032	48.8069	284	0	(0)1	(0)6	(0)6	(0)1	(0)3	4.31338e-002	-1.95381	0.	-1.52616e-002	8.72281e-002	0.	-6.25494e-003	0.99998	0.	-6.25494e-003	0.99998	0.	-21.503	-17.4916	-0.358384	20.	15.5592	0	-1	
7.31151	47.1967	285	0	(0)1	(0)6	(0)6	(0)1	(0)4	3.25745e-002	-2.53742	0.	-2.93724e-002	0.174973	0.	-1.18123e-002	0.99993	0.	-1.18123e-002	0.99993	0.	-19.1055	-15.0286	-0.676809	20.	15.1001	0	-1	
7.33187	49.1046	286	0	(0)1	(0)6	(0)7	(0)1	(0)4	2.07378e-002	-2.15574	0.	-4.66501e-002	0.261651	0.	-1.84731e-002	0.999829	0.	-1.84731e-002	0.999829	0.	-22.9009	-18.7423	-1.05849	20.	15.6241	0	-1	
7.35339	46.4645	287	0	(0)1	(0)7	(0)7	(0)1	(0)4	9.59642e-003	-1.81658	0.	-6.27081e-002	0.348887	0.	-2.43911e-002	0.999702	0.	-2.43911e-002	0.999702	0.	-20.3494	-15.7588	-1.39765	20.	14.8374	0	-1	
7.37377	49.0703	288	0	(0)1	(0)7	(0)7	(0)1	(0)4	4.4073e-004	-1.51521	0.	-7.76888e-002	0.436636	0.	-2.96491e-002	0.99956	0.	-2.96491e-002	0.99956	0.	-18.0822	-14.7883	-1.69902	20.	15.7253	0	-1	
7.39527	46.5145	289	0	(0)1	(0)7	(0)7	(0)1	(0)4	9.50119e-003	-1.24742	0.	-9.17176e-002	0.524852	0.	-3.43206e-002	0.999411	0.	-3.43206e-002	0.999411	0.	-16.0676	-12.4563	-1.96681	20.	14.9576	0	-1	
7.41617	47.8595	290	0	(0)1	(0)7	(0)7	(0)1	(0)4	1.76975e-002	-1.00946	0.	-0.104905	0.613493	0.	-3.8471e-002	0.99926	0.	-3.8471e-002	0.99926	0.	-14.2775	-11.3885	-2.20477	20.	15.4404	0	-1	
7.43757	46.7109	291	0	(0)1	(0)7	(0)7	(0)1	(0)4	2.51288e-002	-0.798015	0.	-0.117347	0.702519	0.	-4.21584e-002	0.999111	0.	-4.21584e-002	0.999111	0.	-12.6868	-9.87683	-2.41622	20.	15.1161	0	-1	
7.46122	42.2961	292	0	(0)1	(0)7	(0)7	(0)1	(0)4	3.18827e-002	-0.610127	0.	-0.129131	0.791894	0.	-4.54345e-002	0.998967	0.	-4.54345e-002	0.998967	0.	-11.2733	-7.94694	-2.6041	20.	13.7265	0	-1	
7.48233	47.36	293	0	(0)2	(0)7	(0)7	(0)2	(0)4	3.80367e-002	-0.443173	0.	-0.140331	0.881583	0.	-4.83452e-002	0.998831	0.	-4.83452e-002	0.998831	0.	-10.0173	-7.90697	-2.77106	20.	15.4104	0	-1	
7.50296	48.4761	294	0	(0)2	(0)7	(0)7	(0)2	(0)5	4.36591e-002	-1.18321	0.	-0.151015	0.971555	0.	-5.09313e-002	0.998702	0.	-5.09313e-002	0.998702	0.	-8.90123	-7.19162	-2.91941	20.	15.8117	0	-1	
7.52438	46.6798	295	0	(0)2	(0)7	(0)7	(0)2	(0)5	5.14643e-002	-0.95418	0.	-0.165301	1.06012	0.	-5.49229e-002	0.998491	0.	-5.49229e-002	0.998491	0.	-13.7415	-10.6908	-3.14844	20.	15.0751	0	-1	
7.54534	47.7151	296	0	(0)2	(0)8	(0)8	(0)2	(0)5	5.86432e-002	-0.750647	0.	-0.178878	1.14906	0.	-5.84695e-002	0.998289	0.	-5.84695e-002	0.998289	0.	-12.212	-9.7116	-3.35197	20.	15.4557	0	-1	
7.56659	47.0593	297	0	(0)2	(0)8	(0)8	(0)2	(0)5	6.51716e-002	-0.569769	0.	-0.191828	1.23836	0.	-6.16208e-002	0.9981	0.	-6.16208e-002	0.9981	0.	-10.8527	-8.51201	-3.53285	20.	15.2856	0	-1	
7.58794	46.8414	298	0	(0)2	(0)8	(0)8	(0)2	(0)5	7.11238e-002	-0.409023	0.	-0.204223	1.32796	0.	-6.44207e-002	0.997923	0.	-6.44207e-002	0.997923	0.	-9.64473	-7.52955	-3.69359	20.	15.2538	0	-1	
7.6085	48.6452	299	0	(0)2	(0)8	(0)8	(0)2	(0)5	7.65652e-002	-0.26617	0.	-0.216125	1.41785	0.	-6.69086e-002	0.997759	0.	-6.69086e-002	0.997759	0.	-8.57121	-6.94913	-3.83645	20.	15.8784	0	-1	
7.6297	47.169	300	0	(0)2	(0)8	(0)8	(0)2	(0)5	8.15539e-002	-0.139217	0.	-0.227592	1.50799	0.	-6.91192e-002	0.997608	0.	-6.91192e-002	0.997608	0.	-7.61717	-5.98824	-3.9634	20.	15.4295	0	-1	
7.65144	45.9916	301	0	(0)2	(0)8	(0)8	(0)2	(0)5	8.6141e-002	-2.63945e-002	0.	-0.238673	1.59835	0.	-7.10835e-002	0.99747	0.	-7.10835e-002	0.99747	0.	-6.76933	-5.18888	-4.07622	20.	15.0737	0	-1	
7.67181	49.0949	302	0	(0)3	(0)8	(0)8	(0)2	(0)5	9.02736e-002	7.15566e-002	0.	-0.249315	1.68896	0.	-7.27886e-002	0.997347	0.	-7.27886e-002	0.997347	0.	-5.87707	-4.8089	-4.17417	20.	16.1244	0	-1	
7.69285	47.5273	303	0	(0)3	(0)8	(0)8	(0)3	(0)5	9.43299e-002	0.164059	0.	-0.259886	1.77965	0.	-7.43987e-002	0.997229	0.	-7.43987e-002	0.997229	0.	-5.55017	-4.39641	-4.26668	20.	15.6217	0	-1	
7.7139	47.5092	304	0	(0)3	(0)8	(0)8	(0)3	(0)6	9.83145e-002	-0.622982	0.	-0.270391	1.87041	0.	-7.59191e-002	0.997114	0.	-7.59191e-002	0.997114	0.	-5.24146	-4.1503	-4.35403	20.	15.6272	0	-1	
7.73597	45.3042	305	0	(0)3	(0)9	(0)9	(0)3	(0)6	0.103108	-0.458079	0.	-0.284241	1.95975	0.	-7.87886e-002	0.996891	0.	-7.87886e-002	0.996891	0.	-9.89421	-7.47082	-4.51894	20.	14.7454	0	-1	
7.7568	48.0068	306	0	(0)3	(0)9	(0)9	(0)3	(0)6	0.108631	-0.311509	0.	-0.29759	2.04939	0.	-8.13385e-002	0.996687	0.	-8.13385e-002	0.996687	0.	-8.79417	-7.03633	-4.66551	20.	15.6623	0	-1	
7.77899	45.0742	307	0	(0)3	(0)9	(0)9	(0)3	(0)6	0.113689	-0.181235	0.	-0.310497	2.13929	0.	-8.36045e-002	0.996499	0.	-8.36045e-002	0.996499	0.	-7.81644	-5.872	-4.79578	20.	14.7377	0	-1	
7.80064	46.1741	308	0	(0)3	(0)9	(0)9	(0)3	(0)6	0.123354	5.0345e-002	0.	-0.335894	2.31953	0.	-8.76315e-002	0.996153	0.	-8.76315e-002	0.996153	0.	-13.8948	-10.693	-5.02736	40.	30.2561	0	-1	
7.82244	45.8855	309	0	(0)4	(0)9	(0)9	(0)4	(0)6	0.13624	0.326275	0.	-0.372472	2.59102	0.	-9.24278e-002	0.995719	0.	-9.24278e-002	0.995719	0.	-16.5558	-12.6612	-5.30329	60.	45.2525	0	-1	
7.84437	45.5847	310	0	(0)4	(0)10	(0)10	(0)4	(0)7	0.148341	-0.304016	0.	-0.408323	2.86322	0.	-9.64231e-002	0.99534	0.	-9.64231e-002	0.99534	0.	-13.7966	-10.4819	-5.53323	60.	45.0546	0	-1	
7.86649	45.2212	311	0	(0)4	(0)10	(0)10	(0)4	(0)7	0.166828	0.206638	0.	-0.467393	3.22188	0.	-0.10529	0.994442	0.	-0.10529	0.994442	0.	-30.6393	-23.0924	-6.04389	80.	59.1755	0	-1	
7.88776	47.0081	312	0	(0)5	(0)11	(0)11	(0)5	(0)8	0.188477	-0.231267	0.	-0.535384	3.67408	0.	-0.112366	0.993667	0.	-0.112366	0.993667	0.	-24.471	-19.1722	-6.45174	100.	77.3849	0	-1	
7.90911	46.8492	313	0	(0)6	(0)11	(0)11	(0)5	(0)8	0.211939	0.357739	0.	-0.615096	4.12203	0.	-0.122575	0.992459	0.	-0.122575	0.992459	0.	-35.3404	-27.5945	-7.04075	100.	76.7379	0	-1	
7.93065	46.4117	314	0	(0)6	(0)12	(0)12	(0)6	(0)9	0.235812	-4.48067e-002	0.	-0.69192	4.57254	0.	-0.129997	0.991514	0.	-0.129997	0.991514	0.	-25.7219	-19.8966	-7.46944	100.	76.3579	0	-1	
7.95231	46.1732	315	0	(0)7	(0)12	(0)12	(0)7	(0)9	0.257831	0.5069	0.	-0.77784	5.01981	0.	-0.139539	0.990217	0.	-0.139539	0.990217	0.	-33.1024	-25.4741	-8.02115	100.	75.7067	0	-1	
7.97237	49.8423	316	0	(0)7	(0)13	(0)13	(0)7	(0)10	0.276956	-2.30391e-003	0.	-0.856722	5.47159	0.	-0.144846	0.989454	0.	-0.144846	0.989454	0.	-18.433	-15.3124	-8.32837	100.	82.2899	0	-1	
7.99289	48.7497	317	0	(0)8	(0)13	(0)13	(0)8	(0)11	0.297014	-0.277171	0.	-0.948185	5.91808	0.	-0.153937	0.988081	0.	-0.153937	0.988081	0.	-31.6056	-25.6794	-8.85513	100.	79.9857	0	-1	
8.0133	48.9793	318	0	(0)8	(0)14	(0)14	(0)8	(0)11	0.328958	0.426782	0.	-1.0519	6.35969	0.	-0.166065	0.986115	0.	-0.166065	0.986115	0.	-42.2372	-34.4791	-9.55908	100.	79.985	0	-1	
8.0323	52.6264	319	0	(0)9	(0)14	(0)14	(0)9	(0)12	0.34766	-4.81824e-002	0.	-1.14308	6.80908	0.	-0.171426	0.985197	0.	-0.171426	0.985197	0.	-18.6997	-16.4016	-9.87074	100.	86.8751	0	-1	
8.04934	58.6861	320	0	(0)9	(0)15	(0)15	(0)9	(0)12	0.371354	0.471802	0.	-1.24622	7.25311	0.	-0.18036	0.983601	0.	-0.18036	0.983601	0.	-31.1991	-30.5159	-10.3907	100.	96.3067	0	-1	
8.06714	56.1903	321	0	(0)10	(0)16	(0)15	(0)10	(0)13	0.389376	-9.44094e-003	0.	-1.34295	7.70163	0.	-0.185343	0.982674	0.	-0.185343	0.982674	0.	-17.4231	-16.3168	-10.6811	100.	92.8164	0	-1	
8.08422	58.553	322	0	(0)11	(0)16	(0)16	(0)10	(0)13	0.411176	0.486765	0.	-1.45128	8.14473	0.	-0.193846	0.981032	0.	-0.193846	0.981032	0.	-29.7723	-29.0543	-11.1773	100.	96.1513	0	-1	
8.10238	55.0729	323	0	(0)11	(0)17	(0)16	(0)11	(0)14	0.428682	7.59373e-003	0.	-1.55357	8.5922	0.	-0.198593	0.980082	0.	-0.198593	0.980082	0.	-16.644	-15.2772	-11.4547	100.	91.0057	0	-1	
8.11943	58.6248	324	0	(0)12	(0)17	(0)17	(0)11	(0)14	0.448818	0.487207	0.	-1.66712	9.03421	0.	-0.20679	0.978385	0.	-0.20679	0.978385	0.	-28.7768	-28.1172	-11.9343	100.	96.3136	0	-1	
8.13645	58.7552	325	0	(0)12	(0)18	(0)18	(0)12	(0)15	0.467843	5.4069e-002	0.	-1.77671	9.47952	0.	-0.212053	0.977258	0.	-0.212053	0.977258	0.	-18.5031	-18.1193	-12.2427	100.	97.0018	0	-1	
8.15328	59.4204	326	0	(0)13	(0)18	(0)18	(0)12	(0)15	0.48614	0.50748	0.	-1.89516	9.92058	0.	-0.21978	0.975549	0.	-0.21978	0.975549	0.	-27.2046	-26.9419	-12.6961	100.	97.6922	0	-1	
8.17043	58.3249	327	0	(0)13	(0)19	(0)19	(0)13	(0)16	0.504711	7.67866e-002	0.	-2.01009	10.3647	0.	-0.224813	0.974402	0.	-0.224813	0.974402	0.	-17.7466	-17.2511	-12.9919	100.	96.3272	0	-1	
8.18722	59.567	328	0	(0)14	(0)19	(0)19	(0)14	(0)16	0.521418	0.511871	0.	-2.1335	10.8047	0.	-0.232206	0.972667	0.	-0.232206	0.972667	0.	-26.1051	-25.9167	-13.427	100.	97.9837	0	-1	
8.20419	58.9124	329	0	(0)14	(0)20	(0)20	(0)14	(0)17	0.539552	8.65547e-002	0.	-2.25366	11.2475	0.	-0.23706	0.971495	0.	-0.23706	0.971495	0.	-17.1668	-16.8556	-13.7131	100.	97.3252	0	-1	
8.22019	62.5235	330	0	(0)15	(0)20	(0)20	(0)15	(0)18	0.554833	-0.188805	0.	-2.38197	11.6863	0.	-0.244194	0.969727	0.	-0.244194	0.969727	0.	-25.265	-26.3276	-14.1342	100.	102.888	0	-1	
8.23723	58.6616	331	0	(0)15	(0)21	(0)21	(0)15	(0)18	0.572513	0.227802	0.	-2.51331	12.1242	0.	-0.251238	0.967925	0.	-0.251238	0.967925	0.	-24.9965	-24.4389	-14.5508	100.	96.5448	0	-1	
8.25428	58.6554	332	0	(0)16	(0)21	(0)21	(0)16	(0)19	0.592207	-8.93047e-002	0.	-2.64555	12.5625	0.	-0.25739	0.966308	0.	-0.25739	0.966308	0.	-21.8659	-21.3759	-14.9152	100.	96.6792	0	-1	
8.27123	59.0145	333	0	(0)17	(0)22	(0)22	(0)16	(0)19	0.608109	0.291345	0.	-2.78128	12.9995	0.	-0.263804	0.964576	0.	-0.263804	0.964576	0.	-22.839	-22.4639	-15.2959	100.	97.2256	0	-1	
8.2873	62.2273	334	0	(0)17	(0)23	(0)22	(0)17	(0)20	0.626787	-4.21239e-002	0.	-2.91787	13.437	0.	-0.26941	0.963026	0.	-0.26941	0.963026	0.	-19.9976	-20.74	-15.6292	100.	102.659	0	-1	
8.30439	58.4874	335	0	(0)18	(0)23	(0)23	(0)17	(0)20	0.641243	0.316893	0.	-3.0581	13.8729	0.	-0.275439	0.961319	0.	-0.275439	0.961319	0.	-21.541	-20.998	-15.9882	100.	96.4173	0	-1	
8.32112	59.781	336	0	(0)18	(0)24	(0)23	(0)18	(0)21	0.660633	8.60954e-003	0.	-3.20041	14.3084	0.	-0.281201	0.959649	0.	-0.281201	0.959649	0.	-20.6213	-20.5461	-16.3319	100.	98.5936	0	-1	
8.33795	59.4252	337	0	(0)19	(0)24	(0)24	(0)18	(0)21	0.67699	0.412554	0.	-3.3479	14.7413	0.	-0.287959	0.957643	0.	-0.287959	0.957643	0.	-24.2366	-24.0044	-16.7358	100.	97.8368	0	-1	
8.35503	58.553	338	0	(0)19	(0)25	(0)24	(0)19	(0)22	0.693087	3.59142e-002	0.	-3.49234	15.1772	0.	-0.292314	0.956322	0.	-0.292314	0.956322	0.	-15.6444	-15.2672	-16.9966	100.	96.8044	0	-1	
8.37249	57.2822	339	0	(0)20	(0)25	(0)25	(0)19	(0)22	0.708067	0.420704	0.	-3.64403	15.6089	0.	-0.29873	0.954338	0.	-0.29873	0.954338	0.	-23.0874	-22.0416	-17.3813	100.	94.3604	0	-1	
8.39002	57.0393	340	0	(0)20	(0)26	(0)26	(0)20	(0)23	0.723748	4.8672e-002	0.	-3.79296	16.0435	0.	-0.302906	0.95302	0.	-0.302906	0.95302	0.	-15.054	-14.3111	-17.6322	100.	94.3295	0	-1	
8.40728	57.9218	341	0	(0)21	(0)26	(0)26	(0)21	(0)23	0.737523	0.41915	0.	-3.94883	16.4739	0.	-0.309062	0.951042	0.	-0.309062	0.951042	0.	-22.2287	-21.4588	-18.0027	100.	95.4533	0	-1	
8.42443	58.3158	342	0	(0)21	(0)27	(0)27	(0)21	(0)24	0.752801	5.35564e-002	0.	-4.10213	16.907	0.	-0.313091	0.949723	0.	-0.313091	0.949723	0.	-14.5744	-14.1653	-18.2456	100.	96.4637	0	-1	
8.44035	62.8155	343	0	(0)22	(0)27	(0)27	(0)22	(0)24	0.765492	0.41244	0.	-4.26211	17.3361	0.	-0.319034	0.947743	0.	-0.319034	0.947743	0.	-21.533	-22.5434	-18.6045	100.	103.553	0	-1	
8.45654	61.7737	344	0	(0)22	(0)28	(0)28	(0)22	(0)25	0.780377	5.41073e-002	0.	-4.41966	17.7678	0.	-0.322934	0.946421	0.	-0.322934	0.946421	0.	-14.158	-14.5766	-18.8405	100.	102.205	0	-1	
8.47359	58.6386	345	0	(0)23	(0)28	(0)28	(0)23	(0)26	0.792075	-0.177322	0.	-4.58367	18.1955	0.	-0.328691	0.944438	0.	-0.328691	0.944438	0.	-20.9299	-20.455	-19.1893	100.	96.695	0	-1	
8.49061	58.7629	346	0	(0)24	(0)29	(0)29	(0)23	(0)26	0.805882	0.166642	0.	-4.75009	18.6224	0.	-0.334354	0.942447	0.	-0.334354	0.942447	0.	-20.6378	-20.2123	-19.5333	100.	96.9137	0	-1	
8.50786	57.9592	347	0	(0)24	(0)29	(0)29	(0)24	(0)27	0.822724	-8.35683e-002	0.	-4.91791	19.049	0.	-0.33955	0.940588	0.	-0.33955	0.940588	0.	-18.9699	-18.3247	-19.8494	100.	95.6658	0	-1	
8.52519	57.712	348	0	(0)25	(0)30	(0)30	(0)24	(0)27	0.835156	0.227437	0.	-5.08788	19.4749	0.	-0.34465	0.938731	0.	-0.34465	0.938731	0.	-18.6603	-17.9487	-20.1604	100.	95.2722	0	-1	
8.54268	57.167	349	0	(0)25	(0)31	(0)30	(0)25	(0)28	0.851392	-3.12125e-002	0.	-5.25946	19.9004	0.	-0.34946	0.936951	0.	-0.34946	0.936951	0.	-17.6311	-16.7986	-20.4543	100.	94.4202	0	-1	
8.5603	56.7453	350	0	(0)26	(0)31	(0)31	(0)25	(0)28	0.862712	0.258052	0.	-5.43303	20.3252	0.	-0.354186	0.935175	0.	-0.354186	0.935175	0.	-17.3559	-16.4144	-20.7436	100.	93.7364	0	-1	
8.5772	59.1716	351	0	(0)26	(0)32	(0)31	(0)26	(0)29	0.878424	-2.83171e-003	0.	-5.60829	20.7494	0.	-0.358722	0.933444	0.	-0.358722	0.933444	0.	-16.69	-16.4596	-21.0217	100.	97.7764	0	-1	
8.59328	62.2117	352	0	(0)27	(0)32	(0)32	(0)26	(0)29	0.888797	0.271189	0.	-5.78545	21.1729	0.	-0.363182	0.931718	0.	-0.363182	0.931718	0.	-16.4413	-17.0473	-21.2958	100.	102.813	0	-1	
8.61042	58.3325	353	0	(0)27	(0)33	(0)32	(0)27	(0)30	0.904036	1.19122e-002	0.	-5.96432	21.5958	0.	-0.367509	0.93002	0.	-0.367509	0.93002	0.	-15.9796	-15.5355	-21.5621	100.	96.4238	0	-1	
8.62646	62.3326	354	0	(0)28	(0)33	(0)33	(0)27	(0)30	0.913447	0.271757	0.	-6.14489	22.0181	0.	-0.371723	0.928344	0.	-0.371723	0.928344	0.	-15.5907	-16.1968	-21.8219	100.	103.056	0	-1	
8.64339	59.0922	355	0	(0)28	(0)34	(0)33	(0)28	(0)31	0.928248	1.66494e-002	0.	-6.32727	22.4396	0.	-0.375888	0.926665	0.	-0.375888	0.926665	0.	-15.4379	-15.2043	-22.0792	100.	97.7058	0	-1	
8.66103	56.6694	356	0	(0)29	(0)34	(0)34	(0)28	(0)31	0.936948	0.268269	0.	-6.51132	22.8605	0.	-0.379954	0.925005	0.	-0.379954	0.925005	0.	-15.0972	-14.2592	-22.3308	100.	93.7158	0	-1	
8.6785	57.2472	357	0	(0)30	(0)35	(0)35	(0)30	(0)32	0.944542	-0.204724	0.	-6.86351	23.7093	0.	-0.380379	0.924831	0.	-0.380379	0.924831	0.	13.3766	12.7629	-22.1079	100.	189.38	0	-1	
8.69461	62.0982	358	0	(0)30	(0)36	(0)35	(0)30	(0)33	0.949742	-0.386789	0.	-7.05169	24.1275	0.	-0.385286	0.922797	0.	-0.385286	0.922797	0.	-18.26	-18.8986	-22.4122	100.	102.533	0	-1	
8.71176	58.2886	359	0	(0)31	(0)36	(0)36	(0)31	(0)33	0.959197	-4.23456e-002	0.	-7.24366	24.5435	0.	-0.390827	0.920464	0.	-0.390827	0.920464	0.	-20.6666	-20.0771	-22.7567	100.	96.1301	0	-1	
8.72794	61.7907	360	0	(0)31	(0)37	(0)36	(0)31	(0)34	0.971	-0.268614	0.	-7.43433	24.9615	0.	-0.394799	0.918767	0.	-0.394799	0.918767	0.	-14.8494	-15.2926	-23.0042	100.	102.198	0	-1	
8.74466	59.8288	361	0	(0)32	(0)37	(0)37	(0)32	(0)34	0.979314	3.7827e-002	0.	-7.62911	25.3767	0.	-0.399708	0.916643	0.	-0.399708	0.916643	0.	-18.3864	-18.334	-23.3106	100.	98.7799	0	-1	
8.76175	58.4966	362	0	(0)32	(0)38	(0)37	(0)32	(0)35	0.990736	-0.196699	0.	-7.823	25.7935	0.	-0.40333	0.915055	0.	-0.40333	0.915055	0.	-13.5963	-13.2556	-23.5372	100.	96.81	0	-1	
8.77863	59.2543	363	0	(0)33	(0)38	(0)38	(0)33	(0)35	0.998173	8.40307e-002	0.	-8.02064	26.2077	0.	-0.407808	0.913068	0.	-0.407808	0.913068	0.	-16.8438	-16.6345	-23.8179	100.	97.9056	0	-1	
8.79465	62.4435	364	0	(0)34	(0)39	(0)38	(0)33	(0)36	1.00924	-0.153138	0.	-8.21764	26.6233	0.	-0.411181	0.911554	0.	-0.411181	0.911554	0.	-12.7079	-13.2255	-24.0297	100.	103.388	0	-1	
8.81065	62.4852	365	0	(0)34	(0)39	(0)39	(0)34	(0)36	1.01597	0.109385	0.	-8.41812	27.0365	0.	-0.415353	0.90966	0.	-0.415353	0.90966	0.	-15.7514	-16.4038	-24.2923	100.	103.3	0	-1	
8.82676	62.0571	366	0	(0)35	(0)40	(0)39	(0)34	(0)37	1.0267	-0.126576	0.	-8.61813	27.4508	0.	-0.418538	0.908199	0.	-0.418538	0.908199	0.	-12.0455	-12.4584	-24.493	100.	102.783	0	-1	
8.84399	58.0521	367	0	(0)35	(0)40	(0)40	(0)35	(0)38	1.03214	-0.316475	0.	-8.8209	27.8632	0.	-0.422256	0.906477	0.	-0.422256	0.906477	0.	-14.087	-13.6297	-24.7278	100.	96.0508	0	-1	
8.86016	61.8401	368	0	(0)36	(0)41	(0)40	(0)35	(0)38	1.04213	-2.51704e-002	0.	-9.0275	28.2729	0.	-0.426859	0.904318	0.	-0.426859	0.904318	0.	-17.4783	-18.0143	-25.0191	100.	102.146	0	-1	
8.87725	58.4996	369	0	(0)36	(0)41	(0)41	(0)36	(0)39	1.05228	-0.227316	0.	-9.23313	28.6843	0.	-0.430185	0.902741	0.	-0.430185	0.902741	0.	-12.6546	-12.3381	-25.23	100.	96.8609	0	-1	
8.89382	60.3561	370	0	(0)37	(0)42	(0)41	(0)36	(0)39	1.06137	3.44933e-002	0.	-9.44221	29.0932	0.	-0.434306	0.900766	0.	-0.434306	0.900766	0.	-15.7086	-15.8018	-25.4918	100.	99.7823	0	-1	
8.91053	59.8416	371	0	(0)37	(0)42	(0)42	(0)37	(0)40	1.07118	-0.172443	0.	-9.6506	29.5035	0.	-0.437358	0.899287	0.	-0.437358	0.899287	0.	-11.6595	-11.6287	-25.6862	100.	99.1327	0	-1	
8.92693	60.997	372	0	(0)38	(0)43	(0)42	(0)37	(0)40	1.07868	5.10758e-002	0.	-9.86149	29.912	0.	-0.440863	0.897574	0.	-0.440863	0.897574	0.	-13.4111	-13.634	-25.9097	100.	100.958	0	-1	
8.9444	57.2195	373	0	(0)38	(0)43	(0)43	(0)38	(0)41	1.08819	-0.153476	0.	-10.0725	30.3211	0.	-0.443764	0.896144	0.	-0.443764	0.896144	0.	-11.1198	-10.6045	-26.095	100.	94.8149	0	-1	
8.96108	59.9614	374	0	(0)39	(0)44	(0)44	(0)38	(0)41	1.09525	6.0688e-002	0.	-10.286	30.7284	0.	-0.447111	0.894479	0.	-0.447111	0.894479	0.	-12.8498	-12.8416	-26.3092	100.	99.2715	0	-1	
8.97775	59.9982	375	0	(0)39	(0)44	(0)44	(0)39	(0)42	1.10446	-0.140094	0.	-10.4996	31.1363	0.	-0.449882	0.893088	0.	-0.449882	0.893088	0.	-10.6586	-10.6583	-26.4868	100.	99.4427	0	-1	
8.99393	61.8094	376	0	(0)40	(0)45	(0)45	(0)39	(0)42	1.11112	6.58008e-002	0.	-10.7155	31.5424	0.	-0.453088	0.891466	0.	-0.453088	0.891466	0.	-12.3537	-12.7262	-26.6927	100.	102.357	0	-1	
9.00997	62.3361	377	0	(0)40	(0)45	(0)45	(0)40	(0)43	1.12003	-0.130833	0.	-10.9316	31.9491	0.	-0.455744	0.890111	0.	-0.455744	0.890111	0.	-10.251	-10.6501	-26.8636	100.	103.339	0	-1	
9.02609	62.0485	378	0	(0)41	(0)46	(0)46	(0)40	(0)43	1.12631	6.75872e-002	0.	-11.1499	32.3541	0.	-0.458824	0.888527	0.	-0.458824	0.888527	0.	-11.9052	-12.3117	-27.062	100.	102.776	0	-1	
9.04247	61.0385	379	0	(0)41	(0)46	(0)46	(0)41	(0)44	1.13494	-0.124207	0.	-11.3684	32.7596	0.	-0.461377	0.887204	0.	-0.461377	0.887204	0.	-9.88421	-10.0553	-27.2267	100.	101.207	0	-1	
9.05827	63.2756	380	0	(0)42	(0)47	(0)47	(0)41	(0)44	1.14086	6.73106e-002	0.	-11.589	33.1634	0.	-0.46434	0.885657	0.	-0.46434	0.885657	0.	-11.4911	-12.1184	-27.4182	100.	104.83	0	-1	
9.0756	57.7135	381	0	(0)42	(0)47	(0)47	(0)42	(0)45	1.14921	-0.119149	0.	-11.8098	33.5677	0.	-0.466798	0.884364	0.	-0.466798	0.884364	0.	-9.54632	-9.18252	-27.5773	100.	95.7102	0	-1	
9.09187	61.4593	382	0	(0)43	(0)48	(0)48	(0)42	(0)45	1.1548	6.58743e-002	0.	-12.0326	33.9705	0.	-0.469651	0.882852	0.	-0.469651	0.882852	0.	-11.1014	-11.3714	-27.7624	100.	101.841	0	-1	
9.10842	60.4341	383	0	(0)43	(0)48	(0)48	(0)43	(0)46	1.16288	-0.115286	0.	-12.2557	34.3737	0.	-0.472018	0.881589	0.	-0.472018	0.881589	0.	-9.22522	-9.29196	-27.9161	100.	100.238	0	-1	
9.12461	61.7754	384	0	(0)44	(0)49	(0)49	(0)43	(0)46	1.16817	6.35626e-002	0.	-12.4807	34.7753	0.	-0.474768	0.880111	0.	-0.474768	0.880111	0.	-10.7309	-11.0485	-28.095	100.	102.385	0	-1	
9.14141	59.4976	385	0	(0)44	(0)49	(0)49	(0)44	(0)47	1.17597	-0.112302	0.	-12.7058	35.1773	0.	-0.477049	0.878877	0.	-0.477049	0.878877	0.	-8.91495	-8.8403	-28.2435	100.	98.7008	0	-1	
9.15811	59.9054	386	0	(0)45	(0)50	(0)50	(0)44	(0)47	1.18097	6.05767e-002	0.	-12.9329	35.5779	0.	-0.479698	0.877433	0.	-0.479698	0.877433	0.	-10.3727	-10.3563	-28.4164	100.	99.3033	0	-1	
9.17427	61.8503	387	0	(0)45	(0)51	(0)50	(0)45	(0)48	1.1885	-0.109871	0.	-13.1601	35.9789	0.	-0.481897	0.876228	0.	-0.481897	0.876228	0.	-8.61871	-8.88449	-28.5601	100.	102.619	0	-1	
9.19172	57.3114	388	0	(0)46	(0)51	(0)51	(0)45	(0)48	1.19288	5.00574e-002	0.	-13.389	36.3787	0.	-0.484341	0.874879	0.	-0.484341	0.874879	0.	-9.59571	-9.16573	-28.72	100.	95.0411	0	-1	
9.20865	59.0797	389	0	(0)46	(0)52	(0)51	(0)46	(0)49	1.20014	-0.114149	0.	-13.6182	36.7786	0.	-0.486473	0.873696	0.	-0.486473	0.873696	0.	-8.38293	-8.25436	-28.8597	100.	98.0344	0	-1	
9.226	57.6439	390	0	(0)47	(0)52	(0)52	(0)46	(0)49	1.20425	4.11122e-002	0.	-13.8489	37.1773	0.	-0.488838	0.872374	0.	-0.488838	0.872374	0.	-9.31567	-8.94986	-29.015	100.	95.606	0	-1	
9.24317	58.2236	391	0	(0)47	(0)53	(0)52	(0)47	(0)50	1.21124	-0.11681	0.	-14.0801	37.5762	0.	-0.490903	0.871214	0.	-0.490903	0.871214	0.	-8.13969	-7.8987	-29.1506	100.	96.626	0	-1	
9.25985	59.9486	392	0	(0)48	(0)53	(0)53	(0)47	(0)50	1.21511	3.37071e-002	0.	-14.3127	37.9739	0.	-0.49319	0.869922	0.	-0.49319	0.869922	0.	-9.03102	-9.02328	-29.3012	100.	99.4431	0	-1	
9.27662	59.6382	393	0	(0)48	(0)54	(0)53	(0)48	(0)51	1.22184	-0.118822	0.	-14.5457	38.3718	0.	-0.495185	0.868787	0.	-0.495185	0.868787	0.	-7.89221	-7.84461	-29.4327	100.	98.9861	0	-1	
9.29328	60.0367	394	0	(0)49	(0)54	(0)54	(0)48	(0)51	1.22548	2.68955e-002	0.	-14.7801	38.7686	0.	-0.497393	0.867525	0.	-0.497393	0.867525	0.	-8.74307	-8.74842	-29.5784	100.	99.604	0	-1	
9.30914	63.0571	395	0	(0)49	(0)55	(0)54	(0)49	(0)52	1.23195	-0.119684	0.	-15.0148	39.1655	0.	-0.49932	0.866417	0.	-0.49932	0.866417	0.	-7.64166	-8.03101	-29.7058	100.	104.674	0	-1	
9.32591	59.6223	396	0	(0)50	(0)55	(0)55	(0)49	(0)52	1.23539	2.12281e-002	0.	-15.2509	39.5613	0.	-0.50145	0.865187	0.	-0.50145	0.865187	0.	-8.45474	-8.40152	-29.8467	100.	98.9312	0	-1	
9.34259	59.9326	397	0	(0)50	(0)56	(0)55	(0)50	(0)53	1.24151	-0.121663	0.	-15.4873	39.9573	0.	-0.50328	0.864123	0.	-0.50328	0.864123	0.	-7.2771	-7.26892	-29.968	100.	99.5063	0	-1	
9.35989	57.816	398	0	(0)51	(0)56	(0)56	(0)50	(0)53	1.24475	1.46268e-002	0.	-15.7251	40.3523	0.	-0.505334	0.862924	0.	-0.505334	0.862924	0.	-8.17738	-7.87972	-30.1043	100.	95.9476	0	-1	
9.37612	61.606	399	0	(0)51	(0)57	(0)56	(0)51	(0)54	1.25062	-0.122855	0.	-15.9631	40.7473	0.	-0.507098	0.861889	0.	-0.507098	0.861889	0.	-7.0294	-7.21756	-30.2214	100.	102.298	0	-1	
9.39282	59.8782	400	0	(0)52	(0)57	(0)57	(0)51	(0)54	1.25366	8.81324e-003	0.	-16.2025	41.1414	0.	-0.509077	0.860721	0.	-0.509077	0.860721	0.	-7.90011	-7.88408	-30.3531	100.	99.3842	0	-1	
9.40937	60.4471	401	0	(0)52	(0)58	(0)57	(0)52	(0)55	1.25928	-0.123331	0.	-16.4421	41.5356	0.	-0.510773	0.859715	0.	-0.510773	0.859715	0.	-6.77949	-6.83001	-30.4661	100.	100.386	0	-1	
9.42643	58.6172	402	0	(0)53	(0)58	(0)57	(0)52	(0)55	1.26215	3.67183e-003	0.	-16.6829	41.9288	0.	-0.512678	0.858581	0.	-0.512678	0.858581	0.	-7.62017	-7.44454	-30.5931	100.	97.3051	0	-1	
9.4428	61.0849	403	0	(0)53	(0)59	(0)58	(0)53	(0)56	1.26752	-0.1234	0.	-16.924	42.3222	0.	-0.514308	0.857606	0.	-0.514308	0.857606	0.	-6.53097	-6.64907	-30.7019	100.	101.459	0	-1	
9.46012	57.712	404	0	(0)54	(0)59	(0)58	(0)53	(0)56	1.26995	-6.43351e-003	0.	-17.1662	42.7148	0.	-0.516058	0.856554	0.	-0.516058	0.856554	0.	-7.01797	-6.75035	-30.8189	100.	95.8323	0	-1	
9.47683	59.8495	405	0	(0)54	(0)60	(0)59	(0)54	(0)57	1.27507	-0.127528	0.	-17.4087	43.1073	0.	-0.51763	0.855605	0.	-0.51763	0.855605	0.	-6.31315	-6.29732	-30.9241	100.	99.4181	0	-1	
9.49358	59.7127	406	0	(0)55	(0)60	(0)59	(0)54	(0)57	1.27733	-1.46724e-002	0.	-17.6522	43.4991	0.	-0.519314	0.854583	0.	-0.519314	0.854583	0.	-6.77132	-6.7389	-31.037	100.	99.1672	0	-1	
9.51027	59.9198	407	0	(0)55	(0)61	(0)60	(0)55	(0)58	1.2822	-0.130551	0.	-17.8961	43.8909	0.	-0.520828	0.853662	0.	-0.520828	0.853662	0.	-6.09147	-6.08332	-31.1385	100.	99.5463	0	-1	
9.52741	58.337	408	0	(0)56	(0)61	(0)60	(0)55	(0)58	1.28429	-2.19266e-002	0.	-18.1409	44.282	0.	-0.522445	0.852673	0.	-0.522445	0.852673	0.	-6.51743	-6.3368	-31.2471	100.	96.8954	0	-1	
9.54407	60.0287	409	0	(0)56	(0)62	(0)61	(0)56	(0)59	1.28879	-0.134885	0.	-18.386	44.6731	0.	-0.52386	0.851804	0.	-0.52386	0.851804	0.	-5.70876	-5.71149	-31.3423	100.	99.747	0	-1	
9.55988	63.2613	410	0	(0)57	(0)62	(0)61	(0)56	(0)59	1.29072	-3.02684e-002	0.	-18.6321	45.0634	0.	-0.525415	0.850846	0.	-0.525415	0.850846	0.	-6.27702	-6.61821	-31.4469	100.	105.088	0	-1	
9.57668	59.5228	411	0	(0)57	(0)63	(0)62	(0)57	(0)60	1.29497	-0.138177	0.	-18.8785	45.4538	0.	-0.526772	0.850007	0.	-0.526772	0.850007	0.	-5.4857	-5.44207	-31.5383	100.	98.9179	0	-1	
9.59278	62.0845	412	0	(0)58	(0)63	(0)62	(0)57	(0)60	1.29674	-3.7642e-002	0.	-19.1258	45.8434	0.	-0.528262	0.849081	0.	-0.528262	0.849081	0.	-6.03211	-6.24167	-31.6388	100.	103.146	0	-1	
9.60912	61.1931	413	0	(0)58	(0)64	(0)63	(0)58	(0)61	1.30074	-0.140123	0.	-19.3733	46.2332	0.	-0.52956	0.848272	0.	-0.52956	0.848272	0.	-5.25685	-5.36138	-31.7265	100.	101.706	0	-1	
9.62591	59.5828	414	0	(0)59	(0)64	(0)63	(0)58	(0)61	1.30215	-4.82798e-002	0.	-19.6216	46.6223	0.	-0.530919	0.847422	0.	-0.530919	0.847422	0.	-5.51059	-5.47227	-31.8183	100.	99.0164	0	-1	
9.64218	61.4392	415	0	(0)59	(0)65	(0)64	(0)59	(0)62	1.3059	-0.145691	0.	-19.8702	47.0114	0.	-0.532163	0.846642	0.	-0.532163	0.846642	0.	-5.04942	-5.17053	-31.9025	100.	102.126	0	-1	
9.65808	62.8929	416	0	(0)60	(0)65	(0)64	(0)59	(0)62	1.30715	-5.76997e-002	0.	-20.1195	47.4	0.	-0.533463	0.845823	0.	-0.533463	0.845823	0.	-5.27946	-5.53401	-31.9904	100.	104.53	0	-1	
9.67478	59.9038	417	0	(0)60	(0)66	(0)65	(0)60	(0)63	1.3105	-0.152312	0.	-20.3691	47.7885	0.	-0.534611	0.845098	0.	-0.534611	0.845098	0.	-4.66813	-4.66064	-32.0682	100.	99.5936	0	-1	
9.691	61.6449	418	0	(0)61	(0)66	(0)65	(0)60	(0)63	1.3116	-6.80416e-002	0.	-20.6194	48.1765	0.	-0.535853	0.844311	0.	-0.535853	0.844311	0.	-5.0562	-5.19482	-32.1525	100.	102.467	0	-1	
9.70768	59.9614	419	0	(0)61	(0)67	(0)66	(0)61	(0)64	1.3147	-0.157684	0.	-20.87	48.5645	0.	-0.536947	0.843616	0.	-0.536947	0.843616	0.	-4.45597	-4.45311	-32.2268	100.	99.7004	0	-1	
9.72436	59.9342	420	0	(0)62	(0)67	(0)66	(0)61	(0)64	1.31544	-8.12375e-002	0.	-21.1212	48.9521	0.	-0.538072	0.842899	0.	-0.538072	0.842899	0.	-4.5868	-4.58177	-32.3032	100.	99.6483	0	-1	
9.74104	59.9742	421	0	(0)62	(0)68	(0)67	(0)62	(0)65	1.31813	-0.168435	0.	-21.3725	49.3397	0.	-0.539074	0.842258	0.	-0.539074	0.842258	0.	-4.08683	-4.08507	-32.3713	100.	99.741	0	-1	
9.75833	57.816	422	0	(0)63	(0)68	(0)67	(0)62	(0)65	1.31869	-9.54637e-002	0.	-21.6245	49.7268	0.	-0.540146	0.841571	0.	-0.540146	0.841571	0.	-4.37829	-4.21892	-32.4443	100.	96.1371	0	-1	
9.77503	59.8974	423	0	(0)63	(0)69	(0)68	(0)63	(0)66	1.3211	-0.176932	0.	-21.8768	50.1139	0.	-0.541097	0.84096	0.	-0.541097	0.84096	0.	-3.88629	-3.87964	-32.5091	100.	99.6238	0	-1	
9.79243	57.4595	424	0	(0)64	(0)69	(0)68	(0)63	(0)66	1.32132	-0.111232	0.	-22.1295	50.5006	0.	-0.542061	0.840339	0.	-0.542061	0.840339	0.	-3.94199	-3.77508	-32.5748	100.	95.5662	0	-1	
9.80915	59.8192	425	0	(0)64	(0)70	(0)69	(0)64	(0)67	1.3233	-0.190442	0.	-22.3824	50.8874	0.	-0.542922	0.839783	0.	-0.542922	0.839783	0.	-3.52062	-3.51002	-32.6335	100.	99.5129	0	-1	
9.82663	57.2064	426	0	(0)65	(0)70	(0)69	(0)64	(0)67	1.32378	-0.118941	0.	-22.6361	51.2734	0.	-0.543969	0.839105	0.	-0.543969	0.839105	0.	-4.29006	-4.09031	-32.705	100.	95.1278	0	-1	
9.84292	61.4005	427	0	(0)65	(0)71	(0)70	(0)65	(0)68	1.32538	-0.196404	0.	-22.8896	51.6598	0.	-0.544732	0.83861	0.	-0.544732	0.83861	0.	-3.12739	-3.20039	-32.7571	100.	102.165	0	-1	
9.8597	59.5702	428	0	(0)66	(0)71	(0)70	(0)65	(0)68	1.32602	-0.122143	0.	-23.1443	52.0451	0.	-0.545819	0.837903	0.	-0.545819	0.837903	0.	-4.45566	-4.42374	-32.8313	100.	99.0499	0	-1	
9.87634	60.1154	429	0	(0)66	(0)72	(0)71	(0)66	(0)69	1.32713	-0.200207	0.	-23.3984	52.4314	0.	-0.546444	0.837495	0.	-0.546444	0.837495	0.	-2.56738	-2.57232	-32.8741	100.	100.056	0	-1	
9.893	60.0303	430	0	(0)67	(0)72	(0)71	(0)66	(0)69	1.32791	-0.124185	0.	-23.6539	52.8161	0.	-0.547555	0.83677	0.	-0.547555	0.83677	0.	-4.5613	-4.5636	-32.9502	100.	99.8095	0	-1	
9.90978	59.5623	431	0	(0)67	(0)73	(0)72	(0)67	(0)70	1.32891	-0.195601	0.	-23.9087	53.2019	0.	-0.548151	0.836379	0.	-0.548151	0.836379	0.	-2.44958	-2.43171	-32.991	100.	99.1413	0	-1	
9.92572	62.7576	432	0	(0)68	(0)73	(0)72	(0)67	(0)70	1.3297	-0.121712	0.	-24.1649	53.5862	0.	-0.549229	0.835672	0.	-0.549229	0.835672	0.	-4.43337	-4.63713	-33.0649	100.	104.351	0	-1	
9.94199	61.4745	433	0	(0)68	(0)74	(0)73	(0)68	(0)71	1.33066	-0.185936	0.	-24.4205	53.9715	0.	-0.549808	0.835291	0.	-0.549808	0.835291	0.	-2.38088	-2.43939	-33.1046	100.	102.328	0	-1	
9.95914	58.3007	434	0	(0)69	(0)74	(0)73	(0)68	(0)71	1.33139	-0.116521	0.	-24.6773	54.3555	0.	-0.55082	0.834624	0.	-0.55082	0.834624	0.	-4.16489	-4.04693	-33.174	100.	96.9539	0	-1	
9.97597	59.4189	435	0	(0)69	(0)75	(0)74	(0)69	(0)72	1.33228	-0.174638	0.	-24.9336	54.7404	0.	-0.551363	0.834266	0.	-0.551363	0.834266	0.	-2.2367	-2.21504	-33.2112	100.	98.9138	0	-1	
9.99276	59.5575	436	0	(0)70	(0)75	(0)74	(0)69	(0)72	1.33292	-0.110453	0.	-25.1909	55.1241	0.	-0.552297	0.833648	0.	-0.552297	0.833648	0.	-3.85104	-3.82264	-33.2754	100.	99.0603	0	-1	
10.0095	59.6129	437	0	(0)70	(0)76	(0)75	(0)70	(0)73	1.33372	-0.163052	0.	-25.4477	55.5087	0.	-0.552798	0.833315	0.	-0.552798	0.833315	0.	-2.06815	-2.05481	-33.3099	100.	99.2456	0	-1	
10.0259	61.2148	438	0	(0)71	(0)76	(0)75	(0)70	(0)73	1.33428	-0.104232	0.	-25.7056	55.8922	0.	-0.553653	0.832747	0.	-0.553653	0.832747	0.	-3.52923	-3.60069	-33.3687	100.	101.834	0	-1	
10.0426	59.7715	439	0	(0)71	(0)77	(0)76	(0)71	(0)74	1.33499	-0.151121	0.	-25.9629	56.2765	0.	-0.554112	0.832442	0.	-0.554112	0.832442	0.	-1.89533	-1.88811	-33.4003	100.	99.5188	0	-1	
10.0594	59.6398	440	0	(0)72	(0)77	(0)76	(0)71	(0)74	1.33545	-9.78243e-002	0.	-26.2212	56.6598	0.	-0.554886	0.831926	0.	-0.554886	0.831926	0.	-3.19781	-3.17861	-33.4536	100.	99.2312	0	-1	
10.0754	62.3067	441	0	(0)72	(0)78	(0)77	(0)72	(0)75	1.33607	-0.139185	0.	-26.479	57.0438	0.	-0.555302	0.831649	0.	-0.555302	0.831649	0.	-1.71734	-1.78336	-33.4822	100.	103.75	0	-1	
10.0921	59.8878	442	0	(0)73	(0)78	(0)77	(0)72	(0)75	1.33644	-9.14142e-002	0.	-26.7377	57.4269	0.	-0.555995	0.831185	0.	-0.555995	0.831185	0.	-2.86625	-2.86089	-33.53	100.	99.6613	0	-1	
10.1088	59.8272	443	0	(0)74	(0)79	(0)78	(0)73	(0)76	1.33697	-0.127296	0.	-26.9959	57.8107	0.	-0.556367	0.830936	0.	-0.556367	0.830936	0.	-1.53928	-1.53485	-33.5557	100.	99.6304	0	-1	
10.1248	62.7505	444	0	(0)74	(0)79	(0)78	(0)73	(0)76	1.33725	-8.50294e-002	0.	-27.2549	58.1937	0.	-0.55698	0.830526	0.	-0.55698	0.830526	0.	-2.536	-2.65226	-33.5979	100.	104.443	0	-1	
10.1406	63.1777	445	0	(0)75	(0)80	(0)79	(0)74	(0)77	1.33534	-0.163167	0.	-27.5115	58.5786	0.	-0.556616	0.83077	0.	-0.556616	0.83077	0.	1.50533	1.58506	-33.5728	100.	105.212	0	-1	
10.1578	58.1935	446	0	(0)75	(0)80	(0)80	(0)74	(0)77	1.33624	-0.104294	0.	-27.7711	58.9609	0.	-0.55747	0.830197	0.	-0.55747	0.830197	0.	-3.53243	-3.42607	-33.6317	100.	96.8077	0	-1	
10.1745	59.8719	447	0	(0)76	(0)81	(0)80	(0)75	(0)78	1.33695	-0.117565	0.	-28.0302	59.344	0.	-0.557928	0.829889	0.	-0.557928	0.829889	0.	-1.89704	-1.89299	-33.6633	100.	99.6858	0	-1	
10.1905	62.3413	448	0	(0)76	(0)81	(0)81	(0)75	(0)78	1.33728	-7.98032e-002	0.	-28.2898	59.7267	0.	-0.558475	0.829522	0.	-0.558475	0.829522	0.	-2.26568	-2.35409	-33.7011	100.	103.777	0	-1	
10.2067	61.6314	449	0	(0)77	(0)82	(0)81	(0)76	(0)79	1.3353	-0.142657	0.	-28.547	60.1111	0.	-0.558081	0.829786	0.	-0.558081	0.829786	0.	1.62905	1.67335	-33.6739	100.	102.63	0	-1	
10.2226	62.9846	450	0	(0)77	(0)82	(0)82	(0)76	(0)79	1.33611	-9.32788e-002	0.	-28.8069	60.4933	0.	-0.558796	0.829305	0.	-0.558796	0.829305	0.	-2.9627	-3.11007	-33.7233	100.	104.809	0	-1	
10.2399	57.7476	451	0	(0)78	(0)83	(0)82	(0)77	(0)80	1.33392	-0.149692	0.	-29.0642	60.8777	0.	-0.558375	0.829589	0.	-0.558375	0.829589	0.	1.74848	1.68284	-33.6942	100.	96.1565	0	-1	
10.2563	61.1149	452	0	(0)78	(0)83	(0)83	(0)77	(0)80	1.33493	-9.70571e-002	0.	-29.3244	61.2597	0.	-0.559136	0.829076	0.	-0.559136	0.829076	0.	-3.15812	-3.21681	-33.7468	100.	101.688	0	-1	
10.2734	58.6187	453	0	(0)79	(0)84	(0)83	(0)78	(0)81	1.33261	-0.147395	0.	-29.5818	61.644	0.	-0.558682	0.829382	0.	-0.558682	0.829382	0.	1.8828	1.83946	-33.7154	100.	97.6001	0	-1	
10.29	59.9806	454	0	(0)79	(0)84	(0)84	(0)78	(0)81	1.33368	-9.58234e-002	0.	-29.8421	62.0259	0.	-0.559429	0.828879	0.	-0.559429	0.828879	0.	-3.09432	-3.09331	-33.767	100.	99.8037	0	-1	
10.3063	61.372	455	0	(0)80	(0)85	(0)84	(0)79	(0)82	1.33125	-0.139715	0.	-30.0994	62.4102	0.	-0.55894	0.829208	0.	-0.55894	0.829208	0.	2.02646	2.0728	-33.7332	100.	102.177	0	-1	
10.3235	58.3704	456	0	(0)80	(0)85	(0)85	(0)79	(0)82	1.33234	-9.16985e-002	0.	-30.3597	62.7921	0.	-0.559635	0.828739	0.	-0.559635	0.828739	0.	-2.88096	-2.80271	-33.7812	100.	97.1354	0	-1	
10.3405	58.5332	457	0	(0)81	(0)86	(0)85	(0)80	(0)83	1.32996	-0.126204	0.	-30.6172	63.1763	0.	-0.559152	0.829065	0.	-0.559152	0.829065	0.	1.99945	1.95057	-33.7479	100.	97.4516	0	-1	
10.3565	62.5287	458	0	(0)81	(0)86	(0)86	(0)80	(0)83	1.33098	-8.44426e-002	0.	-30.8774	63.5585	0.	-0.559757	0.828657	0.	-0.559757	0.828657	0.	-2.50565	-2.61125	-33.7897	100.	104.076	0	-1	
10.3734	59.4488	459	0	(0)82	(0)87	(0)86	(0)81	(0)84	1.32853	-0.113221	0.	-31.1348	63.9427	0.	-0.559237	0.829008	0.	-0.559237	0.829008	0.	2.15444	2.13465	-33.7538	100.	98.9679	0	-1	
10.3901	59.7635	460	0	(0)82	(0)87	(0)87	(0)81	(0)84	1.32575	-0.1535	0.	-31.3917	64.3271	0.	-0.558654	0.829401	0.	-0.558654	0.829401	0.	2.41671	2.40718	-33.7135	100.	99.4781	0	-1	
10.4071	58.6585	461	0	(0)83	(0)88	(0)87	(0)82	(0)85	1.32718	-8.22741e-002	0.	-31.6521	64.7089	0.	-0.559441	0.82887	0.	-0.559441	0.82887	0.	-3.26388	-3.19091	-33.7679	100.	97.5951	0	-1	
10.4238	59.995	462	0	(0)83	(0)88	(0)88	(0)82	(0)85	1.32463	-0.12605	0.	-31.909	65.0933	0.	-0.558808	0.829297	0.	-0.558808	0.829297	0.	2.62656	2.62634	-33.7241	100.	99.8523	0	-1	
10.4406	59.6223	463	0	(0)84	(0)89	(0)88	(0)83	(0)86	1.32155	-0.142776	0.	-32.1656	65.4779	0.	-0.558198	0.829708	0.	-0.558198	0.829708	0.	2.52639	2.51049	-33.682	100.	99.2373	0	-1	
10.4565	62.7243	464	0	(0)84	(0)90	(0)89	(0)84	(0)86	1.32324	-9.33424e-002	0.	-32.4257	65.86	0.	-0.558914	0.829226	0.	-0.558914	0.829226	0.	-2.96599	-3.10066	-33.7314	100.	104.376	0	-1	
10.4732	59.9262	465	0	(0)85	(0)90	(0)89	(0)84	(0)87	1.32024	-0.104789	0.	-32.6822	66.2446	0.	-0.558252	0.829671	0.	-0.558252	0.829671	0.	2.74412	2.74074	-33.6857	100.	99.7316	0	-1	
10.4892	62.581	466	0	(0)85	(0)91	(0)90	(0)85	(0)88	1.31764	-0.108645	0.	-32.9383	66.6294	0.	-0.557562	0.830135	0.	-0.557562	0.830135	0.	2.85617	2.97903	-33.6381	100.	104.144	0	-1	
10.5053	61.968	467	0	(0)86	(0)91	(0)90	(0)85	(0)88	1.31474	-0.158358	0.	-33.194	67.0145	0.	-0.556842	0.830618	0.	-0.556842	0.830618	0.	2.98274	3.08058	-33.5884	100.	103.117	0	-1	
10.522	59.9422	468	0	(0)86	(0)92	(0)91	(0)86	(0)89	1.31624	-4.84287e-002	0.	-33.4536	67.3968	0.	-0.557663	0.830068	0.	-0.557663	0.830068	0.	-3.39883	-3.39555	-33.645	100.	99.7238	0	-1	
10.5388	59.7063	469	0	(0)87	(0)92	(0)91	(0)86	(0)89	1.31369	-0.103601	0.	-33.7091	67.7819	0.	-0.556863	0.830604	0.	-0.556863	0.830604	0.	3.31031	3.29411	-33.5899	100.	99.3361	0	-1	
10.5554	59.939	470	0	(0)87	(0)93	(0)92	(0)87	(0)90	1.31012	-9.75984e-002	0.	-33.9642	68.1673	0.	-0.556056	0.831145	0.	-0.556056	0.831145	0.	3.33959	3.3362	-33.5342	100.	99.7216	0	-1	
10.5721	59.9022	471	0	(0)88	(0)93	(0)92	(0)87	(0)90	1.30714	-0.155948	0.	-34.2187	68.553	0.	-0.555209	0.831711	0.	-0.555209	0.831711	0.	3.50098	3.49527	-33.4759	100.	99.6519	0	-1	
10.5893	58.1693	472	0	(0)88	(0)94	(0)93	(0)88	(0)91	1.30861	-2.77495e-002	0.	-34.4776	68.9358	0.	-0.556015	0.831172	0.	-0.556015	0.831172	0.	-3.33189	-3.23023	-33.5314	100.	96.7778	0	-1	
10.6051	63.3791	473	0	(0)89	(0)94	(0)94	(0)88	(0)91	1.30606	-9.25573e-002	0.	-34.7318	69.3216	0.	-0.555075	0.8318	0.	-0.555075	0.8318	0.	3.88847	4.10746	-33.4666	100.	105.415	0	-1	
10.6214	61.414	474	0	(0)89	(0)95	(0)94	(0)89	(0)92	1.30232	-7.18477e-002	0.	-34.9858	69.7076	0.	-0.55419	0.83239	0.	-0.55419	0.83239	0.	3.65434	3.74045	-33.4057	100.	102.159	0	-1	
10.6373	62.9687	475	0	(0)90	(0)95	(0)95	(0)89	(0)92	1.29942	-0.140098	0.	-35.239	70.094	0.	-0.553198	0.83305	0.	-0.553198	0.83305	0.	4.095	4.29761	-33.3374	100.	104.721	0	-1	
10.654	59.7635	476	0	(0)90	(0)96	(0)95	(0)90	(0)93	1.29515	-0.113014	0.	-35.492	70.4806	0.	-0.552266	0.833668	0.	-0.552266	0.833668	0.	3.84724	3.83208	-33.2733	100.	99.4032	0	-1	
10.6709	59.0875	477	0	(0)91	(0)96	(0)96	(0)90	(0)93	1.29193	-0.185042	0.	-35.7441	70.8676	0.	-0.551217	0.834362	0.	-0.551217	0.834362	0.	4.32164	4.25592	-33.2013	100.	98.2543	0	-1	
10.6876	60.1187	478	0	(0)92	(0)97	(0)96	(0)91	(0)94	1.29383	-1.43163e-002	0.	-36.0016	71.2512	0.	-0.552222	0.833697	0.	-0.552222	0.833697	0.	-4.14004	-4.14823	-33.2703	100.	99.9785	0	-1	
10.7044	59.5481	479	0	(0)92	(0)98	(0)97	(0)91	(0)94	1.29121	-9.53372e-002	0.	-36.2533	71.6383	0.	-0.551042	0.834477	0.	-0.551042	0.834477	0.	4.86125	4.82464	-33.1893	100.	98.9922	0	-1	
10.7214	58.5851	480	0	(0)93	(0)98	(0)97	(0)92	(0)95	1.28674	-5.92506e-002	0.	-36.5047	72.0258	0.	-0.549943	0.835202	0.	-0.549943	0.835202	0.	4.52793	4.42115	-33.1138	100.	97.4083	0	-1	
10.7374	62.6455	481	0	(0)93	(0)99	(0)98	(0)92	(0)95	1.28404	-0.139783	0.	-36.7553	72.4136	0.	-0.548768	0.835975	0.	-0.548768	0.835975	0.	4.83197	5.04502	-33.0333	100.	104.143	0	-1	
10.7534	62.3967	482	0	(0)94	(0)99	(0)98	(0)93	(0)96	1.27904	-9.63368e-002	0.	-37.0055	72.8018	0.	-0.547616	0.83673	0.	-0.547616	0.83673	0.	4.73445	4.92357	-32.9544	100.	103.735	0	-1	
10.7705	58.4753	483	0	(0)94	(0)100	(0)99	(0)93	(0)97	1.27616	-4.81925e-002	0.	-37.2549	73.1904	0.	-0.546386	0.837533	0.	-0.546386	0.837533	0.	5.05082	4.92247	-32.8702	100.	97.1991	0	-1	
10.7865	62.5548	484	0	(0)95	(0)100	(0)99	(0)94	(0)97	1.2724	-0.143119	0.	-37.5032	73.5795	0.	-0.544998	0.838437	0.	-0.544998	0.838437	0.	5.69558	5.9381	-32.7752	100.	103.945	0	-1	
10.8037	58.2417	485	0	(0)95	(0)101	(0)100	(0)95	(0)98	1.26695	-8.7049e-002	0.	-37.7512	73.9689	0.	-0.543719	0.839268	0.	-0.543719	0.839268	0.	5.24334	5.08968	-32.6879	100.	96.8012	0	-1	
10.8204	59.8256	486	0	(0)96	(0)101	(0)101	(0)95	(0)98	1.2632	-0.181161	0.	-37.9983	74.3588	0.	-0.542339	0.84016	0.	-0.542339	0.84016	0.	5.64673	5.63032	-32.5937	100.	99.4128	0	-1	
10.8365	61.9543	487	0	(0)96	(0)102	(0)101	(0)96	(0)99	1.25725	-0.117653	0.	-38.2448	74.749	0.	-0.540999	0.841023	0.	-0.540999	0.841023	0.	5.48257	5.66115	-32.5024	100.	102.959	0	-1	
10.8536	58.5576	488	0	(0)97	(0)102	(0)102	(0)96	(0)99	1.25336	-0.216019	0.	-38.4904	75.1398	0.	-0.539554	0.841951	0.	-0.539554	0.841951	0.	5.90201	5.76012	-32.404	100.	97.2928	0	-1	
10.87	61.0849	489	0	(0)97	(0)103	(0)102	(0)97	(0)100	1.24692	-0.146917	0.	-38.7355	75.5309	0.	-0.538145	0.842852	0.	-0.538145	0.842852	0.	5.75085	5.85484	-32.3082	100.	101.5	0	-1	
10.8871	58.5469	490	0	(0)98	(0)104	(0)103	(0)97	(0)100	1.24291	-0.250054	0.	-38.9796	75.9225	0.	-0.536627	0.84382	0.	-0.536627	0.84382	0.	6.18821	6.03834	-32.205	100.	97.2606	0	-1	
10.9037	60.1686	491	0	(0)99	(0)104	(0)103	(0)98	(0)101	1.23595	-0.17326	0.	-39.223	76.3146	0.	-0.535143	0.844761	0.	-0.535143	0.844761	0.	6.04045	6.05743	-32.1043	100.	99.9622	0	-1	
10.9199	61.7551	492	0	(0)99	(0)105	(0)104	(0)98	(0)101	1.2319	-0.281544	0.	-39.4654	76.7072	0.	-0.533546	0.845771	0.	-0.533546	0.845771	0.	6.49703	6.68707	-31.9961	100.	102.574	0	-1	
10.9367	59.433	493	0	(0)100	(0)105	(0)104	(0)99	(0)102	1.23521	2.1067e-002	0.	-39.7162	77.0943	0.	-0.535223	0.844711	0.	-0.535223	0.844711	0.	-6.82066	-6.75621	-32.1097	100.	98.7003	0	-1	
10.9537	58.8198	494	0	(0)100	(0)106	(0)105	(0)99	(0)103	1.23206	9.03694e-002	0.	-39.9576	77.4872	0.	-0.533291	0.845932	0.	-0.533291	0.845932	0.	7.85666	7.70212	-31.9788	100.	97.6296	0	-1	
10.9703	60.2735	495	0	(0)101	(0)106	(0)106	(0)100	(0)103	1.22764	-5.51321e-002	0.	-40.1973	77.8808	0.	-0.531141	0.847283	0.	-0.531141	0.847283	0.	8.73009	8.76989	-31.8333	100.	99.9975	0	-1	
10.9866	61.1798	496	0	(0)101	(0)107	(0)106	(0)100	(0)104	1.22079	2.80678e-002	0.	-40.4367	78.2748	0.	-0.529209	0.848491	0.	-0.529209	0.848491	0.	7.83297	7.98698	-31.7027	100.	101.548	0	-1	
11.0037	58.6478	497	0	(0)102	(0)108	(0)107	(0)101	(0)104	1.21638	-0.11689	0.	-40.6745	78.6696	0.	-0.527061	0.849828	0.	-0.527061	0.849828	0.	8.69749	8.50148	-31.5578	100.	97.302	0	-1	
11.0199	61.6567	498	0	(0)102	(0)108	(0)107	(0)102	(0)105	1.20897	-2.34016e-002	0.	-40.912	79.0647	0.	-0.525104	0.851038	0.	-0.525104	0.851038	0.	7.90903	8.12742	-31.426	100.	102.336	0	-1	
11.0368	59.1965	499	0	(0)103	(0)109	(0)108	(0)102	(0)105	1.20461	-0.169658	0.	-41.1479	79.4606	0.	-0.52293	0.852376	0.	-0.52293	0.852376	0.	8.77538	8.65786	-31.2797	100.	98.2084	0	-1	
11.0533	60.4455	500	0	(0)104	(0)109	(0)108	(0)103	(0)106	1.19664	-6.52726e-002	0.	-41.3833	79.857	0.	-0.520928	0.853601	0.	-0.520928	0.853601	0.	8.06843	8.12833	-31.1452	100.	100.317	0	-1	
11.07	60.0945	501	0	(0)104	(0)110	(0)109	(0)103	(0)107	1.19241	3.73425e-002	0.	-41.617	80.2541	0.	-0.518705	0.854953	0.	-0.518705	0.854953	0.	8.94528	8.95937	-30.9961	100.	99.6896	0	-1	
11.0866	60.2234	502	0	(0)105	(0)110	(0)110	(0)104	(0)107	1.18644	-0.13633	0.	-41.8486	80.6521	0.	-0.516111	0.856522	0.	-0.516111	0.856522	0.	10.4204	10.4592	-30.8225	100.	99.8281	0	-1	
11.1037	58.4235	503	0	(0)105	(0)111	(0)110	(0)104	(0)108	1.17807	-1.87323e-002	0.	-42.0801	81.0505	0.	-0.513893	0.857854	0.	-0.513893	0.857854	0.	8.89434	8.66065	-30.6742	100.	96.9201	0	-1	
11.1204	60.0126	504	0	(0)106	(0)112	(0)111	(0)105	(0)108	1.17223	-0.193754	0.	-42.3093	81.4499	0.	-0.511271	0.85942	0.	-0.511271	0.85942	0.	10.5013	10.5035	-30.4992	100.	99.4746	0	-1	
11.1364	62.4609	505	0	(0)106	(0)112	(0)111	(0)106	(0)109	1.16335	-6.37329e-002	0.	-42.5386	81.8496	0.	-0.509031	0.860748	0.	-0.509031	0.860748	0.	8.95267	9.31986	-30.35	100.	103.615	0	-1	
11.1531	59.8703	506	0	(0)107	(0)113	(0)112	(0)106	(0)109	1.15768	-0.242321	0.	-42.7654	82.2502	0.	-0.506345	0.862331	0.	-0.506345	0.862331	0.	10.7153	10.6921	-30.1714	100.	99.2278	0	-1	
11.1705	57.4537	507	0	(0)107	(0)113	(0)113	(0)107	(0)110	1.14827	-0.100895	0.	-42.9922	82.6513	0.	-0.504055	0.863672	0.	-0.504055	0.863672	0.	9.12377	8.73656	-30.0194	100.	95.2999	0	-1	
11.1865	62.4088	508	0	(0)108	(0)114	(0)113	(0)107	(0)111	1.14287	2.54126e-002	0.	-43.2164	83.0533	0.	-0.501283	0.865283	0.	-0.501283	0.865283	0.	11.022	11.4645	-29.8357	100.	103.419	0	-1	
11.2037	58.1347	509	0	(0)109	(0)115	(0)114	(0)108	(0)111	1.13569	-0.183643	0.	-43.438	83.4563	0.	-0.498123	0.867106	0.	-0.498123	0.867106	0.	12.5434	12.1534	-29.6266	100.	96.2621	0	-1	
11.2199	61.8162	510	0	(0)109	(0)115	(0)114	(0)108	(0)112	1.12528	-4.28189e-002	0.	-43.6595	83.8599	0.	-0.495366	0.868684	0.	-0.495366	0.868684	0.	10.9194	11.25	-29.4446	100.	102.442	0	-1	
11.237	58.2463	511	0	(0)110	(0)116	(0)115	(0)109	(0)112	1.11852	-0.249672	0.	-43.8785	84.2644	0.	-0.492227	0.870467	0.	-0.492227	0.870467	0.	12.4112	12.0484	-29.2378	100.	96.4533	0	-1	
11.2531	62.2998	512	0	(0)111	(0)117	(0)116	(0)110	(0)114	1.11305	0.446598	0.	-44.3304	85.0664	0.	-0.492233	0.870464	0.	-0.492233	0.870464	0.	-11.0314	-11.4543	-29.4216	100.	206.443	0	-1	
11.2699	59.681	513	0	(0)112	(0)118	(0)117	(0)111	(0)114	1.10894	7.6706e-002	0.	-44.5397	85.4735	0.	-0.486603	0.873623	0.	-0.486603	0.873623	0.	22.1935	22.0755	-29.0517	100.	98.354	0	-1	
11.2867	59.3404	514	0	(0)112	(0)118	(0)117	(0)111	(0)115	1.09703	0.193682	0.	-44.7522	85.8807	0.	-0.482705	0.875783	0.	-0.482705	0.875783	0.	15.318	15.1496	-28.7964	100.	98.1221	0	-1	
11.3037	58.8907	515	0	(0)113	(0)119	(0)118	(0)112	(0)115	1.08829	-9.88436e-002	0.	-44.961	86.2892	0.	-0.478228	0.878236	0.	-0.478228	0.878236	0.	17.5515	17.2271	-28.5039	100.	97.271	0	-1	
11.32	61.3084	516	0	(0)113	(0)120	(0)119	(0)113	(0)116	1.07611	5.84038e-002	0.	-45.1707	86.6982	0.	-0.474666	0.880166	0.	-0.474666	0.880166	0.	13.9261	14.2298	-28.2718	100.	101.447	0	-1	

