TrialReplay

Frame:	2
1.	0.	0.	0.	
0.	1.	0.	0.	
0.	0.	1.	0.	
0.	0.	0.	1.	
Dynamic:	0	

Frame:	3
1.	0.	0.	0.	
0.	1.	0.	0.	
0.	0.	1.	0.	
0.	0.	0.	1.	
Dynamic:	0	

Frame:	4
1.	0.	0.	0.	
0.	1.	0.	0.	
0.	0.	1.	0.	
0.	0.	0.	1.	
Dynamic:	0	

Frame:	5
1.	0.	0.	0.	
0.	1.	0.	0.	
0.	0.	1.	0.	
0.	0.	0.	1.	
Dynamic:	0	

Frame:	6
1.	0.	0.	0.	
0.	1.	0.	0.	
0.	0.	1.	0.	
0.	0.	0.	1.	
Dynamic:	0	

Frame:	7
1.	0.	0.	0.	
0.	1.	0.	0.	
0.	0.	1.	0.	
0.	0.	0.	1.	
Dynamic:	0	

Frame:	8
1.	0.	0.	0.	
0.	1.	0.	0.	
0.	0.	1.	0.	
0.	0.	0.	1.	
Dynamic:	0	

Frame:	9
1.	0.	0.	0.	
0.	1.	0.	0.	
0.	0.	1.	0.	
0.	0.	0.	1.	
Dynamic:	0	

Frame:	10
1.	0.	0.	0.	
0.	1.	0.	0.	
0.	0.	1.	0.	
0.	0.	0.	1.	
Dynamic:	0	

Frame:	11
1.	0.	0.	0.	
0.	1.	0.	0.	
0.	0.	1.	0.	
0.	0.	0.	1.	
Dynamic:	0	

Frame:	12
1.	0.	0.	0.	
0.	1.	0.	0.	
0.	0.	1.	0.	
0.	0.	0.	1.	
Dynamic:	0	

Frame:	13
1.	0.	0.	0.	
0.	1.	0.	0.	
0.	0.	1.	0.	
0.	0.	0.	1.	
Dynamic:	0	

Frame:	14
1.	0.	0.	0.	
0.	1.	0.	0.	
0.	0.	1.	0.	
0.	0.	0.	1.	
Dynamic:	0	

Frame:	15
1.	0.	0.	0.	
0.	1.	0.	0.	
0.	0.	1.	0.	
0.	0.	0.	1.	
Dynamic:	0	

Frame:	16
1.	0.	0.	0.	
0.	1.	0.	0.	
0.	0.	1.	0.	
0.	0.	0.	1.	
Dynamic:	0	

Frame:	17
1.	0.	0.	0.	
0.	1.	0.	0.	
0.	0.	1.	0.	
0.	0.	0.	1.	
Dynamic:	0	

Frame:	18
1.	0.	0.	0.	
0.	1.	0.	0.	
0.	0.	1.	0.	
0.	0.	0.	1.	
Dynamic:	0	

Frame:	19
1.	0.	0.	0.	
0.	1.	0.	0.	
0.	0.	1.	0.	
0.	0.	0.	1.	
Dynamic:	0	

Frame:	20
1.	0.	0.	0.	
0.	1.	0.	0.	
0.	0.	1.	0.	
0.	0.	0.	1.	
Dynamic:	0	

Frame:	21
1.	0.	0.	0.	
0.	1.	0.	0.	
0.	0.	1.	0.	
0.	0.	0.	1.	
Dynamic:	0	

Frame:	22
1.	0.	0.	0.	
0.	1.	0.	0.	
0.	0.	1.	0.	
0.	0.	0.	1.	
Dynamic:	0	

Frame:	23
1.	0.	0.	0.	
0.	1.	0.	0.	
0.	0.	1.	0.	
0.	0.	0.	1.	
Dynamic:	0	

Frame:	24
1.	0.	0.	0.	
0.	1.	0.	0.	
0.	0.	1.	0.	
0.	0.	0.	1.	
Dynamic:	0	

Frame:	25
1.	0.	0.	0.	
0.	1.	0.	0.	
0.	0.	1.	0.	
0.	0.	0.	1.	
Dynamic:	0	

Frame:	26
1.	0.	0.	0.	
0.	1.	0.	0.	
0.	0.	1.	0.	
0.	0.	0.	1.	
Dynamic:	0	

Frame:	27
1.	0.	0.	0.	
0.	1.	0.	0.	
0.	0.	1.	0.	
0.	0.	0.	1.	
Dynamic:	0	

Frame:	28
1.	0.	0.	0.	
0.	1.	0.	0.	
0.	0.	1.	0.	
0.	0.	0.	1.	
Dynamic:	0	

Frame:	29
1.	0.	0.	0.	
0.	1.	0.	0.	
0.	0.	1.	0.	
0.	0.	0.	1.	
Dynamic:	0	

Frame:	30
1.	0.	0.	0.	
0.	1.	0.	0.	
0.	0.	1.	0.	
0.	0.	0.	1.	
Dynamic:	0	

Frame:	31
1.	0.	0.	0.	
0.	1.	0.	0.	
0.	0.	1.	0.	
0.	0.	0.	1.	
Dynamic:	0	

Frame:	32
1.	0.	0.	0.	
0.	1.	0.	0.	
0.	0.	1.	0.	
0.	0.	0.	1.	
Dynamic:	0	

Frame:	33
1.	0.	0.	0.	
0.	1.	0.	0.	
0.	0.	1.	0.	
0.	0.	0.	1.	
Dynamic:	0	

Frame:	34
1.	0.	0.	0.	
0.	1.	0.	0.	
0.	0.	1.	0.	
0.	0.	0.	1.	
Dynamic:	0	

Frame:	35
1.	0.	0.	0.	
0.	1.	0.	0.	
0.	0.	1.	0.	
0.	0.	0.	1.	
Dynamic:	0	

Frame:	36
1.	0.	0.	0.	
0.	1.	0.	0.	
0.	0.	1.	0.	
0.	0.	0.	1.	
Dynamic:	0	

Frame:	37
1.	0.	0.	0.	
0.	1.	0.	0.	
0.	0.	1.	0.	
0.	0.	0.	1.	
Dynamic:	0	

Frame:	38
1.	0.	0.	0.	
0.	1.	0.	0.	
0.	0.	1.	0.	
0.	0.	0.	1.	
Dynamic:	0	

Frame:	39
1.	0.	0.	0.	
0.	1.	0.	0.	
0.	0.	1.	0.	
0.	0.	0.	1.	
Dynamic:	0	

Frame:	40
1.	0.	0.	0.	
0.	1.	0.	0.	
0.	0.	1.	0.	
0.	0.	0.	1.	
Dynamic:	0	

Frame:	41
1.	0.	0.	0.	
0.	1.	0.	0.	
0.	0.	1.	0.	
0.	0.	0.	1.	
Dynamic:	0	

Frame:	42
1.	0.	0.	0.	
0.	1.	0.	0.	
0.	0.	1.	0.	
0.	0.	0.	1.	
Dynamic:	0	

Frame:	43
1.	0.	0.	0.	
0.	1.	0.	0.	
0.	0.	1.	0.	
0.	0.	0.	1.	
Dynamic:	0	

Frame:	44
1.	0.	0.	0.	
0.	1.	0.	0.	
0.	0.	1.	0.	
0.	0.	0.	1.	
Dynamic:	0	

Frame:	45
1.	0.	0.	0.	
0.	1.	0.	0.	
0.	0.	1.	0.	
0.	0.	0.	1.	
Dynamic:	0	

Frame:	46
1.	0.	0.	0.	
0.	1.	0.	0.	
0.	0.	1.	0.	
0.	0.	0.	1.	
Dynamic:	0	

Frame:	47
1.	0.	0.	0.	
0.	1.	0.	0.	
0.	0.	1.	0.	
0.	0.	0.	1.	
Dynamic:	0	

Frame:	48
1.	0.	0.	0.	
0.	1.	0.	0.	
0.	0.	1.	0.	
0.	0.	0.	1.	
Dynamic:	0	

Frame:	49
1.	0.	0.	0.	
0.	1.	0.	0.	
0.	0.	1.	0.	
0.	0.	0.	1.	
Dynamic:	0	

Frame:	50
1.	0.	0.	0.	
0.	1.	0.	0.	
0.	0.	1.	0.	
0.	0.	0.	1.	
Dynamic:	0	

Frame:	51
1.	0.	0.	0.	
0.	1.	0.	0.	
0.	0.	1.	0.	
0.	0.	0.	1.	
Dynamic:	0	

Frame:	52
1.	0.	0.	0.	
0.	1.	0.	0.	
0.	0.	1.	0.	
0.	0.	0.	1.	
Dynamic:	0	

Frame:	53
1.	0.	0.	0.	
0.	1.	0.	0.	
0.	0.	1.	0.	
0.	0.	0.	1.	
Dynamic:	0	

Frame:	54
1.	0.	0.	0.	
0.	1.	0.	0.	
0.	0.	1.	0.	
0.	0.	0.	1.	
Dynamic:	0	

Frame:	55
1.	0.	0.	0.	
0.	1.	0.	0.	
0.	0.	1.	0.	
0.	0.	0.	1.	
Dynamic:	0	

Frame:	56
1.	0.	0.	0.	
0.	1.	0.	0.	
0.	0.	1.	0.	
0.	0.	0.	1.	
Dynamic:	0	

Frame:	57
1.	0.	0.	0.	
0.	1.	0.	0.	
0.	0.	1.	0.	
0.	0.	0.	1.	
Dynamic:	0	

Frame:	58
1.	0.	0.	0.	
0.	1.	0.	0.	
0.	0.	1.	0.	
0.	0.	0.	1.	
Dynamic:	0	

Frame:	59
1.	0.	0.	0.	
0.	1.	0.	0.	
0.	0.	1.	0.	
0.	0.	0.	1.	
Dynamic:	0	

Frame:	60
1.	0.	0.	0.	
0.	1.	0.	0.	
0.	0.	1.	0.	
0.	0.	0.	1.	
Dynamic:	0	

Frame:	61
1.	0.	0.	0.	
0.	1.	0.	0.	
0.	0.	1.	0.	
0.	0.	0.	1.	
Dynamic:	0	

Frame:	62
1.	0.	0.	0.	
0.	1.	0.	0.	
0.	0.	1.	0.	
0.	0.	0.	1.	
Dynamic:	0	

Frame:	63
1.	0.	0.	0.	
0.	1.	0.	0.	
0.	0.	1.	0.	
0.	0.	0.	1.	
Dynamic:	0	

Frame:	64
1.	0.	0.	0.	
0.	1.	0.	0.	
0.	0.	1.	0.	
0.	0.	0.	1.	
Dynamic:	0	

Frame:	65
1.	0.	0.	0.	
0.	1.	0.	0.	
0.	0.	1.	0.	
0.	0.	0.	1.	
Dynamic:	0	

Frame:	66
1.	0.	0.	0.	
0.	1.	0.	0.	
0.	0.	1.	0.	
0.	0.	0.	1.	
Dynamic:	0	

Frame:	67
1.	0.	0.	0.	
0.	1.	0.	0.	
0.	0.	1.	0.	
0.	0.	0.	1.	
Dynamic:	0	

Frame:	68
1.	0.	0.	0.	
0.	1.	0.	0.	
0.	0.	1.	0.	
0.	0.	0.	1.	
Dynamic:	0	

Frame:	69
1.	0.	0.	0.	
0.	1.	0.	0.	
0.	0.	1.	0.	
0.	0.	0.	1.	
Dynamic:	0	

Frame:	70
1.	0.	0.	0.	
0.	1.	0.	0.	
0.	0.	1.	0.	
0.	0.	0.	1.	
Dynamic:	0	

Frame:	71
1.	0.	0.	0.	
0.	1.	0.	0.	
0.	0.	1.	0.	
0.	0.	0.	1.	
Dynamic:	0	

Frame:	72
1.	0.	0.	0.	
0.	1.	0.	0.	
0.	0.	1.	0.	
0.	0.	0.	1.	
Dynamic:	0	

Frame:	73
1.	0.	0.	0.	
0.	1.	0.	0.	
0.	0.	1.	0.	
0.	0.	0.	1.	
Dynamic:	0	

Frame:	74
1.	0.	0.	0.	
0.	1.	0.	0.	
0.	0.	1.	0.	
0.	0.	0.	1.	
Dynamic:	0	

Frame:	75
1.	0.	0.	0.	
0.	1.	0.	0.	
0.	0.	1.	0.	
0.	0.	0.	1.	
Dynamic:	0	

Frame:	76
1.	0.	0.	0.	
0.	1.	0.	0.	
0.	0.	1.	0.	
0.	0.	0.	1.	
Dynamic:	0	

Frame:	77
1.	0.	0.	0.	
0.	1.	0.	0.	
0.	0.	1.	0.	
0.	0.	0.	1.	
Dynamic:	0	

Frame:	78
1.	0.	0.	0.	
0.	1.	0.	0.	
0.	0.	1.	0.	
0.	0.	0.	1.	
Dynamic:	0	

Frame:	79
1.	0.	0.	0.	
0.	1.	0.	0.	
0.	0.	1.	0.	
0.	0.	0.	1.	
Dynamic:	0	

Frame:	80
1.	0.	0.	0.	
0.	1.	0.	0.	
0.	0.	1.	0.	
0.	0.	0.	1.	
Dynamic:	0	

Frame:	81
1.	0.	0.	0.	
0.	1.	0.	0.	
0.	0.	1.	0.	
0.	0.	0.	1.	
Dynamic:	0	

Frame:	82
1.	0.	0.	0.	
0.	1.	0.	0.	
0.	0.	1.	0.	
0.	0.	0.	1.	
Dynamic:	0	

Frame:	83
1.	0.	0.	0.	
0.	1.	0.	0.	
0.	0.	1.	0.	
0.	0.	0.	1.	
Dynamic:	0	

Frame:	84
1.	0.	0.	0.	
0.	1.	0.	0.	
0.	0.	1.	0.	
0.	0.	0.	1.	
Dynamic:	0	

Frame:	85
1.	0.	0.	0.	
0.	1.	0.	0.	
0.	0.	1.	0.	
0.	0.	0.	1.	
Dynamic:	0	

Frame:	86
1.	0.	0.	0.	
0.	1.	0.	0.	
0.	0.	1.	0.	
0.	0.	0.	1.	
Dynamic:	0	

Frame:	87
1.	0.	0.	0.	
0.	1.	0.	0.	
0.	0.	1.	0.	
0.	0.	0.	1.	
Dynamic:	0	

Frame:	88
1.	0.	0.	0.	
0.	1.	0.	0.	
0.	0.	1.	0.	
0.	0.	0.	1.	
Dynamic:	0	

Frame:	89
1.	0.	0.	0.	
0.	1.	0.	0.	
0.	0.	1.	0.	
0.	0.	0.	1.	
Dynamic:	0	

Frame:	90
1.	0.	0.	0.	
0.	1.	0.	0.	
0.	0.	1.	0.	
0.	0.	0.	1.	
Dynamic:	0	

Frame:	91
1.	0.	0.	0.	
0.	1.	0.	0.	
0.	0.	1.	0.	
0.	0.	0.	1.	
Dynamic:	0	

Frame:	92
1.	0.	0.	0.	
0.	1.	0.	0.	
0.	0.	1.	0.	
0.	0.	0.	1.	
Dynamic:	0	

Frame:	93
1.	0.	0.	0.	
0.	1.	0.	0.	
0.	0.	1.	0.	
0.	0.	0.	1.	
Dynamic:	0	

Frame:	94
1.	0.	0.	0.	
0.	1.	0.	0.	
0.	0.	1.	0.	
0.	0.	0.	1.	
Dynamic:	0	

Frame:	95
1.	0.	0.	0.	
0.	1.	0.	0.	
0.	0.	1.	0.	
0.	0.	0.	1.	
Dynamic:	0	

Frame:	96
1.	0.	0.	0.	
0.	1.	0.	0.	
0.	0.	1.	0.	
0.	0.	0.	1.	
Dynamic:	0	

Frame:	97
1.	0.	0.	0.	
0.	1.	0.	0.	
0.	0.	1.	0.	
0.	0.	0.	1.	
Dynamic:	0	

Frame:	98
1.	0.	0.	0.	
0.	1.	0.	0.	
0.	0.	1.	0.	
0.	0.	0.	1.	
Dynamic:	0	

Frame:	99
1.	0.	0.	0.	
0.	1.	0.	0.	
0.	0.	1.	0.	
0.	0.	0.	1.	
Dynamic:	0	

Frame:	100
1.	0.	0.	0.	
0.	1.	0.	0.	
0.	0.	1.	0.	
0.	0.	0.	1.	
Dynamic:	0	

Frame:	101
1.	0.	0.	0.	
0.	1.	0.	0.	
0.	0.	1.	0.	
0.	0.	0.	1.	
Dynamic:	0	

Frame:	102
1.	0.	0.	0.	
0.	1.	0.	0.	
0.	0.	1.	0.	
0.	0.	0.	1.	
Dynamic:	0	

Frame:	103
1.	0.	0.	0.	
0.	1.	0.	0.	
0.	0.	1.	0.	
0.	0.	0.	1.	
Dynamic:	0	

Frame:	104
1.	0.	0.	0.	
0.	1.	0.	0.	
0.	0.	1.	0.	
0.	0.	0.	1.	
Dynamic:	0	

Frame:	105
1.	0.	0.	0.	
0.	1.	0.	0.	
0.	0.	1.	0.	
0.	0.	0.	1.	
Dynamic:	0	

Frame:	106
1.	0.	0.	0.	
0.	1.	0.	0.	
0.	0.	1.	0.	
0.	0.	0.	1.	
Dynamic:	0	

Frame:	107
1.	0.	0.	0.	
0.	1.	0.	0.	
0.	0.	1.	0.	
0.	0.	0.	1.	
Dynamic:	0	

Frame:	108
1.	0.	0.	0.	
0.	1.	0.	0.	
0.	0.	1.	0.	
0.	0.	0.	1.	
Dynamic:	0	

Frame:	109
1.	0.	0.	0.	
0.	1.	0.	0.	
0.	0.	1.	0.	
0.	0.	0.	1.	
Dynamic:	0	

Frame:	110
1.	0.	0.	0.	
0.	1.	0.	0.	
0.	0.	1.	0.	
0.	0.	0.	1.	
Dynamic:	0	

Frame:	111
1.	0.	0.	0.	
0.	1.	0.	0.	
0.	0.	1.	0.	
0.	0.	0.	1.	
Dynamic:	0	

Frame:	112
1.	0.	0.	0.	
0.	1.	0.	0.	
0.	0.	1.	0.	
0.	0.	0.	1.	
Dynamic:	0	

Frame:	113
1.	0.	0.	0.	
0.	1.	0.	0.	
0.	0.	1.	0.	
0.	0.	0.	1.	
Dynamic:	0	

Frame:	114
1.	0.	0.	0.	
0.	1.	0.	0.	
0.	0.	1.	0.	
0.	0.	0.	1.	
Dynamic:	0	

Frame:	115
1.	0.	0.	0.	
0.	1.	0.	0.	
0.	0.	1.	0.	
0.	0.	0.	1.	
Dynamic:	0	

Frame:	116
1.	0.	0.	0.	
0.	1.	0.	0.	
0.	0.	1.	0.	
0.	0.	0.	1.	
Dynamic:	0	

Frame:	117
1.	0.	0.	0.	
0.	1.	0.	0.	
0.	0.	1.	0.	
0.	0.	0.	1.	
Dynamic:	0	

Frame:	118
1.	0.	0.	0.	
0.	1.	0.	0.	
0.	0.	1.	0.	
0.	0.	0.	1.	
Dynamic:	0	

Frame:	119
1.	0.	0.	0.	
0.	1.	0.	0.	
0.	0.	1.	0.	
0.	0.	0.	1.	
Dynamic:	0	

Frame:	120
1.	0.	0.	0.	
0.	1.	0.	0.	
0.	0.	1.	0.	
0.	0.	0.	1.	
Dynamic:	0	

Frame:	121
1.	0.	0.	0.	
0.	1.	0.	0.	
0.	0.	1.	0.	
0.	0.	0.	1.	
Dynamic:	0	

Frame:	122
1.	0.	0.	0.	
0.	1.	0.	0.	
0.	0.	1.	0.	
0.	0.	0.	1.	
Dynamic:	0	

Frame:	123
1.	0.	0.	0.	
0.	1.	0.	0.	
0.	0.	1.	0.	
0.	0.	0.	1.	
Dynamic:	0	

Frame:	124
1.	0.	0.	0.	
0.	1.	0.	0.	
0.	0.	1.	0.	
0.	0.	0.	1.	
Dynamic:	0	

Frame:	125
1.	0.	0.	0.	
0.	1.	0.	0.	
0.	0.	1.	0.	
0.	0.	0.	1.	
Dynamic:	0	

Frame:	126
1.	0.	0.	0.	
0.	1.	0.	0.	
0.	0.	1.	0.	
0.	0.	0.	1.	
Dynamic:	0	

Frame:	127
1.	0.	0.	0.	
0.	1.	0.	0.	
0.	0.	1.	0.	
0.	0.	0.	1.	
Dynamic:	0	

Frame:	128
1.	0.	0.	0.	
0.	1.	0.	0.	
0.	0.	1.	0.	
0.	0.	0.	1.	
Dynamic:	0	

Frame:	129
1.	0.	0.	0.	
0.	1.	0.	0.	
0.	0.	1.	0.	
0.	0.	0.	1.	
Dynamic:	0	

Frame:	130
1.	0.	0.	0.	
0.	1.	0.	0.	
0.	0.	1.	0.	
0.	0.	0.	1.	
Dynamic:	0	

Frame:	131
1.	0.	0.	0.	
0.	1.	0.	0.	
0.	0.	1.	0.	
0.	0.	0.	1.	
Dynamic:	0	

Frame:	132
1.	0.	0.	0.	
0.	1.	0.	0.	
0.	0.	1.	0.	
0.	0.	0.	1.	
Dynamic:	0	

Frame:	133
1.	0.	0.	0.	
0.	1.	0.	0.	
0.	0.	1.	0.	
0.	0.	0.	1.	
Dynamic:	0	

Frame:	134
1.	0.	0.	0.	
0.	1.	0.	0.	
0.	0.	1.	0.	
0.	0.	0.	1.	
Dynamic:	0	

Frame:	135
1.	0.	0.	0.	
0.	1.	0.	0.	
0.	0.	1.	0.	
0.	0.	0.	1.	
Dynamic:	0	

Frame:	136
1.	0.	0.	0.	
0.	1.	0.	0.	
0.	0.	1.	0.	
0.	0.	0.	1.	
Dynamic:	0	

Frame:	137
1.	0.	0.	0.	
0.	1.	0.	0.	
0.	0.	1.	0.	
0.	0.	0.	1.	
Dynamic:	0	

Frame:	138
1.	0.	0.	0.	
0.	1.	0.	0.	
0.	0.	1.	0.	
0.	0.	0.	1.	
Dynamic:	0	

Frame:	139
1.	0.	0.	0.	
0.	1.	0.	0.	
0.	0.	1.	0.	
0.	0.	0.	1.	
Dynamic:	0	

Frame:	140
1.	0.	0.	0.	
0.	1.	0.	0.	
0.	0.	1.	0.	
0.	0.	0.	1.	
Dynamic:	0	

Frame:	141
1.	0.	0.	0.	
0.	1.	0.	0.	
0.	0.	1.	0.	
0.	0.	0.	1.	
Dynamic:	0	

Frame:	142
1.	0.	0.	0.	
0.	1.	0.	0.	
0.	0.	1.	0.	
0.	0.	0.	1.	
Dynamic:	0	

Frame:	143
1.	0.	0.	0.	
0.	1.	0.	0.	
0.	0.	1.	0.	
0.	0.	0.	1.	
Dynamic:	0	

Frame:	144
1.	0.	0.	0.	
0.	1.	0.	0.	
0.	0.	1.	0.	
0.	0.	0.	1.	
Dynamic:	0	

Frame:	145
1.	0.	0.	0.	
0.	1.	0.	0.	
0.	0.	1.	0.	
0.	0.	0.	1.	
Dynamic:	0	

Frame:	146
1.	0.	0.	0.	
0.	1.	0.	0.	
0.	0.	1.	0.	
0.	0.	0.	1.	
Dynamic:	0	

Frame:	147
1.	0.	0.	0.	
0.	1.	0.	0.	
0.	0.	1.	0.	
0.	0.	0.	1.	
Dynamic:	0	

Frame:	148
1.	0.	0.	0.	
0.	1.	0.	0.	
0.	0.	1.	0.	
0.	0.	0.	1.	
Dynamic:	0	

Frame:	149
1.	0.	0.	0.	
0.	1.	0.	0.	
0.	0.	1.	0.	
0.	0.	0.	1.	
Dynamic:	0	

Frame:	150
1.	0.	0.	0.	
0.	1.	0.	0.	
0.	0.	1.	0.	
0.	0.	0.	1.	
Dynamic:	0	

Frame:	151
1.	0.	0.	0.	
0.	1.	0.	0.	
0.	0.	1.	0.	
0.	0.	0.	1.	
Dynamic:	0	

Frame:	152
1.	0.	0.	0.	
0.	1.	0.	0.	
0.	0.	1.	0.	
0.	0.	0.	1.	
Dynamic:	0	

Frame:	153
1.	0.	0.	0.	
0.	1.	0.	0.	
0.	0.	1.	0.	
0.	0.	0.	1.	
Dynamic:	0	

Frame:	154
1.	0.	0.	0.	
0.	1.	0.	0.	
0.	0.	1.	0.	
0.	0.	0.	1.	
Dynamic:	0	

Frame:	155
1.	0.	0.	0.	
0.	1.	0.	0.	
0.	0.	1.	0.	
0.	0.	0.	1.	
Dynamic:	0	

Frame:	156
1.	0.	0.	0.	
0.	1.	0.	0.	
0.	0.	1.	0.	
0.	0.	0.	1.	
Dynamic:	0	

Frame:	157
1.	0.	0.	0.	
0.	1.	0.	0.	
0.	0.	1.	0.	
0.	0.	0.	1.	
Dynamic:	0	

Frame:	158
1.	0.	0.	0.	
0.	1.	0.	0.	
0.	0.	1.	0.	
0.	0.	0.	1.	
Dynamic:	0	

Frame:	159
1.	0.	0.	0.	
0.	1.	0.	0.	
0.	0.	1.	0.	
0.	0.	0.	1.	
Dynamic:	0	

Frame:	160
1.	0.	0.	0.	
0.	1.	0.	0.	
0.	0.	1.	0.	
0.	0.	0.	1.	
Dynamic:	0	

Frame:	161
1.	0.	0.	0.	
0.	1.	0.	0.	
0.	0.	1.	0.	
0.	0.	0.	1.	
Dynamic:	0	

Frame:	162
1.	0.	0.	0.	
0.	1.	0.	0.	
0.	0.	1.	0.	
0.	0.	0.	1.	
Dynamic:	0	

Frame:	163
1.	0.	0.	0.	
0.	1.	0.	0.	
0.	0.	1.	0.	
0.	0.	0.	1.	
Dynamic:	0	

Frame:	164
1.	0.	0.	0.	
0.	1.	0.	0.	
0.	0.	1.	0.	
0.	0.	0.	1.	
Dynamic:	0	

Frame:	165
1.	0.	0.	0.	
0.	1.	0.	0.	
0.	0.	1.	0.	
0.	0.	0.	1.	
Dynamic:	0	

Frame:	166
1.	0.	0.	0.	
0.	1.	0.	0.	
0.	0.	1.	0.	
0.	0.	0.	1.	
Dynamic:	0	

Frame:	167
1.	0.	0.	0.	
0.	1.	0.	0.	
0.	0.	1.	0.	
0.	0.	0.	1.	
Dynamic:	0	

Frame:	168
1.	0.	0.	0.	
0.	1.	0.	0.	
0.	0.	1.	0.	
0.	0.	0.	1.	
Dynamic:	0	

Frame:	169
1.	0.	0.	0.	
0.	1.	0.	0.	
0.	0.	1.	0.	
0.	0.	0.	1.	
Dynamic:	0	

Frame:	170
1.	0.	0.	0.	
0.	1.	0.	0.	
0.	0.	1.	0.	
0.	0.	0.	1.	
Dynamic:	0	

Frame:	171
1.	0.	0.	0.	
0.	1.	0.	0.	
0.	0.	1.	0.	
0.	0.	0.	1.	
Dynamic:	0	

Frame:	172
1.	0.	0.	0.	
0.	1.	0.	0.	
0.	0.	1.	0.	
0.	0.	0.	1.	
Dynamic:	0	

Frame:	173
1.	0.	0.	0.	
0.	1.	0.	0.	
0.	0.	1.	0.	
0.	0.	0.	1.	
Dynamic:	0	

Frame:	174
1.	0.	0.	0.	
0.	1.	0.	0.	
0.	0.	1.	0.	
0.	0.	0.	1.	
Dynamic:	0	

Frame:	175
1.	0.	0.	0.	
0.	1.	0.	0.	
0.	0.	1.	0.	
0.	0.	0.	1.	
Dynamic:	0	

Frame:	176
1.	0.	0.	0.	
0.	1.	0.	0.	
0.	0.	1.	0.	
0.	0.	0.	1.	
Dynamic:	0	

Frame:	177
1.	0.	0.	0.	
0.	1.	0.	0.	
0.	0.	1.	0.	
0.	0.	0.	1.	
Dynamic:	0	

Frame:	178
1.	0.	0.	0.	
0.	1.	0.	0.	
0.	0.	1.	0.	
0.	0.	0.	1.	
Dynamic:	0	

Frame:	179
1.	0.	0.	0.	
0.	1.	0.	0.	
0.	0.	1.	0.	
0.	0.	0.	1.	
Dynamic:	0	

Frame:	180
1.	0.	0.	0.	
0.	1.	0.	0.	
0.	0.	1.	0.	
0.	0.	0.	1.	
Dynamic:	0	

Frame:	181
1.	0.	0.	0.	
0.	1.	0.	0.	
0.	0.	1.	0.	
0.	0.	0.	1.	
Dynamic:	0	

Frame:	182
1.	0.	0.	0.	
0.	1.	0.	0.	
0.	0.	1.	0.	
0.	0.	0.	1.	
Dynamic:	0	

Frame:	183
1.	0.	0.	0.	
0.	1.	0.	0.	
0.	0.	1.	0.	
0.	0.	0.	1.	
Dynamic:	0	

Frame:	184
1.	0.	0.	0.	
0.	1.	0.	0.	
0.	0.	1.	0.	
0.	0.	0.	1.	
Dynamic:	0	

Frame:	185
1.	0.	0.	0.	
0.	1.	0.	0.	
0.	0.	1.	0.	
0.	0.	0.	1.	
Dynamic:	0	

Frame:	186
1.	0.	0.	0.	
0.	1.	0.	0.	
0.	0.	1.	0.	
0.	0.	0.	1.	
Dynamic:	0	

Frame:	187
1.	0.	0.	0.	
0.	1.	0.	0.	
0.	0.	1.	0.	
0.	0.	0.	1.	
Dynamic:	0	

Frame:	188
1.	0.	0.	0.	
0.	1.	0.	0.	
0.	0.	1.	0.	
0.	0.	0.	1.	
Dynamic:	0	

Frame:	189
1.	0.	0.	0.	
0.	1.	0.	0.	
0.	0.	1.	0.	
0.	0.	0.	1.	
Dynamic:	0	

Frame:	190
1.	0.	0.	0.	
0.	1.	0.	0.	
0.	0.	1.	0.	
0.	0.	0.	1.	
Dynamic:	0	

Frame:	191
1.	0.	0.	0.	
0.	1.	0.	0.	
0.	0.	1.	0.	
0.	0.	0.	1.	
Dynamic:	0	

Frame:	192
1.	0.	0.	0.	
0.	1.	0.	0.	
0.	0.	1.	0.	
0.	0.	0.	1.	
Dynamic:	0	

Frame:	193
1.	0.	0.	0.	
0.	1.	0.	0.	
0.	0.	1.	0.	
0.	0.	0.	1.	
Dynamic:	0	

Frame:	194
1.	0.	0.	0.	
0.	1.	0.	0.	
0.	0.	1.	0.	
0.	0.	0.	1.	
Dynamic:	0	

Frame:	195
1.	0.	0.	0.	
0.	1.	0.	0.	
0.	0.	1.	0.	
0.	0.	0.	1.	
Dynamic:	0	

Frame:	196
1.	0.	0.	0.	
0.	1.	0.	0.	
0.	0.	1.	0.	
0.	0.	0.	1.	
Dynamic:	0	

Frame:	197
1.	0.	0.	0.	
0.	1.	0.	0.	
0.	0.	1.	0.	
0.	0.	0.	1.	
Dynamic:	0	

Frame:	198
1.	0.	0.	0.	
0.	1.	0.	0.	
0.	0.	1.	0.	
0.	0.	0.	1.	
Dynamic:	0	

Frame:	199
1.	0.	0.	0.	
0.	1.	0.	0.	
0.	0.	1.	0.	
0.	0.	0.	1.	
Dynamic:	0	

Frame:	200
1.	0.	0.	0.	
0.	1.	0.	0.	
0.	0.	1.	0.	
0.	0.	0.	1.	
Dynamic:	0	

Frame:	201
1.	0.	0.	0.	
0.	1.	0.	0.	
0.	0.	1.	0.	
0.	0.	0.	1.	
Dynamic:	0	

Frame:	202
1.	0.	0.	0.	
0.	1.	0.	0.	
0.	0.	1.	0.	
0.	0.	0.	1.	
Dynamic:	0	

Frame:	203
1.	0.	0.	0.	
0.	1.	0.	0.	
0.	0.	1.	0.	
0.	0.	0.	1.	
Dynamic:	0	

Frame:	204
1.	0.	0.	0.	
0.	1.	0.	0.	
0.	0.	1.	0.	
0.	0.	0.	1.	
Dynamic:	0	

Frame:	205
1.	0.	0.	0.	
0.	1.	0.	0.	
0.	0.	1.	0.	
0.	0.	0.	1.	
Dynamic:	0	

Frame:	206
1.	0.	0.	0.	
0.	1.	0.	0.	
0.	0.	1.	0.	
0.	0.	0.	1.	
Dynamic:	0	

Frame:	207
1.	0.	0.	0.	
0.	1.	0.	0.	
0.	0.	1.	0.	
0.	0.	0.	1.	
Dynamic:	0	

Frame:	208
1.	0.	0.	0.	
0.	1.	0.	0.	
0.	0.	1.	0.	
0.	0.	0.	1.	
Dynamic:	0	

Frame:	209
1.	0.	0.	0.	
0.	1.	0.	0.	
0.	0.	1.	0.	
0.	0.	0.	1.	
Dynamic:	0	

Frame:	210
1.	0.	0.	0.	
0.	1.	0.	0.	
0.	0.	1.	0.	
0.	0.	0.	1.	
Dynamic:	0	

Frame:	211
1.	0.	0.	0.	
0.	1.	0.	0.	
0.	0.	1.	0.	
0.	0.	0.	1.	
Dynamic:	0	

Frame:	212
1.	0.	0.	0.	
0.	1.	0.	0.	
0.	0.	1.	0.	
0.	0.	0.	1.	
Dynamic:	0	

Frame:	213
1.	0.	0.	0.	
0.	1.	0.	0.	
0.	0.	1.	0.	
0.	0.	0.	1.	
Dynamic:	0	

Frame:	214
1.	0.	0.	0.	
0.	1.	0.	0.	
0.	0.	1.	0.	
0.	0.	0.	1.	
Dynamic:	0	

Frame:	215
1.	0.	0.	0.	
0.	1.	0.	0.	
0.	0.	1.	0.	
0.	0.	0.	1.	
Dynamic:	0	

Frame:	216
1.	0.	0.	0.	
0.	1.	0.	0.	
0.	0.	1.	0.	
0.	0.	0.	1.	
Dynamic:	0	

Frame:	217
1.	0.	0.	0.	
0.	1.	0.	0.	
0.	0.	1.	0.	
0.	0.	0.	1.	
Dynamic:	0	

Frame:	218
1.	0.	0.	0.	
0.	1.	0.	0.	
0.	0.	1.	0.	
0.	0.	0.	1.	
Dynamic:	0	

Frame:	219
1.	0.	0.	0.	
0.	1.	0.	0.	
0.	0.	1.	0.	
0.	0.	0.	1.	
Dynamic:	0	

Frame:	220
1.	0.	0.	0.	
0.	1.	0.	0.	
0.	0.	1.	0.	
0.	0.	0.	1.	
Dynamic:	0	

Frame:	221
1.	0.	0.	0.	
0.	1.	0.	0.	
0.	0.	1.	0.	
0.	0.	0.	1.	
Dynamic:	0	

Frame:	222
1.	0.	0.	0.	
0.	1.	0.	0.	
0.	0.	1.	0.	
0.	0.	0.	1.	
Dynamic:	0	

Frame:	223
1.	0.	0.	0.	
0.	1.	0.	0.	
0.	0.	1.	0.	
0.	0.	0.	1.	
Dynamic:	0	

Frame:	224
1.	0.	0.	0.	
0.	1.	0.	0.	
0.	0.	1.	0.	
0.	0.	0.	1.	
Dynamic:	0	

Frame:	225
1.	0.	0.	0.	
0.	1.	0.	0.	
0.	0.	1.	0.	
0.	0.	0.	1.	
Dynamic:	0	

Frame:	226
1.	0.	0.	0.	
0.	1.	0.	0.	
0.	0.	1.	0.	
0.	0.	0.	1.	
Dynamic:	0	

Frame:	227
1.	0.	0.	0.	
0.	1.	0.	0.	
0.	0.	1.	0.	
0.	0.	0.	1.	
Dynamic:	0	

Frame:	228
1.	0.	0.	0.	
0.	1.	0.	0.	
0.	0.	1.	0.	
0.	0.	0.	1.	
Dynamic:	0	

Frame:	229
1.	0.	0.	0.	
0.	1.	0.	0.	
0.	0.	1.	0.	
0.	0.	0.	1.	
Dynamic:	0	

Frame:	230
1.	0.	0.	0.	
0.	1.	0.	0.	
0.	0.	1.	0.	
0.	0.	0.	1.	
Dynamic:	0	

Frame:	231
1.	0.	0.	0.	
0.	1.	0.	0.	
0.	0.	1.	0.	
0.	0.	0.	1.	
Dynamic:	0	

Frame:	232
1.	0.	0.	0.	
0.	1.	0.	0.	
0.	0.	1.	0.	
0.	0.	0.	1.	
Dynamic:	0	

Frame:	233
1.	0.	0.	0.	
0.	1.	0.	0.	
0.	0.	1.	0.	
0.	0.	0.	1.	
Dynamic:	0	

Frame:	234
1.	0.	0.	0.	
0.	1.	0.	0.	
0.	0.	1.	0.	
0.	0.	0.	1.	
Dynamic:	0	

Frame:	235
1.	0.	0.	0.	
0.	1.	0.	0.	
0.	0.	1.	0.	
0.	0.	0.	1.	
Dynamic:	0	

Frame:	236
1.	0.	0.	0.	
0.	1.	0.	0.	
0.	0.	1.	0.	
0.	0.	0.	1.	
Dynamic:	0	

Frame:	237
1.	0.	0.	0.	
0.	1.	0.	0.	
0.	0.	1.	0.	
0.	0.	0.	1.	
Dynamic:	0	

Frame:	238
1.	0.	0.	0.	
0.	1.	0.	0.	
0.	0.	1.	0.	
0.	0.	0.	1.	
Dynamic:	0	

Frame:	239
1.	0.	0.	0.	
0.	1.	0.	0.	
0.	0.	1.	0.	
0.	0.	0.	1.	
Dynamic:	0	

Frame:	240
1.	0.	0.	0.	
0.	1.	0.	0.	
0.	0.	1.	0.	
0.	0.	0.	1.	
Dynamic:	0	

Frame:	241
1.	0.	0.	0.	
0.	1.	0.	0.	
0.	0.	1.	0.	
0.	0.	0.	1.	
Dynamic:	0	

Frame:	242
1.	0.	0.	0.	
0.	1.	0.	0.	
0.	0.	1.	0.	
0.	0.	0.	1.	
Dynamic:	0	

Frame:	243
1.	0.	0.	0.	
0.	1.	0.	0.	
0.	0.	1.	0.	
0.	0.	0.	1.	
Dynamic:	0	

Frame:	244
1.	0.	0.	0.	
0.	1.	0.	0.	
0.	0.	1.	0.	
0.	0.	0.	1.	
Dynamic:	0	

Frame:	245
1.	0.	0.	0.	
0.	1.	0.	0.	
0.	0.	1.	0.	
0.	0.	0.	1.	
Dynamic:	0	

Frame:	246
1.	0.	0.	0.	
0.	1.	0.	0.	
0.	0.	1.	0.	
0.	0.	0.	1.	
Dynamic:	0	

Frame:	247
1.	0.	0.	0.	
0.	1.	0.	0.	
0.	0.	1.	0.	
0.	0.	0.	1.	
Dynamic:	0	

Frame:	248
1.	0.	0.	0.	
0.	1.	0.	0.	
0.	0.	1.	0.	
0.	0.	0.	1.	
Dynamic:	0	

Frame:	249
1.	0.	0.	0.	
0.	1.	0.	0.	
0.	0.	1.	0.	
0.	0.	0.	1.	
Dynamic:	0	

Frame:	250
1.	0.	0.	0.	
0.	1.	0.	0.	
0.	0.	1.	0.	
0.	0.	0.	1.	
Dynamic:	0	

Frame:	251
1.	0.	0.	0.	
0.	1.	0.	0.	
0.	0.	1.	0.	
0.	0.	0.	1.	
Dynamic:	0	

Frame:	252
1.	0.	0.	0.	
0.	1.	0.	0.	
0.	0.	1.	0.	
0.	0.	0.	1.	
Dynamic:	0	

Frame:	253
1.	0.	0.	0.	
0.	1.	0.	0.	
0.	0.	1.	0.	
0.	0.	0.	1.	
Dynamic:	0	

Frame:	254
1.	0.	0.	0.	
0.	1.	0.	0.	
0.	0.	1.	0.	
0.	0.	0.	1.	
Dynamic:	0	

Frame:	255
1.	0.	0.	0.	
0.	1.	0.	0.	
0.	0.	1.	0.	
0.	0.	0.	1.	
Dynamic:	0	

Frame:	256
1.	0.	0.	0.	
0.	1.	0.	0.	
0.	0.	1.	0.	
0.	0.	0.	1.	
Dynamic:	0	

Frame:	257
1.	0.	0.	0.	
0.	1.	0.	0.	
0.	0.	1.	0.	
0.	0.	0.	1.	
Dynamic:	0	

Frame:	258
1.	0.	0.	0.	
0.	1.	0.	0.	
0.	0.	1.	0.	
0.	0.	0.	1.	
Dynamic:	0	

Frame:	259
1.	0.	0.	0.	
0.	1.	0.	0.	
0.	0.	1.	0.	
0.	0.	0.	1.	
Dynamic:	0	

Frame:	260
1.	0.	0.	0.	
0.	1.	0.	0.	
0.	0.	1.	0.	
0.	0.	0.	1.	
Dynamic:	0	

Frame:	261
1.	0.	0.	0.	
0.	1.	0.	0.	
0.	0.	1.	0.	
0.	0.	0.	1.	
Dynamic:	0	

Frame:	262
1.	0.	0.	0.	
0.	1.	0.	0.	
0.	0.	1.	0.	
0.	0.	0.	1.	
Dynamic:	0	

Frame:	263
1.	0.	0.	0.	
0.	1.	0.	0.	
0.	0.	1.	0.	
0.	0.	0.	1.	
Dynamic:	0	

Frame:	264
1.	0.	0.	0.	
0.	1.	0.	0.	
0.	0.	1.	0.	
0.	0.	0.	1.	
Dynamic:	0	

Frame:	265
1.	0.	0.	0.	
0.	1.	0.	0.	
0.	0.	1.	0.	
0.	0.	0.	1.	
Dynamic:	0	

Frame:	266
1.	0.	0.	0.	
0.	1.	0.	0.	
0.	0.	1.	0.	
0.	0.	0.	1.	
Dynamic:	0	

Frame:	267
1.	0.	0.	0.	
0.	1.	0.	0.	
0.	0.	1.	0.	
0.	0.	0.	1.	
Dynamic:	0	

Frame:	268
1.	0.	0.	0.	
0.	1.	0.	0.	
0.	0.	1.	0.	
0.	0.	0.	1.	
Dynamic:	0	

Frame:	269
1.	0.	0.	0.	
0.	1.	0.	0.	
0.	0.	1.	0.	
0.	0.	0.	1.	
Dynamic:	0	

Frame:	270
1.	0.	0.	0.	
0.	1.	0.	0.	
0.	0.	1.	0.	
0.	0.	0.	1.	
Dynamic:	0	

Frame:	271
1.	0.	0.	0.	
0.	1.	0.	0.	
0.	0.	1.	0.	
0.	0.	0.	1.	
Dynamic:	0	

Frame:	272
1.	0.	0.	0.	
0.	1.	0.	0.	
0.	0.	1.	0.	
0.	0.	0.	1.	
Dynamic:	0	

Frame:	273
1.	0.	0.	0.	
0.	1.	0.	0.	
0.	0.	1.	0.	
0.	0.	0.	1.	
Dynamic:	0	

Frame:	274
1.	0.	0.	0.	
0.	1.	0.	0.	
0.	0.	1.	0.	
0.	0.	0.	1.	
Dynamic:	0	

Frame:	275
1.	0.	0.	0.	
0.	1.	0.	0.	
0.	0.	1.	0.	
0.	0.	0.	1.	
Dynamic:	0	

Frame:	276
1.	0.	0.	0.	
0.	1.	0.	0.	
0.	0.	1.	0.	
0.	0.	0.	1.	
Dynamic:	0	

Frame:	277
1.	0.	0.	0.	
0.	1.	0.	0.	
0.	0.	1.	0.	
0.	0.	0.	1.	
Dynamic:	0	

Frame:	278
1.	0.	0.	0.	
0.	1.	0.	0.	
0.	0.	1.	0.	
0.	0.	0.	1.	
Dynamic:	0	

Frame:	279
1.	0.	0.	0.	
0.	1.	0.	0.	
0.	0.	1.	0.	
0.	0.	0.	1.	
Dynamic:	0	

Frame:	280
1.	0.	0.	0.	
0.	1.	0.	0.	
0.	0.	1.	0.	
0.	0.	0.	1.	
Dynamic:	0	

Frame:	281
1.	0.	0.	0.	
0.	1.	0.	0.	
0.	0.	1.	0.	
0.	0.	0.	1.	
Dynamic:	0	

Frame:	282
1.	0.	0.	0.	
0.	1.	0.	0.	
0.	0.	1.	0.	
0.	0.	0.	1.	
Dynamic:	0	

Frame:	283
1.	0.	0.	0.	
0.	1.	0.	0.	
0.	0.	1.	0.	
0.	0.	0.	1.	
Dynamic:	0	

Frame:	284
0.99998	6.25494e-003	0.	0.	
-6.25494e-003	0.99998	0.	0.	
0.	0.	1.	0.	
-1.52616e-002	8.72281e-002	0.	1.	
Dynamic:	0	

Frame:	285
0.999985	5.55753e-003	0.	0.	
-5.55753e-003	0.999985	0.	0.	
0.	0.	1.	0.	
-1.36262e-002	8.78306e-002	0.	1.	
Dynamic:	0	

Frame:	286
0.999978	6.66155e-003	0.	0.	
-6.66155e-003	0.999978	0.	0.	
0.	0.	1.	0.	
-1.61127e-002	8.68776e-002	0.	1.	
Dynamic:	0	

Frame:	287
0.999982	5.91937e-003	0.	0.	
-5.91937e-003	0.999982	0.	0.	
0.	0.	1.	0.	
-1.451e-002	8.75173e-002	0.	1.	
Dynamic:	0	

Frame:	288
0.999986	5.25988e-003	0.	0.	
-5.25988e-003	0.999986	0.	0.	
0.	0.	1.	0.	
-1.31465e-002	8.80833e-002	0.	1.	
Dynamic:	0	

Frame:	289
0.999989	4.67386e-003	0.	0.	
-4.67386e-003	0.999989	0.	0.	
0.	0.	1.	0.	
-1.19888e-002	8.85839e-002	0.	1.	
Dynamic:	0	

Frame:	290
0.999991	4.15313e-003	0.	0.	
-4.15313e-003	0.999991	0.	0.	
0.	0.	1.	0.	
-1.10081e-002	8.90264e-002	0.	1.	
Dynamic:	0	

Frame:	291
0.999993	3.69042e-003	0.	0.	
-3.69042e-003	0.999993	0.	0.	
0.	0.	1.	0.	
-1.01792e-002	8.94177e-002	0.	1.	
Dynamic:	0	

Frame:	292
0.999995	3.27926e-003	0.	0.	
-3.27926e-003	0.999995	0.	0.	
0.	0.	1.	0.	
-9.48059e-003	8.97634e-002	0.	1.	
Dynamic:	0	

Frame:	293
0.999996	2.91391e-003	0.	0.	
-2.91391e-003	0.999996	0.	0.	
0.	0.	1.	0.	
-8.89347e-003	9.00688e-002	0.	1.	
Dynamic:	0	

Frame:	294
0.999997	2.58926e-003	0.	0.	
-2.58926e-003	0.999997	0.	0.	
0.	0.	1.	0.	
-8.4017e-003	9.03385e-002	0.	1.	
Dynamic:	0	

Frame:	295
0.999992	3.99723e-003	0.	0.	
-3.99723e-003	0.999992	0.	0.	
0.	0.	1.	0.	
-1.04036e-002	8.91742e-002	0.	1.	
Dynamic:	0	

Frame:	296
0.999994	3.55231e-003	0.	0.	
-3.55231e-003	0.999994	0.	0.	
0.	0.	1.	0.	
-9.81235e-003	8.95402e-002	0.	1.	
Dynamic:	0	

Frame:	297
0.999995	3.15692e-003	0.	0.	
-3.15692e-003	0.999995	0.	0.	
0.	0.	1.	0.	
-9.32327e-003	8.98631e-002	0.	1.	
Dynamic:	0	

Frame:	298
0.999996	2.80553e-003	0.	0.	
-2.80553e-003	0.999996	0.	0.	
0.	0.	1.	0.	
-8.92101e-003	9.01479e-002	0.	1.	
Dynamic:	0	

Frame:	299
0.999997	2.49326e-003	0.	0.	
-2.49326e-003	0.999997	0.	0.	
0.	0.	1.	0.	
-8.59228e-003	9.0399e-002	0.	1.	
Dynamic:	0	

Frame:	300
0.999998	2.21574e-003	0.	0.	
-2.21574e-003	0.999998	0.	0.	
0.	0.	1.	0.	
-8.32572e-003	9.06203e-002	0.	1.	
Dynamic:	0	

Frame:	301
0.999998	1.96912e-003	0.	0.	
-1.96912e-003	0.999998	0.	0.	
0.	0.	1.	0.	
-8.11156e-003	9.08154e-002	0.	1.	
Dynamic:	0	

Frame:	302
0.999999	1.70957e-003	0.	0.	
-1.70957e-003	0.999999	0.	0.	
0.	0.	1.	0.	
-7.9101e-003	9.1019e-002	0.	1.	
Dynamic:	0	

Frame:	303
0.999999	1.61448e-003	0.	0.	
-1.61448e-003	0.999999	0.	0.	
0.	0.	1.	0.	
-7.84506e-003	9.10929e-002	0.	1.	
Dynamic:	0	

Frame:	304
0.999999	1.52468e-003	0.	0.	
-1.52468e-003	0.999999	0.	0.	
0.	0.	1.	0.	
-7.79192e-003	9.11621e-002	0.	1.	
Dynamic:	0	

Frame:	305
0.999996	2.8781e-003	0.	0.	
-2.8781e-003	0.999996	0.	0.	
0.	0.	1.	0.	
-8.46717e-003	9.01285e-002	0.	1.	
Dynamic:	0	

Frame:	306
0.999997	2.55812e-003	0.	0.	
-2.55812e-003	0.999997	0.	0.	
0.	0.	1.	0.	
-8.33719e-003	9.03706e-002	0.	1.	
Dynamic:	0	

Frame:	307
0.999997	2.27371e-003	0.	0.	
-2.27371e-003	0.999997	0.	0.	
0.	0.	1.	0.	
-8.24784e-003	9.05836e-002	0.	1.	
Dynamic:	0	

Frame:	308
0.999992	4.04183e-003	0.	0.	
-4.04183e-003	0.999992	0.	0.	
0.	0.	1.	0.	
-1.67532e-002	0.181509	0.	1.	
Dynamic:	0	

Frame:	309
0.999988	4.81586e-003	0.	0.	
-4.81586e-003	0.999988	0.	0.	
0.	0.	1.	0.	
-2.54106e-002	0.273137	0.	1.	
Dynamic:	0	

Frame:	310
0.999992	4.01326e-003	0.	0.	
-4.01326e-003	0.999992	0.	0.	
0.	0.	1.	0.	
-2.54557e-002	0.273713	0.	1.	
Dynamic:	0	

Frame:	311
0.99996	8.91248e-003	0.	0.	
-8.91248e-003	0.99996	0.	0.	
0.	0.	1.	0.	
-3.35679e-002	0.362415	0.	1.	
Dynamic:	0	

Frame:	312
0.999975	7.11826e-003	0.	0.	
-7.11826e-003	0.999975	0.	0.	
0.	0.	1.	0.	
-4.50693e-002	0.455605	0.	1.	
Dynamic:	0	

Frame:	313
0.999947	1.02799e-002	0.	0.	
-1.02799e-002	0.999947	0.	0.	
0.	0.	1.	0.	
-4.19712e-002	0.453654	0.	1.	
Dynamic:	0	

Frame:	314
0.999972	7.48211e-003	0.	0.	
-7.48211e-003	0.999972	0.	0.	
0.	0.	1.	0.	
-4.59988e-002	0.455223	0.	1.	
Dynamic:	0	

Frame:	315
0.999954	9.62895e-003	0.	0.	
-9.62895e-003	0.999954	0.	0.	
0.	0.	1.	0.	
-4.19234e-002	0.454148	0.	1.	
Dynamic:	0	

Frame:	316
0.999986	5.36192e-003	0.	0.	
-5.36192e-003	0.999986	0.	0.	
0.	0.	1.	0.	
-5.19782e-002	0.45602	0.	1.	
Dynamic:	0	

Frame:	317
0.999958	9.19357e-003	0.	0.	
-9.19357e-003	0.999958	0.	0.	
0.	0.	1.	0.	
-4.11949e-002	0.454598	0.	1.	
Dynamic:	0	

Frame:	318
0.999925	1.2286e-002	0.	0.	
-1.2286e-002	0.999925	0.	0.	
0.	0.	1.	0.	
-3.10735e-002	0.453702	0.	1.	
Dynamic:	0	

Frame:	319
0.999985	5.4395e-003	0.	0.	
-5.4395e-003	0.999985	0.	0.	
0.	0.	1.	0.	
-5.66053e-002	0.455211	0.	1.	
Dynamic:	0	

Frame:	320
0.999959	9.07532e-003	0.	0.	
-9.07532e-003	0.999959	0.	0.	
0.	0.	1.	0.	
-4.13903e-002	0.45468	0.	1.	
Dynamic:	0	

Frame:	321
0.999987	5.06816e-003	0.	0.	
-5.06816e-003	0.999987	0.	0.	
0.	0.	1.	0.	
-5.99846e-002	0.454938	0.	1.	
Dynamic:	0	

Frame:	322
0.999962	8.66031e-003	0.	0.	
-8.66031e-003	0.999962	0.	0.	
0.	0.	1.	0.	
-4.16824e-002	0.455014	0.	1.	
Dynamic:	0	

Frame:	323
0.999988	4.84152e-003	0.	0.	
-4.84152e-003	0.999988	0.	0.	
0.	0.	1.	0.	
-6.28745e-002	0.454596	0.	1.	
Dynamic:	0	

Frame:	324
0.999965	8.37073e-003	0.	0.	
-8.37073e-003	0.999965	0.	0.	
0.	0.	1.	0.	
-4.16886e-002	0.455307	0.	1.	
Dynamic:	0	

Frame:	325
0.999986	5.38232e-003	0.	0.	
-5.38232e-003	0.999986	0.	0.	
0.	0.	1.	0.	
-6.0982e-002	0.454416	0.	1.	
Dynamic:	0	

Frame:	326
0.999969	7.91343e-003	0.	0.	
-7.91343e-003	0.999969	0.	0.	
0.	0.	1.	0.	
-4.34959e-002	0.455417	0.	1.	
Dynamic:	0	

Frame:	327
0.999987	5.16225e-003	0.	0.	
-5.16225e-003	0.999987	0.	0.	
0.	0.	1.	0.	
-6.37454e-002	0.454053	0.	1.	
Dynamic:	0	

Frame:	328
0.999971	7.59358e-003	0.	0.	
-7.59358e-003	0.999971	0.	0.	
0.	0.	1.	0.	
-4.47534e-002	0.45551	0.	1.	
Dynamic:	0	

Frame:	329
0.999988	4.9936e-003	0.	0.	
-4.9936e-003	0.999988	0.	0.	
0.	0.	1.	0.	
-6.62341e-002	0.453675	0.	1.	
Dynamic:	0	

Frame:	330
0.999973	7.34922e-003	0.	0.	
-7.34922e-003	0.999973	0.	0.	
0.	0.	1.	0.	
-4.57129e-002	0.455595	0.	1.	
Dynamic:	0	

Frame:	331
0.999974	7.27112e-003	0.	0.	
-7.27112e-003	0.999974	0.	0.	
0.	0.	1.	0.	
-4.64283e-002	0.455521	0.	1.	
Dynamic:	0	

Frame:	332
0.99998	6.36049e-003	0.	0.	
-6.36049e-003	0.99998	0.	0.	
0.	0.	1.	0.	
-5.51779e-002	0.454566	0.	1.	
Dynamic:	0	

Frame:	333
0.999978	6.64354e-003	0.	0.	
-6.64354e-003	0.999978	0.	0.	
0.	0.	1.	0.	
-5.23315e-002	0.454896	0.	1.	
Dynamic:	0	

Frame:	334
0.999983	5.81704e-003	0.	0.	
-5.81704e-003	0.999983	0.	0.	
0.	0.	1.	0.	
-6.10121e-002	0.453834	0.	1.	
Dynamic:	0	

Frame:	335
0.99998	6.26599e-003	0.	0.	
-6.26599e-003	0.99998	0.	0.	
0.	0.	1.	0.	
-5.60966e-002	0.454466	0.	1.	
Dynamic:	0	

Frame:	336
0.999982	5.99847e-003	0.	0.	
-5.99847e-003	0.999982	0.	0.	
0.	0.	1.	0.	
-5.91447e-002	0.454055	0.	1.	
Dynamic:	0	

Frame:	337
0.999975	7.05009e-003	0.	0.	
-7.05009e-003	0.999975	0.	0.	
0.	0.	1.	0.	
-4.66961e-002	0.455812	0.	1.	
Dynamic:	0	

Frame:	338
0.99999	4.55077e-003	0.	0.	
-4.55077e-003	0.99999	0.	0.	
0.	0.	1.	0.	
-7.73933e-002	0.451325	0.	1.	
Dynamic:	0	

Frame:	339
0.999977	6.7158e-003	0.	0.	
-6.7158e-003	0.999977	0.	0.	
0.	0.	1.	0.	
-4.9843e-002	0.455502	0.	1.	
Dynamic:	0	

Frame:	340
0.99999	4.379e-003	0.	0.	
-4.379e-003	0.99999	0.	0.	
0.	0.	1.	0.	
-8.06123e-002	0.450675	0.	1.	
Dynamic:	0	

Frame:	341
0.999979	6.46602e-003	0.	0.	
-6.46602e-003	0.999979	0.	0.	
0.	0.	1.	0.	
-5.2211e-002	0.455276	0.	1.	
Dynamic:	0	

Frame:	342
0.999991	4.23952e-003	0.	0.	
-4.23952e-003	0.999991	0.	0.	
0.	0.	1.	0.	
-8.34915e-002	0.450052	0.	1.	
Dynamic:	0	

Frame:	343
0.99998	6.26365e-003	0.	0.	
-6.26365e-003	0.99998	0.	0.	
0.	0.	1.	0.	
-5.41639e-002	0.455092	0.	1.	
Dynamic:	0	

Frame:	344
0.999992	4.1184e-003	0.	0.	
-4.1184e-003	0.999992	0.	0.	
0.	0.	1.	0.	
-8.61883e-002	0.449436	0.	1.	
Dynamic:	0	

Frame:	345
0.999981	6.08824e-003	0.	0.	
-6.08824e-003	0.999981	0.	0.	
0.	0.	1.	0.	
-5.59192e-002	0.454923	0.	1.	
Dynamic:	0	

Frame:	346
0.999982	6.00326e-003	0.	0.	
-6.00326e-003	0.999982	0.	0.	
0.	0.	1.	0.	
-5.72619e-002	0.454672	0.	1.	
Dynamic:	0	

Frame:	347
0.999985	5.5181e-003	0.	0.	
-5.5181e-003	0.999985	0.	0.	
0.	0.	1.	0.	
-6.51401e-002	0.453167	0.	1.	
Dynamic:	0	

Frame:	348
0.999985	5.42804e-003	0.	0.	
-5.42804e-003	0.999985	0.	0.	
0.	0.	1.	0.	
-6.66418e-002	0.452874	0.	1.	
Dynamic:	0	

Frame:	349
0.999987	5.12866e-003	0.	0.	
-5.12866e-003	0.999987	0.	0.	
0.	0.	1.	0.	
-7.17641e-002	0.451853	0.	1.	
Dynamic:	0	

Frame:	350
0.999987	5.0486e-003	0.	0.	
-5.0486e-003	0.999987	0.	0.	
0.	0.	1.	0.	
-7.31687e-002	0.451567	0.	1.	
Dynamic:	0	

Frame:	351
0.999988	4.85492e-003	0.	0.	
-4.85492e-003	0.999988	0.	0.	
0.	0.	1.	0.	
-7.66506e-002	0.450844	0.	1.	
Dynamic:	0	

Frame:	352
0.999989	4.78255e-003	0.	0.	
-4.78255e-003	0.999989	0.	0.	
0.	0.	1.	0.	
-7.79829e-002	0.450562	0.	1.	
Dynamic:	0	

Frame:	353
0.999989	4.64826e-003	0.	0.	
-4.64826e-003	0.999989	0.	0.	
0.	0.	1.	0.	
-8.05131e-002	0.450017	0.	1.	
Dynamic:	0	

Frame:	354
0.99999	4.53513e-003	0.	0.	
-4.53513e-003	0.99999	0.	0.	
0.	0.	1.	0.	
-8.26936e-002	0.449539	0.	1.	
Dynamic:	0	

Frame:	355
0.99999	4.49068e-003	0.	0.	
-4.49068e-003	0.99999	0.	0.	
0.	0.	1.	0.	
-8.35694e-002	0.449343	0.	1.	
Dynamic:	0	

Frame:	356
0.99999	4.39158e-003	0.	0.	
-4.39158e-003	0.99999	0.	0.	
0.	0.	1.	0.	
-8.55645e-002	0.44889	0.	1.	
Dynamic:	0	

Frame:	357
0.999992	-3.89108e-003	0.	0.	
3.89108e-003	0.999992	0.	0.	
0.	0.	1.	0.	
-0.257025	0.402718	0.	1.	
Dynamic:	0	

Frame:	358
0.999986	5.3116e-003	0.	0.	
-5.3116e-003	0.999986	0.	0.	
0.	0.	1.	0.	
-6.2339e-002	0.455062	0.	1.	
Dynamic:	0	

Frame:	359
0.999982	6.01164e-003	0.	0.	
-6.01164e-003	0.999982	0.	0.	
0.	0.	1.	0.	
-4.70572e-002	0.458777	0.	1.	
Dynamic:	0	

Frame:	360
0.999991	4.31949e-003	0.	0.	
-4.31949e-003	0.999991	0.	0.	
0.	0.	1.	0.	
-8.47223e-002	0.449509	0.	1.	
Dynamic:	0	

Frame:	361
0.999986	5.34837e-003	0.	0.	
-5.34837e-003	0.999986	0.	0.	
0.	0.	1.	0.	
-6.13814e-002	0.455325	0.	1.	
Dynamic:	0	

Frame:	362
0.999992	3.95499e-003	0.	0.	
-3.95499e-003	0.999992	0.	0.	
0.	0.	1.	0.	
-9.35842e-002	0.447197	0.	1.	
Dynamic:	0	

Frame:	363
0.999988	4.89965e-003	0.	0.	
-4.89965e-003	0.999988	0.	0.	
0.	0.	1.	0.	
-7.13507e-002	0.452879	0.	1.	
Dynamic:	0	

Frame:	364
0.999993	3.69658e-003	0.	0.	
-3.69658e-003	0.999993	0.	0.	
0.	0.	1.	0.	
-0.100176	0.44542	0.	1.	
Dynamic:	0	

Frame:	365
0.99999	4.58188e-003	0.	0.	
-4.58188e-003	0.99999	0.	0.	
0.	0.	1.	0.	
-7.85898e-002	0.451074	0.	1.	
Dynamic:	0	

Frame:	366
0.999994	3.50387e-003	0.	0.	
-3.50387e-003	0.999994	0.	0.	
0.	0.	1.	0.	
-0.105329	0.443984	0.	1.	
Dynamic:	0	

Frame:	367
0.999992	4.09774e-003	0.	0.	
-4.09774e-003	0.999992	0.	0.	
0.	0.	1.	0.	
-9.03482e-002	0.448002	0.	1.	
Dynamic:	0	

Frame:	368
0.999987	5.08421e-003	0.	0.	
-5.08421e-003	0.999987	0.	0.	
0.	0.	1.	0.	
-6.50543e-002	0.454888	0.	1.	
Dynamic:	0	

Frame:	369
0.999993	3.68106e-003	0.	0.	
-3.68106e-003	0.999993	0.	0.	
0.	0.	1.	0.	
-0.101622	0.444824	0.	1.	
Dynamic:	0	

Frame:	370
0.99999	4.56942e-003	0.	0.	
-4.56942e-003	0.99999	0.	0.	
0.	0.	1.	0.	
-7.80974e-002	0.451367	0.	1.	
Dynamic:	0	

Frame:	371
0.999994	3.39162e-003	0.	0.	
-3.39162e-003	0.999994	0.	0.	
0.	0.	1.	0.	
-0.109779	0.44246	0.	1.	
Dynamic:	0	

Frame:	372
0.999992	3.90113e-003	0.	0.	
-3.90113e-003	0.999992	0.	0.	
0.	0.	1.	0.	
-9.58602e-002	0.446412	0.	1.	
Dynamic:	0	

Frame:	373
0.999995	3.23461e-003	0.	0.	
-3.23461e-003	0.999995	0.	0.	
0.	0.	1.	0.	
-0.114346	0.441108	0.	1.	
Dynamic:	0	

Frame:	374
0.999993	3.73786e-003	0.	0.	
-3.73786e-003	0.999993	0.	0.	
0.	0.	1.	0.	
-0.100179	0.445215	0.	1.	
Dynamic:	0	

Frame:	375
0.999995	3.10046e-003	0.	0.	
-3.10046e-003	0.999995	0.	0.	
0.	0.	1.	0.	
-0.118386	0.439882	0.	1.	
Dynamic:	0	

Frame:	376
0.999994	3.59353e-003	0.	0.	
-3.59353e-003	0.999994	0.	0.	
0.	0.	1.	0.	
-0.104098	0.444109	0.	1.	
Dynamic:	0	

Frame:	377
0.999996	2.98189e-003	0.	0.	
-2.98189e-003	0.999996	0.	0.	
0.	0.	1.	0.	
-0.122075	0.438739	0.	1.	
Dynamic:	0	

Frame:	378
0.999994	3.46308e-003	0.	0.	
-3.46308e-003	0.999994	0.	0.	
0.	0.	1.	0.	
-0.107733	0.443064	0.	1.	
Dynamic:	0	

Frame:	379
0.999996	2.8752e-003	0.	0.	
-2.8752e-003	0.999996	0.	0.	
0.	0.	1.	0.	
-0.125497	0.437656	0.	1.	
Dynamic:	0	

Frame:	380
0.999994	3.34261e-003	0.	0.	
-3.34261e-003	0.999994	0.	0.	
0.	0.	1.	0.	
-0.111181	0.442055	0.	1.	
Dynamic:	0	

Frame:	381
0.999996	2.77691e-003	0.	0.	
-2.77691e-003	0.999996	0.	0.	
0.	0.	1.	0.	
-0.128739	0.43661	0.	1.	
Dynamic:	0	

Frame:	382
0.999995	3.22926e-003	0.	0.	
-3.22926e-003	0.999995	0.	0.	
0.	0.	1.	0.	
-0.114514	0.441061	0.	1.	
Dynamic:	0	

Frame:	383
0.999996	2.68351e-003	0.	0.	
-2.68351e-003	0.999996	0.	0.	
0.	0.	1.	0.	
-0.1319	0.435573	0.	1.	
Dynamic:	0	

Frame:	384
0.999995	3.1215e-003	0.	0.	
-3.1215e-003	0.999995	0.	0.	
0.	0.	1.	0.	
-0.117768	0.440072	0.	1.	
Dynamic:	0	

Frame:	385
0.999997	2.59325e-003	0.	0.	
-2.59325e-003	0.999997	0.	0.	
0.	0.	1.	0.	
-0.135028	0.434531	0.	1.	
Dynamic:	0	

Frame:	386
0.999995	3.01729e-003	0.	0.	
-3.01729e-003	0.999995	0.	0.	
0.	0.	1.	0.	
-0.121	0.439072	0.	1.	
Dynamic:	0	

Frame:	387
0.999997	2.50708e-003	0.	0.	
-2.50708e-003	0.999997	0.	0.	
0.	0.	1.	0.	
-0.138086	0.433495	0.	1.	
Dynamic:	0	

Frame:	388
0.999996	2.79127e-003	0.	0.	
-2.79127e-003	0.999996	0.	0.	
0.	0.	1.	0.	
-0.128453	0.436664	0.	1.	
Dynamic:	0	

Frame:	389
0.999997	2.43849e-003	0.	0.	
-2.43849e-003	0.999997	0.	0.	
0.	0.	1.	0.	
-0.140553	0.432652	0.	1.	
Dynamic:	0	

Frame:	390
0.999996	2.70982e-003	0.	0.	
-2.70982e-003	0.999996	0.	0.	
0.	0.	1.	0.	
-0.131137	0.435799	0.	1.	
Dynamic:	0	

Frame:	391
0.999997	2.36774e-003	0.	0.	
-2.36774e-003	0.999997	0.	0.	
0.	0.	1.	0.	
-0.143147	0.431755	0.	1.	
Dynamic:	0	

Frame:	392
0.999997	2.62701e-003	0.	0.	
-2.62701e-003	0.999997	0.	0.	
0.	0.	1.	0.	
-0.13394	0.434878	0.	1.	
Dynamic:	0	

Frame:	393
0.999997	2.29575e-003	0.	0.	
-2.29575e-003	0.999997	0.	0.	
0.	0.	1.	0.	
-0.145837	0.430812	0.	1.	
Dynamic:	0	

Frame:	394
0.999997	2.54325e-003	0.	0.	
-2.54325e-003	0.999997	0.	0.	
0.	0.	1.	0.	
-0.136848	0.433907	0.	1.	
Dynamic:	0	

Frame:	395
0.999998	2.22287e-003	0.	0.	
-2.22287e-003	0.999998	0.	0.	
0.	0.	1.	0.	
-0.148613	0.429828	0.	1.	
Dynamic:	0	

Frame:	396
0.999997	2.45938e-003	0.	0.	
-2.45938e-003	0.999997	0.	0.	
0.	0.	1.	0.	
-0.139833	0.432893	0.	1.	
Dynamic:	0	

Frame:	397
0.999998	2.11682e-003	0.	0.	
-2.11682e-003	0.999998	0.	0.	
0.	0.	1.	0.	
-0.152687	0.428374	0.	1.	
Dynamic:	0	

Frame:	398
0.999997	2.3787e-003	0.	0.	
-2.3787e-003	0.999997	0.	0.	
0.	0.	1.	0.	
-0.142756	0.431889	0.	1.	
Dynamic:	0	

Frame:	399
0.999998	2.04477e-003	0.	0.	
-2.04477e-003	0.999998	0.	0.	
0.	0.	1.	0.	
-0.155553	0.42733	0.	1.	
Dynamic:	0	

Frame:	400
0.999997	2.29805e-003	0.	0.	
-2.29805e-003	0.999997	0.	0.	
0.	0.	1.	0.	
-0.145746	0.430847	0.	1.	
Dynamic:	0	

Frame:	401
0.999998	1.97207e-003	0.	0.	
-1.97207e-003	0.999998	0.	0.	
0.	0.	1.	0.	
-0.158499	0.426244	0.	1.	
Dynamic:	0	

Frame:	402
0.999998	2.21661e-003	0.	0.	
-2.21661e-003	0.999998	0.	0.	
0.	0.	1.	0.	
-0.148834	0.429755	0.	1.	
Dynamic:	0	

Frame:	403
0.999998	1.89978e-003	0.	0.	
-1.89978e-003	0.999998	0.	0.	
0.	0.	1.	0.	
-0.161482	0.425131	0.	1.	
Dynamic:	0	

Frame:	404
0.999998	2.04144e-003	0.	0.	
-2.04144e-003	0.999998	0.	0.	
0.	0.	1.	0.	
-0.15577	0.427232	0.	1.	
Dynamic:	0	

Frame:	405
0.999998	1.83642e-003	0.	0.	
-1.83642e-003	0.999998	0.	0.	
0.	0.	1.	0.	
-0.164118	0.424143	0.	1.	
Dynamic:	0	

Frame:	406
0.999998	1.9697e-003	0.	0.	
-1.9697e-003	0.999998	0.	0.	
0.	0.	1.	0.	
-0.158639	0.426182	0.	1.	
Dynamic:	0	

Frame:	407
0.999998	1.77194e-003	0.	0.	
-1.77194e-003	0.999998	0.	0.	
0.	0.	1.	0.	
-0.166847	0.423109	0.	1.	
Dynamic:	0	

Frame:	408
0.999998	1.89584e-003	0.	0.	
-1.89584e-003	0.999998	0.	0.	
0.	0.	1.	0.	
-0.161655	0.425064	0.	1.	
Dynamic:	0	

Frame:	409
0.999999	1.66061e-003	0.	0.	
-1.66061e-003	0.999999	0.	0.	
0.	0.	1.	0.	
-0.171605	0.421295	0.	1.	
Dynamic:	0	

Frame:	410
0.999998	1.82591e-003	0.	0.	
-1.82591e-003	0.999998	0.	0.	
0.	0.	1.	0.	
-0.164548	0.423984	0.	1.	
Dynamic:	0	

Frame:	411
0.999999	1.59572e-003	0.	0.	
-1.59572e-003	0.999999	0.	0.	
0.	0.	1.	0.	
-0.174466	0.420184	0.	1.	
Dynamic:	0	

Frame:	412
0.999998	1.75467e-003	0.	0.	
-1.75467e-003	0.999998	0.	0.	
0.	0.	1.	0.	
-0.167555	0.422846	0.	1.	
Dynamic:	0	

Frame:	413
0.999999	1.52916e-003	0.	0.	
-1.52916e-003	0.999999	0.	0.	
0.	0.	1.	0.	
-0.17745	0.419015	0.	1.	
Dynamic:	0	

Frame:	414
0.999999	1.60296e-003	0.	0.	
-1.60296e-003	0.999999	0.	0.	
0.	0.	1.	0.	
-0.174182	0.420287	0.	1.	
Dynamic:	0	

Frame:	415
0.999999	1.46882e-003	0.	0.	
-1.46882e-003	0.999999	0.	0.	
0.	0.	1.	0.	
-0.180174	0.417942	0.	1.	
Dynamic:	0	

Frame:	416
0.999999	1.53573e-003	0.	0.	
-1.53573e-003	0.999999	0.	0.	
0.	0.	1.	0.	
-0.177159	0.419128	0.	1.	
Dynamic:	0	

Frame:	417
0.999999	1.3579e-003	0.	0.	
-1.3579e-003	0.999999	0.	0.	
0.	0.	1.	0.	
-0.185241	0.415933	0.	1.	
Dynamic:	0	

Frame:	418
0.999999	1.47079e-003	0.	0.	
-1.47079e-003	0.999999	0.	0.	
0.	0.	1.	0.	
-0.180066	0.417989	0.	1.	
Dynamic:	0	

Frame:	419
0.999999	1.29619e-003	0.	0.	
-1.29619e-003	0.999999	0.	0.	
0.	0.	1.	0.	
-0.188138	0.414766	0.	1.	
Dynamic:	0	

Frame:	420
0.999999	1.33425e-003	0.	0.	
-1.33425e-003	0.999999	0.	0.	
0.	0.	1.	0.	
-0.186364	0.415478	0.	1.	
Dynamic:	0	

Frame:	421
0.999999	1.18881e-003	0.	0.	
-1.18881e-003	0.999999	0.	0.	
0.	0.	1.	0.	
-0.193201	0.412722	0.	1.	
Dynamic:	0	

Frame:	422
0.999999	1.27359e-003	0.	0.	
-1.27359e-003	0.999999	0.	0.	
0.	0.	1.	0.	
-0.189182	0.41435	0.	1.	
Dynamic:	0	

Frame:	423
0.999999	1.13048e-003	0.	0.	
-1.13048e-003	0.999999	0.	0.	
0.	0.	1.	0.	
-0.196022	0.411566	0.	1.	
Dynamic:	0	

Frame:	424
0.999999	1.14668e-003	0.	0.	
-1.14668e-003	0.999999	0.	0.	
0.	0.	1.	0.	
-0.195242	0.411886	0.	1.	
Dynamic:	0	

Frame:	425
0.999999	1.02411e-003	0.	0.	
-1.02411e-003	0.999999	0.	0.	
0.	0.	1.	0.	
-0.201196	0.409441	0.	1.	
Dynamic:	0	

Frame:	426
0.999999	1.24793e-003	0.	0.	
-1.24793e-003	0.999999	0.	0.	
0.	0.	1.	0.	
-0.190237	0.413962	0.	1.	
Dynamic:	0	

Frame:	427
1.	9.09719e-004	0.	0.	
-9.09719e-004	1.	0.	0.	
0.	0.	1.	0.	
-0.206928	0.407047	0.	1.	
Dynamic:	0	

Frame:	428
0.999999	1.2961e-003	0.	0.	
-1.2961e-003	0.999999	0.	0.	
0.	0.	1.	0.	
-0.187709	0.415044	0.	1.	
Dynamic:	0	

Frame:	429
1.	7.46822e-004	0.	0.	
-7.46822e-004	1.	0.	0.	
0.	0.	1.	0.	
-0.215245	0.403538	0.	1.	
Dynamic:	0	

Frame:	430
0.999999	1.32683e-003	0.	0.	
-1.32683e-003	0.999999	0.	0.	
0.	0.	1.	0.	
-0.185944	0.415835	0.	1.	
Dynamic:	0	

Frame:	431
1.	7.12555e-004	0.	0.	
-7.12555e-004	1.	0.	0.	
0.	0.	1.	0.	
-0.217214	0.402657	0.	1.	
Dynamic:	0	

Frame:	432
0.999999	1.28962e-003	0.	0.	
-1.28962e-003	0.999999	0.	0.	
0.	0.	1.	0.	
-0.187615	0.415183	0.	1.	
Dynamic:	0	

Frame:	433
1.	6.92571e-004	0.	0.	
-6.92571e-004	1.	0.	0.	
0.	0.	1.	0.	
-0.218471	0.402071	0.	1.	
Dynamic:	0	

Frame:	434
0.999999	1.21152e-003	0.	0.	
-1.21152e-003	0.999999	0.	0.	
0.	0.	1.	0.	
-0.19145	0.413599	0.	1.	
Dynamic:	0	

Frame:	435
1.	6.50629e-004	0.	0.	
-6.50629e-004	1.	0.	0.	
0.	0.	1.	0.	
-0.220871	0.400997	0.	1.	
Dynamic:	0	

Frame:	436
0.999999	1.12022e-003	0.	0.	
-1.12022e-003	0.999999	0.	0.	
0.	0.	1.	0.	
-0.196057	0.411667	0.	1.	
Dynamic:	0	

Frame:	437
1.	6.01601e-004	0.	0.	
-6.01601e-004	1.	0.	0.	
0.	0.	1.	0.	
-0.223663	0.399752	0.	1.	
Dynamic:	0	

Frame:	438
0.999999	1.02661e-003	0.	0.	
-1.02661e-003	0.999999	0.	0.	
0.	0.	1.	0.	
-0.200875	0.409624	0.	1.	
Dynamic:	0	

Frame:	439
1.	5.51329e-004	0.	0.	
-5.51329e-004	1.	0.	0.	
0.	0.	1.	0.	
-0.226542	0.398463	0.	1.	
Dynamic:	0	

Frame:	440
1.	9.30205e-004	0.	0.	
-9.30205e-004	1.	0.	0.	
0.	0.	1.	0.	
-0.205935	0.407456	0.	1.	
Dynamic:	0	

Frame:	441
1.	4.99554e-004	0.	0.	
-4.99554e-004	1.	0.	0.	
0.	0.	1.	0.	
-0.229524	0.397124	0.	1.	
Dynamic:	0	

Frame:	442
1.	8.33758e-004	0.	0.	
-8.33758e-004	1.	0.	0.	
0.	0.	1.	0.	
-0.211089	0.405227	0.	1.	
Dynamic:	0	

Frame:	443
1.	4.47759e-004	0.	0.	
-4.47759e-004	1.	0.	0.	
0.	0.	1.	0.	
-0.23253	0.395769	0.	1.	
Dynamic:	0	

Frame:	444
1.	7.37694e-004	0.	0.	
-7.37694e-004	1.	0.	0.	
0.	0.	1.	0.	
-0.216313	0.402947	0.	1.	
Dynamic:	0	

Frame:	445
1.	-4.37884e-004	0.	0.	
4.37884e-004	1.	0.	0.	
0.	0.	1.	0.	
-0.282116	0.37295	0.	1.	
Dynamic:	0	

Frame:	446
0.999999	1.02754e-003	0.	0.	
-1.02754e-003	0.999999	0.	0.	
0.	0.	1.	0.	
-0.199429	0.41058	0.	1.	
Dynamic:	0	

Frame:	447
1.	5.51828e-004	0.	0.	
-5.51828e-004	1.	0.	0.	
0.	0.	1.	0.	
-0.226583	0.398429	0.	1.	
Dynamic:	0	

Frame:	448
1.	6.5906e-004	0.	0.	
-6.5906e-004	1.	0.	0.	
0.	0.	1.	0.	
-0.22042	0.401195	0.	1.	
Dynamic:	0	

Frame:	449
1.	-4.73872e-004	0.	0.	
4.73872e-004	1.	0.	0.	
0.	0.	1.	0.	
-0.285528	0.371049	0.	1.	
Dynamic:	0	

Frame:	450
1.	8.61814e-004	0.	0.	
-8.61814e-004	1.	0.	0.	
0.	0.	1.	0.	
-0.208179	0.406823	0.	1.	
Dynamic:	0	

Frame:	451
1.	-5.08611e-004	0.	0.	
5.08611e-004	1.	0.	0.	
0.	0.	1.	0.	
-0.288045	0.369734	0.	1.	
Dynamic:	0	

Frame:	452
1.	9.18661e-004	0.	0.	
-9.18661e-004	1.	0.	0.	
0.	0.	1.	0.	
-0.2043	0.408703	0.	1.	
Dynamic:	0	

Frame:	453
1.	-5.47685e-004	0.	0.	
5.47685e-004	1.	0.	0.	
0.	0.	1.	0.	
-0.290877	0.368255	0.	1.	
Dynamic:	0	

Frame:	454
1.	9.001e-004	0.	0.	
-9.001e-004	1.	0.	0.	
0.	0.	1.	0.	
-0.204847	0.408575	0.	1.	
Dynamic:	0	

Frame:	455
1.	-5.89472e-004	0.	0.	
5.89472e-004	1.	0.	0.	
0.	0.	1.	0.	
-0.293908	0.366672	0.	1.	
Dynamic:	0	

Frame:	456
1.	8.38037e-004	0.	0.	
-8.38037e-004	1.	0.	0.	
0.	0.	1.	0.	
-0.208033	0.40723	0.	1.	
Dynamic:	0	

Frame:	457
1.	-5.81616e-004	0.	0.	
5.81616e-004	1.	0.	0.	
0.	0.	1.	0.	
-0.293983	0.366534	0.	1.	
Dynamic:	0	

Frame:	458
1.	7.28865e-004	0.	0.	
-7.28865e-004	1.	0.	0.	
0.	0.	1.	0.	
-0.214181	0.404498	0.	1.	
Dynamic:	0	

Frame:	459
1.	-6.26701e-004	0.	0.	
6.26701e-004	1.	0.	0.	
0.	0.	1.	0.	
-0.297226	0.364844	0.	1.	
Dynamic:	0	

Frame:	460
1.	-7.02992e-004	0.	0.	
7.02992e-004	1.	0.	0.	
0.	0.	1.	0.	
-0.301891	0.362538	0.	1.	
Dynamic:	0	

Frame:	461
1.	9.49424e-004	0.	0.	
-9.49424e-004	1.	0.	0.	
0.	0.	1.	0.	
-0.19934	0.411653	0.	1.	
Dynamic:	0	

Frame:	462
1.	-7.64035e-004	0.	0.	
7.64035e-004	1.	0.	0.	
0.	0.	1.	0.	
-0.306305	0.360235	0.	1.	
Dynamic:	0	

Frame:	463
1.	-7.34897e-004	0.	0.	
7.34897e-004	1.	0.	0.	
0.	0.	1.	0.	
-0.304489	0.361138	0.	1.	
Dynamic:	0	

Frame:	464
1.	8.6277e-004	0.	0.	
-8.6277e-004	1.	0.	0.	
0.	0.	1.	0.	
-0.203548	0.409936	0.	1.	
Dynamic:	0	

Frame:	465
1.	-7.98232e-004	0.	0.	
7.98232e-004	1.	0.	0.	
0.	0.	1.	0.	
-0.309097	0.35873	0.	1.	
Dynamic:	0	

Frame:	466
1.	-8.30825e-004	0.	0.	
8.30825e-004	1.	0.	0.	
0.	0.	1.	0.	
-0.311165	0.357695	0.	1.	
Dynamic:	0	

Frame:	467
1.	-8.67644e-004	0.	0.	
8.67644e-004	1.	0.	0.	
0.	0.	1.	0.	
-0.313516	0.356516	0.	1.	
Dynamic:	0	

Frame:	468
1.	9.88678e-004	0.	0.	
-9.88678e-004	1.	0.	0.	
0.	0.	1.	0.	
-0.193399	0.415149	0.	1.	
Dynamic:	0	

Frame:	469
1.	-9.62929e-004	0.	0.	
9.62929e-004	1.	0.	0.	
0.	0.	1.	0.	
-0.320386	0.352938	0.	1.	
Dynamic:	0	

Frame:	470
1.	-9.71448e-004	0.	0.	
9.71448e-004	1.	0.	0.	
0.	0.	1.	0.	
-0.32094	0.352659	0.	1.	
Dynamic:	0	

Frame:	471
0.999999	-1.01839e-003	0.	0.	
1.01839e-003	0.999999	0.	0.	
0.	0.	1.	0.	
-0.324009	0.351108	0.	1.	
Dynamic:	0	

Frame:	472
1.	9.69207e-004	0.	0.	
-9.69207e-004	1.	0.	0.	
0.	0.	1.	0.	
-0.192425	0.416049	0.	1.	
Dynamic:	0	

Frame:	473
0.999999	-1.13111e-003	0.	0.	
1.13111e-003	0.999999	0.	0.	
0.	0.	1.	0.	
-0.332231	0.346816	0.	1.	
Dynamic:	0	

Frame:	474
0.999999	-1.063e-003	0.	0.	
1.063e-003	0.999999	0.	0.	
0.	0.	1.	0.	
-0.327699	0.349119	0.	1.	
Dynamic:	0	

Frame:	475
0.999999	-1.19119e-003	0.	0.	
1.19119e-003	0.999999	0.	0.	
0.	0.	1.	0.	
-0.336278	0.344753	0.	1.	
Dynamic:	0	

Frame:	476
0.999999	-1.11912e-003	0.	0.	
1.11912e-003	0.999999	0.	0.	
0.	0.	1.	0.	
-0.331427	0.347226	0.	1.	
Dynamic:	0	

Frame:	477
0.999999	-1.25711e-003	0.	0.	
1.25711e-003	0.999999	0.	0.	
0.	0.	1.	0.	
-0.34077	0.342456	0.	1.	
Dynamic:	0	

Frame:	478
0.999999	1.20429e-003	0.	0.	
-1.20429e-003	0.999999	0.	0.	
0.	0.	1.	0.	
-0.172135	0.426653	0.	1.	
Dynamic:	0	

Frame:	479
0.999999	-1.41408e-003	0.	0.	
1.41408e-003	0.999999	0.	0.	
0.	0.	1.	0.	
-0.352468	0.336325	0.	1.	
Dynamic:	0	

Frame:	480
0.999999	-1.31712e-003	0.	0.	
1.31712e-003	0.999999	0.	0.	
0.	0.	1.	0.	
-0.34579	0.339749	0.	1.	
Dynamic:	0	

Frame:	481
0.999999	-1.40556e-003	0.	0.	
1.40556e-003	0.999999	0.	0.	
0.	0.	1.	0.	
-0.351916	0.336603	0.	1.	
Dynamic:	0	

Frame:	482
0.999999	-1.3772e-003	0.	0.	
1.3772e-003	0.999999	0.	0.	
0.	0.	1.	0.	
-0.34994	0.337619	0.	1.	
Dynamic:	0	

Frame:	483
0.999999	-1.46922e-003	0.	0.	
1.46922e-003	0.999999	0.	0.	
0.	0.	1.	0.	
-0.356385	0.334299	0.	1.	
Dynamic:	0	

Frame:	484
0.999999	-1.65678e-003	0.	0.	
1.65678e-003	0.999999	0.	0.	
0.	0.	1.	0.	
-0.369594	0.327487	0.	1.	
Dynamic:	0	

Frame:	485
0.999999	-1.52522e-003	0.	0.	
1.52522e-003	0.999999	0.	0.	
0.	0.	1.	0.	
-0.360278	0.332298	0.	1.	
Dynamic:	0	

Frame:	486
0.999999	-1.64257e-003	0.	0.	
1.64257e-003	0.999999	0.	0.	
0.	0.	1.	0.	
-0.368633	0.327977	0.	1.	
Dynamic:	0	

Frame:	487
0.999999	-1.59481e-003	0.	0.	
1.59481e-003	0.999999	0.	0.	
0.	0.	1.	0.	
-0.365214	0.329748	0.	1.	
Dynamic:	0	

Frame:	488
0.999999	-1.71682e-003	0.	0.	
1.71682e-003	0.999999	0.	0.	
0.	0.	1.	0.	
-0.373997	0.325194	0.	1.	
Dynamic:	0	

Frame:	489
0.999999	-1.67285e-003	0.	0.	
1.67285e-003	0.999999	0.	0.	
0.	0.	1.	0.	
-0.370815	0.326846	0.	1.	
Dynamic:	0	

Frame:	490
0.999998	-1.80008e-003	0.	0.	
1.80008e-003	0.999998	0.	0.	
0.	0.	1.	0.	
-0.380073	0.322036	0.	1.	
Dynamic:	0	

Frame:	491
0.999998	-1.7571e-003	0.	0.	
1.7571e-003	0.999998	0.	0.	
0.	0.	1.	0.	
-0.376928	0.323671	0.	1.	
Dynamic:	0	

Frame:	492
0.999998	-1.88991e-003	0.	0.	
1.88991e-003	0.999998	0.	0.	
0.	0.	1.	0.	
-0.386697	0.318584	0.	1.	
Dynamic:	0	

Frame:	493
0.999998	1.98405e-003	0.	0.	
-1.98405e-003	0.999998	0.	0.	
0.	0.	1.	0.	
-9.8715e-002	0.465605	0.	1.	
Dynamic:	0	

Frame:	494
0.999997	-2.28541e-003	0.	0.	
2.28541e-003	0.999997	0.	0.	
0.	0.	1.	0.	
-0.417612	0.302296	0.	1.	
Dynamic:	0	

Frame:	495
0.999997	-2.53948e-003	0.	0.	
2.53948e-003	0.999997	0.	0.	
0.	0.	1.	0.	
-0.436603	0.292388	0.	1.	
Dynamic:	0	

Frame:	496
0.999997	-2.27852e-003	0.	0.	
2.27852e-003	0.999997	0.	0.	
0.	0.	1.	0.	
-0.416994	0.302629	0.	1.	
Dynamic:	0	

Frame:	497
0.999997	-2.52999e-003	0.	0.	
2.52999e-003	0.999997	0.	0.	
0.	0.	1.	0.	
-0.435989	0.292699	0.	1.	
Dynamic:	0	

Frame:	498
0.999997	-2.30064e-003	0.	0.	
2.30064e-003	0.999997	0.	0.	
0.	0.	1.	0.	
-0.418575	0.301811	0.	1.	
Dynamic:	0	

Frame:	499
0.999997	-2.55265e-003	0.	0.	
2.55265e-003	0.999997	0.	0.	
0.	0.	1.	0.	
-0.437809	0.291737	0.	1.	
Dynamic:	0	

Frame:	500
0.999997	-2.34701e-003	0.	0.	
2.34701e-003	0.999997	0.	0.	
0.	0.	1.	0.	
-0.422033	0.300007	0.	1.	
Dynamic:	0	

Frame:	501
0.999997	-2.60207e-003	0.	0.	
2.60207e-003	0.999997	0.	0.	
0.	0.	1.	0.	
-0.441702	0.289689	0.	1.	
Dynamic:	0	

Frame:	502
0.999995	-3.03116e-003	0.	0.	
3.03116e-003	0.999995	0.	0.	
0.	0.	1.	0.	
-0.474966	0.272239	0.	1.	
Dynamic:	0	

Frame:	503
0.999997	-2.58726e-003	0.	0.	
2.58726e-003	0.999997	0.	0.	
0.	0.	1.	0.	
-0.440377	0.290398	0.	1.	
Dynamic:	0	

Frame:	504
0.999995	-3.05471e-003	0.	0.	
3.05471e-003	0.999995	0.	0.	
0.	0.	1.	0.	
-0.476987	0.271165	0.	1.	
Dynamic:	0	

Frame:	505
0.999997	-2.60422e-003	0.	0.	
2.60422e-003	0.999997	0.	0.	
0.	0.	1.	0.	
-0.441527	0.289806	0.	1.	
Dynamic:	0	

Frame:	506
0.999995	-3.11695e-003	0.	0.	
3.11695e-003	0.999995	0.	0.	
0.	0.	1.	0.	
-0.482091	0.26847	0.	1.	
Dynamic:	0	

Frame:	507
0.999996	-2.65399e-003	0.	0.	
2.65399e-003	0.999996	0.	0.	
0.	0.	1.	0.	
-0.445279	0.287843	0.	1.	
Dynamic:	0	

Frame:	508
0.999995	-3.20616e-003	0.	0.	
3.20616e-003	0.999995	0.	0.	
0.	0.	1.	0.	
-0.489406	0.264611	0.	1.	
Dynamic:	0	

Frame:	509
0.999993	-3.64871e-003	0.	0.	
3.64871e-003	0.999993	0.	0.	
0.	0.	1.	0.	
-0.52496	0.245905	0.	1.	
Dynamic:	0	

Frame:	510
0.999995	-3.17633e-003	0.	0.	
3.17633e-003	0.999995	0.	0.	
0.	0.	1.	0.	
-0.48682	0.265981	0.	1.	
Dynamic:	0	

Frame:	511
0.999993	-3.61026e-003	0.	0.	
3.61026e-003	0.999993	0.	0.	
0.	0.	1.	0.	
-0.52203	0.247439	0.	1.	
Dynamic:	0	

Frame:	512
0.999995	3.20891e-003	0.	0.	
-3.20891e-003	0.999995	0.	0.	
0.	0.	1.	0.	
3.83524e-002	0.538854	0.	1.	
Dynamic:	0	

Frame:	513
0.999979	-6.45578e-003	0.	0.	
6.45578e-003	0.999979	0.	0.	
0.	0.	1.	0.	
-0.759457	0.122681	0.	1.	
Dynamic:	0	

Frame:	514
0.99999	-4.45581e-003	0.	0.	
4.45581e-003	0.99999	0.	0.	
0.	0.	1.	0.	
-0.593775	0.209605	0.	1.	
Dynamic:	0	

Frame:	515
0.999987	-5.10551e-003	0.	0.	
5.10551e-003	0.999987	0.	0.	
0.	0.	1.	0.	
-0.647843	0.181186	0.	1.	
Dynamic:	0	

Frame:	516
0.999992	-4.05094e-003	0.	0.	
4.05094e-003	0.999992	0.	0.	
0.	0.	1.	0.	
-0.559664	0.227566	0.	1.	
Dynamic:	0	

