Time	FPS	Frame	Crash	RB	RU	LU	LB	OC	Dither	DAngle	swAngle	OX	OY	OZ	HX	HY	HZ	DX	DY	DZ	HA	RHA	AccumulativeHeading(Y)	Speed	RSpeed	Dynamic	USRHIT	
1.96206e-005	50966.9	1	0	(0)1	(0)2	(0)2	(0)1	(0)1	0.	-1.39353	0.	0.	0.	0.	0.	1.	0.	0.	1.	0.	0.	0.	0.	0.	0.	0	-1	
0.216384	4.62183	2	0	(0)1	(0)2	(0)2	(0)1	(0)1	5.71504e-002	-1.39353	0.	0.	0.	0.	0.	1.	0.	0.	1.	0.	0.	0.	0.	0.	0.	0	-1	
0.27625	16.7041	3	0	(0)1	(0)2	(0)2	(0)1	(0)1	5.71504e-002	-1.39353	0.	0.	0.	0.	0.	1.	0.	0.	1.	0.	0.	0.	0.	0.	0.	0	-1	
0.309933	29.6885	4	0	(0)1	(0)2	(0)2	(0)1	(0)1	5.71504e-002	-1.39353	0.	0.	0.	0.	0.	1.	0.	0.	1.	0.	0.	0.	0.	0.	0.	0	-1	
0.327064	58.3742	5	0	(0)1	(0)2	(0)2	(0)1	(0)1	5.71504e-002	-1.39353	0.	0.	0.	0.	0.	1.	0.	0.	1.	0.	0.	0.	0.	0.	0.	0	-1	
0.347723	48.4052	6	0	(0)1	(0)2	(0)2	(0)1	(0)1	5.71504e-002	-1.39353	0.	0.	0.	0.	0.	1.	0.	0.	1.	0.	0.	0.	0.	0.	0.	0	-1	
0.365108	57.5188	7	0	(0)1	(0)2	(0)2	(0)1	(0)1	5.71504e-002	-1.39353	0.	0.	0.	0.	0.	1.	0.	0.	1.	0.	0.	0.	0.	0.	0.	0	-1	
0.382119	58.7864	8	0	(0)1	(0)2	(0)2	(0)1	(0)1	5.71504e-002	-1.39353	0.	0.	0.	0.	0.	1.	0.	0.	1.	0.	0.	0.	0.	0.	0.	0	-1	
0.398101	62.5704	9	0	(0)1	(0)2	(0)2	(0)1	(0)1	5.71504e-002	-1.39353	0.	0.	0.	0.	0.	1.	0.	0.	1.	0.	0.	0.	0.	0.	0.	0	-1	
0.41457	60.7205	10	0	(0)1	(0)2	(0)2	(0)1	(0)1	5.71504e-002	-1.39353	0.	0.	0.	0.	0.	1.	0.	0.	1.	0.	0.	0.	0.	0.	0.	0	-1	
0.436525	45.5475	11	0	(0)1	(0)2	(0)2	(0)1	(0)1	5.71504e-002	-1.39353	0.	0.	0.	0.	0.	1.	0.	0.	1.	0.	0.	0.	0.	0.	0.	0	-1	
0.454146	56.7512	12	0	(0)1	(0)2	(0)2	(0)1	(0)1	5.71504e-002	-1.39353	0.	0.	0.	0.	0.	1.	0.	0.	1.	0.	0.	0.	0.	0.	0.	0	-1	
0.471113	58.9381	13	0	(0)1	(0)2	(0)2	(0)1	(0)1	5.71504e-002	-1.39353	0.	0.	0.	0.	0.	1.	0.	0.	1.	0.	0.	0.	0.	0.	0.	0	-1	
0.488131	58.7614	14	0	(0)1	(0)2	(0)2	(0)1	(0)1	5.71504e-002	-1.39353	0.	0.	0.	0.	0.	1.	0.	0.	1.	0.	0.	0.	0.	0.	0.	0	-1	
0.505143	58.7791	15	0	(0)1	(0)2	(0)2	(0)1	(0)1	5.71504e-002	-1.39353	0.	0.	0.	0.	0.	1.	0.	0.	1.	0.	0.	0.	0.	0.	0.	0	-1	
0.527801	44.1349	16	0	(0)1	(0)2	(0)2	(0)1	(0)1	5.71504e-002	-1.39353	0.	0.	0.	0.	0.	1.	0.	0.	1.	0.	0.	0.	0.	0.	0.	0	-1	
0.545127	57.7182	17	0	(0)1	(0)2	(0)2	(0)1	(0)1	5.71504e-002	-1.39353	0.	0.	0.	0.	0.	1.	0.	0.	1.	0.	0.	0.	0.	0.	0.	0	-1	
0.562151	58.7416	18	0	(0)1	(0)2	(0)2	(0)1	(0)1	5.71504e-002	-1.39353	0.	0.	0.	0.	0.	1.	0.	0.	1.	0.	0.	0.	0.	0.	0.	0	-1	
0.579105	58.9811	19	0	(0)1	(0)2	(0)2	(0)1	(0)1	5.71504e-002	-1.39353	0.	0.	0.	0.	0.	1.	0.	0.	1.	0.	0.	0.	0.	0.	0.	0	-1	
0.596106	58.8188	20	0	(0)1	(0)2	(0)2	(0)1	(0)1	5.71504e-002	-1.39353	0.	0.	0.	0.	0.	1.	0.	0.	1.	0.	0.	0.	0.	0.	0.	0	-1	
0.61398	55.948	21	0	(0)1	(0)2	(0)2	(0)1	(0)1	5.71504e-002	-1.39353	0.	0.	0.	0.	0.	1.	0.	0.	1.	0.	0.	0.	0.	0.	0.	0	-1	
0.631155	58.2254	22	0	(0)1	(0)2	(0)2	(0)1	(0)1	5.71504e-002	-1.39353	0.	0.	0.	0.	0.	1.	0.	0.	1.	0.	0.	0.	0.	0.	0.	0	-1	
0.649493	54.5316	23	0	(0)1	(0)2	(0)2	(0)1	(0)1	5.71504e-002	-1.39353	0.	0.	0.	0.	0.	1.	0.	0.	1.	0.	0.	0.	0.	0.	0.	0	-1	
0.66615	60.035	24	0	(0)1	(0)2	(0)2	(0)1	(0)1	5.71504e-002	-1.39353	0.	0.	0.	0.	0.	1.	0.	0.	1.	0.	0.	0.	0.	0.	0.	0	-1	
0.683191	58.6813	25	0	(0)1	(0)2	(0)2	(0)1	(0)1	5.71504e-002	-1.39353	0.	0.	0.	0.	0.	1.	0.	0.	1.	0.	0.	0.	0.	0.	0.	0	-1	
0.700189	58.8292	26	0	(0)1	(0)2	(0)2	(0)1	(0)1	5.71504e-002	-1.39353	0.	0.	0.	0.	0.	1.	0.	0.	1.	0.	0.	0.	0.	0.	0.	0	-1	
0.716136	62.7089	27	0	(0)1	(0)2	(0)2	(0)1	(0)1	5.71504e-002	-1.39353	0.	0.	0.	0.	0.	1.	0.	0.	1.	0.	0.	0.	0.	0.	0.	0	-1	
0.733127	58.8533	28	0	(0)1	(0)2	(0)2	(0)1	(0)1	5.71504e-002	-1.39353	0.	0.	0.	0.	0.	1.	0.	0.	1.	0.	0.	0.	0.	0.	0.	0	-1	
0.749144	62.4359	29	0	(0)1	(0)2	(0)2	(0)1	(0)1	5.71504e-002	-1.39353	0.	0.	0.	0.	0.	1.	0.	0.	1.	0.	0.	0.	0.	0.	0.	0	-1	
0.765126	62.5716	30	0	(0)1	(0)2	(0)2	(0)1	(0)1	5.71504e-002	-1.39353	0.	0.	0.	0.	0.	1.	0.	0.	1.	0.	0.	0.	0.	0.	0.	0	-1	
0.782148	58.7458	31	0	(0)1	(0)2	(0)2	(0)1	(0)1	5.71504e-002	-1.39353	0.	0.	0.	0.	0.	1.	0.	0.	1.	0.	0.	0.	0.	0.	0.	0	-1	
0.803695	46.4108	32	0	(0)1	(0)2	(0)2	(0)1	(0)1	5.71504e-002	-1.39353	0.	0.	0.	0.	0.	1.	0.	0.	1.	0.	0.	0.	0.	0.	0.	0	-1	
0.821206	57.1063	33	0	(0)1	(0)2	(0)2	(0)1	(0)1	5.71504e-002	-1.39353	0.	0.	0.	0.	0.	1.	0.	0.	1.	0.	0.	0.	0.	0.	0.	0	-1	
0.842426	47.1258	34	0	(0)1	(0)2	(0)2	(0)1	(0)1	5.71504e-002	-1.39353	0.	0.	0.	0.	0.	1.	0.	0.	1.	0.	0.	0.	0.	0.	0.	0	-1	
0.859166	59.7362	35	0	(0)1	(0)2	(0)2	(0)1	(0)1	5.71504e-002	-1.39353	0.	0.	0.	0.	0.	1.	0.	0.	1.	0.	0.	0.	0.	0.	0.	0	-1	
0.875211	62.3244	36	0	(0)1	(0)2	(0)2	(0)1	(0)1	5.71504e-002	-1.39353	0.	0.	0.	0.	0.	1.	0.	0.	1.	0.	0.	0.	0.	0.	0.	0	-1	
0.892113	59.1633	37	0	(0)1	(0)2	(0)2	(0)1	(0)1	5.71504e-002	-1.39353	0.	0.	0.	0.	0.	1.	0.	0.	1.	0.	0.	0.	0.	0.	0.	0	-1	
0.908207	62.1385	38	0	(0)1	(0)2	(0)2	(0)1	(0)1	5.71504e-002	-1.39353	0.	0.	0.	0.	0.	1.	0.	0.	1.	0.	0.	0.	0.	0.	0.	0	-1	
0.925153	59.0084	39	0	(0)1	(0)2	(0)2	(0)1	(0)1	5.71504e-002	-1.39353	0.	0.	0.	0.	0.	1.	0.	0.	1.	0.	0.	0.	0.	0.	0.	0	-1	
0.943805	53.6138	40	0	(0)1	(0)2	(0)2	(0)1	(0)1	5.71504e-002	-1.39353	0.	0.	0.	0.	0.	1.	0.	0.	1.	0.	0.	0.	0.	0.	0.	0	-1	
0.963813	49.9796	41	0	(0)1	(0)2	(0)2	(0)1	(0)1	5.71504e-002	-1.39353	0.	0.	0.	0.	0.	1.	0.	0.	1.	0.	0.	0.	0.	0.	0.	0	-1	
0.981476	56.6173	42	0	(0)1	(0)2	(0)2	(0)1	(0)1	5.71504e-002	-1.39353	0.	0.	0.	0.	0.	1.	0.	0.	1.	0.	0.	0.	0.	0.	0.	0	-1	
0.998162	59.9296	43	0	(0)1	(0)2	(0)2	(0)1	(0)1	5.71504e-002	-1.39353	0.	0.	0.	0.	0.	1.	0.	0.	1.	0.	0.	0.	0.	0.	0.	0	-1	
1.01585	56.5246	44	0	(0)1	(0)2	(0)2	(0)1	(0)1	5.71504e-002	-1.39353	0.	0.	0.	0.	0.	1.	0.	0.	1.	0.	0.	0.	0.	0.	0.	0	-1	
1.03223	61.081	45	0	(0)1	(0)2	(0)2	(0)1	(0)1	5.71504e-002	-1.39353	0.	0.	0.	0.	0.	1.	0.	0.	1.	0.	0.	0.	0.	0.	0.	0	-1	
1.04946	58.0154	46	0	(0)1	(0)2	(0)2	(0)1	(0)1	5.71504e-002	-1.39353	0.	0.	0.	0.	0.	1.	0.	0.	1.	0.	0.	0.	0.	0.	0.	0	-1	
1.06614	59.9654	47	0	(0)1	(0)2	(0)2	(0)1	(0)1	5.71504e-002	-1.39353	0.	0.	0.	0.	0.	1.	0.	0.	1.	0.	0.	0.	0.	0.	0.	0	-1	
1.09125	39.8275	48	0	(0)1	(0)2	(0)2	(0)1	(0)1	5.71504e-002	-1.39353	0.	0.	0.	0.	0.	1.	0.	0.	1.	0.	0.	0.	0.	0.	0.	0	-1	
1.10975	54.0327	49	0	(0)1	(0)2	(0)2	(0)1	(0)1	5.71504e-002	-1.39353	0.	0.	0.	0.	0.	1.	0.	0.	1.	0.	0.	0.	0.	0.	0.	0	-1	
1.12714	57.5068	50	0	(0)1	(0)2	(0)2	(0)1	(0)1	5.71504e-002	-1.39353	0.	0.	0.	0.	0.	1.	0.	0.	1.	0.	0.	0.	0.	0.	0.	0	-1	
1.14421	58.5858	51	0	(0)1	(0)2	(0)2	(0)1	(0)1	5.71504e-002	-1.39353	0.	0.	0.	0.	0.	1.	0.	0.	1.	0.	0.	0.	0.	0.	0.	0	-1	
1.16118	58.9224	52	0	(0)1	(0)2	(0)2	(0)1	(0)1	5.71504e-002	-1.39353	0.	0.	0.	0.	0.	1.	0.	0.	1.	0.	0.	0.	0.	0.	0.	0	-1	
1.17879	56.7979	53	0	(0)1	(0)2	(0)2	(0)1	(0)1	5.71504e-002	-1.39353	0.	0.	0.	0.	0.	1.	0.	0.	1.	0.	0.	0.	0.	0.	0.	0	-1	
1.19631	57.0719	54	0	(0)1	(0)2	(0)2	(0)1	(0)1	5.71504e-002	-1.39353	0.	0.	0.	0.	0.	1.	0.	0.	1.	0.	0.	0.	0.	0.	0.	0	-1	
1.21275	60.8164	55	0	(0)1	(0)2	(0)2	(0)1	(0)1	5.71504e-002	-1.39353	0.	0.	0.	0.	0.	1.	0.	0.	1.	0.	0.	0.	0.	0.	0.	0	-1	
1.23016	57.4679	56	0	(0)1	(0)2	(0)2	(0)1	(0)1	5.71504e-002	-1.39353	0.	0.	0.	0.	0.	1.	0.	0.	1.	0.	0.	0.	0.	0.	0.	0	-1	
1.24617	62.4359	57	0	(0)1	(0)2	(0)2	(0)1	(0)1	5.71504e-002	-1.39353	0.	0.	0.	0.	0.	1.	0.	0.	1.	0.	0.	0.	0.	0.	0.	0	-1	
1.26249	61.2855	58	0	(0)1	(0)2	(0)2	(0)1	(0)1	5.71504e-002	-1.39353	0.	0.	0.	0.	0.	1.	0.	0.	1.	0.	0.	0.	0.	0.	0.	0	-1	
1.27913	60.1025	59	0	(0)1	(0)2	(0)2	(0)1	(0)1	5.71504e-002	-1.39353	0.	0.	0.	0.	0.	1.	0.	0.	1.	0.	0.	0.	0.	0.	0.	0	-1	
1.2963	58.2336	60	0	(0)1	(0)2	(0)2	(0)1	(0)1	5.71504e-002	-1.39353	0.	0.	0.	0.	0.	1.	0.	0.	1.	0.	0.	0.	0.	0.	0.	0	-1	
1.31321	59.1443	61	0	(0)1	(0)2	(0)2	(0)1	(0)1	5.71504e-002	-1.39353	0.	0.	0.	0.	0.	1.	0.	0.	1.	0.	0.	0.	0.	0.	0.	0	-1	
1.33016	58.9822	62	0	(0)1	(0)2	(0)2	(0)1	(0)1	5.71504e-002	-1.39353	0.	0.	0.	0.	0.	1.	0.	0.	1.	0.	0.	0.	0.	0.	0.	0	-1	
1.34719	58.7187	63	0	(0)1	(0)2	(0)2	(0)1	(0)1	5.71504e-002	-1.39353	0.	0.	0.	0.	0.	1.	0.	0.	1.	0.	0.	0.	0.	0.	0.	0	-1	
1.36645	51.9345	64	0	(0)1	(0)2	(0)2	(0)1	(0)1	5.71504e-002	-1.39353	0.	0.	0.	0.	0.	1.	0.	0.	1.	0.	0.	0.	0.	0.	0.	0	-1	
1.38316	59.8258	65	0	(0)1	(0)2	(0)2	(0)1	(0)1	5.71504e-002	-1.39353	0.	0.	0.	0.	0.	1.	0.	0.	1.	0.	0.	0.	0.	0.	0.	0	-1	
1.40019	58.7104	66	0	(0)1	(0)2	(0)2	(0)1	(0)1	5.71504e-002	-1.39353	0.	0.	0.	0.	0.	1.	0.	0.	1.	0.	0.	0.	0.	0.	0.	0	-1	
1.41754	57.6419	67	0	(0)1	(0)2	(0)2	(0)1	(0)1	5.71504e-002	-1.39353	0.	0.	0.	0.	0.	1.	0.	0.	1.	0.	0.	0.	0.	0.	0.	0	-1	
1.43421	59.9991	68	0	(0)1	(0)2	(0)2	(0)1	(0)1	5.71504e-002	-1.39353	0.	0.	0.	0.	0.	1.	0.	0.	1.	0.	0.	0.	0.	0.	0.	0	-1	
1.45127	58.6159	69	0	(0)1	(0)2	(0)2	(0)1	(0)1	5.71504e-002	-1.39353	0.	0.	0.	0.	0.	1.	0.	0.	1.	0.	0.	0.	0.	0.	0.	0	-1	
1.46814	59.2681	70	0	(0)1	(0)2	(0)2	(0)1	(0)1	5.71504e-002	-1.39353	0.	0.	0.	0.	0.	1.	0.	0.	1.	0.	0.	0.	0.	0.	0.	0	-1	
1.48451	61.0923	71	0	(0)1	(0)2	(0)2	(0)1	(0)1	5.71504e-002	-1.39353	0.	0.	0.	0.	0.	1.	0.	0.	1.	0.	0.	0.	0.	0.	0.	0	-1	
1.50128	59.6276	72	0	(0)1	(0)2	(0)2	(0)1	(0)1	5.71504e-002	-1.39353	0.	0.	0.	0.	0.	1.	0.	0.	1.	0.	0.	0.	0.	0.	0.	0	-1	
1.51816	59.2671	73	0	(0)1	(0)2	(0)2	(0)1	(0)1	5.71504e-002	-1.39353	0.	0.	0.	0.	0.	1.	0.	0.	1.	0.	0.	0.	0.	0.	0.	0	-1	
1.53517	58.7885	74	0	(0)1	(0)2	(0)2	(0)1	(0)1	5.71504e-002	-1.39353	0.	0.	0.	0.	0.	1.	0.	0.	1.	0.	0.	0.	0.	0.	0.	0	-1	
1.55225	58.532	75	0	(0)1	(0)2	(0)2	(0)1	(0)1	5.71504e-002	-1.39353	0.	0.	0.	0.	0.	1.	0.	0.	1.	0.	0.	0.	0.	0.	0.	0	-1	
1.56919	59.0158	76	0	(0)1	(0)2	(0)2	(0)1	(0)1	5.71504e-002	-1.39353	0.	0.	0.	0.	0.	1.	0.	0.	1.	0.	0.	0.	0.	0.	0.	0	-1	
1.59258	42.7581	77	0	(0)1	(0)2	(0)2	(0)1	(0)1	5.71504e-002	-1.39353	0.	0.	0.	0.	0.	1.	0.	0.	1.	0.	0.	0.	0.	0.	0.	0	-1	
1.60926	59.9568	78	0	(0)1	(0)2	(0)2	(0)1	(0)1	5.71504e-002	-1.39353	0.	0.	0.	0.	0.	1.	0.	0.	1.	0.	0.	0.	0.	0.	0.	0	-1	
1.62625	58.8564	79	0	(0)1	(0)2	(0)2	(0)1	(0)1	5.71504e-002	-1.39353	0.	0.	0.	0.	0.	1.	0.	0.	1.	0.	0.	0.	0.	0.	0.	0	-1	
1.64319	59.0263	80	0	(0)1	(0)2	(0)2	(0)1	(0)1	5.71504e-002	-1.39353	0.	0.	0.	0.	0.	1.	0.	0.	1.	0.	0.	0.	0.	0.	0.	0	-1	
1.65917	62.5846	81	0	(0)1	(0)2	(0)2	(0)1	(0)1	5.71504e-002	-1.39353	0.	0.	0.	0.	0.	1.	0.	0.	1.	0.	0.	0.	0.	0.	0.	0	-1	
1.6762	58.7125	82	0	(0)1	(0)2	(0)2	(0)1	(0)1	5.71504e-002	-1.39353	0.	0.	0.	0.	0.	1.	0.	0.	1.	0.	0.	0.	0.	0.	0.	0	-1	
1.69324	58.7062	83	0	(0)1	(0)2	(0)2	(0)1	(0)1	5.71504e-002	-1.39353	0.	0.	0.	0.	0.	1.	0.	0.	1.	0.	0.	0.	0.	0.	0.	0	-1	
1.71019	58.9769	84	0	(0)1	(0)2	(0)2	(0)1	(0)1	5.71504e-002	-1.39353	0.	0.	0.	0.	0.	1.	0.	0.	1.	0.	0.	0.	0.	0.	0.	0	-1	
1.72719	58.8512	85	0	(0)1	(0)2	(0)2	(0)1	(0)1	5.71504e-002	-1.39353	0.	0.	0.	0.	0.	1.	0.	0.	1.	0.	0.	0.	0.	0.	0.	0	-1	
1.74315	62.6508	86	0	(0)1	(0)2	(0)2	(0)1	(0)1	5.71504e-002	-1.39353	0.	0.	0.	0.	0.	1.	0.	0.	1.	0.	0.	0.	0.	0.	0.	0	-1	
1.76006	59.1253	87	0	(0)1	(0)2	(0)2	(0)1	(0)1	5.71504e-002	-1.39353	0.	0.	0.	0.	0.	1.	0.	0.	1.	0.	0.	0.	0.	0.	0.	0	-1	
1.77804	55.6043	88	0	(0)1	(0)2	(0)2	(0)1	(0)1	5.71504e-002	-1.39353	0.	0.	0.	0.	0.	1.	0.	0.	1.	0.	0.	0.	0.	0.	0.	0	-1	
1.79516	58.4195	89	0	(0)1	(0)2	(0)2	(0)1	(0)1	5.71504e-002	-1.39353	0.	0.	0.	0.	0.	1.	0.	0.	1.	0.	0.	0.	0.	0.	0.	0	-1	
1.81239	58.052	90	0	(0)1	(0)2	(0)2	(0)1	(0)1	5.71504e-002	-1.39353	0.	0.	0.	0.	0.	1.	0.	0.	1.	0.	0.	0.	0.	0.	0.	0	-1	
1.82917	59.5847	91	0	(0)1	(0)2	(0)2	(0)1	(0)1	5.71504e-002	-1.39353	0.	0.	0.	0.	0.	1.	0.	0.	1.	0.	0.	0.	0.	0.	0.	0	-1	
1.84621	58.6885	92	0	(0)1	(0)2	(0)2	(0)1	(0)1	5.71504e-002	-1.39353	0.	0.	0.	0.	0.	1.	0.	0.	1.	0.	0.	0.	0.	0.	0.	0	-1	
1.86329	58.563	93	0	(0)1	(0)2	(0)2	(0)1	(0)1	5.71504e-002	-1.39353	0.	0.	0.	0.	0.	1.	0.	0.	1.	0.	0.	0.	0.	0.	0.	0	-1	
1.87919	62.8875	94	0	(0)1	(0)2	(0)2	(0)1	(0)1	5.71504e-002	-1.39353	0.	0.	0.	0.	0.	1.	0.	0.	1.	0.	0.	0.	0.	0.	0.	0	-1	
1.89622	58.7083	95	0	(0)1	(0)2	(0)2	(0)1	(0)1	5.71504e-002	-1.39353	0.	0.	0.	0.	0.	1.	0.	0.	1.	0.	0.	0.	0.	0.	0.	0	-1	
1.91245	61.6012	96	0	(0)1	(0)2	(0)2	(0)1	(0)1	5.71504e-002	-1.39353	0.	0.	0.	0.	0.	1.	0.	0.	1.	0.	0.	0.	0.	0.	0.	0	-1	
1.92917	59.8236	97	0	(0)1	(0)2	(0)2	(0)1	(0)1	5.71504e-002	-1.39353	0.	0.	0.	0.	0.	1.	0.	0.	1.	0.	0.	0.	0.	0.	0.	0	-1	
1.94622	58.6594	98	0	(0)1	(0)2	(0)2	(0)1	(0)1	5.71504e-002	-1.39353	0.	0.	0.	0.	0.	1.	0.	0.	1.	0.	0.	0.	0.	0.	0.	0	-1	
1.96237	61.9051	99	0	(0)1	(0)2	(0)2	(0)1	(0)1	5.71504e-002	-1.39353	0.	0.	0.	0.	0.	1.	0.	0.	1.	0.	0.	0.	0.	0.	0.	0	-1	
1.97917	59.5397	100	0	(0)1	(0)2	(0)2	(0)1	(0)1	5.71504e-002	-1.39353	0.	0.	0.	0.	0.	1.	0.	0.	1.	0.	0.	0.	0.	0.	0.	0	-1	
1.99623	58.6055	101	0	(0)1	(0)2	(0)2	(0)1	(0)1	5.71504e-002	-1.39353	0.	0.	0.	0.	0.	1.	0.	0.	1.	0.	0.	0.	0.	0.	0.	0	-1	
2.01326	58.7302	102	0	(0)1	(0)2	(0)2	(0)1	(0)1	5.71504e-002	-1.39353	0.	0.	0.	0.	0.	1.	0.	0.	1.	0.	0.	0.	0.	0.	0.	0	-1	
2.03029	58.7166	103	0	(0)1	(0)2	(0)2	(0)1	(0)1	5.71504e-002	-1.39353	0.	0.	0.	0.	0.	1.	0.	0.	1.	0.	0.	0.	0.	0.	0.	0	-1	
2.04725	58.9622	104	0	(0)1	(0)2	(0)2	(0)1	(0)1	5.71504e-002	-1.39353	0.	0.	0.	0.	0.	1.	0.	0.	1.	0.	0.	0.	0.	0.	0.	0	-1	
2.06428	58.7125	105	0	(0)1	(0)2	(0)2	(0)1	(0)1	5.71504e-002	-1.39353	0.	0.	0.	0.	0.	1.	0.	0.	1.	0.	0.	0.	0.	0.	0.	0	-1	
2.08125	58.9234	106	0	(0)1	(0)2	(0)2	(0)1	(0)1	5.71504e-002	-1.39353	0.	0.	0.	0.	0.	1.	0.	0.	1.	0.	0.	0.	0.	0.	0.	0	-1	
2.09728	62.3748	107	0	(0)1	(0)2	(0)2	(0)1	(0)1	5.71504e-002	-1.39353	0.	0.	0.	0.	0.	1.	0.	0.	1.	0.	0.	0.	0.	0.	0.	0	-1	
2.11428	58.8449	108	0	(0)1	(0)2	(0)2	(0)1	(0)1	5.71504e-002	-1.39353	0.	0.	0.	0.	0.	1.	0.	0.	1.	0.	0.	0.	0.	0.	0.	0	-1	
2.13126	58.8836	109	0	(0)1	(0)2	(0)2	(0)1	(0)1	5.71504e-002	-1.39353	0.	0.	0.	0.	0.	1.	0.	0.	1.	0.	0.	0.	0.	0.	0.	0	-1	
2.14827	58.7875	110	0	(0)1	(0)2	(0)2	(0)1	(0)1	5.71504e-002	-1.39353	0.	0.	0.	0.	0.	1.	0.	0.	1.	0.	0.	0.	0.	0.	0.	0	-1	
2.16528	58.7927	111	0	(0)1	(0)2	(0)2	(0)1	(0)1	5.71504e-002	-1.39353	0.	0.	0.	0.	0.	1.	0.	0.	1.	0.	0.	0.	0.	0.	0.	0	-1	
2.18227	58.8522	112	0	(0)1	(0)2	(0)2	(0)1	(0)1	5.71504e-002	-1.39353	0.	0.	0.	0.	0.	1.	0.	0.	1.	0.	0.	0.	0.	0.	0.	0	-1	
2.19928	58.7729	113	0	(0)1	(0)2	(0)2	(0)1	(0)1	5.71504e-002	-1.39353	0.	0.	0.	0.	0.	1.	0.	0.	1.	0.	0.	0.	0.	0.	0.	0	-1	
2.21631	58.7198	114	0	(0)1	(0)2	(0)2	(0)1	(0)1	5.71504e-002	-1.39353	0.	0.	0.	0.	0.	1.	0.	0.	1.	0.	0.	0.	0.	0.	0.	0	-1	
2.2332	59.2173	115	0	(0)1	(0)2	(0)2	(0)1	(0)1	5.71504e-002	-1.39353	0.	0.	0.	0.	0.	1.	0.	0.	1.	0.	0.	0.	0.	0.	0.	0	-1	
2.2503	58.4741	116	0	(0)1	(0)2	(0)2	(0)1	(0)1	5.71504e-002	-1.39353	0.	0.	0.	0.	0.	1.	0.	0.	1.	0.	0.	0.	0.	0.	0.	0	-1	
2.26749	58.1968	117	0	(0)1	(0)2	(0)2	(0)1	(0)1	5.71504e-002	-1.39353	0.	0.	0.	0.	0.	1.	0.	0.	1.	0.	0.	0.	0.	0.	0.	0	-1	
2.2842	59.8279	118	0	(0)1	(0)2	(0)2	(0)1	(0)1	5.71504e-002	-1.39353	0.	0.	0.	0.	0.	1.	0.	0.	1.	0.	0.	0.	0.	0.	0.	0	-1	
2.3012	58.824	119	0	(0)1	(0)2	(0)2	(0)1	(0)1	5.71504e-002	-1.39353	0.	0.	0.	0.	0.	1.	0.	0.	1.	0.	0.	0.	0.	0.	0.	0	-1	
2.31836	58.2674	120	0	(0)1	(0)2	(0)2	(0)1	(0)1	5.71504e-002	-1.39353	0.	0.	0.	0.	0.	1.	0.	0.	1.	0.	0.	0.	0.	0.	0.	0	-1	
2.33529	59.0631	121	0	(0)1	(0)2	(0)2	(0)1	(0)1	5.71504e-002	-1.39353	0.	0.	0.	0.	0.	1.	0.	0.	1.	0.	0.	0.	0.	0.	0.	0	-1	
2.35222	59.0716	122	0	(0)1	(0)2	(0)2	(0)1	(0)1	5.71504e-002	-1.39353	0.	0.	0.	0.	0.	1.	0.	0.	1.	0.	0.	0.	0.	0.	0.	0	-1	
2.36922	58.8251	123	0	(0)1	(0)2	(0)2	(0)1	(0)1	5.71504e-002	-1.39353	0.	0.	0.	0.	0.	1.	0.	0.	1.	0.	0.	0.	0.	0.	0.	0	-1	
2.38627	58.6667	124	0	(0)1	(0)2	(0)2	(0)1	(0)1	5.71504e-002	-1.39353	0.	0.	0.	0.	0.	1.	0.	0.	1.	0.	0.	0.	0.	0.	0.	0	-1	
2.40896	44.0732	125	0	(0)1	(0)2	(0)2	(0)1	(0)1	5.71504e-002	-1.39353	0.	0.	0.	0.	0.	1.	0.	0.	1.	0.	0.	0.	0.	0.	0.	0	-1	
2.42631	57.6308	126	0	(0)1	(0)2	(0)2	(0)1	(0)1	5.71504e-002	-1.39353	0.	0.	0.	0.	0.	1.	0.	0.	1.	0.	0.	0.	0.	0.	0.	0	-1	
2.44323	59.0968	127	0	(0)1	(0)2	(0)2	(0)1	(0)1	5.71504e-002	-1.39353	0.	0.	0.	0.	0.	1.	0.	0.	1.	0.	0.	0.	0.	0.	0.	0	-1	
2.45991	59.9578	128	0	(0)1	(0)2	(0)2	(0)1	(0)1	5.71504e-002	-1.39353	0.	0.	0.	0.	0.	1.	0.	0.	1.	0.	0.	0.	0.	0.	0.	0	-1	
2.47861	53.4624	129	0	(0)1	(0)2	(0)2	(0)1	(0)1	5.71504e-002	-1.39353	0.	0.	0.	0.	0.	1.	0.	0.	1.	0.	0.	0.	0.	0.	0.	0	-1	
2.50446	38.6866	130	0	(0)1	(0)2	(0)2	(0)1	(0)1	5.71504e-002	-1.39353	0.	0.	0.	0.	0.	1.	0.	0.	1.	0.	0.	0.	0.	0.	0.	0	-1	
2.5213	59.3935	131	0	(0)1	(0)2	(0)2	(0)1	(0)1	5.71504e-002	-1.39353	0.	0.	0.	0.	0.	1.	0.	0.	1.	0.	0.	0.	0.	0.	0.	0	-1	
2.5434	45.2384	132	0	(0)1	(0)2	(0)2	(0)1	(0)1	5.71504e-002	-1.39353	0.	0.	0.	0.	0.	1.	0.	0.	1.	0.	0.	0.	0.	0.	0.	0	-1	
2.56029	59.2374	133	0	(0)1	(0)2	(0)2	(0)1	(0)1	5.71504e-002	-1.39353	0.	0.	0.	0.	0.	1.	0.	0.	1.	0.	0.	0.	0.	0.	0.	0	-1	
2.57719	59.157	134	0	(0)1	(0)2	(0)2	(0)1	(0)1	5.71504e-002	-1.39353	0.	0.	0.	0.	0.	1.	0.	0.	1.	0.	0.	0.	0.	0.	0.	0	-1	
2.59319	62.5137	135	0	(0)1	(0)2	(0)2	(0)1	(0)1	5.71504e-002	-1.39353	0.	0.	0.	0.	0.	1.	0.	0.	1.	0.	0.	0.	0.	0.	0.	0	-1	
2.61122	55.4443	136	0	(0)1	(0)2	(0)2	(0)1	(0)1	5.71504e-002	-1.39353	0.	0.	0.	0.	0.	1.	0.	0.	1.	0.	0.	0.	0.	0.	0.	0	-1	
2.62818	58.9801	137	0	(0)1	(0)2	(0)2	(0)1	(0)1	5.71504e-002	-1.39353	0.	0.	0.	0.	0.	1.	0.	0.	1.	0.	0.	0.	0.	0.	0.	0	-1	
2.64472	60.4667	138	0	(0)1	(0)2	(0)2	(0)1	(0)1	5.71504e-002	-1.39353	0.	0.	0.	0.	0.	1.	0.	0.	1.	0.	0.	0.	0.	0.	0.	0	-1	
2.66119	60.7161	139	0	(0)1	(0)2	(0)2	(0)1	(0)1	5.71504e-002	-1.39353	0.	0.	0.	0.	0.	1.	0.	0.	1.	0.	0.	0.	0.	0.	0.	0	-1	
2.67818	58.8491	140	0	(0)1	(0)2	(0)2	(0)1	(0)1	5.71504e-002	-1.39353	0.	0.	0.	0.	0.	1.	0.	0.	1.	0.	0.	0.	0.	0.	0.	0	-1	
2.69519	58.7937	141	0	(0)1	(0)2	(0)2	(0)1	(0)1	5.71504e-002	-1.39353	0.	0.	0.	0.	0.	1.	0.	0.	1.	0.	0.	0.	0.	0.	0.	0	-1	
2.71235	58.2653	142	0	(0)1	(0)2	(0)2	(0)1	(0)1	5.71504e-002	-1.39353	0.	0.	0.	0.	0.	1.	0.	0.	1.	0.	0.	0.	0.	0.	0.	0	-1	
2.72918	59.4159	143	0	(0)1	(0)2	(0)2	(0)1	(0)1	5.71504e-002	-1.39353	0.	0.	0.	0.	0.	1.	0.	0.	1.	0.	0.	0.	0.	0.	0.	0	-1	
2.74626	58.5599	144	0	(0)1	(0)2	(0)2	(0)1	(0)1	5.71504e-002	-1.39353	0.	0.	0.	0.	0.	1.	0.	0.	1.	0.	0.	0.	0.	0.	0.	0	-1	
2.7633	58.6823	145	0	(0)1	(0)2	(0)2	(0)1	(0)1	5.71504e-002	-1.39353	0.	0.	0.	0.	0.	1.	0.	0.	1.	0.	0.	0.	0.	0.	0.	0	-1	
2.77922	62.7981	146	0	(0)1	(0)2	(0)2	(0)1	(0)1	5.71504e-002	-1.39353	0.	0.	0.	0.	0.	1.	0.	0.	1.	0.	0.	0.	0.	0.	0.	0	-1	
2.79624	58.752	147	0	(0)1	(0)2	(0)2	(0)1	(0)1	5.71504e-002	-1.39353	0.	0.	0.	0.	0.	1.	0.	0.	1.	0.	0.	0.	0.	0.	0.	0	-1	
2.81323	58.8501	148	0	(0)1	(0)2	(0)2	(0)1	(0)1	5.71504e-002	-1.39353	0.	0.	0.	0.	0.	1.	0.	0.	1.	0.	0.	0.	0.	0.	0.	0	-1	
2.83029	58.6325	149	0	(0)1	(0)2	(0)2	(0)1	(0)1	5.71504e-002	-1.39353	0.	0.	0.	0.	0.	1.	0.	0.	1.	0.	0.	0.	0.	0.	0.	0	-1	
2.84731	58.7687	150	0	(0)1	(0)2	(0)2	(0)1	(0)1	5.71504e-002	-1.39353	0.	0.	0.	0.	0.	1.	0.	0.	1.	0.	0.	0.	0.	0.	0.	0	-1	
2.8643	58.8533	151	0	(0)1	(0)2	(0)2	(0)1	(0)1	5.71504e-002	-1.39353	0.	0.	0.	0.	0.	1.	0.	0.	1.	0.	0.	0.	0.	0.	0.	0	-1	
2.88123	59.0484	152	0	(0)1	(0)2	(0)2	(0)1	(0)1	5.71504e-002	-1.39353	0.	0.	0.	0.	0.	1.	0.	0.	1.	0.	0.	0.	0.	0.	0.	0	-1	
2.8983	58.592	153	0	(0)1	(0)2	(0)2	(0)1	(0)1	5.71504e-002	-1.39353	0.	0.	0.	0.	0.	1.	0.	0.	1.	0.	0.	0.	0.	0.	0.	0	-1	
2.9153	58.8167	154	0	(0)1	(0)2	(0)2	(0)1	(0)1	5.71504e-002	-1.39353	0.	0.	0.	0.	0.	1.	0.	0.	1.	0.	0.	0.	0.	0.	0.	0	-1	
2.93127	62.6118	155	0	(0)1	(0)2	(0)2	(0)1	(0)1	5.71504e-002	-1.39353	0.	0.	0.	0.	0.	1.	0.	0.	1.	0.	0.	0.	0.	0.	0.	0	-1	
2.94824	58.9339	156	0	(0)1	(0)2	(0)2	(0)1	(0)1	5.71504e-002	-1.39353	0.	0.	0.	0.	0.	1.	0.	0.	1.	0.	0.	0.	0.	0.	0.	0	-1	
2.96529	58.6563	157	0	(0)1	(0)2	(0)2	(0)1	(0)1	5.71504e-002	-1.39353	0.	0.	0.	0.	0.	1.	0.	0.	1.	0.	0.	0.	0.	0.	0.	0	-1	
2.98227	58.8909	158	0	(0)1	(0)2	(0)2	(0)1	(0)1	5.71504e-002	-1.39353	0.	0.	0.	0.	0.	1.	0.	0.	1.	0.	0.	0.	0.	0.	0.	0	-1	
3.00067	54.3358	159	0	(0)1	(0)2	(0)2	(0)1	(0)1	5.71504e-002	-1.39353	0.	0.	0.	0.	0.	1.	0.	0.	1.	0.	0.	0.	0.	0.	0.	0	-1	
3.01721	60.4822	160	0	(0)1	(0)2	(0)2	(0)1	(0)1	5.71504e-002	-1.39353	0.	0.	0.	0.	0.	1.	0.	0.	1.	0.	0.	0.	0.	0.	0.	0	-1	
3.03425	58.674	161	0	(0)1	(0)2	(0)2	(0)1	(0)1	5.71504e-002	-1.39353	0.	0.	0.	0.	0.	1.	0.	0.	1.	0.	0.	0.	0.	0.	0.	0	-1	
3.05127	58.7708	162	0	(0)1	(0)2	(0)2	(0)1	(0)1	5.71504e-002	-1.39353	0.	0.	0.	0.	0.	1.	0.	0.	1.	0.	0.	0.	0.	0.	0.	0	-1	
3.06829	58.726	163	0	(0)1	(0)2	(0)2	(0)1	(0)1	5.71504e-002	-1.39353	0.	0.	0.	0.	0.	1.	0.	0.	1.	0.	0.	0.	0.	0.	0.	0	-1	
3.09194	42.2989	164	0	(0)1	(0)2	(0)2	(0)1	(0)1	5.71504e-002	-1.39353	0.	0.	0.	0.	0.	1.	0.	0.	1.	0.	0.	0.	0.	0.	0.	0	-1	
3.10827	61.2368	165	0	(0)1	(0)2	(0)2	(0)1	(0)1	5.71504e-002	-1.39353	0.	0.	0.	0.	0.	1.	0.	0.	1.	0.	0.	0.	0.	0.	0.	0	-1	
3.12529	58.7354	166	0	(0)1	(0)2	(0)2	(0)1	(0)1	5.71504e-002	-1.39353	0.	0.	0.	0.	0.	1.	0.	0.	1.	0.	0.	0.	0.	0.	0.	0	-1	
3.14232	58.7156	167	0	(0)1	(0)2	(0)2	(0)1	(0)1	5.71504e-002	-1.39353	0.	0.	0.	0.	0.	1.	0.	0.	1.	0.	0.	0.	0.	0.	0.	0	-1	
3.15925	59.0642	168	0	(0)1	(0)2	(0)2	(0)1	(0)1	5.56986e-002	-1.34002	-0.703146	-2.22483e-003	3.17582e-002	0.	-9.33955e-004	1.	0.	-9.33955e-004	1.	0.	-3.2107	-3.16062	-5.35117e-002	7.03146	6.76932	0	-1	
3.17635	58.4896	169	0	(0)1	(0)2	(0)2	(0)1	(0)2	4.50979e-002	-3.70137	-0.703146	-1.78936e-002	0.239964	0.	-6.9766e-003	0.999976	0.	-6.9766e-003	0.999976	0.	-20.7733	-20.2504	-0.399733	46.0952	43.9643	0	-1	
3.19332	58.9171	170	0	(0)1	(0)3	(0)3	(0)1	(0)2	3.59714e-002	-2.99303	-0.703146	-5.26806e-002	0.532846	0.	-1.93382e-002	0.999813	0.	-1.93382e-002	0.999813	0.	-42.5	-41.733	-1.10807	65.627	62.5575	0	-1	
3.21034	58.7656	171	0	(0)1	(0)3	(0)3	(0)1	(0)2	2.23273e-002	-2.2847	-0.703146	-9.40665e-002	0.919271	0.	-3.16968e-002	0.999498	0.	-3.16968e-002	0.999498	0.	-42.5	-41.6256	-1.8164	85.9401	82.218	0	-1	
3.22728	59.0252	172	0	(0)1	(0)3	(0)3	(0)1	(0)2	5.37515e-003	-1.57637	-0.703146	-0.142616	1.35936	0.	-4.40506e-002	0.999029	0.	-4.40506e-002	0.999029	0.	-42.5	-41.8095	-2.52473	97.6592	94.0816	0	-1	
3.24436	58.5599	173	0	(0)1	(0)3	(0)3	(0)1	(0)2	1.6881e-002	-0.868033	-0.703146	-0.197214	1.80963	0.	-5.63977e-002	0.998408	0.	-5.63977e-002	0.998408	0.	-42.5	-41.4799	-3.23307	100.	95.6197	0	-1	
3.26176	57.4619	174	0	(0)1	(0)3	(0)3	(0)1	(0)2	4.12823e-002	-0.229974	-0.703146	-0.254003	2.26047	0.	-6.75125e-002	0.997718	0.	-6.75125e-002	0.997718	0.	-38.2836	-36.6641	-3.87113	100.	93.9985	0	-1	
3.27836	60.2621	175	0	(0)2	(0)3	(0)3	(0)2	(0)3	6.49523e-002	-2.29196	-0.703146	-0.310169	2.71284	0.	-7.65656e-002	0.997065	0.	-7.65656e-002	0.997065	0.	-31.2034	-31.3397	-4.39118	100.	98.8928	0	-1	
3.29524	59.2448	176	0	(0)2	(0)4	(0)4	(0)2	(0)3	7.74581e-002	-1.58363	-0.703146	-0.379404	3.16109	0.	-8.88859e-002	0.996042	0.	-8.88859e-002	0.996042	0.	-42.5	-41.9651	-5.09952	100.	96.738	0	-1	
3.31239	58.3094	177	0	(0)2	(0)4	(0)4	(0)2	(0)3	9.96569e-002	-0.875294	-0.703146	-0.454174	3.60846	0.	-0.101193	0.994867	0.	-0.101193	0.994867	0.	-42.5	-41.3025	-5.80785	100.	95.2107	0	-1	
3.32923	59.3595	178	0	(0)2	(0)4	(0)4	(0)2	(0)3	0.122726	-0.26316	-0.703146	-0.529937	4.05681	0.	-0.111816	0.993729	0.	-0.111816	0.993729	0.	-36.728	-36.3359	-6.41998	100.	97.1693	0	-1	
3.34631	58.5527	179	0	(0)2	(0)4	(0)4	(0)2	(0)3	0.145123	0.236313	-0.703146	-0.605199	4.50667	0.	-0.120474	0.992716	0.	-0.120474	0.992716	0.	-29.9684	-29.2455	-6.91946	100.	96.142	0	-1	
3.36336	58.6428	180	0	(0)3	(0)4	(0)4	(0)2	(0)3	0.166994	0.64386	-0.703146	-0.680078	4.95778	0.	-0.127532	0.991834	0.	-0.127532	0.991834	0.	-24.4528	-23.8997	-7.327	100.	96.5389	0	-1	
3.38033	58.9203	181	0	(0)3	(0)5	(0)5	(0)3	(0)4	0.188452	-1.47428	-0.703146	-0.754664	5.40994	0.	-0.133286	0.991078	0.	-0.133286	0.991078	0.	-19.9524	-19.5933	-7.65954	100.	97.2056	0	-1	
3.39734	58.8157	182	0	(0)3	(0)5	(0)5	(0)3	(0)4	0.196955	-0.780845	-0.703146	-0.848651	5.85384	0.	-0.145271	0.989392	0.	-0.145271	0.989392	0.	-41.6064	-40.7851	-8.35298	100.	96.0741	0	-1	
3.41434	58.799	183	0	(0)3	(0)5	(0)5	(0)3	(0)4	0.218534	-0.214268	-0.703146	-0.942145	6.29941	0.	-0.155048	0.987907	0.	-0.155048	0.987907	0.	-33.9946	-33.3141	-8.91956	100.	96.3695	0	-1	
3.43136	58.7729	184	0	(0)3	(0)5	(0)5	(0)3	(0)4	0.239528	0.248656	-0.703146	-1.03527	6.74638	0.	-0.163024	0.986622	0.	-0.163024	0.986622	0.	-27.7754	-27.2074	-9.38248	100.	96.6018	0	-1	
3.44832	58.9622	185	0	(0)3	(0)5	(0)5	(0)3	(0)4	0.260064	0.626889	-0.703146	-1.12812	7.19453	0.	-0.169534	0.985524	0.	-0.169534	0.985524	0.	-22.694	-22.3015	-9.76072	100.	97.1461	0	-1	
3.46434	62.4277	186	0	(0)4	(0)5	(0)5	(0)4	(0)5	0.280237	-1.38018	-0.703146	-1.22077	7.64366	0.	-0.174847	0.984596	0.	-0.174847	0.984596	0.	-18.5422	-19.2924	-10.0698	100.	103.063	0	-1	
3.48134	58.8198	187	0	(0)4	(0)6	(0)6	(0)4	(0)5	0.297118	-0.733218	-0.703146	-1.33123	8.08432	0.	-0.185953	0.982559	0.	-0.185953	0.982559	0.	-38.8175	-38.054	-10.7167	100.	96.1974	0	-1	
3.49831	58.9087	188	0	(0)4	(0)6	(0)6	(0)4	(0)5	0.317248	-0.20381	-0.703146	-1.44133	8.52655	0.	-0.195024	0.980798	0.	-0.195024	0.980798	0.	-31.7645	-31.1868	-11.2461	100.	96.6471	0	-1	
3.51524	59.0853	189	0	(0)4	(0)6	(0)6	(0)4	(0)5	0.336869	0.229407	-0.703146	-1.55119	8.97009	0.	-0.202434	0.979296	0.	-0.202434	0.979296	0.	-25.993	-25.5967	-11.6793	100.	97.1964	0	-1	
3.53764	44.6422	190	0	(0)4	(0)6	(0)6	(0)4	(0)5	0.356089	0.58391	-0.703146	-1.66086	9.41475	0.	-0.208489	0.978025	0.	-0.208489	0.978025	0.	-21.2702	-15.8258	-12.0338	100.	73.6028	0	-1	
3.55772	49.8038	191	0	(0)5	(0)6	(0)6	(0)4	(0)5	0.374993	0.874001	-0.703146	-1.7704	9.86033	0.	-0.213438	0.976957	0.	-0.213438	0.976957	0.	-17.4055	-14.4476	-12.3239	100.	82.2679	0	-1	
3.57538	56.6077	192	0	(0)5	(0)7	(0)7	(0)5	(0)6	0.362941	-1.69445	-0.703146	-1.84938	10.311	0.	-0.206818	0.978379	0.	-0.206818	0.978379	0.	23.2785	21.9624	-11.936	100.	93.2407	0	-1	
3.59231	59.0716	193	0	(0)5	(0)7	(0)7	(0)5	(0)6	0.372185	-0.98612	-0.703146	-1.97687	10.7463	0.	-0.218898	0.975748	0.	-0.218898	0.975748	0.	-42.5	-41.8424	-12.6443	100.	96.4551	0	-1	
3.60938	58.593	194	0	(0)5	(0)7	(0)7	(0)5	(0)6	0.39116	-0.439358	-0.703146	-2.10257	11.1841	0.	-0.228199	0.973615	0.	-0.228199	0.973615	0.	-32.8057	-32.0364	-13.191	100.	96.0836	0	-1	
3.6263	59.1074	195	0	(0)5	(0)7	(0)7	(0)5	(0)6	0.409637	8.79843e-003	-0.703146	-2.22807	11.6233	0.	-0.235807	0.9718	0.	-0.235807	0.9718	0.	-26.8894	-26.4894	-13.6392	100.	97.1919	0	-1	
3.64332	58.75	196	0	(0)5	(0)7	(0)7	(0)5	(0)6	0.427724	0.376132	-0.703146	-2.35345	12.0636	0.	-0.242033	0.970268	0.	-0.242033	0.970268	0.	-22.04	-21.5809	-14.0065	100.	96.8268	0	-1	
3.66034	58.7468	197	0	(0)6	(0)7	(0)7	(0)6	(0)7	0.445503	-1.36843	-0.703146	-2.47875	12.5048	0.	-0.247128	0.968983	0.	-0.247128	0.968983	0.	-18.0652	-17.6879	-14.3076	100.	97.0088	0	-1	
3.67734	58.8084	198	0	(0)6	(0)8	(0)8	(0)6	(0)7	0.4626	-0.751544	-0.703146	-2.62015	12.9369	0.	-0.257546	0.966266	0.	-0.257546	0.966266	0.	-37.0131	-36.278	-14.9245	100.	96.255	0	-1	
3.69436	58.7541	199	0	(0)6	(0)8	(0)8	(0)6	(0)7	0.479998	-0.274762	-0.703146	-2.76013	13.3713	0.	-0.265578	0.964089	0.	-0.265578	0.964089	0.	-28.607	-28.013	-15.4013	100.	96.5336	0	-1	
3.71135	58.8585	200	0	(0)6	(0)8	(0)8	(0)6	(0)7	0.497005	0.116709	-0.703146	-2.90003	13.8069	0.	-0.272159	0.962252	0.	-0.272159	0.962252	0.	-23.4882	-23.0413	-15.7928	100.	96.9384	0	-1	
3.72833	58.9182	201	0	(0)6	(0)8	(0)8	(0)6	(0)7	0.513705	0.438132	-0.703146	-3.03989	14.2435	0.	-0.277553	0.96071	0.	-0.277553	0.96071	0.	-19.2854	-18.9376	-16.1142	100.	97.2337	0	-1	
3.74435	62.3995	202	0	(0)7	(0)8	(0)8	(0)6	(0)7	0.530162	0.702041	-0.703146	-3.17973	14.6809	0.	-0.281975	0.959422	0.	-0.281975	0.959422	0.	-15.8346	-16.4678	-16.3781	100.	103.154	0	-1	
3.76034	62.5515	203	0	(0)7	(0)9	(0)8	(0)7	(0)8	0.520653	-1.51935	-0.703146	-3.29446	15.1249	0.	-0.276807	0.960926	0.	-0.276807	0.960926	0.	18.5017	19.2885	-16.0697	100.	103.269	0	-1	
3.77737	58.7322	204	0	(0)7	(0)9	(0)9	(0)7	(0)8	0.533724	-0.832593	-0.703146	-3.45208	15.5505	0.	-0.288305	0.957539	0.	-0.288305	0.957539	0.	-41.2055	-40.3349	-16.7565	100.	95.9544	0	-1	
3.79433	58.9549	205	0	(0)7	(0)9	(0)9	(0)7	(0)8	0.549867	-0.368192	-0.703146	-3.60535	15.9805	0.	-0.296056	0.95517	0.	-0.296056	0.95517	0.	-27.8641	-27.3787	-17.2209	100.	96.8969	0	-1	
3.81036	62.3595	206	0	(0)7	(0)9	(0)9	(0)7	(0)8	0.565663	1.37762e-002	-0.703146	-3.75861	16.4117	0.	-0.302418	0.953176	0.	-0.302418	0.953176	0.	-22.9181	-23.8194	-17.6029	100.	102.733	0	-1	
3.82727	59.1538	207	0	(0)7	(0)9	(0)9	(0)7	(0)8	0.581184	0.327943	-0.703146	-3.91188	16.8438	0.	-0.307639	0.951503	0.	-0.307639	0.951503	0.	-18.85	-18.5842	-17.917	100.	97.6434	0	-1	
3.84431	58.6896	208	0	(0)8	(0)9	(0)9	(0)7	(0)8	0.596489	0.586344	-0.703146	-4.06518	17.2768	0.	-0.311928	0.950106	0.	-0.311928	0.950106	0.	-15.5041	-15.1654	-18.1754	100.	97.037	0	-1	
3.8708	37.7494	209	0	(0)8	(0)10	(0)10	(0)8	(0)9	0.588688	-1.45214	-0.703146	-4.19653	17.7169	0.	-0.307699	0.951484	0.	-0.307699	0.951484	0.	15.2878	9.61845	-17.9206	100.	62.4213	0	-1	
3.89079	50.0098	210	0	(0)8	(0)10	(0)10	(0)8	(0)9	0.595928	-0.796498	-0.703146	-4.36651	18.1381	0.	-0.318567	0.9479	0.	-0.318567	0.9479	0.	-39.3384	-32.7884	-18.5763	100.	81.7704	0	-1	
3.9074	60.2249	211	0	(0)8	(0)10	(0)10	(0)8	(0)9	0.610779	-0.364216	-0.703146	-4.53202	18.564	0.	-0.325709	0.94547	0.	-0.325709	0.94547	0.	-25.9369	-26.0341	-19.0086	100.	99.0737	0	-1	
3.92429	59.1898	212	0	(0)8	(0)10	(0)10	(0)8	(0)9	0.625339	-8.05531e-003	-0.703146	-4.69759	18.991	0.	-0.33158	0.943427	0.	-0.33158	0.943427	0.	-21.3697	-21.0811	-19.3647	100.	97.5832	0	-1	
3.9414	58.4607	213	0	(0)8	(0)10	(0)10	(0)8	(0)9	0.63967	0.285389	-0.703146	-4.86322	19.4189	0.	-0.336408	0.941716	0.	-0.336408	0.941716	0.	-17.6067	-17.155	-19.6582	100.	96.5581	0	-1	
3.95827	59.2819	214	0	(0)9	(0)10	(0)10	(0)9	(0)10	0.653821	-1.13123	-0.703146	-5.02892	19.8475	0.	-0.340378	0.940289	0.	-0.340378	0.940289	0.	-14.5063	-14.3327	-19.8999	100.	98.0651	0	-1	
3.97539	58.3937	215	0	(0)9	(0)11	(0)11	(0)9	(0)10	0.66602	-0.624164	-0.703146	-5.20728	20.2672	0.	-0.348687	0.937239	0.	-0.348687	0.937239	0.	-30.424	-29.6096	-20.407	100.	95.8609	0	-1	
3.99135	62.652	216	0	(0)9	(0)11	(0)11	(0)9	(0)10	0.679562	-0.246463	-0.703146	-5.3841	20.6893	0.	-0.354857	0.93492	0.	-0.354857	0.93492	0.	-22.662	-23.6637	-20.7847	100.	103.227	0	-1	
4.00834	58.8575	217	0	(0)9	(0)11	(0)11	(0)9	(0)10	0.692882	6.52465e-002	-0.937529	-5.56102	21.1123	0.	-0.359938	0.932976	0.	-0.359938	0.932976	0.	-18.7026	-18.3464	-21.0964	100.	97.1612	0	-1	
4.02533	58.8731	218	0	(0)9	(0)11	(0)11	(0)9	(0)10	0.706025	0.322494	-0.937529	-5.73805	21.5361	0.	-0.364124	0.931351	0.	-0.364124	0.931351	0.	-15.4349	-15.145	-21.3537	100.	97.3438	0	-1	
4.04241	58.5361	219	0	(0)10	(0)11	(0)11	(0)9	(0)10	0.71903	0.534796	-1.17191	-5.91518	21.9606	0.	-0.367572	0.929995	0.	-0.367572	0.929995	0.	-12.7381	-12.4273	-21.566	100.	96.9173	0	-1	
4.05938	58.9318	220	0	(0)10	(0)11	(0)11	(0)10	(0)11	0.711989	-1.23374	-1.17191	-6.07355	22.3921	0.	-0.363821	0.931469	0.	-0.363821	0.931469	0.	13.8559	13.6092	-21.335	100.	97.5176	0	-1	
4.07628	59.1982	221	0	(0)10	(0)12	(0)12	(0)10	(0)11	0.722229	-0.679212	-1.40629	-6.26426	22.8056	0.	-0.372819	0.927904	0.	-0.372819	0.927904	0.	-33.2715	-32.8269	-21.8896	100.	97.0555	0	-1	
4.09452	54.7986	222	0	(0)10	(0)12	(0)12	(0)10	(0)11	0.734673	-0.314902	-1.40629	-6.45141	23.2235	0.	-0.378711	0.925515	0.	-0.378711	0.925515	0.	-21.8586	-19.9637	-22.2539	100.	90.3224	0	-1	
4.11132	59.543	223	0	(0)10	(0)12	(0)12	(0)10	(0)11	0.746926	-1.37679e-002	-1.64068	-6.6387	23.6422	0.	-0.38357	0.923512	0.	-0.38357	0.923512	0.	-18.068	-17.9304	-22.555	100.	98.3233	0	-1	
4.12833	58.7666	224	0	(0)10	(0)12	(0)12	(0)10	(0)11	0.759028	0.235145	-1.87506	-6.82613	24.0617	0.	-0.387579	0.921837	0.	-0.387579	0.921837	0.	-14.9348	-14.6278	-22.8039	100.	97.1919	0	-1	
4.14534	58.8157	225	0	(0)11	(0)12	(0)12	(0)10	(0)11	0.771011	0.440893	-2.10944	-7.01368	24.4817	0.	-0.390886	0.920439	0.	-0.390886	0.920439	0.	-12.3449	-12.1012	-23.0097	100.	97.3994	0	-1	
4.16125	62.8613	226	0	(0)11	(0)13	(0)12	(0)11	(0)12	0.784264	-0.782751	-2.5782	-7.20244	24.9013	0.	-0.394064	0.919083	0.	-0.394064	0.919083	0.	-11.8775	-12.4439	-23.2076	100.	104.124	0	-1	
4.17842	58.2295	227	0	(0)11	(0)13	(0)13	(0)11	(0)12	0.786111	-0.42231	-3.28135	-7.39899	25.3149	0.	-0.399838	0.916586	0.	-0.399838	0.916586	0.	-21.6264	-20.9883	-23.5681	100.	95.9882	0	-1	
4.19427	63.0911	228	0	(0)11	(0)13	(0)13	(0)11	(0)12	0.797368	-0.123937	-3.75011	-7.59573	25.7293	0.	-0.404606	0.914491	0.	-0.404606	0.914491	0.	-17.9024	-18.8247	-23.8664	100.	104.191	0	-1	
4.21137	58.4762	229	0	(0)11	(0)13	(0)13	(0)11	(0)12	0.808493	0.123057	-4.92203	-7.79264	26.1444	0.	-0.408544	0.912738	0.	-0.408544	0.912738	0.	-14.8197	-14.4433	-24.1134	100.	96.7171	0	-1	
4.22831	59.0295	230	0	(0)11	(0)13	(0)13	(0)11	(0)12	0.822772	0.32752	-6.32832	-7.99267	26.5587	0.	-0.411799	0.911275	0.	-0.411799	0.911275	0.	-12.2678	-12.0693	-24.3179	100.	97.7748	0	-1	
4.2454	58.5134	231	0	(0)12	(0)13	(0)13	(0)11	(0)12	0.838716	0.515204	-7.96899	-8.19429	26.9726	0.	-0.414782	0.909921	0.	-0.414782	0.909921	0.	-11.2611	-10.9821	-24.5056	100.	96.9731	0	-1	
4.26237	58.9318	232	0	(0)12	(0)14	(0)13	(0)12	(0)13	0.837032	-1.01709	-9.84405	-8.37965	27.3932	0.	-0.411255	0.91152	0.	-0.411255	0.91152	0.	13.3117	13.0747	-24.2837	100.	97.5247	0	-1	
4.27941	58.6865	233	0	(0)12	(0)14	(0)14	(0)12	(0)13	0.845893	-0.562866	-11.4847	-8.59294	27.7974	0.	-0.418468	0.908231	0.	-0.418468	0.908231	0.	-27.2533	-26.6567	-24.7379	100.	96.5523	0	-1	
4.29632	59.1496	234	0	(0)12	(0)14	(0)14	(0)12	(0)13	0.863096	-0.260572	-13.3598	-8.80449	28.2047	0.	-0.423254	0.906011	0.	-0.423254	0.906011	0.	-18.1376	-17.8805	-25.0402	100.	97.7288	0	-1	
4.31334	58.7479	235	0	(0)12	(0)14	(0)14	(0)12	(0)13	0.880905	-9.99671e-003	-14.7661	-9.01689	28.6123	0.	-0.427213	0.904151	0.	-0.427213	0.904151	0.	-15.0345	-14.7208	-25.2908	100.	97.2124	0	-1	
4.33036	58.7322	236	0	(0)12	(0)14	(0)14	(0)12	(0)13	0.899585	0.197709	-16.6411	-9.23031	29.0201	0.	-0.430488	0.902596	0.	-0.430488	0.902596	0.	-12.4624	-12.199	-25.4985	100.	97.3125	0	-1	
4.34736	58.8449	237	0	(0)13	(0)14	(0)14	(0)13	(0)13	0.918674	0.36988	-17.5787	-9.4443	29.4281	0.	-0.433198	0.901299	0.	-0.433198	0.901299	0.	-10.3302	-10.1314	-25.6707	100.	97.6015	0	-1	
4.36436	58.801	238	0	(0)13	(0)15	(0)14	(0)13	(0)14	0.939165	-0.669011	-18.2818	-9.65958	29.8356	0.	-0.435794	0.900046	0.	-0.435794	0.900046	0.	-9.90994	-9.71191	-25.8358	100.	97.5511	0	-1	
4.3814	58.6896	239	0	(0)13	(0)15	(0)15	(0)13	(0)14	0.946371	-0.367732	-19.2193	-9.88158	30.2375	0.	-0.440521	0.897742	0.	-0.440521	0.897742	0.	-18.0767	-17.6819	-26.1371	100.	97.0036	0	-1	
4.39814	59.7599	240	0	(0)13	(0)15	(0)15	(0)13	(0)14	0.965949	-0.117699	-19.9225	-10.1041	30.6398	0.	-0.444434	0.895811	0.	-0.444434	0.895811	0.	-15.002	-14.942	-26.3872	100.	98.9149	0	-1	
4.41538	58.0001	241	0	(0)13	(0)15	(0)15	(0)13	(0)14	0.985685	8.98069e-002	-20.3912	-10.327	31.0426	0.	-0.447676	0.894196	0.	-0.447676	0.894196	0.	-12.4503	-12.0353	-26.5947	100.	96.1173	0	-1	
4.43238	58.8303	242	0	(0)14	(0)15	(0)15	(0)13	(0)14	1.00572	0.262017	-21.0944	-10.5504	31.4456	0.	-0.450361	0.892846	0.	-0.450361	0.892846	0.	-10.3326	-10.1312	-26.7669	100.	97.5925	0	-1	
4.44933	58.9811	243	0	(0)14	(0)15	(0)15	(0)14	(0)14	1.02661	0.418533	-21.5632	-10.7746	31.8484	0.	-0.452799	0.891613	0.	-0.452799	0.891613	0.	-9.39096	-9.23149	-26.9234	100.	97.8879	0	-1	
4.46638	58.6657	244	0	(0)14	(0)16	(0)15	(0)14	(0)15	1.03275	-0.860839	-22.2663	-10.9855	32.2576	0.	-0.450041	0.893008	0.	-0.450041	0.893008	0.	10.6263	10.39	-26.7463	100.	97.2202	0	-1	
4.48232	62.7054	245	0	(0)14	(0)16	(0)16	(0)14	(0)15	1.04382	-0.478957	-22.7351	-11.2185	32.6522	0.	-0.455982	0.889989	0.	-0.455982	0.889989	0.	-22.9129	-23.9461	-27.1282	100.	103.444	0	-1	
4.49839	62.2471	246	0	(0)14	(0)16	(0)16	(0)14	(0)15	1.06425	-0.22786	-23.2038	-11.4495	33.0498	0.	-0.459878	0.887982	0.	-0.459878	0.887982	0.	-15.0658	-15.63	-27.3793	100.	103.048	0	-1	
4.51527	59.2533	247	0	(0)14	(0)16	(0)16	(0)14	(0)15	1.08472	-1.92559e-002	-23.4382	-11.6807	33.4479	0.	-0.463108	0.886302	0.	-0.463108	0.886302	0.	-12.5163	-12.3605	-27.5879	100.	98.2067	0	-1	
4.53228	58.7854	248	0	(0)15	(0)16	(0)16	(0)14	(0)15	1.10538	0.154047	-23.907	-11.9124	33.8463	0.	-0.465787	0.884897	0.	-0.465787	0.884897	0.	-10.3982	-10.1877	-27.7612	100.	97.5284	0	-1	
4.54838	62.1	249	0	(0)15	(0)16	(0)16	(0)15	(0)15	1.12647	0.302831	-24.3757	-12.1446	34.2448	0.	-0.468083	0.883684	0.	-0.468083	0.883684	0.	-8.92703	-9.23948	-27.91	100.	103.1	0	-1	
4.56539	58.7864	250	0	(0)15	(0)17	(0)16	(0)15	(0)16	1.14839	-0.565772	-24.8445	-12.3775	34.643	0.	-0.470183	0.882569	0.	-0.470183	0.882569	0.	-8.1733	-8.00798	-28.0462	100.	97.6351	0	-1	
4.58234	58.9864	251	0	(0)15	(0)17	(0)17	(0)15	(0)16	1.15672	-0.316865	-25.3133	-12.6157	35.0364	0.	-0.474013	0.880518	0.	-0.474013	0.880518	0.	-14.9345	-14.6822	-28.2951	100.	97.6681	0	-1	
4.6092	37.2377	252	0	(0)15	(0)17	(0)17	(0)15	(0)16	1.17772	-0.109899	-26.0164	-12.8545	35.4302	0.	-0.47719	0.8788	0.	-0.47719	0.8788	0.	-12.4179	-7.70691	-28.502	100.	61.7295	0	-1	
4.62636	58.2828	253	0	(0)15	(0)17	(0)17	(0)15	(0)16	1.19892	6.21914e-002	-26.4852	-13.0936	35.8242	0.	-0.479828	0.877363	0.	-0.479828	0.877363	0.	-10.3254	-10.0299	-28.6741	100.	96.7107	0	-1	
4.64233	62.6141	254	0	(0)16	(0)17	(0)17	(0)15	(0)16	1.2202	0.202723	-26.9539	-13.3329	36.2186	0.	-0.481978	0.876183	0.	-0.481978	0.876183	0.	-8.43191	-8.79928	-28.8147	100.	103.991	0	-1	
4.65843	62.0954	255	0	(0)16	(0)17	(0)17	(0)16	(0)16	1.24227	0.331435	-27.4227	-13.5731	36.6127	0.	-0.483945	0.875098	0.	-0.483945	0.875098	0.	-7.72271	-7.99241	-28.9434	100.	103.165	0	-1	
4.6754	58.9161	256	0	(0)16	(0)18	(0)17	(0)16	(0)17	1.25258	-0.716724	-27.8915	-13.8028	37.0124	0.	-0.481855	0.876251	0.	-0.481855	0.876251	0.	8.20681	8.05855	-28.8066	100.	97.7748	0	-1	
4.6924	58.8334	257	0	(0)16	(0)18	(0)18	(0)16	(0)17	1.26494	-0.401564	-28.3602	-14.05	37.3994	0.	-0.486667	0.873587	0.	-0.486667	0.873587	0.	-18.9096	-18.542	-29.1218	100.	97.2651	0	-1	
4.70942	58.7552	258	0	(0)16	(0)18	(0)18	(0)16	(0)17	1.28651	-0.196149	-28.5946	-14.2955	37.7891	0.	-0.489796	0.871837	0.	-0.489796	0.871837	0.	-12.3249	-12.0692	-29.3272	100.	97.4182	0	-1	
4.72537	62.6817	259	0	(0)16	(0)18	(0)18	(0)16	(0)17	1.30829	-2.52295e-002	-29.0634	-14.5413	38.1791	0.	-0.492395	0.870372	0.	-0.492395	0.870372	0.	-10.2552	-10.7135	-29.4981	100.	104.028	0	-1	
4.74241	58.7031	260	0	(0)17	(0)18	(0)18	(0)16	(0)17	1.32968	0.107438	-29.2978	-14.7871	38.5697	0.	-0.494409	0.86923	0.	-0.494409	0.86923	0.	-7.96004	-7.78799	-29.6308	100.	97.5278	0	-1	
4.75934	59.0652	261	0	(0)17	(0)18	(0)18	(0)17	(0)17	1.35184	0.22898	-29.7665	-15.0336	38.96	0.	-0.496251	0.868179	0.	-0.496251	0.868179	0.	-7.2925	-7.17889	-29.7523	100.	98.1618	0	-1	
4.77636	58.7385	262	0	(0)17	(0)19	(0)18	(0)17	(0)18	1.37472	-0.481315	-30.2353	-15.2808	39.3501	0.	-0.497938	0.867213	0.	-0.497938	0.867213	0.	-6.68094	-6.54047	-29.8637	100.	97.6484	0	-1	
4.7934	58.7145	263	0	(0)17	(0)19	(0)19	(0)17	(0)18	1.38525	-0.275144	-30.2353	-15.5321	39.7361	0.	-0.501055	0.865415	0.	-0.501055	0.865415	0.	-12.3703	-12.1053	-30.0698	100.	97.3587	0	-1	
4.81038	58.8805	264	0	(0)17	(0)19	(0)19	(0)17	(0)18	1.40715	-0.105911	-30.7041	-15.7836	40.1225	0.	-0.503609	0.863932	0.	-0.503609	0.863932	0.	-10.154	-9.9645	-30.2391	100.	97.7331	0	-1	
4.82736	58.9025	265	0	(0)17	(0)19	(0)19	(0)17	(0)18	1.42836	1.89954e-002	-30.9384	-16.0349	40.5097	0.	-0.505491	0.862832	0.	-0.505491	0.862832	0.	-7.4944	-7.35731	-30.364	100.	97.8883	0	-1	
4.84436	58.8209	266	0	(0)18	(0)19	(0)19	(0)17	(0)18	1.45018	0.133448	-31.1728	-16.2868	40.8968	0.	-0.507214	0.86182	0.	-0.507214	0.86182	0.	-6.86716	-6.73221	-30.4784	100.	97.7818	0	-1	
4.86138	58.7531	267	0	(0)18	(0)19	(0)19	(0)18	(0)18	1.47257	0.238322	-31.4072	-16.5392	41.2836	0.	-0.50879	0.86089	0.	-0.50879	0.86089	0.	-6.29242	-6.16165	-30.5833	100.	97.6958	0	-1	
4.8784	58.75	268	0	(0)18	(0)20	(0)19	(0)18	(0)19	1.49538	-0.400688	-31.4072	-16.792	41.6703	0.	-0.510234	0.860036	0.	-0.510234	0.860036	0.	-5.76578	-5.64565	-30.6794	100.	97.7142	0	-1	
4.89537	58.9245	269	0	(0)18	(0)20	(0)20	(0)18	(0)19	1.50663	-0.224714	-31.6416	-17.0483	42.0535	0.	-0.512873	0.858465	0.	-0.512873	0.858465	0.	-10.5585	-10.3692	-30.8554	100.	97.7939	0	-1	
4.9124	58.7031	270	0	(0)18	(0)20	(0)20	(0)18	(0)19	1.52716	-0.103787	-31.876	-17.304	42.4379	0.	-0.514683	0.85738	0.	-0.514683	0.85738	0.	-7.25561	-7.09878	-30.9763	100.	97.5724	0	-1	
4.92936	58.9843	271	0	(0)18	(0)20	(0)20	(0)18	(0)19	1.54842	7.02879e-003	-32.3447	-17.5604	42.8221	0.	-0.516341	0.856383	0.	-0.516341	0.856383	0.	-6.64896	-6.5364	-31.0871	100.	98.0692	0	-1	
4.94637	58.7833	272	0	(0)19	(0)20	(0)20	(0)18	(0)19	1.57024	0.108579	-32.5791	-17.8173	43.206	0.	-0.517858	0.855467	0.	-0.517858	0.855467	0.	-6.09304	-5.96948	-31.1887	100.	97.7609	0	-1	
4.96335	58.8983	273	0	(0)19	(0)20	(0)20	(0)19	(0)19	1.5927	0.201639	-33.0479	-18.0748	43.5897	0.	-0.519246	0.854625	0.	-0.519246	0.854625	0.	-5.58359	-5.48106	-31.2817	100.	97.9772	0	-1	
4.98042	58.5609	274	0	(0)19	(0)21	(0)20	(0)19	(0)20	1.61552	-0.364476	-33.0479	-18.3326	43.9733	0.	-0.520518	0.853851	0.	-0.520518	0.853851	0.	-5.11674	-4.99402	-31.367	100.	97.4368	0	-1	
4.99738	58.9748	275	0	(0)19	(0)21	(0)21	(0)19	(0)20	1.62754	-0.212399	-33.0479	-18.5933	44.3539	0.	-0.522782	0.852466	0.	-0.522782	0.852466	0.	-9.12464	-8.96873	-31.5191	100.	97.9482	0	-1	
5.01428	59.176	276	0	(0)19	(0)21	(0)21	(0)19	(0)20	1.64807	-0.105926	-33.0479	-18.8535	44.7356	0.	-0.524366	0.851493	0.	-0.524366	0.851493	0.	-6.38834	-6.30061	-31.6255	100.	98.4033	0	-1	
5.0304	62.0454	277	0	(0)19	(0)21	(0)21	(0)19	(0)20	1.66903	-8.35649e-003	-33.0479	-19.1141	45.1171	0.	-0.525815	0.850599	0.	-0.525815	0.850599	0.	-5.85418	-6.05375	-31.7231	100.	103.2	0	-1	
5.04642	62.4206	278	0	(0)20	(0)21	(0)21	(0)19	(0)20	1.69036	8.10549e-002	-33.0479	-19.375	45.4985	0.	-0.527142	0.849777	0.	-0.527142	0.849777	0.	-5.36469	-5.58112	-31.8125	100.	103.847	0	-1	
5.06335	59.0589	279	0	(0)20	(0)21	(0)21	(0)20	(0)20	1.71185	0.158751	-33.0479	-19.6361	45.88	0.	-0.528293	0.849062	0.	-0.528293	0.849062	0.	-4.66175	-4.58863	-31.8902	100.	98.2857	0	-1	
5.0803	59.0011	280	0	(0)20	(0)22	(0)21	(0)20	(0)21	1.73375	-0.338081	-33.0479	-19.8977	46.2613	0.	-0.52938	0.848385	0.	-0.52938	0.848385	0.	-4.40172	-4.32844	-31.9636	100.	98.2012	0	-1	
5.09742	58.4215	281	0	(0)20	(0)22	(0)22	(0)20	(0)21	1.74638	-0.198224	-33.0479	-20.1619	46.6396	0.	-0.531449	0.84709	0.	-0.531449	0.84709	0.	-8.39141	-8.17065	-32.1034	100.	97.0611	0	-1	
5.11444	58.751	282	0	(0)20	(0)22	(0)22	(0)20	(0)21	1.76632	-0.105977	-33.0479	-20.4255	47.0192	0.	-0.532813	0.846233	0.	-0.532813	0.846233	0.	-5.53478	-5.41956	-32.1957	100.	97.7344	0	-1	
5.13145	58.7896	283	0	(0)20	(0)22	(0)22	(0)20	(0)21	1.78663	-2.14528e-002	-33.0479	-20.6894	47.3986	0.	-0.53406	0.845446	0.	-0.53406	0.845446	0.	-5.07147	-4.96916	-32.2802	100.	97.8192	0	-1	
5.15435	43.6585	284	0	(0)21	(0)22	(0)22	(0)20	(0)21	1.80694	4.90224e-002	-33.0479	-20.9534	47.7782	0.	-0.5351	0.844789	0.	-0.5351	0.844789	0.	-4.22851	-3.07684	-32.3507	100.	72.6708	0	-1	
5.17138	58.7406	285	0	(0)21	(0)22	(0)22	(0)20	(0)21	1.82762	0.11556	-33.0479	-21.2177	48.1576	0.	-0.536081	0.844167	0.	-0.536081	0.844167	0.	-3.99225	-3.90845	-32.4172	100.	97.7859	0	-1	
5.19101	50.9262	286	0	(0)21	(0)23	(0)22	(0)21	(0)22	1.84865	-0.312397	-33.0479	-21.4824	48.5369	0.	-0.537006	0.843579	0.	-0.537006	0.843579	0.	-3.76919	-3.19918	-32.48	100.	84.7859	0	-1	
5.20844	57.3872	287	0	(0)21	(0)23	(0)23	(0)21	(0)22	1.86194	-0.184431	-33.0479	-21.7496	48.9133	0.	-0.538889	0.842377	0.	-0.538889	0.842377	0.	-7.67796	-7.34362	-32.608	100.	95.3733	0	-1	
5.22541	58.9004	288	0	(0)21	(0)23	(0)23	(0)21	(0)22	1.88084	-0.11571	-33.0479	-22.0157	49.2914	0.	-0.539899	0.84173	0.	-0.539899	0.84173	0.	-4.12324	-4.04767	-32.6767	100.	98.046	0	-1	
5.24242	58.8167	289	0	(0)21	(0)23	(0)23	(0)21	(0)22	1.90002	-5.26948e-002	-33.0479	-22.2821	49.6695	0.	-0.540824	0.841136	0.	-0.540824	0.841136	0.	-3.78093	-3.70637	-32.7397	100.	97.9222	0	-1	
5.25938	58.9517	290	0	(0)22	(0)23	(0)23	(0)21	(0)22	1.91953	6.78997e-003	-33.0479	-22.5488	50.0474	0.	-0.541697	0.840574	0.	-0.541697	0.840574	0.	-3.56909	-3.50673	-32.7992	100.	98.1565	0	-1	
5.27644	58.6117	291	0	(0)22	(0)23	(0)23	(0)21	(0)22	1.93936	6.29418e-002	-33.0479	-22.8157	50.4251	0.	-0.54252	0.840043	0.	-0.54252	0.840043	0.	-3.36911	-3.29116	-32.8554	100.	97.5993	0	-1	
5.29244	62.509	292	0	(0)22	(0)24	(0)23	(0)22	(0)23	1.95922	-0.302484	-33.0479	-23.0828	50.8029	0.	-0.543218	0.839592	0.	-0.543218	0.839592	0.	-2.85439	-2.97375	-32.903	100.	104.114	0	-1	
5.30936	59.0905	293	0	(0)22	(0)24	(0)23	(0)22	(0)23	1.97341	-0.179108	-33.0479	-23.3526	51.1776	0.	-0.545024	0.83842	0.	-0.545024	0.83842	0.	-7.40259	-7.29038	-33.0263	100.	98.2162	0	-1	
5.3253	62.7398	294	0	(0)22	(0)24	(0)24	(0)22	(0)23	1.99224	-0.112852	-33.0479	-23.6214	51.5538	0.	-0.545994	0.837789	0.	-0.545994	0.837789	0.	-3.97536	-4.15689	-33.0926	100.	104.444	0	-1	
5.34242	58.4112	295	0	(0)22	(0)24	(0)24	(0)22	(0)23	2.01009	-7.72705e-002	-33.0479	-23.8896	51.931	0.	-0.546514	0.83745	0.	-0.546514	0.83745	0.	-2.13486	-2.07833	-33.1282	100.	97.3209	0	-1	
5.3584	62.5869	296	0	(0)23	(0)24	(0)24	(0)22	(0)23	2.02742	-5.81627e-002	-33.0479	-24.1575	52.3087	0.	-0.546793	0.837268	0.	-0.546793	0.837268	0.	-1.14647	-1.1959	-33.1473	100.	104.326	0	-1	
5.37544	58.6771	297	0	(0)23	(0)24	(0)24	(0)22	(0)23	2.04447	-4.79014e-002	-33.0479	-24.4252	52.6866	0.	-0.546943	0.83717	0.	-0.546943	0.83717	0.	-0.61568	-0.602105	-33.1575	100.	97.833	0	-1	
5.39238	59.041	298	0	(0)23	(0)25	(0)24	(0)23	(0)24	2.06137	-0.378509	-33.0479	-24.6929	53.0647	0.	-0.547023	0.837117	0.	-0.547023	0.837117	0.	-0.330634	-0.32535	-33.1631	100.	98.4529	0	-1	
5.40944	58.6076	299	0	(0)23	(0)25	(0)24	(0)23	(0)24	2.07774	-0.219935	-33.0479	-24.9656	53.4367	0.	-0.549338	0.8356	0.	-0.549338	0.8356	0.	-9.51446	-9.29366	-33.3216	100.	97.3214	0	-1	
5.42631	59.2745	300	0	(0)23	(0)25	(0)25	(0)23	(0)24	2.09717	-0.134777	-33.0479	-25.2369	53.8108	0.	-0.55058	0.834783	0.	-0.55058	0.834783	0.	-5.10948	-5.0477	-33.4068	100.	98.6243	0	-1	
5.44345	58.3382	301	0	(0)23	(0)25	(0)25	(0)23	(0)24	2.11534	-8.90448e-002	-33.0479	-25.5075	54.1861	0.	-0.551246	0.834343	0.	-0.551246	0.834343	0.	-2.74391	-2.66791	-33.4525	100.	97.1719	0	-1	
5.46035	59.1665	302	0	(0)23	(0)25	(0)25	(0)23	(0)24	2.13042	-0.113845	-33.0479	-25.7757	54.5634	0.	-0.550885	0.834581	0.	-0.550885	0.834581	0.	1.48804	1.46737	-33.4277	100.	98.5899	0	-1	
5.47647	62.0535	303	0	(0)24	(0)25	(0)25	(0)23	(0)24	2.14829	-7.78043e-002	-33.0479	-26.0461	54.939	0.	-0.551409	0.834235	0.	-0.551409	0.834235	0.	-2.16247	-2.23648	-33.4638	100.	103.388	0	-1	
5.49338	59.1243	304	0	(0)24	(0)26	(0)25	(0)24	(0)25	2.16345	-0.362631	-33.0479	-26.3144	55.3162	0.	-0.551046	0.834475	0.	-0.551046	0.834475	0.	1.49885	1.47698	-33.4388	100.	98.5189	0	-1	
5.51046	58.5516	305	0	(0)24	(0)26	(0)25	(0)24	(0)25	2.18068	-0.211408	-33.0479	-26.5887	55.6871	0.	-0.553246	0.833018	0.	-0.553246	0.833018	0.	-9.07339	-8.85436	-33.59	100.	97.2476	0	-1	
5.52634	62.964	306	0	(0)24	(0)26	(0)26	(0)24	(0)25	2.19998	-0.130197	-33.0479	-26.8616	56.0602	0.	-0.554426	0.832233	0.	-0.554426	0.832233	0.	-4.87262	-5.11332	-33.6712	100.	104.774	0	-1	
5.54344	58.4813	307	0	(0)24	(0)26	(0)26	(0)24	(0)25	2.21809	-8.65857e-002	-33.0479	-27.1339	56.4343	0.	-0.55506	0.831811	0.	-0.55506	0.831811	0.	-2.61671	-2.55048	-33.7148	100.	97.416	0	-1	
5.56037	59.0958	308	0	(0)24	(0)26	(0)26	(0)24	(0)25	2.23325	-0.110122	-33.0479	-27.4039	56.8103	0.	-0.554718	0.832039	0.	-0.554718	0.832039	0.	1.41217	1.39089	-33.6913	100.	98.4765	0	-1	
5.57732	58.9706	309	0	(0)25	(0)26	(0)26	(0)24	(0)25	2.25106	-7.58047e-002	-33.0479	-27.6759	57.1847	0.	-0.555216	0.831706	0.	-0.555216	0.831706	0.	-2.05904	-2.02371	-33.7256	100.	98.2564	0	-1	
5.59451	58.1937	310	0	(0)25	(0)27	(0)26	(0)25	(0)26	2.2663	-0.283152	-33.0479	-27.946	57.5607	0.	-0.554871	0.831936	0.	-0.554871	0.831936	0.	1.42482	1.38193	-33.7019	100.	96.9725	0	-1	
5.61042	62.8291	311	0	(0)25	(0)27	(0)26	(0)25	(0)26	2.2835	-0.168726	-33.0479	-28.2207	57.9318	0.	-0.556532	0.830826	0.	-0.556532	0.830826	0.	-6.86556	-7.18928	-33.8163	100.	104.455	0	-1	
5.62642	62.5149	312	0	(0)25	(0)27	(0)27	(0)25	(0)26	2.30218	-0.107276	-33.0479	-28.4945	58.3046	0.	-0.557422	0.830229	0.	-0.557422	0.830229	0.	-3.68696	-3.8415	-33.8777	100.	104.084	0	-1	
5.64342	58.8376	313	0	(0)25	(0)27	(0)27	(0)25	(0)26	2.31995	-7.42764e-002	-33.0479	-28.7678	58.6782	0.	-0.557901	0.829908	0.	-0.557901	0.829908	0.	-1.97998	-1.94162	-33.9107	100.	98.0384	0	-1	
5.66041	58.8585	314	0	(0)25	(0)27	(0)27	(0)25	(0)26	2.33485	-0.105212	-33.0479	-29.0387	59.0533	0.	-0.557452	0.830209	0.	-0.557452	0.830209	0.	1.85615	1.82084	-33.8798	100.	98.0552	0	-1	
5.67741	58.7917	315	0	(0)26	(0)27	(0)27	(0)25	(0)26	2.35259	-7.3168e-002	-33.0479	-29.3119	59.4269	0.	-0.557917	0.829897	0.	-0.557917	0.829897	0.	-1.92265	-1.88393	-33.9118	100.	97.9644	0	-1	
5.69444	58.7364	316	0	(0)26	(0)28	(0)27	(0)26	(0)27	2.36749	-0.21076	-33.0479	-29.5828	59.8021	0.	-0.557468	0.830198	0.	-0.557468	0.830198	0.	1.85762	1.8185	-33.8809	100.	97.8517	0	-1	
5.71632	45.709	317	0	(0)26	(0)28	(0)27	(0)26	(0)27	2.38486	-0.12985	-33.0479	-29.8577	60.1738	0.	-0.55864	0.82941	0.	-0.55864	0.82941	0.	-4.85462	-3.69833	-33.9618	100.	76.0621	0	-1	
5.73332	58.8094	318	0	(0)26	(0)28	(0)28	(0)26	(0)27	2.40296	-8.63989e-002	-33.0479	-30.1318	60.5465	0.	-0.559269	0.828986	0.	-0.559269	0.828986	0.	-2.60704	-2.55531	-34.0052	100.	97.9629	0	-1	
5.75036	58.6823	319	0	(0)26	(0)28	(0)28	(0)26	(0)27	2.41742	-0.124339	-33.0479	-30.403	60.9214	0.	-0.55872	0.829357	0.	-0.55872	0.829357	0.	2.27641	2.22642	-33.9673	100.	97.7373	0	-1	
5.76734	58.914	320	0	(0)26	(0)28	(0)28	(0)26	(0)27	2.43544	-8.34396e-002	-33.0479	-30.6771	61.2942	0.	-0.559312	0.828958	0.	-0.559312	0.828958	0.	-2.45397	-2.40955	-34.0082	100.	98.1441	0	-1	
5.78365	61.2821	321	0	(0)27	(0)28	(0)28	(0)26	(0)27	2.44992	-0.121455	-33.0479	-30.9483	61.669	0.	-0.558761	0.829328	0.	-0.558761	0.829328	0.	2.28092	2.32966	-33.9702	100.	102.067	0	-1	
5.80031	60.0274	322	0	(0)27	(0)29	(0)28	(0)27	(0)28	2.4679	-0.110523	-33.0479	-31.2224	62.0419	0.	-0.559334	0.828942	0.	-0.559334	0.828942	0.	-2.37385	-2.37493	-34.0097	100.	100.003	0	-1	
5.81695	60.1189	323	0	(0)27	(0)29	(0)28	(0)27	(0)28	2.48128	-0.155172	-33.0479	-31.4932	62.4168	0.	-0.558688	0.829378	0.	-0.558688	0.829378	0.	2.67894	2.68424	-33.9651	100.	100.106	0	-1	
5.83419	57.9981	324	0	(0)27	(0)29	(0)29	(0)27	(0)28	2.49976	-9.99975e-002	-33.0479	-31.7678	62.7891	0.	-0.559486	0.82884	0.	-0.559486	0.82884	0.	-3.31046	-3.20001	-34.0203	100.	96.5802	0	-1	
5.8514	58.0937	325	0	(0)27	(0)29	(0)29	(0)27	(0)28	2.51421	-0.135831	-33.0479	-32.0392	63.1638	0.	-0.558968	0.829189	0.	-0.558968	0.829189	0.	2.15004	2.08173	-33.9844	100.	96.7642	0	-1	
5.86748	62.212	326	0	(0)27	(0)29	(0)29	(0)27	(0)28	2.5324	-8.96112e-002	-33.0479	-32.3136	63.5364	0.	-0.559636	0.828738	0.	-0.559636	0.828738	0.	-2.77321	-2.87545	-34.0307	100.	103.623	0	-1	
5.88446	58.8951	327	0	(0)28	(0)29	(0)29	(0)27	(0)28	2.54691	-0.125814	-33.0479	-32.585	63.9111	0.	-0.559113	0.829092	0.	-0.559113	0.829092	0.	2.17217	2.13217	-33.9945	100.	98.0978	0	-1	
5.90136	59.175	328	0	(0)28	(0)30	(0)29	(0)28	(0)29	2.56074	-0.119271	-33.0479	-32.8558	64.2861	0.	-0.558473	0.829523	0.	-0.558473	0.829523	0.	2.6516	2.61514	-33.9503	100.	98.5359	0	-1	
5.91843	58.5806	329	0	(0)28	(0)30	(0)29	(0)28	(0)29	2.5753	-0.171037	-33.0479	-33.1259	64.6614	0.	-0.557723	0.830027	0.	-0.557723	0.830027	0.	3.10601	3.03253	-33.8985	100.	97.52	0	-1	
5.93533	59.1485	330	0	(0)28	(0)30	(0)30	(0)28	(0)29	2.59401	-0.108518	-33.0479	-33.4003	65.0337	0.	-0.558629	0.829418	0.	-0.558629	0.829418	0.	-3.75118	-3.69795	-33.961	100.	98.476	0	-1	
5.95136	62.3866	331	0	(0)28	(0)30	(0)30	(0)28	(0)29	2.60759	-0.160671	-33.0479	-33.6704	65.409	0.	-0.557873	0.829926	0.	-0.557873	0.829926	0.	3.12922	3.25369	-33.9089	100.	103.854	0	-1	
5.96737	62.483	332	0	(0)28	(0)30	(0)30	(0)28	(0)29	2.62614	-0.102951	-33.0479	-33.9447	65.7814	0.	-0.558709	0.829364	0.	-0.558709	0.829364	0.	-3.46323	-3.60655	-33.9666	100.	104.041	0	-1	
5.98446	58.4824	333	0	(0)29	(0)30	(0)30	(0)28	(0)29	2.63976	-0.155305	-33.0479	-34.2149	66.1567	0.	-0.557951	0.829874	0.	-0.557951	0.829874	0.	3.14124	3.06179	-33.9142	100.	97.3544	0	-1	
6.00077	61.3286	334	0	(0)29	(0)31	(0)30	(0)29	(0)30	2.65823	3.28556e-002	-33.0479	-34.4891	66.5292	0.	-0.558751	0.829335	0.	-0.558751	0.829335	0.	-3.31416	-3.38755	-33.9695	100.	102.126	0	-1	
6.01742	60.0578	335	0	(0)29	(0)31	(0)31	(0)29	(0)30	2.67524	-3.31483e-002	-33.0479	-34.7587	66.9046	0.	-0.557795	0.829979	0.	-0.557795	0.829979	0.	3.96024	3.96405	-33.9035	100.	99.9287	0	-1	
6.03436	59.0515	336	0	(0)29	(0)31	(0)31	(0)29	(0)30	2.68889	-9.61643e-002	-33.0479	-35.028	67.2803	0.	-0.556882	0.830592	0.	-0.556882	0.830592	0.	3.78096	3.7212	-33.8404	100.	98.2647	0	-1	
6.05146	58.471	337	0	(0)29	(0)31	(0)31	(0)29	(0)30	2.70218	-0.156328	-33.0479	-35.297	67.6563	0.	-0.55601	0.831176	0.	-0.55601	0.831176	0.	3.60981	3.51782	-33.7803	100.	97.3085	0	-1	
6.06751	62.2787	338	0	(0)30	(0)31	(0)31	(0)29	(0)30	2.71512	-0.213768	-33.0479	-35.5657	68.0325	0.	-0.555176	0.831733	0.	-0.555176	0.831733	0.	3.4464	3.57729	-33.7228	100.	103.655	0	-1	
6.08444	59.0663	339	0	(0)30	(0)31	(0)31	(0)29	(0)30	2.73445	-0.131465	-33.0479	-35.8396	68.4048	0.	-0.55637	0.830935	0.	-0.55637	0.830935	0.	-4.93818	-4.86133	-33.8051	100.	98.2856	0	-1	
6.10096	60.543	340	0	(0)30	(0)32	(0)31	(0)30	(0)31	2.74753	2.79544e-002	-33.0479	-36.1084	68.7809	0.	-0.555521	0.831503	0.	-0.555521	0.831503	0.	3.51393	3.54573	-33.7466	100.	100.762	0	-1	
6.1212	49.4072	341	0	(0)30	(0)32	(0)32	(0)30	(0)31	2.76641	-4.71235e-002	-33.0479	-36.3761	69.1575	0.	-0.554431	0.83223	0.	-0.554431	0.83223	0.	4.50468	3.70939	-33.6715	100.	82.181	0	-1	
6.13854	57.6629	342	0	(0)30	(0)32	(0)32	(0)30	(0)31	2.77959	-0.117638	-33.0479	-36.6434	69.5344	0.	-0.553406	0.832912	0.	-0.553406	0.832912	0.	4.23087	4.06607	-33.601	100.	95.9286	0	-1	
6.1584	50.3748	343	0	(0)30	(0)32	(0)32	(0)30	(0)31	2.79241	-0.183866	-33.0479	-36.9106	69.9116	0.	-0.552443	0.833551	0.	-0.552443	0.833551	0.	3.97371	3.33625	-33.5348	100.	83.8167	0	-1	
6.17547	58.5785	344	0	(0)31	(0)32	(0)32	(0)30	(0)31	2.8113	-0.115407	-33.0479	-37.1828	70.2854	0.	-0.553438	0.83289	0.	-0.553438	0.83289	0.	-4.10756	-4.01025	-33.6032	100.	97.511	0	-1	
6.1924	59.0421	345	0	(0)31	(0)33	(0)32	(0)30	(0)31	2.82413	-0.181771	-33.0479	-37.4499	70.6626	0.	-0.552473	0.833531	0.	-0.552473	0.833531	0.	3.98184	3.91827	-33.5369	100.	98.2373	0	-1	
6.20946	58.6397	346	0	(0)31	(0)33	(0)32	(0)31	(0)32	2.84299	0.192681	-33.0479	-37.7221	71.0364	0.	-0.553455	0.832879	0.	-0.553455	0.832879	0.	-4.04936	-3.95755	-33.6043	100.	97.6155	0	-1	
6.22639	59.0537	347	0	(0)31	(0)33	(0)33	(0)31	(0)32	2.86493	9.22831e-002	-33.0479	-37.9875	71.4141	0.	-0.551994	0.833848	0.	-0.551994	0.833848	0.	6.02386	5.92885	-33.5039	100.	98.1389	0	-1	
6.24335	58.9664	348	0	(0)31	(0)33	(0)33	(0)31	(0)32	2.87785	-6.40728e-003	-33.0479	-38.2524	71.7922	0.	-0.550557	0.834797	0.	-0.550557	0.834797	0.	5.92142	5.81942	-33.4053	100.	97.9997	0	-1	
6.26034	58.8596	349	0	(0)31	(0)33	(0)33	(0)31	(0)32	2.89002	-9.90033e-002	-32.5791	-38.5168	72.1708	0.	-0.549207	0.835686	0.	-0.549207	0.835686	0.	5.55576	5.45016	-33.3127	100.	97.8417	0	-1	
6.28048	49.6605	350	0	(0)32	(0)33	(0)33	(0)31	(0)32	2.9015	-0.185881	-32.1104	-38.7806	72.5498	0.	-0.54794	0.836518	0.	-0.54794	0.836518	0.	5.21268	4.3144	-33.2258	100.	82.5656	0	-1	
6.29763	58.3105	351	0	(0)32	(0)34	(0)33	(0)32	(0)33	2.91169	0.133028	-30.4697	-39.0434	72.9297	0.	-0.546749	0.837297	0.	-0.546749	0.837297	0.	4.89078	4.75306	-33.1443	100.	96.9607	0	-1	
6.31446	59.3903	352	0	(0)32	(0)34	(0)33	(0)32	(0)33	2.93086	1.73627e-002	-29.0634	-39.3033	73.3108	0.	-0.545058	0.838399	0.	-0.545058	0.838399	0.	6.93993	6.86941	-33.0286	100.	98.6357	0	-1	
6.33035	62.9401	353	0	(0)32	(0)34	(0)34	(0)32	(0)33	2.93998	-8.75004e-002	-27.4227	-39.5623	73.6928	0.	-0.543522	0.839395	0.	-0.543522	0.839395	0.	6.29179	6.60009	-32.9237	100.	104.566	0	-1	
6.34646	62.0686	354	0	(0)32	(0)34	(0)34	(0)32	(0)33	2.94776	-0.18257	-25.5477	-39.8203	74.0756	0.	-0.542129	0.840295	0.	-0.542129	0.840295	0.	5.70418	5.90084	-32.8287	100.	103.149	0	-1	
6.36336	59.1623	355	0	(0)32	(0)34	(0)34	(0)32	(0)33	2.95329	-0.28577	-23.4382	-40.0764	74.4595	0.	-0.540614	0.841271	0.	-0.540614	0.841271	0.	6.19199	6.10554	-32.7255	100.	98.2881	0	-1	
6.37943	62.2459	356	0	(0)33	(0)34	(0)34	(0)32	(0)33	2.96753	-0.170132	-21.0944	-40.3396	74.8386	0.	-0.542311	0.840178	0.	-0.542311	0.840178	0.	-6.93829	-7.19801	-32.8411	100.	103.424	0	-1	
6.39636	59.0821	357	0	(0)33	(0)35	(0)34	(0)33	(0)34	2.97047	0.225736	-18.2818	-40.5935	75.2239	0.	-0.540785	0.841161	0.	-0.540785	0.841161	0.	6.23888	6.14344	-32.7371	100.	98.1453	0	-1	
6.41349	58.3577	358	0	(0)33	(0)35	(0)35	(0)33	(0)34	2.98593	7.8248e-002	-15.7036	-40.8434	75.611	0.	-0.538618	0.84255	0.	-0.538618	0.84255	0.	8.84927	8.60705	-32.5896	100.	96.8014	0	-1	
6.43047	58.9004	359	0	(0)33	(0)35	(0)35	(0)33	(0)34	2.98665	-5.52148e-002	-12.891	-41.0917	75.9994	0.	-0.536654	0.843802	0.	-0.536654	0.843802	0.	8.00777	7.86101	-32.4562	100.	97.7458	0	-1	
6.4474	59.0515	360	0	(0)33	(0)35	(0)35	(0)33	(0)34	2.98534	-0.175986	-9.84405	-41.3385	76.389	0.	-0.534875	0.844931	0.	-0.534875	0.844931	0.	7.2463	7.13175	-32.3354	100.	98.0372	0	-1	
6.46443	58.7218	361	0	(0)34	(0)35	(0)35	(0)33	(0)34	2.98242	-0.285274	-7.50023	-41.584	76.7796	0.	-0.533262	0.84595	0.	-0.533262	0.84595	0.	6.55723	6.41755	-32.2261	100.	97.5264	0	-1	
6.4815	58.6013	362	0	(0)34	(0)36	(0)35	(0)33	(0)35	2.98579	0.435735	-4.21888	-41.8347	77.1668	0.	-0.534965	0.844874	0.	-0.534965	0.844874	0.	-6.92451	-6.76309	-32.3415	100.	97.3138	0	-1	
6.49851	58.7906	363	0	(0)34	(0)36	(0)36	(0)34	(0)35	2.99155	0.213916	-2.81259	-42.0714	77.5609	0.	-0.53169	0.846939	0.	-0.53169	0.846939	0.	13.3092	13.0409	-32.1197	100.	97.3107	0	-1	
6.51539	59.2247	364	0	(0)34	(0)36	(0)36	(0)34	(0)35	2.98482	4.16864e-002	-1.87506	-42.3091	77.9553	0.	-0.529142	0.848534	0.	-0.529142	0.848534	0.	10.3338	10.2002	-31.9475	100.	98.1769	0	-1	
6.53248	58.5247	365	0	(0)34	(0)36	(0)36	(0)34	(0)35	2.97752	-0.113843	-1.17191	-42.5463	78.3503	0.	-0.526836	0.849967	0.	-0.526836	0.849967	0.	9.33175	9.1023	-31.7919	100.	97.0662	0	-1	
6.54949	58.801	366	0	(0)34	(0)36	(0)36	(0)34	(0)35	2.96971	-0.254291	-0.937529	-42.7833	78.7456	0.	-0.524751	0.851256	0.	-0.524751	0.851256	0.	8.4269	8.25851	-31.6515	100.	97.5698	0	-1	
6.56635	59.2957	367	0	(0)35	(0)37	(0)36	(0)34	(0)35	2.96144	-0.381121	-0.703146	-43.0199	79.1414	0.	-0.522866	0.852415	0.	-0.522866	0.852415	0.	7.6098	7.52047	-31.5247	100.	98.432	0	-1	
6.58352	58.2551	368	0	(0)35	(0)37	(0)36	(0)35	(0)36	2.96622	0.498328	-0.703146	-43.2674	79.5299	0.	-0.525241	0.850954	0.	-0.525241	0.850954	0.	-9.58702	-9.30821	-31.6845	100.	96.6064	0	-1	
6.60049	58.9119	369	0	(0)35	(0)37	(0)37	(0)35	(0)36	2.97635	0.235618	-0.703146	-43.4976	79.9273	0.	-0.521333	0.853353	0.	-0.521333	0.853353	0.	15.7626	15.4767	-31.4217	100.	97.392	0	-1	
6.61746	58.9213	370	0	(0)35	(0)37	(0)37	(0)35	(0)36	2.96788	2.43762e-002	-0.703146	-43.7284	80.325	0.	-0.518184	0.855269	0.	-0.518184	0.855269	0.	12.6745	12.4467	-31.2105	100.	97.5582	0	-1	
6.63342	62.6722	371	0	(0)35	(0)37	(0)37	(0)35	(0)36	2.95911	-0.158177	-0.703146	-43.9593	80.7233	0.	-0.515456	0.856916	0.	-0.515456	0.856916	0.	10.9532	11.441	-31.0279	100.	103.859	0	-1	
6.6495	62.1956	372	0	(0)36	(0)38	(0)37	(0)35	(0)36	2.94977	-0.322654	-0.703146	-44.1897	81.1221	0.	-0.512994	0.858392	0.	-0.512994	0.858392	0.	9.86862	10.2297	-30.8635	100.	103.126	0	-1	
6.6655	62.496	373	0	(0)36	(0)38	(0)37	(0)35	(0)37	2.9399	0.37179	-0.703146	-44.4198	81.5213	0.	-0.510772	0.859716	0.	-0.510772	0.859716	0.	8.89143	9.26131	-30.7153	100.	103.676	0	-1	
6.68252	58.7375	374	0	(0)36	(0)38	(0)38	(0)36	(0)37	2.94969	0.101824	-0.703146	-44.6429	81.9227	0.	-0.506716	0.862113	0.	-0.506716	0.862113	0.	16.1979	15.8571	-30.4453	100.	97.0827	0	-1	
6.69946	59.0515	375	0	(0)36	(0)38	(0)38	(0)36	(0)37	2.93992	-0.114091	-0.703146	-44.8667	82.3244	0.	-0.503463	0.864017	0.	-0.503463	0.864017	0.	12.9549	12.7501	-30.2294	100.	97.76	0	-1	
6.71644	58.8658	376	0	(0)36	(0)38	(0)38	(0)36	(0)37	2.92914	-0.315094	-0.703146	-45.0897	82.7268	0.	-0.500429	0.865778	0.	-0.500429	0.865778	0.	12.0602	11.8322	-30.0284	100.	97.4965	0	-1	
6.73343	58.8721	377	0	(0)37	(0)39	(0)38	(0)36	(0)37	2.91774	-0.495742	-0.703146	-45.3124	83.1297	0.	-0.497697	0.867351	0.	-0.497697	0.867351	0.	10.8389	10.6352	-29.8477	100.	97.5673	0	-1	
6.74944	62.4689	378	0	(0)37	(0)39	(0)38	(0)36	(0)38	2.92421	0.693705	-0.703146	-45.5503	83.5233	0.	-0.500916	0.865496	0.	-0.500916	0.865496	0.	-12.771	-13.2966	-30.0606	100.	103.427	0	-1	
6.76742	55.6118	379	0	(0)37	(0)39	(0)39	(0)37	(0)38	2.93284	0.321575	-0.703146	-45.7636	83.9283	0.	-0.495284	0.868731	0.	-0.495284	0.868731	0.	22.3278	20.6948	-29.6885	100.	91.6421	0	-1	
6.78447	58.6688	380	0	(0)37	(0)39	(0)39	(0)37	(0)38	2.9209	2.56968e-002	-0.703146	-45.9781	84.3338	0.	-0.490791	0.871277	0.	-0.490791	0.871277	0.	17.7527	17.3588	-29.3926	100.	96.8948	0	-1	
6.80138	59.1084	381	0	(0)37	(0)39	(0)39	(0)37	(0)38	2.90957	-0.209554	-0.703146	-46.1935	84.7398	0.	-0.48721	0.873285	0.	-0.48721	0.873285	0.	14.115	13.9053	-29.1573	100.	97.7972	0	-1	
6.81748	62.107	382	0	(0)37	(0)40	(0)39	(0)37	(0)38	2.89671	-0.437256	-0.703146	-46.4077	85.1466	0.	-0.483735	0.875214	0.	-0.483735	0.875214	0.	13.6621	14.1419	-28.9296	100.	102.782	0	-1	
6.8397	45.022	383	0	(0)38	(0)40	(0)39	(0)37	(0)39	2.88319	0.481044	-0.703146	-46.6214	85.5539	0.	-0.480615	0.876932	0.	-0.480615	0.876932	0.	12.2452	9.18837	-28.7256	100.	74.5607	0	-1	
6.85742	56.4283	384	0	(0)38	(0)40	(0)40	(0)38	(0)39	2.89201	0.110653	-0.703146	-46.8253	85.9638	0.	-0.474936	0.880021	0.	-0.474936	0.880021	0.	22.2235	20.9005	-28.3552	100.	92.9923	0	-1	
6.87448	58.5972	385	0	(0)38	(0)40	(0)40	(0)38	(0)39	2.87854	-0.181954	-0.703146	-47.0305	86.3742	0.	-0.470435	0.882435	0.	-0.470435	0.882435	0.	17.5564	17.1459	-28.0626	100.	96.7859	0	-1	
6.89139	59.1401	386	0	(0)38	(0)40	(0)40	(0)38	(0)39	2.86574	-0.413112	-0.703146	-47.2366	86.785	0.	-0.466871	0.884325	0.	-0.466871	0.884325	0.	13.8695	13.6707	-27.8314	100.	97.8616	0	-1	
6.90748	62.1513	387	0	(0)38	(0)41	(0)40	(0)38	(0)39	2.85028	-0.66078	-0.703146	-47.4403	87.1968	0.	-0.463044	0.886335	0.	-0.463044	0.886335	0.	14.8601	15.3929	-27.5837	100.	102.794	0	-1	
6.9245	58.7729	388	0	(0)39	(0)41	(0)40	(0)38	(0)40	2.85918	0.911158	-0.703146	-47.6652	87.5967	0.	-0.467513	0.883986	0.	-0.467513	0.883986	0.	-17.3555	-17.0006	-27.873	100.	97.0857	0	-1	
6.94148	58.8742	389	0	(0)39	(0)41	(0)41	(0)39	(0)40	2.86725	0.400354	-0.703146	-47.856	88.0109	0.	-0.459614	0.888119	0.	-0.459614	0.888119	0.	30.6482	30.0732	-27.3622	100.	96.6398	0	-1	
6.95838	59.1612	390	0	(0)39	(0)41	(0)41	(0)39	(0)40	2.85079	-3.61599e-004	-0.703146	-48.0485	88.4258	0.	-0.453391	0.891312	0.	-0.453391	0.891312	0.	24.0429	23.7068	-26.9615	100.	97.4112	0	-1	
6.97546	58.5475	391	0	(0)39	(0)41	(0)41	(0)39	(0)40	2.83536	-0.314715	-0.703146	-48.2425	88.8412	0.	-0.448494	0.893786	0.	-0.448494	0.893786	0.	18.8612	18.4046	-26.6471	100.	96.642	0	-1	
6.99249	58.7354	392	0	(0)39	(0)42	(0)41	(0)39	(0)40	2.82074	-0.561318	-0.703146	-48.4377	89.2571	0.	-0.444643	0.895708	0.	-0.444643	0.895708	0.	14.7962	14.4843	-26.4005	100.	97.1469	0	-1	
7.00941	59.1032	393	0	(0)40	(0)42	(0)42	(0)39	(0)41	2.80259	0.619198	-0.703146	-48.6295	89.6741	0.	-0.440285	0.897858	0.	-0.440285	0.897858	0.	16.7052	16.4555	-26.1221	100.	97.6626	0	-1	
7.02652	58.4308	394	0	(0)40	(0)42	(0)42	(0)40	(0)41	2.81269	0.116359	-0.703146	-48.8079	90.0939	0.	-0.432389	0.901687	0.	-0.432389	0.901687	0.	30.1703	29.3813	-25.6193	100.	95.933	0	-1	
7.04345	59.0705	395	0	(0)40	(0)42	(0)42	(0)40	(0)41	2.79442	-0.275129	-0.703146	-48.9882	90.5143	0.	-0.426218	0.904621	0.	-0.426218	0.904621	0.	23.4893	23.1254	-25.2278	100.	97.2875	0	-1	
7.06048	58.7385	396	0	(0)40	(0)42	(0)42	(0)40	(0)41	2.77726	-0.579924	-0.703146	-49.17	90.9354	0.	-0.421399	0.906875	0.	-0.421399	0.906875	0.	18.2877	17.9032	-24.923	100.	96.9845	0	-1	
7.07745	58.9224	397	0	(0)40	(0)43	(0)42	(0)40	(0)41	2.78497	-0.328099	-0.703146	-49.3747	91.3466	0.	-0.425381	0.905014	0.	-0.425381	0.905014	0.	-15.1095	-14.8381	-25.1748	100.	97.441	0	-1	
7.09338	62.7707	398	0	(0)41	(0)43	(0)43	(0)40	(0)42	2.76797	1.03036	-0.703146	-49.5568	91.7677	0.	-0.420747	0.907178	0.	-0.420747	0.907178	0.	17.5839	18.3959	-24.8817	100.	103.678	0	-1	
7.11052	58.33	399	0	(0)41	(0)43	(0)43	(0)41	(0)42	2.78027	0.387774	-0.703146	-49.7189	92.1922	0.	-0.410546	0.91184	0.	-0.410546	0.91184	0.	38.555	37.4819	-24.2391	100.	95.4072	0	-1	
7.1274	59.2575	400	0	(0)41	(0)43	(0)43	(0)41	(0)42	2.75901	-0.108564	-0.703146	-49.8837	92.6175	0.	-0.402632	0.915362	0.	-0.402632	0.915362	0.	29.7803	29.4118	-23.7428	100.	97.3078	0	-1	
7.1445	58.4659	401	0	(0)41	(0)44	(0)43	(0)41	(0)42	2.73934	-0.491941	-0.703146	-50.0506	93.0436	0.	-0.396498	0.918036	0.	-0.396498	0.918036	0.	23.0026	22.4144	-23.3594	100.	96.3141	0	-1	
7.16144	59.0494	402	0	(0)42	(0)44	(0)44	(0)41	(0)43	2.72088	1.00501	-0.703146	-50.2191	93.4703	0.	-0.391748	0.920073	0.	-0.391748	0.920073	0.	17.7675	17.486	-23.0633	100.	97.5228	0	-1	
7.17851	58.591	403	0	(0)42	(0)44	(0)44	(0)42	(0)43	2.724	0.339806	-0.703146	-50.3665	93.8998	0.	-0.38104	0.924559	0.	-0.38104	0.924559	0.	39.9122	38.9749	-22.3981	100.	95.7773	0	-1	
7.19537	59.2819	404	0	(0)42	(0)44	(0)44	(0)42	(0)43	2.70171	-0.169952	-0.703146	-50.5169	94.3302	0.	-0.372799	0.927912	0.	-0.372799	0.927912	0.	30.5855	30.2195	-21.8883	100.	97.3118	0	-1	
7.21243	58.6491	405	0	(0)42	(0)44	(0)44	(0)42	(0)43	2.6812	-0.560591	-0.703146	-50.6695	94.7615	0.	-0.366464	0.930432	0.	-0.366464	0.930432	0.	23.4383	22.9106	-21.4977	100.	96.5958	0	-1	
7.22943	58.8115	406	0	(0)42	(0)45	(0)44	(0)42	(0)43	2.66203	-0.859945	-0.703146	-50.8239	95.1935	0.	-0.361598	0.932334	0.	-0.361598	0.932334	0.	17.9613	17.6055	-21.1984	100.	97.1205	0	-1	
7.24646	58.7177	407	0	(0)43	(0)45	(0)45	(0)42	(0)44	2.67387	1.36316	-0.703146	-51.0067	95.613	0.	-0.367797	0.929906	0.	-0.367797	0.929906	0.	-22.8881	-22.3989	-21.5798	100.	96.7342	0	-1	
7.26354	58.5568	408	0	(0)43	(0)45	(0)45	(0)43	(0)44	2.68365	0.654826	-0.703146	-51.1407	96.0463	0.	-0.356273	0.934382	0.	-0.356273	0.934382	0.	42.5	41.4777	-20.8715	100.	95.6146	0	-1	
7.28049	58.9748	409	0	(0)43	(0)45	(0)45	(0)43	(0)44	2.65907	4.75605e-002	-0.703146	-51.2746	96.481	0.	-0.34635	0.938105	0.	-0.34635	0.938105	0.	36.4359	35.8134	-20.2642	100.	96.5522	0	-1	
7.29751	58.7729	410	0	(0)43	(0)46	(0)45	(0)43	(0)44	2.63681	-0.41417	-0.703146	-51.4113	96.9166	0.	-0.338779	0.940866	0.	-0.338779	0.940866	0.	27.7039	27.1373	-19.8025	100.	96.605	0	-1	
7.32936	31.3976	411	0	(0)44	(0)46	(0)46	(0)43	(0)45	2.61628	1.11384	-0.703146	-51.5501	97.3531	0.	-0.333007	0.942924	0.	-0.333007	0.942924	0.	21.0645	11.0229	-19.4514	100.	51.7712	0	-1	
7.34636	58.8031	412	0	(0)44	(0)46	(0)46	(0)44	(0)45	2.61667	0.405502	-0.703146	-51.668	97.7911	0.	-0.321325	0.946969	0.	-0.321325	0.946969	0.	42.5	41.6522	-18.7431	100.	96.0168	0	-1	
7.36809	46.0342	413	0	(0)44	(0)46	(0)46	(0)44	(0)45	2.59201	-0.163004	-0.703146	-51.7876	98.2303	0.	-0.311913	0.950111	0.	-0.311913	0.950111	0.	34.1104	26.1707	-18.1746	100.	75.4445	0	-1	
7.38437	61.4299	414	0	(0)44	(0)47	(0)46	(0)44	(0)45	2.56968	-0.591953	-0.703146	-51.91	98.6706	0.	-0.304792	0.952419	0.	-0.304792	0.952419	0.	25.7369	26.3503	-17.7456	100.	101.066	0	-1	
7.40041	62.3337	415	0	(0)44	(0)47	(0)47	(0)44	(0)46	2.54907	0.994786	-0.703146	-52.0345	99.1118	0.	-0.299407	0.954126	0.	-0.299407	0.954126	0.	19.419	20.1743	-17.422	100.	102.864	0	-1	
7.41635	62.7078	416	0	(0)45	(0)47	(0)47	(0)44	(0)46	2.54243	0.286453	-0.703146	-52.1368	99.5537	0.	-0.287589	0.957754	0.	-0.287589	0.957754	0.	42.5	44.418	-16.7136	100.	102.392	0	-1	
7.43337	58.7718	417	0	(0)45	(0)47	(0)47	(0)45	(0)46	2.51735	-0.271536	-0.703146	-52.2414	99.9969	0.	-0.278248	0.960509	0.	-0.278248	0.960509	0.	33.4793	32.794	-16.1557	100.	96.3474	0	-1	
7.491	17.3529	418	0	(0)45	(0)48	(0)47	(0)45	(0)46	2.49469	-0.689402	-0.703146	-52.3488	100.441	0.	-0.271235	0.962513	0.	-0.271235	0.962513	0.	25.0719	7.25119	-15.7378	100.	28.5584	0	-1	
7.50844	57.3247	419	0	(0)45	(0)48	(0)48	(0)45	(0)46	2.47383	-1.00233	-0.703146	-52.4583	100.887	0.	-0.265974	0.96398	0.	-0.265974	0.96398	0.	18.7758	17.9386	-15.4249	100.	94.6275	0	-1	
7.52543	58.8501	420	0	(0)46	(0)48	(0)48	(0)45	(0)47	2.48735	1.3697	-0.703146	-52.5973	101.31	0.	-0.273311	0.961926	0.	-0.273311	0.961926	0.	-26.1908	-25.6889	-15.8614	97.6592	94.5065	0	-1	
7.54241	58.9161	421	0	(0)46	(0)48	(0)48	(0)46	(0)47	2.4936	0.66137	-0.703146	-52.6791	101.723	0.	-0.261398	0.965231	0.	-0.261398	0.965231	0.	42.5	41.7322	-15.153	92.9716	89.3151	0	-1	
7.55946	58.647	422	0	(0)46	(0)49	(0)48	(0)46	(0)47	2.47024	7.96462e-002	-0.703146	-52.7548	102.11	0.	-0.251585	0.967835	0.	-0.251585	0.967835	0.	34.9035	34.1164	-14.5713	86.7214	83.1227	0	-1	
7.57648	58.7312	423	0	(0)46	(0)49	(0)49	(0)46	(0)47	2.4504	-0.348211	-0.703146	-52.829	102.476	0.	-0.244351	0.969687	0.	-0.244351	0.969687	0.	25.6714	25.1286	-14.1435	82.0338	79.0582	0	-1	
7.59352	58.7125	424	0	(0)46	(0)49	(0)49	(0)46	(0)48	2.43588	1.33176	-0.703146	-52.8908	102.774	0.	-0.23972	0.970842	0.	-0.23972	0.970842	0.	16.4082	16.0561	-13.87	66.4083	64.1753	0	-1	
7.6105	58.8815	425	0	(0)46	(0)49	(0)49	(0)46	(0)48	2.43455	0.819667	-0.703146	-52.9322	103.039	0.	-0.231033	0.972946	0.	-0.231033	0.972946	0.	30.7253	30.1526	-13.3579	59.3768	56.8547	0	-1	
7.62748	58.9046	426	0	(0)47	(0)49	(0)49	(0)46	(0)48	2.42139	0.455443	-0.703146	-52.9684	103.262	0.	-0.224844	0.974395	0.	-0.224844	0.974395	0.	21.8534	21.4544	-12.9937	50.0015	48.0576	0	-1	
7.64455	58.5713	427	0	(0)47	(0)49	(0)49	(0)47	(0)48	2.41022	0.168558	-0.703146	-53.0022	103.465	0.	-0.219962	0.975508	0.	-0.219962	0.975508	0.	17.2131	16.8032	-12.7068	45.3139	43.4148	0	-1	
7.66153	58.8763	428	0	(0)47	(0)49	(0)49	(0)47	(0)48	2.40247	-1.891e-002	-0.703146	-53.0278	103.616	0.	-0.216769	0.976223	0.	-0.216769	0.976223	0.	11.2481	11.0374	-12.5193	33.5948	32.4198	0	-1	
7.67848	59.0063	429	0	(0)47	(0)49	(0)49	(0)47	(0)48	2.39786	-0.126274	-0.703146	-53.0441	103.711	0.	-0.214939	0.976627	0.	-0.214939	0.976627	0.	6.44181	6.33513	-12.412	21.0944	20.429	0	-1	
7.69446	62.5928	430	0	(0)47	(0)49	(0)49	(0)47	(0)48	2.39554	-0.17887	-0.703146	-53.0527	103.76	0.	-0.214043	0.976824	0.	-0.214043	0.976824	0.	3.1558	3.29218	-12.3594	10.9378	11.2454	0	-1	
7.7114	59.0389	431	0	(0)47	(0)49	(0)49	(0)47	(0)48	2.39554	-0.17887	-0.703146	-53.0527	103.76	0.	-0.214043	0.976824	0.	-0.214043	0.976824	0.	0.	0.	-12.3594	0.	0.	0	-1	
7.7275	62.0803	432	0	(0)47	(0)49	(0)49	(0)47	(0)48	2.39554	-0.17887	-0.703146	-53.0527	103.76	0.	-0.214043	0.976824	0.	-0.214043	0.976824	0.	0.	0.	-12.3594	0.	0.	0	-1	
7.7445	58.8251	433	0	(0)47	(0)49	(0)49	(0)47	(0)48	2.39554	-0.17887	-0.703146	-53.0527	103.76	0.	-0.214043	0.976824	0.	-0.214043	0.976824	0.	0.	0.	-12.3594	0.	0.	0	-1	
7.76145	59.0189	434	0	(0)47	(0)49	(0)49	(0)47	(0)48	2.39554	-0.17887	-0.703146	-53.0527	103.76	0.	-0.214043	0.976824	0.	-0.214043	0.976824	0.	0.	0.	-12.3594	0.	0.	0	-1	
7.77851	58.6055	435	0	(0)47	(0)49	(0)49	(0)47	(0)48	2.39554	-0.17887	-0.703146	-53.0527	103.76	0.	-0.214043	0.976824	0.	-0.214043	0.976824	0.	0.	0.	-12.3594	0.	0.	0	-1	
7.79552	58.7969	436	0	(0)47	(0)49	(0)49	(0)47	(0)48	2.39554	-0.17887	-0.703146	-53.0527	103.76	0.	-0.214043	0.976824	0.	-0.214043	0.976824	0.	0.	0.	-12.3594	0.	0.	0	-1	
7.81252	58.8104	437	0	(0)47	(0)49	(0)49	(0)47	(0)48	2.39554	-0.17887	-0.703146	-53.0527	103.76	0.	-0.214043	0.976824	0.	-0.214043	0.976824	0.	0.	0.	-12.3594	0.	0.	0	-1	
7.82949	58.9517	438	0	(0)47	(0)49	(0)49	(0)47	(0)48	2.39554	-0.17887	-0.703146	-53.0527	103.76	0.	-0.214043	0.976824	0.	-0.214043	0.976824	0.	0.	0.	-12.3594	0.	0.	0	-1	
7.84649	58.7937	439	0	(0)47	(0)49	(0)49	(0)47	(0)48	2.39554	-0.17887	-0.703146	-53.0527	103.76	0.	-0.214043	0.976824	0.	-0.214043	0.976824	0.	0.	0.	-12.3594	0.	0.	0	-1	
7.86343	59.0337	440	0	(0)47	(0)49	(0)49	(0)47	(0)48	2.39554	-0.17887	-0.703146	-53.0527	103.76	0.	-0.214043	0.976824	0.	-0.214043	0.976824	0.	0.	0.	-12.3594	0.	0.	0	-1	
7.87954	62.0686	441	0	(0)47	(0)49	(0)49	(0)47	(0)48	2.39554	-0.17887	-0.703146	-53.0527	103.76	0.	-0.214043	0.976824	0.	-0.214043	0.976824	0.	0.	0.	-12.3594	0.	0.	0	-1	
7.89643	59.2342	442	0	(0)47	(0)49	(0)49	(0)47	(0)48	2.39554	-0.17887	-0.703146	-53.0527	103.76	0.	-0.214043	0.976824	0.	-0.214043	0.976824	0.	0.	0.	-12.3594	0.	0.	0	-1	
7.91346	58.6927	443	0	(0)47	(0)49	(0)49	(0)47	(0)48	2.39554	-0.17887	-0.703146	-53.0527	103.76	0.	-0.214043	0.976824	0.	-0.214043	0.976824	0.	0.	0.	-12.3594	0.	0.	0	-1	
7.93048	58.7781	444	0	(0)47	(0)49	(0)49	(0)47	(0)48	2.39554	-0.17887	-0.703146	-53.0527	103.76	0.	-0.214043	0.976824	0.	-0.214043	0.976824	0.	0.	0.	-12.3594	0.	0.	0	-1	
7.94639	62.8326	445	0	(0)47	(0)49	(0)49	(0)47	(0)48	2.39554	-0.17887	-0.703146	-53.0527	103.76	0.	-0.214043	0.976824	0.	-0.214043	0.976824	0.	0.	0.	-12.3594	0.	0.	0	-1	
7.96348	58.5299	446	0	(0)47	(0)49	(0)49	(0)47	(0)48	2.39554	-0.17887	-0.703146	-53.0527	103.76	0.	-0.214043	0.976824	0.	-0.214043	0.976824	0.	0.	0.	-12.3594	0.	0.	0	-1	
7.98053	58.6304	447	0	(0)47	(0)49	(0)49	(0)47	(0)48	2.39554	-0.17887	-0.703146	-53.0527	103.76	0.	-0.214043	0.976824	0.	-0.214043	0.976824	0.	0.	0.	-12.3594	0.	0.	0	-1	
7.99748	59.0263	448	0	(0)47	(0)49	(0)49	(0)47	(0)48	2.39554	-0.17887	-0.703146	-53.0527	103.76	0.	-0.214043	0.976824	0.	-0.214043	0.976824	0.	0.	0.	-12.3594	0.	0.	0	-1	
8.01452	58.6875	449	0	(0)47	(0)49	(0)49	(0)47	(0)48	2.39554	-0.17887	-0.703146	-53.0527	103.76	0.	-0.214043	0.976824	0.	-0.214043	0.976824	0.	0.	0.	-12.3594	0.	0.	0	-1	

