Time	FPS	Frame	Crash	RB	RU	LU	LB	OC	Dither	DAngle	swAngle	OX	OY	OZ	HX	HY	HZ	HA	AccumulativeHeading(Y)	Speed	Dynamic
3.04867e-004	3280.12	1	0	1	29	29	1	14	2.8125	0.	0.	-2.8125	0.	0.	0.	1.	0.	0.	0.	0.	0	
0.310345	3.22539	2	0	1	29	29	1	14	2.8125	0.	0.	-2.8125	0.	0.	0.	1.	0.	0.	0.	0.	0	
0.355055	22.3662	3	0	1	29	29	1	14	2.8125	0.	0.	-2.8125	0.	0.	0.	1.	0.	0.	0.	0.	0	
0.380336	39.5558	4	0	1	29	29	1	14	2.8125	0.	0.	-2.8125	0.	0.	0.	1.	0.	0.	0.	0.	0	
0.415049	28.8077	5	0	1	29	29	1	14	2.8125	0.	0.	-2.8125	0.	0.	0.	1.	0.	0.	0.	0.	0	
0.431462	60.9272	6	0	1	29	29	1	14	2.8125	0.	0.	-2.8125	0.	0.	0.	1.	0.	0.	0.	0.	0	
0.448194	59.7655	7	0	1	29	29	1	14	2.8125	0.	0.	-2.8125	0.	0.	0.	1.	0.	0.	0.	0.	0	
0.465627	57.3616	8	0	1	29	29	1	14	2.8125	0.	0.	-2.8125	0.	0.	0.	1.	0.	0.	0.	0.	0	
0.483936	54.6173	9	0	1	29	29	1	14	2.8125	0.	0.	-2.8125	0.	0.	0.	1.	0.	0.	0.	0.	0	
0.501491	56.9661	10	0	1	29	29	1	14	2.8125	0.	0.	-2.8125	0.	0.	0.	1.	0.	0.	0.	0.	0	
0.518487	58.8378	11	0	1	29	29	1	14	2.8125	0.	0.	-2.8125	0.	0.	0.	1.	0.	0.	0.	0.	0	
0.534464	62.5894	12	0	1	29	29	1	14	2.8125	0.	0.	-2.8125	0.	0.	0.	1.	0.	0.	0.	0.	0	
0.551467	58.8106	13	0	1	29	29	1	14	2.8125	0.	0.	-2.8125	0.	0.	0.	1.	0.	0.	0.	0.	0	
0.567464	62.5126	14	0	1	29	29	1	14	2.8125	0.	0.	-2.8125	0.	0.	0.	1.	0.	0.	0.	0.	0	
0.584497	58.7095	15	0	1	29	29	1	14	2.8125	0.	0.	-2.8125	0.	0.	0.	1.	0.	0.	0.	0.	0	
0.602033	57.0259	16	0	1	29	29	1	14	2.8125	0.	0.	-2.8125	0.	0.	0.	1.	0.	0.	0.	0.	0	
0.619513	57.21	17	0	1	29	29	1	14	2.8125	0.	0.	-2.8125	0.	0.	0.	1.	0.	0.	0.	0.	0	
0.685127	15.2405	18	0	1	29	29	1	14	2.8125	0.	0.	-2.8125	0.	0.	0.	1.	0.	0.	0.	0.	0	
0.701477	61.1612	19	0	1	29	29	1	14	2.8125	0.	0.	-2.8125	0.	0.	0.	1.	0.	0.	0.	0.	0	
0.719563	55.2927	20	0	1	29	29	1	14	2.8125	0.	0.	-2.8125	0.	0.	0.	1.	0.	0.	0.	0.	0	
0.736476	59.1276	21	0	1	29	29	1	14	2.8125	0.	0.	-2.8125	0.	0.	0.	1.	0.	0.	0.	0.	0	
0.753355	59.2428	22	0	1	29	29	1	14	2.8125	0.	0.	-2.8125	0.	0.	0.	1.	0.	0.	0.	0.	0	
0.770513	58.2819	23	0	1	29	29	1	14	2.8125	0.	0.	-2.8125	0.	0.	0.	1.	0.	0.	0.	0.	0	
0.788125	56.7815	24	0	1	29	29	1	14	2.8125	0.	0.	-2.8125	0.	0.	0.	1.	0.	0.	0.	0.	0	
0.804499	61.0721	25	0	1	29	29	1	14	2.8125	0.	0.	-2.8125	0.	0.	0.	1.	0.	0.	0.	0.	0	
0.821773	57.8878	26	0	1	29	29	1	14	2.8125	0.	0.	-2.8125	0.	0.	0.	1.	0.	0.	0.	0.	0	
0.838497	59.7978	27	0	1	29	29	1	14	2.8125	0.	0.	-2.8125	0.	0.	0.	1.	0.	0.	0.	0.	0	
0.856833	54.5372	28	0	1	29	29	1	14	2.8125	0.	0.	-2.8125	0.	0.	0.	1.	0.	0.	0.	0.	0	
0.873513	59.9493	29	0	1	29	29	1	14	2.8125	0.	0.	-2.8125	0.	0.	0.	1.	0.	0.	0.	0.	0	
0.891264	56.3345	30	0	1	29	29	1	14	2.8125	0.	0.	-2.8125	0.	0.	0.	1.	0.	0.	0.	0.	0	
0.912399	47.3166	31	0	1	29	29	1	14	2.8125	0.	0.	-2.8125	0.	0.	0.	1.	0.	0.	0.	0.	0	
0.931313	52.8705	32	0	1	29	29	1	14	2.8125	0.	0.	-2.8125	0.	0.	0.	1.	0.	0.	0.	0.	0	
0.948213	59.1709	33	0	1	29	29	1	14	2.8125	0.	0.	-2.8125	0.	0.	0.	1.	0.	0.	0.	0.	0	
0.965748	57.0298	34	0	1	29	29	1	14	2.8125	0.	0.	-2.8125	0.	0.	0.	1.	0.	0.	0.	0.	0	
0.983501	56.3287	35	0	1	29	29	1	14	2.8125	0.	0.	-2.8125	0.	0.	0.	1.	0.	0.	0.	0.	0	
1.00049	58.8451	36	0	1	29	29	1	14	2.8125	0.	0.	-2.8125	0.	0.	0.	1.	0.	0.	0.	0.	0	
1.0175	58.8116	37	0	1	29	29	1	14	2.8125	0.	0.	-2.8125	0.	0.	0.	1.	0.	0.	0.	0.	0	
1.0345	58.8231	38	0	1	29	29	1	14	2.8125	0.	0.	-2.8125	0.	0.	0.	1.	0.	0.	0.	0.	0	
1.0505	62.4879	39	0	1	29	29	1	14	2.8125	0.	0.	-2.8125	0.	0.	0.	1.	0.	0.	0.	0.	0	
1.06749	58.8597	40	0	1	29	29	1	14	2.8125	0.	0.	-2.8125	0.	0.	0.	1.	0.	0.	0.	0.	0	
1.08347	62.5657	41	0	1	29	29	1	14	2.8125	0.	0.	-2.8125	0.	0.	0.	1.	0.	0.	0.	0.	0	
1.10049	58.7772	42	0	1	29	29	1	14	2.8125	0.	0.	-2.8125	0.	0.	0.	1.	0.	0.	0.	0.	0	
1.11748	58.8587	43	0	1	29	29	1	14	2.8125	0.	0.	-2.8125	0.	0.	0.	1.	0.	0.	0.	0.	0	
1.13349	62.4584	44	0	1	29	29	1	14	2.8125	0.	0.	-2.8125	0.	0.	0.	1.	0.	0.	0.	0.	0	
1.15028	59.541	45	0	1	29	29	1	14	2.8125	0.	0.	-2.8125	0.	0.	0.	1.	0.	0.	0.	0.	0	
1.16749	58.1224	46	0	1	29	29	1	14	2.8125	0.	0.	-2.8125	0.	0.	0.	1.	0.	0.	0.	0.	0	
1.18348	62.5504	47	0	1	29	29	1	14	2.8125	0.	0.	-2.8125	0.	0.	0.	1.	0.	0.	0.	0.	0	
1.19948	62.4867	48	0	1	29	29	1	14	2.8125	0.	0.	-2.8125	0.	0.	0.	1.	0.	0.	0.	0.	0	
1.21548	62.4914	49	0	1	29	29	1	14	2.8125	0.	0.	-2.8125	0.	0.	0.	1.	0.	0.	0.	0.	0	
1.23379	54.6029	50	0	1	29	29	1	14	2.8125	0.	0.	-2.8125	0.	0.	0.	1.	0.	0.	0.	0.	0	
1.25048	59.945	51	0	1	29	29	1	14	2.8125	0.	0.	-2.8125	0.	0.	0.	1.	0.	0.	0.	0.	0	
1.26648	62.4902	52	0	1	29	29	1	14	2.8125	0.	0.	-2.8125	0.	0.	0.	1.	0.	0.	0.	0.	0	
1.28319	59.8248	53	0	1	29	29	1	14	2.8125	0.	0.	-2.8125	0.	0.	0.	1.	0.	0.	0.	0.	0	
1.2995	61.3288	54	0	1	29	29	1	14	2.8125	0.	0.	-2.8125	0.	0.	0.	1.	0.	0.	0.	0.	0	
1.3165	58.8221	55	0	1	29	29	1	14	2.8125	0.	0.	-2.8125	0.	0.	0.	1.	0.	0.	0.	0.	0	
1.33249	62.5268	56	0	1	29	29	1	14	2.8125	0.	0.	-2.8125	0.	0.	0.	1.	0.	0.	0.	0.	0	
1.34951	58.7793	57	0	1	29	29	1	14	2.8125	0.	0.	-2.8125	0.	0.	0.	1.	0.	0.	0.	0.	0	
1.36648	58.9246	58	0	1	29	29	1	14	2.8125	0.	0.	-2.8125	0.	0.	0.	1.	0.	0.	0.	0.	0	
1.38248	62.4714	59	0	1	29	29	1	14	2.8125	0.	0.	-2.8125	0.	0.	0.	1.	0.	0.	0.	0.	0	
1.39961	58.3836	60	0	1	29	29	1	14	2.8125	0.	0.	-2.8125	0.	0.	0.	1.	0.	0.	0.	0.	0	
1.41735	56.3796	61	0	1	29	29	1	14	2.8125	0.	0.	-2.8125	0.	0.	0.	1.	0.	0.	0.	0.	0	
1.43348	61.9944	62	0	1	29	29	1	14	2.8125	0.	0.	-2.8125	0.	0.	0.	1.	0.	0.	0.	0.	0	
1.4495	62.4349	63	0	1	29	29	1	14	2.8125	0.	0.	-2.8125	0.	0.	0.	1.	0.	0.	0.	0.	0	
1.46717	56.5982	64	0	1	29	29	1	14	2.8125	0.	0.	-2.8125	0.	0.	0.	1.	0.	0.	0.	0.	0	
1.4845	57.6872	65	0	1	29	29	1	14	2.8125	0.	0.	-2.8125	0.	0.	0.	1.	0.	0.	0.	0.	0	
1.50149	58.8419	66	0	1	29	29	1	14	2.8125	0.	0.	-2.8125	0.	0.	0.	1.	0.	0.	0.	0.	0	
1.51852	58.7241	67	0	1	29	29	1	14	2.8125	0.	0.	-2.8125	0.	0.	0.	1.	0.	0.	0.	0.	0	
1.53549	58.954	68	0	1	29	29	1	14	2.8125	0.	0.	-2.8125	0.	0.	0.	1.	0.	0.	0.	0.	0	
1.55155	62.2706	69	0	1	30	30	1	15	2.8125	0.	0.	-2.8125	6.48148e-002	0.	0.	1.	0.	0.	0.	14.	0	
1.56855	58.8054	70	0	1	30	30	1	15	2.8125	0.	0.	-2.8125	0.12963	0.	0.	1.	0.	0.	0.	14.	0	
1.58529	59.7525	71	0	2	30	30	2	16	2.8125	0.	0.	-2.8125	0.194444	0.	0.	1.	0.	0.	0.	14.	0	
1.60251	58.0552	72	0	2	31	31	2	16	2.8125	0.	0.	-2.8125	0.259259	0.	0.	1.	0.	0.	0.	14.	0	
1.61952	58.8043	73	0	2	31	31	2	16	2.8125	0.	0.	-2.8125	0.324074	0.	0.	1.	0.	0.	0.	14.	0	
1.63648	58.9382	74	0	3	32	32	3	17	2.8125	0.	0.	-2.8125	0.453704	0.	0.	1.	0.	0.	0.	14.	0	
1.65345	58.9435	75	0	3	33	33	3	18	2.8125	0.	0.	-2.8125	0.518519	0.	0.	1.	0.	0.	0.	14.	0	
1.67048	58.7012	76	0	4	33	33	4	18	2.8125	0.	0.	-2.8125	0.583333	0.	0.	1.	0.	0.	0.	14.	0	
1.68868	54.9461	77	0	4	33	33	4	18	2.8125	0.	0.	-2.8125	0.648148	0.	0.	1.	0.	0.	0.	14.	0	
1.70554	59.3298	78	0	5	34	34	5	19	2.8125	0.	0.	-2.8125	0.712963	0.	0.	1.	0.	0.	0.	14.	0	
1.72919	42.276	79	0	5	34	34	5	19	2.8125	0.	0.	-2.8125	0.777778	0.	0.	1.	0.	0.	0.	14.	0	
1.75035	47.2599	80	0	5	35	35	5	20	2.8125	0.	0.	-2.8125	0.842593	0.	0.	1.	0.	0.	0.	14.	0	
1.76651	61.8867	81	0	6	35	35	6	20	2.8125	0.	0.	-2.8125	0.907407	0.	0.	1.	0.	0.	0.	14.	0	
1.78401	57.138	82	0	6	36	36	6	20	2.8125	0.	0.	-2.8125	0.972222	0.	0.	1.	0.	0.	0.	14.	0	
1.80149	57.2209	83	0	7	36	36	7	21	2.8125	0.	0.	-2.8125	1.03704	0.	0.	1.	0.	0.	0.	14.	0	
1.82051	52.5818	84	0	7	37	37	7	21	2.8125	0.	0.	-2.8125	1.10185	0.	0.	1.	0.	0.	0.	14.	0	
1.83749	58.8921	85	0	7	37	37	7	22	2.8125	0.	0.	-2.8125	1.16667	0.	0.	1.	0.	0.	0.	14.	0	
1.8545	58.7616	86	0	8	37	37	8	22	2.8125	0.	0.	-2.8125	1.23148	0.	0.	1.	0.	0.	0.	14.	0	
1.87151	58.8127	87	0	8	38	38	8	22	2.8125	0.	0.	-2.8125	1.2963	0.	0.	1.	0.	0.	0.	14.	0	
1.88849	58.8984	88	0	8	38	38	8	23	2.8125	0.	0.	-2.8125	1.36111	0.	0.	1.	0.	0.	0.	14.	0	
1.90553	58.6773	89	0	9	39	39	9	23	2.8125	0.	0.	-2.8125	1.42593	0.	0.	1.	0.	0.	0.	14.	0	
1.92149	62.6569	90	0	9	39	39	9	24	2.8125	0.	0.	-2.8125	1.49074	0.	0.	1.	0.	0.	0.	14.	0	
1.93851	58.7532	91	0	10	40	40	10	24	2.81247	-2.36111e-002	0.	-2.81247	1.55556	0.	4.12092e-004	1.	0.	1.41667	2.36111e-002	14.	0	
1.95449	62.5681	92	0	10	40	40	10	24	2.81242	-4.72222e-002	0.	-2.81242	1.62037	0.	8.24183e-004	1.	0.	1.41667	4.72222e-002	14.	0	
1.97152	58.7178	93	0	10	41	41	10	25	2.81234	-7.08333e-002	0.	-2.81234	1.68519	0.	1.23627e-003	0.999999	0.	1.41667	7.08333e-002	14.	0	
1.9883	59.5934	94	0	11	41	41	11	25	2.81223	-9.44444e-002	0.	-2.81223	1.75	0.	1.64837e-003	0.999999	0.	1.41667	9.44444e-002	14.	0	
2.00553	58.0389	95	0	11	41	41	11	26	2.8121	-0.118056	0.	-2.8121	1.81481	0.	2.06046e-003	0.999998	0.	1.41667	0.118056	14.	0	
2.02151	62.5953	96	0	12	42	42	12	26	2.81194	-0.141667	0.	-2.81194	1.87963	0.	2.47255e-003	0.999997	0.	1.41667	0.141667	14.	0	
2.03854	58.7116	97	0	12	42	42	12	27	2.81175	-0.165278	0.	-2.81175	1.94444	0.	2.88464e-003	0.999996	0.	1.41667	0.165278	14.	0	
2.05552	58.8963	98	0	12	43	43	12	27	2.81154	-0.188889	0.	-2.81154	2.00926	0.	3.29673e-003	0.999995	0.	1.41667	0.188889	14.	0	
2.07251	58.844	99	0	13	43	43	13	27	2.8113	-0.2125	0.	-2.8113	2.07407	0.	3.70882e-003	0.999993	0.	1.41667	0.2125	14.	0	
2.08949	58.8995	100	0	13	44	44	13	28	2.81103	-0.236111	0.	-2.81103	2.13889	0.	4.1209e-003	0.999992	0.	1.41667	0.236111	14.	0	
2.1065	58.8033	101	0	13	44	44	13	28	2.81074	-0.259722	0.	-2.81074	2.2037	0.	4.53299e-003	0.99999	0.	1.41667	0.259722	14.	0	
2.12252	62.416	102	0	14	45	45	14	29	2.81042	-0.283333	0.	-2.81042	2.26852	0.	4.94508e-003	0.999988	0.	1.41667	0.283333	14.	0	
2.13954	58.7616	103	0	14	45	45	14	29	2.81007	-0.306944	0.	-2.81007	2.33333	0.	5.35717e-003	0.999986	0.	1.41667	0.306944	14.	0	
2.15649	58.9802	104	0	15	45	45	15	30	2.8097	-0.330556	0.	-2.8097	2.39814	0.	5.76925e-003	0.999983	0.	1.41667	0.330556	14.	0	
2.1735	58.7929	105	0	15	46	46	15	30	2.80929	-0.354167	0.	-2.80929	2.46296	0.	6.18134e-003	0.999981	0.	1.41667	0.354167	14.	0	
2.1905	58.8388	106	0	15	46	46	15	30	2.80887	-0.377778	0.	-2.80887	2.52777	0.	6.59342e-003	0.999978	0.	1.41667	0.377778	14.	0	
2.2075	58.8169	107	0	16	47	47	16	31	2.80841	-0.401389	0.	-2.80841	2.59258	0.	7.0055e-003	0.999975	0.	1.41667	0.401389	14.	0	
2.22463	58.3857	108	0	16	47	47	16	31	2.80793	-0.425	0.	-2.80793	2.6574	0.	7.41758e-003	0.999972	0.	1.41667	0.425	14.	0	
2.2419	57.8878	109	0	17	48	48	17	32	2.80743	-0.448611	0.	-2.80743	2.72221	0.	7.82966e-003	0.999969	0.	1.41667	0.448611	14.	0	
2.26108	52.1514	110	0	17	48	48	17	32	2.80689	-0.472222	0.	-2.80689	2.78702	0.	8.24174e-003	0.999966	0.	1.41667	0.472222	14.	0	
2.2808	50.6849	111	0	17	49	49	17	33	2.80633	-0.495833	0.	-2.80633	2.85183	0.	8.65382e-003	0.999963	0.	1.41667	0.495833	14.	0	
2.29965	53.0585	112	0	18	49	49	18	33	2.80574	-0.519444	0.	-2.80574	2.91665	0.	9.06589e-003	0.999959	0.	1.41667	0.519444	14.	0	
2.3164	59.7051	113	0	18	50	50	18	33	2.80513	-0.543056	0.	-2.80513	2.98146	0.	9.47797e-003	0.999955	0.	1.41667	0.543056	14.	0	
2.3325	62.1293	114	0	19	50	50	19	34	2.80449	-0.566667	0.	-2.80449	3.04627	0.	9.89004e-003	0.999951	0.	1.41667	0.566667	14.	0	
2.34951	58.7689	115	0	19	51	51	19	34	2.80382	-0.590278	0.	-2.80382	3.11108	0.	1.03021e-002	0.999947	0.	1.41667	0.590278	14.	0	
2.36552	62.4619	116	0	19	51	51	19	35	2.80313	-0.613889	0.	-2.80313	3.17589	0.	1.07142e-002	0.999943	0.	1.41667	0.613889	14.	0	
2.3815	62.5728	117	0	20	52	52	20	35	2.8024	-0.6375	0.	-2.8024	3.2407	0.	1.11262e-002	0.999938	0.	1.41667	0.6375	14.	0	
2.39852	58.7585	118	0	20	52	52	20	36	2.80166	-0.661111	0.	-2.80166	3.30551	0.	1.15383e-002	0.999933	0.	1.41667	0.661111	14.	0	
2.41558	58.6212	119	0	21	52	52	21	36	2.80088	-0.684722	0.	-2.80088	3.37032	0.	1.19504e-002	0.999929	0.	1.41667	0.684722	14.	0	
2.43251	59.0591	120	0	21	53	53	21	36	2.80008	-0.708333	0.	-2.80008	3.43513	0.	1.23624e-002	0.999924	0.	1.41667	0.708333	14.	0	
2.44855	62.3526	121	0	21	53	53	21	37	2.79923	-0.755556	0.	-2.79923	3.49994	0.	1.31865e-002	0.999913	0.	2.83333	0.755556	14.	0	
2.4655	58.9949	122	0	22	54	54	22	37	2.79832	-0.802778	0.	-2.79832	3.56475	0.	1.40107e-002	0.999902	0.	2.83333	0.802778	14.	0	
2.48624	48.2167	123	0	22	54	54	22	38	2.79733	-0.873611	0.	-2.79733	3.62956	0.	1.52468e-002	0.999884	0.	4.25	0.873611	14.	0	
2.50258	61.2155	124	0	23	55	55	23	38	2.79623	-0.968056	0.	-2.79623	3.69436	0.	1.6895e-002	0.999857	0.	5.66667	0.968056	14.	0	
2.52018	56.8205	125	0	23	55	55	23	39	2.79503	-1.0625	0.	-2.79503	3.75917	0.	1.85431e-002	0.999828	0.	5.66667	1.0625	14.	0	
2.53651	61.2075	126	0	24	56	56	24	39	2.7937	-1.18056	0.	-2.7937	3.82397	0.	2.06031e-002	0.999788	0.	7.08333	1.18056	14.	0	
2.55354	58.7501	127	0	24	56	56	24	40	2.79223	-1.29861	0.	-2.79223	3.88877	0.	2.26631e-002	0.999743	0.	7.08333	1.29861	14.	0	
2.57126	56.4103	128	0	24	57	57	24	40	2.7906	-1.44028	0.	-2.7906	3.95356	0.	2.51349e-002	0.999684	0.	8.5	1.44028	14.	0	
2.58852	57.9536	129	0	25	57	57	25	40	2.78881	-1.58194	0.	-2.78881	4.01835	0.	2.76066e-002	0.999619	0.	8.5	1.58194	14.	0	
2.60554	58.7418	130	0	25	58	58	25	41	2.78683	-1.74722	0.	-2.78683	4.08314	0.	3.04901e-002	0.999535	0.	9.91667	1.74722	14.	0	
2.62153	62.5433	131	0	26	58	58	26	41	2.78467	-1.9125	0.	-2.78467	4.14791	0.	3.33732e-002	0.999443	0.	9.91667	1.9125	14.	0	
2.6387	58.2481	132	0	26	59	59	26	42	2.78229	-2.10139	0.	-2.78229	4.21269	0.	3.66679e-002	0.999328	0.	11.3333	2.10139	14.	0	
2.65551	59.4939	133	0	26	59	59	26	42	2.7797	-2.29028	0.	-2.7797	4.27745	0.	3.99622e-002	0.999201	0.	11.3333	2.29028	14.	0	
2.67967	41.3836	134	0	27	60	60	27	43	2.77687	-2.50278	0.	-2.77687	4.3422	0.	4.36678e-002	0.999046	0.	12.75	2.50278	14.	0	
2.69656	59.2153	135	0	27	60	60	27	43	2.7738	-2.71528	0.	-2.7738	4.40694	0.	4.73728e-002	0.998877	0.	12.75	2.71528	14.	0	
2.71401	57.304	136	0	28	61	61	28	44	2.77047	-2.95139	0.	-2.77047	4.47167	0.	5.14887e-002	0.998674	0.	14.1667	2.95139	14.	0	
2.73202	55.5374	137	0	28	61	61	28	44	2.76686	-3.1875	0.	-2.76686	4.53639	0.	5.56037e-002	0.998453	0.	14.1667	3.1875	14.	0	
2.74955	57.0229	138	0	29	62	62	29	44	2.76296	-3.44722	0.	-2.76296	4.60108	0.	6.01291e-002	0.998191	0.	15.5833	3.44722	14.	0	
2.76984	49.2869	139	0	29	62	62	29	45	2.75877	-3.70694	0.	-2.75877	4.66576	0.	6.46533e-002	0.997908	0.	15.5833	3.70694	14.	0	
2.78651	60.009	140	0	29	63	63	29	45	2.75426	-3.99028	0.	-2.75426	4.73042	0.	6.95872e-002	0.997576	0.	17.	3.99028	14.	0	
2.80334	59.4075	141	0	30	63	63	30	46	2.74943	-4.27361	0.	-2.74943	4.79506	0.	7.45194e-002	0.99722	0.	17.	4.27361	14.	0	
2.82051	58.2235	142	0	30	64	64	30	46	2.74426	-4.58056	0.	-2.74426	4.85966	0.	7.98606e-002	0.996806	0.	18.4167	4.58056	14.	0	
2.83752	58.7866	143	0	31	64	64	31	47	2.73874	-4.8875	0.	-2.73874	4.92424	0.	8.51996e-002	0.996364	0.	18.4167	4.8875	14.	0	
2.85354	62.4384	144	0	31	65	65	31	47	2.73284	-5.21806	0.	-2.73284	4.98879	0.	9.09464e-002	0.995856	0.	19.8333	5.21806	14.	0	
2.87112	56.88	145	0	32	65	65	32	48	2.72657	-5.54861	0.	-2.72657	5.0533	0.	9.66902e-002	0.995315	0.	19.8333	5.54861	14.	0	
2.88756	60.8288	146	0	32	66	66	32	48	2.71991	-5.90278	0.	-2.71991	5.11777	0.	0.102841	0.994698	0.	21.25	5.90278	14.	0	
2.90464	58.5487	147	0	32	66	66	32	49	2.71284	-6.25694	0.	-2.71284	5.1822	0.	0.108987	0.994043	0.	21.25	6.25694	14.	0	
2.92371	52.4478	148	0	33	67	67	33	49	2.70536	-6.63472	0.	-2.70536	5.24658	0.	0.115539	0.993303	0.	22.6667	6.63472	14.	0	
2.94055	59.3724	149	0	33	67	67	33	50	2.69744	-7.0125	0.	-2.69744	5.31091	0.	0.122086	0.99252	0.	22.6667	7.0125	14.	0	
2.95735	59.5164	150	0	34	68	68	34	50	2.68908	-7.41389	0.	-2.68908	5.37518	0.	0.129036	0.99164	0.	24.0833	7.41389	14.	0	
2.97438	58.7303	151	0	34	68	68	34	50	2.68027	-7.81528	0.	-2.68027	5.4394	0.	0.13598	0.990712	0.	24.0833	7.81528	14.	0	
2.99554	47.2457	152	0	35	69	69	35	51	2.67098	-8.24028	0.	-2.67098	5.50354	0.	0.143325	0.989676	0.	25.5	8.24028	14.	0	
3.01252	58.9058	153	0	35	69	69	35	51	2.66118	-8.68889	0.	-2.66118	5.56761	0.	0.151069	0.988523	0.	26.9167	8.68889	14.	0	
3.02953	58.7949	154	0	35	70	70	35	52	2.65089	-9.1375	0.	-2.65089	5.63161	0.	0.158804	0.98731	0.	26.9167	9.1375	14.	0	
3.04651	58.8806	155	0	36	70	70	36	52	2.64007	-9.60972	0.	-2.64007	5.69551	0.	0.166936	0.985968	0.	28.3333	9.60972	14.	0	
3.06351	58.8419	156	0	36	71	71	36	53	2.62873	-10.0819	0.	-2.62873	5.75933	0.	0.175056	0.984558	0.	28.3333	10.0819	14.	0	
3.08117	56.6069	157	0	37	71	71	37	53	2.61683	-10.5778	0.	-2.61683	5.82304	0.	0.18357	0.983007	0.	29.75	10.5778	14.	0	
3.09822	58.6565	158	0	37	72	72	37	54	2.60438	-11.0736	0.	-2.60438	5.88665	0.	0.19207	0.981381	0.	29.75	11.0736	14.	0	
3.11504	59.4672	159	0	38	72	72	38	54	2.59135	-11.5931	0.	-2.59135	5.95014	0.	0.200959	0.9796	0.	31.1667	11.5931	14.	0	
3.13252	57.212	160	0	38	73	73	38	55	2.57775	-12.1125	0.	-2.57775	6.01351	0.	0.209832	0.977737	0.	31.1667	12.1125	14.	0	
3.14958	58.5911	161	0	38	73	73	38	55	2.56355	-12.6556	0.	-2.56355	6.07675	0.	0.219089	0.975705	0.	32.5833	12.6556	14.	0	
3.16653	59.0244	162	0	39	74	74	39	56	2.54875	-13.1986	0.	-2.54875	6.13985	0.	0.228327	0.973584	0.	32.5833	13.1986	14.	0	
3.18254	62.4455	163	0	39	74	74	39	56	2.53333	-13.7653	0.	-2.53333	6.20281	0.	0.237945	0.971279	0.	34.	13.7653	14.	0	
3.19851	62.6154	164	0	40	75	75	40	57	2.51729	-14.3319	0.	-2.51729	6.2656	0.	0.247539	0.968878	0.	34.	14.3319	14.	0	
3.21551	58.8137	165	0	40	75	75	40	57	2.5006	-14.9222	0.	-2.5006	6.32823	0.	0.257508	0.966276	0.	35.4167	14.9222	14.	0	
3.23304	57.0622	166	0	41	76	76	41	57	2.48326	-15.5125	0.	-2.48326	6.39069	0.	0.267449	0.963572	0.	35.4167	15.5125	14.	0	
3.24984	59.5121	167	0	41	76	76	41	58	2.46526	-16.1264	0.	-2.46526	6.45295	0.	0.277757	0.960651	0.	36.8333	16.1264	14.	0	
3.26653	59.906	168	0	41	77	77	41	58	2.44659	-16.7403	0.	-2.44659	6.51502	0.	0.288034	0.95762	0.	36.8333	16.7403	14.	0	
3.28251	62.5882	169	0	42	77	77	42	59	2.42723	-17.3778	0.	-2.42723	6.57688	0.	0.298671	0.954356	0.	38.25	17.3778	14.	0	
3.29951	58.8231	170	0	42	78	78	42	59	2.40719	-18.0153	0.	-2.40719	6.63851	0.	0.309271	0.950974	0.	38.25	18.0153	14.	0	
3.31552	62.4808	171	0	43	78	78	43	60	2.38643	-18.6764	0.	-2.38643	6.69992	0.	0.320223	0.947342	0.	39.6667	18.6764	14.	0	
3.33254	58.7439	172	0	43	79	79	43	60	2.36497	-19.3375	0.	-2.36497	6.76107	0.	0.331132	0.943584	0.	39.6667	19.3375	14.	0	
3.34854	62.4926	173	0	44	79	79	44	61	2.34278	-20.0222	0.	-2.34278	6.82197	0.	0.342385	0.93956	0.	41.0833	20.0222	14.	0	
3.36551	58.9246	174	0	44	80	80	44	61	2.31986	-20.7069	0.	-2.31986	6.8826	0.	0.353588	0.935401	0.	41.0833	20.7069	14.	0	
3.38251	58.8179	175	0	44	80	80	44	62	2.29622	-21.3917	0.	-2.29622	6.94295	0.	0.364741	0.931109	0.	41.0833	21.3917	14.	0	
3.40715	40.5905	176	0	45	81	81	45	62	2.27183	-22.1	0.	-2.27183	7.003	0.	0.376224	0.926529	0.	42.5	22.1	14.	0	
3.42452	57.5729	177	0	45	81	81	45	63	2.24671	-22.8083	0.	-2.24671	7.06275	0.	0.38765	0.921807	0.	42.5	22.8083	14.	0	
3.44158	58.6191	178	0	46	82	82	46	63	2.22085	-23.5167	0.	-2.22085	7.12218	0.	0.399016	0.916944	0.	42.5	23.5167	14.	0	
3.45855	58.9288	179	0	46	82	82	46	63	2.19425	-24.225	0.	-2.19425	7.18129	0.	0.410321	0.911941	0.	42.5	24.225	14.	0	
3.47576	58.0939	180	0	47	83	83	47	64	2.16693	-24.9333	0.	-2.16693	7.24006	0.	0.421563	0.906799	0.	42.5	24.9333	14.	0	
3.49632	48.6357	181	0	47	83	83	47	64	2.13888	-25.6417	0.	-2.13888	7.29849	0.	0.432741	0.901518	0.	42.5	25.6417	14.	0	
3.51742	47.3931	182	0	47	84	84	47	65	2.11011	-26.35	0.	-2.11011	7.35657	0.	0.443853	0.896099	0.	42.5	26.35	14.	0	
3.53452	58.5053	183	0	48	84	84	48	65	2.08063	-27.0583	0.	-2.08063	7.41429	0.	0.454897	0.890544	0.	42.5	27.0583	14.	0	
3.55185	57.6842	184	0	48	85	85	48	66	2.05043	-27.7667	0.	-2.05043	7.47165	0.	0.465872	0.884852	0.	42.5	27.7667	14.	0	
3.56857	59.8011	185	0	49	85	85	49	66	2.01953	-28.475	0.	-2.01953	7.52862	0.	0.476775	0.879025	0.	42.5	28.475	14.	0	
3.58641	56.06	186	0	49	86	86	49	67	1.98793	-29.1833	0.	-1.98793	7.58521	0.	0.487606	0.873064	0.	42.5	29.1833	14.	0	
3.60252	62.0676	187	0	49	86	86	49	67	1.95563	-29.8917	0.	-1.95563	7.6414	0.	0.498362	0.866969	0.	42.5	29.8917	14.	0	
3.61953	58.7949	188	0	50	87	87	50	67	1.92263	-30.6	0.	-1.92263	7.69719	0.	0.509041	0.860742	0.	42.5	30.6	14.	0	
3.63652	58.8639	189	0	50	87	87	50	68	1.88895	-31.3083	0.	-1.88895	7.75256	0.	0.519643	0.854383	0.	42.5	31.3083	14.	0	
3.65354	58.7564	190	0	51	88	88	51	68	1.85459	-32.0167	0.	-1.85459	7.80752	0.	0.530166	0.847894	0.	42.5	32.0167	14.	0	
3.67056	58.7616	191	0	51	88	88	51	69	1.81955	-32.725	0.	-1.81955	7.86205	0.	0.540607	0.841275	0.	42.5	32.725	14.	0	
3.6885	55.744	192	0	51	89	89	51	69	1.78384	-33.4333	0.	-1.78384	7.91614	0.	0.550966	0.834527	0.	42.5	33.4333	14.	0	
3.70453	62.3867	193	0	52	89	89	52	70	1.74746	-34.1417	0.	-1.74746	7.96978	0.	0.561241	0.827652	0.	42.5	34.1417	14.	0	
3.72154	58.7793	194	0	52	90	90	52	70	1.71042	-34.85	0.	-1.71042	8.02297	0.	0.57143	0.820651	0.	42.5	34.85	14.	0	
3.74697	39.3183	195	0	53	90	90	53	70	1.67273	-35.5583	0.	-1.67273	8.0757	0.	0.581532	0.813524	0.	42.5	35.5583	14.	0	
3.76544	54.1495	196	0	53	90	90	53	71	1.63439	-36.2667	0.	-1.63439	8.12796	0.	0.591544	0.806273	0.	42.5	36.2667	14.	0	
3.78252	58.5352	197	0	53	91	91	53	71	1.59541	-36.975	0.	-1.59541	8.17974	0.	0.601466	0.798898	0.	42.5	36.975	14.	0	
3.79953	58.8054	198	0	54	91	91	54	72	1.55579	-37.6833	0.	-1.55579	8.23103	0.	0.611297	0.791401	0.	42.5	37.6833	14.	0	
3.81553	62.4985	199	0	54	92	92	54	72	1.51553	-38.3917	0.	-1.51553	8.28183	0.	0.621034	0.783784	0.	42.5	38.3917	14.	0	
3.83253	58.8179	200	0	54	92	92	54	72	1.47466	-39.1	0.	-1.47466	8.33213	0.	0.630676	0.776046	0.	42.5	39.1	14.	0	
3.84955	58.7564	201	0	55	93	93	55	73	1.43316	-39.8083	0.	-1.43316	8.38192	0.	0.640221	0.76819	0.	42.5	39.8083	14.	0	
3.86555	62.4914	202	0	55	93	93	55	73	1.39105	-40.5167	0.	-1.39105	8.4312	0.	0.649669	0.760217	0.	42.5	40.5167	14.	0	
3.88252	58.9246	203	0	55	94	94	55	74	1.34834	-41.225	0.	-1.34834	8.47995	0.	0.659018	0.752127	0.	42.5	41.225	14.	0	
3.89952	58.8231	204	0	56	94	94	56	74	1.30503	-41.9333	0.	-1.30503	8.52816	0.	0.668265	0.743923	0.	42.5	41.9333	14.	0	
3.91654	58.7595	205	0	56	94	94	56	74	1.26112	-42.6417	0.	-1.26112	8.57584	0.	0.677411	0.735605	0.	42.5	42.6417	14.	0	
3.93353	58.8576	206	0	57	95	95	57	75	1.21663	-43.35	0.	-1.21663	8.62297	0.	0.686453	0.727174	0.	42.5	43.35	14.	0	
3.95057	58.6804	207	0	57	95	95	57	75	1.17156	-44.0583	0.	-1.17156	8.66955	0.	0.69539	0.718632	0.	42.5	44.0583	14.	0	
3.96758	58.8054	208	0	57	96	96	57	76	1.12591	-44.7667	0.	-1.12591	8.71557	0.	0.704221	0.709981	0.	42.5	44.7667	14.	0	
3.98532	56.3604	209	0	58	96	96	58	76	1.0797	-45.475	0.	-1.0797	8.76102	0.	0.712945	0.70122	0.	42.5	45.475	14.	0	
4.00153	61.7115	210	0	58	96	96	58	76	1.03293	-46.1833	0.	-1.03293	8.80589	0.	0.721559	0.692353	0.	42.5	46.1833	14.	0	
4.01854	58.7605	211	0	58	97	97	58	77	0.985616	-46.8917	0.	-0.985616	8.85019	0.	0.730063	0.68338	0.	42.5	46.8917	14.	0	
4.03454	62.4985	212	0	59	97	97	59	77	0.937753	-47.6	0.	-0.937753	8.89389	0.	0.738455	0.674302	0.	42.5	47.6	14.	0	
4.05517	48.477	213	0	59	98	98	59	77	0.889353	-48.3083	0.	-0.889353	8.937	0.	0.746735	0.665122	0.	42.5	48.3083	14.	0	
4.07156	61.008	214	0	59	98	98	59	78	0.840442	-48.9931	0.	-0.840442	8.97953	0.	0.75463	0.65615	0.	41.0833	48.9931	14.	0	
4.08909	57.0642	215	0	60	98	98	60	78	0.791026	-49.6778	0.	-0.791026	9.02147	0.	0.762417	0.647086	0.	41.0833	49.6778	14.	0	
4.10664	56.9661	216	0	60	99	99	60	78	0.741113	-50.3625	0.	-0.741113	9.06282	0.	0.770096	0.637928	0.	41.0833	50.3625	14.	0	
4.12418	57.0347	217	0	60	99	99	60	79	0.690709	-51.0472	0.	-0.690709	9.10356	0.	0.777664	0.62868	0.	41.0833	51.0472	14.	0	
4.14054	61.1183	218	0	60	100	100	60	79	0.639821	-51.7319	0.	-0.639821	9.14371	0.	0.785122	0.619341	0.	41.0833	51.7319	14.	0	
4.15799	57.2862	219	0	61	100	100	61	79	0.588457	-52.4167	0.	-0.588457	9.18324	0.	0.792467	0.609915	0.	41.0833	52.4167	14.	0	
4.1783	49.2452	220	0	61	100	100	61	80	0.536625	-53.1014	0.	-0.536625	9.22215	0.	0.799699	0.600401	0.	41.0833	53.1014	14.	0	
4.19549	58.1704	221	0	61	101	101	61	80	0.484331	-53.7861	0.	-0.484331	9.26045	0.	0.806817	0.590801	0.	41.0833	53.7861	14.	0	
4.2125	58.7741	222	0	62	101	101	62	80	0.431584	-54.4708	0.	-0.431584	9.29811	0.	0.81382	0.581117	0.	41.0833	54.4708	14.	0	
4.23113	53.6975	223	0	62	101	101	62	81	0.37839	-55.1556	0.	-0.37839	9.33514	0.	0.820706	0.57135	0.	41.0833	55.1556	14.	0	
4.24852	57.49	224	0	62	102	102	62	81	0.324757	-55.8403	0.	-0.324757	9.37154	0.	0.827476	0.561502	0.	41.0833	55.8403	14.	0	
4.26553	58.7981	225	0	62	102	102	62	81	0.270693	-56.525	0.	-0.270693	9.40729	0.	0.834127	0.551573	0.	41.0833	56.525	14.	0	
4.28253	58.82	226	0	63	102	102	63	82	0.216206	-57.2097	0.	-0.216206	9.44239	0.	0.840659	0.541566	0.	41.0833	57.2097	14.	0	
4.29857	62.3327	227	0	63	103	103	63	82	0.161304	-57.8944	0.	-0.161304	9.47684	0.	0.84707	0.531481	0.	41.0833	57.8944	14.	0	
4.31553	58.9655	228	0	63	103	103	63	82	0.105993	-58.5792	0.	-0.105993	9.51063	0.	0.853361	0.52132	0.	41.0833	58.5792	14.	0	
4.33253	58.8294	229	0	64	103	103	64	82	5.02828e-002	-59.2639	0.	-5.02828e-002	9.54375	0.	0.85953	0.511085	0.	41.0833	59.2639	14.	0	
4.34953	58.8242	230	0	64	104	104	64	83	5.8194e-003	-59.9486	0.	5.8194e-003	9.57621	0.	0.865577	0.500777	0.	41.0833	59.9486	14.	0	
4.36657	58.6752	231	0	64	104	104	64	83	6.23055e-002	-60.6333	0.	6.23055e-002	9.60799	0.	0.871499	0.490397	0.	41.0833	60.6333	14.	0	
4.38354	58.9309	232	0	64	104	104	64	83	0.119167	-61.3181	0.	0.119167	9.6391	0.	0.877297	0.479947	0.	41.0833	61.3181	14.	0	
4.40022	59.9645	233	0	65	104	104	65	84	0.176397	-62.0028	0.	0.176397	9.66953	0.	0.88297	0.469429	0.	41.0833	62.0028	14.	0	
4.41821	55.5915	234	0	65	105	105	65	84	0.233986	-62.6875	0.	0.233986	9.69927	0.	0.888517	0.458843	0.	41.0833	62.6875	14.	0	
4.43555	57.6561	235	0	65	105	105	65	84	0.291926	-63.3722	0.	0.291926	9.72832	0.	0.893937	0.448193	0.	41.0833	63.3722	14.	0	
4.45257	58.7616	236	0	65	105	105	65	84	0.35021	-64.0569	0.	0.35021	9.75667	0.	0.899229	0.437478	0.	41.0833	64.0569	14.	0	
4.46853	62.645	237	0	65	105	105	65	84	0.408828	-64.7417	0.	0.408828	9.78433	0.	0.904393	0.4267	0.	41.0833	64.7417	14.	0	
4.48637	56.0524	238	0	66	106	106	66	85	0.467772	-65.4264	0.	0.467772	9.81128	0.	0.909428	0.415862	0.	41.0833	65.4264	14.	0	
4.50253	61.8751	239	0	66	106	106	66	85	0.527034	-66.1111	0.	0.527034	9.83753	0.	0.914333	0.404964	0.	41.0833	66.1111	14.	0	
4.51937	59.3958	240	0	66	106	106	66	85	0.586606	-66.7958	0.	0.586606	9.86307	0.	0.919107	0.394009	0.	41.0833	66.7958	14.	0	
4.53555	61.7978	241	0	66	106	106	66	85	0.646479	-67.4806	0.	0.646479	9.88789	0.	0.92375	0.382997	0.	41.0833	67.4806	14.	0	
4.55254	58.8827	242	0	66	107	107	66	86	0.706644	-68.1653	0.	0.706644	9.912	0.	0.928261	0.37193	0.	41.0833	68.1653	14.	0	
4.56854	62.4831	243	0	67	107	107	67	86	0.767083	-68.8264	0.	0.767083	9.93541	0.	0.93249	0.361195	0.	39.6667	68.8264	14.	0	
4.58554	58.8158	244	0	67	107	107	67	86	0.827788	-69.4875	0.	0.827788	9.95812	0.	0.936596	0.350412	0.	39.6667	69.4875	14.	0	
4.60159	62.2987	245	0	67	107	107	67	86	0.888743	-70.125	0.	0.888743	9.98016	0.	0.940437	0.339969	0.	38.25	70.125	14.	0	
4.61892	57.7123	246	0	67	107	107	67	86	0.949938	-70.7625	0.	0.949938	10.0015	0.	0.944161	0.329485	0.	38.25	70.7625	14.	0	
4.63558	60.0351	247	0	67	108	108	67	87	1.01136	-71.3764	0.	1.01136	10.0222	0.	0.947637	0.31935	0.	36.8333	71.3764	14.	0	
4.65246	59.2195	248	0	67	108	108	67	87	1.073	-71.9903	0.	1.073	10.0422	0.	0.951004	0.309178	0.	36.8333	71.9903	14.	0	
4.66954	58.5652	249	0	68	108	108	68	87	1.13484	-72.5806	0.	1.13484	10.0617	0.	0.954139	0.299365	0.	35.4167	72.5806	14.	0	
4.68684	57.7858	250	0	68	108	108	68	87	1.19688	-73.1708	0.	1.19688	10.0804	0.	0.957172	0.289519	0.	35.4167	73.1708	14.	0	
4.70357	59.8032	251	0	68	108	108	68	87	1.2591	-73.7375	0.	1.2591	10.0986	0.	0.959989	0.280038	0.	34.	73.7375	14.	0	
4.72051	59.0307	252	0	68	109	109	68	87	1.3215	-74.3042	0.	1.3215	10.1161	0.	0.962711	0.27053	0.	34.	74.3042	14.	0	
4.73758	58.557	253	0	68	109	109	68	87	1.38406	-74.8472	0.	1.38406	10.133	0.	0.965232	0.261394	0.	32.5833	74.8472	14.	0	
4.75564	55.3713	254	0	68	109	109	68	88	1.44678	-75.3903	0.	1.44678	10.1494	0.	0.967666	0.252234	0.	32.5833	75.3903	14.	0	
4.77348	56.0694	255	0	68	109	109	68	88	1.50964	-75.9097	0.	1.50964	10.1652	0.	0.969913	0.24345	0.	31.1667	75.9097	14.	0	
4.79086	57.5409	256	0	68	109	109	68	88	1.57265	-76.4292	0.	1.57265	10.1804	0.	0.972081	0.234647	0.	31.1667	76.4292	14.	0	
4.80841	56.9876	257	0	69	109	109	69	88	1.63578	-76.925	0.	1.63578	10.195	0.	0.974075	0.226226	0.	29.75	76.925	14.	0	
4.82857	49.6035	258	0	69	109	109	69	88	1.69904	-77.4208	0.	1.69904	10.2092	0.	0.975996	0.217788	0.	29.75	77.4208	14.	0	
4.8464	56.0808	259	0	69	110	110	69	88	1.76242	-77.8931	0.	1.76242	10.2228	0.	0.977758	0.209737	0.	28.3333	77.8931	14.	0	
4.86491	54.0109	260	0	69	110	110	69	88	1.8259	-78.3653	0.	1.8259	10.2358	0.	0.979453	0.201672	0.	28.3333	78.3653	14.	0	
4.88155	60.1005	261	0	69	110	110	69	88	1.88948	-78.8139	0.	1.88948	10.2484	0.	0.981002	0.193997	0.	26.9167	78.8139	14.	0	
4.89836	59.4993	262	0	69	110	110	69	89	1.95316	-79.2625	0.	1.95316	10.2605	0.	0.982491	0.18631	0.	26.9167	79.2625	14.	0	
4.91554	58.1888	263	0	69	110	110	69	89	2.01693	-79.6875	0.	2.01693	10.2721	0.	0.983846	0.179017	0.	25.5	79.6875	14.	0	
4.93256	58.7637	264	0	69	110	110	69	89	2.08078	-80.1125	0.	2.08078	10.2832	0.	0.985147	0.171714	0.	25.5	80.1125	14.	0	
4.94855	62.5492	265	0	69	110	110	69	89	2.14471	-80.5139	0.	2.14471	10.2939	0.	0.986326	0.164809	0.	24.0833	80.5139	14.	0	
4.96523	59.9396	266	0	69	110	110	69	89	2.20871	-80.9153	0.	2.20871	10.3041	0.	0.987456	0.157895	0.	24.0833	80.9153	14.	0	
4.98206	59.4246	267	0	70	110	110	70	89	2.27278	-81.2931	0.	2.27278	10.3139	0.	0.988476	0.151381	0.	22.6667	81.2931	14.	0	
5.0001	55.4343	268	0	70	111	111	70	89	2.33691	-81.6708	0.	2.33691	10.3233	0.	0.989452	0.14486	0.	22.6667	81.6708	14.	0	
5.01755	57.2931	269	0	70	111	111	70	89	2.4011	-82.025	0.	2.4011	10.3323	0.	0.990329	0.138741	0.	21.25	82.025	14.	0	
5.03506	57.1203	270	0	70	111	111	70	89	2.46534	-82.3792	0.	2.46534	10.3409	0.	0.991167	0.132617	0.	21.25	82.3792	14.	0	
5.05264	56.8683	271	0	70	111	111	70	89	2.52963	-82.7097	0.	2.52963	10.3491	0.	0.991916	0.126896	0.	19.8333	82.7097	14.	0	
5.06932	59.9688	272	0	70	111	111	70	89	2.59397	-83.0403	0.	2.59397	10.357	0.	0.992632	0.121172	0.	19.8333	83.0403	14.	0	
5.08554	61.6357	273	0	70	111	111	70	89	2.65835	-83.3472	0.	2.65835	10.3645	0.	0.993266	0.115852	0.	18.4167	83.3472	14.	0	
5.10272	58.2327	274	0	70	111	111	70	90	2.72277	-83.6542	0.	2.72277	10.3717	0.	0.993873	0.110529	0.	18.4167	83.6542	14.	0	
5.11956	59.3766	275	0	70	111	111	70	90	2.78722	-83.9375	0.	2.78722	10.3785	0.	0.994407	0.105613	0.	17.	83.9375	14.	0	
5.13658	58.7293	276	0	70	111	111	70	90	2.8517	-84.2208	0.	2.8517	10.385	0.	0.994917	0.100695	0.	17.	84.2208	14.	0	
5.15358	58.8451	277	0	70	111	111	70	90	2.91622	-84.4806	0.	2.91622	10.3913	0.	0.995364	9.61836e-002	0.	15.5833	84.4806	14.	0	
5.17152	55.7346	278	0	70	111	111	70	90	2.98076	-84.7403	0.	2.98076	10.3972	0.	0.995789	9.16706e-002	0.	15.5833	84.7403	14.	0	
5.18857	58.6669	279	0	70	111	111	70	90	3.04533	-84.9764	0.	3.04533	10.4029	0.	0.996159	8.75663e-002	0.	14.1667	84.9764	14.	0	
5.20748	52.8595	280	0	70	111	111	70	90	3.10991	-85.2125	0.	3.10991	10.4083	0.	0.996511	8.34604e-002	0.	14.1667	85.2125	14.	0	
5.22448	58.8284	281	0	70	111	111	70	90	3.17452	-85.425	0.	3.17452	10.4135	0.	0.996814	7.9764e-002	0.	12.75	85.425	14.	0	
5.24778	42.9251	282	0	70	111	111	70	90	3.23915	-85.6375	0.	3.23915	10.4184	0.	0.997103	7.60664e-002	0.	12.75	85.6375	14.	0	
5.26565	55.9662	283	0	70	112	112	70	90	3.30379	-85.8264	0.	3.30379	10.4231	0.	0.997348	7.27789e-002	0.	11.3333	85.8264	14.	0	
5.28256	59.116	284	0	70	112	112	70	90	3.36845	-85.9917	0.	3.36845	10.4276	0.	0.997554	6.99016e-002	0.	9.91667	85.9917	14.	0	
5.29994	57.5479	285	0	70	112	112	70	90	3.43312	-86.1569	0.	3.43312	10.432	0.	0.997751	6.70237e-002	0.	9.91667	86.1569	14.	0	
5.31756	56.7388	286	0	71	112	112	71	90	3.4978	-86.2986	0.	3.4978	10.4362	0.	0.997914	6.45565e-002	0.	8.5	86.2986	14.	0	
5.33357	62.4702	287	0	71	112	112	71	90	3.56249	-86.4403	0.	3.56249	10.4402	0.	0.998071	6.20889e-002	0.	8.5	86.4403	14.	0	
5.35116	56.8556	288	0	71	112	112	71	90	3.62719	-86.5583	0.	3.62719	10.4441	0.	0.998196	6.00323e-002	0.	7.08333	86.5583	14.	0	
5.36858	57.4173	289	0	71	112	112	71	90	3.69189	-86.6764	0.	3.69189	10.4478	0.	0.998318	5.79754e-002	0.	7.08333	86.6764	14.	0	
5.38531	59.773	290	0	71	112	112	71	90	3.7566	-86.7708	0.	3.7566	10.4515	0.	0.998412	5.63298e-002	0.	5.66667	86.7708	14.	0	
5.40161	61.3197	291	0	71	112	112	71	90	3.82132	-86.8653	0.	3.82132	10.455	0.	0.998504	5.46839e-002	0.	5.66667	86.8653	14.	0	
5.42029	53.5447	292	0	71	112	112	71	90	3.88604	-86.9361	0.	3.88604	10.4585	0.	0.998571	5.34495e-002	0.	4.25	86.9361	14.	0	
5.43758	57.8373	293	0	71	112	112	71	90	3.95077	-87.0069	0.	3.95077	10.4619	0.	0.998636	5.22149e-002	0.	4.25	87.0069	14.	0	
5.45526	56.5605	294	0	71	112	112	71	90	4.0155	-87.0542	0.	4.0155	10.4652	0.	0.998679	5.13918e-002	0.	2.83333	87.0542	14.	0	
5.47258	57.7314	295	0	71	112	112	71	90	4.08023	-87.1014	0.	4.08023	10.4685	0.	0.998721	5.05687e-002	0.	2.83333	87.1014	14.	0	
5.49198	51.5605	296	0	71	112	112	71	90	4.14496	-87.125	0.	4.14496	10.4717	0.	0.998741	5.01572e-002	0.	1.41667	87.125	14.	0	
5.51394	45.5253	297	0	71	112	112	71	90	4.2097	-87.1486	0.	4.2097	10.475	0.	0.998762	4.97456e-002	0.	1.41667	87.1486	14.	0	
5.53182	55.9275	298	0	71	112	112	71	90	4.27443	-87.1486	0.	4.27443	10.4782	0.	0.998762	4.97456e-002	0.	-2.38542e-014	87.1486	14.	0	
5.54861	59.5527	299	0	71	112	112	71	90	4.33917	-87.125	0.	4.33917	10.4814	0.	0.998741	5.01572e-002	0.	-1.41667	87.125	14.	0	
5.5655	59.2323	300	0	71	112	112	71	91	4.4039	-87.1014	0.	4.4039	10.4847	0.	0.998721	5.05687e-002	0.	-1.41667	87.1014	14.	0	
5.58256	58.6067	301	0	71	112	112	71	91	4.46863	-87.0778	0.	4.46863	10.488	0.	0.9987	5.09803e-002	0.	-1.41667	87.0778	14.	0	
5.59958	58.773	302	0	71	112	112	71	91	4.53336	-87.0306	0.	4.53336	10.4914	0.	0.998657	5.18034e-002	0.	-2.83333	87.0306	14.	0	
5.62004	48.8588	303	0	71	112	112	71	91	4.59808	-86.9833	0.	4.59808	10.4948	0.	0.998614	5.26264e-002	0.	-2.83333	86.9833	14.	0	
5.63657	60.5088	304	0	71	112	112	71	91	4.6628	-86.9125	0.	4.6628	10.4983	0.	0.998548	5.3861e-002	0.	-4.25	86.9125	14.	0	
5.65512	53.8966	305	0	71	112	112	71	91	4.72752	-86.8181	0.	4.72752	10.5019	0.	0.998458	5.55069e-002	0.	-5.66667	86.8181	14.	0	
5.67261	57.1873	306	1	-1	-1	112	71	91	4.79223	-86.7236	0.	4.79223	10.5056	0.	0.998365	5.71526e-002	0.	-5.66667	86.7236	14.	0	
5.70992	26.7999	307	1	-1	-1	112	71	91	4.82458	-86.6056	0.	4.82458	10.5075	0.	0.998246	5.92096e-002	0.	-7.08333	86.6056	7.	0	
5.73786	35.791	308	1	-1	-1	112	71	91	4.85692	-86.4639	0.	4.85692	10.5095	0.	0.998096	6.16776e-002	0.	-8.5	86.4639	7.	0	
5.76623	35.2509	309	1	-1	-1	112	71	91	4.88926	-86.2986	0.	4.88926	10.5116	0.	0.997914	6.45565e-002	0.	-9.91667	86.2986	7.	0	
5.79134	39.8321	310	1	-1	-1	112	71	91	4.9216	-86.1333	0.	4.9216	10.5138	0.	0.997724	6.74349e-002	0.	-9.91667	86.1333	7.	0	
5.81813	37.3274	311	1	-1	-1	112	71	91	4.95392	-85.9444	0.	4.95392	10.5161	0.	0.997496	7.07237e-002	0.	-11.3333	85.9444	7.	0	
5.84614	35.6961	312	1	-1	-1	112	71	91	4.98624	-85.7319	0.	4.98624	10.5185	0.	0.997227	7.44227e-002	0.	-12.75	85.7319	7.	0	
5.87153	39.3907	313	1	-1	-1	112	71	91	5.01855	-85.4958	0.	5.01855	10.521	0.	0.996912	7.85316e-002	0.	-14.1667	85.4958	7.	0	
5.89893	36.4935	314	1	-1	-1	112	71	91	5.05084	-85.2597	0.	5.05084	10.5237	0.	0.99658	8.26391e-002	0.	-14.1667	85.2597	7.	0	
5.9252	38.062	315	1	-1	-1	113	71	91	5.08313	-85.	0.	5.08313	10.5265	0.	0.996195	8.71557e-002	0.	-15.5833	85.	7.	0	
5.95188	37.4799	316	1	-1	-1	113	71	91	5.1154	-84.7167	0.	5.1154	10.5295	0.	0.995752	9.20809e-002	0.	-17.	84.7167	7.	0	
5.98031	35.1809	317	1	-1	-1	113	71	91	5.14765	-84.4097	0.	5.14765	10.5327	0.	0.995244	9.7414e-002	0.	-18.4167	84.4097	7.	0	
6.00706	37.3741	318	1	-1	-1	113	71	91	5.17989	-84.0792	0.	5.17989	10.536	0.	0.994665	0.103154	0.	-19.8333	84.0792	7.	0	
6.03409	37.0014	319	1	-1	-1	113	71	91	5.2121	-83.7486	0.	5.2121	10.5396	0.	0.994054	0.108891	0.	-19.8333	83.7486	7.	0	
6.06079	37.4493	320	1	-1	-1	113	71	91	5.24429	-83.3944	0.	5.24429	10.5433	0.	0.993362	0.115033	0.	-21.25	83.3944	7.	0	
6.08708	38.0419	321	1	-1	-1	113	71	91	5.27646	-83.0167	0.	5.27646	10.5472	0.	0.992582	0.121581	0.	-22.6667	83.0167	7.	0	
6.11637	34.1432	322	1	-1	-1	113	71	91	5.3086	-82.6153	0.	5.3086	10.5514	0.	0.991705	0.128531	0.	-24.0833	82.6153	7.	0	
6.14164	39.5728	323	1	-1	-1	113	71	91	5.3407	-82.1903	0.	5.3407	10.5558	0.	0.990725	0.135884	0.	-25.5	82.1903	7.	0	
6.16846	37.2888	324	1	-1	-1	113	72	91	5.37278	-81.7653	0.	5.37278	10.5604	0.	0.98969	0.143229	0.	-25.5	81.7653	7.	0	
6.19514	37.479	325	1	-1	-1	113	72	91	5.40481	-81.3167	0.	5.40481	10.5653	0.	0.988538	0.150973	0.	-26.9167	81.3167	7.	0	
6.22125	38.3023	326	1	-1	-1	113	72	91	5.43681	-80.8444	0.	5.43681	10.5705	0.	0.98726	0.159115	0.	-28.3333	80.8444	7.	0	
6.25255	31.9484	327	1	-1	-1	113	72	91	5.46876	-80.3486	0.	5.46876	10.5759	0.	0.985846	0.167653	0.	-29.75	80.3486	7.	0	
6.28107	35.0525	328	1	-1	-1	113	72	91	5.50066	-79.8292	0.	5.50066	10.5816	0.	0.984286	0.176584	0.	-31.1667	79.8292	7.	0	
6.30732	38.0984	329	1	-1	-1	113	72	91	5.5325	-79.3097	0.	5.5325	10.5876	0.	0.982644	0.1855	0.	-31.1667	79.3097	7.	0	
6.33457	36.7013	330	1	-1	-1	113	72	91	5.56429	-78.7667	0.	5.56429	10.594	0.	0.980842	0.194805	0.	-32.5833	78.7667	7.	0	
6.36125	37.4743	331	1	-1	-1	113	72	92	5.59601	-78.2	0.	5.59601	10.6006	0.	0.978867	0.204496	0.	-34.	78.2	7.	0	
6.39005	34.7328	332	1	-1	-1	113	72	-1	5.62766	-77.6097	0.	5.62766	10.6075	0.	0.976709	0.21457	0.	-35.4167	77.6097	7.	0	
6.42183	31.4581	333	1	-1	-1	113	72	-1	5.65924	-76.9958	0.	5.65924	10.6148	0.	0.974354	0.225022	0.	-36.8333	76.9958	7.	0	
6.45293	32.1561	334	1	-1	-1	113	72	-1	5.69075	-76.3583	0.	5.69073	10.6225	0.	0.97179	0.235849	0.	-38.25	76.3583	7.	0	
6.48571	30.504	335	1	-1	-1	114	72	-1	5.72218	-75.6972	0.	5.72213	10.6305	0.	0.969004	0.247046	0.	-39.6667	75.6972	7.	0	
6.51869	30.3231	336	1	-1	-1	114	72	-1	5.75353	-75.0361	0.	5.75344	10.6388	0.	0.966089	0.25821	0.	-39.6667	75.0361	7.	0	
6.55174	30.2622	337	1	-1	-1	114	72	-1	5.78479	-74.3514	0.	5.78465	10.6476	0.	0.962934	0.269737	0.	-41.0833	74.3514	7.	0	
6.58431	30.6991	338	1	-1	-1	114	72	-1	5.81595	-73.6431	0.	5.81574	10.6567	0.	0.959526	0.28162	0.	-42.5	73.6431	7.	0	
6.61532	32.2516	339	1	-1	-1	114	72	-1	5.84702	-72.9347	0.	5.84673	10.6662	0.	0.955971	0.293461	0.	-42.5	72.9347	7.	0	
6.64526	33.393	340	1	-1	-1	114	72	-1	5.87799	-72.2264	0.	5.87759	10.6761	0.	0.95227	0.305257	0.	-42.5	72.2264	7.	0	
6.6749	33.745	341	1	-1	-1	114	73	-1	5.90885	-71.5181	0.	5.90832	10.6864	0.	0.948424	0.317006	0.	-42.5	71.5181	7.	0	
6.70448	33.8087	342	1	-1	-1	114	73	-1	5.9396	-70.8097	0.	5.93893	10.697	0.	0.944432	0.328706	0.	-42.5	70.8097	7.	0	
6.73707	30.6766	343	1	-1	-1	114	73	-1	5.97025	-70.1014	0.	5.9694	10.7081	0.	0.940296	0.340357	0.	-42.5	70.1014	7.	0	
6.76899	31.332	344	1	-1	-1	114	73	-1	6.00078	-69.3931	0.	5.99973	10.7195	0.	0.936017	0.351955	0.	-42.5	69.3931	7.	0	
6.80159	30.6789	345	1	-1	-1	114	73	-1	6.03119	-68.6847	0.	6.02993	10.7313	0.	0.931594	0.3635	0.	-42.5	68.6847	7.	0	
6.83559	29.41	346	1	-1	-1	115	73	-1	6.06149	-67.9764	0.	6.05997	10.7434	0.	0.927029	0.374989	0.	-42.5	67.9764	7.	0	
6.86863	30.2605	347	1	-1	-1	115	73	-1	6.09167	-67.2681	0.	6.08986	10.7559	0.	0.922323	0.38642	0.	-42.5	67.2681	7.	0	
6.9017	30.2461	348	1	-1	-1	115	73	-1	6.12172	-66.5597	0.	6.11959	10.7688	0.	0.917475	0.397793	0.	-42.5	66.5597	7.	0	
6.93478	30.2296	349	1	-1	-1	115	73	-1	6.15164	-65.8514	0.	6.14916	10.7821	0.	0.912487	0.409105	0.	-42.5	65.8514	7.	0	
6.96612	31.9056	350	1	-1	-1	115	73	-1	6.18143	-65.1431	0.	6.17857	10.7957	0.	0.90736	0.420354	0.	-42.5	65.1431	7.	0	
6.99564	33.8717	351	1	-1	-1	115	74	-1	6.21109	-64.4347	0.	6.2078	10.8097	0.	0.902094	0.431539	0.	-42.5	64.4347	7.	0	
7.02434	34.8442	352	1	-1	-1	115	74	-1	6.24062	-63.7264	0.	6.23686	10.824	0.	0.89669	0.442658	0.	-42.5	63.7264	7.	0	
7.05434	33.3302	353	1	-1	-1	116	74	-1	6.27001	-63.0181	0.	6.26574	10.8387	0.	0.89115	0.45371	0.	-42.5	63.0181	7.	0	
7.08616	31.4328	354	1	-1	-1	116	74	-1	6.29925	-62.3097	0.	6.29444	10.8538	0.	0.885472	0.464692	0.	-42.5	62.3097	7.	0	
7.11811	31.2929	355	1	-1	-1	116	74	-1	6.32836	-61.6014	0.	6.32294	10.8692	0.	0.87966	0.475603	0.	-42.5	61.6014	7.	0	
7.15059	30.7915	356	1	-1	-1	116	74	-1	6.35732	-60.8931	0.	6.35126	10.885	0.	0.873713	0.486441	0.	-42.5	60.8931	7.	0	
7.1837	30.2081	357	1	-1	-1	116	74	-1	6.38613	-60.1847	0.	6.37938	10.9011	0.	0.867633	0.497205	0.	-42.5	60.1847	7.	0	
7.21181	35.5673	358	1	-1	-1	116	74	-1	6.41479	-59.4764	0.	6.40729	10.9176	0.	0.86142	0.507893	0.	-42.5	59.4764	7.	0	
7.24113	34.1056	359	1	-1	-1	116	75	-1	6.4433	-58.7681	0.	6.435	10.9344	0.	0.855075	0.518504	0.	-42.5	58.7681	7.	0	
7.2705	34.0485	360	1	-1	-1	117	75	-1	6.47165	-58.0597	0.	6.46251	10.9515	0.	0.8486	0.529035	0.	-42.5	58.0597	7.	0	
7.30168	32.0746	361	0	-1	-1	-1	-1	-1	6.49985	-57.3514	0.	6.48979	10.969	0.	0.841995	0.539485	0.	-42.5	57.3514	7.	0	
7.34255	24.4685	362	0	-1	-1	-1	-1	-1	6.49985	-56.6667	0.	6.48979	10.969	0.	0.835488	0.549509	0.	-41.0833	56.6667	0.	0	
7.38172	25.5248	363	0	-1	-1	-1	-1	-1	6.49985	-56.0056	0.	6.48979	10.969	0.	0.829092	0.559113	0.	-39.6667	56.0056	0.	0	
7.42428	23.498	364	0	-1	-1	-1	-1	-1	6.49985	-55.3681	0.	6.48979	10.969	0.	0.82282	0.568303	0.	-38.25	55.3681	0.	0	
7.46228	26.3137	365	0	-1	-1	-1	-1	-1	6.49985	-54.7542	0.	6.48979	10.969	0.	0.816684	0.577086	0.	-36.8333	54.7542	0.	0	
7.50219	25.0572	366	0	-1	-1	-1	-1	-1	6.49985	-54.1639	0.	6.48979	10.969	0.	0.810695	0.585469	0.	-35.4167	54.1639	0.	0	
7.54506	23.326	367	0	-1	-1	-1	-1	-1	6.49985	-53.5972	0.	6.48979	10.969	0.	0.804865	0.593458	0.	-34.	53.5972	0.	0	
7.5835	26.019	368	0	-1	-1	-1	-1	-1	6.49985	-53.0542	0.	6.48979	10.969	0.	0.799204	0.60106	0.	-32.5833	53.0542	0.	0	
7.62166	26.2046	369	0	-1	-1	-1	-1	-1	6.49985	-52.5347	0.	6.48979	10.969	0.	0.793722	0.608281	0.	-31.1667	52.5347	0.	0	
7.66001	26.0751	370	0	-1	-1	-1	-1	-1	6.49985	-52.0389	0.	6.48979	10.969	0.	0.788428	0.615126	0.	-29.75	52.0389	0.	0	
7.69835	26.08	371	0	-1	-1	-1	-1	-1	6.49985	-51.5667	0.	6.48979	10.969	0.	0.783332	0.621604	0.	-28.3333	51.5667	0.	0	
7.74039	23.7908	372	0	-1	-1	-1	-1	-1	6.49985	-51.1181	0.	6.48979	10.969	0.	0.778441	0.627718	0.	-26.9167	51.1181	0.	0	
7.78184	24.1248	373	0	-1	-1	-1	-1	-1	6.49985	-50.6931	0.	6.48979	10.969	0.	0.773763	0.633475	0.	-25.5	50.6931	0.	0	
7.82031	25.9892	374	0	-1	-1	-1	-1	-1	6.49985	-50.2917	0.	6.48979	10.969	0.	0.769307	0.63888	0.	-24.0833	50.2917	0.	0	
7.86014	25.1106	375	0	-1	-1	-1	-1	-1	6.49985	-49.9139	0.	6.48979	10.969	0.	0.765078	0.643938	0.	-22.6667	49.9139	0.	0	
7.90377	22.9211	376	0	-1	-1	-1	-1	-1	6.49985	-49.5597	0.	6.48979	10.969	0.	0.761083	0.648655	0.	-21.25	49.5597	0.	0	
7.95133	21.0244	377	0	-1	-1	-1	-1	-1	6.49985	-49.2292	0.	6.48979	10.969	0.	0.757328	0.653035	0.	-19.8333	49.2292	0.	0	
7.99326	23.8468	378	0	-1	-1	-1	-1	-1	6.49985	-48.9222	0.	6.48979	10.969	0.	0.753818	0.657083	0.	-18.4167	48.9222	0.	0	
8.032	25.8194	379	0	-1	-1	-1	-1	-1	6.49985	-48.6389	0.	6.48979	10.969	0.	0.75056	0.660803	0.	-17.	48.6389	0.	0	
8.07017	26.1934	380	0	-1	-1	-1	-1	-1	6.49985	-48.3792	0.	6.48979	10.969	0.	0.747557	0.664198	0.	-15.5833	48.3792	0.	0	
8.10865	25.9918	381	0	-1	-1	-1	-1	-1	6.49985	-48.1431	0.	6.48979	10.969	0.	0.744813	0.667273	0.	-14.1667	48.1431	0.	0	
8.14736	25.8323	382	0	-1	-1	-1	-1	-1	6.49985	-47.9306	0.	6.48979	10.969	0.	0.742333	0.670031	0.	-12.75	47.9306	0.	0	
8.18671	25.4121	383	0	-1	-1	-1	-1	-1	6.49985	-47.7417	0.	6.48979	10.969	0.	0.74012	0.672474	0.	-11.3333	47.7417	0.	0	
8.22487	26.2052	384	0	-1	-1	-1	-1	-1	6.49985	-47.5764	0.	6.48979	10.969	0.	0.738177	0.674607	0.	-9.91667	47.5764	0.	0	
8.26441	25.2895	385	0	-1	-1	-1	-1	-1	6.49985	-47.4347	0.	6.48979	10.969	0.	0.736507	0.67643	0.	-8.5	47.4347	0.	0	
8.30312	25.836	386	0	-1	-1	-1	-1	-1	6.49985	-47.3167	0.	6.48979	10.969	0.	0.735112	0.677946	0.	-7.08333	47.3167	0.	0	
8.34244	25.4327	387	0	-1	-1	-1	-1	-1	6.49985	-47.2222	0.	6.48979	10.969	0.	0.733993	0.679157	0.	-5.66667	47.2222	0.	0	
8.38173	25.4493	388	0	-1	-1	-1	-1	-1	6.49985	-47.1514	0.	6.48979	10.969	0.	0.733153	0.680064	0.	-4.25	47.1514	0.	0	
8.41953	26.4578	389	0	-1	-1	-1	-1	-1	6.49985	-47.1042	0.	6.48979	10.969	0.	0.732592	0.680668	0.	-2.83333	47.1042	0.	0	
8.46188	23.6133	390	0	-1	-1	-1	-1	-1	6.49985	-47.0806	0.	6.48979	10.969	0.	0.732312	0.680969	0.	-1.41667	47.0806	0.	0	
8.50422	23.6171	391	0	-1	-1	-1	-1	-1	6.49985	-47.0806	0.	6.48979	10.969	0.	0.732312	0.680969	0.	0.	47.0806	0.	0	
8.54789	22.8984	392	0	-1	-1	-1	-1	-1	6.49985	-47.0806	0.	6.48979	10.969	0.	0.732312	0.680969	0.	0.	47.0806	0.	0	
8.58927	24.1653	393	0	-1	-1	-1	-1	-1	6.49985	-47.0806	0.	6.48979	10.969	0.	0.732312	0.680969	0.	0.	47.0806	0.	0	
8.62968	24.7438	394	0	-1	-1	-1	-1	-1	6.49985	-47.0806	0.	6.48979	10.969	0.	0.732312	0.680969	0.	0.	47.0806	0.	0	
8.66913	25.3539	395	0	-1	-1	-1	-1	-1	6.49985	-47.0806	0.	6.48979	10.969	0.	0.732312	0.680969	0.	0.	47.0806	0.	0	
8.70856	25.3609	396	0	-1	-1	-1	-1	-1	6.49985	-47.0806	0.	6.48979	10.969	0.	0.732312	0.680969	0.	0.	47.0806	0.	0	
8.74689	26.088	397	0	-1	-1	-1	-1	-1	6.49985	-47.0806	0.	6.48979	10.969	0.	0.732312	0.680969	0.	0.	47.0806	0.	0	
8.78647	25.2619	398	0	-1	-1	-1	-1	-1	6.49985	-47.0806	0.	6.48979	10.969	0.	0.732312	0.680969	0.	0.	47.0806	0.	0	
8.82581	25.4197	399	0	-1	-1	-1	-1	-1	6.49985	-47.0806	0.	6.48979	10.969	0.	0.732312	0.680969	0.	0.	47.0806	0.	0	
8.86917	23.0669	400	0	-1	-1	-1	-1	-1	6.49985	-47.0806	0.	6.48979	10.969	0.	0.732312	0.680969	0.	0.	47.0806	0.	0	
8.91101	23.8998	401	0	-1	-1	-1	-1	-1	6.49985	-47.0806	0.	6.48979	10.969	0.	0.732312	0.680969	0.	0.	47.0806	0.	0	
8.95069	25.2004	402	0	-1	-1	-1	-1	-1	6.49985	-47.0806	0.	6.48979	10.969	0.	0.732312	0.680969	0.	0.	47.0806	0.	0	
8.99018	25.3219	403	0	-1	-1	-1	-1	-1	6.49985	-47.0806	0.	6.48979	10.969	0.	0.732312	0.680969	0.	0.	47.0806	0.	0	
9.02846	26.1244	404	0	-1	-1	-1	-1	-1	6.49985	-47.0806	0.	6.48979	10.969	0.	0.732312	0.680969	0.	0.	47.0806	0.	0	
9.06799	25.2941	405	0	-1	-1	-1	-1	-1	6.49985	-47.0806	0.	6.48979	10.969	0.	0.732312	0.680969	0.	0.	47.0806	0.	0	
9.10722	25.4914	406	0	-1	-1	-1	-1	-1	6.49985	-47.0806	0.	6.48979	10.969	0.	0.732312	0.680969	0.	0.	47.0806	0.	0	
9.14523	26.3108	407	0	-1	-1	-1	-1	-1	6.49985	-47.0806	0.	6.48979	10.969	0.	0.732312	0.680969	0.	0.	47.0806	0.	0	
9.18957	22.5527	408	0	-1	-1	-1	-1	-1	6.49985	-47.0806	0.	6.48979	10.969	0.	0.732312	0.680969	0.	0.	47.0806	0.	0	
9.23273	23.171	409	0	-1	-1	-1	-1	-1	6.49985	-47.0806	0.	6.48979	10.969	0.	0.732312	0.680969	0.	0.	47.0806	0.	0	
9.27093	26.1789	410	0	-1	-1	-1	-1	-1	6.49985	-47.0806	0.	6.48979	10.969	0.	0.732312	0.680969	0.	0.	47.0806	0.	0	
9.31341	23.5388	411	0	-1	-1	-1	-1	-1	6.49985	-47.0806	0.	6.48979	10.969	0.	0.732312	0.680969	0.	0.	47.0806	0.	0	
9.35614	23.4021	412	0	-1	-1	-1	-1	-1	6.49985	-47.0806	0.	6.48979	10.969	0.	0.732312	0.680969	0.	0.	47.0806	0.	0	
9.40056	22.5108	413	0	-1	-1	-1	-1	-1	6.49985	-47.0806	0.	6.48979	10.969	0.	0.732312	0.680969	0.	0.	47.0806	0.	0	
9.44819	20.9948	414	0	-1	-1	-1	-1	-1	6.49985	-47.0806	0.	6.48979	10.969	0.	0.732312	0.680969	0.	0.	47.0806	0.	0	
9.48819	25.003	415	0	-1	-1	-1	-1	-1	6.49985	-47.0806	0.	6.48979	10.969	0.	0.732312	0.680969	0.	0.	47.0806	0.	0	
9.53149	23.0962	416	0	-1	-1	-1	-1	-1	6.49985	-47.0806	0.	6.48979	10.969	0.	0.732312	0.680969	0.	0.	47.0806	0.	0	
9.57221	24.5536	417	0	-1	-1	-1	-1	-1	6.49985	-47.0806	0.	6.48979	10.969	0.	0.732312	0.680969	0.	0.	47.0806	0.	0	
9.61455	23.6197	418	0	-1	-1	-1	-1	-1	6.49985	-47.0806	0.	6.48979	10.969	0.	0.732312	0.680969	0.	0.	47.0806	0.	0	
9.65402	25.3378	419	0	-1	-1	-1	-1	-1	6.49985	-47.0806	0.	6.48979	10.969	0.	0.732312	0.680969	0.	0.	47.0806	0.	0	
9.69304	25.6259	420	0	-1	-1	-1	-1	-1	6.49985	-47.0806	0.	6.48979	10.969	0.	0.732312	0.680969	0.	0.	47.0806	0.	0	
9.73335	24.8058	421	0	-1	-1	-1	-1	-1	6.49985	-47.0806	0.	6.48979	10.969	0.	0.732312	0.680969	0.	0.	47.0806	0.	0	
9.77291	25.2833	422	0	-1	-1	-1	-1	-1	6.49985	-47.0806	0.	6.48979	10.969	0.	0.732312	0.680969	0.	0.	47.0806	0.	0	
9.81131	26.0407	423	0	-1	-1	-1	-1	-1	6.49985	-47.0806	0.	6.48979	10.969	0.	0.732312	0.680969	0.	0.	47.0806	0.	0	
9.85297	24.0041	424	0	-1	-1	-1	-1	-1	6.49985	-47.0806	0.	6.48979	10.969	0.	0.732312	0.680969	0.	0.	47.0806	0.	0	
9.89281	25.0996	425	0	-1	-1	-1	-1	-1	6.49985	-47.0806	0.	6.48979	10.969	0.	0.732312	0.680969	0.	0.	47.0806	0.	0	
9.93266	25.095	426	0	-1	-1	-1	-1	-1	6.49985	-47.0806	0.	6.48979	10.969	0.	0.732312	0.680969	0.	0.	47.0806	0.	0	
9.97385	24.2787	427	0	-1	-1	-1	-1	-1	6.49985	-47.0806	0.	6.48979	10.969	0.	0.732312	0.680969	0.	0.	47.0806	0.	0	
10.0134	25.2777	428	0	-1	-1	-1	-1	-1	6.49985	-47.0806	0.	6.48979	10.969	0.	0.732312	0.680969	0.	0.	47.0806	0.	0	
10.0529	25.314	429	0	-1	-1	-1	-1	-1	6.49985	-47.0806	0.	6.48979	10.969	0.	0.732312	0.680969	0.	0.	47.0806	0.	0	
10.0922	25.4329	430	0	-1	-1	-1	-1	-1	6.49985	-47.0806	0.	6.48979	10.969	0.	0.732312	0.680969	0.	0.	47.0806	0.	0	
10.1308	25.9304	431	0	-1	-1	-1	-1	-1	6.49985	-47.0806	0.	6.48979	10.969	0.	0.732312	0.680969	0.	0.	47.0806	0.	0	
10.1694	25.9071	432	0	-1	-1	-1	-1	-1	6.49985	-47.0806	0.	6.48979	10.969	0.	0.732312	0.680969	0.	0.	47.0806	0.	0	
10.2119	23.5361	433	0	-1	-1	-1	-1	-1	6.49985	-47.0806	0.	6.48979	10.969	0.	0.732312	0.680969	0.	0.	47.0806	0.	0	
10.2519	25.0088	434	0	-1	-1	-1	-1	-1	6.49985	-47.0806	0.	6.48979	10.969	0.	0.732312	0.680969	0.	0.	47.0806	0.	0	
10.2922	24.8241	435	0	-1	-1	-1	-1	-1	6.49985	-47.0806	0.	6.48979	10.969	0.	0.732312	0.680969	0.	0.	47.0806	0.	0	
10.3307	25.9633	436	0	-1	-1	-1	-1	-1	6.49985	-47.0806	0.	6.48979	10.969	0.	0.732312	0.680969	0.	0.	47.0806	0.	0	
10.369	26.0983	437	0	-1	-1	-1	-1	-1	6.49985	-47.0806	0.	6.48979	10.969	0.	0.732312	0.680969	0.	0.	47.0806	0.	0	
10.4085	25.2858	438	0	-1	-1	-1	-1	-1	6.49985	-47.0806	0.	6.48979	10.969	0.	0.732312	0.680969	0.	0.	47.0806	0.	0	
10.4512	23.4147	439	0	-1	-1	-1	-1	-1	6.49985	-47.0806	0.	6.48979	10.969	0.	0.732312	0.680969	0.	0.	47.0806	0.	0	
10.4959	22.3928	440	0	-1	-1	-1	-1	-1	6.49985	-47.0806	0.	6.48979	10.969	0.	0.732312	0.680969	0.	0.	47.0806	0.	0	
10.5352	25.4277	441	0	-1	-1	-1	-1	-1	6.49985	-47.0806	0.	6.48979	10.969	0.	0.732312	0.680969	0.	0.	47.0806	0.	0	
10.5746	25.371	442	0	-1	-1	-1	-1	-1	6.49985	-47.0806	0.	6.48979	10.969	0.	0.732312	0.680969	0.	0.	47.0806	0.	0	
10.6133	25.8969	443	0	-1	-1	-1	-1	-1	6.49985	-47.0806	0.	6.48979	10.969	0.	0.732312	0.680969	0.	0.	47.0806	0.	0	
10.6539	24.6094	444	0	-1	-1	-1	-1	-1	6.49985	-47.0806	0.	6.48979	10.969	0.	0.732312	0.680969	0.	0.	47.0806	0.	0	
10.6973	23.0357	445	0	-1	-1	-1	-1	-1	6.49985	-47.0806	0.	6.48979	10.969	0.	0.732312	0.680969	0.	0.	47.0806	0.	0	
10.7404	23.209	446	0	-1	-1	-1	-1	-1	6.49985	-47.0806	0.	6.48979	10.969	0.	0.732312	0.680969	0.	0.	47.0806	0.	0	
10.783	23.4731	447	0	-1	-1	-1	-1	-1	6.49985	-47.0806	0.	6.48979	10.969	0.	0.732312	0.680969	0.	0.	47.0806	0.	0	
10.8261	23.1713	448	0	-1	-1	-1	-1	-1	6.49985	-47.0806	0.	6.48979	10.969	0.	0.732312	0.680969	0.	0.	47.0806	0.	0	
10.8682	23.7703	449	0	-1	-1	-1	-1	-1	6.49985	-47.0806	0.	6.48979	10.969	0.	0.732312	0.680969	0.	0.	47.0806	0.	0	
10.9076	25.4099	450	0	-1	-1	-1	-1	-1	6.49985	-47.0806	0.	6.48979	10.969	0.	0.732312	0.680969	0.	0.	47.0806	0.	0	
10.9476	24.9975	451	0	-1	-1	-1	-1	-1	6.49985	-47.0806	0.	6.48979	10.969	0.	0.732312	0.680969	0.	0.	47.0806	0.	0	
10.9863	25.8102	452	0	-1	-1	-1	-1	-1	6.49985	-47.0806	0.	6.48979	10.969	0.	0.732312	0.680969	0.	0.	47.0806	0.	0	
11.025	25.8479	453	0	-1	-1	-1	-1	-1	6.49985	-47.0806	0.	6.48979	10.969	0.	0.732312	0.680969	0.	0.	47.0806	0.	0	
11.0641	25.6026	454	0	-1	-1	-1	-1	-1	6.49985	-47.0806	0.	6.48979	10.969	0.	0.732312	0.680969	0.	0.	47.0806	0.	0	
11.1017	26.559	455	0	-1	-1	-1	-1	-1	6.49985	-47.0806	0.	6.48979	10.969	0.	0.732312	0.680969	0.	0.	47.0806	0.	0	
11.1399	26.1806	456	0	-1	-1	-1	-1	-1	6.49985	-47.0806	0.	6.48979	10.969	0.	0.732312	0.680969	0.	0.	47.0806	0.	0	
11.1774	26.6975	457	0	-1	-1	-1	-1	-1	6.49985	-47.0806	0.	6.48979	10.969	0.	0.732312	0.680969	0.	0.	47.0806	0.	0	
11.2164	25.6128	458	0	-1	-1	-1	-1	-1	6.49985	-47.0806	0.	6.48979	10.969	0.	0.732312	0.680969	0.	0.	47.0806	0.	0	
11.2556	25.5347	459	0	-1	-1	-1	-1	-1	6.49985	-47.0806	0.	6.48979	10.969	0.	0.732312	0.680969	0.	0.	47.0806	0.	0	
11.2936	26.33	460	0	-1	-1	-1	-1	-1	6.49985	-47.0806	0.	6.48979	10.969	0.	0.732312	0.680969	0.	0.	47.0806	0.	0	
11.3311	26.6303	461	0	-1	-1	-1	-1	-1	6.49985	-47.0806	0.	6.48979	10.969	0.	0.732312	0.680969	0.	0.	47.0806	0.	0	
11.371	25.0874	462	0	-1	-1	-1	-1	-1	6.49985	-47.0806	0.	6.48979	10.969	0.	0.732312	0.680969	0.	0.	47.0806	0.	0	
11.4098	25.7404	463	0	-1	-1	-1	-1	-1	6.49985	-47.0806	0.	6.48979	10.969	0.	0.732312	0.680969	0.	0.	47.0806	0.	0	
11.4528	23.2706	464	0	-1	-1	-1	-1	-1	6.49985	-47.0806	0.	6.48979	10.969	0.	0.732312	0.680969	0.	0.	47.0806	0.	0	
11.4919	25.5473	465	0	-1	-1	-1	-1	-1	6.49985	-47.0806	0.	6.48979	10.969	0.	0.732312	0.680969	0.	0.	47.0806	0.	0	
11.5309	25.6394	466	0	-1	-1	-1	-1	-1	6.49985	-47.0806	0.	6.48979	10.969	0.	0.732312	0.680969	0.	0.	47.0806	0.	0	
11.5732	23.6537	467	0	-1	-1	-1	-1	-1	6.49985	-47.0806	0.	6.48979	10.969	0.	0.732312	0.680969	0.	0.	47.0806	0.	0	
11.6129	25.1954	468	0	-1	-1	-1	-1	-1	6.49985	-47.0806	0.	6.48979	10.969	0.	0.732312	0.680969	0.	0.	47.0806	0.	0	
11.6516	25.8454	469	0	-1	-1	-1	-1	-1	6.49985	-47.0806	0.	6.48979	10.969	0.	0.732312	0.680969	0.	0.	47.0806	0.	0	
11.6936	23.7842	470	0	-1	-1	-1	-1	-1	6.49985	-47.0806	0.	6.48979	10.969	0.	0.732312	0.680969	0.	0.	47.0806	0.	0	
11.7328	25.5203	471	0	-1	-1	-1	-1	-1	6.49985	-47.0806	0.	6.48979	10.969	0.	0.732312	0.680969	0.	0.	47.0806	0.	0	
11.7778	22.2429	472	0	-1	-1	-1	-1	-1	6.49985	-47.0806	0.	6.48979	10.969	0.	0.732312	0.680969	0.	0.	47.0806	0.	0	
11.8161	26.1059	473	0	-1	-1	-1	-1	-1	6.49985	-47.0806	0.	6.48979	10.969	0.	0.732312	0.680969	0.	0.	47.0806	0.	0	
11.855	25.6917	474	0	-1	-1	-1	-1	-1	6.49985	-47.0806	0.	6.48979	10.969	0.	0.732312	0.680969	0.	0.	47.0806	0.	0	
11.8983	23.0883	475	0	-1	-1	-1	-1	-1	6.49985	-47.0806	0.	6.48979	10.969	0.	0.732312	0.680969	0.	0.	47.0806	0.	0	
11.937	25.883	476	0	-1	-1	-1	-1	-1	6.49985	-47.0806	0.	6.48979	10.969	0.	0.732312	0.680969	0.	0.	47.0806	0.	0	
11.976	25.6339	477	0	-1	-1	-1	-1	-1	6.49985	-47.0806	0.	6.48979	10.969	0.	0.732312	0.680969	0.	0.	47.0806	0.	0	
12.0184	23.5681	478	0	-1	-1	-1	-1	-1	6.49985	-47.0806	0.	6.48979	10.969	0.	0.732312	0.680969	0.	0.	47.0806	0.	0	
12.0611	23.3938	479	0	-1	-1	-1	-1	-1	6.49985	-47.0806	0.	6.48979	10.969	0.	0.732312	0.680969	0.	0.	47.0806	0.	0	
12.1024	24.2605	480	0	-1	-1	-1	-1	-1	6.49985	-47.0806	0.	6.48979	10.969	0.	0.732312	0.680969	0.	0.	47.0806	0.	0	
12.1408	25.9873	481	0	-1	-1	-1	-1	-1	6.49985	-47.0806	0.	6.48979	10.969	0.	0.732312	0.680969	0.	0.	47.0806	0.	0	
12.1799	25.6148	482	0	-1	-1	-1	-1	-1	6.49985	-47.0806	0.	6.48979	10.969	0.	0.732312	0.680969	0.	0.	47.0806	0.	0	
12.2185	25.8644	483	0	-1	-1	-1	-1	-1	6.49985	-47.0806	0.	6.48979	10.969	0.	0.732312	0.680969	0.	0.	47.0806	0.	0	
12.2577	25.5124	484	0	-1	-1	-1	-1	-1	6.49985	-47.0806	0.	6.48979	10.969	0.	0.732312	0.680969	0.	0.	47.0806	0.	0	
12.2973	25.2997	485	0	-1	-1	-1	-1	-1	6.49985	-47.0806	0.	6.48979	10.969	0.	0.732312	0.680969	0.	0.	47.0806	0.	0	
12.3349	26.5825	486	0	-1	-1	-1	-1	-1	6.49985	-47.0806	0.	6.48979	10.969	0.	0.732312	0.680969	0.	0.	47.0806	0.	0	
12.3769	23.8134	487	0	-1	-1	-1	-1	-1	6.49985	-47.0806	0.	6.48979	10.969	0.	0.732312	0.680969	0.	0.	47.0806	0.	0	
12.4255	20.5742	488	0	-1	-1	-1	-1	-1	6.49985	-47.0806	0.	6.48979	10.969	0.	0.732312	0.680969	0.	0.	47.0806	0.	0	
12.4672	23.9496	489	0	-1	-1	-1	-1	-1	6.49985	-47.0806	0.	6.48979	10.969	0.	0.732312	0.680969	0.	0.	47.0806	0.	0	
12.5116	22.5425	490	0	-1	-1	-1	-1	-1	6.49985	-47.0806	0.	6.48979	10.969	0.	0.732312	0.680969	0.	0.	47.0806	0.	0	
12.555	23.0491	491	0	-1	-1	-1	-1	-1	6.49985	-47.0806	0.	6.48979	10.969	0.	0.732312	0.680969	0.	0.	47.0806	0.	0	
12.5936	25.8832	492	0	-1	-1	-1	-1	-1	6.49985	-47.0806	0.	6.48979	10.969	0.	0.732312	0.680969	0.	0.	47.0806	0.	0	
12.6316	26.3091	493	0	-1	-1	-1	-1	-1	6.49985	-47.0806	0.	6.48979	10.969	0.	0.732312	0.680969	0.	0.	47.0806	0.	0	
12.6711	25.3605	494	0	-1	-1	-1	-1	-1	6.49985	-47.0806	0.	6.48979	10.969	0.	0.732312	0.680969	0.	0.	47.0806	0.	0	
12.7094	26.0503	495	0	-1	-1	-1	-1	-1	6.49985	-47.0806	0.	6.48979	10.969	0.	0.732312	0.680969	0.	0.	47.0806	0.	0	
12.7492	25.135	496	0	-1	-1	-1	-1	-1	6.49985	-47.0806	0.	6.48979	10.969	0.	0.732312	0.680969	0.	0.	47.0806	0.	0	
12.7868	26.601	497	0	-1	-1	-1	-1	-1	6.49985	-47.0806	0.	6.48979	10.969	0.	0.732312	0.680969	0.	0.	47.0806	0.	0	
12.8255	25.8664	498	0	-1	-1	-1	-1	-1	6.49985	-47.0806	0.	6.48979	10.969	0.	0.732312	0.680969	0.	0.	47.0806	0.	0	
12.866	24.6754	499	0	-1	-1	-1	-1	-1	6.49985	-47.0806	0.	6.48979	10.969	0.	0.732312	0.680969	0.	0.	47.0806	0.	0	
12.9105	22.4754	500	0	-1	-1	-1	-1	-1	6.49985	-47.0806	0.	6.48979	10.969	0.	0.732312	0.680969	0.	0.	47.0806	0.	0	
12.9537	23.144	501	0	-1	-1	-1	-1	-1	6.49985	-47.0806	0.	6.48979	10.969	0.	0.732312	0.680969	0.	0.	47.0806	0.	0	
12.9929	25.5183	502	0	-1	-1	-1	-1	-1	6.49985	-47.0806	0.	6.48979	10.969	0.	0.732312	0.680969	0.	0.	47.0806	0.	0	
13.0359	23.2546	503	0	-1	-1	-1	-1	-1	6.49985	-47.0806	0.	6.48979	10.969	0.	0.732312	0.680969	0.	0.	47.0806	0.	0	
13.0765	24.6092	504	0	-1	-1	-1	-1	-1	6.49985	-47.0806	0.	6.48979	10.969	0.	0.732312	0.680969	0.	0.	47.0806	0.	0	
13.1183	23.9274	505	0	-1	-1	-1	-1	-1	6.49985	-47.0806	0.	6.48979	10.969	0.	0.732312	0.680969	0.	0.	47.0806	0.	0	
13.1594	24.3606	506	0	-1	-1	-1	-1	-1	6.49985	-47.0806	0.	6.48979	10.969	0.	0.732312	0.680969	0.	0.	47.0806	0.	0	
13.1989	25.321	507	0	-1	-1	-1	-1	-1	6.49985	-47.0806	0.	6.48979	10.969	0.	0.732312	0.680969	0.	0.	47.0806	0.	0	
13.2389	24.967	508	0	-1	-1	-1	-1	-1	6.49985	-47.0806	0.	6.48979	10.969	0.	0.732312	0.680969	0.	0.	47.0806	0.	0	
13.2796	24.5915	509	0	-1	-1	-1	-1	-1	6.49985	-47.0806	0.	6.48979	10.969	0.	0.732312	0.680969	0.	0.	47.0806	0.	0	
13.3238	22.6447	510	0	-1	-1	-1	-1	-1	6.49985	-47.0806	0.	6.48979	10.969	0.	0.732312	0.680969	0.	0.	47.0806	0.	0	
13.362	26.1521	511	0	-1	-1	-1	-1	-1	6.49985	-47.0806	0.	6.48979	10.969	0.	0.732312	0.680969	0.	0.	47.0806	0.	0	
13.4011	25.5429	512	0	-1	-1	-1	-1	-1	6.49985	-47.0806	0.	6.48979	10.969	0.	0.732312	0.680969	0.	0.	47.0806	0.	0	
13.4431	23.8321	513	0	-1	-1	-1	-1	-1	6.49985	-47.0806	0.	6.48979	10.969	0.	0.732312	0.680969	0.	0.	47.0806	0.	0	
13.4808	26.5095	514	0	-1	-1	-1	-1	-1	6.49985	-47.0806	0.	6.48979	10.969	0.	0.732312	0.680969	0.	0.	47.0806	0.	0	
13.5196	25.7875	515	0	-1	-1	-1	-1	-1	6.49985	-47.0806	0.	6.48979	10.969	0.	0.732312	0.680969	0.	0.	47.0806	0.	0	
13.5578	26.2071	516	0	-1	-1	-1	-1	-1	6.49985	-47.0806	0.	6.48979	10.969	0.	0.732312	0.680969	0.	0.	47.0806	0.	0	
13.5965	25.8009	517	0	-1	-1	-1	-1	-1	6.49985	-47.0806	0.	6.48979	10.969	0.	0.732312	0.680969	0.	0.	47.0806	0.	0	
13.6353	25.7698	518	0	-1	-1	-1	-1	-1	6.49985	-47.0806	0.	6.48979	10.969	0.	0.732312	0.680969	0.	0.	47.0806	0.	0	
13.6735	26.1713	519	0	-1	-1	-1	-1	-1	6.49985	-47.0806	0.	6.48979	10.969	0.	0.732312	0.680969	0.	0.	47.0806	0.	0	
13.7143	24.5118	520	0	-1	-1	-1	-1	-1	6.49985	-47.0806	0.	6.48979	10.969	0.	0.732312	0.680969	0.	0.	47.0806	0.	0	
13.7562	23.8903	521	0	-1	-1	-1	-1	-1	6.49985	-47.0806	0.	6.48979	10.969	0.	0.732312	0.680969	0.	0.	47.0806	0.	0	
13.7946	26.0112	522	0	-1	-1	-1	-1	-1	6.49985	-47.0806	0.	6.48979	10.969	0.	0.732312	0.680969	0.	0.	47.0806	0.	0	
13.8365	23.892	523	0	-1	-1	-1	-1	-1	6.49985	-47.0806	0.	6.48979	10.969	0.	0.732312	0.680969	0.	0.	47.0806	0.	0	
13.8762	25.1529	524	0	-1	-1	-1	-1	-1	6.49985	-47.0806	0.	6.48979	10.969	0.	0.732312	0.680969	0.	0.	47.0806	0.	0	
13.9164	24.9075	525	0	-1	-1	-1	-1	-1	6.49985	-47.0806	0.	6.48979	10.969	0.	0.732312	0.680969	0.	0.	47.0806	0.	0	
13.9541	26.5227	526	0	-1	-1	-1	-1	-1	6.49985	-47.0806	0.	6.48979	10.969	0.	0.732312	0.680969	0.	0.	47.0806	0.	0	
13.9922	26.2152	527	0	-1	-1	-1	-1	-1	6.49985	-47.0806	0.	6.48979	10.969	0.	0.732312	0.680969	0.	0.	47.0806	0.	0	
14.0349	23.4379	528	0	-1	-1	-1	-1	-1	6.49985	-47.0806	0.	6.48979	10.969	0.	0.732312	0.680969	0.	0.	47.0806	0.	0	
14.0741	25.4846	529	0	-1	-1	-1	-1	-1	6.49985	-47.0806	0.	6.48979	10.969	0.	0.732312	0.680969	0.	0.	47.0806	0.	0	
14.1125	26.0858	530	0	-1	-1	-1	-1	-1	6.49985	-47.0806	0.	6.48979	10.969	0.	0.732312	0.680969	0.	0.	47.0806	0.	0	
14.1533	24.514	531	0	-1	-1	-1	-1	-1	6.49985	-47.0806	0.	6.48979	10.969	0.	0.732312	0.680969	0.	0.	47.0806	0.	0	
14.1966	23.0941	532	0	-1	-1	-1	-1	-1	6.49985	-47.0806	0.	6.48979	10.969	0.	0.732312	0.680969	0.	0.	47.0806	0.	0	
14.2348	26.1391	533	0	-1	-1	-1	-1	-1	6.49985	-47.0806	0.	6.48979	10.969	0.	0.732312	0.680969	0.	0.	47.0806	0.	0	
14.275	24.8893	534	0	-1	-1	-1	-1	-1	6.49985	-47.0806	0.	6.48979	10.969	0.	0.732312	0.680969	0.	0.	47.0806	0.	0	
14.3162	24.2621	535	0	-1	-1	-1	-1	-1	6.49985	-47.0806	0.	6.48979	10.969	0.	0.732312	0.680969	0.	0.	47.0806	0.	0	
14.3595	23.1189	536	0	-1	-1	-1	-1	-1	6.49985	-47.0806	0.	6.48979	10.969	0.	0.732312	0.680969	0.	0.	47.0806	0.	0	
14.4039	22.5289	537	0	-1	-1	-1	-1	-1	6.49985	-47.0806	0.	6.48979	10.969	0.	0.732312	0.680969	0.	0.	47.0806	0.	0	
14.447	23.1952	538	0	-1	-1	-1	-1	-1	6.49985	-47.0806	0.	6.48979	10.969	0.	0.732312	0.680969	0.	0.	47.0806	0.	0	
14.4873	24.8118	539	0	-1	-1	-1	-1	-1	6.49985	-47.0806	0.	6.48979	10.969	0.	0.732312	0.680969	0.	0.	47.0806	0.	0	
14.5254	26.2549	540	0	-1	-1	-1	-1	-1	6.49985	-47.0806	0.	6.48979	10.969	0.	0.732312	0.680969	0.	0.	47.0806	0.	0	
14.5684	23.2402	541	0	-1	-1	-1	-1	-1	6.49985	-47.0806	0.	6.48979	10.969	0.	0.732312	0.680969	0.	0.	47.0806	0.	0	
14.6068	26.0253	542	0	-1	-1	-1	-1	-1	6.49985	-47.0806	0.	6.48979	10.969	0.	0.732312	0.680969	0.	0.	47.0806	0.	0	
14.6445	26.5469	543	0	-1	-1	-1	-1	-1	6.49985	-47.0806	0.	6.48979	10.969	0.	0.732312	0.680969	0.	0.	47.0806	0.	0	
14.6841	25.2723	544	0	-1	-1	-1	-1	-1	6.49985	-47.0806	0.	6.48979	10.969	0.	0.732312	0.680969	0.	0.	47.0806	0.	0	
14.7231	25.5861	545	0	-1	-1	-1	-1	-1	6.49985	-47.0806	0.	6.48979	10.969	0.	0.732312	0.680969	0.	0.	47.0806	0.	0	
14.7633	24.9215	546	0	-1	-1	-1	-1	-1	6.49985	-47.0806	0.	6.48979	10.969	0.	0.732312	0.680969	0.	0.	47.0806	0.	0	
14.806	23.4014	547	0	-1	-1	-1	-1	-1	6.49985	-47.0806	0.	6.48979	10.969	0.	0.732312	0.680969	0.	0.	47.0806	0.	0	
14.8497	22.8758	548	0	-1	-1	-1	-1	-1	6.49985	-47.0806	0.	6.48979	10.969	0.	0.732312	0.680969	0.	0.	47.0806	0.	0	
14.8881	26.086	549	0	-1	-1	-1	-1	-1	6.49985	-47.0806	0.	6.48979	10.969	0.	0.732312	0.680969	0.	0.	47.0806	0.	0	
14.9274	25.3875	550	0	-1	-1	-1	-1	-1	6.49985	-47.0806	0.	6.48979	10.969	0.	0.732312	0.680969	0.	0.	47.0806	0.	0	
14.9658	26.0769	551	0	-1	-1	-1	-1	-1	6.49985	-47.0806	0.	6.48979	10.969	0.	0.732312	0.680969	0.	0.	47.0806	0.	0	
15.0037	26.3971	552	0	-1	-1	-1	-1	-1	6.49985	-47.0806	0.	6.48979	10.969	0.	0.732312	0.680969	0.	0.	47.0806	0.	0	
15.0421	26.0564	553	0	-1	-1	-1	-1	-1	6.49985	-47.0806	0.	6.48979	10.969	0.	0.732312	0.680969	0.	0.	47.0806	0.	0	
15.0798	26.4733	554	0	-1	-1	-1	-1	-1	6.49985	-47.0806	0.	6.48979	10.969	0.	0.732312	0.680969	0.	0.	47.0806	0.	0	
15.117	26.8757	555	0	-1	-1	-1	-1	-1	6.49985	-47.0806	0.	6.48979	10.969	0.	0.732312	0.680969	0.	0.	47.0806	0.	0	
15.1553	26.1092	556	0	-1	-1	-1	-1	-1	6.49985	-47.0806	0.	6.48979	10.969	0.	0.732312	0.680969	0.	0.	47.0806	0.	0	
15.1935	26.2038	557	0	-1	-1	-1	-1	-1	6.49985	-47.0806	0.	6.48979	10.969	0.	0.732312	0.680969	0.	0.	47.0806	0.	0	
15.2396	21.7074	558	0	-1	-1	-1	-1	-1	6.49985	-47.0806	0.	6.48979	10.969	0.	0.732312	0.680969	0.	0.	47.0806	0.	0	
15.2783	25.8124	559	0	-1	-1	-1	-1	-1	6.49985	-47.0806	0.	6.48979	10.969	0.	0.732312	0.680969	0.	0.	47.0806	0.	0	
15.3178	25.3105	560	0	-1	-1	-1	-1	-1	6.49985	-47.0806	0.	6.48979	10.969	0.	0.732312	0.680969	0.	0.	47.0806	0.	0	
15.358	24.8615	561	0	-1	-1	-1	-1	-1	6.49985	-47.0806	0.	6.48979	10.969	0.	0.732312	0.680969	0.	0.	47.0806	0.	0	
15.4007	23.4666	562	0	-1	-1	-1	-1	-1	6.49985	-47.0806	0.	6.48979	10.969	0.	0.732312	0.680969	0.	0.	47.0806	0.	0	
15.4397	25.6016	563	0	-1	-1	-1	-1	-1	6.49985	-47.0806	0.	6.48979	10.969	0.	0.732312	0.680969	0.	0.	47.0806	0.	0	
15.4822	23.5577	564	0	-1	-1	-1	-1	-1	6.49985	-47.0806	0.	6.48979	10.969	0.	0.732312	0.680969	0.	0.	47.0806	0.	0	
15.5227	24.6414	565	0	-1	-1	-1	-1	-1	6.49985	-47.0806	0.	6.48979	10.969	0.	0.732312	0.680969	0.	0.	47.0806	0.	0	
15.5628	24.9947	566	0	-1	-1	-1	-1	-1	6.49985	-47.0806	0.	6.48979	10.969	0.	0.732312	0.680969	0.	0.	47.0806	0.	0	
15.611	20.7219	567	0	-1	-1	-1	-1	-1	6.49985	-47.0806	0.	6.48979	10.969	0.	0.732312	0.680969	0.	0.	47.0806	0.	0	
15.6538	23.3975	568	0	-1	-1	-1	-1	-1	6.49985	-47.0806	0.	6.48979	10.969	0.	0.732312	0.680969	0.	0.	47.0806	0.	0	
15.6981	22.5731	569	0	-1	-1	-1	-1	-1	6.49985	-47.0806	0.	6.48979	10.969	0.	0.732312	0.680969	0.	0.	47.0806	0.	0	
15.7393	24.2456	570	0	-1	-1	-1	-1	-1	6.49985	-47.0806	0.	6.48979	10.969	0.	0.732312	0.680969	0.	0.	47.0806	0.	0	
15.7831	22.8068	571	0	-1	-1	-1	-1	-1	6.49985	-47.0806	0.	6.48979	10.969	0.	0.732312	0.680969	0.	0.	47.0806	0.	0	
15.8255	23.582	572	0	-1	-1	-1	-1	-1	6.49985	-47.0806	0.	6.48979	10.969	0.	0.732312	0.680969	0.	0.	47.0806	0.	0	
15.8675	23.8527	573	0	-1	-1	-1	-1	-1	6.49985	-47.0806	0.	6.48979	10.969	0.	0.732312	0.680969	0.	0.	47.0806	0.	0	
15.9153	20.9067	574	0	-1	-1	-1	-1	-1	6.49985	-47.0806	0.	6.48979	10.969	0.	0.732312	0.680969	0.	0.	47.0806	0.	0	
15.9565	24.265	575	0	-1	-1	-1	-1	-1	6.49985	-47.0806	0.	6.48979	10.969	0.	0.732312	0.680969	0.	0.	47.0806	0.	0	
15.9958	25.4279	576	0	-1	-1	-1	-1	-1	6.49985	-47.0806	0.	6.48979	10.969	0.	0.732312	0.680969	0.	0.	47.0806	0.	0	
16.0334	26.6494	577	0	-1	-1	-1	-1	-1	6.49985	-47.0806	0.	6.48979	10.969	0.	0.732312	0.680969	0.	0.	47.0806	0.	0	
16.0736	24.8436	578	0	-1	-1	-1	-1	-1	6.49985	-47.0806	0.	6.48979	10.969	0.	0.732312	0.680969	0.	0.	47.0806	0.	0	
16.111	26.7443	579	0	-1	-1	-1	-1	-1	6.49985	-47.0806	0.	6.48979	10.969	0.	0.732312	0.680969	0.	0.	47.0806	0.	0	
16.1534	23.5978	580	0	-1	-1	-1	-1	-1	6.49985	-47.0806	0.	6.48979	10.969	0.	0.732312	0.680969	0.	0.	47.0806	0.	0	
16.1967	23.0993	581	0	-1	-1	-1	-1	-1	6.49985	-47.0806	0.	6.48979	10.969	0.	0.732312	0.680969	0.	0.	47.0806	0.	0	
16.2381	24.1324	582	0	-1	-1	-1	-1	-1	6.49985	-47.0806	0.	6.48979	10.969	0.	0.732312	0.680969	0.	0.	47.0806	0.	0	
16.2775	25.379	583	0	-1	-1	-1	-1	-1	6.49985	-47.0806	0.	6.48979	10.969	0.	0.732312	0.680969	0.	0.	47.0806	0.	0	
16.3166	25.6196	584	0	-1	-1	-1	-1	-1	6.49985	-47.0806	0.	6.48979	10.969	0.	0.732312	0.680969	0.	0.	47.0806	0.	0	
16.356	25.327	585	0	-1	-1	-1	-1	-1	6.49985	-47.0806	0.	6.48979	10.969	0.	0.732312	0.680969	0.	0.	47.0806	0.	0	
16.396	25.0432	586	0	-1	-1	-1	-1	-1	6.49985	-47.0806	0.	6.48979	10.969	0.	0.732312	0.680969	0.	0.	47.0806	0.	0	
16.4338	26.4526	587	0	-1	-1	-1	-1	-1	6.49985	-47.0806	0.	6.48979	10.969	0.	0.732312	0.680969	0.	0.	47.0806	0.	0	
16.4719	26.2266	588	0	-1	-1	-1	-1	-1	6.49985	-47.0806	0.	6.48979	10.969	0.	0.732312	0.680969	0.	0.	47.0806	0.	0	
16.5102	26.124	589	0	-1	-1	-1	-1	-1	6.49985	-47.0806	0.	6.48979	10.969	0.	0.732312	0.680969	0.	0.	47.0806	0.	0	
16.5519	23.965	590	0	-1	-1	-1	-1	-1	6.49985	-47.0806	0.	6.48979	10.969	0.	0.732312	0.680969	0.	0.	47.0806	0.	0	
16.5898	26.4074	591	0	-1	-1	-1	-1	-1	6.49985	-47.0806	0.	6.48979	10.969	0.	0.732312	0.680969	0.	0.	47.0806	0.	0	
16.6324	23.4558	592	0	-1	-1	-1	-1	-1	6.49985	-47.0806	0.	6.48979	10.969	0.	0.732312	0.680969	0.	0.	47.0806	0.	0	
16.6748	23.5818	593	0	-1	-1	-1	-1	-1	6.49985	-47.0806	0.	6.48979	10.969	0.	0.732312	0.680969	0.	0.	47.0806	0.	0	
16.7143	25.3221	594	0	-1	-1	-1	-1	-1	6.49985	-47.0806	0.	6.48979	10.969	0.	0.732312	0.680969	0.	0.	47.0806	0.	0	
16.7527	26.0558	595	0	-1	-1	-1	-1	-1	6.49985	-47.0806	0.	6.48979	10.969	0.	0.732312	0.680969	0.	0.	47.0806	0.	0	
16.7911	26.0186	596	0	-1	-1	-1	-1	-1	6.49985	-47.0806	0.	6.48979	10.969	0.	0.732312	0.680969	0.	0.	47.0806	0.	0	
16.8332	23.7896	597	0	-1	-1	-1	-1	-1	6.49985	-47.0806	0.	6.48979	10.969	0.	0.732312	0.680969	0.	0.	47.0806	0.	0	
16.8726	25.3708	598	0	-1	-1	-1	-1	-1	6.49985	-47.0806	0.	6.48979	10.969	0.	0.732312	0.680969	0.	0.	47.0806	0.	0	
16.9143	23.9731	599	0	-1	-1	-1	-1	-1	6.49985	-47.0806	0.	6.48979	10.969	0.	0.732312	0.680969	0.	0.	47.0806	0.	0	
16.9521	26.4682	600	0	-1	-1	-1	-1	-1	6.49985	-47.0806	0.	6.48979	10.969	0.	0.732312	0.680969	0.	0.	47.0806	0.	0	
16.9921	24.9621	601	0	-1	-1	-1	-1	-1	6.49985	-47.0806	0.	6.48979	10.969	0.	0.732312	0.680969	0.	0.	47.0806	0.	0	
17.031	25.7072	602	0	-1	-1	-1	-1	-1	6.49985	-47.0806	0.	6.48979	10.969	0.	0.732312	0.680969	0.	0.	47.0806	0.	0	
17.0694	26.0362	603	0	-1	-1	-1	-1	-1	6.49985	-47.0806	0.	6.48979	10.969	0.	0.732312	0.680969	0.	0.	47.0806	0.	0	
17.1079	26.0176	604	0	-1	-1	-1	-1	-1	6.49985	-47.0806	0.	6.48979	10.969	0.	0.732312	0.680969	0.	0.	47.0806	0.	0	
17.1473	25.3301	605	0	-1	-1	-1	-1	-1	6.49985	-47.0806	0.	6.48979	10.969	0.	0.732312	0.680969	0.	0.	47.0806	0.	0	
17.1854	26.2505	606	0	-1	-1	-1	-1	-1	6.49985	-47.0806	0.	6.48979	10.969	0.	0.732312	0.680969	0.	0.	47.0806	0.	0	
17.2266	24.297	607	0	-1	-1	-1	-1	-1	6.49985	-47.0806	0.	6.48979	10.969	0.	0.732312	0.680969	0.	0.	47.0806	0.	0	
17.2655	25.7174	608	0	-1	-1	-1	-1	-1	6.49985	-47.0806	0.	6.48979	10.969	0.	0.732312	0.680969	0.	0.	47.0806	0.	0	
17.304	25.9672	609	0	-1	-1	-1	-1	-1	6.49985	-47.0806	0.	6.48979	10.969	0.	0.732312	0.680969	0.	0.	47.0806	0.	0	
17.3436	25.2434	610	0	-1	-1	-1	-1	-1	6.49985	-47.0806	0.	6.48979	10.969	0.	0.732312	0.680969	0.	0.	47.0806	0.	0	
17.3847	24.3207	611	0	-1	-1	-1	-1	-1	6.49985	-47.0806	0.	6.48979	10.969	0.	0.732312	0.680969	0.	0.	47.0806	0.	0	
17.424	25.4771	612	0	-1	-1	-1	-1	-1	6.49985	-47.0806	0.	6.48979	10.969	0.	0.732312	0.680969	0.	0.	47.0806	0.	0	
17.4625	25.9521	613	0	-1	-1	-1	-1	-1	6.49985	-47.0806	0.	6.48979	10.969	0.	0.732312	0.680969	0.	0.	47.0806	0.	0	
17.5024	25.0364	614	0	-1	-1	-1	-1	-1	6.49985	-47.0806	0.	6.48979	10.969	0.	0.732312	0.680969	0.	0.	47.0806	0.	0	
17.5419	25.3545	615	0	-1	-1	-1	-1	-1	6.49985	-47.0806	0.	6.48979	10.969	0.	0.732312	0.680969	0.	0.	47.0806	0.	0	
17.5805	25.9022	616	0	-1	-1	-1	-1	-1	6.49985	-47.0806	0.	6.48979	10.969	0.	0.732312	0.680969	0.	0.	47.0806	0.	0	
17.6197	25.5066	617	0	-1	-1	-1	-1	-1	6.49985	-47.0806	0.	6.48979	10.969	0.	0.732312	0.680969	0.	0.	47.0806	0.	0	
17.6595	25.1442	618	0	-1	-1	-1	-1	-1	6.49985	-47.0806	0.	6.48979	10.969	0.	0.732312	0.680969	0.	0.	47.0806	0.	0	
17.6975	26.2895	619	0	-1	-1	-1	-1	-1	6.49985	-47.0806	0.	6.48979	10.969	0.	0.732312	0.680969	0.	0.	47.0806	0.	0	
17.7393	23.9103	620	0	-1	-1	-1	-1	-1	6.49985	-47.0806	0.	6.48979	10.969	0.	0.732312	0.680969	0.	0.	47.0806	0.	0	
17.7775	26.1941	621	0	-1	-1	-1	-1	-1	6.49985	-47.0806	0.	6.48979	10.969	0.	0.732312	0.680969	0.	0.	47.0806	0.	0	
17.8158	26.1246	622	0	-1	-1	-1	-1	-1	6.49985	-47.0806	0.	6.48979	10.969	0.	0.732312	0.680969	0.	0.	47.0806	0.	0	
17.8555	25.1933	623	0	-1	-1	-1	-1	-1	6.49985	-47.0806	0.	6.48979	10.969	0.	0.732312	0.680969	0.	0.	47.0806	0.	0	
17.8933	26.4464	624	0	-1	-1	-1	-1	-1	6.49985	-47.0806	0.	6.48979	10.969	0.	0.732312	0.680969	0.	0.	47.0806	0.	0	
17.9347	24.1681	625	0	-1	-1	-1	-1	-1	6.49985	-47.0806	0.	6.48979	10.969	0.	0.732312	0.680969	0.	0.	47.0806	0.	0	
17.9766	23.8429	626	0	-1	-1	-1	-1	-1	6.49985	-47.0806	0.	6.48979	10.969	0.	0.732312	0.680969	0.	0.	47.0806	0.	0	
18.021	22.5329	627	0	-1	-1	-1	-1	-1	6.49985	-47.0806	0.	6.48979	10.969	0.	0.732312	0.680969	0.	0.	47.0806	0.	0	
18.0592	26.1854	628	0	-1	-1	-1	-1	-1	6.49985	-47.0806	0.	6.48979	10.969	0.	0.732312	0.680969	0.	0.	47.0806	0.	0	
18.0981	25.6867	629	0	-1	-1	-1	-1	-1	6.49985	-47.0806	0.	6.48979	10.969	0.	0.732312	0.680969	0.	0.	47.0806	0.	0	
18.1382	24.9437	630	0	-1	-1	-1	-1	-1	6.49985	-47.0806	0.	6.48979	10.969	0.	0.732312	0.680969	0.	0.	47.0806	0.	0	
18.1798	24.0546	631	0	-1	-1	-1	-1	-1	6.49985	-47.0806	0.	6.48979	10.969	0.	0.732312	0.680969	0.	0.	47.0806	0.	0	
18.22	24.8401	632	0	-1	-1	-1	-1	-1	6.49985	-47.0806	0.	6.48979	10.969	0.	0.732312	0.680969	0.	0.	47.0806	0.	0	
18.2706	19.7758	633	0	-1	-1	-1	-1	-1	6.49985	-47.0806	0.	6.48979	10.969	0.	0.732312	0.680969	0.	0.	47.0806	0.	0	
18.3113	24.5374	634	0	-1	-1	-1	-1	-1	6.49985	-47.0806	0.	6.48979	10.969	0.	0.732312	0.680969	0.	0.	47.0806	0.	0	
18.3495	26.1831	635	0	-1	-1	-1	-1	-1	6.49985	-47.0806	0.	6.48979	10.969	0.	0.732312	0.680969	0.	0.	47.0806	0.	0	
18.3909	24.1928	636	0	-1	-1	-1	-1	-1	6.49985	-47.0806	0.	6.48979	10.969	0.	0.732312	0.680969	0.	0.	47.0806	0.	0	
18.4316	24.5374	637	0	-1	-1	-1	-1	-1	6.49985	-47.0806	0.	6.48979	10.969	0.	0.732312	0.680969	0.	0.	47.0806	0.	0	
18.4734	23.9484	638	0	-1	-1	-1	-1	-1	6.49985	-47.0806	0.	6.48979	10.969	0.	0.732312	0.680969	0.	0.	47.0806	0.	0	
18.5167	23.0754	639	0	-1	-1	-1	-1	-1	6.49985	-47.0806	0.	6.48979	10.969	0.	0.732312	0.680969	0.	0.	47.0806	0.	0	
18.5579	24.2769	640	0	-1	-1	-1	-1	-1	6.49985	-47.0806	0.	6.48979	10.969	0.	0.732312	0.680969	0.	0.	47.0806	0.	0	
18.5981	24.9035	641	0	-1	-1	-1	-1	-1	6.49985	-47.0806	0.	6.48979	10.969	0.	0.732312	0.680969	0.	0.	47.0806	0.	0	
18.6376	25.3177	642	0	-1	-1	-1	-1	-1	6.49985	-47.0806	0.	6.48979	10.969	0.	0.732312	0.680969	0.	0.	47.0806	0.	0	
18.6761	25.9833	643	0	-1	-1	-1	-1	-1	6.49985	-47.0806	0.	6.48979	10.969	0.	0.732312	0.680969	0.	0.	47.0806	0.	0	
18.7156	25.2993	644	0	-1	-1	-1	-1	-1	6.49985	-47.0806	0.	6.48979	10.969	0.	0.732312	0.680969	0.	0.	47.0806	0.	0	
18.7554	25.1057	645	0	-1	-1	-1	-1	-1	6.49985	-47.0806	0.	6.48979	10.969	0.	0.732312	0.680969	0.	0.	47.0806	0.	0	
18.7963	24.4359	646	0	-1	-1	-1	-1	-1	6.49985	-47.0806	0.	6.48979	10.969	0.	0.732312	0.680969	0.	0.	47.0806	0.	0	
18.8341	26.4488	647	0	-1	-1	-1	-1	-1	6.49985	-47.0806	0.	6.48979	10.969	0.	0.732312	0.680969	0.	0.	47.0806	0.	0	

