Time	FPS	Frame	Crash	RB	RU	LU	LB	OC	Dither	DAngle	swAngle	OX	OY	OZ	HX	HY	HZ	DX	DY	DZ	HA	RHA	AccumulativeHeading(Y)	Speed	RSpeed	Dynamic	USRHIT	
2.89781e-005	34508.9	1	0	(0)1	(0)2	(0)2	(0)1	(0)1	0.	-1.39353	0.	0.	0.	0.	0.	1.	0.	0.	1.	0.	0.	0.	0.	0.	0.	0	-1	
0.385771	2.5924	2	0	(0)1	(0)2	(0)2	(0)1	(0)1	5.71504e-002	-1.39353	0.	0.	0.	0.	0.	1.	0.	0.	1.	0.	0.	0.	0.	0.	0.	0	-1	
0.499532	8.79039	3	0	(0)1	(0)2	(0)2	(0)1	(0)1	5.71504e-002	-1.39353	0.	0.	0.	0.	0.	1.	0.	0.	1.	0.	0.	0.	0.	0.	0.	0	-1	
0.541694	23.7178	4	0	(0)1	(0)2	(0)2	(0)1	(0)1	5.71504e-002	-1.39353	0.	0.	0.	0.	0.	1.	0.	0.	1.	0.	0.	0.	0.	0.	0.	0	-1	
0.558602	59.1464	5	0	(0)1	(0)2	(0)2	(0)1	(0)1	5.71504e-002	-1.39353	0.	0.	0.	0.	0.	1.	0.	0.	1.	0.	0.	0.	0.	0.	0.	0	-1	
0.575063	60.7484	6	0	(0)1	(0)2	(0)2	(0)1	(0)1	5.71504e-002	-1.39353	0.	0.	0.	0.	0.	1.	0.	0.	1.	0.	0.	0.	0.	0.	0.	0	-1	
0.601817	37.378	7	0	(0)1	(0)2	(0)2	(0)1	(0)1	5.71504e-002	-1.39353	0.	0.	0.	0.	0.	1.	0.	0.	1.	0.	0.	0.	0.	0.	0.	0	-1	
0.62395	45.1798	8	0	(0)1	(0)2	(0)2	(0)1	(0)1	5.71504e-002	-1.39353	0.	0.	0.	0.	0.	1.	0.	0.	1.	0.	0.	0.	0.	0.	0.	0	-1	
0.650463	37.7176	9	0	(0)1	(0)2	(0)2	(0)1	(0)1	5.71504e-002	-1.39353	0.	0.	0.	0.	0.	1.	0.	0.	1.	0.	0.	0.	0.	0.	0.	0	-1	
0.668729	54.7461	10	0	(0)1	(0)2	(0)2	(0)1	(0)1	5.71504e-002	-1.39353	0.	0.	0.	0.	0.	1.	0.	0.	1.	0.	0.	0.	0.	0.	0.	0	-1	
0.69385	39.8079	11	0	(0)1	(0)2	(0)2	(0)1	(0)1	5.71504e-002	-1.39353	0.	0.	0.	0.	0.	1.	0.	0.	1.	0.	0.	0.	0.	0.	0.	0	-1	
0.72735	29.8506	12	0	(0)1	(0)2	(0)2	(0)1	(0)1	5.71504e-002	-1.39353	0.	0.	0.	0.	0.	1.	0.	0.	1.	0.	0.	0.	0.	0.	0.	0	-1	
0.744048	59.8896	13	0	(0)1	(0)2	(0)2	(0)1	(0)1	5.71504e-002	-1.39353	0.	0.	0.	0.	0.	1.	0.	0.	1.	0.	0.	0.	0.	0.	0.	0	-1	
0.761049	58.8178	14	0	(0)1	(0)2	(0)2	(0)1	(0)1	5.71504e-002	-1.39353	0.	0.	0.	0.	0.	1.	0.	0.	1.	0.	0.	0.	0.	0.	0.	0	-1	
0.781648	48.5456	15	0	(0)1	(0)2	(0)2	(0)1	(0)1	5.71504e-002	-1.39353	0.	0.	0.	0.	0.	1.	0.	0.	1.	0.	0.	0.	0.	0.	0.	0	-1	
0.80231	48.3988	16	0	(0)1	(0)2	(0)2	(0)1	(0)1	5.71504e-002	-1.39353	0.	0.	0.	0.	0.	1.	0.	0.	1.	0.	0.	0.	0.	0.	0.	0	-1	
0.820523	54.9067	17	0	(0)1	(0)2	(0)2	(0)1	(0)1	5.71504e-002	-1.39353	0.	0.	0.	0.	0.	1.	0.	0.	1.	0.	0.	0.	0.	0.	0.	0	-1	
0.837047	60.5175	18	0	(0)1	(0)2	(0)2	(0)1	(0)1	5.71504e-002	-1.39353	0.	0.	0.	0.	0.	1.	0.	0.	1.	0.	0.	0.	0.	0.	0.	0	-1	
0.854069	58.7468	19	0	(0)1	(0)2	(0)2	(0)1	(0)1	5.71504e-002	-1.39353	0.	0.	0.	0.	0.	1.	0.	0.	1.	0.	0.	0.	0.	0.	0.	0	-1	
0.873647	51.0793	20	0	(0)1	(0)2	(0)2	(0)1	(0)1	5.71504e-002	-1.39353	0.	0.	0.	0.	0.	1.	0.	0.	1.	0.	0.	0.	0.	0.	0.	0	-1	
0.89877	39.8031	21	0	(0)1	(0)2	(0)2	(0)1	(0)1	5.71504e-002	-1.39353	0.	0.	0.	0.	0.	1.	0.	0.	1.	0.	0.	0.	0.	0.	0.	0	-1	
0.917028	54.7724	22	0	(0)1	(0)2	(0)2	(0)1	(0)1	5.71504e-002	-1.39353	0.	0.	0.	0.	0.	1.	0.	0.	1.	0.	0.	0.	0.	0.	0.	0	-1	
0.934013	58.8731	23	0	(0)1	(0)2	(0)2	(0)1	(0)1	5.71504e-002	-1.39353	0.	0.	0.	0.	0.	1.	0.	0.	1.	0.	0.	0.	0.	0.	0.	0	-1	
0.950063	62.3079	24	0	(0)1	(0)2	(0)2	(0)1	(0)1	5.71504e-002	-1.39353	0.	0.	0.	0.	0.	1.	0.	0.	1.	0.	0.	0.	0.	0.	0.	0	-1	
0.968	55.7484	25	0	(0)1	(0)2	(0)2	(0)1	(0)1	5.71504e-002	-1.39353	0.	0.	0.	0.	0.	1.	0.	0.	1.	0.	0.	0.	0.	0.	0.	0	-1	
0.996301	35.3348	26	0	(0)1	(0)2	(0)2	(0)1	(0)1	5.71504e-002	-1.39353	0.	0.	0.	0.	0.	1.	0.	0.	1.	0.	0.	0.	0.	0.	0.	0	-1	
1.01306	59.6523	27	0	(0)1	(0)2	(0)2	(0)1	(0)1	5.71504e-002	-1.39353	0.	0.	0.	0.	0.	1.	0.	0.	1.	0.	0.	0.	0.	0.	0.	0	-1	
1.05673	22.9041	28	0	(0)1	(0)2	(0)2	(0)1	(0)1	5.71504e-002	-1.39353	0.	0.	0.	0.	0.	1.	0.	0.	1.	0.	0.	0.	0.	0.	0.	0	-1	
1.07403	57.7736	29	0	(0)1	(0)2	(0)2	(0)1	(0)1	5.71504e-002	-1.39353	0.	0.	0.	0.	0.	1.	0.	0.	1.	0.	0.	0.	0.	0.	0.	0	-1	
1.09003	62.4995	30	0	(0)1	(0)2	(0)2	(0)1	(0)1	5.71504e-002	-1.39353	0.	0.	0.	0.	0.	1.	0.	0.	1.	0.	0.	0.	0.	0.	0.	0	-1	
1.10705	58.7531	31	0	(0)1	(0)2	(0)2	(0)1	(0)1	5.71504e-002	-1.39353	0.	0.	0.	0.	0.	1.	0.	0.	1.	0.	0.	0.	0.	0.	0.	0	-1	
1.13349	37.8309	32	0	(0)1	(0)2	(0)2	(0)1	(0)1	5.71504e-002	-1.39353	0.	0.	0.	0.	0.	1.	0.	0.	1.	0.	0.	0.	0.	0.	0.	0	-1	
1.15725	42.0781	33	0	(0)1	(0)2	(0)2	(0)1	(0)1	5.71504e-002	-1.39353	0.	0.	0.	0.	0.	1.	0.	0.	1.	0.	0.	0.	0.	0.	0.	0	-1	
1.1815	41.2344	34	0	(0)1	(0)2	(0)2	(0)1	(0)1	5.71504e-002	-1.39353	0.	0.	0.	0.	0.	1.	0.	0.	1.	0.	0.	0.	0.	0.	0.	0	-1	
1.19805	60.4535	35	0	(0)1	(0)2	(0)2	(0)1	(0)1	5.71504e-002	-1.39353	0.	0.	0.	0.	0.	1.	0.	0.	1.	0.	0.	0.	0.	0.	0.	0	-1	
1.21506	58.7802	36	0	(0)1	(0)2	(0)2	(0)1	(0)1	5.71504e-002	-1.39353	0.	0.	0.	0.	0.	1.	0.	0.	1.	0.	0.	0.	0.	0.	0.	0	-1	
1.23204	58.8899	37	0	(0)1	(0)2	(0)2	(0)1	(0)1	5.71504e-002	-1.39353	0.	0.	0.	0.	0.	1.	0.	0.	1.	0.	0.	0.	0.	0.	0.	0	-1	
1.24949	57.3187	38	0	(0)1	(0)2	(0)2	(0)1	(0)1	5.71504e-002	-1.39353	0.	0.	0.	0.	0.	1.	0.	0.	1.	0.	0.	0.	0.	0.	0.	0	-1	
1.28687	26.7493	39	0	(0)1	(0)2	(0)2	(0)1	(0)1	5.71504e-002	-1.39353	0.	0.	0.	0.	0.	1.	0.	0.	1.	0.	0.	0.	0.	0.	0.	0	-1	
1.30996	43.303	40	0	(0)1	(0)2	(0)2	(0)1	(0)1	5.71504e-002	-1.39353	0.	0.	0.	0.	0.	1.	0.	0.	1.	0.	0.	0.	0.	0.	0.	0	-1	
1.34607	27.6997	41	0	(0)1	(0)2	(0)2	(0)1	(0)1	5.71504e-002	-1.39353	0.	0.	0.	0.	0.	1.	0.	0.	1.	0.	0.	0.	0.	0.	0.	0	-1	
1.36458	54.0071	42	0	(0)1	(0)2	(0)2	(0)1	(0)1	5.71504e-002	-1.39353	0.	0.	0.	0.	0.	1.	0.	0.	1.	0.	0.	0.	0.	0.	0.	0	-1	
1.38195	57.5597	43	0	(0)1	(0)2	(0)2	(0)1	(0)1	5.71504e-002	-1.39353	0.	0.	0.	0.	0.	1.	0.	0.	1.	0.	0.	0.	0.	0.	0.	0	-1	
1.39905	58.5072	44	0	(0)1	(0)2	(0)2	(0)1	(0)1	5.71504e-002	-1.39353	0.	0.	0.	0.	0.	1.	0.	0.	1.	0.	0.	0.	0.	0.	0.	0	-1	
1.42696	35.8204	45	0	(0)1	(0)2	(0)2	(0)1	(0)1	5.71504e-002	-1.39353	0.	0.	0.	0.	0.	1.	0.	0.	1.	0.	0.	0.	0.	0.	0.	0	-1	
1.44305	62.1676	46	0	(0)1	(0)2	(0)2	(0)1	(0)1	5.71504e-002	-1.39353	0.	0.	0.	0.	0.	1.	0.	0.	1.	0.	0.	0.	0.	0.	0.	0	-1	
1.46093	55.9235	47	0	(0)1	(0)2	(0)2	(0)1	(0)1	5.71504e-002	-1.39353	0.	0.	0.	0.	0.	1.	0.	0.	1.	0.	0.	0.	0.	0.	0.	0	-1	
1.47813	58.1365	48	0	(0)1	(0)2	(0)2	(0)1	(0)1	5.71504e-002	-1.39353	0.	0.	0.	0.	0.	1.	0.	0.	1.	0.	0.	0.	0.	0.	0.	0	-1	
1.49842	49.283	49	0	(0)1	(0)2	(0)2	(0)1	(0)1	5.71504e-002	-1.39353	0.	0.	0.	0.	0.	1.	0.	0.	1.	0.	0.	0.	0.	0.	0.	0	-1	
1.52643	35.7061	50	0	(0)1	(0)2	(0)2	(0)1	(0)1	5.71504e-002	-1.39353	0.	0.	0.	0.	0.	1.	0.	0.	1.	0.	0.	0.	0.	0.	0.	0	-1	
1.5433	59.2893	51	0	(0)1	(0)2	(0)2	(0)1	(0)1	5.71504e-002	-1.39353	0.	0.	0.	0.	0.	1.	0.	0.	1.	0.	0.	0.	0.	0.	0.	0	-1	
1.5611	56.1586	52	0	(0)1	(0)2	(0)2	(0)1	(0)1	5.71504e-002	-1.39353	0.	0.	0.	0.	0.	1.	0.	0.	1.	0.	0.	0.	0.	0.	0.	0	-1	
1.59112	33.3171	53	0	(0)1	(0)2	(0)2	(0)1	(0)1	5.71504e-002	-1.39353	0.	0.	0.	0.	0.	1.	0.	0.	1.	0.	0.	0.	0.	0.	0.	0	-1	
1.61521	41.5113	54	0	(0)1	(0)2	(0)2	(0)1	(0)1	5.71504e-002	-1.39353	0.	0.	0.	0.	0.	1.	0.	0.	1.	0.	0.	0.	0.	0.	0.	0	-1	
1.63208	59.266	55	0	(0)1	(0)2	(0)2	(0)1	(0)1	5.71504e-002	-1.39353	0.	0.	0.	0.	0.	1.	0.	0.	1.	0.	0.	0.	0.	0.	0.	0	-1	
1.64809	62.4406	56	0	(0)1	(0)2	(0)2	(0)1	(0)1	5.71504e-002	-1.39353	0.	0.	0.	0.	0.	1.	0.	0.	1.	0.	0.	0.	0.	0.	0.	0	-1	
1.66509	58.8481	57	0	(0)1	(0)2	(0)2	(0)1	(0)1	5.71504e-002	-1.39353	0.	0.	0.	0.	0.	1.	0.	0.	1.	0.	0.	0.	0.	0.	0.	0	-1	
1.70465	25.2791	58	0	(0)1	(0)2	(0)2	(0)1	(0)1	5.71504e-002	-1.39353	0.	0.	0.	0.	0.	1.	0.	0.	1.	0.	0.	0.	0.	0.	0.	0	-1	
1.72651	45.7475	59	0	(0)1	(0)2	(0)2	(0)1	(0)1	5.71504e-002	-1.39353	0.	0.	0.	0.	0.	1.	0.	0.	1.	0.	0.	0.	0.	0.	0.	0	-1	
1.74365	58.331	60	0	(0)1	(0)2	(0)2	(0)1	(0)1	5.71504e-002	-1.39353	0.	0.	0.	0.	0.	1.	0.	0.	1.	0.	0.	0.	0.	0.	0.	0	-1	
1.76575	45.2513	61	0	(0)1	(0)2	(0)2	(0)1	(0)1	5.71504e-002	-1.39353	0.	0.	0.	0.	0.	1.	0.	0.	1.	0.	0.	0.	0.	0.	0.	0	-1	
1.81505	20.2848	62	0	(0)1	(0)2	(0)2	(0)1	(0)1	5.71504e-002	-1.39353	0.	0.	0.	0.	0.	1.	0.	0.	1.	0.	0.	0.	0.	0.	0.	0	-1	
1.83845	42.7316	63	0	(0)1	(0)2	(0)2	(0)1	(0)1	5.71504e-002	-1.39353	0.	0.	0.	0.	0.	1.	0.	0.	1.	0.	0.	0.	0.	0.	0.	0	-1	
1.86966	32.0395	64	0	(0)1	(0)2	(0)2	(0)1	(0)1	5.71504e-002	-1.39353	0.	0.	0.	0.	0.	1.	0.	0.	1.	0.	0.	0.	0.	0.	0.	0	-1	
1.89141	45.9665	65	0	(0)1	(0)2	(0)2	(0)1	(0)1	5.71504e-002	-1.39353	0.	0.	0.	0.	0.	1.	0.	0.	1.	0.	0.	0.	0.	0.	0.	0	-1	
1.90811	59.8971	66	0	(0)1	(0)2	(0)2	(0)1	(0)1	5.71504e-002	-1.39353	0.	0.	0.	0.	0.	1.	0.	0.	1.	0.	0.	0.	0.	0.	0.	0	-1	
1.92507	58.9727	67	0	(0)1	(0)2	(0)2	(0)1	(0)1	5.71504e-002	-1.39353	0.	0.	0.	0.	0.	1.	0.	0.	1.	0.	0.	0.	0.	0.	0.	0	-1	
1.9679	23.3444	68	0	(0)1	(0)2	(0)2	(0)1	(0)1	5.71504e-002	-1.39353	0.	0.	0.	0.	0.	1.	0.	0.	1.	0.	0.	0.	0.	0.	0.	0	-1	
2.00086	30.3411	69	0	(0)1	(0)2	(0)2	(0)1	(0)1	5.71504e-002	-1.39353	0.	0.	0.	0.	0.	1.	0.	0.	1.	0.	0.	0.	0.	0.	0.	0	-1	
2.02015	51.8402	70	0	(0)1	(0)2	(0)2	(0)1	(0)1	5.71504e-002	-1.39353	0.	0.	0.	0.	0.	1.	0.	0.	1.	0.	0.	0.	0.	0.	0.	0	-1	
2.07094	19.6896	71	0	(0)1	(0)2	(0)2	(0)1	(0)1	5.71504e-002	-1.39353	0.	0.	0.	0.	0.	1.	0.	0.	1.	0.	0.	0.	0.	0.	0.	0	-1	
2.11122	24.8258	72	0	(0)1	(0)2	(0)2	(0)1	(0)1	5.71504e-002	-1.39353	0.	0.	0.	0.	0.	1.	0.	0.	1.	0.	0.	0.	0.	0.	0.	0	-1	
2.13603	40.3121	73	0	(0)1	(0)2	(0)2	(0)1	(0)1	5.71504e-002	-1.39353	0.	0.	0.	0.	0.	1.	0.	0.	1.	0.	0.	0.	0.	0.	0.	0	-1	
2.1707	28.8438	74	0	(0)1	(0)2	(0)2	(0)1	(0)1	5.71504e-002	-1.39353	0.	0.	0.	0.	0.	1.	0.	0.	1.	0.	0.	0.	0.	0.	0.	0	-1	

