Time	FPS	Frame	Crash	RB	RU	LU	LB	OC	Dither	DAngle	swAngle	OX	OY	OZ	HX	HY	HZ	HA	AccumulativeHeading(Y)	Speed	Dynamic
4.34667e-005	23006.1	1	0	1	3	3	1	2	0.	2.35732e-004	0.	0.	0.	0.	0.	1.	0.	0.	0.	0.	0	
0.328854	3.04127	2	0	1	3	3	1	2	1.97704e-006	2.35732e-004	0.	0.	0.	0.	0.	1.	0.	0.	0.	0.	0	
0.355763	37.1624	3	0	1	3	3	1	2	1.97704e-006	2.35732e-004	0.	0.	0.	0.	0.	1.	0.	0.	0.	0.	0	
0.372913	58.3089	4	0	1	3	3	1	2	1.97704e-006	2.35732e-004	0.	0.	0.	0.	0.	1.	0.	0.	0.	0.	0	
0.389941	58.7244	5	0	1	3	3	1	2	1.97704e-006	2.35732e-004	0.	0.	0.	0.	0.	1.	0.	0.	0.	0.	0	
0.406946	58.8078	6	0	1	3	3	1	2	1.97704e-006	2.35732e-004	0.	0.	0.	0.	0.	1.	0.	0.	0.	0.	0	
0.423952	58.8026	7	0	1	3	3	1	2	1.97704e-006	2.35732e-004	0.	0.	0.	0.	0.	1.	0.	0.	0.	0.	0	
0.440962	58.789	8	0	1	3	3	1	2	1.97704e-006	2.35732e-004	0.	0.	0.	0.	0.	1.	0.	0.	0.	0.	0	
0.457951	58.8601	9	0	1	3	3	1	2	1.97704e-006	2.35732e-004	0.	0.	0.	0.	0.	1.	0.	0.	0.	0.	0	
0.474948	58.8339	10	0	1	3	3	1	2	1.97704e-006	2.35732e-004	0.	0.	0.	0.	0.	1.	0.	0.	0.	0.	0	
0.491949	58.8224	11	0	1	3	3	1	2	1.97704e-006	2.35732e-004	0.	0.	0.	0.	0.	1.	0.	0.	0.	0.	0	
0.508988	58.687	12	0	1	3	3	1	2	1.97704e-006	2.35732e-004	0.	0.	0.	0.	0.	1.	0.	0.	0.	0.	0	
0.524974	62.5567	13	0	1	3	3	1	2	1.97704e-006	2.35732e-004	0.	0.	0.	0.	0.	1.	0.	0.	0.	0.	0	
0.541986	58.7828	14	0	1	3	3	1	2	1.97704e-006	2.35732e-004	0.	0.	0.	0.	0.	1.	0.	0.	0.	0.	0	
0.557981	62.519	15	0	1	3	3	1	2	1.97704e-006	2.35732e-004	0.	0.	0.	0.	0.	1.	0.	0.	0.	0.	0	
0.574979	58.8308	16	0	1	3	3	1	2	1.97704e-006	2.35732e-004	0.	0.	0.	0.	0.	1.	0.	0.	0.	0.	0	
0.590979	62.4989	17	0	1	3	3	1	2	1.97704e-006	2.35732e-004	0.	0.	0.	0.	0.	1.	0.	0.	0.	0.	0	
0.607935	58.9743	18	0	1	3	3	1	2	1.97704e-006	2.35732e-004	0.	0.	0.	0.	0.	1.	0.	0.	0.	0.	0	
0.623979	62.3284	19	0	1	3	3	1	2	1.97704e-006	2.35732e-004	0.	0.	0.	0.	0.	1.	0.	0.	0.	0.	0	
0.64097	58.8569	20	0	1	3	3	1	2	1.97704e-006	2.35732e-004	0.	0.	0.	0.	0.	1.	0.	0.	0.	0.	0	
0.657964	58.8423	21	0	1	3	3	1	2	1.97704e-006	2.35732e-004	0.	0.	0.	0.	0.	1.	0.	0.	0.	0.	0	
0.673982	62.4306	22	0	1	3	3	1	2	1.97704e-006	2.35732e-004	0.	0.	0.	0.	0.	1.	0.	0.	0.	0.	0	
0.689956	62.6005	23	0	1	3	3	1	2	1.97704e-006	2.35732e-004	0.	0.	0.	0.	0.	1.	0.	0.	0.	0.	0	
0.70596	62.4871	24	0	1	3	3	1	2	1.97704e-006	2.35732e-004	0.	0.	0.	0.	0.	1.	0.	0.	0.	0.	0	
0.722971	58.7849	25	0	1	3	3	1	2	1.97704e-006	2.35732e-004	0.	0.	0.	0.	0.	1.	0.	0.	0.	0.	0	
0.73998	58.7932	26	0	1	3	3	1	2	1.97704e-006	2.35732e-004	0.	0.	0.	0.	0.	1.	0.	0.	0.	0.	0	
0.756999	58.7567	27	0	1	3	3	1	2	1.97704e-006	2.35732e-004	0.	0.	0.	0.	0.	1.	0.	0.	0.	0.	0	
0.772959	62.6573	28	0	1	3	3	1	2	1.97704e-006	2.35732e-004	0.	0.	0.	0.	0.	1.	0.	0.	0.	0.	0	
0.789972	58.7797	29	0	1	3	3	1	2	1.97704e-006	2.35732e-004	0.	0.	0.	0.	0.	1.	0.	0.	0.	0.	0	
0.805973	62.4954	30	0	1	3	3	1	2	1.97704e-006	2.35732e-004	0.	0.	0.	0.	0.	1.	0.	0.	0.	0.	0	
0.823053	58.548	31	0	1	3	3	1	2	1.97704e-006	2.35732e-004	0.	0.	0.	0.	0.	1.	0.	0.	0.	0.	0	
0.838986	62.7618	32	0	1	3	3	1	2	1.97704e-006	2.35732e-004	0.	0.	0.	0.	0.	1.	0.	0.	0.	0.	0	
0.856	58.7765	33	0	1	3	3	1	2	1.97704e-006	2.35732e-004	0.	0.	0.	0.	0.	1.	0.	0.	0.	0.	0	
0.87299	58.8559	34	0	1	3	3	1	2	1.97704e-006	2.35732e-004	0.	0.	0.	0.	0.	1.	0.	0.	0.	0.	0	
0.889972	58.8873	35	0	1	3	3	1	2	1.97704e-006	2.35732e-004	0.	0.	0.	0.	0.	1.	0.	0.	0.	0.	0	
0.90693	58.968	36	0	1	3	3	1	2	1.97704e-006	2.35732e-004	0.	0.	0.	0.	0.	1.	0.	0.	0.	0.	0	
0.922988	62.2757	37	0	1	3	3	1	2	1.97704e-006	2.35732e-004	0.	0.	0.	0.	0.	1.	0.	0.	0.	0.	0	
0.938967	62.5827	38	0	1	3	3	1	2	1.97704e-006	2.35732e-004	0.	0.	0.	0.	0.	1.	0.	0.	0.	0.	0	
0.954994	62.3953	39	0	1	3	3	1	2	1.97704e-006	2.35732e-004	0.	0.	0.	0.	0.	1.	0.	0.	0.	0.	0	
0.970994	62.4966	40	0	1	3	3	1	2	1.97704e-006	2.35732e-004	0.	0.	0.	0.	0.	1.	0.	0.	0.	0.	0	
0.987005	62.46	41	0	1	3	3	1	2	1.97704e-006	2.35732e-004	0.	0.	0.	0.	0.	1.	0.	0.	0.	0.	0	
1.00396	58.99	42	0	1	3	3	1	2	1.97704e-006	2.35732e-004	0.	0.	0.	0.	0.	1.	0.	0.	0.	0.	0	
1.02097	58.7807	43	0	1	3	3	1	2	2.20561e-006	2.35732e-004	0.	0.	5.55556e-002	0.	0.	1.	0.	0.	0.	12.	1	
1.038	58.7078	44	0	1	3	3	1	2	2.43418e-006	2.35732e-004	0.	0.	0.111111	0.	0.	1.	0.	0.	0.	12.	1	
1.05499	58.8737	45	0	1	3	3	1	2	2.66276e-006	2.35732e-004	0.	0.	0.166667	0.	0.	1.	0.	0.	0.	12.	1	
1.07101	62.3953	46	0	1	3	3	1	2	2.89133e-006	2.35732e-004	0.	0.	0.222222	0.	0.	1.	0.	0.	0.	12.	1	
1.088	58.8894	47	0	1	3	3	1	2	3.1199e-006	2.35732e-004	0.	0.	0.277778	0.	0.	1.	0.	0.	0.	12.	1	
1.10501	58.7724	48	0	1	3	3	1	2	3.34847e-006	2.35732e-004	0.	0.	0.333333	0.	0.	1.	0.	0.	0.	12.	1	
1.122	58.8768	49	0	1	3	3	1	2	3.57705e-006	2.35732e-004	0.	0.	0.388889	0.	0.	1.	0.	0.	0.	12.	1	
1.13799	62.5249	50	0	1	3	3	1	2	3.80562e-006	2.35732e-004	0.	0.	0.444444	0.	0.	1.	0.	0.	0.	12.	1	
1.154	62.453	51	0	1	3	3	1	2	4.03419e-006	2.35732e-004	0.	0.	0.5	0.	0.	1.	0.	0.	0.	12.	1	
1.16999	62.5378	52	0	1	3	3	1	2	4.26277e-006	2.35732e-004	0.	0.	0.555556	0.	0.	1.	0.	0.	0.	12.	1	
1.187	58.8047	53	0	1	3	3	1	2	4.49134e-006	2.35732e-004	0.	0.	0.611111	0.	0.	1.	0.	0.	0.	12.	1	
1.20299	62.5095	54	0	1	3	3	1	2	4.71991e-006	2.35732e-004	0.	0.	0.666667	0.	0.	1.	0.	0.	0.	12.	1	
1.22002	58.7203	55	0	1	3	3	1	2	4.94848e-006	2.35732e-004	0.	0.	0.722222	0.	0.	1.	0.	0.	0.	12.	1	
1.23699	58.9449	56	0	1	3	3	1	2	5.17706e-006	2.35732e-004	0.	0.	0.777778	0.	0.	1.	0.	0.	0.	12.	1	
1.25397	58.882	57	0	1	3	3	1	2	5.40563e-006	2.35732e-004	0.	0.	0.833333	0.	0.	1.	0.	0.	0.	12.	1	
1.26999	62.4153	58	0	1	3	3	1	2	5.6342e-006	2.35732e-004	0.	0.	0.888889	0.	0.	1.	0.	0.	0.	12.	1	
1.287	58.8099	59	0	1	3	3	1	2	5.86277e-006	2.35732e-004	0.	0.	0.944444	0.	0.	1.	0.	0.	0.	12.	1	
1.30398	58.8936	60	0	1	3	3	1	2	6.09135e-006	2.35732e-004	0.	0.	1.	0.	0.	1.	0.	0.	0.	12.	1	
1.32099	58.7765	61	0	1	3	3	1	2	6.31992e-006	2.35732e-004	0.	0.	1.05556	0.	0.	1.	0.	0.	0.	12.	1	
1.338	58.7932	62	0	1	3	3	1	2	6.54849e-006	2.35732e-004	0.	0.	1.11111	0.	0.	1.	0.	0.	0.	12.	1	
1.35501	58.8036	63	0	1	3	3	1	2	6.77707e-006	2.35732e-004	0.	0.	1.16667	0.	0.	1.	0.	0.	0.	12.	1	
1.371	62.5414	64	0	1	3	3	1	2	7.00564e-006	2.35732e-004	0.	0.	1.22222	0.	0.	1.	0.	0.	0.	12.	1	
1.388	58.8016	65	0	1	3	3	1	2	7.23421e-006	2.35732e-004	0.	0.	1.27778	0.	0.	1.	0.	0.	0.	12.	1	
1.40501	58.8068	66	0	1	3	3	1	2	7.46278e-006	2.35732e-004	0.	0.	1.33333	0.	0.	1.	0.	0.	0.	12.	1	
1.421	62.5237	67	0	1	3	3	1	2	7.69136e-006	2.35732e-004	0.	0.	1.38889	0.	0.	1.	0.	0.	0.	12.	1	
1.43701	62.4612	68	0	1	3	3	1	2	7.91993e-006	2.35732e-004	0.	0.	1.44444	0.	0.	1.	0.	0.	0.	12.	1	
1.45296	62.6786	69	0	1	3	3	1	2	8.1485e-006	2.35732e-004	0.	0.	1.5	0.	0.	1.	0.	0.	0.	12.	1	
1.46901	62.3249	70	0	1	3	3	1	2	8.37707e-006	2.35732e-004	0.	0.	1.55556	0.	0.	1.	0.	0.	0.	12.	1	
1.48501	62.5178	71	0	1	3	3	1	2	8.60565e-006	2.35732e-004	0.	0.	1.61111	0.	0.	1.	0.	0.	0.	12.	1	
1.502	58.8444	72	0	1	3	3	1	2	8.83422e-006	2.35732e-004	0.	0.	1.66667	0.	0.	1.	0.	0.	0.	12.	1	
1.519	58.8057	73	0	1	4	4	1	2	9.29136e-006	2.35732e-004	0.	0.	1.77778	0.	0.	1.	0.	0.	0.	24.	1	
1.536	58.8224	74	0	1	4	4	1	2	9.74851e-006	2.35732e-004	0.	0.	1.88889	0.	0.	1.	0.	0.	0.	24.	1	
1.55198	62.5969	75	0	1	4	4	1	3	1.04342e-005	6.35203e-004	0.	0.	2.05556	0.	0.	1.	0.	0.	0.	36.	1	
1.56899	58.787	76	0	2	4	4	2	3	1.29948e-005	6.35203e-004	0.	0.	2.22222	0.	0.	1.	0.	0.	0.	36.	1	
1.58599	58.8204	77	0	2	4	4	2	3	1.54584e-005	6.35203e-004	0.	0.	2.44444	0.	0.	1.	0.	0.	0.	48.	1	
1.602	62.4518	78	0	2	4	4	2	3	1.79221e-005	6.35203e-004	0.	0.	2.66667	0.	0.	1.	0.	0.	0.	48.	1	
1.61798	62.6099	79	0	2	4	4	2	3	2.10016e-005	6.35203e-004	0.	0.	2.94444	0.	0.	1.	0.	0.	0.	60.	1	
1.635	58.7255	80	0	2	4	4	2	3	2.40812e-005	6.35203e-004	0.	0.	3.22222	0.	0.	1.	0.	0.	0.	60.	1	
1.65197	58.9501	81	0	2	4	4	2	3	2.71607e-005	6.35203e-004	0.	0.	3.5	0.	0.	1.	0.	0.	0.	60.	1	
1.66901	58.662	82	0	2	4	4	2	3	3.02403e-005	6.35203e-004	0.	0.	3.77778	0.	0.	1.	0.	0.	0.	60.	1	
1.68597	58.9701	83	0	2	5	5	2	3	3.33198e-005	6.35203e-004	0.	0.	4.05556	0.	0.	1.	0.	0.	0.	60.	1	
1.70301	58.6849	84	0	3	5	5	3	4	3.63994e-005	1.26003e-003	0.	0.	4.33333	0.	0.	1.	0.	0.	0.	60.	1	
1.71901	62.5025	85	0	3	5	5	3	4	4.5245e-005	1.26003e-003	0.	0.	4.61111	0.	0.	1.	0.	0.	0.	60.	1	
1.73499	62.5733	86	0	3	5	5	3	4	5.13538e-005	1.26003e-003	0.	0.	4.88889	0.	0.	1.	0.	0.	0.	60.	1	
1.75097	62.5863	87	0	3	5	5	3	4	5.74626e-005	1.26003e-003	0.	0.	5.16667	0.	0.	1.	0.	0.	0.	60.	1	
1.76801	58.6953	88	0	3	5	5	3	4	6.35714e-005	1.26003e-003	0.	0.	5.44444	0.	0.	1.	0.	0.	0.	60.	1	
1.78398	62.6052	89	0	3	6	6	3	4	7.57889e-005	1.26003e-003	0.	0.	6.	0.	0.	1.	0.	0.	0.	60.	1	
1.80101	58.7296	90	0	3	6	6	3	5	8.18977e-005	2.08243e-003	0.	0.	6.27778	0.	0.	1.	0.	0.	0.	60.	1	
1.818	58.8371	91	0	4	6	6	4	5	9.31613e-005	2.08243e-003	0.	0.	6.55556	0.	0.	1.	0.	0.	0.	60.	1	
1.83401	62.4777	92	0	4	6	6	4	5	1.03257e-004	2.08243e-003	0.	0.	6.83333	0.	0.	1.	0.	0.	0.	60.	1	
1.84998	62.6194	93	0	4	6	6	4	5	1.13353e-004	2.08243e-003	0.	0.	7.11111	0.	0.	1.	0.	0.	0.	60.	1	
1.86701	58.7317	94	0	4	6	6	4	5	1.23449e-004	2.08243e-003	0.	0.	7.38889	0.	0.	1.	0.	0.	0.	60.	1	
1.88298	62.6147	95	0	4	6	6	4	5	1.33545e-004	2.08243e-003	0.	0.	7.66667	0.	0.	1.	0.	0.	0.	60.	1	
1.90002	58.6849	96	0	4	6	6	4	5	1.43641e-004	2.08243e-003	0.	0.	7.94444	0.	0.	1.	0.	0.	0.	60.	1	
1.91596	62.7321	97	0	4	7	7	4	5	1.53737e-004	2.08243e-003	0.	0.	8.22222	0.	0.	1.	0.	0.	0.	60.	1	
1.93201	62.2839	98	0	4	7	7	4	6	1.63833e-004	3.1328e-003	0.	0.	8.5	0.	0.	1.	0.	0.	0.	60.	1	
1.94798	62.6147	99	0	5	7	7	5	6	1.82769e-004	3.1328e-003	0.	0.	8.77778	0.	0.	1.	0.	0.	0.	60.	1	
1.96399	62.46	100	0	5	7	7	5	6	1.97957e-004	3.1328e-003	0.	0.	9.05556	0.	0.	1.	0.	0.	0.	60.	1	
1.98101	58.7797	101	0	5	7	7	5	6	2.13145e-004	3.1328e-003	0.	0.	9.33333	0.	0.	1.	0.	0.	0.	60.	1	
1.997	62.5296	102	0	5	7	7	5	6	2.28333e-004	3.1328e-003	0.	0.	9.61111	0.	0.	1.	0.	0.	0.	60.	1	
2.01299	62.5331	103	0	5	7	7	5	6	2.43522e-004	3.1328e-003	0.	0.	9.88889	0.	0.	1.	0.	0.	0.	60.	1	
2.03	58.8089	104	0	5	8	8	5	6	2.5871e-004	3.1328e-003	0.	0.	10.1667	0.	0.	1.	0.	0.	0.	60.	1	
2.04602	62.4047	105	0	5	8	8	5	7	2.73898e-004	4.40274e-003	0.	0.	10.4444	0.	0.	1.	0.	0.	0.	60.	1	
2.06298	58.9711	106	0	6	8	8	6	7	2.96675e-004	4.40274e-003	0.	0.	10.7222	0.	0.	1.	0.	0.	0.	60.	1	
2.079	62.4106	107	0	6	8	8	6	7	3.1802e-004	4.40274e-003	0.	0.	11.	0.	0.	1.	0.	0.	0.	60.	1	
2.09501	62.4518	108	0	6	8	8	6	7	3.39365e-004	4.40274e-003	0.	0.	11.2778	0.	0.	1.	0.	0.	0.	60.	1	
2.11098	62.6123	109	0	6	8	8	6	7	3.6071e-004	4.40274e-003	0.	0.	11.5556	0.	0.	1.	0.	0.	0.	60.	1	
2.128	58.7755	110	0	6	8	8	6	7	3.82055e-004	4.40274e-003	0.	0.	11.8333	0.	0.	1.	0.	0.	0.	60.	1	
2.145	58.7995	111	0	6	8	8	6	7	4.034e-004	4.40274e-003	0.	0.	12.1111	0.	0.	1.	0.	0.	0.	60.	1	
2.161	62.5343	112	0	6	9	9	6	7	4.24745e-004	4.40274e-003	0.	0.	12.3889	0.	0.	1.	0.	0.	0.	60.	1	
2.17801	58.764	113	0	6	9	9	6	8	4.4609e-004	5.89687e-003	0.	0.	12.6667	0.	0.	1.	0.	0.	0.	60.	1	
2.195	58.8559	114	0	7	9	9	7	8	4.80346e-004	5.89687e-003	0.	0.	12.9444	0.	0.	1.	0.	0.	0.	60.	1	
2.21199	58.8538	115	0	7	9	9	7	8	5.08935e-004	5.89687e-003	0.	0.	13.2222	0.	0.	1.	0.	0.	0.	60.	1	
2.22801	62.4365	116	0	7	9	9	7	8	5.37524e-004	5.89687e-003	0.	0.	13.5	0.	0.	1.	0.	0.	0.	60.	1	
2.24501	58.8099	117	0	7	9	9	7	8	5.66113e-004	5.89687e-003	0.	0.	13.7778	0.	0.	1.	0.	0.	0.	60.	1	
2.262	58.8758	118	0	7	9	9	7	8	5.94701e-004	5.89687e-003	0.	0.	14.0556	0.	0.	1.	0.	0.	0.	60.	1	
2.27801	62.4647	119	0	7	10	10	7	8	6.2329e-004	5.89687e-003	0.	0.	14.3333	0.	0.	1.	0.	0.	0.	60.	1	
2.29498	58.9229	120	0	7	10	10	7	9	6.51879e-004	7.6266e-003	0.	0.	14.6111	0.	0.	1.	0.	0.	0.	60.	1	
2.31199	58.7984	121	0	8	10	10	8	9	6.92083e-004	7.6266e-003	0.	0.	14.8889	0.	0.	1.	0.	0.	0.	60.	1	
2.32898	58.836	122	0	8	10	10	8	9	7.29058e-004	7.6266e-003	0.	0.	15.1667	0.	0.	1.	0.	0.	0.	60.	1	
2.34502	62.3519	123	0	8	10	10	8	9	7.66033e-004	7.6266e-003	0.	0.	15.4444	0.	0.	1.	0.	0.	0.	60.	1	
2.36199	58.9292	124	0	8	10	10	8	9	8.03008e-004	7.6266e-003	0.	0.	15.7222	0.	0.	1.	0.	0.	0.	60.	1	
2.37801	62.4106	125	0	8	10	10	8	9	8.39982e-004	7.6266e-003	0.	0.	16.	0.	0.	1.	0.	0.	0.	60.	1	
2.395	58.8779	126	0	8	11	11	8	9	8.76957e-004	7.6266e-003	0.	0.	16.2778	0.	0.	1.	0.	0.	0.	60.	1	
2.411	62.5013	127	0	8	11	11	8	10	9.13932e-004	9.59011e-003	0.	0.	16.5556	0.	0.	1.	0.	0.	0.	60.	1	
2.42802	58.7432	128	0	8	11	11	8	10	9.60813e-004	9.59011e-003	0.	0.	16.8333	0.	0.	1.	0.	0.	0.	60.	1	
2.44502	58.8214	129	0	9	11	11	9	10	1.00731e-003	9.59011e-003	0.	0.	17.1111	0.	0.	1.	0.	0.	0.	60.	1	
2.46201	58.8789	130	0	9	11	11	9	10	1.0538e-003	9.59011e-003	0.	0.	17.3889	0.	0.	1.	0.	0.	0.	60.	1	
2.47899	58.8956	131	0	9	11	11	9	10	1.1003e-003	9.59011e-003	0.	0.	17.6667	0.	0.	1.	0.	0.	0.	60.	1	
2.49601	58.7442	132	0	9	11	11	9	10	1.14679e-003	9.59011e-003	0.	0.	17.9444	0.	0.	1.	0.	0.	0.	60.	1	
2.51201	62.5001	133	0	9	11	11	9	10	1.19328e-003	9.59011e-003	0.	0.	18.2222	0.	0.	1.	0.	0.	0.	60.	1	
2.52901	58.8277	134	0	9	12	12	9	10	1.23978e-003	9.59011e-003	0.	0.	18.5	0.	0.	1.	0.	0.	0.	60.	1	
2.54502	62.4318	135	0	9	12	12	9	11	1.28627e-003	1.18059e-002	0.	0.	18.7778	0.	0.	1.	0.	0.	0.	60.	1	
2.56198	58.9806	136	0	10	12	12	10	11	1.35155e-003	1.18059e-002	0.	0.	19.0556	0.	0.	1.	0.	0.	0.	60.	1	
2.57901	58.7088	137	0	10	12	12	10	11	1.40879e-003	1.18059e-002	0.	0.	19.3333	0.	0.	1.	0.	0.	0.	60.	1	
2.59601	58.8287	138	0	10	12	12	10	11	1.46603e-003	1.18059e-002	0.	0.	19.6111	0.	0.	1.	0.	0.	0.	60.	1	
2.61302	58.7953	139	0	10	12	12	10	11	1.52326e-003	1.18059e-002	0.	0.	19.8889	0.	0.	1.	0.	0.	0.	60.	1	
2.63001	58.8548	140	0	10	12	12	10	11	1.5805e-003	1.18059e-002	0.	0.	20.1667	0.	0.	1.	0.	0.	0.	60.	1	
2.64706	58.6558	141	0	10	13	13	10	11	1.63774e-003	1.18059e-002	0.	0.	20.4444	0.	0.	1.	0.	0.	0.	60.	1	
2.663	62.7261	142	0	10	13	13	10	12	1.69497e-003	1.42588e-002	0.	0.	20.7222	0.	0.	1.	0.	0.	0.	60.	1	
2.68001	58.7859	143	0	11	13	13	11	12	1.77016e-003	1.42588e-002	0.	0.	21.	0.	0.	1.	0.	0.	0.	60.	1	
2.69701	58.8392	144	0	11	13	13	11	12	1.83929e-003	1.42588e-002	0.	0.	21.2778	0.	0.	1.	0.	0.	0.	60.	1	
2.71403	58.7619	145	0	11	13	13	11	12	1.90841e-003	1.42588e-002	0.	0.	21.5556	0.	0.	1.	0.	0.	0.	60.	1	
2.73102	58.8423	146	0	11	13	13	11	12	1.97754e-003	1.42588e-002	0.	0.	21.8333	0.	0.	1.	0.	0.	0.	60.	1	
2.74802	58.8162	147	0	11	13	13	11	12	2.04667e-003	1.42588e-002	0.	0.	22.1111	0.	0.	1.	0.	0.	0.	60.	1	
2.76503	58.7911	148	0	11	14	14	11	12	2.1158e-003	1.42588e-002	0.	0.	22.3889	0.	0.	1.	0.	0.	0.	60.	1	
2.78201	58.882	149	0	11	14	14	11	13	2.18493e-003	1.69674e-002	0.	0.	22.6667	0.	0.	1.	0.	0.	0.	60.	1	
2.79902	58.8078	150	0	12	14	14	12	13	2.27141e-003	1.69674e-002	0.	0.	22.9444	0.	0.	1.	0.	0.	0.	60.	1	
2.81502	62.5119	151	0	12	14	14	12	13	2.35367e-003	1.69674e-002	0.	0.	23.2222	0.	0.	1.	0.	0.	0.	60.	1	
2.83202	58.8057	152	0	12	14	14	12	13	2.43593e-003	1.69674e-002	0.	0.	23.5	0.	0.	1.	0.	0.	0.	60.	1	
2.84904	58.7598	153	0	12	14	14	12	13	2.51819e-003	1.69674e-002	0.	0.	23.7778	0.	0.	1.	0.	0.	0.	60.	1	
2.86603	58.8423	154	0	12	14	14	12	13	2.60045e-003	1.69674e-002	0.	0.	24.0556	0.	0.	1.	0.	0.	0.	60.	1	
2.88299	58.9722	155	0	12	15	15	12	13	2.68271e-003	1.69674e-002	0.	0.	24.3333	0.	0.	1.	0.	0.	0.	60.	1	
2.90003	58.6859	156	0	12	15	15	12	14	2.76497e-003	1.99371e-002	0.	0.	24.6111	0.	0.	1.	0.	0.	0.	60.	1	
2.91603	62.5142	157	0	12	15	15	12	14	2.86431e-003	1.99371e-002	0.	0.	24.8889	0.	0.	1.	0.	0.	0.	60.	1	
2.93303	58.8298	158	0	13	15	15	13	14	2.96096e-003	1.99371e-002	0.	0.	25.1667	0.	0.	1.	0.	0.	0.	60.	1	
2.95001	58.8747	159	0	13	15	15	13	14	3.05762e-003	1.99371e-002	0.	0.	25.4444	0.	0.	1.	0.	0.	0.	60.	1	
2.96702	58.7922	160	0	13	15	15	13	14	3.15428e-003	1.99371e-002	0.	0.	25.7222	0.	0.	1.	0.	0.	0.	60.	1	
2.98401	58.859	161	0	13	15	15	13	14	3.25094e-003	1.99371e-002	0.	0.	26.	0.	0.	1.	0.	0.	0.	60.	1	
3.00103	58.7432	162	0	13	16	16	13	14	3.34759e-003	1.99371e-002	0.	0.	26.2778	0.	0.	1.	0.	0.	0.	60.	1	
3.01803	58.8318	163	0	13	16	16	13	15	3.44425e-003	2.31594e-002	0.	0.	26.5556	0.	0.	1.	0.	0.	0.	60.	1	
3.03503	58.8392	164	0	13	16	16	13	15	3.55812e-003	2.31594e-002	0.	0.	26.8333	0.	0.	1.	0.	0.	0.	60.	1	
3.05201	58.881	165	0	14	16	16	14	15	3.6704e-003	2.31594e-002	0.	0.	27.1111	0.	0.	1.	0.	0.	0.	60.	1	
3.06903	58.7609	166	0	14	16	16	14	15	3.78268e-003	2.31594e-002	0.	0.	27.3889	0.	0.	1.	0.	0.	0.	60.	1	
3.08601	58.882	167	0	14	16	16	14	15	3.89496e-003	2.31594e-002	0.	0.	27.6667	0.	0.	1.	0.	0.	0.	60.	1	
3.10203	62.4059	168	0	14	16	16	14	15	4.00724e-003	2.31594e-002	0.	0.	27.9444	0.	0.	1.	0.	0.	0.	60.	1	
3.11802	62.5709	169	0	14	17	17	14	15	4.11952e-003	2.31594e-002	0.	0.	28.2222	0.	0.	1.	0.	0.	0.	60.	1	
3.13504	58.7348	170	0	14	17	17	14	16	4.2318e-003	2.66676e-002	0.	0.	28.5	0.	0.	1.	0.	0.	0.	60.	1	
3.15202	58.9072	171	0	14	17	17	14	16	4.36226e-003	2.66676e-002	0.	0.	28.7778	0.	0.	1.	0.	0.	0.	60.	1	
3.16803	62.4471	172	0	15	17	17	15	16	4.49155e-003	2.66676e-002	0.	0.	29.0556	0.	0.	1.	0.	0.	0.	60.	1	
3.18402	62.5615	173	0	15	17	17	15	16	4.62084e-003	2.66676e-002	0.	0.	29.3333	0.	0.	1.	0.	0.	0.	60.	1	
3.20104	58.7567	174	0	15	17	17	15	16	4.75013e-003	2.66676e-002	0.	0.	29.6111	0.	0.	1.	0.	0.	0.	60.	1	
3.21802	58.882	175	0	15	17	17	15	16	4.87941e-003	2.66676e-002	0.	0.	29.8889	0.	0.	1.	0.	0.	0.	60.	1	
3.23502	58.8151	176	0	15	18	18	15	16	5.0087e-003	2.66676e-002	0.	0.	30.1667	0.	0.	1.	0.	0.	0.	60.	1	
3.25101	62.5402	177	0	15	18	18	15	17	5.13799e-003	3.04253e-002	0.	0.	30.4444	0.	0.	1.	0.	0.	0.	60.	1	
3.26703	62.4247	178	0	15	18	18	15	17	5.28709e-003	3.04253e-002	0.	0.	30.7222	0.	0.	1.	0.	0.	0.	60.	1	
3.28403	58.8287	179	0	16	18	18	16	17	5.43459e-003	3.04253e-002	0.	0.	31.	0.	0.	1.	0.	0.	0.	60.	1	
3.30103	58.8339	180	0	16	18	18	16	17	5.5821e-003	3.04253e-002	0.	0.	31.2778	0.	0.	1.	0.	0.	0.	60.	1	
3.31802	58.8298	181	0	16	18	18	16	17	5.7296e-003	3.04253e-002	0.	0.	31.5556	0.	0.	1.	0.	0.	0.	60.	1	
3.33404	62.4541	182	0	16	18	18	16	17	5.87711e-003	3.04253e-002	0.	0.	31.8333	0.	0.	1.	0.	0.	0.	60.	1	
3.35105	58.7724	183	0	16	19	19	16	17	6.02462e-003	3.04253e-002	0.	0.	32.1111	0.	0.	1.	0.	0.	0.	60.	1	
3.36804	58.8611	184	0	16	19	19	16	18	6.17212e-003	3.44804e-002	0.	0.	32.3889	0.	0.	1.	0.	0.	0.	60.	1	
3.38402	62.578	185	0	16	19	19	16	18	6.34236e-003	3.44804e-002	0.	0.	32.6667	0.	0.	1.	0.	0.	0.	60.	1	
3.40103	58.7765	186	0	17	19	19	17	18	6.50953e-003	3.44804e-002	0.	0.	32.9444	0.	0.	1.	0.	0.	0.	60.	1	
3.417	62.6372	187	0	17	19	19	17	18	6.67669e-003	3.44804e-002	0.	0.	33.2222	0.	0.	1.	0.	0.	0.	60.	1	
3.43403	58.6984	188	0	17	19	19	17	18	6.84386e-003	3.44804e-002	0.	0.	33.5	0.	0.	1.	0.	0.	0.	60.	1	
3.4511	58.5873	189	0	17	19	19	17	18	7.01102e-003	3.44804e-002	0.	0.	33.7778	0.	0.	1.	0.	0.	0.	60.	1	
3.46804	59.0573	190	0	17	20	20	17	18	7.17819e-003	3.44804e-002	0.	0.	34.0556	0.	0.	1.	0.	0.	0.	60.	1	
3.48504	58.8214	191	0	17	20	20	17	19	7.34536e-003	3.88247e-002	0.	0.	34.3333	0.	0.	1.	0.	0.	0.	60.	1	
3.50206	58.7234	192	0	17	20	20	17	19	7.5394e-003	3.88247e-002	0.	0.	34.6111	0.	0.	1.	0.	0.	0.	60.	1	
3.51904	58.9239	193	0	18	20	20	18	19	7.72763e-003	3.88247e-002	0.	0.	34.8889	0.	0.	1.	0.	0.	0.	60.	1	
3.53604	58.8151	194	0	18	20	20	18	19	7.91585e-003	3.88247e-002	0.	0.	35.1667	0.	0.	1.	0.	0.	0.	60.	1	
3.55301	58.9072	195	0	18	20	20	18	19	8.10408e-003	3.88247e-002	0.	0.	35.4444	0.	0.	1.	0.	0.	0.	60.	1	
3.56904	62.3977	196	0	18	21	21	18	19	8.29231e-003	3.88247e-002	0.	0.	35.7222	0.	0.	1.	0.	0.	0.	60.	1	
3.58602	58.8852	197	0	18	21	21	18	19	8.48054e-003	3.88247e-002	0.	0.	36.	0.	0.	1.	0.	0.	0.	60.	1	
3.60204	62.4294	198	0	18	21	21	18	20	8.66876e-003	4.34495e-002	0.	0.	36.2778	0.	0.	1.	0.	0.	0.	60.	1	
3.61903	58.8674	199	0	18	21	21	18	20	8.88942e-003	4.34495e-002	0.	0.	36.5556	0.	0.	1.	0.	0.	0.	60.	1	
3.63504	62.4377	200	0	19	21	21	19	20	9.10007e-003	4.34495e-002	0.	0.	36.8333	0.	0.	1.	0.	0.	0.	60.	1	
3.65203	58.858	201	0	19	21	21	19	20	9.31072e-003	4.34495e-002	0.	0.	37.1111	0.	0.	1.	0.	0.	0.	60.	1	
3.66804	62.4624	202	0	19	21	21	19	20	9.52137e-003	4.34495e-002	0.	0.	37.3889	0.	0.	1.	0.	0.	0.	60.	1	
3.68502	58.8998	203	0	19	22	22	19	20	9.73202e-003	4.34495e-002	0.	0.	37.6667	0.	0.	1.	0.	0.	0.	60.	1	
3.70202	58.8277	204	0	19	22	22	19	20	9.94267e-003	4.34495e-002	0.	0.	37.9444	0.	0.	1.	0.	0.	0.	60.	1	
3.71908	58.607	205	0	19	22	22	19	21	1.01533e-002	4.83685e-002	0.	0.	38.2222	0.	0.	1.	0.	0.	0.	60.	1	
3.73605	58.9386	206	0	20	22	22	19	21	1.04037e-002	4.83685e-002	0.	0.	38.5	0.	0.	1.	0.	0.	0.	60.	1	
3.75304	58.8653	207	0	20	22	22	20	21	1.06382e-002	4.83685e-002	0.	0.	38.7778	0.	0.	1.	0.	0.	0.	60.	1	
3.76904	62.493	208	0	20	22	22	20	21	1.08727e-002	4.83685e-002	0.	0.	39.0556	0.	0.	1.	0.	0.	0.	60.	1	
3.78603	58.8538	209	0	20	22	22	20	21	1.11072e-002	4.83685e-002	0.	0.	39.3333	0.	0.	1.	0.	0.	0.	60.	1	
3.80308	58.662	210	0	20	23	23	20	21	1.13417e-002	4.83685e-002	0.	0.	39.6111	0.	0.	1.	0.	0.	0.	60.	1	
3.82005	58.9376	211	0	20	23	23	20	21	1.15762e-002	4.83685e-002	0.	0.	39.8889	0.	0.	1.	0.	0.	0.	60.	1	
3.83708	58.713	212	0	20	23	23	20	22	1.18107e-002	5.36018e-002	0.	0.	40.1667	0.	0.	1.	0.	0.	0.	60.	1	
3.85404	58.9648	213	0	21	23	23	21	22	1.20943e-002	5.36018e-002	0.	0.	40.4444	0.	0.	1.	0.	0.	0.	60.	1	
3.87108	58.6766	214	0	21	23	23	21	22	1.23542e-002	5.36018e-002	0.	0.	40.7222	0.	0.	1.	0.	0.	0.	60.	1	
3.88803	59.0005	215	0	21	23	23	21	22	1.26141e-002	5.36018e-002	0.	0.	41.	0.	0.	1.	0.	0.	0.	60.	1	
3.90507	58.6724	216	0	21	24	24	21	22	1.2874e-002	5.36018e-002	0.	0.	41.2778	0.	0.	1.	0.	0.	0.	60.	1	
3.92208	58.7911	217	0	21	24	24	21	22	1.31338e-002	5.36018e-002	0.	0.	41.5556	0.	0.	1.	0.	0.	0.	60.	1	
3.93908	58.8412	218	0	21	24	24	21	23	1.33937e-002	5.91489e-002	0.	0.	41.8333	0.	0.	1.	0.	0.	0.	60.	1	
3.95603	58.9659	219	0	21	24	24	21	23	1.36874e-002	5.91489e-002	0.	0.	42.1111	0.	0.	1.	0.	0.	0.	60.	1	
3.97308	58.6735	220	0	22	24	24	22	23	1.39741e-002	5.91489e-002	0.	0.	42.3889	0.	0.	1.	0.	0.	0.	60.	1	
3.99005	58.9208	221	0	22	24	24	22	23	1.42609e-002	5.91489e-002	0.	0.	42.6667	0.	0.	1.	0.	0.	0.	60.	1	
4.00706	58.8005	222	0	22	24	24	22	23	1.45476e-002	5.91489e-002	0.	0.	42.9444	0.	0.	1.	0.	0.	0.	60.	1	
4.02408	58.7463	223	0	22	25	25	22	23	1.48344e-002	5.91489e-002	0.	0.	43.2222	0.	0.	1.	0.	0.	0.	60.	1	
4.04107	58.8412	224	0	22	25	25	22	23	1.51212e-002	5.91489e-002	0.	0.	43.5	0.	0.	1.	0.	0.	0.	60.	1	
4.05808	58.7974	225	0	22	25	25	22	24	1.54079e-002	6.49935e-002	0.	0.	43.7778	0.	0.	1.	0.	0.	0.	60.	1	
4.07508	58.8235	226	0	22	25	25	22	24	1.57408e-002	6.49935e-002	0.	0.	44.0556	0.	0.	1.	0.	0.	0.	60.	1	
4.09207	58.8538	227	0	23	25	25	23	24	1.60559e-002	6.49935e-002	0.	0.	44.3333	0.	0.	1.	0.	0.	0.	60.	1	
4.10909	58.7661	228	0	23	25	25	23	24	1.6371e-002	6.49935e-002	0.	0.	44.6111	0.	0.	1.	0.	0.	0.	60.	1	
4.12608	58.8559	229	0	23	26	25	23	24	1.66861e-002	6.49935e-002	0.	0.	44.8889	0.	0.	1.	0.	0.	0.	60.	1	
4.14309	58.7943	230	0	23	26	26	23	24	1.70012e-002	6.49935e-002	0.	0.	45.1667	0.	0.	1.	0.	0.	0.	60.	1	
4.1601	58.7765	231	0	23	26	26	23	25	1.73163e-002	7.11799e-002	0.	0.	45.4444	0.	0.	1.	0.	0.	0.	60.	1	
4.17709	58.8559	232	0	23	26	26	23	25	1.76627e-002	7.11799e-002	0.	0.	45.7222	0.	0.	1.	0.	0.	0.	60.	1	
4.19405	58.9659	233	0	24	26	26	24	25	1.80078e-002	7.11799e-002	0.	0.	46.	0.	0.	1.	0.	0.	0.	60.	1	
4.21107	58.7588	234	0	24	26	26	24	25	1.83529e-002	7.11799e-002	0.	0.	46.2778	0.	0.	1.	0.	0.	0.	60.	1	
4.22808	58.8036	235	0	24	26	26	24	25	1.8698e-002	7.11799e-002	0.	0.	46.5556	0.	0.	1.	0.	0.	0.	60.	1	
4.24508	58.8089	236	0	24	27	27	24	25	1.90431e-002	7.11799e-002	0.	0.	46.8333	0.	0.	1.	0.	0.	0.	60.	1	
4.26209	58.8036	237	0	24	27	27	24	25	1.93882e-002	7.11799e-002	0.	0.	47.1111	0.	0.	1.	0.	0.	0.	60.	1	
4.27909	58.8057	238	0	24	27	27	24	26	1.97333e-002	7.76767e-002	0.	0.	47.3889	0.	0.	1.	0.	0.	0.	60.	1	
4.29509	62.4942	239	0	24	27	27	24	26	2.0126e-002	7.76767e-002	0.	0.	47.6667	0.	0.	1.	0.	0.	0.	60.	1	
4.31208	58.8622	240	0	25	27	27	25	26	2.05026e-002	7.76767e-002	0.	0.	47.9444	0.	0.	1.	0.	0.	0.	60.	1	
4.32808	62.4907	241	0	25	27	27	25	26	2.08792e-002	7.76767e-002	0.	0.	48.2222	0.	0.	1.	0.	0.	0.	60.	1	
4.3451	58.7828	242	0	25	28	28	25	26	2.12557e-002	7.76767e-002	0.	0.	48.5	0.	0.	1.	0.	0.	0.	60.	1	
4.36111	62.4506	243	0	25	28	28	25	26	2.16323e-002	7.76767e-002	0.	0.	48.7778	0.	0.	1.	0.	0.	0.	60.	1	
4.37809	58.8967	244	0	25	28	28	25	27	2.20089e-002	8.45359e-002	0.	0.	49.0556	0.	0.	1.	0.	0.	0.	60.	1	
4.39509	58.8162	245	0	25	28	28	25	27	2.24197e-002	8.45359e-002	0.	0.	49.3333	0.	0.	1.	0.	0.	0.	60.	1	
4.41208	58.8465	246	0	26	28	28	26	27	2.28296e-002	8.45359e-002	0.	0.	49.6111	0.	0.	1.	0.	0.	0.	60.	1	
4.42908	58.8224	247	0	26	28	28	26	27	2.32394e-002	8.45359e-002	0.	0.	49.8889	0.	0.	1.	0.	0.	0.	60.	1	
4.44608	58.8245	248	0	26	28	28	26	27	2.36493e-002	8.45359e-002	0.	0.	50.1667	0.	0.	1.	0.	0.	0.	60.	1	
4.46309	58.8036	249	0	26	29	29	26	27	2.40591e-002	8.45359e-002	0.	0.	50.4444	0.	0.	1.	0.	0.	0.	60.	1	
4.48006	58.9208	250	0	26	29	29	26	27	2.44689e-002	8.45359e-002	0.	0.	50.7222	0.	0.	1.	0.	0.	0.	60.	1	
4.4971	58.6766	251	0	26	29	29	26	28	2.48788e-002	9.17046e-002	0.	0.	51.	0.	0.	1.	0.	0.	0.	60.	1	
4.51407	58.9313	252	0	26	29	29	26	28	2.5344e-002	9.17046e-002	0.	0.	51.2778	0.	0.	1.	0.	0.	0.	60.	1	
4.53122	58.3151	253	0	27	29	29	27	28	2.57886e-002	9.17046e-002	0.	0.	51.5556	0.	0.	1.	0.	0.	0.	60.	1	
4.54806	59.3717	254	0	27	29	29	27	28	2.62332e-002	9.17046e-002	0.	0.	51.8333	0.	0.	1.	0.	0.	0.	60.	1	
4.56507	58.8151	255	0	27	30	30	27	28	2.66778e-002	9.17046e-002	0.	0.	52.1111	0.	0.	1.	0.	0.	0.	60.	1	
4.58209	58.7411	256	0	27	30	30	27	28	2.71224e-002	9.17046e-002	0.	0.	52.3889	0.	0.	1.	0.	0.	0.	60.	1	
4.59908	58.8684	257	0	27	30	30	27	29	2.7567e-002	9.92581e-002	0.	0.	52.6667	0.	0.	1.	0.	0.	0.	60.	1	
4.61609	58.7682	258	0	27	30	30	27	29	2.80558e-002	9.92581e-002	0.	0.	52.9444	0.	0.	1.	0.	0.	0.	60.	1	
4.63207	62.5981	259	0	28	30	30	28	29	2.8537e-002	9.92581e-002	0.	0.	53.2222	0.	0.	1.	0.	0.	0.	60.	1	
4.64908	58.7703	260	0	28	30	30	28	29	2.90182e-002	9.92581e-002	0.	0.	53.5	0.	0.	1.	0.	0.	0.	60.	1	
4.6651	62.4294	261	0	28	31	30	28	29	2.94995e-002	9.92581e-002	0.	0.	53.7778	0.	0.	1.	0.	0.	0.	60.	1	
4.68207	58.9365	262	0	28	31	31	28	29	2.99807e-002	9.92581e-002	0.	0.	54.0556	0.	0.	1.	0.	0.	0.	60.	1	
4.6991	58.714	263	0	28	31	31	28	29	3.04619e-002	9.92581e-002	0.	0.	54.3333	0.	0.	1.	0.	0.	0.	60.	1	
4.71608	58.8873	264	0	28	31	31	28	30	3.09431e-002	0.107149	0.	0.	54.6111	0.	0.	1.	0.	0.	0.	60.	1	
4.73309	58.7849	265	0	28	31	31	28	30	3.14958e-002	0.107149	0.	0.	54.8889	0.	0.	1.	0.	0.	0.	60.	1	
4.75016	58.5956	266	0	29	31	31	29	30	3.20153e-002	0.107149	0.	0.	55.1667	0.	0.	1.	0.	0.	0.	60.	1	
4.76709	59.0626	267	0	29	31	31	29	30	3.25347e-002	0.107149	0.	0.	55.4444	0.	0.	1.	0.	0.	0.	60.	1	
4.78411	58.7442	268	0	29	32	32	29	30	3.30542e-002	0.107149	0.	0.	55.7222	0.	0.	1.	0.	0.	0.	60.	1	
4.80111	58.8381	269	0	29	32	32	29	30	3.35737e-002	0.107149	0.	0.	56.	0.	0.	1.	0.	0.	0.	60.	1	
4.81706	62.7036	270	0	29	32	32	29	31	3.40932e-002	0.1154	0.	0.	56.2778	0.	0.	1.	0.	0.	0.	60.	1	
4.8331	62.3179	271	0	29	32	32	29	31	3.46757e-002	0.1154	0.	0.	56.5556	0.	0.	1.	0.	0.	0.	60.	1	
4.85009	58.8632	272	0	30	32	32	30	31	3.52352e-002	0.1154	0.	0.	56.8333	0.	0.	1.	0.	0.	0.	60.	1	
4.86608	62.5426	273	0	30	32	32	30	31	3.57947e-002	0.1154	0.	0.	57.1111	0.	0.	1.	0.	0.	0.	60.	1	
4.8831	58.7692	274	0	30	33	33	30	31	3.63542e-002	0.1154	0.	0.	57.3889	0.	0.	1.	0.	0.	0.	60.	1	
4.89908	62.5497	275	0	30	33	33	30	31	3.69136e-002	0.1154	0.	0.	57.6667	0.	0.	1.	0.	0.	0.	60.	1	
4.91611	58.7317	276	0	30	33	33	30	32	3.74731e-002	0.124036	0.	0.	57.9444	0.	0.	1.	0.	0.	0.	60.	1	
4.93311	58.8287	277	0	30	33	33	30	32	3.80884e-002	0.124036	0.	0.	58.2222	0.	0.	1.	0.	0.	0.	60.	1	
4.95011	58.813	278	0	31	33	33	31	32	3.86898e-002	0.124036	0.	0.	58.5	0.	0.	1.	0.	0.	0.	60.	1	
4.96713	58.7734	279	0	31	33	33	31	32	3.92911e-002	0.124036	0.	0.	58.7778	0.	0.	1.	0.	0.	0.	60.	1	
4.98411	58.8695	280	0	31	34	34	31	32	3.98925e-002	0.124036	0.	0.	59.0556	0.	0.	1.	0.	0.	0.	60.	1	
5.00105	59.0542	281	0	31	34	34	31	32	4.04938e-002	0.124036	0.	0.	59.3333	0.	0.	1.	0.	0.	0.	60.	1	
5.01709	62.3331	282	0	31	34	34	31	33	4.10951e-002	0.133048	0.	0.	59.6111	0.	0.	1.	0.	0.	0.	60.	1	
5.03414	58.662	283	0	31	34	34	31	33	4.17462e-002	0.133048	0.	0.	59.8889	0.	0.	1.	0.	0.	0.	60.	1	
5.05107	59.0405	284	0	31	34	34	31	33	4.23912e-002	0.133048	0.	0.	60.1667	0.	0.	1.	0.	0.	0.	60.	1	
5.06811	58.6911	285	0	32	34	34	32	33	4.30363e-002	0.133048	0.	0.	60.4444	0.	0.	1.	0.	0.	0.	60.	1	
5.08508	58.9554	286	0	32	35	35	32	33	4.36813e-002	0.133048	0.	0.	60.7222	0.	0.	1.	0.	0.	0.	60.	1	
5.10211	58.6891	287	0	32	35	35	32	33	4.43263e-002	0.133048	0.	0.	61.	0.	0.	1.	0.	0.	0.	60.	1	
5.11907	58.9648	288	0	32	35	35	32	33	4.49714e-002	0.133048	0.	0.	61.2778	0.	0.	1.	0.	0.	0.	60.	1	
5.13611	58.7015	289	0	32	35	35	32	34	4.56164e-002	0.142451	0.	0.	61.5556	0.	0.	1.	0.	0.	0.	60.	1	
5.15307	58.947	290	0	32	35	35	32	34	4.63521e-002	0.142451	0.	0.	61.8333	0.	0.	1.	0.	0.	0.	60.	1	
5.16911	62.373	291	0	33	35	35	33	34	4.70427e-002	0.142451	0.	0.	62.1111	0.	0.	1.	0.	0.	0.	60.	1	
5.18609	58.8622	292	0	33	36	36	33	34	4.77333e-002	0.142451	0.	0.	62.3889	0.	0.	1.	0.	0.	0.	60.	1	
5.20311	58.7546	293	0	33	36	36	33	34	4.84239e-002	0.142451	0.	0.	62.6667	0.	0.	1.	0.	0.	0.	60.	1	
5.22008	58.9302	294	0	33	36	36	33	34	4.91145e-002	0.142451	0.	0.	62.9444	0.	0.	1.	0.	0.	0.	60.	1	
5.23712	58.714	295	0	33	36	36	33	35	4.98052e-002	0.152236	0.	0.	63.2222	0.	0.	1.	0.	0.	0.	60.	1	
5.25409	58.9239	296	0	33	36	36	33	35	5.05853e-002	0.152236	0.	0.	63.5	0.	0.	1.	0.	0.	0.	60.	1	
5.27012	62.3754	297	0	34	36	36	34	35	5.13233e-002	0.152236	0.	0.	63.7778	0.	0.	1.	0.	0.	0.	60.	1	
5.28707	58.9827	298	0	34	37	37	34	35	5.20614e-002	0.152236	0.	0.	64.0556	0.	0.	1.	0.	0.	0.	60.	1	
5.30412	58.6465	299	0	34	37	37	34	35	5.27994e-002	0.152236	0.	0.	64.3333	0.	0.	1.	0.	0.	0.	60.	1	
5.32011	62.5485	300	0	34	37	37	34	35	5.35375e-002	0.152236	0.	0.	64.6111	0.	0.	1.	0.	0.	0.	60.	1	
5.33711	58.8183	301	0	34	37	37	34	36	5.42756e-002	0.16243	0.	0.	64.8889	0.	0.	1.	0.	0.	0.	60.	1	
5.35408	58.9417	302	0	34	37	37	34	36	5.51041e-002	0.16243	0.	0.	65.1667	0.	0.	1.	0.	0.	0.	60.	1	
5.37112	58.6911	303	0	35	37	37	35	36	5.58916e-002	0.16243	0.	0.	65.4444	0.	0.	1.	0.	0.	0.	60.	1	
5.3881	58.8779	304	0	35	38	38	35	36	5.66791e-002	0.16243	0.	0.	65.7222	0.	0.	1.	0.	0.	0.	60.	1	
5.40411	62.4494	305	0	35	38	38	35	36	5.74666e-002	0.16243	0.	0.	66.	0.	0.	1.	0.	0.	0.	60.	1	
5.42011	62.5331	306	0	35	38	38	35	36	5.8254e-002	0.16243	0.	0.	66.2778	0.	0.	1.	0.	0.	0.	60.	1	
5.43712	58.7838	307	0	35	38	38	35	37	5.90415e-002	0.173047	0.	0.	66.5556	0.	0.	1.	0.	0.	0.	60.	1	
5.45408	58.9606	308	0	35	38	38	35	37	5.99228e-002	0.173047	0.	0.	66.8333	0.	0.	1.	0.	0.	0.	60.	1	
5.47012	62.3448	309	0	36	38	38	36	37	6.07617e-002	0.173047	0.	0.	67.1111	0.	0.	1.	0.	0.	0.	60.	1	
5.48709	58.9176	310	0	36	39	39	36	37	6.16007e-002	0.173047	0.	0.	67.3889	0.	0.	1.	0.	0.	0.	60.	1	
5.50412	58.7359	311	0	36	39	39	36	37	6.24396e-002	0.173047	0.	0.	67.6667	0.	0.	1.	0.	0.	0.	60.	1	
5.52108	58.9627	312	0	36	39	39	36	37	6.32786e-002	0.173047	0.	0.	67.9444	0.	0.	1.	0.	0.	0.	60.	1	
5.5371	62.3965	313	0	36	39	39	36	38	6.41175e-002	0.184063	0.	0.	68.2222	0.	0.	1.	0.	0.	0.	60.	1	
5.55307	62.6289	314	0	36	39	39	36	38	6.50557e-002	0.184063	0.	0.	68.5	0.	0.	1.	0.	0.	0.	60.	1	
5.57012	58.6475	315	0	37	39	39	37	38	6.59481e-002	0.184063	0.	0.	68.7778	0.	0.	1.	0.	0.	0.	60.	1	
5.58709	58.9155	316	0	37	40	40	37	38	6.68405e-002	0.184063	0.	0.	69.0556	0.	0.	1.	0.	0.	0.	60.	1	
5.60413	58.7161	317	0	37	40	40	37	38	6.77328e-002	0.184063	0.	0.	69.3333	0.	0.	1.	0.	0.	0.	60.	1	
5.62108	58.9806	318	0	37	40	40	37	38	6.86252e-002	0.184063	0.	0.	69.6111	0.	0.	1.	0.	0.	0.	60.	1	
5.63713	62.2862	319	0	37	40	40	37	39	6.95175e-002	0.195537	0.	0.	69.8889	0.	0.	1.	0.	0.	0.	60.	1	
5.65311	62.5816	320	0	37	40	40	37	39	7.05179e-002	0.195537	0.	0.	70.1667	0.	0.	1.	0.	0.	0.	60.	1	
5.67013	58.7755	321	0	38	40	40	38	39	7.14659e-002	0.195537	0.	0.	70.4444	0.	0.	1.	0.	0.	0.	60.	1	
5.68709	58.9449	322	0	38	41	41	38	39	7.24139e-002	0.195537	0.	0.	70.7222	0.	0.	1.	0.	0.	0.	60.	1	
5.70413	58.6807	323	0	38	41	41	38	39	7.33618e-002	0.195537	0.	0.	71.	0.	0.	1.	0.	0.	0.	60.	1	
5.7211	58.9564	324	0	38	41	41	38	40	7.43098e-002	0.207426	0.	0.	71.2778	0.	0.	1.	0.	0.	0.	60.	1	
5.73714	62.3437	325	0	38	41	41	38	40	7.53195e-002	0.207426	0.	0.	71.5556	0.	0.	1.	0.	0.	0.	60.	1	
5.75307	62.7618	326	0	38	41	41	38	40	7.63251e-002	0.207426	0.	0.	71.8333	0.	0.	1.	0.	0.	0.	60.	1	
5.77013	58.6164	327	0	39	42	41	39	40	7.73307e-002	0.207426	0.	0.	72.1111	0.	0.	1.	0.	0.	0.	60.	1	
5.78612	62.5426	328	0	39	42	42	39	40	7.83364e-002	0.207426	0.	0.	72.3889	0.	0.	1.	0.	0.	0.	60.	1	
5.80312	58.811	329	0	39	42	42	39	40	7.9342e-002	0.207426	0.	0.	72.6667	0.	0.	1.	0.	0.	0.	60.	1	
5.81912	62.4977	330	0	39	42	42	39	41	8.03476e-002	0.219752	0.	0.	72.9444	0.	0.	1.	0.	0.	0.	60.	1	
5.83613	58.8089	331	0	39	42	42	39	41	8.14275e-002	0.219752	0.	0.	73.2222	0.	0.	1.	0.	0.	0.	60.	1	
5.85313	58.7963	332	0	39	42	42	39	41	8.24929e-002	0.219752	0.	0.	73.5	0.	0.	1.	0.	0.	0.	60.	1	
5.87014	58.813	333	0	40	43	43	40	41	8.35583e-002	0.219752	0.	0.	73.7778	0.	0.	1.	0.	0.	0.	60.	1	
5.88609	62.668	334	0	40	43	43	40	41	8.46237e-002	0.219752	0.	0.	74.0556	0.	0.	1.	0.	0.	0.	60.	1	
5.90314	58.6818	335	0	40	43	43	40	41	8.56891e-002	0.219752	0.	0.	74.3333	0.	0.	1.	0.	0.	0.	60.	1	
5.9191	62.6455	336	0	40	43	43	40	42	8.67545e-002	0.232559	0.	0.	74.6111	0.	0.	1.	0.	0.	0.	60.	1	
5.93513	62.3613	337	0	40	43	43	40	42	8.79106e-002	0.232559	0.	0.	74.8889	0.	0.	1.	0.	0.	0.	60.	1	
5.95212	58.8695	338	0	40	43	43	40	42	8.90381e-002	0.232559	0.	0.	75.1667	0.	0.	1.	0.	0.	0.	60.	1	
5.96914	58.7484	339	0	41	44	44	41	42	9.01656e-002	0.232559	0.	0.	75.4444	0.	0.	1.	0.	0.	0.	60.	1	
5.98514	62.5237	340	0	41	44	44	41	42	9.12931e-002	0.232559	0.	0.	75.7222	0.	0.	1.	0.	0.	0.	60.	1	
6.00221	58.5594	341	0	41	44	44	41	42	9.24205e-002	0.232559	0.	0.	76.	0.	0.	1.	0.	0.	0.	60.	1	
6.01912	59.1385	342	0	41	44	44	41	43	9.3548e-002	0.24581	0.	0.	76.2778	0.	0.	1.	0.	0.	0.	60.	1	
6.03615	58.7421	343	0	41	44	44	41	43	9.47864e-002	0.24581	0.	0.	76.5556	0.	0.	1.	0.	0.	0.	60.	1	
6.05213	62.5733	344	0	42	44	44	41	43	9.59781e-002	0.24581	0.	0.	76.8333	0.	0.	1.	0.	0.	0.	60.	1	
6.0691	58.9114	345	0	42	45	45	42	43	9.71698e-002	0.24581	0.	0.	77.1111	0.	0.	1.	0.	0.	0.	60.	1	
6.08513	62.373	346	0	42	45	45	42	43	9.83615e-002	0.24581	0.	0.	77.3889	0.	0.	1.	0.	0.	0.	60.	1	
6.10214	58.8036	347	0	42	45	45	42	44	9.95533e-002	0.259547	0.	0.	77.6667	0.	0.	1.	0.	0.	0.	60.	1	
6.11813	62.5225	348	0	42	45	45	42	44	0.100814	0.259547	0.	0.	77.9444	0.	0.	1.	0.	0.	0.	60.	1	
6.13514	58.8005	349	0	42	45	45	42	44	0.102072	0.259547	0.	0.	78.2222	0.	0.	1.	0.	0.	0.	60.	1	
6.15214	58.8141	350	0	43	46	46	43	44	0.103331	0.259547	0.	0.	78.5	0.	0.	1.	0.	0.	0.	60.	1	
6.16913	58.8894	351	0	43	46	46	43	44	0.104589	0.259547	0.	0.	78.7778	0.	0.	1.	0.	0.	0.	60.	1	
6.18515	62.3871	352	0	43	46	46	43	44	0.105847	0.259547	0.	0.	79.0556	0.	0.	1.	0.	0.	0.	60.	1	
6.20215	58.8318	353	0	43	46	46	43	45	0.107105	0.273762	0.	0.	79.3333	0.	0.	1.	0.	0.	0.	60.	1	
6.21812	62.6099	354	0	43	46	46	43	45	0.108459	0.273762	0.	0.	79.6111	0.	0.	1.	0.	0.	0.	60.	1	
6.23515	58.7442	355	0	43	46	46	43	45	0.109787	0.273762	0.	0.	79.8889	0.	0.	1.	0.	0.	0.	60.	1	
6.25115	62.473	356	0	44	47	47	44	45	0.111114	0.273762	0.	0.	80.1667	0.	0.	1.	0.	0.	0.	60.	1	
6.26816	58.7901	357	0	44	47	47	44	45	0.112441	0.273762	0.	0.	80.4444	0.	0.	1.	0.	0.	0.	60.	1	
6.28416	62.5319	358	0	44	47	47	44	45	0.113768	0.273762	0.	0.	80.7222	0.	0.	1.	0.	0.	0.	60.	1	
6.30116	58.7922	359	0	44	47	47	44	46	0.115096	0.288458	0.	0.	81.	0.	0.	1.	0.	0.	0.	60.	1	
6.31716	62.5013	360	0	44	47	47	44	46	0.11655	0.288458	0.	0.	81.2778	0.	0.	1.	0.	0.	0.	60.	1	
6.33416	58.8224	361	0	45	48	48	44	46	0.117949	0.288458	0.	0.	81.5556	0.	0.	1.	0.	0.	0.	60.	1	
6.35015	62.565	362	0	45	48	48	45	46	0.119347	0.288458	0.	0.	81.8333	0.	0.	1.	0.	0.	0.	60.	1	
6.36714	58.8527	363	0	45	48	48	45	46	0.120745	0.288458	0.	0.	82.1111	0.	0.	1.	0.	0.	0.	60.	1	
6.38312	62.5756	364	0	45	48	48	45	47	0.122144	0.303678	0.	0.	82.3889	0.	0.	1.	0.	0.	0.	60.	1	
6.40014	58.7463	365	0	45	48	48	45	47	0.123633	0.303678	0.	0.	82.6667	0.	0.	1.	0.	0.	0.	60.	1	
6.41613	62.5355	366	0	45	48	48	45	47	0.125105	0.303678	0.	0.	82.9444	0.	0.	1.	0.	0.	0.	60.	1	
6.43213	62.5154	367	0	46	49	49	46	47	0.126577	0.303678	0.	0.	83.2222	0.	0.	1.	0.	0.	0.	60.	1	
6.44813	62.4895	368	0	46	49	49	46	47	0.12805	0.303678	0.	0.	83.5	0.	0.	1.	0.	0.	0.	60.	1	
6.46514	58.8016	369	0	46	49	49	46	47	0.129522	0.303678	0.	0.	83.7778	0.	0.	1.	0.	0.	0.	60.	1	
6.48112	62.578	370	0	46	49	49	46	48	0.130994	0.319416	0.	0.	84.0556	0.	0.	1.	0.	0.	0.	60.	1	
6.49813	58.7943	371	0	46	49	49	46	48	0.132597	0.319416	0.	0.	84.3333	0.	0.	1.	0.	0.	0.	60.	1	
6.51413	62.5001	372	0	46	50	50	46	48	0.134146	0.319416	0.	0.	84.6111	0.	0.	1.	0.	0.	0.	60.	1	
6.53113	58.8214	373	0	47	50	50	47	48	0.135694	0.319416	0.	0.	84.8889	0.	0.	1.	0.	0.	0.	60.	1	
6.54816	58.7119	374	0	47	50	50	47	48	0.137243	0.319416	0.	0.	85.1667	0.	0.	1.	0.	0.	0.	60.	1	
6.56413	62.6088	375	0	47	50	50	47	49	0.138791	0.335643	0.	0.	85.4444	0.	0.	1.	0.	0.	0.	60.	1	
6.58112	58.8527	376	0	47	50	50	47	49	0.140438	0.335643	0.	0.	85.7222	0.	0.	1.	0.	0.	0.	60.	1	
6.59813	58.7859	377	0	47	51	50	47	49	0.142065	0.335643	0.	0.	86.	0.	0.	1.	0.	0.	0.	60.	1	
6.6141	62.6159	378	0	48	51	51	48	49	0.143692	0.335643	0.	0.	86.2778	0.	0.	1.	0.	0.	0.	60.	1	
6.63114	58.7005	379	0	48	51	51	48	49	0.145319	0.335643	0.	0.	86.5556	0.	0.	1.	0.	0.	0.	60.	1	
6.64816	58.7724	380	0	48	51	51	48	49	0.146946	0.335643	0.	0.	86.8333	0.	0.	1.	0.	0.	0.	60.	1	
6.66512	58.9606	381	0	48	51	51	48	50	0.148574	0.35243	0.	0.	87.1111	0.	0.	1.	0.	0.	0.	60.	1	
6.6821	58.8611	382	0	48	51	51	48	50	0.150348	0.35243	0.	0.	87.3889	0.	0.	1.	0.	0.	0.	60.	1	
6.69914	58.6953	383	0	48	52	52	48	50	0.152057	0.35243	0.	0.	87.6667	0.	0.	1.	0.	0.	0.	60.	1	
6.71616	58.7473	384	0	49	52	52	49	50	0.153766	0.35243	0.	0.	87.9444	0.	0.	1.	0.	0.	0.	60.	1	
6.73315	58.8674	385	0	49	52	52	49	50	0.155474	0.35243	0.	0.	88.2222	0.	0.	1.	0.	0.	0.	60.	1	
6.75017	58.7661	386	0	49	52	52	49	51	0.157183	0.369747	0.	0.	88.5	0.	0.	1.	0.	0.	0.	60.	1	
6.76716	58.8559	387	0	49	52	52	49	51	0.159011	0.369747	0.	0.	88.7778	0.	0.	1.	0.	0.	0.	60.	1	
6.78314	62.5733	388	0	49	53	53	49	51	0.160804	0.369747	0.	0.	89.0556	0.	0.	1.	0.	0.	0.	60.	1	
6.80014	58.8371	389	0	50	53	53	50	51	0.162596	0.369747	0.	0.	89.3333	0.	0.	1.	0.	0.	0.	60.	1	
6.81614	62.473	390	0	50	53	53	50	51	0.164389	0.369747	0.	0.	89.6111	0.	0.	1.	0.	0.	0.	60.	1	
6.83313	58.8622	391	0	50	53	53	50	52	0.166182	0.387627	0.	0.	89.8889	0.	0.	1.	0.	0.	0.	60.	1	
6.84914	62.4848	392	0	50	53	53	50	52	0.168068	0.387627	0.	0.	90.1667	0.	0.	1.	0.	0.	0.	60.	1	
6.86615	58.7859	393	0	50	54	53	50	52	0.169947	0.387627	0.	0.	90.4444	0.	0.	1.	0.	0.	0.	60.	1	
6.88215	62.4954	394	0	51	54	54	50	52	0.171827	0.387627	0.	0.	90.7222	0.	0.	1.	0.	0.	0.	60.	1	
6.89915	58.8277	395	0	51	54	54	51	52	0.173706	0.387627	0.	0.	91.	0.	0.	1.	0.	0.	0.	60.	1	
6.91514	62.5367	396	0	51	54	54	51	52	0.175585	0.387627	0.	0.	91.2778	0.	0.	1.	0.	0.	0.	60.	1	
6.93215	58.7828	397	0	51	54	54	51	53	0.177464	0.406056	0.	0.	91.5556	0.	0.	1.	0.	0.	0.	60.	1	
6.94813	62.5603	398	0	51	54	54	51	53	0.179503	0.406056	0.	0.	91.8333	0.	0.	1.	0.	0.	0.	60.	1	
6.96513	58.8381	399	0	51	55	55	51	53	0.181472	0.406056	0.	0.	92.1111	0.	0.	1.	0.	0.	0.	60.	1	
6.98114	62.4471	400	0	52	55	55	52	53	0.18344	0.406056	0.	0.	92.3889	0.	0.	1.	0.	0.	0.	60.	1	
6.99815	58.8047	401	0	52	55	55	52	53	0.185409	0.406056	0.	0.	92.6667	0.	0.	1.	0.	0.	0.	60.	1	
7.01414	62.5213	402	0	52	55	55	52	54	0.187378	0.42511	0.	0.	92.9444	0.	0.	1.	0.	0.	0.	60.	1	
7.03112	58.9019	403	0	52	55	55	52	54	0.189487	0.42511	0.	0.	93.2222	0.	0.	1.	0.	0.	0.	60.	1	
7.04715	62.3848	404	0	52	56	56	52	54	0.191548	0.42511	0.	0.	93.5	0.	0.	1.	0.	0.	0.	60.	1	
7.06415	58.8381	405	0	53	56	56	53	54	0.193609	0.42511	0.	0.	93.7778	0.	0.	1.	0.	0.	0.	60.	1	
7.08113	58.8852	406	0	53	56	56	53	54	0.19567	0.42511	0.	0.	94.0556	0.	0.	1.	0.	0.	0.	60.	1	
7.09814	58.7744	407	0	53	56	56	53	55	0.197731	0.444701	0.	0.	94.3333	0.	0.	1.	0.	0.	0.	60.	1	
7.11417	62.4059	408	0	53	56	56	53	55	0.199917	0.444701	0.	0.	94.6111	0.	0.	1.	0.	0.	0.	60.	1	
7.13114	58.9124	409	0	53	57	57	53	55	0.202073	0.444701	0.	0.	94.8889	0.	0.	1.	0.	0.	0.	60.	1	
7.14715	62.4718	410	0	54	57	57	53	55	0.204229	0.444701	0.	0.	95.1667	0.	0.	1.	0.	0.	0.	60.	1	
7.16412	58.9093	411	0	54	57	57	54	55	0.206385	0.444701	0.	0.	95.4444	0.	0.	1.	0.	0.	0.	60.	1	
7.18113	58.7943	412	0	54	57	57	54	56	0.208541	0.464913	0.	0.	95.7222	0.	0.	1.	0.	0.	0.	60.	1	
7.19815	58.7651	413	0	54	57	57	54	56	0.210808	0.464913	0.	0.	96.	0.	0.	1.	0.	0.	0.	60.	1	
7.21416	62.4565	414	0	54	58	58	54	56	0.213062	0.464913	0.	0.	96.2778	0.	0.	1.	0.	0.	0.	60.	1	
7.23113	58.9166	415	0	54	58	58	54	56	0.215316	0.464913	0.	0.	96.5556	0.	0.	1.	0.	0.	0.	60.	1	
7.24717	62.3401	416	0	55	58	58	55	56	0.21757	0.464913	0.	0.	96.8333	0.	0.	1.	0.	0.	0.	60.	1	
7.26414	58.9292	417	0	55	58	58	55	56	0.219824	0.464913	0.	0.	97.1111	0.	0.	1.	0.	0.	0.	60.	1	
7.28115	58.7953	418	0	55	58	58	55	57	0.222078	0.485746	0.	0.	97.3889	0.	0.	1.	0.	0.	0.	60.	1	
7.29816	58.7984	419	0	55	59	59	55	57	0.224535	0.485746	0.	0.	97.6667	0.	0.	1.	0.	0.	0.	60.	1	
7.31414	62.5851	420	0	55	59	59	55	57	0.226889	0.485746	0.	0.	97.9444	0.	0.	1.	0.	0.	0.	60.	1	
7.33114	58.8183	421	0	56	59	59	56	57	0.229244	0.485746	0.	0.	98.2222	0.	0.	1.	0.	0.	0.	60.	1	
7.34714	62.4801	422	0	56	59	59	56	57	0.231599	0.485746	0.	0.	98.5	0.	0.	1.	0.	0.	0.	60.	1	
7.36415	58.789	423	0	56	59	59	56	58	0.233954	0.50718	0.	0.	98.7778	0.	0.	1.	0.	0.	0.	60.	1	
7.38116	58.8036	424	0	56	60	60	56	58	0.236508	0.50718	0.	0.	99.0556	0.	0.	1.	0.	0.	0.	60.	1	
7.39815	58.8507	425	0	56	60	60	56	58	0.238967	0.50718	0.	0.	99.3333	0.	0.	1.	0.	0.	0.	60.	1	
7.41415	62.4871	426	0	57	60	60	57	58	0.241426	0.50718	0.	0.	99.6111	0.	0.	1.	0.	0.	0.	60.	1	
7.43116	58.813	427	0	57	60	60	57	58	0.243885	0.50718	0.	0.	99.8889	0.	0.	1.	0.	0.	0.	60.	1	
7.44716	62.5013	428	0	57	60	60	57	59	0.246344	0.529266	0.	0.	100.167	0.	0.	1.	0.	0.	0.	60.	1	
7.46415	58.8486	429	0	57	61	61	57	59	0.249003	0.529266	0.	0.	100.444	0.	0.	1.	0.	0.	0.	60.	1	
7.48114	58.8475	430	0	57	61	61	57	59	0.251568	0.529266	0.	0.	100.722	0.	0.	1.	0.	0.	0.	60.	1	
7.49816	58.7692	431	0	58	61	61	58	59	0.254134	0.529266	0.	0.	101.	0.	0.	1.	0.	0.	0.	60.	1	
7.51417	62.4624	432	0	58	61	61	58	59	0.2567	0.529266	0.	0.	101.278	0.	0.	1.	0.	0.	0.	60.	1	
7.53114	58.9155	433	0	58	61	61	58	60	0.259266	0.551998	0.	0.	101.556	0.	0.	1.	0.	0.	0.	60.	1	
7.54718	62.3401	434	0	58	62	62	58	60	0.262037	0.551998	0.	0.	101.833	0.	0.	1.	0.	0.	0.	60.	1	
7.56415	58.9512	435	0	58	62	62	58	60	0.264713	0.551998	0.	0.	102.111	0.	0.	1.	0.	0.	0.	60.	1	
7.58016	62.4353	436	0	59	62	62	59	60	0.267389	0.551998	0.	0.	102.389	0.	0.	1.	0.	0.	0.	60.	1	
7.59617	62.4789	437	0	59	62	62	59	60	0.270065	0.551998	0.	0.	102.667	0.	0.	1.	0.	0.	0.	60.	1	
7.61316	58.8486	438	0	59	62	62	59	61	0.272741	0.5754	0.	0.	102.944	0.	0.	1.	0.	0.	0.	60.	1	
7.63014	58.8894	439	0	59	63	63	59	61	0.275632	0.5754	0.	0.	103.222	0.	0.	1.	0.	0.	0.	60.	1	
7.64616	62.4294	440	0	59	63	63	59	61	0.278422	0.5754	0.	0.	103.5	0.	0.	1.	0.	0.	0.	60.	1	
7.66315	58.8465	441	0	60	63	63	60	61	0.281211	0.5754	0.	0.	103.778	0.	0.	1.	0.	0.	0.	60.	1	
7.68014	58.8527	442	0	60	63	63	60	61	0.284001	0.5754	0.	0.	104.056	0.	0.	1.	0.	0.	0.	60.	1	
7.69716	58.7786	443	0	60	63	63	60	62	0.28679	0.59948	0.	0.	104.333	0.	0.	1.	0.	0.	0.	60.	1	
7.71415	58.8412	444	0	60	64	64	60	62	0.289809	0.59948	0.	0.	104.611	0.	0.	1.	0.	0.	0.	60.	1	
7.73115	58.836	445	0	60	64	64	60	62	0.292715	0.59948	0.	0.	104.889	0.	0.	1.	0.	0.	0.	60.	1	
7.74716	62.4494	446	0	61	64	64	61	62	0.295622	0.59948	0.	0.	105.167	0.	0.	1.	0.	0.	0.	60.	1	
7.76416	58.8235	447	0	61	64	64	61	63	0.298528	0.624218	0.	0.	105.444	0.	0.	1.	0.	0.	0.	60.	1	
7.78017	62.4789	448	0	61	65	64	61	63	0.301563	0.624218	0.	0.	105.722	0.	0.	1.	0.	0.	0.	60.	1	
7.79715	58.8726	449	0	61	65	65	61	63	0.30459	0.624218	0.	0.	106.	0.	0.	1.	0.	0.	0.	60.	1	
7.81314	62.5331	450	0	61	65	65	61	63	0.307616	0.624218	0.	0.	106.278	0.	0.	1.	0.	0.	0.	60.	1	
7.82915	62.4824	451	0	62	65	65	62	63	0.310642	0.624218	0.	0.	106.556	0.	0.	1.	0.	0.	0.	60.	1	
7.84516	62.4424	452	0	62	65	65	62	64	0.313668	0.649704	0.	0.	106.833	0.	0.	1.	0.	0.	0.	60.	1	
7.86217	58.813	453	0	62	66	65	62	64	0.316846	0.649704	0.	0.	107.111	0.	0.	1.	0.	0.	0.	60.	1	
7.87817	62.506	454	0	62	66	66	62	64	0.319996	0.649704	0.	0.	107.389	0.	0.	1.	0.	0.	0.	60.	1	
7.89513	58.947	455	0	62	66	66	62	64	0.323146	0.649704	0.	0.	107.667	0.	0.	1.	0.	0.	0.	60.	1	
7.91217	58.6953	456	0	63	66	66	63	64	0.326296	0.649704	0.	0.	107.944	0.	0.	1.	0.	0.	0.	60.	1	
7.92917	58.8057	457	0	63	66	66	63	65	0.329445	0.675888	0.	0.	108.222	0.	0.	1.	0.	0.	0.	60.	1	
7.94515	62.5875	458	0	63	67	67	63	65	0.332775	0.675888	0.	0.	108.5	0.	0.	1.	0.	0.	0.	60.	1	
7.96216	58.8016	459	0	63	67	67	63	65	0.336052	0.675888	0.	0.	108.778	0.	0.	1.	0.	0.	0.	60.	1	
7.97817	62.4365	460	0	63	67	67	63	65	0.339329	0.675888	0.	0.	109.056	0.	0.	1.	0.	0.	0.	60.	1	
7.99515	58.9072	461	0	64	67	67	64	65	0.342606	0.675888	0.	0.	109.333	0.	0.	1.	0.	0.	0.	60.	1	
8.01219	58.6943	462	0	64	67	67	64	66	0.345882	0.702775	0.	0.	109.611	0.	0.	1.	0.	0.	0.	60.	1	
8.02916	58.9239	463	0	64	68	68	64	66	0.349374	0.702775	0.	0.	109.889	0.	0.	1.	0.	0.	0.	60.	1	
8.04515	62.5131	464	0	64	68	68	64	66	0.352782	0.702775	0.	0.	110.167	0.	0.	1.	0.	0.	0.	60.	1	
8.06216	58.8068	465	0	65	68	68	64	66	0.356189	0.702775	0.	0.	110.444	0.	0.	1.	0.	0.	0.	60.	1	
8.07818	62.4212	466	0	65	68	68	65	66	0.359596	0.702775	0.	0.	110.722	0.	0.	1.	0.	0.	0.	60.	1	
8.09517	58.8663	467	0	65	69	68	65	67	0.363003	0.730418	0.	0.	111.	0.	0.	1.	0.	0.	0.	60.	1	
8.11116	62.5166	468	0	65	69	69	65	67	0.366667	0.730418	0.	0.	111.278	0.	0.	1.	0.	0.	0.	60.	1	
8.12816	58.8371	469	0	65	69	69	65	67	0.370209	0.730418	0.	0.	111.556	0.	0.	1.	0.	0.	0.	60.	1	
8.14518	58.763	470	0	66	69	69	65	67	0.37375	0.730418	0.	0.	111.833	0.	0.	1.	0.	0.	0.	60.	1	
8.16217	58.8298	471	0	66	69	69	66	68	0.377291	0.758856	0.	0.	112.111	0.	0.	1.	0.	0.	0.	60.	1	
8.17919	58.7724	472	0	66	70	70	66	68	0.381002	0.758856	0.	0.	112.389	0.	0.	1.	0.	0.	0.	60.	1	
8.19617	58.8936	473	0	66	70	70	66	68	0.384681	0.758856	0.	0.	112.667	0.	0.	1.	0.	0.	0.	60.	1	
8.2132	58.7296	474	0	66	70	70	66	68	0.38836	0.758856	0.	0.	112.944	0.	0.	1.	0.	0.	0.	60.	1	
8.23018	58.8841	475	0	67	70	70	67	68	0.392039	0.758856	0.	0.	113.222	0.	0.	1.	0.	0.	0.	60.	1	
8.24616	62.5603	476	0	67	70	70	67	69	0.395717	0.788015	0.	0.	113.5	0.	0.	1.	0.	0.	0.	60.	1	
8.26316	58.8245	477	0	67	71	71	67	69	0.39962	0.788015	0.	0.	113.778	0.	0.	1.	0.	0.	0.	60.	1	
8.28018	58.7671	478	0	67	71	71	67	69	0.40344	0.788015	0.	0.	114.056	0.	0.	1.	0.	0.	0.	60.	1	
8.29718	58.8099	479	0	67	71	71	67	69	0.407261	0.788015	0.	0.	114.333	0.	0.	1.	0.	0.	0.	60.	1	
8.31418	58.8371	480	0	68	71	71	68	69	0.411081	0.788015	0.	0.	114.611	0.	0.	1.	0.	0.	0.	60.	1	
8.33117	58.8622	481	0	68	72	71	68	70	0.414901	0.818009	0.	0.	114.889	0.	0.	1.	0.	0.	0.	60.	1	
8.34718	62.4365	482	0	68	72	72	68	70	0.419008	0.818009	0.	0.	115.167	0.	0.	1.	0.	0.	0.	60.	1	
8.36421	58.7453	483	0	68	72	72	68	70	0.422973	0.818009	0.	0.	115.444	0.	0.	1.	0.	0.	0.	60.	1	
8.38018	62.6005	484	0	69	72	72	68	70	0.426939	0.818009	0.	0.	115.722	0.	0.	1.	0.	0.	0.	60.	1	
8.39718	58.8423	485	0	69	72	72	69	71	0.430905	0.848767	0.	0.	116.	0.	0.	1.	0.	0.	0.	60.	1	
8.4132	62.4141	486	0	69	73	73	69	71	0.435078	0.848767	0.	0.	116.278	0.	0.	1.	0.	0.	0.	60.	1	
8.43018	58.8936	487	0	69	73	73	69	71	0.439193	0.848767	0.	0.	116.556	0.	0.	1.	0.	0.	0.	60.	1	
8.44718	58.8235	488	0	69	73	73	69	71	0.443308	0.848767	0.	0.	116.833	0.	0.	1.	0.	0.	0.	60.	1	
8.46417	58.8412	489	0	70	73	73	70	71	0.447422	0.848767	0.	0.	117.111	0.	0.	1.	0.	0.	0.	60.	1	
8.48023	62.271	490	0	70	74	73	70	72	0.451537	0.88039	0.	0.	117.389	0.	0.	1.	0.	0.	0.	60.	1	
8.49718	58.9827	491	0	70	74	74	70	72	0.455937	0.88039	0.	0.	117.667	0.	0.	1.	0.	0.	0.	60.	1	
8.51418	58.8423	492	0	70	74	74	70	72	0.460205	0.88039	0.	0.	117.944	0.	0.	1.	0.	0.	0.	60.	1	
8.53118	58.8172	493	0	71	74	74	70	72	0.464473	0.88039	0.	0.	118.222	0.	0.	1.	0.	0.	0.	60.	1	
8.54719	62.4518	494	0	71	75	74	71	73	0.468741	0.91278	0.	0.	118.5	0.	0.	1.	0.	0.	0.	60.	1	
8.56419	58.8423	495	0	71	75	75	71	73	0.473222	0.91278	0.	0.	118.778	0.	0.	1.	0.	0.	0.	60.	1	
8.58119	58.8193	496	0	71	75	75	71	73	0.477647	0.91278	0.	0.	119.056	0.	0.	1.	0.	0.	0.	60.	1	
8.59818	58.8423	497	0	71	75	75	71	73	0.482072	0.91278	0.	0.	119.333	0.	0.	1.	0.	0.	0.	60.	1	
8.61418	62.506	498	0	72	75	75	72	73	0.486498	0.91278	0.	0.	119.611	0.	0.	1.	0.	0.	0.	60.	1	
8.63019	62.4801	499	0	72	76	76	72	74	0.490923	0.946092	0.	0.	119.889	0.	0.	1.	0.	0.	0.	60.	1	
8.64719	58.8193	500	0	72	76	76	72	74	0.495654	0.946092	0.	0.	120.167	0.	0.	1.	0.	0.	0.	60.	1	
8.6642	58.7838	501	0	72	76	76	72	74	0.500241	0.946092	0.	0.	120.444	0.	0.	1.	0.	0.	0.	60.	1	
8.6802	62.519	502	0	73	76	76	72	74	0.504827	0.946092	0.	0.	120.722	0.	0.	1.	0.	0.	0.	60.	1	
8.69719	58.8412	503	0	73	77	76	73	75	0.509414	0.980209	0.	0.	121.	0.	0.	1.	0.	0.	0.	60.	1	
8.71419	58.812	504	0	73	77	77	73	75	0.514244	0.980209	0.	0.	121.278	0.	0.	1.	0.	0.	0.	60.	1	
8.73117	58.8946	505	0	73	77	77	73	75	0.518996	0.980209	0.	0.	121.556	0.	0.	1.	0.	0.	0.	60.	1	
8.74719	62.4435	506	0	73	77	77	73	75	0.523748	0.980209	0.	0.	121.833	0.	0.	1.	0.	0.	0.	60.	1	
8.76419	58.8089	507	0	74	78	77	74	75	0.5285	0.980209	0.	0.	122.111	0.	0.	1.	0.	0.	0.	60.	1	
8.78117	58.903	508	0	74	78	78	74	76	0.533251	1.01525	0.	0.	122.389	0.	0.	1.	0.	0.	0.	60.	1	
8.79827	58.4922	509	0	74	78	78	74	76	0.538358	1.01525	0.	0.	122.667	0.	0.	1.	0.	0.	0.	60.	1	
8.81416	62.9191	510	0	74	78	78	74	76	0.543279	1.01525	0.	0.	122.944	0.	0.	1.	0.	0.	0.	60.	1	
8.83117	58.7713	511	0	75	78	78	74	76	0.548201	1.01525	0.	0.	123.222	0.	0.	1.	0.	0.	0.	60.	1	
8.8472	62.4153	512	0	75	79	79	75	77	0.553123	1.0512	0.	0.	123.5	0.	0.	1.	0.	0.	0.	60.	1	
8.86419	58.8444	513	0	75	79	79	75	77	0.558347	1.0512	0.	0.	123.778	0.	0.	1.	0.	0.	0.	60.	1	
8.8802	62.4718	514	0	75	79	79	75	77	0.563443	1.0512	0.	0.	124.056	0.	0.	1.	0.	0.	0.	60.	1	
8.8972	58.8245	515	0	75	79	79	75	77	0.568539	1.0512	0.	0.	124.333	0.	0.	1.	0.	0.	0.	60.	1	
8.91418	58.8695	516	0	76	80	79	76	78	0.573635	1.08803	0.	0.	124.611	0.	0.	1.	0.	0.	0.	60.	1	
8.93123	58.6776	517	0	76	80	80	76	78	0.578985	1.08803	0.	0.	124.889	0.	0.	1.	0.	0.	0.	60.	1	
8.94721	62.5662	518	0	76	80	80	76	78	0.58426	1.08803	0.	0.	125.167	0.	0.	1.	0.	0.	0.	60.	1	
8.96418	58.9187	519	0	76	80	80	76	78	0.589534	1.08803	0.	0.	125.444	0.	0.	1.	0.	0.	0.	60.	1	
8.98121	58.7078	520	0	77	81	80	76	78	0.594809	1.08803	0.	0.	125.722	0.	0.	1.	0.	0.	0.	60.	1	
8.99822	58.811	521	0	77	81	81	77	79	0.600083	1.12579	0.	0.	126.	0.	0.	1.	0.	0.	0.	60.	1	
9.01418	62.6301	522	0	77	81	81	77	79	0.60575	1.12579	0.	0.	126.278	0.	0.	1.	0.	0.	0.	60.	1	
9.03118	58.8298	523	0	77	81	81	77	79	0.611208	1.12579	0.	0.	126.556	0.	0.	1.	0.	0.	0.	60.	1	
9.0472	62.4424	524	0	78	82	81	77	79	0.616665	1.12579	0.	0.	126.833	0.	0.	1.	0.	0.	0.	60.	1	
9.06418	58.8831	525	0	78	82	82	78	80	0.622123	1.16457	0.	0.	127.111	0.	0.	1.	0.	0.	0.	60.	1	
9.08024	62.257	526	0	78	82	82	78	80	0.627938	1.16457	0.	0.	127.389	0.	0.	1.	0.	0.	0.	60.	1	
9.09723	58.8622	527	0	78	82	82	78	80	0.633583	1.16457	0.	0.	127.667	0.	0.	1.	0.	0.	0.	60.	1	
9.11419	58.9575	528	0	78	82	82	78	80	0.639229	1.16457	0.	0.	127.944	0.	0.	1.	0.	0.	0.	60.	1	
9.13019	62.5072	529	0	79	83	83	79	81	0.644875	1.20429	0.	0.	128.222	0.	0.	1.	0.	0.	0.	60.	1	
9.14721	58.7661	530	0	79	83	83	79	81	0.650846	1.20429	0.	0.	128.5	0.	0.	1.	0.	0.	0.	60.	1	
9.16422	58.788	531	0	79	83	83	79	81	0.656685	1.20429	0.	0.	128.778	0.	0.	1.	0.	0.	0.	60.	1	
9.1802	62.578	532	0	79	83	83	79	81	0.662523	1.20429	0.	0.	129.056	0.	0.	1.	0.	0.	0.	60.	1	
9.1972	58.8193	533	0	80	84	84	79	82	0.668361	1.24493	0.	0.	129.333	0.	0.	1.	0.	0.	0.	60.	1	
9.21419	58.8611	534	0	80	84	84	80	82	0.674499	1.24493	0.	0.	129.611	0.	0.	1.	0.	0.	0.	60.	1	
9.2312	58.7797	535	0	80	84	84	80	82	0.680534	1.24493	0.	0.	129.889	0.	0.	1.	0.	0.	0.	60.	1	
9.24721	62.4671	536	0	80	84	84	80	82	0.686569	1.24493	0.	0.	130.167	0.	0.	1.	0.	0.	0.	60.	1	
9.26423	58.7661	537	0	81	85	85	80	83	0.692605	1.2867	0.	0.	130.444	0.	0.	1.	0.	0.	0.	60.	1	
9.28017	62.7226	538	0	81	85	85	81	83	0.698921	1.2867	0.	0.	130.722	0.	0.	1.	0.	0.	0.	60.	1	
9.29619	62.413	539	0	81	85	85	81	83	0.705158	1.2867	0.	0.	131.	0.	0.	1.	0.	0.	0.	60.	1	
9.31219	62.5072	540	0	81	85	85	81	83	0.711396	1.2867	0.	0.	131.278	0.	0.	1.	0.	0.	0.	60.	1	
9.32919	58.811	541	0	82	86	86	81	84	0.717634	1.32941	0.	0.	131.556	0.	0.	1.	0.	0.	0.	60.	1	
9.34621	58.7588	542	0	82	86	86	82	84	0.724138	1.32941	0.	0.	131.833	0.	0.	1.	0.	0.	0.	60.	1	
9.36321	58.8266	543	0	82	86	86	82	84	0.730582	1.32941	0.	0.	132.111	0.	0.	1.	0.	0.	0.	60.	1	
9.37922	62.4494	544	0	82	86	86	82	84	0.737027	1.32941	0.	0.	132.389	0.	0.	1.	0.	0.	0.	60.	1	
9.39619	58.947	545	0	83	87	87	82	84	0.743472	1.32941	0.	0.	132.667	0.	0.	1.	0.	0.	0.	60.	1	
9.41225	62.2546	546	0	83	87	87	83	85	0.749916	1.37317	0.	0.	132.944	0.	0.	1.	0.	0.	0.	60.	1	
9.42921	58.9743	547	0	83	87	87	83	85	0.756832	1.37317	0.	0.	133.222	0.	0.	1.	0.	0.	0.	60.	1	
9.44622	58.7995	548	0	83	87	87	83	85	0.763489	1.37317	0.	0.	133.5	0.	0.	1.	0.	0.	0.	60.	1	
9.4632	58.8799	549	0	83	88	88	83	85	0.770146	1.37317	0.	0.	133.778	0.	0.	1.	0.	0.	0.	60.	1	
9.48022	58.7578	550	0	84	88	88	84	86	0.776802	1.41806	0.	0.	134.056	0.	0.	1.	0.	0.	0.	60.	1	
9.49721	58.836	551	0	84	88	88	84	86	0.783936	1.41806	0.	0.	134.333	0.	0.	1.	0.	0.	0.	60.	1	
9.51422	58.8016	552	0	84	88	88	84	86	0.79081	1.41806	0.	0.	134.611	0.	0.	1.	0.	0.	0.	60.	1	
9.53019	62.6099	553	0	84	89	89	84	86	0.797684	1.41806	0.	0.	134.889	0.	0.	1.	0.	0.	0.	60.	1	
9.54723	58.7088	554	0	85	89	89	85	87	0.804559	1.46394	0.	0.	135.167	0.	0.	1.	0.	0.	0.	60.	1	
9.56418	58.9806	555	0	85	89	89	85	87	0.811921	1.46394	0.	0.	135.444	0.	0.	1.	0.	0.	0.	60.	1	
9.58123	58.6506	556	0	85	89	89	85	87	0.819018	1.46394	0.	0.	135.722	0.	0.	1.	0.	0.	0.	60.	1	
9.59822	58.8643	557	0	85	90	90	85	87	0.826114	1.46394	0.	0.	136.	0.	0.	1.	0.	0.	0.	60.	1	
9.6142	62.5721	558	0	86	90	90	86	88	0.833211	1.51099	0.	0.	136.278	0.	0.	1.	0.	0.	0.	60.	1	
9.6302	62.4918	559	0	86	90	90	86	88	0.840817	1.51099	0.	0.	136.556	0.	0.	1.	0.	0.	0.	60.	1	
9.64621	62.4824	560	0	86	91	90	86	88	0.848141	1.51099	0.	0.	136.833	0.	0.	1.	0.	0.	0.	60.	1	
9.66222	62.46	561	0	86	91	91	86	89	0.855466	1.55917	0.	0.	137.111	0.	0.	1.	0.	0.	0.	60.	1	
9.67922	58.8245	562	0	87	91	91	87	89	0.863095	1.55917	0.	0.	137.389	0.	0.	1.	0.	0.	0.	60.	1	
9.6962	58.8977	563	0	87	91	91	87	89	0.870654	1.55917	0.	0.	137.667	0.	0.	1.	0.	0.	0.	60.	1	
9.71222	62.4	564	0	87	92	91	87	89	0.878212	1.55917	0.	0.	137.944	0.	0.	1.	0.	0.	0.	60.	1	
9.7292	58.8977	565	0	87	92	92	87	90	0.88577	1.60845	0.	0.	138.222	0.	0.	1.	0.	0.	0.	60.	1	
9.7452	62.4836	566	0	88	92	92	88	90	0.893665	1.60845	0.	0.	138.5	0.	0.	1.	0.	0.	0.	60.	1	
9.76222	58.7755	567	0	88	92	92	88	90	0.901462	1.60845	0.	0.	138.778	0.	0.	1.	0.	0.	0.	60.	1	
9.77822	62.4918	568	0	88	93	92	88	90	0.909258	1.60845	0.	0.	139.056	0.	0.	1.	0.	0.	0.	60.	1	
9.79521	58.859	569	0	88	93	93	88	91	0.917055	1.65891	0.	0.	139.333	0.	0.	1.	0.	0.	0.	60.	1	
9.81125	62.3636	570	0	89	93	93	89	91	0.925231	1.65891	0.	0.	139.611	0.	0.	1.	0.	0.	0.	60.	1	
9.8282	58.9638	571	0	89	93	93	89	91	0.933272	1.65891	0.	0.	139.889	0.	0.	1.	0.	0.	0.	60.	1	
9.84523	58.7505	572	0	89	94	93	89	91	0.941314	1.65891	0.	0.	140.167	0.	0.	1.	0.	0.	0.	60.	1	
9.86122	62.5319	573	0	90	94	94	89	92	0.949355	1.7106	0.	0.	140.444	0.	0.	1.	0.	0.	0.	60.	1	
9.87722	62.4859	574	0	90	94	94	90	92	0.957827	1.7106	0.	0.	140.722	0.	0.	1.	0.	0.	0.	60.	1	
9.89421	58.8799	575	0	90	94	94	90	92	0.96612	1.7106	0.	0.	141.	0.	0.	1.	0.	0.	0.	60.	1	
9.9102	62.5284	576	0	90	95	95	90	92	0.974412	1.7106	0.	0.	141.278	0.	0.	1.	0.	0.	0.	60.	1	
9.92723	58.7223	577	0	91	95	95	90	93	0.976149	1.62177	0.	6.49471e-003	141.553	0.	2.47255e-003	0.999997	0.	8.5	0.141667	60.	1	
9.94423	58.7984	578	0	91	95	95	91	93	0.977693	1.48011	0.	1.3671e-002	141.829	0.	4.94508e-003	0.999988	0.	8.5	0.283333	60.	1	
9.96123	58.8266	579	0	91	96	95	91	93	0.978321	1.33844	0.	2.15288e-002	142.105	0.	7.41758e-003	0.999972	0.	8.5	0.425	60.	1	
9.97824	58.8026	580	0	91	96	96	91	93	0.978267	1.19677	0.	3.00681e-002	142.38	0.	9.89004e-003	0.999951	0.	8.5	0.566667	60.	1	
9.99524	58.8287	581	0	92	96	96	91	94	0.977531	1.10918	0.	3.92889e-002	142.656	0.	1.23624e-002	0.999924	0.	8.5	0.708333	60.	1	
10.0122	58.9208	582	0	92	96	96	92	94	0.976669	0.967509	0.	4.9191e-002	142.932	0.	1.48348e-002	0.99989	0.	8.5	0.85	60.	1	
10.0292	58.811	583	0	92	97	96	92	94	0.97483	0.825843	0.	5.97745e-002	143.207	0.	1.7307e-002	0.99985	0.	8.5	0.991667	60.	1	
10.0462	58.7588	584	0	92	97	97	92	95	0.972309	0.739593	0.	7.10392e-002	143.483	0.	1.97791e-002	0.999804	0.	8.5	1.13333	60.	1	
10.0632	58.8423	585	0	93	97	97	92	95	0.969474	0.597927	0.	8.29851e-002	143.758	0.	2.22511e-002	0.999752	0.	8.5	1.275	60.	1	
10.0802	58.836	586	0	93	97	97	93	95	0.965856	0.45626	0.	9.56121e-002	144.033	0.	2.4723e-002	0.999694	0.	8.5	1.41667	60.	1	
10.0972	58.7797	587	0	93	98	98	93	95	0.961557	0.314593	0.	0.10892	144.309	0.	2.71947e-002	0.99963	0.	8.5	1.55833	60.	1	
10.1142	58.8298	588	0	93	98	98	93	96	0.956576	0.22954	0.	0.122909	144.584	0.	2.96662e-002	0.99956	0.	8.5	1.7	60.	1	
10.1312	58.8329	589	0	94	98	98	93	96	0.951363	8.78737e-002	0.	0.137579	144.86	0.	3.21376e-002	0.999483	0.	8.5	1.84167	60.	1	
10.1472	62.5237	590	0	94	99	98	94	96	0.945291	-5.3793e-002	0.	0.15293	145.135	0.	3.46088e-002	0.999401	0.	8.5	1.98333	60.	1	
10.1642	58.7786	591	0	94	99	99	94	96	0.938537	-0.19546	0.	0.168961	145.41	0.	3.70797e-002	0.999312	0.	8.5	2.125	60.	1	
10.1802	62.4954	592	0	94	99	99	94	97	0.931102	-0.279198	0.	0.185673	145.685	0.	3.95505e-002	0.999218	0.	8.5	2.26667	60.	1	
10.1972	58.8454	593	0	95	99	99	95	97	0.923532	-0.420865	0.	0.203065	145.961	0.	4.2021e-002	0.999117	0.	8.5	2.40833	60.	1	
10.2142	58.7849	594	0	95	100	99	95	97	0.915012	-0.562531	0.	0.221138	146.236	0.	4.44912e-002	0.99901	0.	8.5	2.55	60.	1	
10.2312	58.8507	595	0	95	100	100	95	97	0.905811	-0.704198	0.	0.239891	146.511	0.	4.69612e-002	0.998897	0.	8.5	2.69167	60.	1	
10.2472	62.4706	596	0	96	100	100	95	98	0.895929	-0.786631	0.	0.259325	146.786	0.	4.94308e-002	0.998778	0.	8.5	2.83333	60.	1	
10.2642	58.9124	597	0	96	100	100	96	98	0.88602	-0.928298	0.	0.279438	147.061	0.	5.19002e-002	0.998652	0.	8.5	2.975	60.	1	
10.2802	62.4989	598	0	96	101	101	96	98	0.87506	-1.06996	0.	0.300231	147.336	0.	5.43693e-002	0.998521	0.	8.5	3.11667	60.	1	
10.2972	58.7505	599	0	96	101	101	96	99	0.863419	-1.15102	0.	0.321704	147.611	0.	5.6838e-002	0.998383	0.	8.5	3.25833	60.	1	
10.3142	58.8465	600	0	97	101	101	96	99	0.851582	-1.29269	0.	0.343857	147.886	0.	5.93064e-002	0.99824	0.	8.5	3.4	60.	1	
10.3302	62.506	601	0	97	102	101	97	99	0.845316	-1.29269	0.	0.360331	148.163	0.	5.93064e-002	0.99824	0.	0.	3.4	60.	1	
10.3472	58.7713	602	0	97	102	102	97	99	0.839049	-1.29269	0.	0.376805	148.44	0.	5.93064e-002	0.99824	0.	0.	3.4	60.	1	
10.3643	58.7932	603	0	97	102	102	97	100	0.832783	-1.2307	0.	0.393279	148.718	0.	5.93064e-002	0.99824	0.	0.	3.4	60.	1	
10.3813	58.8151	604	0	98	102	102	98	100	0.827142	-1.2307	0.	0.409753	148.995	0.	5.93064e-002	0.99824	0.	0.	3.4	60.	1	
10.3982	58.8601	605	0	98	103	103	98	100	0.821176	-1.2307	0.	0.426227	149.272	0.	5.93064e-002	0.99824	0.	0.	3.4	60.	1	
10.4152	58.925	606	0	98	103	103	98	101	0.815209	-1.16737	0.	0.442701	149.549	0.	5.93064e-002	0.99824	0.	0.	3.4	60.	1	
10.4322	58.7421	607	0	99	103	103	98	101	0.809717	-1.16737	0.	0.459175	149.827	0.	5.93064e-002	0.99824	0.	0.	3.4	60.	1	
10.4482	62.5851	608	0	99	104	103	99	101	0.804058	-1.16737	0.	0.475649	150.104	0.	5.93064e-002	0.99824	0.	0.	3.4	60.	1	
10.4652	58.74	609	0	99	104	104	99	101	0.798399	-1.16737	0.	0.492123	150.381	0.	5.93064e-002	0.99824	0.	0.	3.4	60.	1	
10.4822	58.8329	610	0	99	104	104	99	102	0.792739	-1.10266	0.	0.508597	150.659	0.	5.93064e-002	0.99824	0.	0.	3.4	60.	1	
10.4992	58.8068	611	0	100	105	104	100	102	0.787718	-1.10266	0.	0.525071	150.936	0.	5.93064e-002	0.99824	0.	0.	3.4	60.	1	
10.5162	58.8245	612	0	100	105	105	100	102	0.782373	-1.10266	0.	0.541545	151.213	0.	5.93064e-002	0.99824	0.	0.	3.4	60.	1	
10.5333	58.7494	613	0	100	105	105	100	103	0.777027	-1.0364	0.	0.558019	151.49	0.	5.93064e-002	0.99824	0.	0.	3.4	60.	1	
10.5503	58.8674	614	0	101	105	105	100	103	0.772182	-1.0364	0.	0.574493	151.768	0.	5.93064e-002	0.99824	0.	0.	3.4	60.	1	
10.5672	58.8758	615	0	101	106	106	101	103	0.767157	-1.0364	0.	0.590967	152.045	0.	5.93064e-002	0.99824	0.	0.	3.4	60.	1	
10.5842	58.8057	616	0	101	106	106	101	103	0.762133	-1.0364	0.	0.607441	152.322	0.	5.93064e-002	0.99824	0.	0.	3.4	60.	1	
10.6012	58.8277	617	0	101	106	106	101	104	0.757109	-0.968733	0.	0.623915	152.6	0.	5.93064e-002	0.99824	0.	0.	3.4	60.	1	
10.6182	58.8339	618	0	102	107	106	101	104	0.752776	-0.968733	0.	0.640389	152.877	0.	5.93064e-002	0.99824	0.	0.	3.4	60.	1	
10.6352	58.7995	619	0	102	107	107	102	104	0.74808	-0.968733	0.	0.656863	153.154	0.	5.93064e-002	0.99824	0.	0.	3.4	60.	1	
10.6522	58.8381	620	0	102	107	107	102	105	0.743384	-0.899557	0.	0.673337	153.432	0.	5.93064e-002	0.99824	0.	0.	3.4	60.	1	
10.6692	58.8047	621	0	103	108	107	102	105	0.739255	-0.899557	0.	0.689811	153.709	0.	5.93064e-002	0.99824	0.	0.	3.4	60.	1	
10.6853	62.4871	622	0	103	108	108	103	105	0.734894	-0.899557	0.	0.706285	153.986	0.	5.93064e-002	0.99824	0.	0.	3.4	60.	1	
10.7022	58.9522	623	0	103	108	108	103	106	0.730533	-0.828917	0.	0.722759	154.263	0.	5.93064e-002	0.99824	0.	0.	3.4	60.	1	
10.7193	58.6704	624	0	103	108	108	103	106	0.726619	-0.828917	0.	0.739233	154.541	0.	5.93064e-002	0.99824	0.	0.	3.4	60.	1	
10.7353	62.5249	625	0	104	109	109	104	106	0.7226	-0.828917	0.	0.755707	154.818	0.	5.93064e-002	0.99824	0.	0.	3.4	60.	1	
10.7513	62.4435	626	0	104	109	109	104	106	0.718582	-0.828917	0.	0.772181	155.095	0.	5.93064e-002	0.99824	0.	0.	3.4	60.	1	
10.7683	58.6278	627	0	104	109	109	104	107	0.714563	-0.75669	0.	0.788655	155.373	0.	5.93064e-002	0.99824	0.	0.	3.4	60.	1	
10.7853	59.0384	628	0	105	110	109	104	107	0.711226	-0.75669	0.	0.805128	155.65	0.	5.93064e-002	0.99824	0.	0.	3.4	60.	1	
10.8023	58.8444	629	0	105	110	110	105	107	0.707558	-0.75669	0.	0.821602	155.927	0.	5.93064e-002	0.99824	0.	0.	3.4	60.	1	
10.8182	62.5556	630	0	105	110	110	105	108	0.70389	-0.682945	0.	0.838076	156.204	0.	5.93064e-002	0.99824	0.	0.	3.4	60.	1	
10.8352	58.7995	631	0	105	111	110	105	108	0.7008	-0.682945	0.	0.85455	156.482	0.	5.93064e-002	0.99824	0.	0.	3.4	60.	1	
10.8523	58.7932	632	0	106	111	111	106	108	0.697489	-0.682945	0.	0.871024	156.759	0.	5.93064e-002	0.99824	0.	0.	3.4	60.	1	
10.8682	62.5804	633	0	106	111	111	106	109	0.694178	-0.607565	0.	0.887498	157.036	0.	5.93064e-002	0.99824	0.	0.	3.4	60.	1	
10.8853	58.7619	634	0	106	112	111	106	109	0.684878	-0.749232	0.	0.910331	157.311	0.	6.17744e-002	0.99809	0.	8.5	3.54167	60.	1	
10.9023	58.8245	635	0	107	112	112	106	109	0.674779	-0.890899	0.	0.933842	157.586	0.	6.4242e-002	0.997934	0.	8.5	3.68333	60.	1	
10.9193	58.8256	636	0	107	112	112	107	109	0.663999	-1.03257	0.	0.958033	157.86	0.	6.67093e-002	0.997772	0.	8.5	3.825	60.	1	
10.9363	58.813	637	0	107	112	112	107	110	0.652538	-1.09726	0.	0.982903	158.135	0.	6.91761e-002	0.997604	0.	8.5	3.96667	60.	1	
10.9533	58.7943	638	0	108	113	113	107	110	0.641145	-1.23893	0.	1.00845	158.41	0.	7.16425e-002	0.99743	0.	8.5	4.10833	60.	1	
10.9703	58.8569	639	0	108	113	113	108	110	0.628692	-1.3806	0.	1.03468	158.684	0.	7.41085e-002	0.99725	0.	8.5	4.25	60.	1	
10.9863	62.4612	640	0	108	113	113	108	111	0.615557	-1.44361	0.	1.06159	158.959	0.	7.6574e-002	0.997064	0.	8.5	4.39167	60.	1	
11.0033	58.858	641	0	108	114	114	108	111	0.602407	-1.58527	0.	1.08917	159.233	0.	7.90391e-002	0.996872	0.	8.5	4.53333	60.	1	
11.0193	62.4789	642	0	109	114	114	109	111	0.588288	-1.72694	0.	1.11743	159.507	0.	8.15036e-002	0.996673	0.	8.5	4.675	60.	1	
11.0363	58.8172	643	0	109	114	114	109	112	0.573489	-1.78838	0.	1.14637	159.781	0.	8.39677e-002	0.996468	0.	8.5	4.81667	60.	1	
11.0523	62.5131	644	0	109	115	114	109	112	0.558595	-1.93005	0.	1.17599	160.056	0.	8.64313e-002	0.996258	0.	8.5	4.95833	60.	1	
11.0683	62.5225	645	0	110	115	115	109	112	0.542819	-2.07172	0.	1.20629	160.33	0.	8.88943e-002	0.996041	0.	8.5	5.1	60.	1	
11.0853	58.714	646	0	110	115	115	110	113	0.526363	-2.13135	0.	1.23726	160.604	0.	9.13568e-002	0.995818	0.	8.5	5.24167	60.	1	
11.1023	58.8496	647	0	110	116	115	110	113	0.509742	-2.27301	0.	1.26892	160.878	0.	9.38187e-002	0.995589	0.	8.5	5.38333	60.	1	
11.1193	58.8026	648	0	111	116	116	110	113	0.492319	-2.41468	0.	1.30124	161.151	0.	9.62801e-002	0.995354	0.	8.5	5.525	60.	1	
11.1363	58.8287	649	0	111	116	116	111	113	0.474216	-2.55635	0.	1.33425	161.425	0.	9.87408e-002	0.995113	0.	8.5	5.66667	60.	1	
11.1533	58.8214	650	0	111	117	116	111	114	0.455432	-2.61436	0.	1.36793	161.699	0.	0.101201	0.994866	0.	8.5	5.80833	60.	1	
11.1693	62.473	651	0	111	117	117	111	114	0.436821	-2.75602	0.	1.40229	161.972	0.	0.103661	0.994613	0.	8.5	5.95	60.	1	
11.1863	58.8172	652	0	112	117	117	112	114	0.417079	-2.89769	0.	1.43733	162.246	0.	0.106119	0.994353	0.	8.5	6.09167	60.	1	
11.2023	62.5025	653	0	112	118	117	112	115	0.396657	-2.95384	0.	1.47304	162.519	0.	0.108578	0.994088	0.	8.5	6.23333	60.	1	
11.2193	58.836	654	0	112	118	118	112	115	0.376361	-3.0955	0.	1.50943	162.793	0.	0.111035	0.993816	0.	8.5	6.375	60.	1	
11.2363	58.7453	655	0	113	118	118	113	115	0.354989	-3.23717	0.	1.54649	163.066	0.	0.113492	0.993539	0.	8.5	6.51667	60.	1	
11.2533	58.8601	656	0	113	119	118	113	116	0.332938	-3.29162	0.	1.58423	163.339	0.	0.115948	0.993255	0.	8.5	6.65833	60.	1	
11.2693	62.4966	657	0	113	119	119	113	116	0.310974	-3.43329	0.	1.62264	163.612	0.	0.118404	0.992966	0.	8.5	6.8	60.	1	
11.2863	58.8318	658	0	114	119	119	114	116	0.287982	-3.57495	0.	1.66173	163.885	0.	0.120859	0.99267	0.	8.5	6.94167	60.	1	
11.3023	62.506	659	0	114	120	119	114	117	0.264311	-3.6276	0.	1.7015	164.158	0.	0.123313	0.992368	0.	8.5	7.08333	60.	1	
11.3193	58.9522	660	0	114	120	120	114	117	0.247046	-3.6276	0.	1.73575	164.434	0.	0.123313	0.992368	0.	0.	7.08333	60.	1	
11.3353	62.3965	661	0	115	120	120	115	117	0.229471	-3.6276	0.	1.77	164.709	0.	0.123313	0.992368	0.	0.	7.08333	60.	1	
11.3523	58.8402	662	0	115	121	120	115	118	0.211895	-3.53679	0.	1.80426	164.985	0.	0.123313	0.992368	0.	0.	7.08333	60.	1	
11.3693	58.7734	663	0	115	121	121	115	118	0.195053	-3.53679	0.	1.83851	165.261	0.	0.123313	0.992368	0.	0.	7.08333	60.	1	
11.3863	58.9187	664	0	116	121	121	116	118	0.177917	-3.53679	0.	1.87277	165.536	0.	0.123313	0.992368	0.	0.	7.08333	60.	1	
11.4033	58.7442	665	0	116	122	121	116	119	0.160781	-3.44405	0.	1.90702	165.812	0.	0.123313	0.992368	0.	0.	7.08333	60.	1	
11.4203	58.8068	666	0	116	122	122	116	119	0.144384	-3.44405	0.	1.94127	166.088	0.	0.123313	0.992368	0.	0.	7.08333	60.	1	
11.4363	62.5201	667	0	117	122	122	116	119	0.127697	-3.44405	0.	1.97553	166.363	0.	0.123313	0.992368	0.	0.	7.08333	60.	1	
11.4533	58.8308	668	0	117	123	123	117	120	0.11101	-3.34958	0.	2.00978	166.639	0.	0.123313	0.992368	0.	0.	7.08333	60.	1	
11.4703	58.7765	669	0	117	123	123	117	120	9.50762e-002	-3.34958	0.	2.04403	166.915	0.	0.123313	0.992368	0.	0.	7.08333	60.	1	
11.4873	58.8099	670	0	118	123	123	117	120	7.88462e-002	-3.34958	0.	2.07829	167.19	0.	0.123313	0.992368	0.	0.	7.08333	60.	1	
11.5033	62.6241	671	0	118	124	124	118	121	6.26163e-002	-3.25295	0.	2.11254	167.466	0.	0.123313	0.992368	0.	0.	7.08333	60.	1	
11.5203	58.7171	672	0	118	124	124	118	121	4.71715e-002	-3.25295	0.	2.14679	167.742	0.	0.123313	0.992368	0.	0.	7.08333	60.	1	
11.5373	58.8381	673	0	119	124	124	118	121	3.14093e-002	-3.25295	0.	2.18105	168.017	0.	0.123313	0.992368	0.	0.	7.08333	60.	1	
11.5543	58.7463	674	0	119	125	125	119	122	1.5647e-002	-3.15469	0.	2.2153	168.293	0.	0.123313	0.992368	0.	0.	7.08333	60.	1	
11.5713	58.9019	675	0	119	125	125	119	122	7.10328e-004	-3.15469	0.	2.24955	168.569	0.	0.123313	0.992368	0.	0.	7.08333	60.	1	
11.5883	58.8298	676	0	120	126	125	119	122	1.45763e-002	-3.15469	0.	2.28381	168.844	0.	0.123313	0.992368	0.	0.	7.08333	60.	1	
11.6053	58.8392	677	0	120	126	126	120	123	2.98629e-002	-3.05412	0.	2.31806	169.12	0.	0.123313	0.992368	0.	0.	7.08333	60.	1	
11.6213	62.5225	678	0	120	126	126	120	123	4.42641e-002	-3.05412	0.	2.35231	169.396	0.	0.123313	0.992368	0.	0.	7.08333	60.	1	
11.6383	58.9009	679	0	121	127	126	120	123	5.90638e-002	-3.05412	0.	2.38657	169.671	0.	0.123313	0.992368	0.	0.	7.08333	60.	1	
11.6553	58.662	680	0	121	127	127	121	124	7.38636e-002	-2.95188	0.	2.42082	169.947	0.	0.123313	0.992368	0.	0.	7.08333	60.	1	
11.6723	58.8475	681	0	121	127	127	121	124	8.7709e-002	-2.95188	0.	2.45508	170.223	0.	0.123313	0.992368	0.	0.	7.08333	60.	1	
11.6893	58.8632	682	0	122	128	127	122	125	0.102014	-2.84737	0.	2.48933	170.498	0.	0.123313	0.992368	0.	0.	7.08333	60.	1	
11.7053	62.4577	683	0	122	128	128	122	125	0.115781	-2.84737	0.	2.52358	170.774	0.	0.123313	0.992368	0.	0.	7.08333	60.	1	
11.7223	58.8412	684	0	122	128	128	122	125	0.129579	-2.84737	0.	2.55784	171.049	0.	0.123313	0.992368	0.	0.	7.08333	60.	1	
11.7393	58.8329	685	0	123	129	129	123	126	0.143378	-2.74099	0.	2.59209	171.325	0.	0.123313	0.992368	0.	0.	7.08333	60.	1	
11.7563	58.8078	686	0	123	129	129	123	126	0.156546	-2.74099	0.	2.62634	171.601	0.	0.123313	0.992368	0.	0.	7.08333	60.	1	
11.7723	62.3249	687	0	123	129	129	123	126	0.16983	-2.74099	0.	2.6606	171.876	0.	0.123313	0.992368	0.	0.	7.08333	60.	1	
11.7893	59.0521	688	0	124	130	130	124	127	0.183114	-2.63248	0.	2.69485	172.152	0.	0.123313	0.992368	0.	0.	7.08333	60.	1	
11.8053	62.5013	689	0	124	130	130	124	127	0.195656	-2.63248	0.	2.7291	172.428	0.	0.123313	0.992368	0.	0.	7.08333	60.	1	
11.8223	58.7307	690	0	124	131	130	124	127	0.208415	-2.63248	0.	2.76336	172.703	0.	0.123313	0.992368	0.	0.	7.08333	60.	1	
11.8393	58.8339	691	0	125	131	131	125	128	0.221173	-2.5219	0.	2.79761	172.979	0.	0.123313	0.992368	0.	0.	7.08333	60.	1	
11.8563	58.7421	692	0	125	131	131	125	128	0.233063	-2.5219	0.	2.83186	173.255	0.	0.123313	0.992368	0.	0.	7.08333	60.	1	
11.8733	58.9879	693	0	126	132	132	125	128	0.245285	-2.5219	0.	2.86612	173.53	0.	0.123313	0.992368	0.	0.	7.08333	60.	1	
11.8893	62.4188	694	0	126	132	132	126	129	0.257508	-2.40915	0.	2.90037	173.806	0.	0.123313	0.992368	0.	0.	7.08333	60.	1	
11.9063	58.7411	695	0	126	132	132	126	129	0.268716	-2.40915	0.	2.93463	174.082	0.	0.123313	0.992368	0.	0.	7.08333	60.	1	
11.9233	58.9229	696	0	127	133	133	126	130	0.280393	-2.29443	0.	2.96888	174.357	0.	0.123313	0.992368	0.	0.	7.08333	60.	1	
11.9393	62.3824	697	0	127	133	133	127	130	0.291448	-2.29443	0.	3.00313	174.633	0.	0.123313	0.992368	0.	0.	7.08333	60.	1	
11.9563	58.8433	698	0	127	134	133	127	130	0.302569	-2.29443	0.	3.03739	174.909	0.	0.123313	0.992368	0.	0.	7.08333	60.	1	
11.9733	58.9491	699	0	128	134	134	127	131	0.31369	-2.17707	0.	3.07164	175.184	0.	0.123313	0.992368	0.	0.	7.08333	60.	1	
11.9903	58.7067	700	0	128	134	134	128	131	0.324014	-2.17707	0.	3.10589	175.46	0.	0.123313	0.992368	0.	0.	7.08333	60.	1	
12.0073	58.7901	701	0	128	135	135	128	131	0.334566	-2.17707	0.	3.14015	175.736	0.	0.123313	0.992368	0.	0.	7.08333	60.	1	
12.0243	58.8653	702	0	129	135	135	129	132	0.345118	-2.0582	0.	3.1744	176.011	0.	0.123313	0.992368	0.	0.	7.08333	60.	1	
12.0413	58.9218	703	0	129	136	135	129	132	0.354685	-2.0582	0.	3.20865	176.287	0.	0.123313	0.992368	0.	0.	7.08333	60.	1	
12.0583	58.7338	704	0	130	136	136	129	133	0.364661	-1.93662	0.	3.24291	176.563	0.	0.123313	0.992368	0.	0.	7.08333	60.	1	
12.0753	58.8266	705	0	130	136	136	130	133	0.374023	-1.93662	0.	3.27716	176.838	0.	0.123313	0.992368	0.	0.	7.08333	60.	1	
12.0923	58.9837	706	0	130	137	136	130	133	0.38341	-1.93662	0.	3.31141	177.114	0.	0.123313	0.992368	0.	0.	7.08333	60.	1	
12.1093	58.7734	707	0	131	137	137	130	134	0.392797	-1.81288	0.	3.34567	177.39	0.	0.123313	0.992368	0.	0.	7.08333	60.	1	
12.1253	62.4483	708	0	131	138	137	131	134	0.401346	-1.81288	0.	3.37992	177.665	0.	0.123313	0.992368	0.	0.	7.08333	60.	1	
12.1413	62.4177	709	0	131	138	138	131	134	0.410133	-1.81288	0.	3.41418	177.941	0.	0.123313	0.992368	0.	0.	7.08333	60.	1	
12.1583	58.835	710	0	132	138	138	132	135	0.418921	-1.68698	0.	3.44843	178.217	0.	0.123313	0.992368	0.	0.	7.08333	60.	1	
12.1743	62.5816	711	0	132	139	138	132	135	0.426624	-1.68698	0.	3.48268	178.492	0.	0.123313	0.992368	0.	0.	7.08333	60.	1	
12.1903	62.3812	712	0	133	139	139	132	136	0.434801	-1.55891	0.	3.51694	178.768	0.	0.123313	0.992368	0.	0.	7.08333	60.	1	
12.2073	58.8705	713	0	133	140	139	133	136	0.442246	-1.55891	0.	3.55119	179.044	0.	0.123313	0.992368	0.	0.	7.08333	60.	1	
12.2243	58.8475	714	0	133	140	140	133	136	0.449803	-1.55891	0.	3.58544	179.319	0.	0.123313	0.992368	0.	0.	7.08333	60.	1	
12.2403	62.3636	715	0	134	140	140	133	137	0.45736	-1.42824	0.	3.6197	179.595	0.	0.123313	0.992368	0.	0.	7.08333	60.	1	
12.2573	58.859	716	0	134	141	140	134	137	0.4639	-1.42824	0.	3.65395	179.871	0.	0.123313	0.992368	0.	0.	7.08333	60.	1	
12.2733	62.5508	717	0	134	141	141	134	138	0.470824	-1.29508	0.	3.6882	180.146	0.	0.123313	0.992368	0.	0.	7.08333	60.	1	
12.2903	58.7901	718	0	135	142	141	135	138	0.477068	-1.29508	0.	3.72246	180.422	0.	0.123313	0.992368	0.	0.	7.08333	60.	1	
12.3073	58.813	719	0	135	142	142	135	138	0.483347	-1.29508	0.	3.75671	180.697	0.	0.123313	0.992368	0.	0.	7.08333	60.	1	
12.3243	58.8559	720	0	136	142	142	135	139	0.489625	-1.16004	0.	3.79096	180.973	0.	0.123313	0.992368	0.	0.	7.08333	60.	1	
12.3403	62.5768	721	0	136	143	142	136	139	0.494907	-1.16004	0.	3.82522	181.249	0.	0.123313	0.992368	0.	0.	7.08333	60.	1	
12.3573	58.738	722	0	136	143	143	136	140	0.500531	-1.02235	0.	3.85947	181.524	0.	0.123313	0.992368	0.	0.	7.08333	60.	1	
12.3733	62.5922	723	0	137	144	144	137	140	0.510435	-1.02235	0.	3.92798	182.076	0.	0.123313	0.992368	0.	0.	7.08333	60.	1	
12.3903	58.7286	724	0	138	144	144	137	141	0.515391	-0.882245	0.	3.96223	182.351	0.	0.123313	0.992368	0.	0.	7.08333	60.	1	
12.4063	62.4977	725	0	138	145	145	138	141	0.519311	-0.882245	0.	3.99649	182.627	0.	0.123313	0.992368	0.	0.	7.08333	60.	1	
12.4223	62.473	726	0	138	145	145	138	142	0.523588	-0.739695	0.	4.03074	182.903	0.	0.123313	0.992368	0.	0.	7.08333	60.	1	
12.4383	62.5166	727	0	139	146	145	138	142	0.527133	-0.739695	0.	4.06499	183.178	0.	0.123313	0.992368	0.	0.	7.08333	60.	1	
12.4543	62.5048	728	0	139	146	146	139	142	0.530719	-0.739695	0.	4.09925	183.454	0.	0.123313	0.992368	0.	0.	7.08333	60.	1	
12.4703	62.6206	729	0	140	147	146	139	143	0.534305	-0.595003	0.	4.1335	183.73	0.	0.123313	0.992368	0.	0.	7.08333	60.	1	
12.4873	58.7473	730	0	140	147	147	140	143	0.536759	-0.595003	0.	4.16775	184.005	0.	0.123313	0.992368	0.	0.	7.08333	60.	1	
12.5043	58.7203	731	0	140	147	147	140	144	0.539644	-0.447822	0.	4.20201	184.281	0.	0.123313	0.992368	0.	0.	7.08333	60.	1	
12.5203	62.5756	732	0	141	148	148	140	144	0.541679	-0.447822	0.	4.23626	184.557	0.	0.123313	0.992368	0.	0.	7.08333	60.	1	

