Time	FPS	Frame	Crash	RB	RU	LU	LB	OC	Dither	DAngle	swAngle	OX	OY	OZ	HX	HY	HZ	HA	AccumulativeHeading(Y)	Speed	Dynamic
2.94734e-004	3392.89	1	0	1	3	3	1	2	0.	2.35732e-004	0.	0.	0.	0.	0.	1.	0.	0.	0.	0.	0	
1.15694	0.864567	2	0	1	3	3	1	2	1.97704e-006	2.35732e-004	0.	0.	0.	0.	0.	1.	0.	0.	0.	0.	0	
1.24066	11.9444	3	0	1	3	3	1	2	1.97704e-006	2.35732e-004	0.	0.	0.	0.	0.	1.	0.	0.	0.	0.	0	
1.25874	55.3212	4	0	1	3	3	1	2	1.97704e-006	2.35732e-004	0.	0.	0.	0.	0.	1.	0.	0.	0.	0.	0	
1.2762	57.2793	5	0	1	3	3	1	2	1.97704e-006	2.35732e-004	0.	0.	0.	0.	0.	1.	0.	0.	0.	0.	0	
1.29295	59.6889	6	0	1	3	3	1	2	1.97704e-006	2.35732e-004	0.	0.	0.	0.	0.	1.	0.	0.	0.	0.	0	
1.3107	56.3355	7	0	1	3	3	1	2	1.97704e-006	2.35732e-004	0.	0.	0.	0.	0.	1.	0.	0.	0.	0.	0	
1.32828	56.8934	8	0	1	3	3	1	2	1.97704e-006	2.35732e-004	0.	0.	0.	0.	0.	1.	0.	0.	0.	0.	0	
1.34509	59.4913	9	0	1	3	3	1	2	1.97704e-006	2.35732e-004	0.	0.	0.	0.	0.	1.	0.	0.	0.	0.	0	
1.36204	58.996	10	0	1	3	3	1	2	1.97704e-006	2.35732e-004	0.	0.	0.	0.	0.	1.	0.	0.	0.	0.	0	
1.37972	56.5739	11	0	1	3	3	1	2	1.97704e-006	2.35732e-004	0.	0.	0.	0.	0.	1.	0.	0.	0.	0.	0	
1.3979	54.9786	12	0	1	3	3	1	2	1.97704e-006	2.35732e-004	0.	0.	0.	0.	0.	1.	0.	0.	0.	0.	0	
1.41784	50.154	13	0	1	3	3	1	2	1.97704e-006	2.35732e-004	0.	0.	0.	0.	0.	1.	0.	0.	0.	0.	0	
1.43506	58.1002	14	0	1	3	3	1	2	1.97704e-006	2.35732e-004	0.	0.	0.	0.	0.	1.	0.	0.	0.	0.	0	
1.45325	54.949	15	0	1	3	3	1	2	1.97704e-006	2.35732e-004	0.	0.	0.	0.	0.	1.	0.	0.	0.	0.	0	
1.47128	55.466	16	0	1	3	3	1	2	1.97704e-006	2.35732e-004	0.	0.	0.	0.	0.	1.	0.	0.	0.	0.	0	
1.4893	55.4961	17	0	1	3	3	1	2	1.97704e-006	2.35732e-004	0.	0.	0.	0.	0.	1.	0.	0.	0.	0.	0	
1.50662	57.7447	18	0	1	3	3	1	2	1.97704e-006	2.35732e-004	0.	0.	0.	0.	0.	1.	0.	0.	0.	0.	0	
1.52498	54.46	19	0	1	3	3	1	2	1.97704e-006	2.35732e-004	0.	0.	0.	0.	0.	1.	0.	0.	0.	0.	0	
1.54223	57.9667	20	0	1	3	3	1	2	1.97704e-006	2.35732e-004	0.	0.	0.	0.	0.	1.	0.	0.	0.	0.	0	
1.5602	55.6488	21	0	1	3	3	1	2	1.97704e-006	2.35732e-004	0.	0.	0.	0.	0.	1.	0.	0.	0.	0.	0	
1.57825	55.403	22	0	1	3	3	1	2	1.97704e-006	2.35732e-004	0.	0.	0.	0.	0.	1.	0.	0.	0.	0.	0	
1.59624	55.6019	23	0	1	3	3	1	2	1.97704e-006	2.35732e-004	0.	0.	0.	0.	0.	1.	0.	0.	0.	0.	0	
1.61382	56.8603	24	0	1	3	3	1	2	1.97704e-006	2.35732e-004	0.	0.	0.	0.	0.	1.	0.	0.	0.	0.	0	
1.63197	55.1067	25	0	1	3	3	1	2	1.97704e-006	2.35732e-004	0.	0.	0.	0.	0.	1.	0.	0.	0.	0.	0	
1.65009	55.2029	26	0	1	3	3	1	2	1.97704e-006	2.35732e-004	0.	0.	0.	0.	0.	1.	0.	0.	0.	0.	0	
1.66723	58.325	27	0	1	3	3	1	2	1.97704e-006	2.35732e-004	0.	0.	0.	0.	0.	1.	0.	0.	0.	0.	0	
1.68437	58.3523	28	0	1	3	3	1	2	1.97704e-006	2.35732e-004	0.	0.	0.	0.	0.	1.	0.	0.	0.	0.	0	
1.7025	55.1487	29	0	1	3	3	1	2	1.97704e-006	2.35732e-004	0.	0.	0.	0.	0.	1.	0.	0.	0.	0.	0	
1.71973	58.0281	30	0	1	3	3	1	2	1.97704e-006	2.35732e-004	0.	0.	0.	0.	0.	1.	0.	0.	0.	0.	0	
1.73783	55.2572	31	0	1	3	3	1	2	1.97704e-006	2.35732e-004	0.	0.	0.	0.	0.	1.	0.	0.	0.	0.	0	
1.75589	55.3771	32	0	1	3	3	1	2	1.97704e-006	2.35732e-004	0.	0.	0.	0.	0.	1.	0.	0.	0.	0.	0	
1.77299	58.4814	33	0	1	3	3	1	2	1.97704e-006	2.35732e-004	0.	0.	0.	0.	0.	1.	0.	0.	0.	0.	0	
1.79049	57.1293	34	0	1	3	3	1	2	1.97704e-006	2.35732e-004	0.	0.	0.	0.	0.	1.	0.	0.	0.	0.	0	
1.80746	58.9542	35	0	1	3	3	1	2	1.97704e-006	2.35732e-004	0.	0.	0.	0.	0.	1.	0.	0.	0.	0.	0	
1.82527	56.1355	36	0	1	3	3	1	2	1.97704e-006	2.35732e-004	0.	0.	0.	0.	0.	1.	0.	0.	0.	0.	0	
1.84311	56.0501	37	0	1	3	3	1	2	1.97704e-006	2.35732e-004	0.	0.	0.	0.	0.	1.	0.	0.	0.	0.	0	
1.86037	57.9353	38	0	1	3	3	1	2	1.97704e-006	2.35732e-004	0.	0.	0.	0.	0.	1.	0.	0.	0.	0.	0	
1.8784	55.4632	39	0	1	3	3	1	2	1.97704e-006	2.35732e-004	0.	0.	0.	0.	0.	1.	0.	0.	0.	0.	0	
1.89531	59.1311	40	0	1	3	3	1	2	1.97704e-006	2.35732e-004	0.	0.	0.	0.	0.	1.	0.	0.	0.	0.	0	
1.91338	55.3484	41	0	1	3	3	1	2	1.97704e-006	2.35732e-004	0.	0.	0.	0.	0.	1.	0.	0.	0.	0.	0	
1.93146	55.3171	42	0	1	3	3	1	2	1.97704e-006	2.35732e-004	0.	0.	0.	0.	0.	1.	0.	0.	0.	0.	0	
1.94968	54.8886	43	0	1	3	3	1	2	1.97704e-006	2.35732e-004	0.	0.	0.	0.	0.	1.	0.	0.	0.	0.	0	
1.96713	57.31	44	0	1	3	3	1	2	1.97704e-006	2.35732e-004	0.	0.	0.	0.	0.	1.	0.	0.	0.	0.	0	
1.98475	56.7439	45	0	1	3	3	1	2	1.97704e-006	2.35732e-004	0.	0.	0.	0.	0.	1.	0.	0.	0.	0.	0	
2.0025	56.3256	46	0	1	3	3	1	2	1.97704e-006	2.35732e-004	0.	0.	0.	0.	0.	1.	0.	0.	0.	0.	0	
2.01982	57.7462	47	0	1	3	3	1	2	1.97704e-006	2.35732e-004	0.	0.	0.	0.	0.	1.	0.	0.	0.	0.	0	
2.03777	55.7067	48	0	1	3	3	1	2	1.97704e-006	2.35732e-004	0.	0.	0.	0.	0.	1.	0.	0.	0.	0.	0	
2.05548	56.4686	49	0	1	3	3	1	2	1.97704e-006	2.35732e-004	0.	0.	0.	0.	0.	1.	0.	0.	0.	0.	0	
2.07373	54.7868	50	0	1	3	3	1	2	1.97704e-006	2.35732e-004	0.	0.	0.	0.	0.	1.	0.	0.	0.	0.	0	
2.09053	59.5181	51	0	1	3	3	1	2	1.97704e-006	2.35732e-004	0.	0.	0.	0.	0.	1.	0.	0.	0.	0.	0	
2.10795	57.4258	52	0	1	3	3	1	2	1.97704e-006	2.35732e-004	0.	0.	0.	0.	0.	1.	0.	0.	0.	0.	0	
2.12623	54.6841	53	0	1	3	3	1	2	1.97704e-006	2.35732e-004	0.	0.	0.	0.	0.	1.	0.	0.	0.	0.	0	
2.14385	56.7554	54	0	1	3	3	1	2	1.97704e-006	2.35732e-004	0.	0.	0.	0.	0.	1.	0.	0.	0.	0.	0	
2.16124	57.5302	55	0	1	3	3	1	2	1.97704e-006	2.35732e-004	0.	0.	0.	0.	0.	1.	0.	0.	0.	0.	0	
2.17898	56.3581	56	0	1	3	3	1	2	1.97704e-006	2.35732e-004	0.	0.	0.	0.	0.	1.	0.	0.	0.	0.	0	
2.19673	56.327	57	0	1	3	3	1	2	1.97704e-006	2.35732e-004	0.	0.	0.	0.	0.	1.	0.	0.	0.	0.	0	
2.21386	58.3978	58	0	1	3	3	1	2	1.97704e-006	2.35732e-004	0.	0.	0.	0.	0.	1.	0.	0.	0.	0.	0	
2.23206	54.9409	59	0	1	3	3	1	2	1.97704e-006	2.35732e-004	0.	0.	0.	0.	0.	1.	0.	0.	0.	0.	0	
2.25008	55.4975	60	0	1	3	3	1	2	1.97704e-006	2.35732e-004	0.	0.	0.	0.	0.	1.	0.	0.	0.	0.	0	
2.26822	55.1121	61	0	1	3	3	1	2	1.97704e-006	2.35732e-004	0.	0.	0.	0.	0.	1.	0.	0.	0.	0.	0	
2.2852	58.9155	62	0	1	3	3	1	2	1.97704e-006	2.35732e-004	0.	0.	0.	0.	0.	1.	0.	0.	0.	0.	0	
2.30292	56.4289	63	0	1	3	3	1	2	1.97704e-006	2.35732e-004	0.	0.	0.	0.	0.	1.	0.	0.	0.	0.	0	
2.32032	57.4464	64	0	1	3	3	1	2	1.97704e-006	2.35732e-004	0.	0.	0.	0.	0.	1.	0.	0.	0.	0.	0	
2.33743	58.4586	65	0	1	3	3	1	2	1.97704e-006	2.35732e-004	0.	0.	0.	0.	0.	1.	0.	0.	0.	0.	0	
2.35562	54.9759	66	0	1	3	3	1	2	1.97704e-006	2.35732e-004	0.	0.	0.	0.	0.	1.	0.	0.	0.	0.	0	
2.37256	59.0254	67	0	1	3	3	1	2	1.97704e-006	2.35732e-004	0.	0.	0.	0.	0.	1.	0.	0.	0.	0.	0	
2.39058	55.4948	68	0	1	3	3	1	2	1.97704e-006	2.35732e-004	0.	0.	0.	0.	0.	1.	0.	0.	0.	0.	0	
2.40855	55.646	69	0	1	3	3	1	2	1.97704e-006	2.35732e-004	0.	0.	0.	0.	0.	1.	0.	0.	0.	0.	0	
2.42592	57.5951	70	0	1	3	3	1	2	1.97704e-006	2.35732e-004	0.	0.	0.	0.	0.	1.	0.	0.	0.	0.	0	
2.44293	58.7568	71	0	1	3	3	1	2	1.97704e-006	2.35732e-004	0.	0.	0.	0.	0.	1.	0.	0.	0.	0.	0	
2.46035	57.417	72	0	1	3	3	1	2	1.97704e-006	2.35732e-004	0.	0.	0.	0.	0.	1.	0.	0.	0.	0.	0	
2.47747	58.4297	73	0	1	3	3	1	2	1.97704e-006	2.35732e-004	0.	0.	0.	0.	0.	1.	0.	0.	0.	0.	0	
2.49433	59.2872	74	0	1	3	3	1	2	1.97704e-006	2.35732e-004	0.	0.	0.	0.	0.	1.	0.	0.	0.	0.	0	
2.5118	57.2662	75	0	1	3	3	1	2	1.97704e-006	2.35732e-004	0.	0.	0.	0.	0.	1.	0.	0.	0.	0.	0	
2.52966	55.9886	76	0	1	3	3	1	2	1.97704e-006	2.35732e-004	0.	0.	0.	0.	0.	1.	0.	0.	0.	0.	0	
2.54642	59.6652	77	0	1	3	3	1	2	1.97704e-006	2.35732e-004	0.	0.	0.	0.	0.	1.	0.	0.	0.	0.	0	
2.56346	58.6678	78	0	1	3	3	1	2	1.97704e-006	2.35732e-004	0.	0.	0.	0.	0.	1.	0.	0.	0.	0.	0	
2.58069	58.0371	79	0	1	3	3	1	2	1.97704e-006	2.35732e-004	0.	0.	0.	0.	0.	1.	0.	0.	0.	0.	0	
2.59934	53.6227	80	0	1	3	3	1	2	1.97704e-006	2.35732e-004	0.	0.	0.	0.	0.	1.	0.	0.	0.	0.	0	
2.61758	54.8269	81	0	1	3	3	1	2	1.97704e-006	2.35732e-004	0.	0.	0.	0.	0.	1.	0.	0.	0.	0.	0	
2.63554	55.6791	82	0	1	3	3	1	2	1.97704e-006	2.35732e-004	0.	0.	0.	0.	0.	1.	0.	0.	0.	0.	0	
2.65235	59.5024	83	0	1	3	3	1	2	1.97704e-006	2.35732e-004	0.	0.	0.	0.	0.	1.	0.	0.	0.	0.	0	
2.66935	58.8029	84	0	1	3	3	1	2	1.97704e-006	2.35732e-004	0.	0.	0.	0.	0.	1.	0.	0.	0.	0.	0	
2.68684	57.1816	85	0	1	3	3	1	2	1.97704e-006	2.35732e-004	0.	0.	0.	0.	0.	1.	0.	0.	0.	0.	0	
2.70374	59.1763	86	0	1	3	3	1	2	1.97704e-006	2.35732e-004	0.	0.	0.	0.	0.	1.	0.	0.	0.	0.	0	
2.72117	57.3745	87	0	1	3	3	1	2	1.97704e-006	2.35732e-004	0.	0.	0.	0.	0.	1.	0.	0.	0.	0.	0	
2.73872	56.9742	88	0	1	3	3	1	2	1.97704e-006	2.35732e-004	0.	0.	0.	0.	0.	1.	0.	0.	0.	0.	0	
2.75641	56.5169	89	0	1	3	3	1	2	1.97704e-006	2.35732e-004	0.	0.	0.	0.	0.	1.	0.	0.	0.	0.	0	
2.77394	57.0727	90	0	1	3	3	1	2	1.97704e-006	2.35732e-004	0.	0.	0.	0.	0.	1.	0.	0.	0.	0.	0	
2.7908	59.3091	91	0	1	3	3	1	2	1.97704e-006	2.35732e-004	0.	0.	0.	0.	0.	1.	0.	0.	0.	0.	0	
2.8079	58.4753	92	0	1	3	3	1	2	1.97704e-006	2.35732e-004	0.	0.	0.	0.	0.	1.	0.	0.	0.	0.	0	
2.82525	57.6247	93	0	1	3	3	1	2	1.97704e-006	2.35732e-004	0.	0.	0.	0.	0.	1.	0.	0.	0.	0.	0	
2.84236	58.457	94	0	1	3	3	1	2	1.97704e-006	2.35732e-004	0.	0.	0.	0.	0.	1.	0.	0.	0.	0.	0	
2.8605	55.1243	95	0	1	3	3	1	2	1.97704e-006	2.35732e-004	0.	0.	0.	0.	0.	1.	0.	0.	0.	0.	0	
2.87721	59.832	96	0	1	3	3	1	2	1.97704e-006	2.35732e-004	0.	0.	0.	0.	0.	1.	0.	0.	0.	0.	0	
2.89418	58.9232	97	0	1	3	3	1	2	1.97704e-006	2.35732e-004	0.	0.	0.	0.	0.	1.	0.	0.	0.	0.	0	
2.91129	58.4555	98	0	1	3	3	1	2	1.97704e-006	2.35732e-004	0.	0.	0.	0.	0.	1.	0.	0.	0.	0.	0	
2.92812	59.4111	99	0	1	3	3	1	2	1.97704e-006	2.35732e-004	0.	0.	0.	0.	0.	1.	0.	0.	0.	0.	0	
2.94578	56.6238	100	0	1	3	3	1	2	1.97704e-006	2.35732e-004	0.	0.	0.	0.	0.	1.	0.	0.	0.	0.	0	
2.96426	54.1215	101	0	1	3	3	1	2	1.97704e-006	2.35732e-004	0.	0.	0.	0.	0.	1.	0.	0.	0.	0.	0	
2.98137	58.4327	102	0	1	3	3	1	2	1.97704e-006	2.35732e-004	0.	0.	0.	0.	0.	1.	0.	0.	0.	0.	0	
2.99913	56.3284	103	0	1	3	3	1	2	1.97704e-006	2.35732e-004	0.	0.	0.	0.	0.	1.	0.	0.	0.	0.	0	
3.01666	57.0408	104	0	1	3	3	1	2	1.97704e-006	2.35732e-004	0.	0.	0.	0.	0.	1.	0.	0.	0.	0.	0	
3.03492	54.7654	105	0	1	3	3	1	2	1.97704e-006	2.35732e-004	0.	0.	0.	0.	0.	1.	0.	0.	0.	0.	0	
3.05222	57.8012	106	0	1	3	3	1	2	1.97704e-006	2.35732e-004	0.	0.	0.	0.	0.	1.	0.	0.	0.	0.	0	
3.06936	58.3189	107	0	1	3	3	1	2	1.97704e-006	2.35732e-004	0.	0.	0.	0.	0.	1.	0.	0.	0.	0.	0	
3.08652	58.3023	108	0	1	3	3	1	2	1.97704e-006	2.35732e-004	0.	0.	0.	0.	0.	1.	0.	0.	0.	0.	0	
3.10459	55.3443	109	0	1	3	3	1	2	1.97704e-006	2.35732e-004	0.	0.	0.	0.	0.	1.	0.	0.	0.	0.	0	
3.12155	58.9542	110	0	1	3	3	1	2	1.97704e-006	2.35732e-004	0.	0.	0.	0.	0.	1.	0.	0.	0.	0.	0	
3.13936	56.1257	111	0	1	3	3	1	2	1.97704e-006	2.35732e-004	0.	0.	0.	0.	0.	1.	0.	0.	0.	0.	0	
3.15749	55.1636	112	0	1	3	3	1	2	1.97704e-006	2.35732e-004	0.	0.	0.	0.	0.	1.	0.	0.	0.	0.	0	
3.17564	55.0932	113	0	1	3	3	1	2	1.97704e-006	2.35732e-004	0.	0.	0.	0.	0.	1.	0.	0.	0.	0.	0	
3.1927	58.6172	114	0	1	3	3	1	2	1.97704e-006	2.35732e-004	0.	0.	0.	0.	0.	1.	0.	0.	0.	0.	0	
3.21067	55.646	115	0	1	3	3	1	2	1.97704e-006	2.35732e-004	0.	0.	0.	0.	0.	1.	0.	0.	0.	0.	0	
3.22783	58.2962	116	0	1	3	3	1	2	1.97704e-006	2.35732e-004	0.	0.	0.	0.	0.	1.	0.	0.	0.	0.	0	
3.24511	57.8533	117	0	1	3	3	1	2	1.97704e-006	2.35732e-004	0.	0.	0.	0.	0.	1.	0.	0.	0.	0.	0	
3.26226	58.3129	118	0	1	3	3	1	2	1.97704e-006	2.35732e-004	0.	0.	0.	0.	0.	1.	0.	0.	0.	0.	0	
3.27915	59.2059	119	0	1	3	3	1	2	1.97704e-006	2.35732e-004	0.	0.	0.	0.	0.	1.	0.	0.	0.	0.	0	
3.29623	58.5622	120	0	1	3	3	1	2	1.97704e-006	2.35732e-004	0.	0.	0.	0.	0.	1.	0.	0.	0.	0.	0	
3.31339	58.2554	121	0	1	3	3	1	2	1.97704e-006	2.35732e-004	0.	0.	0.	0.	0.	1.	0.	0.	0.	0.	0	
3.33154	55.1202	122	0	1	3	3	1	2	1.97704e-006	2.35732e-004	0.	0.	0.	0.	0.	1.	0.	0.	0.	0.	0	
3.34836	59.4284	123	0	1	3	3	1	2	1.97704e-006	2.35732e-004	0.	0.	0.	0.	0.	1.	0.	0.	0.	0.	0	
3.36609	56.4175	124	0	1	3	3	1	2	1.97704e-006	2.35732e-004	0.	0.	0.	0.	0.	1.	0.	0.	0.	0.	0	
3.38421	55.1744	125	0	1	3	3	1	2	1.97704e-006	2.35732e-004	0.	0.	0.	0.	0.	1.	0.	0.	0.	0.	0	
3.401	59.5813	126	0	1	3	3	1	2	1.97704e-006	2.35732e-004	0.	0.	0.	0.	0.	1.	0.	0.	0.	0.	0	
3.41918	55.0096	127	0	1	3	3	1	2	1.97704e-006	2.35732e-004	0.	0.	0.	0.	0.	1.	0.	0.	0.	0.	0	
3.43659	57.4375	128	0	1	3	3	1	2	1.97704e-006	2.35732e-004	0.	0.	0.	0.	0.	1.	0.	0.	0.	0.	0	
3.45424	56.6366	129	0	1	3	3	1	2	1.97704e-006	2.35732e-004	0.	0.	0.	0.	0.	1.	0.	0.	0.	0.	0	
3.47232	55.3103	130	0	1	3	3	1	2	1.97704e-006	2.35732e-004	0.	0.	0.	0.	0.	1.	0.	0.	0.	0.	0	
3.49082	54.0472	131	0	1	3	3	1	2	1.97704e-006	2.35732e-004	0.	0.	0.	0.	0.	1.	0.	0.	0.	0.	0	
3.50894	55.1961	132	0	1	3	3	1	2	1.97704e-006	2.35732e-004	0.	0.	0.	0.	0.	1.	0.	0.	0.	0.	0	
3.52584	59.1794	133	0	1	3	3	1	2	1.97704e-006	2.35732e-004	0.	0.	0.	0.	0.	1.	0.	0.	0.	0.	0	
3.5429	58.6035	134	0	1	3	3	1	2	2.66276e-006	2.35732e-004	0.	0.	0.166667	0.	0.	1.	0.	0.	0.	36.	0	
3.55998	58.55	135	0	1	3	3	1	2	3.34847e-006	2.35732e-004	0.	0.	0.333333	0.	0.	1.	0.	0.	0.	36.	0	
3.57791	55.7911	136	0	1	3	3	1	2	4.03419e-006	2.35732e-004	0.	0.	0.5	0.	0.	1.	0.	0.	0.	36.	0	
3.59558	56.5796	137	0	1	3	3	1	2	4.71991e-006	2.35732e-004	0.	0.	0.666667	0.	0.	1.	0.	0.	0.	36.	0	
3.61303	57.3027	138	0	1	3	3	1	2	5.40563e-006	2.35732e-004	0.	0.	0.833333	0.	0.	1.	0.	0.	0.	36.	0	
3.63101	55.6184	139	0	1	3	3	1	2	6.09135e-006	2.35732e-004	0.	0.	1.	0.	0.	1.	0.	0.	0.	36.	0	
3.64805	58.6954	140	0	1	3	3	1	2	7.46278e-006	2.35732e-004	0.	0.	1.33333	0.	0.	1.	0.	0.	0.	36.	0	
3.66559	57.022	141	0	1	3	3	1	2	8.1485e-006	2.35732e-004	0.	0.	1.5	0.	0.	1.	0.	0.	0.	36.	0	
3.68278	58.1589	142	0	1	3	3	1	2	8.83422e-006	2.35732e-004	0.	0.	1.66667	0.	0.	1.	0.	0.	0.	36.	0	
3.69974	58.9774	143	0	1	4	4	1	2	9.51994e-006	2.35732e-004	0.	0.	1.83333	0.	0.	1.	0.	0.	0.	36.	0	
3.71704	57.7893	144	0	1	4	4	1	3	1.02057e-005	6.35203e-004	0.	0.	2.	0.	0.	1.	0.	0.	0.	36.	0	
3.73399	58.996	145	0	2	4	4	2	3	1.23789e-005	6.35203e-004	0.	0.	2.16667	0.	0.	1.	0.	0.	0.	36.	0	
3.75208	55.2939	146	0	2	4	4	2	3	1.42266e-005	6.35203e-004	0.	0.	2.33333	0.	0.	1.	0.	0.	0.	36.	0	
3.76917	58.4921	147	0	2	4	4	2	3	1.60743e-005	6.35203e-004	0.	0.	2.5	0.	0.	1.	0.	0.	0.	36.	0	
3.78784	53.5537	148	0	2	4	4	2	3	1.79221e-005	6.35203e-004	0.	0.	2.66667	0.	0.	1.	0.	0.	0.	36.	0	
3.80631	54.158	149	0	2	4	4	2	3	1.97698e-005	6.35203e-004	0.	0.	2.83333	0.	0.	1.	0.	0.	0.	36.	0	
3.82374	57.3554	150	0	2	4	4	2	3	2.16175e-005	6.35203e-004	0.	0.	3.	0.	0.	1.	0.	0.	0.	36.	0	
3.8417	55.6998	151	0	2	4	4	2	3	2.34653e-005	6.35203e-004	0.	0.	3.16667	0.	0.	1.	0.	0.	0.	36.	0	
3.85847	59.6097	152	0	2	4	4	2	3	2.5313e-005	6.35203e-004	0.	0.	3.33333	0.	0.	1.	0.	0.	0.	36.	0	
3.87597	57.1409	153	0	2	4	4	2	3	2.71607e-005	6.35203e-004	0.	0.	3.5	0.	0.	1.	0.	0.	0.	36.	0	
3.89307	58.5012	154	0	2	4	4	2	3	2.90084e-005	6.35203e-004	0.	0.	3.66667	0.	0.	1.	0.	0.	0.	36.	0	
3.91056	57.1729	155	0	2	4	4	2	3	3.08562e-005	6.35203e-004	0.	0.	3.83333	0.	0.	1.	0.	0.	0.	36.	0	
3.92873	55.0163	156	0	2	5	5	2	3	3.27039e-005	6.35203e-004	0.	0.	4.	0.	0.	1.	0.	0.	0.	36.	0	
3.94648	56.3637	157	0	2	5	5	2	4	3.45516e-005	1.26003e-003	0.	0.	4.16667	0.	0.	1.	0.	0.	0.	36.	0	
3.96435	55.9607	158	0	3	5	5	3	4	3.91363e-005	1.26003e-003	0.	0.	4.33333	0.	0.	1.	0.	0.	0.	36.	0	
3.98155	58.1197	159	0	3	5	5	3	4	4.28015e-005	1.26003e-003	0.	0.	4.5	0.	0.	1.	0.	0.	0.	36.	0	
3.99949	55.762	160	0	3	5	5	3	4	4.64668e-005	1.26003e-003	0.	0.	4.66667	0.	0.	1.	0.	0.	0.	36.	0	
4.01763	55.1162	161	0	3	5	5	3	4	5.01321e-005	1.26003e-003	0.	0.	4.83333	0.	0.	1.	0.	0.	0.	36.	0	
4.03509	57.256	162	0	3	5	5	3	4	5.37973e-005	1.26003e-003	0.	0.	5.	0.	0.	1.	0.	0.	0.	36.	0	
4.05185	59.6778	163	0	3	5	5	3	4	5.74626e-005	1.26003e-003	0.	0.	5.16667	0.	0.	1.	0.	0.	0.	36.	0	
4.06901	58.2902	164	0	3	5	5	3	4	6.11279e-005	1.26003e-003	0.	0.	5.33333	0.	0.	1.	0.	0.	0.	36.	0	
4.0862	58.1589	165	0	3	5	5	3	4	6.47931e-005	1.26003e-003	0.	0.	5.5	0.	0.	1.	0.	0.	0.	36.	0	
4.10321	58.7783	166	0	3	5	5	3	4	6.84584e-005	1.26003e-003	0.	0.	5.66667	0.	0.	1.	0.	0.	0.	36.	0	
4.12143	54.91	167	0	3	5	5	3	4	7.21237e-005	1.26003e-003	0.	0.	5.83333	0.	0.	1.	0.	0.	0.	36.	0	
4.13884	57.4111	168	0	3	6	6	3	4	7.57889e-005	1.26003e-003	0.	0.	6.	0.	0.	1.	0.	0.	0.	36.	0	
4.15705	54.9141	169	0	3	6	6	3	4	7.94542e-005	1.26003e-003	0.	0.	6.16667	0.	0.	1.	0.	0.	0.	36.	0	
4.17409	58.6861	170	0	3	6	6	3	5	8.31195e-005	2.08243e-003	0.	0.	6.33333	0.	0.	1.	0.	0.	0.	36.	0	
4.19123	58.3598	171	0	4	6	6	4	5	9.11421e-005	2.08243e-003	0.	0.	6.5	0.	0.	1.	0.	0.	0.	36.	0	
4.20948	54.7948	172	0	4	6	6	4	5	9.71997e-005	2.08243e-003	0.	0.	6.66667	0.	0.	1.	0.	0.	0.	36.	0	
4.22679	57.7699	173	0	4	6	6	4	5	1.03257e-004	2.08243e-003	0.	0.	6.83333	0.	0.	1.	0.	0.	0.	36.	0	
4.24441	56.7654	174	0	4	6	6	4	5	1.09315e-004	2.08243e-003	0.	0.	7.	0.	0.	1.	0.	0.	0.	36.	0	
4.26241	55.5387	175	0	4	6	6	4	5	1.15372e-004	2.08243e-003	0.	0.	7.16667	0.	0.	1.	0.	0.	0.	36.	0	
4.28031	55.8633	176	0	4	6	6	4	5	1.2143e-004	2.08243e-003	0.	0.	7.33333	0.	0.	1.	0.	0.	0.	36.	0	
4.29925	52.8046	177	0	4	6	6	4	5	1.27487e-004	2.08243e-003	0.	0.	7.5	0.	0.	1.	0.	0.	0.	36.	0	
4.31761	54.4653	178	0	4	6	6	4	5	1.33545e-004	2.08243e-003	0.	0.	7.66667	0.	0.	1.	0.	0.	0.	36.	0	
4.33562	55.5126	179	0	4	6	6	4	5	1.39603e-004	2.08243e-003	0.	0.	7.83333	0.	0.	1.	0.	0.	0.	36.	0	
4.3538	55.0244	180	0	4	6	6	4	5	1.4566e-004	2.08243e-003	0.	0.	8.	0.	0.	1.	0.	0.	0.	36.	0	
4.37186	55.3512	181	0	4	7	7	4	5	1.51718e-004	2.08243e-003	0.	0.	8.16667	0.	0.	1.	0.	0.	0.	36.	0	
4.38888	58.7768	182	0	4	7	7	4	6	1.57775e-004	3.1328e-003	0.	0.	8.33333	0.	0.	1.	0.	0.	0.	36.	0	
4.40608	58.1363	183	0	4	7	7	4	6	1.6758e-004	3.1328e-003	0.	0.	8.5	0.	0.	1.	0.	0.	0.	36.	0	
4.42282	59.735	184	0	5	7	7	5	6	1.76693e-004	3.1328e-003	0.	0.	8.66667	0.	0.	1.	0.	0.	0.	36.	0	
4.44127	54.1985	185	0	5	7	7	5	6	1.85806e-004	3.1328e-003	0.	0.	8.83333	0.	0.	1.	0.	0.	0.	36.	0	
4.45877	57.154	186	0	5	7	7	5	6	1.94919e-004	3.1328e-003	0.	0.	9.	0.	0.	1.	0.	0.	0.	36.	0	
4.47626	57.1642	187	0	5	7	7	5	6	2.04032e-004	3.1328e-003	0.	0.	9.16667	0.	0.	1.	0.	0.	0.	36.	0	
4.49428	55.4989	188	0	5	7	7	5	6	2.13145e-004	3.1328e-003	0.	0.	9.33333	0.	0.	1.	0.	0.	0.	36.	0	
4.51238	55.2558	189	0	5	7	7	5	6	2.22258e-004	3.1328e-003	0.	0.	9.5	0.	0.	1.	0.	0.	0.	36.	0	
4.53083	54.1933	190	0	5	7	7	5	6	2.31371e-004	3.1328e-003	0.	0.	9.66667	0.	0.	1.	0.	0.	0.	36.	0	
4.54885	55.4797	191	0	5	7	7	5	6	2.40484e-004	3.1328e-003	0.	0.	9.83333	0.	0.	1.	0.	0.	0.	36.	0	
4.56596	58.4449	192	0	5	7	7	5	6	2.49597e-004	3.1328e-003	0.	0.	10.	0.	0.	1.	0.	0.	0.	36.	0	
4.58403	55.3512	193	0	5	8	8	5	6	2.5871e-004	3.1328e-003	0.	0.	10.1667	0.	0.	1.	0.	0.	0.	36.	0	
4.6012	58.2358	194	0	5	8	8	5	6	2.67823e-004	3.1328e-003	0.	0.	10.3333	0.	0.	1.	0.	0.	0.	36.	0	
4.61854	57.6617	195	0	5	8	8	5	7	2.76936e-004	4.40274e-003	0.	0.	10.5	0.	0.	1.	0.	0.	0.	36.	0	
4.6361	56.9526	196	0	6	8	8	6	7	2.92406e-004	4.40274e-003	0.	0.	10.6667	0.	0.	1.	0.	0.	0.	36.	0	
4.65329	58.192	197	0	6	8	8	6	7	3.05213e-004	4.40274e-003	0.	0.	10.8333	0.	0.	1.	0.	0.	0.	36.	0	
4.6702	59.1358	198	0	6	8	8	6	7	3.1802e-004	4.40274e-003	0.	0.	11.	0.	0.	1.	0.	0.	0.	36.	0	
4.6884	54.9423	199	0	6	8	8	6	7	3.30827e-004	4.40274e-003	0.	0.	11.1667	0.	0.	1.	0.	0.	0.	36.	0	
4.70535	58.9882	200	0	6	8	8	6	7	3.43634e-004	4.40274e-003	0.	0.	11.3333	0.	0.	1.	0.	0.	0.	36.	0	
4.72247	58.4084	201	0	6	8	8	6	7	3.56441e-004	4.40274e-003	0.	0.	11.5	0.	0.	1.	0.	0.	0.	36.	0	
4.73989	57.3964	202	0	6	8	8	6	7	3.56441e-004	4.40274e-003	0.	0.	11.5	0.	0.	1.	0.	0.	0.	0.	0	
4.75723	57.6691	203	0	6	8	8	6	7	3.56441e-004	4.40274e-003	0.	0.	11.5	0.	0.	1.	0.	0.	0.	0.	0	
4.77435	58.4236	204	0	6	8	8	6	7	3.56441e-004	4.40274e-003	0.	0.	11.5	0.	0.	1.	0.	0.	0.	0.	0	
4.79134	58.8692	205	0	6	8	8	6	7	3.56441e-004	4.40274e-003	0.	0.	11.5	0.	0.	1.	0.	0.	0.	0.	0	
4.80834	58.7998	206	0	6	8	8	6	7	3.56441e-004	4.40274e-003	0.	0.	11.5	0.	0.	1.	0.	0.	0.	0.	0	
4.82625	55.8536	207	0	6	8	8	6	7	3.56441e-004	4.40274e-003	0.	0.	11.5	0.	0.	1.	0.	0.	0.	0.	0	
4.84419	55.7275	208	0	6	8	8	6	7	3.56441e-004	4.40274e-003	0.	0.	11.5	0.	0.	1.	0.	0.	0.	0.	0	
4.86148	57.8577	209	0	6	8	8	6	7	3.56441e-004	4.40274e-003	0.	0.	11.5	0.	0.	1.	0.	0.	0.	0.	0	
4.87848	58.8183	210	0	6	8	8	6	7	3.56441e-004	4.40274e-003	0.	0.	11.5	0.	0.	1.	0.	0.	0.	0.	0	
4.89556	58.5286	211	0	6	8	8	6	7	3.56441e-004	4.40274e-003	0.	0.	11.5	0.	0.	1.	0.	0.	0.	0.	0	
4.9131	57.0075	212	0	6	8	8	6	7	3.56441e-004	4.40274e-003	0.	0.	11.5	0.	0.	1.	0.	0.	0.	0.	0	
4.93063	57.0582	213	0	6	8	8	6	7	3.56441e-004	4.40274e-003	0.	0.	11.5	0.	0.	1.	0.	0.	0.	0.	0	
4.94737	59.7318	214	0	6	8	8	6	7	3.56441e-004	4.40274e-003	0.	0.	11.5	0.	0.	1.	0.	0.	0.	0.	0	
4.96479	57.4111	215	0	6	8	8	6	7	3.56441e-004	4.40274e-003	0.	0.	11.5	0.	0.	1.	0.	0.	0.	0.	0	
4.98231	57.0886	216	0	6	8	8	6	7	3.56441e-004	4.40274e-003	0.	0.	11.5	0.	0.	1.	0.	0.	0.	0.	0	
4.99989	56.8848	217	0	6	8	8	6	7	3.56441e-004	4.40274e-003	0.	0.	11.5	0.	0.	1.	0.	0.	0.	0.	0	
5.01757	56.5525	218	0	6	8	8	6	7	3.56441e-004	4.40274e-003	0.	0.	11.5	0.	0.	1.	0.	0.	0.	0.	0	
5.03478	58.1197	219	0	6	8	8	6	7	3.56441e-004	4.40274e-003	0.	0.	11.5	0.	0.	1.	0.	0.	0.	0.	0	
5.05197	58.1483	220	0	6	8	8	6	7	3.56441e-004	4.40274e-003	0.	0.	11.5	0.	0.	1.	0.	0.	0.	0.	0	
5.06901	58.7061	221	0	6	8	8	6	7	3.56441e-004	4.40274e-003	0.	0.	11.5	0.	0.	1.	0.	0.	0.	0.	0	
5.08616	58.2826	222	0	6	8	8	6	7	3.56441e-004	4.40274e-003	0.	0.	11.5	0.	0.	1.	0.	0.	0.	0.	0	
5.10356	57.4699	223	0	6	8	8	6	7	3.43634e-004	4.40274e-003	0.	0.	11.3333	0.	0.	1.	0.	0.	0.	-36.	0	
5.1218	54.851	224	0	6	8	8	6	7	3.30827e-004	4.40274e-003	0.	0.	11.1667	0.	0.	1.	0.	0.	0.	-36.	0	
5.13911	57.7402	225	0	6	8	8	6	7	3.1802e-004	4.40274e-003	0.	0.	11.	0.	0.	1.	0.	0.	0.	-36.	0	
5.15591	59.5386	226	0	6	8	8	6	7	3.05213e-004	4.40274e-003	0.	0.	10.8333	0.	0.	1.	0.	0.	0.	-36.	0	
5.17347	56.9352	227	0	6	8	8	6	7	2.92406e-004	4.40274e-003	0.	0.	10.6667	0.	0.	1.	0.	0.	0.	-36.	0	
5.1912	56.4289	228	0	5	8	8	5	7	2.79599e-004	4.40274e-003	0.	0.	10.5	0.	0.	1.	0.	0.	0.	-36.	0	
5.20823	58.6923	229	0	5	8	8	5	6	2.66792e-004	3.1328e-003	0.	0.	10.3333	0.	0.	1.	0.	0.	0.	-36.	0	
5.22637	55.1473	230	0	5	8	8	5	6	2.5871e-004	3.1328e-003	0.	0.	10.1667	0.	0.	1.	0.	0.	0.	-36.	0	
5.24385	57.1977	231	0	5	7	7	5	6	2.49597e-004	3.1328e-003	0.	0.	10.	0.	0.	1.	0.	0.	0.	-36.	0	
5.26194	55.2681	232	0	5	7	7	5	6	2.31371e-004	3.1328e-003	0.	0.	9.66667	0.	0.	1.	0.	0.	0.	-36.	0	
5.27965	56.4743	233	0	5	7	7	5	6	2.22258e-004	3.1328e-003	0.	0.	9.5	0.	0.	1.	0.	0.	0.	-36.	0	
5.29801	54.4693	234	0	5	7	7	5	6	2.13145e-004	3.1328e-003	0.	0.	9.33333	0.	0.	1.	0.	0.	0.	-36.	0	
5.3148	59.5544	235	0	5	7	7	5	6	2.04032e-004	3.1328e-003	0.	0.	9.16667	0.	0.	1.	0.	0.	0.	-36.	0	
5.33203	58.0446	236	0	5	7	7	5	6	1.94919e-004	3.1328e-003	0.	0.	9.	0.	0.	1.	0.	0.	0.	-36.	0	
5.3503	54.7468	237	0	5	7	7	5	6	1.85806e-004	3.1328e-003	0.	0.	8.83333	0.	0.	1.	0.	0.	0.	-36.	0	
5.36836	55.3471	238	0	5	7	7	5	6	1.76693e-004	3.1328e-003	0.	0.	8.66667	0.	0.	1.	0.	0.	0.	-36.	0	
5.38655	54.9934	239	0	4	7	7	4	6	1.6758e-004	3.1328e-003	0.	0.	8.5	0.	0.	1.	0.	0.	0.	-36.	0	
5.40338	59.4126	240	0	4	7	7	4	6	1.58467e-004	3.1328e-003	0.	0.	8.33333	0.	0.	1.	0.	0.	0.	-36.	0	
5.42143	55.3908	241	0	4	7	7	4	5	1.49355e-004	2.08243e-003	0.	0.	8.16667	0.	0.	1.	0.	0.	0.	-36.	0	
5.43952	55.2749	242	0	4	6	6	4	5	1.4566e-004	2.08243e-003	0.	0.	8.	0.	0.	1.	0.	0.	0.	-36.	0	
5.45672	58.1513	243	0	4	6	6	4	5	1.39603e-004	2.08243e-003	0.	0.	7.83333	0.	0.	1.	0.	0.	0.	-36.	0	
5.47399	57.901	244	0	4	6	6	4	5	1.33545e-004	2.08243e-003	0.	0.	7.66667	0.	0.	1.	0.	0.	0.	-36.	0	
5.492	55.5428	245	0	4	6	6	4	5	1.27487e-004	2.08243e-003	0.	0.	7.5	0.	0.	1.	0.	0.	0.	-36.	0	
5.50966	56.5981	246	0	4	6	6	4	5	1.2143e-004	2.08243e-003	0.	0.	7.33333	0.	0.	1.	0.	0.	0.	-36.	0	
5.52644	59.5955	247	0	4	6	6	4	5	1.15372e-004	2.08243e-003	0.	0.	7.16667	0.	0.	1.	0.	0.	0.	-36.	0	
5.54351	58.5836	248	0	4	6	6	4	5	1.09315e-004	2.08243e-003	0.	0.	7.	0.	0.	1.	0.	0.	0.	-36.	0	
5.56031	59.5497	249	0	4	6	6	4	5	1.03257e-004	2.08243e-003	0.	0.	6.83333	0.	0.	1.	0.	0.	0.	-36.	0	
5.57734	58.7092	250	0	4	6	6	4	5	9.71997e-005	2.08243e-003	0.	0.	6.66667	0.	0.	1.	0.	0.	0.	-36.	0	
5.59446	58.4099	251	0	4	6	6	4	5	9.11421e-005	2.08243e-003	0.	0.	6.5	0.	0.	1.	0.	0.	0.	-36.	0	
5.61253	55.3239	252	0	3	6	6	3	5	8.50846e-005	2.08243e-003	0.	0.	6.33333	0.	0.	1.	0.	0.	0.	-36.	0	
5.63055	55.4961	253	0	3	6	6	3	4	7.9027e-005	1.26003e-003	0.	0.	6.16667	0.	0.	1.	0.	0.	0.	-36.	0	
5.64843	55.9482	254	0	3	6	6	3	4	7.57889e-005	1.26003e-003	0.	0.	6.	0.	0.	1.	0.	0.	0.	-36.	0	
5.66679	54.4481	255	0	3	5	5	3	4	7.21237e-005	1.26003e-003	0.	0.	5.83333	0.	0.	1.	0.	0.	0.	-36.	0	
5.68367	59.2481	256	0	3	5	5	3	4	6.84584e-005	1.26003e-003	0.	0.	5.66667	0.	0.	1.	0.	0.	0.	-36.	0	
5.70076	58.5149	257	0	3	5	5	3	4	6.47931e-005	1.26003e-003	0.	0.	5.5	0.	0.	1.	0.	0.	0.	-36.	0	
5.71907	54.6296	258	0	3	5	5	3	4	6.11279e-005	1.26003e-003	0.	0.	5.33333	0.	0.	1.	0.	0.	0.	-36.	0	
5.73586	59.5607	259	0	3	5	5	3	4	5.74626e-005	1.26003e-003	0.	0.	5.16667	0.	0.	1.	0.	0.	0.	-36.	0	
5.75292	58.605	260	0	3	5	5	3	4	5.37973e-005	1.26003e-003	0.	0.	5.	0.	0.	1.	0.	0.	0.	-36.	0	
5.77057	56.6638	261	0	3	5	5	3	4	5.01321e-005	1.26003e-003	0.	0.	4.83333	0.	0.	1.	0.	0.	0.	-36.	0	
5.78834	56.2607	262	0	3	5	5	3	4	4.64668e-005	1.26003e-003	0.	0.	4.66667	0.	0.	1.	0.	0.	0.	-36.	0	
5.80613	56.2156	263	0	3	5	5	3	4	4.28015e-005	1.26003e-003	0.	0.	4.5	0.	0.	1.	0.	0.	0.	-36.	0	
5.82488	53.3451	264	0	3	5	5	3	4	3.91363e-005	1.26003e-003	0.	0.	4.33333	0.	0.	1.	0.	0.	0.	-36.	0	
5.84309	54.8899	265	0	2	5	5	2	4	3.5471e-005	1.26003e-003	0.	0.	4.16667	0.	0.	1.	0.	0.	0.	-36.	0	
5.86006	58.9464	266	0	2	5	5	2	3	3.18057e-005	6.35203e-004	0.	0.	4.	0.	0.	1.	0.	0.	0.	-36.	0	
5.87787	56.158	267	0	2	4	4	2	3	3.08562e-005	6.35203e-004	0.	0.	3.83333	0.	0.	1.	0.	0.	0.	-36.	0	
5.89551	56.6638	268	0	2	4	4	2	3	2.90084e-005	6.35203e-004	0.	0.	3.66667	0.	0.	1.	0.	0.	0.	-36.	0	
5.91294	57.3906	269	0	2	4	4	2	3	2.71607e-005	6.35203e-004	0.	0.	3.5	0.	0.	1.	0.	0.	0.	-36.	0	
5.93045	57.1031	270	0	2	4	4	2	3	2.5313e-005	6.35203e-004	0.	0.	3.33333	0.	0.	1.	0.	0.	0.	-36.	0	
5.94859	55.1433	271	0	2	4	4	2	3	2.34653e-005	6.35203e-004	0.	0.	3.16667	0.	0.	1.	0.	0.	0.	-36.	0	
5.96578	58.1558	272	0	2	4	4	2	3	2.16175e-005	6.35203e-004	0.	0.	3.	0.	0.	1.	0.	0.	0.	-36.	0	
5.98382	55.44	273	0	2	4	4	2	3	1.97698e-005	6.35203e-004	0.	0.	2.83333	0.	0.	1.	0.	0.	0.	-36.	0	
6.0008	58.8815	274	0	2	4	4	2	3	1.79221e-005	6.35203e-004	0.	0.	2.66667	0.	0.	1.	0.	0.	0.	-36.	0	
6.01786	58.6096	275	0	2	4	4	2	3	1.60743e-005	6.35203e-004	0.	0.	2.5	0.	0.	1.	0.	0.	0.	-36.	0	
6.03501	58.3098	276	0	2	4	4	2	3	1.42266e-005	6.35203e-004	0.	0.	2.33333	0.	0.	1.	0.	0.	0.	-36.	0	
6.05218	58.2373	277	0	2	4	4	2	3	1.23789e-005	6.35203e-004	0.	0.	2.16667	0.	0.	1.	0.	0.	0.	-36.	0	
6.0702	55.5208	278	0	1	4	4	1	3	1.05311e-005	6.35203e-004	0.	0.	2.	0.	0.	1.	0.	0.	0.	-36.	0	
6.08817	55.6336	279	0	1	4	4	1	2	8.68341e-006	2.35732e-004	0.	0.	1.83333	0.	0.	1.	0.	0.	0.	-36.	0	
6.10503	59.3232	280	0	1	3	3	1	2	8.83422e-006	2.35732e-004	0.	0.	1.66667	0.	0.	1.	0.	0.	0.	-36.	0	
6.12199	58.9697	281	0	1	3	3	1	2	8.1485e-006	2.35732e-004	0.	0.	1.5	0.	0.	1.	0.	0.	0.	-36.	0	
6.13998	55.5854	282	0	1	3	3	1	2	7.46278e-006	2.35732e-004	0.	0.	1.33333	0.	0.	1.	0.	0.	0.	-36.	0	
6.15753	56.9641	283	0	1	3	3	1	2	6.77707e-006	2.35732e-004	0.	0.	1.16667	0.	0.	1.	0.	0.	0.	-36.	0	
6.17437	59.3812	284	0	1	3	3	1	2	6.09135e-006	2.35732e-004	0.	0.	1.	0.	0.	1.	0.	0.	0.	-36.	0	
6.19152	58.2977	285	0	1	3	3	1	2	5.40563e-006	2.35732e-004	0.	0.	0.833333	0.	0.	1.	0.	0.	0.	-36.	0	
6.20959	55.3471	286	0	1	3	3	1	2	4.71991e-006	2.35732e-004	0.	0.	0.666667	0.	0.	1.	0.	0.	0.	-36.	0	
6.22785	54.7561	287	0	1	3	3	1	2	4.03419e-006	2.35732e-004	0.	0.	0.5	0.	0.	1.	0.	0.	0.	-36.	0	
6.24555	56.5141	288	0	1	3	3	1	2	3.34847e-006	2.35732e-004	0.	0.	0.333333	0.	0.	1.	0.	0.	0.	-36.	0	
6.26374	54.9678	289	0	1	3	3	1	2	2.66276e-006	2.35732e-004	0.	0.	0.166667	0.	0.	1.	0.	0.	0.	-36.	0	
6.28202	54.7041	290	0	1	3	3	1	2	1.97704e-006	2.35732e-004	0.	0.	0.	0.	0.	1.	0.	0.	0.	-36.	0	
6.29974	56.4431	291	0	-1	3	3	-1	2	1.29132e-006	2.35732e-004	0.	0.	-0.166667	0.	0.	1.	0.	0.	0.	-36.	0	
6.31786	55.1717	292	0	-1	3	3	-1	1	6.05603e-007	3.16327e-005	0.	0.	-0.333333	0.	0.	1.	0.	0.	0.	-36.	0	
6.3359	55.4318	293	0	-1	2	2	-1	1	1.02138e-006	3.16327e-005	0.	0.	-0.5	0.	0.	1.	0.	0.	0.	-36.	0	
6.35399	55.2939	294	0	-1	2	2	-1	1	9.29361e-007	3.16327e-005	0.	0.	-0.666667	0.	0.	1.	0.	0.	0.	-36.	0	
6.37097	58.9062	295	0	-1	2	2	-1	1	8.37345e-007	3.16327e-005	0.	0.	-0.833333	0.	0.	1.	0.	0.	0.	-36.	0	
6.38912	55.0905	296	0	-1	2	2	-1	1	7.45329e-007	3.16327e-005	0.	0.	-1.	0.	0.	1.	0.	0.	0.	-36.	0	
6.40655	57.3554	297	0	-1	2	2	-1	1	6.53313e-007	3.16327e-005	0.	0.	-1.16667	0.	0.	1.	0.	0.	0.	-36.	0	
6.42356	58.7998	298	0	-1	2	2	-1	1	5.61297e-007	3.16327e-005	0.	0.	-1.33333	0.	0.	1.	0.	0.	0.	-36.	0	
6.44061	58.654	299	0	-1	2	2	-1	1	4.69281e-007	3.16327e-005	0.	0.	-1.5	0.	0.	1.	0.	0.	0.	-36.	0	
6.45746	59.3546	300	0	-1	2	2	-1	1	3.77266e-007	3.16327e-005	0.	0.	-1.66667	0.	0.	1.	0.	0.	0.	-36.	0	
6.47554	55.2994	301	0	-1	2	2	-1	1	2.8525e-007	3.16327e-005	0.	0.	-1.83333	0.	0.	1.	0.	0.	0.	-36.	0	
6.49406	53.9979	302	0	-1	2	2	-1	1	1.93234e-007	3.16327e-005	0.	0.	-2.	0.	0.	1.	0.	0.	0.	-36.	0	
6.5116	56.9945	303	0	-1	2	2	-1	1	1.01218e-007	3.16327e-005	0.	0.	-2.16667	0.	0.	1.	0.	0.	0.	-36.	0	
6.52859	58.8707	304	0	-1	2	2	-1	1	9.20227e-009	3.16327e-005	0.	0.	-2.33333	0.	0.	1.	0.	0.	0.	-36.	0	
6.54667	55.3171	305	0	-1	2	2	-1	-1	8.28136e-008	3.16327e-005	0.	0.	-2.5	0.	0.	1.	0.	0.	0.	-36.	0	
6.56379	58.3963	306	0	-1	1	1	-1	-1	0.166667	3.16327e-005	0.	0.	-2.66667	0.	0.	1.	0.	0.	0.	-36.	0	
6.58079	58.8368	307	0	-1	1	1	-1	-1	0.333333	3.16327e-005	0.	0.	-2.83333	0.	0.	1.	0.	0.	0.	-36.	0	
6.59881	55.492	308	0	-1	1	1	-1	-1	0.5	3.16327e-005	0.	0.	-3.	0.	0.	1.	0.	0.	0.	-36.	0	
6.61687	55.3703	309	0	-1	1	1	-1	-1	0.666667	3.16327e-005	0.	0.	-3.16667	0.	0.	1.	0.	0.	0.	-36.	0	
6.63454	56.5981	310	0	-1	1	1	-1	-1	0.833333	3.16327e-005	0.	0.	-3.33333	0.	0.	1.	0.	0.	0.	-36.	0	
6.65166	58.3902	311	0	-1	1	1	-1	-1	1.	3.16327e-005	0.	0.	-3.5	0.	0.	1.	0.	0.	0.	-36.	0	
6.66962	55.6957	312	0	-1	1	1	-1	-1	1.16667	3.16327e-005	0.	0.	-3.66667	0.	0.	1.	0.	0.	0.	-36.	0	
6.68774	55.1988	313	0	-1	1	1	-1	-1	1.33333	3.16327e-005	0.	0.	-3.83333	0.	0.	1.	0.	0.	0.	-36.	0	
6.70552	56.2325	314	0	-1	1	1	-1	-1	1.5	3.16327e-005	0.	0.	-4.	0.	0.	1.	0.	0.	0.	-36.	0	
6.72294	57.3906	315	0	-1	1	1	-1	-1	1.66667	3.16327e-005	0.	0.	-4.16667	0.	0.	1.	0.	0.	0.	-36.	0	
6.74098	55.4386	316	0	-1	1	1	-1	-1	1.83333	3.16327e-005	0.	0.	-4.33333	0.	0.	1.	0.	0.	0.	-36.	0	
6.75873	56.3496	317	0	-1	1	1	-1	-1	2.	3.16327e-005	0.	0.	-4.5	0.	0.	1.	0.	0.	0.	-36.	0	
6.77604	57.761	318	0	-1	1	1	-1	-1	2.16667	3.16327e-005	0.	0.	-4.66667	0.	0.	1.	0.	0.	0.	-36.	0	
6.79314	58.4966	319	0	-1	-1	-1	-1	-1	2.33333	3.16327e-005	0.	0.	-4.83333	0.	0.	1.	0.	0.	0.	-36.	0	
6.81095	56.1454	320	0	-1	-1	-1	-1	-1	2.5	3.16327e-005	0.	0.	-5.	0.	0.	1.	0.	0.	0.	-36.	0	
6.82904	55.2626	321	0	-1	-1	-1	-1	-1	2.66667	3.16327e-005	0.	0.	-5.16667	0.	0.	1.	0.	0.	0.	-36.	0	
6.84709	55.403	322	0	-1	-1	-1	-1	-1	2.83333	3.16327e-005	0.	0.	-5.33333	0.	0.	1.	0.	0.	0.	-36.	0	
6.86415	58.6188	323	0	-1	-1	-1	-1	-1	3.	3.16327e-005	0.	0.	-5.5	0.	0.	1.	0.	0.	0.	-36.	0	
6.88245	54.6562	324	0	-1	-1	-1	-1	-1	3.16667	3.16327e-005	0.	0.	-5.66667	0.	0.	1.	0.	0.	0.	-36.	0	
6.90009	56.6838	325	0	-1	-1	-1	-1	-1	3.33333	3.16327e-005	0.	0.	-5.83333	0.	0.	1.	0.	0.	0.	-36.	0	
6.91746	57.5656	326	0	-1	-1	-1	-1	-1	3.5	3.16327e-005	0.	0.	-6.	0.	0.	1.	0.	0.	0.	-36.	0	
6.93454	58.5561	327	0	-1	-1	-1	-1	-1	3.66667	3.16327e-005	0.	0.	-6.16667	0.	0.	1.	0.	0.	0.	-36.	0	
6.95161	58.5637	328	0	-1	-1	-1	-1	-1	3.83333	3.16327e-005	0.	0.	-6.33333	0.	0.	1.	0.	0.	0.	-36.	0	
6.96836	59.7001	329	0	-1	-1	-1	-1	-1	4.	3.16327e-005	0.	0.	-6.5	0.	0.	1.	0.	0.	0.	-36.	0	
6.98526	59.1732	330	0	-1	-1	-1	-1	-1	4.16667	3.16327e-005	0.	0.	-6.66667	0.	0.	1.	0.	0.	0.	-36.	0	
7.00287	56.7927	331	0	-1	-1	-1	-1	-1	4.33333	3.16327e-005	0.	0.	-6.83333	0.	0.	1.	0.	0.	0.	-36.	0	
7.02027	57.489	332	0	-1	-1	-1	-1	-1	4.5	3.16327e-005	0.	0.	-7.	0.	0.	1.	0.	0.	0.	-36.	0	
7.03827	55.5277	333	0	-1	-1	-1	-1	-1	4.66667	3.16327e-005	0.	0.	-7.16667	0.	0.	1.	0.	0.	0.	-36.	0	
7.0557	57.3935	334	0	-1	-1	-1	-1	-1	4.83333	3.16327e-005	0.	0.	-7.33333	0.	0.	1.	0.	0.	0.	-36.	0	
7.07334	56.6981	335	0	-1	-1	-1	-1	-1	5.	3.16327e-005	0.	0.	-7.5	0.	0.	1.	0.	0.	0.	-36.	0	
7.09093	56.8416	336	0	-1	-1	-1	-1	-1	5.16667	3.16327e-005	0.	0.	-7.66667	0.	0.	1.	0.	0.	0.	-36.	0	
7.10898	55.4112	337	0	-1	-1	-1	-1	-1	5.33333	3.16327e-005	0.	0.	-7.83333	0.	0.	1.	0.	0.	0.	-36.	0	
7.12622	57.9982	338	0	-1	-1	-1	-1	-1	5.5	3.16327e-005	0.	0.	-8.	0.	0.	1.	0.	0.	0.	-36.	0	
7.14395	56.3835	339	0	-1	-1	-1	-1	-1	5.66667	3.16327e-005	0.	0.	-8.16667	0.	0.	1.	0.	0.	0.	-36.	0	
7.16195	55.5634	340	0	-1	-1	-1	-1	-1	5.83333	3.16327e-005	0.	0.	-8.33333	0.	0.	1.	0.	0.	0.	-36.	0	
7.17895	58.8245	341	0	-1	-1	-1	-1	-1	6.	3.16327e-005	0.	0.	-8.5	0.	0.	1.	0.	0.	0.	-36.	0	
7.19671	56.3199	342	0	-1	-1	-1	-1	-1	6.16667	3.16327e-005	0.	0.	-8.66667	0.	0.	1.	0.	0.	0.	-36.	0	
7.21376	58.6203	343	0	-1	-1	-1	-1	-1	6.33333	3.16327e-005	0.	0.	-8.83333	0.	0.	1.	0.	0.	0.	-36.	0	
7.23169	55.7773	344	0	-1	-1	-1	-1	-1	6.5	3.16327e-005	0.	0.	-9.	0.	0.	1.	0.	0.	0.	-36.	0	
7.24872	58.7184	345	0	-1	-1	-1	-1	-1	6.66667	3.16327e-005	0.	0.	-9.16667	0.	0.	1.	0.	0.	0.	-36.	0	
7.2668	55.3266	346	0	-1	-1	-1	-1	-1	6.66667	3.16327e-005	0.	0.	-9.16667	0.	0.	1.	0.	0.	0.	0.	0	
7.28468	55.9342	347	0	-1	-1	-1	-1	-1	6.66667	3.16327e-005	0.	0.	-9.16667	0.	0.	1.	0.	0.	0.	0.	0	
7.30206	57.5376	348	0	-1	-1	-1	-1	-1	6.66667	3.16327e-005	0.	0.	-9.16667	0.	0.	1.	0.	0.	0.	0.	0	
7.32019	55.1473	349	0	-1	-1	-1	-1	-1	6.66667	3.16327e-005	0.	0.	-9.16667	0.	0.	1.	0.	0.	0.	0.	0	
7.33875	53.8748	350	0	-1	-1	-1	-1	-1	6.66667	3.16327e-005	0.	0.	-9.16667	0.	0.	1.	0.	0.	0.	0.	0	
7.35677	55.5057	351	0	-1	-1	-1	-1	-1	6.66667	3.16327e-005	0.	0.	-9.16667	0.	0.	1.	0.	0.	0.	0.	0	
7.37405	57.8577	352	0	-1	-1	-1	-1	-1	6.66667	3.16327e-005	0.	0.	-9.16667	0.	0.	1.	0.	0.	0.	0.	0	
7.39206	55.5318	353	0	-1	-1	-1	-1	-1	6.66667	3.16327e-005	0.	0.	-9.16667	0.	0.	1.	0.	0.	0.	0.	0	
7.41016	55.2355	354	0	-1	-1	-1	-1	-1	6.66667	3.16327e-005	0.	0.	-9.16667	0.	0.	1.	0.	0.	0.	0.	0	
7.42718	58.7752	355	0	-1	-1	-1	-1	-1	6.66667	3.16327e-005	0.	0.	-9.16667	0.	0.	1.	0.	0.	0.	0.	0	
7.44407	59.1997	356	0	-1	-1	-1	-1	-1	6.66667	3.16327e-005	0.	0.	-9.16667	0.	0.	1.	0.	0.	0.	0.	0	
7.46109	58.7368	357	0	-1	-1	-1	-1	-1	6.66667	3.16327e-005	0.	0.	-9.16667	0.	0.	1.	0.	0.	0.	0.	0	
7.47819	58.4829	358	0	-1	-1	-1	-1	-1	6.66667	3.16327e-005	0.	0.	-9.16667	0.	0.	1.	0.	0.	0.	0.	0	
7.49636	55.0338	359	0	-1	-1	-1	-1	-1	6.66667	3.16327e-005	0.	0.	-9.16667	0.	0.	1.	0.	0.	0.	0.	0	
7.51331	59.0161	360	0	-1	-1	-1	-1	-1	6.66667	3.16327e-005	0.	0.	-9.16667	0.	0.	1.	0.	0.	0.	0.	0	
7.53134	55.4482	361	0	-1	-1	-1	-1	-1	6.66667	3.16327e-005	0.	0.	-9.16667	0.	0.	1.	0.	0.	0.	0.	0	
7.54935	55.5387	362	0	-1	-1	-1	-1	-1	6.5	3.16327e-005	0.	0.	-9.	0.	0.	1.	0.	0.	0.	36.	0	
7.5664	58.6601	363	0	-1	-1	-1	-1	-1	6.33333	3.16327e-005	0.	0.	-8.83333	0.	0.	1.	0.	0.	0.	36.	0	
7.58346	58.6065	364	0	-1	-1	-1	-1	-1	6.16667	3.16327e-005	0.	0.	-8.66667	0.	0.	1.	0.	0.	0.	36.	0	
7.60045	58.8599	365	0	-1	-1	-1	-1	-1	6.	3.16327e-005	0.	0.	-8.5	0.	0.	1.	0.	0.	0.	36.	0	
7.61746	58.7768	366	0	-1	-1	-1	-1	-1	5.83333	3.16327e-005	0.	0.	-8.33333	0.	0.	1.	0.	0.	0.	36.	0	
7.63446	58.8245	367	0	-1	-1	-1	-1	-1	5.66667	3.16327e-005	0.	0.	-8.16667	0.	0.	1.	0.	0.	0.	36.	0	
7.65254	55.3171	368	0	-1	-1	-1	-1	-1	5.5	3.16327e-005	0.	0.	-8.	0.	0.	1.	0.	0.	0.	36.	0	
7.67033	56.217	369	0	-1	-1	-1	-1	-1	5.33333	3.16327e-005	0.	0.	-7.83333	0.	0.	1.	0.	0.	0.	36.	0	
7.6873	58.9078	370	0	-1	-1	-1	-1	-1	5.	3.16327e-005	0.	0.	-7.5	0.	0.	1.	0.	0.	0.	36.	0	
7.70452	58.0686	371	0	-1	-1	-1	-1	-1	4.83333	3.16327e-005	0.	0.	-7.33333	0.	0.	1.	0.	0.	0.	36.	0	
7.72246	55.7676	372	0	-1	-1	-1	-1	-1	4.66667	3.16327e-005	0.	0.	-7.16667	0.	0.	1.	0.	0.	0.	36.	0	
7.73946	58.8183	373	0	-1	-1	-1	-1	-1	4.5	3.16327e-005	0.	0.	-7.	0.	0.	1.	0.	0.	0.	36.	0	
7.75705	56.8286	374	0	-1	-1	-1	-1	-1	4.33333	3.16327e-005	0.	0.	-6.83333	0.	0.	1.	0.	0.	0.	36.	0	
7.77511	55.3798	375	0	-1	-1	-1	-1	-1	4.16667	3.16327e-005	0.	0.	-6.66667	0.	0.	1.	0.	0.	0.	36.	0	
7.79319	55.3103	376	0	-1	-1	-1	-1	-1	4.	3.16327e-005	0.	0.	-6.5	0.	0.	1.	0.	0.	0.	36.	0	
7.81069	57.1322	377	0	-1	-1	-1	-1	-1	3.83333	3.16327e-005	0.	0.	-6.33333	0.	0.	1.	0.	0.	0.	36.	0	
7.82784	58.3068	378	0	-1	-1	-1	-1	-1	3.66667	3.16327e-005	0.	0.	-6.16667	0.	0.	1.	0.	0.	0.	36.	0	
7.84547	56.7368	379	0	-1	-1	-1	-1	-1	3.5	3.16327e-005	0.	0.	-6.	0.	0.	1.	0.	0.	0.	36.	0	
7.86349	55.4865	380	0	-1	-1	-1	-1	-1	3.33333	3.16327e-005	0.	0.	-5.83333	0.	0.	1.	0.	0.	0.	36.	0	
7.88152	55.4728	381	0	-1	-1	-1	-1	-1	3.16667	3.16327e-005	0.	0.	-5.66667	0.	0.	1.	0.	0.	0.	36.	0	
7.89907	56.9656	382	0	-1	-1	-1	-1	-1	3.	3.16327e-005	0.	0.	-5.5	0.	0.	1.	0.	0.	0.	36.	0	
7.91709	55.5057	383	0	-1	-1	-1	-1	-1	2.83333	3.16327e-005	0.	0.	-5.33333	0.	0.	1.	0.	0.	0.	36.	0	
7.93411	58.7614	384	0	-1	-1	-1	-1	-1	2.66667	3.16327e-005	0.	0.	-5.16667	0.	0.	1.	0.	0.	0.	36.	0	
7.95112	58.7737	385	0	-1	-1	-1	-1	-1	2.5	3.16327e-005	0.	0.	-5.	0.	0.	1.	0.	0.	0.	36.	0	
7.96799	59.2778	386	0	-1	-1	-1	-1	-1	2.33333	3.16327e-005	0.	0.	-4.83333	0.	0.	1.	0.	0.	0.	36.	0	
7.9855	57.1133	387	0	-1	1	1	-1	-1	2.16667	3.16327e-005	0.	0.	-4.66667	0.	0.	1.	0.	0.	0.	36.	0	
8.00346	55.6832	388	0	-1	1	1	-1	-1	1.83333	3.16327e-005	0.	0.	-4.33333	0.	0.	1.	0.	0.	0.	72.	0	
8.0215	55.4454	389	0	-1	1	1	-1	-1	1.5	3.16327e-005	0.	0.	-4.	0.	0.	1.	0.	0.	0.	72.	0	
8.03946	55.6736	390	0	-1	1	1	-1	-1	1.16667	3.16327e-005	0.	0.	-3.66667	0.	0.	1.	0.	0.	0.	72.	0	
8.0576	55.1216	391	0	-1	1	1	-1	-1	0.833333	3.16327e-005	0.	0.	-3.33333	0.	0.	1.	0.	0.	0.	72.	0	
8.07522	56.7353	392	0	-1	1	1	-1	-1	0.5	3.16327e-005	0.	0.	-3.	0.	0.	1.	0.	0.	0.	72.	0	
8.09331	55.2803	393	0	-1	1	1	-1	-1	0.166667	3.16327e-005	0.	0.	-2.66667	0.	0.	1.	0.	0.	0.	72.	0	
8.11085	57.0162	394	0	-1	2	2	-1	1	0.5	3.16327e-005	0.	0.	-2.	0.	0.	1.	0.	0.	0.	72.	0	
8.12821	57.6262	395	0	-1	2	2	-1	1	3.77266e-007	3.16327e-005	0.	0.	-1.66667	0.	0.	1.	0.	0.	0.	72.	0	
8.14589	56.5425	396	0	-1	2	2	-1	1	5.61297e-007	3.16327e-005	0.	0.	-1.33333	0.	0.	1.	0.	0.	0.	72.	0	
8.16394	55.4181	397	0	-1	2	2	-1	1	7.45329e-007	3.16327e-005	0.	0.	-1.	0.	0.	1.	0.	0.	0.	72.	0	
8.18256	53.6881	398	0	-1	2	2	-1	1	9.29361e-007	3.16327e-005	0.	0.	-0.666667	0.	0.	1.	0.	0.	0.	72.	0	
8.19967	58.4647	399	0	-1	3	3	-1	1	1.11339e-006	3.16327e-005	0.	0.	-0.333333	0.	0.	1.	0.	0.	0.	72.	0	
8.21705	57.5346	400	0	1	3	3	1	2	1.29742e-006	2.35732e-004	0.	0.	1.77636e-015	0.	0.	1.	0.	0.	0.	72.	0	
8.23408	58.7307	401	0	1	3	3	1	2	3.34847e-006	2.35732e-004	0.	0.	0.333333	0.	0.	1.	0.	0.	0.	72.	0	
8.25208	55.5263	402	0	1	3	3	1	2	4.71991e-006	2.35732e-004	0.	0.	0.666667	0.	0.	1.	0.	0.	0.	72.	0	
8.26978	56.507	403	0	1	3	3	1	2	6.09135e-006	2.35732e-004	0.	0.	1.	0.	0.	1.	0.	0.	0.	72.	0	
8.287	58.0852	404	0	1	3	3	1	2	7.46278e-006	2.35732e-004	0.	0.	1.33333	0.	0.	1.	0.	0.	0.	72.	0	
8.30498	55.5964	405	0	1	3	3	1	2	8.83422e-006	2.35732e-004	0.	0.	1.66667	0.	0.	1.	0.	0.	0.	72.	0	
8.32237	57.5258	406	0	1	4	4	1	3	1.02057e-005	6.35203e-004	0.	0.	2.	0.	0.	1.	0.	0.	0.	72.	0	
8.34003	56.6252	407	0	2	4	4	2	3	1.42266e-005	6.35203e-004	0.	0.	2.33333	0.	0.	1.	0.	0.	0.	72.	0	
8.35722	58.1784	408	0	2	4	4	2	3	1.79221e-005	6.35203e-004	0.	0.	2.66667	0.	0.	1.	0.	0.	0.	72.	0	
8.37448	57.9144	409	0	2	4	4	2	3	2.16175e-005	6.35203e-004	0.	0.	3.	0.	0.	1.	0.	0.	0.	72.	0	
8.39158	58.5012	410	0	2	4	4	2	3	2.5313e-005	6.35203e-004	0.	0.	3.33333	0.	0.	1.	0.	0.	0.	72.	0	
8.40871	58.3598	411	0	2	4	4	2	3	2.90084e-005	6.35203e-004	0.	0.	3.66667	0.	0.	1.	0.	0.	0.	72.	0	
8.42562	59.1591	412	0	2	5	5	2	3	3.27039e-005	6.35203e-004	0.	0.	4.	0.	0.	1.	0.	0.	0.	72.	0	
8.44293	57.7566	413	0	3	5	5	3	4	3.63994e-005	1.26003e-003	0.	0.	4.33333	0.	0.	1.	0.	0.	0.	72.	0	
8.46057	56.6895	414	0	3	5	5	3	4	4.64668e-005	1.26003e-003	0.	0.	4.66667	0.	0.	1.	0.	0.	0.	72.	0	
8.47764	58.5973	415	0	3	5	5	3	4	5.37973e-005	1.26003e-003	0.	0.	5.	0.	0.	1.	0.	0.	0.	72.	0	
8.49499	57.6203	416	0	3	5	5	3	4	6.11279e-005	1.26003e-003	0.	0.	5.33333	0.	0.	1.	0.	0.	0.	72.	0	
8.51292	55.7773	417	0	3	5	5	3	4	6.84584e-005	1.26003e-003	0.	0.	5.66667	0.	0.	1.	0.	0.	0.	72.	0	
8.53041	57.1627	418	0	3	6	6	3	4	7.57889e-005	1.26003e-003	0.	0.	6.	0.	0.	1.	0.	0.	0.	72.	0	
8.54725	59.3891	419	0	3	6	6	3	5	8.31195e-005	2.08243e-003	0.	0.	6.33333	0.	0.	1.	0.	0.	0.	72.	0	
8.56475	57.1482	420	0	4	6	6	4	5	9.71997e-005	2.08243e-003	0.	0.	6.66667	0.	0.	1.	0.	0.	0.	72.	0	
8.58232	56.9237	421	0	4	6	6	4	5	1.09315e-004	2.08243e-003	0.	0.	7.	0.	0.	1.	0.	0.	0.	72.	0	
8.59979	57.2312	422	0	4	6	6	4	5	1.2143e-004	2.08243e-003	0.	0.	7.33333	0.	0.	1.	0.	0.	0.	72.	0	
8.61767	55.9189	423	0	4	6	6	4	5	1.33545e-004	2.08243e-003	0.	0.	7.66667	0.	0.	1.	0.	0.	0.	72.	0	
8.63478	58.4662	424	0	4	6	6	4	5	1.4566e-004	2.08243e-003	0.	0.	8.	0.	0.	1.	0.	0.	0.	72.	0	
8.65246	56.5539	425	0	4	7	7	4	6	1.57775e-004	3.1328e-003	0.	0.	8.33333	0.	0.	1.	0.	0.	0.	72.	0	
8.67077	54.6123	426	0	5	7	7	5	6	1.76693e-004	3.1328e-003	0.	0.	8.66667	0.	0.	1.	0.	0.	0.	72.	0	
8.68812	57.6291	427	0	5	7	7	5	6	1.94919e-004	3.1328e-003	0.	0.	9.	0.	0.	1.	0.	0.	0.	72.	0	
8.70627	55.1054	428	0	5	7	7	5	6	2.13145e-004	3.1328e-003	0.	0.	9.33333	0.	0.	1.	0.	0.	0.	72.	0	
8.72332	58.654	429	0	5	7	7	5	6	2.31371e-004	3.1328e-003	0.	0.	9.66667	0.	0.	1.	0.	0.	0.	72.	0	
8.74139	55.3375	430	0	5	7	7	5	6	2.49597e-004	3.1328e-003	0.	0.	10.	0.	0.	1.	0.	0.	0.	72.	0	
8.75901	56.7425	431	0	5	8	8	5	6	2.67823e-004	3.1328e-003	0.	0.	10.3333	0.	0.	1.	0.	0.	0.	72.	0	
8.77616	58.3129	432	0	6	8	8	6	7	2.86049e-004	4.40274e-003	0.	0.	10.6667	0.	0.	1.	0.	0.	0.	72.	0	
8.79347	57.7759	433	0	6	8	8	6	7	3.05213e-004	4.40274e-003	0.	0.	10.8333	0.	0.	1.	0.	0.	0.	36.	0	
8.81153	55.3839	434	0	6	8	8	6	7	3.1802e-004	4.40274e-003	0.	0.	11.	0.	0.	1.	0.	0.	0.	36.	0	
8.82894	57.4082	435	0	6	8	8	6	7	3.30827e-004	4.40274e-003	0.	0.	11.1667	0.	0.	1.	0.	0.	0.	36.	0	
8.84613	58.195	436	0	6	8	8	6	7	3.43634e-004	4.40274e-003	0.	0.	11.3333	0.	0.	1.	0.	0.	0.	36.	0	
8.86443	54.6415	437	0	6	8	8	6	7	3.56441e-004	4.40274e-003	0.	0.	11.5	0.	0.	1.	0.	0.	0.	36.	0	
8.88255	55.1785	438	0	6	8	8	6	7	3.69248e-004	4.40274e-003	0.	0.	11.6667	0.	0.	1.	0.	0.	0.	36.	0	
8.90018	56.7239	439	0	6	8	8	6	7	3.94862e-004	4.40274e-003	0.	0.	12.	0.	0.	1.	0.	0.	0.	36.	0	
8.91831	55.1717	440	0	6	9	9	6	7	4.07669e-004	4.40274e-003	0.	0.	12.1667	0.	0.	1.	0.	0.	0.	36.	0	
8.9359	56.8545	441	0	6	9	9	6	7	4.20476e-004	4.40274e-003	0.	0.	12.3333	0.	0.	1.	0.	0.	0.	36.	0	
8.95301	58.4282	442	0	6	9	9	6	8	4.33283e-004	5.89687e-003	0.	0.	12.5	0.	0.	1.	0.	0.	0.	36.	0	
8.97109	55.3035	443	0	6	9	9	6	8	4.51757e-004	5.89687e-003	0.	0.	12.6667	0.	0.	1.	0.	0.	0.	36.	0	
8.98858	57.1787	444	0	7	9	9	7	8	4.6891e-004	5.89687e-003	0.	0.	12.8333	0.	0.	1.	0.	0.	0.	36.	0	
9.00676	54.9974	445	0	7	9	9	7	8	4.86064e-004	5.89687e-003	0.	0.	13.	0.	0.	1.	0.	0.	0.	36.	0	
9.02427	57.1395	446	0	7	9	9	7	8	5.03217e-004	5.89687e-003	0.	0.	13.1667	0.	0.	1.	0.	0.	0.	36.	0	
9.04179	57.048	447	0	7	9	9	7	8	5.2037e-004	5.89687e-003	0.	0.	13.3333	0.	0.	1.	0.	0.	0.	36.	0	
9.05992	55.1663	448	0	7	9	9	7	8	5.37524e-004	5.89687e-003	0.	0.	13.5	0.	0.	1.	0.	0.	0.	36.	0	
9.07765	56.4105	449	0	7	9	9	7	8	5.54677e-004	5.89687e-003	0.	0.	13.6667	0.	0.	1.	0.	0.	0.	36.	0	
9.09462	58.9171	450	0	7	9	9	7	8	5.7183e-004	5.89687e-003	0.	0.	13.8333	0.	0.	1.	0.	0.	0.	36.	0	
9.11374	52.3151	451	0	7	9	9	7	8	5.88984e-004	5.89687e-003	0.	0.	14.	0.	0.	1.	0.	0.	0.	36.	0	
9.13302	51.8597	452	0	7	9	9	7	8	6.06137e-004	5.89687e-003	0.	0.	14.1667	0.	0.	1.	0.	0.	0.	36.	0	
9.15025	58.0416	453	0	7	10	10	7	8	6.2329e-004	5.89687e-003	0.	0.	14.3333	0.	0.	1.	0.	0.	0.	36.	0	
9.16832	55.3225	454	0	7	10	10	7	8	6.40444e-004	5.89687e-003	0.	0.	14.5	0.	0.	1.	0.	0.	0.	36.	0	
9.18636	55.4578	455	0	7	10	10	7	9	6.57597e-004	7.6266e-003	0.	0.	14.6667	0.	0.	1.	0.	0.	0.	36.	0	
9.20375	57.5008	456	0	8	10	10	8	9	6.84688e-004	7.6266e-003	0.	0.	14.8333	0.	0.	1.	0.	0.	0.	36.	0	
9.2215	56.3185	457	0	8	10	10	8	9	7.06873e-004	7.6266e-003	0.	0.	15.	0.	0.	1.	0.	0.	0.	36.	0	
9.23963	55.1771	458	0	8	10	10	8	9	7.29058e-004	7.6266e-003	0.	0.	15.1667	0.	0.	1.	0.	0.	0.	36.	0	
9.25784	54.898	459	0	8	10	10	8	9	7.51243e-004	7.6266e-003	0.	0.	15.3333	0.	0.	1.	0.	0.	0.	36.	0	
9.27555	56.4572	460	0	8	10	10	8	9	7.73428e-004	7.6266e-003	0.	0.	15.5	0.	0.	1.	0.	0.	0.	36.	0	
9.29373	55.0176	461	0	8	10	10	8	9	7.95613e-004	7.6266e-003	0.	0.	15.6667	0.	0.	1.	0.	0.	0.	36.	0	
9.31181	55.3076	462	0	8	10	10	8	9	8.17798e-004	7.6266e-003	0.	0.	15.8333	0.	0.	1.	0.	0.	0.	36.	0	
9.32982	55.5373	463	0	8	10	10	8	9	8.39982e-004	7.6266e-003	0.	0.	16.	0.	0.	1.	0.	0.	0.	36.	0	
9.34728	57.275	464	0	8	10	10	8	9	8.62167e-004	7.6266e-003	0.	0.	16.1667	0.	0.	1.	0.	0.	0.	36.	0	
9.36521	55.7731	465	0	8	11	11	8	9	8.84352e-004	7.6266e-003	0.	0.	16.3333	0.	0.	1.	0.	0.	0.	36.	0	
9.38356	54.4944	466	0	8	11	11	8	9	9.06537e-004	7.6266e-003	0.	0.	16.5	0.	0.	1.	0.	0.	0.	36.	0	
9.40068	58.3947	467	0	8	11	11	8	9	9.06537e-004	7.6266e-003	0.	0.	16.5	0.	0.	1.	0.	0.	0.	0.	0	
9.4178	58.4236	468	0	8	11	11	8	9	9.06537e-004	7.6266e-003	0.	0.	16.5	0.	0.	1.	0.	0.	0.	0.	0	
9.43551	56.4743	469	0	8	11	11	8	9	9.06537e-004	7.6266e-003	0.	0.	16.5	0.	0.	1.	0.	0.	0.	0.	0	
9.45274	58.0326	470	0	8	11	11	8	9	9.06537e-004	7.6266e-003	0.	0.	16.5	0.	0.	1.	0.	0.	0.	0.	0	
9.47025	57.1133	471	0	8	11	11	8	9	9.06537e-004	7.6266e-003	0.	0.	16.5	0.	0.	1.	0.	0.	0.	0.	0	
9.48728	58.6984	472	0	8	11	11	8	9	9.06537e-004	7.6266e-003	0.	0.	16.5	0.	0.	1.	0.	0.	0.	0.	0	
9.5056	54.6043	473	0	8	11	11	8	9	9.06537e-004	7.6266e-003	0.	0.	16.5	0.	0.	1.	0.	0.	0.	0.	0	
9.52321	56.7726	474	0	8	11	11	8	9	9.06537e-004	7.6266e-003	0.	0.	16.5	0.	0.	1.	0.	0.	0.	0.	0	
9.5403	58.5103	475	0	8	11	11	8	9	9.06537e-004	7.6266e-003	0.	0.	16.5	0.	0.	1.	0.	0.	0.	0.	0	
9.55758	57.8786	476	0	8	11	11	8	9	9.06537e-004	7.6266e-003	0.	0.	16.5	0.	0.	1.	0.	0.	0.	0.	0	
9.5751	57.0886	477	0	8	11	11	8	9	9.06537e-004	7.6266e-003	0.	0.	16.5	0.	0.	1.	0.	0.	0.	0.	0	
9.59211	58.7645	478	0	8	11	11	8	9	9.06537e-004	7.6266e-003	0.	0.	16.5	0.	0.	1.	0.	0.	0.	0.	0	
9.60937	57.9563	479	0	8	11	11	8	9	9.06537e-004	7.6266e-003	0.	0.	16.5	0.	0.	1.	0.	0.	0.	0.	0	
9.6266	58.0356	480	0	8	11	11	8	9	9.06537e-004	7.6266e-003	0.	0.	16.5	0.	0.	1.	0.	0.	0.	0.	0	
9.64476	55.0648	481	0	8	11	11	8	9	9.06537e-004	7.6266e-003	0.	0.	16.5	0.	0.	1.	0.	0.	0.	0.	0	
9.66247	56.4501	482	0	8	11	11	8	9	9.06537e-004	7.6266e-003	0.	0.	16.5	0.	0.	1.	0.	0.	0.	0.	0	
9.68051	55.4386	483	0	8	11	11	8	9	9.06537e-004	7.6266e-003	0.	0.	16.5	0.	0.	1.	0.	0.	0.	0.	0	
9.69769	58.2176	484	0	8	11	11	8	9	9.06537e-004	7.6266e-003	0.	0.	16.5	0.	0.	1.	0.	0.	0.	0.	0	
9.71585	55.0446	485	0	8	11	11	8	9	9.06537e-004	7.6266e-003	0.	0.	16.5	0.	0.	1.	0.	0.	0.	0.	0	
9.73304	58.186	486	0	8	11	11	8	9	9.06537e-004	7.6266e-003	0.	0.	16.5	0.	0.	1.	0.	0.	0.	0.	0	
9.75133	54.6881	487	0	8	11	11	8	9	9.06537e-004	7.6266e-003	0.	0.	16.5	0.	0.	1.	0.	0.	0.	0.	0	
9.7694	55.3375	488	0	8	11	11	8	9	9.06537e-004	7.6266e-003	0.	0.	16.5	0.	0.	1.	0.	0.	0.	0.	0	
9.78659	58.1709	489	0	8	11	11	8	9	9.06537e-004	7.6266e-003	0.	0.	16.5	0.	0.	1.	0.	0.	0.	0.	0	
9.80401	57.3862	490	0	8	11	11	8	9	9.06537e-004	7.6266e-003	0.	0.	16.5	0.	0.	1.	0.	0.	0.	0.	0	
9.82179	56.255	491	0	8	11	11	8	9	9.06537e-004	7.6266e-003	0.	0.	16.5	0.	0.	1.	0.	0.	0.	0.	0	
9.83885	58.6096	492	0	8	11	11	8	9	9.06537e-004	7.6266e-003	0.	0.	16.5	0.	0.	1.	0.	0.	0.	0.	0	
9.85681	55.7012	493	0	8	11	11	8	9	9.06537e-004	7.6266e-003	0.	0.	16.5	0.	0.	1.	0.	0.	0.	0.	0	
9.87446	56.6309	494	0	8	11	11	8	9	9.06537e-004	7.6266e-003	0.	0.	16.5	0.	0.	1.	0.	0.	0.	0.	0	
9.89182	57.6055	495	0	8	11	11	8	9	9.06537e-004	7.6266e-003	0.	0.	16.5	0.	0.	1.	0.	0.	0.	0.	0	
9.90889	58.6035	496	0	8	11	11	8	9	9.06537e-004	7.6266e-003	0.	0.	16.5	0.	0.	1.	0.	0.	0.	0.	0	
9.92697	55.3076	497	0	8	11	11	8	9	9.06537e-004	7.6266e-003	0.	0.	16.5	0.	0.	1.	0.	0.	0.	0.	0	
9.94508	55.2232	498	0	8	11	11	8	9	9.06537e-004	7.6266e-003	0.	0.	16.5	0.	0.	1.	0.	0.	0.	0.	0	
9.96284	56.3058	499	0	8	11	11	8	9	9.06537e-004	7.6266e-003	0.	0.	16.5	0.	0.	1.	0.	0.	0.	0.	0	
9.98108	54.8243	500	0	8	11	11	8	10	9.28722e-004	9.59011e-003	0.	0.	16.6667	0.	0.	1.	0.	0.	0.	36.	0	
9.99845	57.5671	501	0	8	11	11	8	10	9.60813e-004	9.59011e-003	0.	0.	16.8333	0.	0.	1.	0.	0.	0.	36.	0	
10.0159	57.3481	502	0	9	11	11	9	10	9.8871e-004	9.59011e-003	0.	0.	17.	0.	0.	1.	0.	0.	0.	36.	0	
10.0329	58.7061	503	0	9	11	11	9	10	1.01661e-003	9.59011e-003	0.	0.	17.1667	0.	0.	1.	0.	0.	0.	36.	0	
10.0505	56.8992	504	0	9	11	11	9	10	1.0445e-003	9.59011e-003	0.	0.	17.3333	0.	0.	1.	0.	0.	0.	36.	0	
10.0688	54.6375	505	0	9	11	11	9	10	1.0724e-003	9.59011e-003	0.	0.	17.5	0.	0.	1.	0.	0.	0.	36.	0	
10.0861	57.9353	506	0	9	11	11	9	10	1.1003e-003	9.59011e-003	0.	0.	17.6667	0.	0.	1.	0.	0.	0.	36.	0	
10.1036	57.0741	507	0	9	11	11	9	10	1.12819e-003	9.59011e-003	0.	0.	17.8333	0.	0.	1.	0.	0.	0.	36.	0	
10.1211	57.1104	508	0	9	11	11	9	10	1.15609e-003	9.59011e-003	0.	0.	18.	0.	0.	1.	0.	0.	0.	36.	0	
10.1384	57.7373	509	0	9	11	11	9	10	1.18399e-003	9.59011e-003	0.	0.	18.1667	0.	0.	1.	0.	0.	0.	36.	0	
10.1562	56.1243	510	0	9	12	12	9	10	1.21188e-003	9.59011e-003	0.	0.	18.3333	0.	0.	1.	0.	0.	0.	36.	0	
10.1743	55.3266	511	0	9	12	12	9	10	1.23978e-003	9.59011e-003	0.	0.	18.5	0.	0.	1.	0.	0.	0.	36.	0	
10.192	56.6509	512	0	9	12	12	9	11	1.26768e-003	1.18059e-002	0.	0.	18.6667	0.	0.	1.	0.	0.	0.	36.	0	
10.209	58.7	513	0	9	12	12	9	11	1.30576e-003	1.18059e-002	0.	0.	18.8333	0.	0.	1.	0.	0.	0.	36.	0	
10.2262	58.1498	514	0	10	12	12	10	11	1.34011e-003	1.18059e-002	0.	0.	19.	0.	0.	1.	0.	0.	0.	36.	0	
10.2431	59.0161	515	0	10	12	12	10	11	1.37445e-003	1.18059e-002	0.	0.	19.1667	0.	0.	1.	0.	0.	0.	36.	0	
10.2603	58.0987	516	0	10	12	12	10	11	1.40879e-003	1.18059e-002	0.	0.	19.3333	0.	0.	1.	0.	0.	0.	36.	0	
10.2785	55.0001	517	0	10	12	12	10	11	1.44313e-003	1.18059e-002	0.	0.	19.5	0.	0.	1.	0.	0.	0.	36.	0	
10.2964	55.8383	518	0	10	12	12	10	11	1.47747e-003	1.18059e-002	0.	0.	19.6667	0.	0.	1.	0.	0.	0.	36.	0	
10.314	56.9035	519	0	10	12	12	10	11	1.51182e-003	1.18059e-002	0.	0.	19.8333	0.	0.	1.	0.	0.	0.	36.	0	
10.3326	53.8193	520	0	10	12	12	10	11	1.54616e-003	1.18059e-002	0.	0.	20.	0.	0.	1.	0.	0.	0.	36.	0	
10.3498	57.9802	521	0	10	12	12	10	11	1.5805e-003	1.18059e-002	0.	0.	20.1667	0.	0.	1.	0.	0.	0.	36.	0	
10.3676	56.4232	522	0	10	13	13	10	11	1.61484e-003	1.18059e-002	0.	0.	20.3333	0.	0.	1.	0.	0.	0.	36.	0	
10.3851	57.0857	523	0	10	13	13	10	11	1.64918e-003	1.18059e-002	0.	0.	20.5	0.	0.	1.	0.	0.	0.	36.	0	
10.4021	58.7875	524	0	10	13	13	10	12	1.68353e-003	1.42588e-002	0.	0.	20.6667	0.	0.	1.	0.	0.	0.	36.	0	
10.4201	55.595	525	0	10	13	13	10	12	1.72868e-003	1.42588e-002	0.	0.	20.8333	0.	0.	1.	0.	0.	0.	36.	0	
10.4381	55.5085	526	0	11	13	13	11	12	1.77016e-003	1.42588e-002	0.	0.	21.	0.	0.	1.	0.	0.	0.	36.	0	
10.4558	56.5753	527	0	11	13	13	11	12	1.81163e-003	1.42588e-002	0.	0.	21.1667	0.	0.	1.	0.	0.	0.	36.	0	
10.4732	57.2735	528	0	11	13	13	11	12	1.89459e-003	1.42588e-002	0.	0.	21.5	0.	0.	1.	0.	0.	0.	72.	0	
10.4909	56.6766	529	0	11	13	13	11	12	1.97754e-003	1.42588e-002	0.	0.	21.8333	0.	0.	1.	0.	0.	0.	72.	0	
10.5077	59.5449	530	0	11	14	14	11	12	2.10197e-003	1.42588e-002	0.	0.	22.3333	0.	0.	1.	0.	0.	0.	108.	0	
10.5249	58.1152	531	0	11	14	14	11	13	2.2264e-003	1.69674e-002	0.	0.	22.8333	0.	0.	1.	0.	0.	0.	108.	0	
10.543	55.1202	532	0	12	14	14	12	13	2.43593e-003	1.69674e-002	0.	0.	23.5	0.	0.	1.	0.	0.	0.	144.	0	
10.5609	55.983	533	0	12	14	14	12	13	2.63336e-003	1.69674e-002	0.	0.	24.1667	0.	0.	1.	0.	0.	0.	144.	0	
10.5792	54.4547	534	0	13	15	15	13	14	2.88014e-003	1.99371e-002	0.	0.	25.	0.	0.	1.	0.	0.	0.	180.	0	
10.5963	58.4829	535	0	13	15	15	13	14	3.19294e-003	1.99371e-002	0.	0.	25.8333	0.	0.	1.	0.	0.	0.	180.	0	
10.6137	57.4508	536	0	13	16	16	13	15	3.3012e-003	1.9889e-002	0.	1.81701e-004	26.6666	0.	5.70791e-005	1.	0.	0.196224	3.27039e-003	180.	0	
10.6313	56.8718	537	0	14	16	16	14	15	3.41926e-003	1.66667e-002	0.	4.08295e-004	27.4999	0.	1.1332e-004	1.	0.	0.193341	6.49274e-003	180.	0	
10.649	56.5368	538	0	14	17	17	14	15	3.66167e-003	1.66667e-002	0.	5.02728e-004	28.3332	0.	1.1332e-004	1.	0.	0.	6.49274e-003	180.	0	
10.667	55.503	539	0	15	17	17	15	16	3.90407e-003	2.01749e-002	0.	5.97161e-004	29.1666	0.	1.1332e-004	1.	0.	0.	6.49274e-003	180.	0	
10.685	55.6819	540	0	15	18	17	15	16	4.23139e-003	2.00292e-002	0.	6.99692e-004	29.9999	0.	1.15864e-004	1.	0.	8.74563e-003	6.6385e-003	180.	0	
10.7017	59.7556	541	0	16	18	18	15	17	4.33587e-003	2.04243e-002	0.	9.83056e-004	30.8332	0.	1.7455e-004	1.	0.	0.201749	1.0001e-002	180.	0	
10.7188	58.3902	542	0	16	18	18	16	17	4.64036e-003	2.00707e-002	0.	1.14816e-003	31.6665	0.	1.80722e-004	1.	0.	2.12173e-002	1.03546e-002	180.	0	
10.7361	57.9294	543	0	16	19	19	16	18	4.74314e-003	2.07217e-002	0.	1.48788e-003	32.4998	0.	2.40134e-004	1.	0.	0.204243	1.37587e-002	180.	0	
10.7534	57.9907	544	0	17	19	19	17	18	5.02203e-003	2.01203e-002	0.	1.7214e-003	33.3331	0.	2.50631e-004	1.	0.	3.60847e-002	1.43601e-002	180.	0	
10.7714	55.3553	545	0	17	20	20	17	18	5.12277e-003	1.66667e-002	0.	2.12213e-003	34.1664	0.	3.10908e-004	1.	0.	0.207217	1.78137e-002	180.	0	
10.7885	58.4023	546	0	18	20	20	18	19	5.36517e-003	2.1011e-002	0.	2.38122e-003	34.9997	0.	3.10908e-004	1.	0.	0.	1.78137e-002	180.	0	
10.8059	57.5199	547	0	18	21	21	18	19	5.48572e-003	1.66667e-002	0.	2.88166e-003	35.833	0.	3.86731e-004	1.	0.	0.260661	2.2158e-002	180.	0	
10.823	58.4768	548	0	19	21	21	19	20	5.72813e-003	2.12915e-002	0.	3.20393e-003	36.6663	0.	3.86731e-004	1.	0.	0.	2.2158e-002	180.	0	
10.8404	57.6365	549	0	19	21	21	19	20	5.8222e-003	1.66667e-002	0.	3.78313e-003	37.4996	0.	4.67449e-004	1.	0.	0.27749	2.67829e-002	180.	0	
10.8574	58.7107	550	0	19	22	22	19	21	6.0646e-003	2.15857e-002	0.	4.17267e-003	38.3329	0.	4.67449e-004	1.	0.	0.	2.67829e-002	180.	0	
10.8745	58.5912	551	0	20	22	22	20	21	6.13064e-003	1.66667e-002	0.	4.83548e-003	39.1662	0.	5.53302e-004	1.	0.	0.29514	3.17019e-002	180.	0	
10.893	53.9499	552	0	20	23	23	20	22	6.37305e-003	2.18999e-002	0.	5.29656e-003	39.9995	0.	5.53302e-004	1.	0.	0.	3.17019e-002	180.	0	
10.9104	57.4082	553	0	21	23	23	21	22	6.40929e-003	1.66667e-002	0.	6.04836e-003	40.8328	0.	6.4464e-004	1.	0.	0.313996	3.69351e-002	180.	0	
10.9277	57.9787	554	0	21	24	24	21	22	6.6517e-003	1.66667e-002	0.	6.58556e-003	41.6661	0.	6.4464e-004	1.	0.	0.	3.69351e-002	180.	0	
10.945	57.6809	555	0	22	24	24	22	23	6.89411e-003	2.22137e-002	0.	7.12276e-003	42.4995	0.	6.4464e-004	1.	0.	0.	3.69351e-002	180.	0	
10.9624	57.439	556	0	22	25	25	22	23	6.98037e-003	1.66667e-002	0.	7.96809e-003	43.3327	0.	7.41455e-004	1.	0.	0.332825	4.24822e-002	180.	0	
10.9795	58.7138	557	0	23	25	25	23	24	7.22278e-003	2.25112e-002	0.	8.58597e-003	44.166	0.	7.41455e-004	1.	0.	0.	4.24822e-002	180.	0	
10.9972	56.4629	558	0	23	26	26	23	24	7.2828e-003	1.66667e-002	0.	9.52851e-003	44.9993	0.	8.43462e-004	1.	0.	0.350675	4.83268e-002	180.	0	
11.0153	55.2395	559	0	23	26	26	23	25	7.5252e-003	2.28531e-002	0.	1.02314e-002	45.8326	0.	8.43462e-004	1.	0.	0.	4.83268e-002	180.	0	
11.0333	55.4756	560	0	24	26	26	24	25	7.55711e-003	1.66667e-002	0.	1.12779e-002	46.6659	0.	9.51435e-004	1.	0.	0.371185	5.45132e-002	180.	0	
11.0514	55.3594	561	0	24	27	27	24	26	7.79952e-003	2.31634e-002	0.	1.20708e-002	47.4992	0.	9.51435e-004	1.	0.	0.	5.45132e-002	180.	0	
11.0695	55.0838	562	0	25	27	27	25	26	7.80408e-003	1.66667e-002	0.	1.32245e-002	48.3324	0.	1.06482e-003	0.999999	0.	0.389806	6.101e-002	180.	0	
11.0866	58.6019	563	0	25	28	28	25	27	8.04649e-003	2.35259e-002	0.	1.41118e-002	49.1658	0.	1.06482e-003	0.999999	0.	0.	6.101e-002	180.	0	
11.1047	55.1595	564	0	26	28	28	26	27	8.02169e-003	1.66667e-002	0.	1.53802e-002	49.999	0.	1.18454e-003	0.999999	0.	0.411554	6.78692e-002	180.	0	
11.1224	56.5482	565	0	26	29	29	26	27	8.2641e-003	1.66667e-002	0.	1.63673e-002	50.8323	0.	1.18454e-003	0.999999	0.	0.	6.78692e-002	180.	0	
11.1394	58.8291	566	0	27	29	29	27	28	8.5065e-003	2.38354e-002	0.	1.73544e-002	51.6657	0.	1.18454e-003	0.999999	0.	0.	6.78692e-002	180.	0	
11.1565	58.4312	567	0	27	30	30	27	28	8.77951e-003	2.06392e-002	0.	1.85191e-002	52.4989	0.	1.24032e-003	0.999999	0.	0.191768	7.10654e-002	180.	0	
11.1745	55.5827	568	0	28	30	30	28	29	8.85897e-003	2.42201e-002	0.	1.97733e-002	53.3322	0.	1.30966e-003	0.999999	0.	0.238354	7.50379e-002	180.	0	
11.1926	55.3894	569	0	28	31	31	28	29	8.88685e-003	1.66667e-002	0.	2.12842e-002	54.1654	0.	1.44149e-003	0.999999	0.	0.453209	8.25914e-002	180.	0	
11.2096	58.55	570	0	29	31	31	29	30	9.12926e-003	2.45575e-002	0.	2.24854e-002	54.9988	0.	1.44149e-003	0.999999	0.	0.	8.25914e-002	180.	0	
11.2277	55.3375	571	0	29	32	32	29	30	9.13459e-003	1.66667e-002	0.	2.41249e-002	55.832	0.	1.57921e-003	0.999999	0.	0.473448	9.04822e-002	180.	0	
11.2457	55.4277	572	0	29	32	32	29	31	9.377e-003	2.49181e-002	0.	2.54409e-002	56.6653	0.	1.57921e-003	0.999999	0.	0.	9.04822e-002	180.	0	
11.2632	57.1744	573	0	30	33	33	30	31	9.35984e-003	1.66667e-002	0.	2.72152e-002	57.4985	0.	1.72323e-003	0.999999	0.	0.495086	9.87336e-002	180.	0	
11.2803	58.5378	574	0	30	33	33	30	32	9.60225e-003	2.53025e-002	0.	2.86512e-002	58.3319	0.	1.72323e-003	0.999999	0.	0.	9.87336e-002	180.	0	
11.2979	56.8689	575	0	31	34	34	31	32	9.56278e-003	1.66667e-002	0.	3.05668e-002	59.1651	0.	1.87395e-003	0.999998	0.	0.518152	0.107369	180.	0	
11.3154	57.1307	576	0	31	34	34	31	33	9.80519e-003	2.56782e-002	0.	3.21284e-002	59.9984	0.	1.87395e-003	0.999998	0.	0.	0.107369	180.	0	
11.3336	55.0136	577	0	32	35	35	32	33	9.74487e-003	1.66667e-002	0.	3.41905e-002	60.8316	0.	2.03123e-003	0.999998	0.	0.540693	0.116381	180.	0	
11.3516	55.4852	578	0	32	35	35	32	34	9.98727e-003	2.60695e-002	0.	3.58832e-002	61.6649	0.	2.03123e-003	0.999998	0.	0.	0.116381	180.	0	
11.3692	56.7511	579	0	33	36	36	33	34	9.907e-003	1.66667e-002	0.	3.8098e-002	62.4981	0.	2.19534e-003	0.999998	0.	0.564167	0.125784	180.	0	
11.3873	55.4824	580	0	33	36	36	33	35	1.01494e-002	2.64522e-002	0.	3.99274e-002	63.3314	0.	2.19534e-003	0.999998	0.	0.	0.125784	180.	0	
11.4042	58.8599	581	0	34	37	37	34	35	1.00511e-002	1.66667e-002	0.	4.23002e-002	64.1646	0.	2.36613e-003	0.999997	0.	0.587132	0.135569	180.	0	
11.4236	51.6855	582	0	34	37	37	34	36	1.02935e-002	2.68608e-002	0.	4.4272e-002	64.998	0.	2.36613e-003	0.999997	0.	0.	0.135569	180.	0	
11.443	51.4204	583	0	35	38	38	35	36	1.01782e-002	1.66667e-002	0.	4.68098e-002	65.8311	0.	2.54405e-003	0.999997	0.	0.611649	0.145764	180.	0	
11.4613	54.8323	584	0	35	38	38	35	37	1.04206e-002	2.72839e-002	0.	4.89298e-002	66.6645	0.	2.54405e-003	0.999997	0.	0.	0.145764	180.	0	
11.4788	57.1904	585	0	36	39	39	36	37	1.05427e-002	2.1214e-002	0.	5.13869e-002	67.4977	0.	2.64999e-003	0.999996	0.	0.364194	0.151833	180.	0	
11.4956	59.4284	586	0	36	39	39	36	38	9.91394e-003	1.53609e-002	0.	5.45317e-002	68.3308	0.	2.9444e-003	0.999996	0.	1.01213	0.168702	180.	0	
11.5131	56.9583	587	0	37	40	40	37	38	1.02041e-002	1.53609e-002	0.	5.69854e-002	69.1641	0.	2.9444e-003	0.999996	0.	0.	0.168702	180.	0	
11.5309	56.2917	588	0	37	40	40	37	39	9.46129e-003	9.44492e-003	0.	6.04044e-002	69.9972	0.	3.24792e-003	0.999995	0.	1.04341	0.186092	180.	0	
11.5489	55.7136	589	0	38	41	41	38	39	9.67274e-003	9.44492e-003	0.	6.3111e-002	70.8305	0.	3.24792e-003	0.999995	0.	0.	0.186092	180.	0	
11.5672	54.6575	590	0	38	41	41	38	40	8.83339e-003	3.7544e-003	0.	6.67935e-002	71.6636	0.	3.55474e-003	0.999994	0.	1.05478	0.203672	180.	0	
11.5851	55.6253	591	0	39	42	42	39	40	8.9721e-003	3.7544e-003	0.	6.97557e-002	72.4969	0.	3.55474e-003	0.999994	0.	0.	0.203672	180.	0	
11.6022	58.7475	592	0	39	42	42	39	41	8.03929e-003	-1.693e-003	0.	7.37045e-002	73.33	0.	3.86493e-003	0.999993	0.	1.06636	0.221445	180.	0	
11.6203	55.0919	593	0	40	43	43	40	41	8.11219e-003	-1.693e-003	0.	7.69253e-002	74.1633	0.	3.86493e-003	0.999993	0.	0.	0.221445	180.	0	
11.6373	58.843	594	0	40	43	43	40	42	7.06931e-003	-7.21345e-003	0.	8.11632e-002	74.9963	0.	4.18481e-003	0.999991	0.	1.09968	0.239773	180.	0	
11.6554	55.1338	595	0	41	44	44	41	42	6.04993e-003	-2.57419e-002	0.	8.56788e-002	75.8294	0.	4.50819e-003	0.99999	0.	1.11171	0.258301	180.	0	
11.6722	59.624	596	0	41	44	44	41	43	5.94141e-003	-7.70601e-003	0.	8.91695e-002	76.6626	0.	4.42468e-003	0.99999	0.	-0.287097	0.253516	180.	0	
11.6903	55.3021	597	0	42	45	45	42	43	4.89832e-003	-2.69078e-002	0.	9.39222e-002	77.4957	0.	4.75981e-003	0.999989	0.	1.15211	0.272718	180.	0	
11.7085	55.0176	598	0	42	45	45	42	44	4.82683e-003	-7.41499e-003	0.	9.75685e-002	78.3289	0.	4.65934e-003	0.999989	0.	-0.345389	0.266962	180.	0	
11.7256	58.4723	599	0	43	46	46	43	44	3.79569e-003	-2.69359e-002	0.	0.102534	79.1619	0.	5.00004e-003	0.999987	0.	1.17126	0.286482	180.	0	
11.7433	56.3242	600	0	44	47	46	43	45	3.72509e-003	-6.94027e-003	0.	0.10638	79.9952	0.	4.89916e-003	0.999988	0.	-0.346797	0.280703	180.	0	
11.7603	58.8707	601	0	44	47	47	44	46	2.71249e-003	-1.20942e-002	0.	0.111564	80.8282	0.	5.24559e-003	0.999986	0.	1.19095	0.300552	180.	0	
11.7784	55.3607	602	0	45	48	48	45	46	1.60105e-003	-2.91509e-002	0.	0.116881	81.6613	0.	5.54328e-003	0.999985	0.	1.0234	0.317608	180.	0	
11.7965	55.2409	603	0	45	48	48	45	47	5.89329e-005	-3.40593e-002	0.	0.122617	82.4943	0.	5.89459e-003	0.999983	0.	1.20772	0.337737	180.	0	
11.8146	55.2056	604	0	46	49	49	46	47	1.35298e-003	-5.13673e-002	0.	0.128489	83.3273	0.	6.19667e-003	0.999981	0.	1.03848	0.355045	180.	0	
11.8325	55.805	605	0	46	49	49	46	48	1.71823e-004	-9.28881e-004	0.	0.131722	84.1602	0.	5.59104e-003	0.999984	0.	-2.08204	0.320344	180.	0	
11.8495	58.723	606	0	47	50	50	47	48	1.09155e-003	-1.87386e-002	0.	0.137369	84.9932	0.	5.90187e-003	0.999983	0.	1.06859	0.338154	180.	0	
11.8677	55.1446	607	0	47	50	50	47	49	2.55369e-003	-2.39257e-002	0.	0.143476	85.8262	0.	6.27561e-003	0.99998	0.	1.28484	0.359568	180.	0	
11.8852	57.2006	608	0	48	51	51	48	49	3.97687e-003	-4.55719e-002	0.	0.149906	86.6592	0.	6.6534e-003	0.999978	0.	1.29877	0.381214	180.	0	
11.9031	55.7717	609	0	48	52	51	48	50	3.45552e-003	-7.47451e-003	0.	0.154264	87.4922	0.	6.28148e-003	0.99998	0.	-1.27859	0.359905	180.	0	
11.9201	58.7598	610	0	49	52	52	49	50	4.62802e-003	-2.98276e-002	0.	0.160739	88.3252	0.	6.6716e-003	0.999978	0.	1.34118	0.382258	180.	0	
11.9369	59.4299	611	0	49	53	53	49	51	6.09434e-003	-3.10981e-002	0.	0.167329	89.1582	0.	6.996e-003	0.999976	0.	1.11522	0.400845	180.	0	
11.9546	56.6824	612	0	50	53	53	50	52	7.56844e-003	-3.58447e-002	0.	0.174414	89.9912	0.	7.39091e-003	0.999973	0.	1.35763	0.423472	180.	0	
11.9721	57.1642	613	0	51	54	54	51	52	9.13044e-003	-5.52928e-002	0.	0.181651	90.8242	0.	7.73033e-003	0.99997	0.	1.16689	0.44292	180.	0	
11.9901	55.5071	614	0	51	54	54	51	53	7.78822e-003	1.76183e-003	0.	0.185943	91.6569	0.	7.0562e-003	0.999975	0.	-2.31757	0.404294	180.	0	
12.0076	57.0234	615	0	52	55	55	52	53	8.77631e-003	-1.83415e-002	0.	0.192938	92.4899	0.	7.40706e-003	0.999973	0.	1.2062	0.424397	180.	0	
12.025	57.6824	616	0	52	56	55	52	54	1.03822e-002	-2.33936e-002	0.	0.200447	93.3229	0.	7.82779e-003	0.999969	0.	1.4464	0.448504	180.	0	
12.042	58.6815	617	0	53	56	56	53	54	1.16754e-002	-4.36987e-002	0.	0.208096	94.1559	0.	8.18217e-003	0.999967	0.	1.2183	0.468809	180.	0	
12.06	55.4058	618	0	53	57	57	53	55	1.08088e-002	2.92384e-003	0.	0.213409	94.9888	0.	7.71038e-003	0.99997	0.	-1.62192	0.441777	180.	0	
12.0776	57.0872	619	0	54	57	57	54	56	1.16881e-002	1.96688e-003	0.	0.221008	95.8218	0.	8.07985e-003	0.999967	0.	1.27017	0.462946	180.	0	
12.0946	58.5821	620	0	55	58	58	55	56	1.3043e-002	-2.38241e-002	0.	0.229171	96.6547	0.	8.52997e-003	0.999964	0.	1.54746	0.488737	180.	0	
12.1119	58.0236	621	0	55	58	58	55	57	1.45755e-002	-2.4341e-002	0.	0.237463	97.4877	0.	8.90257e-003	0.99996	0.	1.28096	0.510087	180.	0	
12.1286	59.6541	622	0	56	59	59	56	57	1.62358e-002	-5.03467e-002	0.	0.246323	98.3206	0.	9.35644e-003	0.999956	0.	1.56034	0.536092	180.	0	
12.1468	55.0486	623	0	56	60	60	56	58	1.55627e-002	-3.62349e-003	0.	0.252711	99.1535	0.	8.91508e-003	0.99996	0.	-1.51734	0.510803	180.	0	
12.1647	55.997	624	0	57	60	60	57	59	1.68771e-002	-8.50732e-003	0.	0.261635	99.9864	0.	9.38578e-003	0.999956	0.	1.61819	0.537773	180.	0	
12.1823	56.797	625	0	57	61	61	57	59	1.85196e-002	-3.62813e-002	0.	0.270996	100.819	0.	9.8705e-003	0.999951	0.	1.66644	0.565547	180.	0	
12.1997	57.464	626	0	58	61	61	58	60	2.03228e-002	-3.65121e-002	0.	0.280494	101.652	0.	1.02713e-002	0.999947	0.	1.37779	0.58851	180.	0	
12.2177	55.3675	627	0	59	62	62	59	60	2.22734e-002	-6.4481e-002	0.	0.290603	102.485	0.	1.07594e-002	0.999942	0.	1.67813	0.616479	180.	0	
12.2349	58.0716	628	0	59	63	63	59	61	2.11513e-002	-4.01138e-003	0.	0.297504	103.318	0.	1.01125e-002	0.999949	0.	-2.22405	0.579412	180.	0	
12.2531	55.0001	629	0	60	63	63	60	62	2.25837e-002	-9.2509e-003	0.	0.307555	104.151	0.	1.06242e-002	0.999944	0.	1.75912	0.60873	180.	0	
12.2706	57.2896	630	0	60	64	64	60	62	2.40782e-002	-3.43966e-002	0.	0.317801	104.984	0.	1.1063e-002	0.999939	0.	1.50874	0.633876	180.	0	
12.2883	56.5553	631	0	61	65	65	61	63	2.62145e-002	-3.91108e-002	0.	0.328652	105.816	0.	1.1577e-002	0.999933	0.	1.76714	0.663328	180.	0	
12.3053	58.8584	632	0	62	65	65	62	63	2.80169e-002	-6.43998e-002	0.	0.3397	106.649	0.	1.20184e-002	0.999928	0.	1.51734	0.688617	180.	0	
12.3221	59.3671	633	0	62	66	66	62	64	2.6301e-002	8.81925e-003	0.	0.347055	107.482	0.	1.11853e-002	0.999937	0.	-2.86399	0.640884	180.	0	
12.3393	58.2222	634	0	63	66	66	63	65	2.73217e-002	8.59288e-003	0.	0.357839	108.315	0.	1.16462e-002	0.999932	0.	1.58464	0.667295	180.	0	
12.3568	57.1816	635	0	64	67	67	63	65	2.8919e-002	-2.41635e-002	0.	0.369358	109.148	0.	1.22179e-002	0.999925	0.	1.96538	0.700051	180.	0	
12.3738	58.7645	636	0	64	68	68	64	66	3.07392e-002	-2.37162e-002	0.	0.381004	109.98	0.	1.26793e-002	0.99992	0.	1.58639	0.726491	180.	0	
12.3911	57.7774	637	0	65	68	68	65	67	3.26476e-002	-2.8908e-002	0.	0.393388	110.813	0.	1.32523e-002	0.999912	0.	1.97006	0.759326	180.	0	
12.4086	57.1598	638	0	65	69	69	65	67	3.45672e-002	-5.65434e-002	0.	0.405961	111.646	0.	1.37346e-002	0.999906	0.	1.65812	0.786961	180.	0	
12.4267	55.3062	639	0	66	70	70	66	68	3.31737e-002	1.17717e-002	0.	0.415183	112.479	0.	1.30387e-002	0.999915	0.	-2.3926	0.747084	180.	0	
12.444	57.8116	640	0	67	70	70	67	68	3.44086e-002	-1.74471e-002	0.	0.427666	113.311	0.	1.35486e-002	0.999908	0.	1.75313	0.776303	180.	0	
12.4613	57.5361	641	0	67	71	71	67	69	3.6589e-002	-2.297e-002	0.	0.440877	114.144	0.	1.41539e-002	0.9999	0.	2.0809	0.810985	180.	0	
12.4783	58.786	642	0	68	72	72	68	70	3.81312e-002	-2.21596e-002	0.	0.454287	114.977	0.	1.46632e-002	0.999892	0.	1.75104	0.840169	180.	0	
12.4963	55.6226	643	0	69	72	72	69	70	4.02764e-002	-5.84013e-002	0.	0.468511	115.81	0.	1.52957e-002	0.999883	0.	2.17451	0.87641	180.	0	
12.5144	55.2382	644	0	69	73	73	69	71	3.88067e-002	1.40907e-002	0.	0.47893	116.642	0.	1.45673e-002	0.999894	0.	-2.50408	0.834676	180.	0	
12.5315	58.6279	645	0	70	74	74	70	72	3.99595e-002	1.39474e-002	0.	0.492827	117.475	0.	1.51217e-002	0.999886	0.	1.90599	0.866442	180.	0	
12.5493	56.2649	646	0	71	74	74	71	72	4.17254e-002	-2.47827e-002	0.	0.507571	118.308	0.	1.57976e-002	0.999875	0.	2.3238	0.905172	180.	0	
12.5666	57.7209	647	0	71	75	75	71	73	4.38418e-002	-2.40033e-002	0.	0.522484	119.14	0.	1.63492e-002	0.999866	0.	1.89668	0.936784	180.	0	
12.5836	58.6693	648	0	72	76	76	72	74	4.5948e-002	-2.99357e-002	0.	0.538279	119.973	0.	1.70341e-002	0.999855	0.	2.35461	0.976027	180.	0	
12.6017	55.2083	649	0	73	77	77	73	75	4.69447e-002	6.96273e-003	0.	0.566977	121.638	0.	1.69855e-002	0.999856	0.	-2.14655	0.940251	180.	0	
12.6189	58.3841	650	0	74	78	78	74	76	4.83098e-002	7.26314e-003	0.	0.583053	122.471	0.	1.75918e-002	0.999845	0.	2.08458	0.974994	180.	0	
12.6358	59.1825	651	0	75	79	78	75	77	4.99574e-002	7.3225e-003	0.	0.599697	123.304	0.	1.82181e-002	0.999834	0.	2.15337	1.01088	180.	0	
12.6531	57.7536	652	0	75	79	79	75	77	5.1865e-002	-2.91377e-002	0.	0.616894	124.136	0.	1.88544e-002	0.999822	0.	2.18761	1.04734	180.	0	
12.6714	54.5659	653	0	76	80	80	76	78	5.42769e-002	-2.80966e-002	0.	0.634584	124.969	0.	1.94789e-002	0.99981	0.	2.14747	1.08314	180.	0	
12.6894	55.4948	654	0	77	81	81	77	79	5.64294e-002	-2.73598e-002	0.	0.652862	125.802	0.	2.0125e-002	0.999797	0.	2.22134	1.12016	180.	0	
12.7076	55.1568	655	0	77	81	81	77	79	5.88287e-002	-6.49481e-002	0.	0.671709	126.634	0.	2.07809e-002	0.999784	0.	2.2553	1.15775	180.	0	
12.7243	59.7668	656	0	78	82	82	78	80	5.76918e-002	1.12836e-002	0.	0.686934	127.467	0.	2.01273e-002	0.999797	0.	-2.24741	1.12029	180.	0	
12.7424	55.2599	657	0	79	83	83	79	81	5.93108e-002	1.13648e-002	0.	0.705897	128.299	0.	2.08189e-002	0.999783	0.	2.37827	1.15993	180.	0	
12.7608	54.4495	658	0	80	84	83	79	81	6.12214e-002	-2.95503e-002	0.	0.725506	129.132	0.	2.15329e-002	0.999768	0.	2.4549	1.20084	180.	0	
12.7784	56.6124	659	0	80	84	84	80	82	6.38746e-002	-2.89299e-002	0.	0.74566	129.964	0.	2.22313e-002	0.999753	0.	2.40164	1.24087	180.	0	
12.7965	55.4413	660	0	81	85	85	81	83	6.599e-002	-2.77907e-002	0.	0.766429	130.797	0.	2.29402e-002	0.999737	0.	2.43763	1.2815	180.	0	
12.8139	57.4655	661	0	82	86	86	82	84	6.83799e-002	-2.70952e-002	0.	0.787865	131.629	0.	2.36732e-002	0.99972	0.	2.52049	1.3235	180.	0	
12.8317	55.9523	662	0	82	87	86	82	84	7.10144e-002	-6.97331e-002	0.	0.809946	132.462	0.	2.44171e-002	0.999702	0.	2.55827	1.36614	180.	0	
12.8487	58.7768	663	0	83	87	87	83	85	7.43439e-002	-6.76588e-002	0.	0.832594	133.294	0.	2.51445e-002	0.999684	0.	2.50136	1.40783	180.	0	
12.8669	55.1568	664	0	84	88	88	84	86	7.71843e-002	-6.59457e-002	0.	0.855929	134.126	0.	2.58978e-002	0.999665	0.	2.59044	1.45101	180.	0	
12.8849	55.3553	665	0	85	89	89	84	87	8.02442e-002	-6.38543e-002	0.	0.879926	134.959	0.	2.66618e-002	0.999645	0.	2.62738	1.4948	180.	0	
12.9018	59.2934	666	0	85	90	89	85	87	8.35738e-002	-0.109195	0.	0.904644	135.791	0.	2.74529e-002	0.999623	0.	2.72042	1.54014	180.	0	
12.9186	59.6985	667	0	86	90	90	86	88	8.10309e-002	1.21899e-002	0.	0.923363	136.623	0.	2.61561e-002	0.999658	0.	-4.45973	1.46581	180.	0	
12.9357	58.189	668	0	87	91	91	87	89	8.29726e-002	1.17039e-002	0.	0.947843	137.455	0.	2.7005e-002	0.999635	0.	2.91966	1.51447	180.	0	
12.9539	55.0716	669	0	88	92	92	87	90	8.52076e-002	1.08202e-002	0.	0.973113	138.287	0.	2.78803e-002	0.999611	0.	3.00991	1.56463	180.	0	
12.9719	55.3949	670	0	88	93	93	88	90	8.77452e-002	-4.08764e-002	0.	0.999196	139.12	0.	2.87822e-002	0.999586	0.	3.10179	1.61633	180.	0	
12.99	55.4879	671	0	89	94	93	89	91	9.11206e-002	-4.04802e-002	0.	1.02594	139.952	0.	2.96557e-002	0.99956	0.	3.00406	1.6664	180.	0	
13.0075	57.1569	672	0	90	94	94	90	92	9.38242e-002	-3.95434e-002	0.	1.05345	140.784	0.	3.05411e-002	0.999534	0.	3.04522	1.71715	180.	0	
13.0255	55.5565	673	0	91	95	95	91	93	9.67978e-002	-3.91454e-002	0.	1.08179	141.616	0.	3.14559e-002	0.999505	0.	3.14637	1.76959	180.	0	
13.0424	58.9155	674	0	91	96	96	91	94	0.100052	-3.92231e-002	0.	1.11098	142.448	0.	3.24004e-002	0.999475	0.	3.24879	1.82374	180.	0	
13.0601	56.7267	675	0	92	97	97	92	94	0.103539	-9.40794e-002	0.	1.141	143.28	0.	3.33573e-002	0.999443	0.	3.29137	1.87859	180.	0	
13.0776	56.98	676	0	93	98	97	93	95	0.101477	2.30707e-002	0.	1.16534	144.112	0.	3.22805e-002	0.999479	0.	-3.70397	1.81686	180.	0	
13.0947	58.4206	677	0	94	99	98	94	96	0.103686	2.05093e-002	0.	1.1955	144.944	0.	3.33127e-002	0.999445	0.	3.55051	1.87604	180.	0	
13.1118	58.6218	678	0	95	99	99	95	97	0.1062	1.75996e-002	0.	1.22661	145.776	0.	3.43739e-002	0.999409	0.	3.65029	1.93687	180.	0	
13.1298	55.3894	679	0	95	100	100	95	98	0.109023	1.43125e-002	0.	1.25869	146.608	0.	3.54645e-002	0.999371	0.	3.75123	1.99939	180.	0	
13.1479	55.4112	680	0	96	101	101	96	99	0.112162	1.06877e-002	0.	1.29178	147.439	0.	3.65849e-002	0.999331	0.	3.85417	2.06363	180.	0	
13.1649	58.7629	681	0	97	102	102	97	99	0.115568	-5.43266e-002	0.	1.32584	148.271	0.	3.77188e-002	0.999288	0.	3.90085	2.12864	180.	0	
13.1827	56.3383	682	0	98	103	103	98	100	0.119805	-5.4406e-002	0.	1.36068	149.103	0.	3.88012e-002	0.999247	0.	3.72379	2.19071	180.	0	
13.1998	58.2962	683	0	99	104	103	99	101	0.123371	-5.51128e-002	0.	1.39653	149.934	0.	3.9918e-002	0.999203	0.	3.8421	2.25474	180.	0	
13.217	58.1935	684	0	100	105	104	99	102	0.127207	-5.64231e-002	0.	1.43342	150.766	0.	4.10693e-002	0.999156	0.	3.96122	2.32076	180.	0	
13.2339	59.2497	685	0	100	105	105	100	103	0.131246	-5.68661e-002	0.	1.47131	151.597	0.	4.22325e-002	0.999108	0.	4.00244	2.38747	180.	0	
13.251	58.2902	686	0	101	106	106	101	104	0.135547	-5.79787e-002	0.	1.51028	152.429	0.	4.34319e-002	0.999056	0.	4.12682	2.45625	180.	0	
13.2681	58.7122	687	0	102	107	107	102	105	0.14012	-5.96694e-002	0.	1.55036	153.26	0.	4.46675e-002	0.999002	0.	4.252	2.52712	180.	0	
13.2863	54.9436	688	0	103	108	108	103	105	0.144969	-0.132643	0.	1.59158	154.091	0.	4.59398e-002	0.998944	0.	4.3784	2.60009	180.	0	
13.3041	56.1411	689	0	104	109	109	104	106	0.141681	3.18657e-002	0.	1.62459	154.923	0.	4.43032e-002	0.999018	0.	-5.63213	2.50622	180.	0	
13.3216	57.1293	690	0	105	110	110	105	107	0.144668	2.46114e-002	0.	1.66587	155.754	0.	4.5689e-002	0.998956	0.	4.76889	2.5857	180.	0	
13.3417	49.6682	691	0	106	111	111	106	108	0.147961	1.71154e-002	0.	1.7084	156.585	0.	4.71054e-002	0.99889	0.	4.87445	2.66694	180.	0	
13.363	47.0889	692	0	107	112	112	106	109	0.151561	9.47136e-003	0.	1.7522	157.416	0.	4.85528e-002	0.998821	0.	4.98143	2.74997	180.	0	
13.3803	57.7284	693	0	108	113	113	107	110	0.155467	1.5793e-003	0.	1.79731	158.247	0.	5.00321e-002	0.998748	0.	5.09174	2.83483	180.	0	
13.398	56.3256	694	0	108	114	113	108	111	0.159677	-6.47487e-003	0.	1.84375	159.077	0.	5.15435e-002	0.998671	0.	5.20254	2.92154	180.	0	
13.4162	55.0284	695	0	109	115	114	109	112	0.164189	-1.48731e-002	0.	1.89155	159.908	0.	5.30881e-002	0.99859	0.	5.31723	3.01016	180.	0	
13.4334	58.0626	696	0	110	116	115	110	113	0.169002	-2.33742e-002	0.	1.94074	160.739	0.	5.4666e-002	0.998505	0.	5.43227	3.1007	180.	0	
13.4506	58.3159	697	0	111	117	116	111	114	0.174113	-3.22303e-002	0.	1.99135	161.569	0.	5.62782e-002	0.998415	0.	5.55076	3.19321	180.	0	
13.4675	58.9232	698	0	112	118	117	112	115	0.179428	-3.95775e-002	0.	2.04332	162.399	0.	5.78964e-002	0.998323	0.	5.57209	3.28608	180.	0	
13.4849	57.6454	699	0	113	119	118	113	116	0.185011	-4.73033e-002	0.	2.09675	163.23	0.	5.95506e-002	0.998225	0.	5.69655	3.38102	180.	0	
13.5023	57.5877	700	0	114	120	119	114	117	0.190862	-5.53385e-002	0.	2.15167	164.06	0.	6.12413e-002	0.998123	0.	5.82311	3.47807	180.	0	
13.52	56.2395	701	0	115	121	120	115	118	0.196976	-6.37083e-002	0.	2.20812	164.89	0.	6.29691e-002	0.998015	0.	5.95118	3.57726	180.	0	
13.5382	55.1338	702	0	116	122	121	116	119	0.203348	-7.23287e-002	0.	2.26611	165.719	0.	6.47345e-002	0.997903	0.	6.0812	3.67861	180.	0	
13.5561	55.6529	703	0	117	123	122	117	120	0.209972	-8.1386e-002	0.	2.3257	166.549	0.	6.65375e-002	0.997784	0.	6.21189	3.78214	180.	0	
13.5743	55.2124	704	0	118	124	123	118	121	0.216847	-9.05367e-002	0.	2.3869	167.379	0.	6.83796e-002	0.997659	0.	6.34701	3.88793	180.	0	
13.5919	56.5981	705	0	119	125	124	119	122	0.223959	-0.100271	0.	2.44976	168.208	0.	7.02599e-002	0.997529	0.	6.4796	3.99592	180.	0	
13.61	55.3375	706	0	120	126	126	120	123	0.231308	-0.109982	0.	2.51431	169.037	0.	7.21798e-002	0.997392	0.	6.61698	4.1062	180.	0	
13.6281	55.188	707	0	121	127	127	121	124	0.238727	-0.117578	0.	2.58042	169.866	0.	7.40916e-002	0.997251	0.	6.58977	4.21603	180.	0	
13.6452	58.4753	708	0	122	128	128	122	125	0.246336	-0.125381	0.	2.64826	170.695	0.	7.60464e-002	0.997104	0.	6.73924	4.32835	180.	0	
13.6632	55.4591	709	0	123	129	129	123	126	0.254121	-0.133818	0.	2.71787	171.524	0.	7.80442e-002	0.99695	0.	6.88852	4.44316	180.	0	
13.6805	57.8488	710	0	124	130	130	124	127	0.262078	-0.142599	0.	2.78926	172.353	0.	8.0085e-002	0.996788	0.	7.03767	4.56046	180.	0	
13.6989	54.4112	711	0	125	131	131	125	128	0.270195	-0.151845	0.	2.86249	173.181	0.	8.21695e-002	0.996618	0.	7.18954	4.68028	180.	0	
13.7163	57.5656	712	0	126	132	132	126	129	0.278466	-0.161483	0.	2.93759	174.009	0.	8.42981e-002	0.996441	0.	7.34313	4.80267	180.	0	
13.734	56.4303	713	0	127	134	133	127	130	0.286875	-0.171659	0.	3.01459	174.837	0.	8.647e-002	0.996254	0.	7.49396	4.92757	180.	0	
13.751	58.9542	714	0	128	135	134	128	131	0.295416	-0.181765	0.	3.09354	175.665	0.	8.86861e-002	0.99606	0.	7.64767	5.05503	180.	0	
13.7691	55.146	715	0	129	136	136	129	132	0.289353	7.19116e-002	0.	3.15981	176.493	0.	8.63424e-002	0.996266	0.	-8.08824	4.92022	180.	0	
13.7867	56.7368	716	0	131	137	137	130	134	0.295893	0.155436	0.	3.24051	177.32	0.	8.91553e-002	0.996018	0.	9.70776	5.08202	180.	0	
13.8043	56.8588	717	0	132	138	138	131	135	0.302142	9.7691e-002	0.	3.32472	178.147	0.	9.23473e-002	0.995727	0.	11.0185	5.26566	180.	0	
13.8228	54.1476	718	0	133	139	139	133	136	0.310326	4.75589e-002	0.	3.41128	178.973	0.	9.54438e-002	0.995435	0.	10.6924	5.44387	180.	0	
13.8404	56.7138	719	0	134	141	140	134	137	0.318752	4.2655e-003	0.	3.50019	179.799	0.	9.84658e-002	0.99514	0.	10.4379	5.61783	180.	0	
13.8581	56.4885	720	0	135	142	141	135	138	0.32746	-3.52602e-002	0.	3.59153	180.625	0.	0.101465	0.994839	0.	10.3612	5.79052	180.	0	
13.8752	58.3614	721	0	136	143	143	136	139	0.336333	-7.09088e-002	0.	3.68526	181.45	0.	0.104428	0.994532	0.	10.2413	5.96121	180.	0	
13.8932	55.5565	722	0	137	144	144	137	141	0.345317	3.7802e-002	0.	3.78136	182.276	0.	0.107362	0.99422	0.	10.1449	6.13029	180.	0	
13.9108	56.8301	723	0	139	146	145	138	142	0.35357	-1.24957e-002	0.	3.88116	183.1	0.	0.110708	0.993853	0.	11.5709	6.32314	180.	0	
13.928	58.3523	724	0	140	147	146	139	143	0.363673	-5.52709e-002	0.	3.98346	183.924	0.	0.113959	0.993485	0.	11.248	6.51061	180.	0	
13.9451	58.325	725	0	141	148	148	141	144	0.373779	-9.14315e-002	0.	4.08823	184.748	0.	0.117138	0.993116	0.	11.0005	6.69395	180.	0	
13.9636	54.0108	726	0	142	149	149	142	146	0.384019	2.32757e-002	0.	4.19566	185.572	0.	0.120323	0.992735	0.	11.0298	6.87778	180.	0	
13.9816	55.5799	727	0	143	151	150	143	147	0.393517	-3.41014e-002	0.	4.30704	186.395	0.	0.123933	0.992291	0.	12.5037	7.08617	180.	0	
13.9986	58.8615	728	0	145	152	152	144	148	0.404725	-8.22578e-002	0.	4.42104	187.217	0.	0.12742	0.991849	0.	12.0807	7.28752	180.	0	
14.0158	58.378	729	0	146	153	153	146	149	0.415839	-0.123942	0.	4.53764	188.04	0.	0.130809	0.991408	0.	11.7484	7.48332	180.	0	
14.033	57.8369	730	0	147	155	154	147	151	0.427078	-7.01169e-003	0.	4.65707	188.862	0.	0.134203	0.990954	0.	11.7742	7.67956	180.	0	
14.0511	55.4441	731	0	149	156	156	148	152	0.437233	-7.00233e-002	0.	4.78066	189.682	0.	0.138036	0.990427	0.	13.2978	7.90119	180.	0	
14.0681	58.654	732	0	150	157	157	149	153	0.449267	-0.122749	0.	4.90697	190.503	0.	0.14172	0.989907	0.	12.792	8.11439	180.	0	
14.0866	54.0342	733	0	151	159	158	151	155	0.461111	-4.2869e-003	0.	5.03599	191.323	0.	0.145288	0.989389	0.	12.3928	8.32094	180.	0	
14.1035	59.1981	734	0	152	160	160	152	156	0.471989	-7.57744e-002	0.	5.16952	192.142	0.	0.149363	0.988782	0.	14.1659	8.55703	180.	0	
14.1205	58.9929	735	0	154	162	161	153	158	0.484824	3.04473e-002	0.	5.306	192.961	0.	0.153296	0.98818	0.	13.6764	8.78498	180.	0	
14.1386	55.2423	736	0	155	163	163	155	159	0.497218	-5.71967e-002	0.	5.44725	193.779	0.	0.157725	0.987483	0.	15.4156	9.0419	180.	0	
14.1554	59.4756	737	0	157	165	164	156	160	0.511059	-0.13072	0.	5.5915	194.596	0.	0.161932	0.986802	0.	14.6481	9.28604	180.	0	
14.173	56.9381	738	0	158	166	166	158	162	0.524625	-1.77271e-002	0.	5.73865	195.412	0.	0.165944	0.986135	0.	13.9811	9.51906	180.	0	
14.191	55.4605	739	0	159	168	167	159	163	0.537172	-0.104739	0.	5.89068	196.228	0.	0.170467	0.985363	0.	15.7741	9.78196	180.	0	
14.2084	57.4331	740	0	161	169	169	160	165	0.55157	-5.77591e-004	0.	6.04584	197.043	0.	0.174786	0.984606	0.	15.0768	10.0332	180.	0	
14.2256	58.263	741	0	162	171	170	162	166	0.565136	-0.101927	0.	6.2061	197.857	0.	0.179606	0.983739	0.	16.8348	10.3138	180.	0	
14.2432	56.7525	742	0	164	172	172	163	168	0.58002	3.50557e-003	0.	6.36924	198.67	0.	0.184056	0.982916	0.	15.5572	10.5731	180.	0	
14.2609	56.4048	743	0	165	174	173	165	169	0.594386	-0.108335	0.	6.53794	199.482	0.	0.189127	0.981953	0.	17.7428	10.8688	180.	0	
14.2791	55.0743	744	0	167	175	175	166	171	0.60997	-5.94906e-003	0.	6.70957	200.293	0.	0.193772	0.981047	0.	16.272	11.14	180.	0	
14.296	59.0969	745	0	168	177	177	168	172	0.624895	-0.125005	0.	6.88691	201.103	0.	0.199038	0.979992	0.	18.4607	11.4477	180.	0	
14.3129	59.0192	746	0	170	179	178	169	174	0.641045	-2.33692e-002	0.	7.0672	201.912	0.	0.203832	0.979006	0.	16.8283	11.7282	180.	0	
14.3298	59.4708	747	0	171	180	180	171	176	0.656266	4.707e-002	0.	7.25336	202.72	0.	0.20926	0.97786	0.	19.0702	12.046	180.	0	
14.347	58.0102	748	0	173	182	182	172	177	0.673467	-0.104455	0.	7.4455	203.526	0.	0.215181	0.976574	0.	20.8299	12.3932	180.	0	
14.3651	55.1771	749	0	174	184	183	174	179	0.691277	-1.723e-002	0.	7.64063	204.331	0.	0.220462	0.975395	0.	18.6016	12.7032	180.	0	
14.3832	55.3116	750	0	176	186	185	176	180	0.708284	-0.161363	0.	7.84184	205.135	0.	0.226317	0.974054	0.	20.6475	13.0473	180.	0	
14.4013	55.1853	751	0	178	187	187	177	182	0.726232	-6.53639e-002	0.	8.04603	205.938	0.	0.231544	0.972825	0.	18.4594	13.355	180.	0	
14.4185	58.2161	752	0	179	189	189	179	184	0.742775	-4.50896e-004	0.	8.25646	206.739	0.	0.237409	0.97141	0.	20.7412	13.7007	180.	0	
14.436	56.9641	753	0	181	191	191	181	186	0.760786	4.22163e-002	0.	8.47303	207.539	0.	0.243711	0.969848	0.	22.3204	14.0727	180.	0	
14.4529	59.3483	754	0	183	193	192	182	187	0.780524	-0.145808	0.	8.69609	208.336	0.	0.250443	0.968131	0.	23.8821	14.4707	180.	0	
14.4708	55.7316	755	0	184	195	194	184	189	0.800502	-6.98761e-002	0.	8.92209	209.133	0.	0.256282	0.966602	0.	20.7533	14.8166	180.	0	
14.4878	59.0332	756	0	186	197	196	186	191	0.818527	-1.42967e-002	0.	9.15419	209.927	0.	0.262554	0.964917	0.	22.3243	15.1887	180.	0	
14.5057	55.8078	757	0	188	198	198	188	193	0.838054	1.49263e-002	0.	9.39295	210.72	0.	0.269327	0.963049	0.	24.1542	15.5912	180.	0	
14.5234	56.3326	758	0	190	200	200	189	195	0.85883	2.61821e-002	0.	9.63829	211.51	0.	0.276429	0.961034	0.	25.3787	16.0142	180.	0	
14.5405	58.5851	759	0	191	202	202	191	197	0.880717	2.77712e-002	0.	9.89019	212.298	0.	0.283767	0.958893	0.	26.2756	16.4521	180.	0	
14.5584	55.9998	760	0	193	204	204	193	199	0.903457	2.30349e-002	0.	10.1486	213.083	0.	0.291252	0.956646	0.	26.8675	16.8999	180.	0	
14.5763	55.6474	761	0	195	206	206	195	201	0.92694	1.25531e-002	0.	10.4135	213.867	0.	0.298844	0.954302	0.	27.3166	17.3552	180.	0	
14.5943	55.6363	762	0	197	208	208	197	203	0.951013	5.82679e-004	0.	10.6848	214.648	0.	0.306505	0.951869	0.	27.6319	17.8157	180.	0	
14.6118	57.1977	763	0	199	211	210	199	205	0.975486	-1.28001e-002	0.	10.9626	215.426	0.	0.314198	0.949358	0.	27.8185	18.2794	180.	0	
14.6299	55.3976	764	0	201	213	212	201	207	1.00028	-2.61377e-002	0.	11.2468	216.203	0.	0.32192	0.946767	0.	28.0019	18.7461	180.	0	
14.6469	58.7737	765	0	203	215	215	203	209	1.02519	-4.11633e-002	0.	11.5374	216.976	0.	0.329639	0.944107	0.	28.069	19.2139	180.	0	
14.6642	57.7982	766	0	205	217	217	205	211	1.05018	-5.60391e-002	0.	11.8343	217.748	0.	0.33736	0.941376	0.	28.1528	19.6831	180.	0	
14.6812	58.6126	767	0	207	219	219	207	213	1.07501	-6.96084e-002	0.	12.1376	218.517	0.	0.345046	0.938586	0.	28.1086	20.1516	180.	0	
14.6984	58.3598	768	0	209	221	221	209	215	1.09964	-8.33735e-002	0.	12.4471	219.284	0.	0.352707	0.935734	0.	28.1027	20.62	180.	0	
14.7157	57.7091	769	0	211	224	224	211	217	1.12385	-9.57012e-002	0.	12.7627	220.048	0.	0.360312	0.932832	0.	27.9832	21.0864	180.	0	
14.7335	56.3072	770	0	213	226	226	213	219	1.14757	-0.107999	0.	13.0845	220.809	0.	0.367858	0.929882	0.	27.8521	21.5506	180.	0	
14.7516	55.211	771	0	215	228	228	215	222	1.1707	0.103136	0.	13.4123	221.568	0.	0.375343	0.926886	0.	27.7167	22.0125	180.	0	
14.769	57.2093	772	0	218	231	231	218	224	1.19547	-1.35981e-002	0.	13.7509	222.321	0.	0.384438	0.923151	0.	33.8018	22.5759	180.	0	
14.7865	57.2954	773	0	220	233	233	220	226	1.22119	-7.94883e-002	0.	14.0944	223.072	0.	0.392621	0.9197	0.	30.5294	23.0847	180.	0	
14.8047	54.8658	774	0	222	236	236	222	229	1.24523	9.63117e-002	0.	14.4431	223.822	0.	0.40026	0.916402	0.	28.6051	23.5614	180.	0	
14.8229	55.0001	775	0	224	238	238	224	231	1.27025	-3.47933e-002	0.	14.8017	224.565	0.	0.409203	0.912443	0.	33.6222	24.1218	180.	0	
14.8435	48.5359	776	0	227	241	241	227	233	1.29534	-0.104138	0.	15.1647	225.308	0.	0.417044	0.908886	0.	29.5985	24.6151	180.	0	
14.8676	41.5198	777	0	229	243	243	229	236	1.3187	5.4285e-002	0.	15.5326	226.048	0.	0.424361	0.905493	0.	27.7286	25.0773	180.	0	
14.8857	55.1568	778	0	231	246	246	232	238	1.34163	-6.45642e-002	0.	15.9092	226.783	0.	0.432629	0.901572	0.	31.4542	25.6015	180.	0	
14.9038	55.3607	779	0	234	248	248	234	241	1.36465	6.28274e-002	0.	16.2898	227.517	0.	0.439851	0.898071	0.	27.5919	26.0614	180.	0	
14.9214	56.7812	780	0	236	251	251	236	243	1.38645	-5.64927e-002	0.	16.6779	228.247	0.	0.447674	0.894197	0.	30.0119	26.5616	180.	0	
14.9396	54.9409	781	0	239	253	253	239	246	1.40821	5.63616e-002	0.	17.0698	228.975	0.	0.454491	0.890751	0.	26.2591	26.9992	180.	0	
14.9568	58.2086	782	0	241	256	256	241	249	1.42824	0.111006	0.	17.4684	229.699	0.	0.461728	0.887022	0.	27.9875	27.4657	180.	0	
14.9748	55.5071	783	0	244	259	259	244	251	1.44905	-2.54392e-002	0.	17.873	230.42	0.	0.468974	0.883212	0.	28.1416	27.9347	180.	0	
14.9927	55.7219	784	0	246	261	262	247	254	1.46849	5.55992e-002	0.	18.2801	231.141	0.	0.474954	0.880011	0.	23.3189	28.3233	180.	0	
15.0101	57.764	785	0	249	264	264	249	257	1.48554	0.100639	0.	18.6923	231.859	0.	0.48098	0.876731	0.	23.5866	28.7165	180.	0	
15.0282	55.0001	786	0	251	267	267	252	259	1.50158	4.49536e-003	0.	19.1084	232.575	0.	0.486601	0.873624	0.	22.0794	29.0844	180.	0	
15.0454	58.2524	787	0	254	270	270	254	262	1.5165	7.19036e-002	0.	19.5265	233.29	0.	0.491284	0.870999	0.	18.455	29.392	180.	0	
15.0626	58.1543	788	0	257	272	273	257	265	1.5279	0.123524	0.	19.9476	234.005	0.	0.495603	0.868549	0.	17.0706	29.6765	180.	0	
15.0801	57.0162	789	0	259	275	275	260	267	1.53697	8.5898e-002	0.	20.3705	234.719	0.	0.499257	0.866454	0.	14.4784	29.9178	180.	0	
15.0983	55.1284	790	0	262	278	278	263	270	1.54307	0.190108	0.	20.7932	235.434	0.	0.50174	0.865018	0.	9.86275	30.0822	180.	0	
15.1163	55.4482	791	0	265	281	281	265	273	1.54543	0.270442	0.	21.2171	236.149	0.	0.503879	0.863774	0.	8.50539	30.224	180.	0	
15.1339	56.9309	792	0	268	284	284	268	276	1.55107	0.237938	0.	21.6454	236.86	0.	0.507022	0.861933	0.	12.5221	30.4327	180.	0	
15.1519	55.5112	793	0	270	286	287	271	279	1.55626	0.18709	0.	22.0752	237.571	0.	0.509752	0.860322	0.	10.8969	30.6143	180.	0	
15.17	55.245	794	0	273	289	289	274	281	1.56032	0.113299	0.	22.5056	238.282	0.	0.511841	0.85908	0.	8.35449	30.7535	180.	0	
15.1879	55.7053	795	0	276	292	292	276	284	1.56242	8.98466e-002	0.	22.9353	238.995	0.	0.513006	0.858385	0.	4.66496	30.8313	180.	0	
15.2055	56.8243	796	0	279	295	295	279	287	1.56376	4.08123e-002	0.	23.3651	239.708	0.	0.513878	0.857863	0.	3.49233	30.8895	180.	0	
15.2234	56.0711	797	0	282	298	298	282	290	1.56401	2.33899e-002	0.	23.794	240.422	0.	0.514138	0.857708	0.	1.04061	30.9068	180.	0	
15.2404	58.7491	798	0	285	300	301	285	293	1.56382	2.32761e-002	0.	24.2226	241.137	0.	0.51418	0.857682	0.	0.169495	30.9097	180.	0	
15.2573	59.1093	799	0	287	303	303	288	295	1.56363	1.95056e-002	0.	24.6512	241.851	0.	0.514221	0.857658	0.	0.163803	30.9124	180.	0	
15.2747	57.6158	800	0	290	306	306	290	298	1.56336	1.75513e-002	0.	25.0797	242.566	0.	0.514221	0.857658	0.	0.	30.9124	180.	0	
15.2926	55.6584	801	0	293	309	309	293	301	1.56313	1.95056e-002	0.	25.5082	243.281	0.	0.514221	0.857658	0.	0.	30.9124	180.	0	
15.3097	58.5119	802	0	296	312	312	296	304	1.56284	1.67948e-002	0.	25.9367	243.996	0.	0.514221	0.857658	0.	0.	30.9124	180.	0	
15.327	57.9817	803	0	298	314	314	298	306	1.56266	1.85915e-002	0.	26.2796	244.567	0.	0.514221	0.857658	0.	0.	30.9124	144.	0	
15.3445	57.1453	804	0	300	316	316	301	308	1.56243	1.87491e-002	0.	26.6224	245.139	0.	0.514221	0.857658	0.	0.	30.9124	144.	0	
15.3648	49.1907	805	0	303	318	319	303	311	1.5622	1.9348e-002	0.	26.9652	245.711	0.	0.514221	0.857658	0.	0.	30.9124	144.	0	
15.3824	56.9165	806	0	305	321	321	305	313	1.56199	1.87491e-002	0.	27.308	246.283	0.	0.514221	0.857658	0.	0.	30.9124	144.	0	
15.4006	55.0069	807	0	307	323	323	307	315	1.56178	1.6322e-002	0.	27.6508	246.854	0.	0.514221	0.857658	0.	0.	30.9124	144.	0	
15.4188	54.9208	808	0	309	325	325	310	317	1.5616	1.70784e-002	0.	27.9936	247.426	0.	0.514221	0.857658	0.	0.	30.9124	144.	0	
15.4368	55.3744	809	0	312	327	328	312	320	1.56138	1.81502e-002	0.	28.3364	247.998	0.	0.514221	0.857658	0.	0.	30.9124	144.	0	
15.4539	58.5058	810	0	316	332	332	316	324	1.56094	1.78349e-002	0.	29.0221	249.141	0.	0.514221	0.857658	0.	0.	30.9124	144.	0	
15.471	58.6647	811	0	318	334	334	318	326	1.56072	1.67948e-002	0.	29.3649	249.713	0.	0.514221	0.857658	0.	0.	30.9124	144.	0	
15.4886	56.6038	812	0	321	337	337	321	329	1.56052	1.57232e-002	0.	29.7077	250.285	0.	0.514221	0.857658	0.	0.	30.9124	144.	0	
15.5068	54.9517	813	0	323	339	339	323	331	1.56032	1.79925e-002	0.	30.0505	250.857	0.	0.514221	0.857658	0.	0.	30.9124	144.	0	
15.5249	55.328	814	0	325	341	341	325	333	1.56009	1.66372e-002	0.	30.3933	251.429	0.	0.514221	0.857658	0.	0.	30.9124	144.	0	
15.5423	57.5892	815	0	327	343	343	327	335	1.55989	2.01361e-002	0.	30.7361	252.	0.	0.514221	0.857658	0.	0.	30.9124	144.	0	
15.5593	58.6279	816	0	329	345	345	329	337	1.55969	1.95056e-002	0.	30.9933	252.429	0.	0.514221	0.857658	0.	0.	30.9124	108.	0	
15.5766	57.9099	817	0	331	347	347	331	339	1.55952	1.75513e-002	0.	31.2504	252.858	0.	0.514221	0.857658	0.	0.	30.9124	108.	0	
15.5947	55.0702	818	0	332	348	348	333	340	1.55938	1.87491e-002	0.	31.5075	253.287	0.	0.514221	0.857658	0.	0.	30.9124	108.	0	
15.6128	55.3785	819	0	334	350	350	334	342	1.55921	2.04199e-002	0.	31.7646	253.716	0.	0.514221	0.857658	0.	0.	30.9124	108.	0	
15.6306	56.1973	820	0	338	353	353	338	345	1.55885	1.78349e-002	0.	32.2788	254.573	0.	0.514221	0.857658	0.	0.	30.9124	108.	0	
15.6478	58.1047	821	0	339	355	355	339	347	1.55874	1.72361e-002	0.	32.5359	255.002	0.	0.514221	0.857658	0.	0.	30.9124	108.	0	
15.6654	56.8603	822	0	341	357	357	341	349	1.55858	1.89067e-002	0.	32.793	255.431	0.	0.514221	0.857658	0.	0.	30.9124	108.	0	
15.6824	58.7322	823	0	343	358	358	343	351	1.55842	1.51244e-002	0.	33.0501	255.86	0.	0.514221	0.857658	0.	0.	30.9124	108.	0	
15.7005	55.343	824	0	344	360	360	344	352	1.55827	1.72361e-002	0.	33.3072	256.289	0.	0.514221	0.857658	0.	0.	30.9124	108.	0	
15.7176	58.2917	825	0	346	362	362	346	354	1.55811	1.66372e-002	0.	33.5644	256.717	0.	0.514221	0.857658	0.	0.	30.9124	108.	0	
15.7347	58.5119	826	0	347	363	363	347	355	1.55799	1.9348e-002	0.	33.7358	257.003	0.	0.514221	0.857658	0.	0.	30.9124	72.	0	
15.7529	54.9894	827	0	348	364	364	348	356	1.55787	1.81502e-002	0.	33.9072	257.289	0.	0.514221	0.857658	0.	0.	30.9124	72.	0	
15.7706	56.7181	828	0	349	365	365	349	357	1.55777	1.72361e-002	0.	34.0786	257.575	0.	0.514221	0.857658	0.	0.	30.9124	72.	0	
15.7882	56.7267	829	0	350	366	366	350	358	1.55768	1.87491e-002	0.	34.25	257.861	0.	0.514221	0.857658	0.	0.	30.9124	72.	0	
15.8057	57.0437	830	0	352	367	367	352	360	1.55756	1.96633e-002	0.	34.4214	258.147	0.	0.514221	0.857658	0.	0.	30.9124	72.	0	
15.8237	55.7371	831	0	354	370	370	354	362	1.55733	1.97894e-002	0.	34.7642	258.719	0.	0.514221	0.857658	0.	0.	30.9124	72.	0	
15.8407	58.5256	832	0	355	371	371	355	363	1.55723	1.75513e-002	0.	34.9356	259.005	0.	0.514221	0.857658	0.	0.	30.9124	72.	0	
15.8588	55.4728	833	0	356	372	372	356	364	1.55713	1.73937e-002	0.	35.107	259.29	0.	0.514221	0.857658	0.	0.	30.9124	72.	0	
15.8767	55.6226	834	0	357	373	373	357	365	1.55703	1.77089e-002	0.	35.2784	259.576	0.	0.514221	0.857658	0.	0.	30.9124	72.	0	
15.8949	55.1054	835	0	358	374	374	358	366	1.55693	2.02622e-002	0.	35.4498	259.862	0.	0.514221	0.857658	0.	0.	30.9124	72.	0	
15.9129	55.6405	836	0	359	375	375	359	367	1.55686	1.70784e-002	0.	35.5355	260.005	0.	0.514221	0.857658	0.	0.	30.9124	36.	0	
15.9309	55.4441	837	0	359	375	375	359	367	1.55682	1.70784e-002	0.	35.6212	260.148	0.	0.514221	0.857658	0.	0.	30.9124	36.	0	
15.9489	55.5304	838	0	360	376	376	360	368	1.55677	2.01046e-002	0.	35.7069	260.291	0.	0.514221	0.857658	0.	0.	30.9124	36.	0	
15.9666	56.6081	839	0	361	377	377	361	369	1.55664	1.82762e-002	0.	35.8784	260.577	0.	0.514221	0.857658	0.	0.	30.9124	36.	0	
15.9843	56.4076	840	0	362	378	378	362	370	1.5566	1.6196e-002	0.	35.9641	260.72	0.	0.514221	0.857658	0.	0.	30.9124	36.	0	
16.0025	55.0865	841	0	362	378	378	362	370	1.55655	1.6196e-002	0.	36.0498	260.863	0.	0.514221	0.857658	0.	0.	30.9124	36.	0	
16.02	56.8718	842	0	363	379	379	363	371	1.5565	1.87491e-002	0.	36.1355	261.006	0.	0.514221	0.857658	0.	0.	30.9124	36.	0	
16.0379	56.0263	843	0	363	379	379	363	371	1.55644	1.87491e-002	0.	36.2212	261.149	0.	0.514221	0.857658	0.	0.	30.9124	36.	0	
16.055	58.4586	844	0	364	380	380	364	372	1.55639	1.70784e-002	0.	36.3069	261.292	0.	0.514221	0.857658	0.	0.	30.9124	36.	0	
16.0727	56.534	845	0	364	380	380	365	372	1.55634	1.70784e-002	0.	36.3926	261.435	0.	0.514221	0.857658	0.	0.	30.9124	36.	0	
16.0898	58.4327	846	0	364	380	380	365	372	1.55634	1.70784e-002	0.	36.3926	261.435	0.	0.514221	0.857658	0.	0.	30.9124	-2.68221e-006	0	
16.1071	57.9458	847	0	364	380	380	365	372	1.55634	1.70784e-002	0.	36.3926	261.435	0.	0.514221	0.857658	0.	0.	30.9124	-2.68221e-006	0	
16.1252	55.2029	848	0	364	380	380	365	372	1.55634	1.70784e-002	0.	36.3926	261.435	0.	0.514221	0.857658	0.	0.	30.9124	-2.68221e-006	0	
16.1424	57.9742	849	0	364	380	380	365	372	1.55634	1.70784e-002	0.	36.3926	261.435	0.	0.514221	0.857658	0.	0.	30.9124	-2.68221e-006	0	
16.1596	58.2071	850	0	364	380	380	365	372	1.55634	1.70784e-002	0.	36.3926	261.435	0.	0.514221	0.857658	0.	0.	30.9124	-2.68221e-006	0	
16.1774	56.2691	851	0	364	380	380	365	372	1.55634	1.70784e-002	0.	36.3926	261.435	0.	0.514221	0.857658	0.	0.	30.9124	-2.68221e-006	0	
16.1955	55.2341	852	0	364	380	380	365	372	1.55634	1.70784e-002	0.	36.3926	261.435	0.	0.514221	0.857658	0.	0.	30.9124	-2.68221e-006	0	
16.2124	58.9217	853	0	364	380	380	365	372	1.55634	1.70784e-002	0.	36.3926	261.435	0.	0.514221	0.857658	0.	0.	30.9124	-2.68221e-006	0	
16.2302	56.2198	854	0	364	380	380	365	372	1.55634	1.70784e-002	0.	36.3926	261.435	0.	0.514221	0.857658	0.	0.	30.9124	-2.68221e-006	0	
16.248	56.1271	855	0	364	380	380	365	372	1.55634	1.70784e-002	0.	36.3926	261.435	0.	0.514221	0.857658	0.	0.	30.9124	-2.68221e-006	0	
16.2661	55.4454	856	0	364	380	380	365	372	1.55634	1.70784e-002	0.	36.3926	261.435	0.	0.514221	0.857658	0.	0.	30.9124	-2.68221e-006	0	
16.2842	55.2341	857	0	364	380	380	365	372	1.55634	1.70784e-002	0.	36.3926	261.435	0.	0.514221	0.857658	0.	0.	30.9124	-2.68221e-006	0	
16.3014	58.2297	858	0	364	380	380	365	372	1.55634	1.70784e-002	0.	36.3926	261.435	0.	0.514221	0.857658	0.	0.	30.9124	-2.68221e-006	0	
16.3192	56.1608	859	0	364	380	380	365	372	1.55634	1.70784e-002	0.	36.3926	261.435	0.	0.514221	0.857658	0.	0.	30.9124	-2.68221e-006	0	
16.3363	58.3765	860	0	364	380	380	365	372	1.55634	1.70784e-002	0.	36.3926	261.435	0.	0.514221	0.857658	0.	0.	30.9124	-2.68221e-006	0	
16.3542	55.9774	861	0	364	380	380	365	372	1.55634	1.70784e-002	0.	36.3926	261.435	0.	0.514221	0.857658	0.	0.	30.9124	-2.68221e-006	0	
16.3716	57.2867	862	0	364	380	380	365	372	1.55634	1.70784e-002	0.	36.3926	261.435	0.	0.514221	0.857658	0.	0.	30.9124	-2.68221e-006	0	
16.3888	58.1875	863	0	364	380	380	365	372	1.55634	1.70784e-002	0.	36.3926	261.435	0.	0.514221	0.857658	0.	0.	30.9124	-2.68221e-006	0	
16.4066	56.2973	864	0	364	380	380	365	372	1.55634	1.70784e-002	0.	36.3926	261.435	0.	0.514221	0.857658	0.	0.	30.9124	-2.68221e-006	0	
16.4241	56.9959	865	0	364	380	380	365	372	1.55634	1.70784e-002	0.	36.3926	261.435	0.	0.514221	0.857658	0.	0.	30.9124	-2.68221e-006	0	
16.4413	58.0311	866	0	364	380	380	365	372	1.55634	1.70784e-002	0.	36.3926	261.435	0.	0.514221	0.857658	0.	0.	30.9124	-2.68221e-006	0	
16.4584	58.7721	867	0	364	380	380	365	372	1.55634	1.70784e-002	0.	36.3926	261.435	0.	0.514221	0.857658	0.	0.	30.9124	-2.68221e-006	0	
16.4757	57.5597	868	0	364	380	380	365	372	1.55634	1.70784e-002	0.	36.3926	261.435	0.	0.514221	0.857658	0.	0.	30.9124	-2.68221e-006	0	
16.4942	54.0147	869	0	364	380	380	365	372	1.55634	1.70784e-002	0.	36.3926	261.435	0.	0.514221	0.857658	0.	0.	30.9124	-2.68221e-006	0	
16.5127	54.2666	870	0	364	380	380	365	372	1.55634	1.70784e-002	0.	36.3926	261.435	0.	0.514221	0.857658	0.	0.	30.9124	-2.68221e-006	0	
16.5307	55.5634	871	0	364	380	380	365	372	1.55634	1.70784e-002	0.	36.3926	261.435	0.	0.514221	0.857658	0.	0.	30.9124	-2.68221e-006	0	
16.5479	58.1498	872	0	364	380	380	365	372	1.55634	1.70784e-002	0.	36.3926	261.435	0.	0.514221	0.857658	0.	0.	30.9124	-2.68221e-006	0	
16.566	55.169	873	0	364	380	380	365	372	1.55634	1.70784e-002	0.	36.3926	261.435	0.	0.514221	0.857658	0.	0.	30.9124	-2.68221e-006	0	
16.5841	55.226	874	0	364	380	380	365	372	1.55634	1.70784e-002	0.	36.3926	261.435	0.	0.514221	0.857658	0.	0.	30.9124	-2.68221e-006	0	
16.6021	55.5236	875	0	364	380	380	365	372	1.55634	1.70784e-002	0.	36.3926	261.435	0.	0.514221	0.857658	0.	0.	30.9124	-2.68221e-006	0	
16.6201	55.5167	876	0	364	380	380	365	372	1.55634	1.70784e-002	0.	36.3926	261.435	0.	0.514221	0.857658	0.	0.	30.9124	-2.68221e-006	0	
16.6382	55.2939	877	0	364	380	380	365	372	1.55634	1.70784e-002	0.	36.3926	261.435	0.	0.514221	0.857658	0.	0.	30.9124	-2.68221e-006	0	
16.6551	59.1716	878	0	364	380	380	365	372	1.55634	1.70784e-002	0.	36.3926	261.435	0.	0.514221	0.857658	0.	0.	30.9124	-2.68221e-006	0	
16.673	55.9677	879	0	364	380	380	365	372	1.55634	1.70784e-002	0.	36.3926	261.435	0.	0.514221	0.857658	0.	0.	30.9124	-2.68221e-006	0	
16.6906	56.6252	880	0	364	380	380	365	372	1.55634	1.70784e-002	0.	36.3926	261.435	0.	0.514221	0.857658	0.	0.	30.9124	-2.68221e-006	0	
16.7087	55.3839	881	0	364	380	380	365	372	1.55634	1.70784e-002	0.	36.3926	261.435	0.	0.514221	0.857658	0.	0.	30.9124	-2.68221e-006	0	
16.7258	58.3053	882	0	364	380	380	365	372	1.55634	1.70784e-002	0.	36.3926	261.435	0.	0.514221	0.857658	0.	0.	30.9124	-2.68221e-006	0	
16.7429	58.7675	883	0	364	380	380	365	372	1.55634	1.70784e-002	0.	36.3926	261.435	0.	0.514221	0.857658	0.	0.	30.9124	-2.68221e-006	0	
16.76	58.3629	884	0	364	380	380	365	372	1.55634	1.70784e-002	0.	36.3926	261.435	0.	0.514221	0.857658	0.	0.	30.9124	-2.68221e-006	0	
16.778	55.4208	885	0	364	380	380	365	372	1.55634	1.70784e-002	0.	36.3926	261.435	0.	0.514221	0.857658	0.	0.	30.9124	-2.68221e-006	0	
16.7963	54.6894	886	0	364	380	380	365	372	1.55634	1.70784e-002	0.	36.3926	261.435	0.	0.514221	0.857658	0.	0.	30.9124	-2.68221e-006	0	
16.8143	55.6116	887	0	364	380	380	365	372	1.55634	1.70784e-002	0.	36.3926	261.435	0.	0.514221	0.857658	0.	0.	30.9124	-2.68221e-006	0	
16.832	56.385	888	0	364	380	380	365	372	1.55634	1.70784e-002	0.	36.3926	261.435	0.	0.514221	0.857658	0.	0.	30.9124	-2.68221e-006	0	
16.849	59.0642	889	0	364	380	380	365	372	1.55634	1.70784e-002	0.	36.3926	261.435	0.	0.514221	0.857658	0.	0.	30.9124	-2.68221e-006	0	
16.8661	58.3295	890	0	364	380	380	365	372	1.55634	1.70784e-002	0.	36.3926	261.435	0.	0.514221	0.857658	0.	0.	30.9124	-2.68221e-006	0	
16.8838	56.5881	891	0	364	380	380	365	372	1.55634	1.70784e-002	0.	36.3926	261.435	0.	0.514221	0.857658	0.	0.	30.9124	-2.68221e-006	0	
16.9014	56.9237	892	0	364	380	380	365	372	1.55634	1.70784e-002	0.	36.3926	261.435	0.	0.514221	0.857658	0.	0.	30.9124	-2.68221e-006	0	
16.9196	54.9423	893	0	364	380	380	365	372	1.55634	1.70784e-002	0.	36.3926	261.435	0.	0.514221	0.857658	0.	0.	30.9124	-2.68221e-006	0	
16.9372	56.5853	894	0	364	380	380	365	372	1.55634	1.70784e-002	0.	36.3926	261.435	0.	0.514221	0.857658	0.	0.	30.9124	-2.68221e-006	0	
16.9544	58.2342	895	0	364	380	380	365	372	1.55634	1.70784e-002	0.	36.3926	261.435	0.	0.514221	0.857658	0.	0.	30.9124	-2.68221e-006	0	
16.9716	58.0461	896	0	364	380	380	365	372	1.55634	1.70784e-002	0.	36.3926	261.435	0.	0.514221	0.857658	0.	0.	30.9124	-2.68221e-006	0	
16.9892	57.0162	897	0	364	380	380	365	372	1.55634	1.70784e-002	0.	36.3926	261.435	0.	0.514221	0.857658	0.	0.	30.9124	-2.68221e-006	0	
17.0062	58.7368	898	0	364	380	380	365	372	1.55634	1.70784e-002	0.	36.3926	261.435	0.	0.514221	0.857658	0.	0.	30.9124	-2.68221e-006	0	
17.0236	57.4993	899	0	364	380	380	365	372	1.55634	1.70784e-002	0.	36.3926	261.435	0.	0.514221	0.857658	0.	0.	30.9124	-2.68221e-006	0	
17.0404	59.5118	900	0	364	380	380	365	372	1.55634	1.70784e-002	0.	36.3926	261.435	0.	0.514221	0.857658	0.	0.	30.9124	-2.68221e-006	0	
17.0579	57.2443	901	0	364	380	380	365	372	1.55634	1.70784e-002	0.	36.3926	261.435	0.	0.514221	0.857658	0.	0.	30.9124	-2.68221e-006	0	
17.076	55.0865	902	0	364	380	380	365	372	1.55634	1.70784e-002	0.	36.3926	261.435	0.	0.514221	0.857658	0.	0.	30.9124	-2.68221e-006	0	
17.0929	59.1171	903	0	364	380	380	365	372	1.55634	1.70784e-002	0.	36.3926	261.435	0.	0.514221	0.857658	0.	0.	30.9124	-2.68221e-006	0	
17.111	55.2477	904	0	364	380	380	365	372	1.55634	1.70784e-002	0.	36.3926	261.435	0.	0.514221	0.857658	0.	0.	30.9124	-2.68221e-006	0	
17.1292	55.1609	905	0	364	380	380	365	372	1.55634	1.70784e-002	0.	36.3926	261.435	0.	0.514221	0.857658	0.	0.	30.9124	-2.68221e-006	0	

