Time	FPS	Frame	Crash	RB	RU	LU	LB	Dither	DAngle	swAngle	OX	OY	OZ	HX	HY	HZ	HA	Speed
Time	FPS	Frame	0	-1	8	8	-1	0.	3.68032e-007	0.	0.	0.	0.	0.	1.	0.	0.	0.	
Time	FPS	Frame	0	-1	8	8	-1	3.68063e-013	3.68032e-007	0.	0.	0.	0.	0.	1.	0.	0.	0.	
Time	FPS	Frame	0	-1	8	8	-1	3.68063e-013	3.68032e-007	0.	0.	0.	0.	0.	1.	0.	0.	0.	
Time	FPS	Frame	0	-1	8	8	-1	3.68063e-013	3.68032e-007	0.	0.	0.	0.	0.	1.	0.	0.	0.	
Time	FPS	Frame	0	-1	8	8	-1	3.68063e-013	3.68032e-007	0.	0.	0.	0.	0.	1.	0.	0.	0.	
Time	FPS	Frame	0	-1	8	8	-1	3.68063e-013	3.68032e-007	0.	0.	0.	0.	0.	1.	0.	0.	0.	
Time	FPS	Frame	0	-1	8	8	-1	3.68063e-013	3.68032e-007	0.	0.	0.	0.	0.	1.	0.	0.	0.	
Time	FPS	Frame	0	-1	8	8	-1	3.68063e-013	3.68032e-007	0.	0.	0.	0.	0.	1.	0.	0.	0.	
Time	FPS	Frame	0	-1	8	8	-1	3.68063e-013	3.68032e-007	0.	0.	0.	0.	0.	1.	0.	0.	0.	
Time	FPS	Frame	0	-1	8	8	-1	3.68063e-013	3.68032e-007	0.	0.	0.	0.	0.	1.	0.	0.	0.	
Time	FPS	Frame	0	-1	8	8	-1	3.68063e-013	3.68032e-007	0.	0.	0.	0.	0.	1.	0.	0.	0.	
Time	FPS	Frame	0	-1	8	8	-1	3.68063e-013	3.68032e-007	0.	0.	0.	0.	0.	1.	0.	0.	0.	
Time	FPS	Frame	0	-1	8	8	-1	3.68063e-013	3.68032e-007	0.	0.	0.	0.	0.	1.	0.	0.	0.	
Time	FPS	Frame	0	-1	8	8	-1	3.68063e-013	3.68032e-007	0.	0.	0.	0.	0.	1.	0.	0.	0.	
Time	FPS	Frame	0	-1	8	8	-1	3.68063e-013	3.68032e-007	0.	0.	0.	0.	0.	1.	0.	0.	0.	
Time	FPS	Frame	0	-1	8	8	-1	3.68063e-013	3.68032e-007	0.	0.	0.	0.	0.	1.	0.	0.	0.	
Time	FPS	Frame	0	-1	8	8	-1	3.68063e-013	3.68032e-007	0.	0.	0.	0.	0.	1.	0.	0.	0.	
Time	FPS	Frame	0	-1	8	8	-1	3.68063e-013	3.68032e-007	0.	0.	0.	0.	0.	1.	0.	0.	0.	
Time	FPS	Frame	0	-1	8	8	-1	3.68063e-013	3.68032e-007	0.	0.	0.	0.	0.	1.	0.	0.	0.	
Time	FPS	Frame	0	-1	8	8	-1	3.68063e-013	3.68032e-007	0.	0.	0.	0.	0.	1.	0.	0.	0.	
Time	FPS	Frame	0	-1	8	8	-1	3.68063e-013	3.68032e-007	0.	0.	0.	0.	0.	1.	0.	0.	0.	
Time	FPS	Frame	0	-1	8	8	-1	3.68063e-013	3.68032e-007	0.	0.	0.	0.	0.	1.	0.	0.	0.	
Time	FPS	Frame	0	-1	8	8	-1	3.68063e-013	3.68032e-007	0.	0.	0.	0.	0.	1.	0.	0.	0.	
Time	FPS	Frame	0	-1	8	8	-1	3.68063e-013	3.68032e-007	0.	0.	0.	0.	0.	1.	0.	0.	0.	
Time	FPS	Frame	0	-1	8	8	-1	3.68063e-013	3.68032e-007	0.	0.	0.	0.	0.	1.	0.	0.	0.	
Time	FPS	Frame	0	-1	8	8	-1	2.04476e-008	3.68032e-007	0.	0.	5.55556e-002	0.	0.	1.	0.	0.	5.55556e-002	
Time	FPS	Frame	0	-1	8	8	-1	1.25663e-004	5.18881e-005	0.	1.25704e-004	0.111067	0.	5.22561e-005	1.	0.	0.	5.55556e-002	
Time	FPS	Frame	0	-1	8	8	-1	2.46893e-004	1.01087e-004	0.	2.46955e-004	0.16658	0.	1.01455e-004	1.	0.	0.	5.55556e-002	
Time	FPS	Frame	0	-1	9	9	-1	3.63931e-004	1.47408e-004	0.	3.64013e-004	0.222097	0.	1.47776e-004	1.	0.	0.	5.55556e-002	
Time	FPS	Frame	0	-1	9	9	-1	4.77022e-004	1.91018e-004	0.	4.77124e-004	0.277615	0.	1.91386e-004	1.	0.	0.	5.55556e-002	
Time	FPS	Frame	0	-1	9	9	-1	5.86398e-004	2.27998e-004	0.	5.8652e-004	0.333136	0.	2.32446e-004	1.	0.	0.	5.55556e-002	
Time	FPS	Frame	0	-1	9	9	-1	6.94724e-004	2.67783e-004	0.	6.95131e-004	0.388657	0.	2.72231e-004	1.	0.	0.	5.55556e-002	
Time	FPS	Frame	0	-1	9	9	-1	8.02969e-004	3.06601e-004	0.	8.03623e-004	0.44418	0.	3.11049e-004	1.	0.	0.	5.55556e-002	
Time	FPS	Frame	0	-1	10	10	-1	9.07904e-004	3.43146e-004	0.	9.08806e-004	0.499704	0.	3.47594e-004	1.	0.	0.	5.55556e-002	
Time	FPS	Frame	0	-1	10	10	-1	1.00972e-003	3.77553e-004	0.	1.01087e-003	0.555231	0.	3.82001e-004	1.	0.	0.	5.55556e-002	
Time	FPS	Frame	0	-1	10	10	-1	1.10861e-003	4.09946e-004	0.	1.11001e-003	0.610759	0.	4.14394e-004	1.	0.	0.	5.55556e-002	
Time	FPS	Frame	0	-1	10	10	-1	1.20474e-003	4.33693e-004	0.	1.20638e-003	0.666288	0.	4.44891e-004	1.	0.	0.	5.55556e-002	
Time	FPS	Frame	0	-1	10	10	-1	1.30089e-003	4.63711e-004	0.	1.3033e-003	0.721818	0.	4.74909e-004	1.	0.	0.	5.55556e-002	
Time	FPS	Frame	0	-1	10	10	-1	1.39462e-003	4.9197e-004	0.	1.39765e-003	0.77735	0.	5.03169e-004	1.	0.	0.	5.55556e-002	
Time	FPS	Frame	0	-1	11	11	-1	1.48594e-003	5.18574e-004	0.	1.48959e-003	0.832883	0.	5.29773e-004	1.	0.	0.	5.55556e-002	
Time	FPS	Frame	0	-1	11	11	-1	1.57499e-003	5.4362e-004	0.	1.57926e-003	0.888417	0.	5.54818e-004	1.	0.	0.	5.55556e-002	
Time	FPS	Frame	0	-1	11	11	-1	1.6619e-003	5.67199e-004	0.	1.66679e-003	0.943952	0.	5.78397e-004	1.	0.	0.	5.55556e-002	
Time	FPS	Frame	0	-1	11	11	-1	1.74679e-003	5.78791e-004	0.	1.75231e-003	0.999489	0.	6.00594e-004	1.	0.	0.	5.55556e-002	
Time	FPS	Frame	0	-1	11	11	-1	1.83254e-003	6.01225e-004	0.	1.83963e-003	1.05503	0.	6.23029e-004	1.	0.	0.	5.55556e-002	
Time	FPS	Frame	0	-1	12	12	-1	1.91673e-003	6.22345e-004	0.	1.92503e-003	1.11056	0.	6.44148e-004	1.	0.	0.	5.55556e-002	
Time	FPS	Frame	0	-1	12	12	-1	1.99912e-003	6.42226e-004	0.	2.00863e-003	1.1661	0.	6.6403e-004	1.	0.	0.	5.55556e-002	
Time	FPS	Frame	0	-1	12	12	-1	2.07981e-003	6.60941e-004	0.	2.09054e-003	1.22164	0.	6.82745e-004	1.	0.	0.	5.55556e-002	
Time	FPS	Frame	0	-1	12	12	-1	2.1589e-003	6.7856e-004	0.	2.17084e-003	1.27718	0.	7.00363e-004	1.	0.	0.	5.55556e-002	
Time	FPS	Frame	0	-1	12	12	-1	2.23649e-003	6.80603e-004	0.	2.24963e-003	1.33272	0.	7.16948e-004	1.	0.	0.	5.55556e-002	
Time	FPS	Frame	0	-1	13	12	-1	2.31538e-003	6.97993e-004	0.	2.33128e-003	1.38826	0.	7.34338e-004	1.	0.	0.	5.55556e-002	
Time	FPS	Frame	0	-1	13	13	-1	2.39353e-003	7.14362e-004	0.	2.41145e-003	1.44381	0.	7.50708e-004	1.	0.	0.	5.55556e-002	
Time	FPS	Frame	0	-1	13	13	-1	2.47027e-003	7.29771e-004	0.	2.49021e-003	1.49935	0.	7.66116e-004	1.	0.	0.	5.55556e-002	
Time	FPS	Frame	0	-1	13	13	-1	2.54569e-003	7.44275e-004	0.	2.56765e-003	1.55489	0.	7.80621e-004	1.	0.	0.	5.55556e-002	
Time	FPS	Frame	0	-1	13	13	-1	2.61988e-003	7.39749e-004	0.	2.64386e-003	1.61044	0.	7.94274e-004	1.	0.	0.	5.55556e-002	
Time	FPS	Frame	0	-1	13	13	-1	2.69645e-003	7.54603e-004	0.	2.72371e-003	1.66598	0.	8.09128e-004	1.	0.	0.	5.55556e-002	
Time	FPS	Frame	0	-1	14	14	-1	2.8491e-003	7.82568e-004	0.	2.88241e-003	1.77707	0.	8.37093e-004	1.	0.	0.	0.111111	
Time	FPS	Frame	0	-1	14	14	-1	2.99677e-003	8.07247e-004	0.	3.03614e-003	1.88816	0.	8.61772e-004	1.	0.	0.	0.111111	
Time	FPS	Frame	0	-1	15	15	-1	3.21351e-003	8.17637e-004	0.	3.26197e-003	2.05479	0.	8.94441e-004	1.	0.	0.	0.166667	
Time	FPS	Frame	0	-1	15	15	-1	3.44243e-003	8.29671e-004	0.	3.50692e-003	2.22143	0.	9.32553e-004	1.	0.	0.	0.166667	
Time	FPS	Frame	0	1	16	16	1	3.76021e-003	8.81564e-004	0.	3.84759e-003	2.44361	0.	9.84445e-004	1.	0.	0.	0.222222	
Time	FPS	Frame	0	1	17	17	1	4.05815e-003	8.90901e-004	0.	4.1684e-003	2.66579	0.	1.02413e-003	0.999999	0.	0.	0.222222	
Time	FPS	Frame	0	2	18	18	2	4.4375e-003	9.08381e-004	0.	4.58892e-003	2.94353	0.	1.07592e-003	0.999999	0.	0.	0.277778	
Time	FPS	Frame	0	3	19	19	3	4.82176e-003	9.21674e-004	0.	5.02347e-003	3.22126	0.	1.12757e-003	0.999999	0.	0.	0.277778	
Time	FPS	Frame	0	4	20	20	4	5.24107e-003	9.42162e-004	0.	5.50316e-003	3.49898	0.	1.19094e-003	0.999999	0.	0.	0.277778	
Time	FPS	Frame	0	5	21	21	5	5.63662e-003	9.46563e-004	0.	5.97034e-003	3.77672	0.	1.24286e-003	0.999999	0.	0.	0.277778	
Time	FPS	Frame	0	6	22	22	6	6.07377e-003	9.61732e-004	0.	6.49157e-003	4.05444	0.	1.30986e-003	0.999999	0.	0.	0.277778	
Time	FPS	Frame	0	7	23	23	7	6.48878e-003	9.6254e-004	0.	7.0042e-003	4.33217	0.	1.3665e-003	0.999999	0.	0.	0.277778	
Time	FPS	Frame	0	8	24	24	8	6.95089e-003	1.03668e-003	0.	7.57853e-003	4.60988	0.	1.44065e-003	0.999999	0.	0.	0.277778	
Time	FPS	Frame	0	9	25	25	9	7.34342e-003	1.01493e-003	0.	8.08326e-003	4.88763	0.	1.48045e-003	0.999999	0.	0.	0.277778	
Time	FPS	Frame	0	10	27	27	10	8.13665e-003	9.6634e-004	0.	9.15126e-003	5.44311	0.	1.56847e-003	0.999999	0.	0.	0.277778	
Time	FPS	Frame	0	11	28	28	11	8.57914e-003	9.76964e-004	0.	9.81246e-003	5.72081	0.	1.65433e-003	0.999999	0.	0.	0.277778	
Time	FPS	Frame	0	12	29	29	12	9.06573e-003	9.845e-004	0.	1.05044e-002	5.99851	0.	1.74284e-003	0.999998	0.	0.	0.277778	
Time	FPS	Frame	0	13	30	30	13	9.56317e-003	9.90656e-004	0.	1.12305e-002	6.27621	0.	1.83497e-003	0.999998	0.	0.	0.277778	
Time	FPS	Frame	0	14	31	31	14	1.00725e-002	9.95825e-004	0.	1.1993e-002	6.5539	0.	1.93123e-003	0.999998	0.	0.	0.277778	
Time	FPS	Frame	0	15	32	32	15	1.05941e-002	9.99427e-004	0.	1.27941e-002	6.8316	0.	2.03198e-003	0.999998	0.	0.	0.277778	
Time	FPS	Frame	0	16	33	33	16	1.11288e-002	1.0036e-003	0.	1.36363e-002	7.10928	0.	2.13777e-003	0.999998	0.	0.	0.277778	
Time	FPS	Frame	0	17	34	34	17	1.16765e-002	1.006e-003	0.	1.4521e-002	7.38697	0.	2.24853e-003	0.999997	0.	0.	0.277778	
Time	FPS	Frame	0	18	35	35	18	1.22629e-002	1.01886e-003	0.	1.54762e-002	7.66463	0.	2.37444e-003	0.999997	0.	0.	0.277778	
Time	FPS	Frame	0	19	37	36	19	1.28581e-002	1.02783e-003	0.	1.64733e-002	7.9423	0.	2.50299e-003	0.999997	0.	0.	0.277778	
Time	FPS	Frame	0	20	38	38	20	1.34637e-002	1.03442e-003	0.	1.75163e-002	8.21996	0.	2.63542e-003	0.999997	0.	0.	0.277778	
Time	FPS	Frame	0	21	39	39	21	1.40807e-002	1.04069e-003	0.	1.86083e-002	8.49762	0.	2.77252e-003	0.999996	0.	0.	0.277778	
Time	FPS	Frame	0	22	40	40	22	1.47095e-002	9.00071e-004	0.	1.97512e-002	8.77528	0.	2.9145e-003	0.999996	0.	0.	0.277778	
Time	FPS	Frame	0	24	42	42	24	1.61608e-002	9.4712e-004	0.	2.23586e-002	9.33053	0.	3.26887e-003	0.999995	0.	0.	0.277778	
Time	FPS	Frame	0	25	43	43	25	1.69213e-002	9.92151e-004	0.	2.38156e-002	9.60812	0.	3.47799e-003	0.999994	0.	0.	0.277778	
Time	FPS	Frame	0	26	45	44	26	1.77192e-002	1.02319e-003	0.	2.53139e-002	9.88573	0.	3.68078e-003	0.999993	0.	0.	0.277778	
Time	FPS	Frame	0	27	46	46	27	1.85455e-002	1.05806e-003	0.	2.68929e-002	10.1633	0.	3.8928e-003	0.999992	0.	0.	0.277778	
Time	FPS	Frame	0	28	47	47	28	1.93687e-002	1.08159e-003	0.	2.85229e-002	10.4409	0.	4.10188e-003	0.999992	0.	0.	0.277778	
Time	FPS	Frame	0	29	48	48	29	2.01939e-002	1.09904e-003	0.	3.02123e-002	10.7185	0.	4.31148e-003	0.999991	0.	0.	0.277778	
Time	FPS	Frame	0	31	51	50	31	2.18307e-002	1.07019e-003	0.	3.36653e-002	11.2737	0.	4.69084e-003	0.999989	0.	0.	0.277778	
Time	FPS	Frame	0	32	52	52	32	2.26386e-002	8.80886e-004	0.	3.56221e-002	11.5513	0.	4.94004e-003	0.999988	0.	0.	0.277778	
Time	FPS	Frame	0	33	53	53	33	2.36728e-002	9.74544e-004	0.	3.78459e-002	11.8288	0.	5.26464e-003	0.999986	0.	0.	0.277778	
Time	FPS	Frame	0	34	55	54	34	2.47613e-002	1.05209e-003	0.	4.014e-002	12.1063	0.	5.5817e-003	0.999984	0.	0.	0.277778	
Time	FPS	Frame	0	35	56	55	35	2.58209e-002	1.1051e-003	0.	4.24819e-002	12.3838	0.	5.88345e-003	0.999983	0.	0.	0.277778	
Time	FPS	Frame	0	37	57	57	36	2.68992e-002	1.15667e-003	0.	4.4923e-002	12.6613	0.	6.19107e-003	0.999981	0.	0.	0.277778	
Time	FPS	Frame	0	38	58	58	38	2.7961e-002	9.16754e-004	0.	4.7431e-002	12.9388	0.	6.49167e-003	0.999979	0.	0.	0.277778	
Time	FPS	Frame	0	39	60	59	39	2.91866e-002	1.02849e-003	0.	5.02686e-002	13.2162	0.	6.88612e-003	0.999976	0.	0.	0.277778	
Time	FPS	Frame	0	40	61	61	40	3.04629e-002	1.11895e-003	0.	5.31863e-002	13.4937	0.	7.26943e-003	0.999974	0.	0.	0.277778	
Time	FPS	Frame	0	41	63	62	41	3.16992e-002	1.17972e-003	0.	5.61609e-002	13.7711	0.	7.63386e-003	0.999971	0.	0.	0.277778	
Time	FPS	Frame	0	42	64	63	42	3.29503e-002	1.23901e-003	0.	5.9252e-002	14.0486	0.	8.00413e-003	0.999968	0.	0.	0.277778	
Time	FPS	Frame	0	43	65	65	43	3.41764e-002	9.46664e-004	0.	6.24226e-002	14.326	0.	8.36555e-003	0.999965	0.	0.	0.277778	
Time	FPS	Frame	0	45	67	66	44	3.56236e-002	1.09572e-003	0.	6.60335e-002	14.6034	0.	8.85675e-003	0.999961	0.	0.	0.277778	
Time	FPS	Frame	0	46	68	68	46	3.70815e-002	1.19634e-003	0.	6.96834e-002	14.8808	0.	9.31081e-003	0.999957	0.	0.	0.277778	
Time	FPS	Frame	0	47	70	69	47	3.85319e-002	9.08356e-004	0.	7.3447e-002	15.1581	0.	9.7602e-003	0.999952	0.	0.	0.277778	
Time	FPS	Frame	0	48	71	70	48	4.02159e-002	1.10453e-003	0.	7.76827e-002	15.4354	0.	1.03423e-002	0.999947	0.	0.	0.277778	
Time	FPS	Frame	0	50	73	72	49	4.18781e-002	1.23853e-003	0.	8.19433e-002	15.7127	0.	1.08722e-002	0.999941	0.	0.	0.277778	
Time	FPS	Frame	0	51	74	73	51	4.35141e-002	9.25662e-004	0.	8.63157e-002	15.99	0.	1.13887e-002	0.999935	0.	0.	0.277778	
Time	FPS	Frame	0	52	76	75	52	4.53511e-002	1.13691e-003	0.	9.11608e-002	16.2672	0.	1.2031e-002	0.999928	0.	0.	0.277778	
Time	FPS	Frame	0	53	77	76	53	4.72114e-002	1.29702e-003	0.	9.60856e-002	16.5444	0.	1.26358e-002	0.99992	0.	0.	0.277778	
Time	FPS	Frame	0	55	79	78	54	4.90281e-002	9.54986e-004	0.	0.101125	16.8216	0.	1.32203e-002	0.999913	0.	0.	0.277778	
Time	FPS	Frame	0	56	80	80	56	5.10502e-002	1.19587e-003	0.	0.106689	17.0988	0.	1.39434e-002	0.999903	0.	0.	0.277778	
Time	FPS	Frame	0	57	82	81	57	5.30954e-002	8.67009e-004	0.	0.112333	17.3759	0.	1.46205e-002	0.999893	0.	0.	0.277778	
Time	FPS	Frame	0	59	84	83	58	5.54134e-002	1.18066e-003	0.	0.118582	17.6529	0.	1.54571e-002	0.999881	0.	0.	0.277778	
Time	FPS	Frame	0	60	85	84	59	5.77016e-002	8.60219e-004	0.	0.124884	17.93	0.	1.62251e-002	0.999868	0.	0.	0.277778	
Time	FPS	Frame	0	61	87	86	61	6.02731e-002	1.22467e-003	0.	0.131819	18.2069	0.	1.71544e-002	0.999853	0.	0.	0.277778	
Time	FPS	Frame	0	63	89	88	62	6.27094e-002	8.66025e-004	0.	0.138724	18.4839	0.	1.79731e-002	0.999838	0.	0.	0.277778	
Time	FPS	Frame	0	64	90	89	64	6.54591e-002	1.25198e-003	0.	0.146322	18.7607	0.	1.89705e-002	0.99982	0.	0.	0.277778	
Time	FPS	Frame	0	65	92	91	65	6.81251e-002	8.87568e-004	0.	0.153955	19.0376	0.	1.98757e-002	0.999802	0.	0.	0.277778	
Time	FPS	Frame	0	67	94	93	66	7.11075e-002	1.31912e-003	0.	0.162324	19.3144	0.	2.09667e-002	0.99978	0.	0.	0.277778	
Time	FPS	Frame	0	68	96	95	68	7.39845e-002	9.34928e-004	0.	0.170716	19.5912	0.	2.19507e-002	0.999759	0.	0.	0.277778	
Time	FPS	Frame	0	70	98	96	69	7.71797e-002	1.40631e-003	0.	0.179897	19.8678	0.	2.31329e-002	0.999732	0.	0.	0.277778	
Time	FPS	Frame	0	71	99	98	71	8.02587e-002	9.94182e-004	0.	0.189091	20.1446	0.	2.41945e-002	0.999707	0.	0.	0.277778	
Time	FPS	Frame	0	73	101	100	72	8.36508e-002	7.24478e-004	0.	0.199137	20.4211	0.	2.547e-002	0.999676	0.	0.	0.277778	
Time	FPS	Frame	0	74	103	102	74	8.74934e-002	1.36446e-003	0.	0.209972	20.6975	0.	2.69133e-002	0.999638	0.	0.	0.277778	
Time	FPS	Frame	0	76	105	104	75	9.10839e-002	9.65144e-004	0.	0.220731	20.974	0.	2.8174e-002	0.999603	0.	0.	0.277778	
Time	FPS	Frame	0	77	107	106	77	9.49862e-002	7.0519e-004	0.	0.232412	21.2503	0.	2.96546e-002	0.99956	0.	0.	0.277778	
Time	FPS	Frame	0	79	109	108	78	9.93438e-002	1.45718e-003	0.	0.244953	21.5264	0.	3.13089e-002	0.99951	0.	0.	0.277778	
Time	FPS	Frame	0	80	111	110	80	0.103484	1.06403e-003	0.	0.257476	21.8026	0.	3.27802e-002	0.999463	0.	0.	0.277778	
Time	FPS	Frame	0	82	114	112	81	0.107905	8.10023e-004	0.	0.271002	22.0787	0.	3.44806e-002	0.999405	0.	0.	0.277778	
Time	FPS	Frame	0	84	116	114	83	0.112783	6.4938e-004	0.	0.285469	22.3545	0.	3.63628e-002	0.999339	0.	0.	0.277778	
Time	FPS	Frame	0	85	118	116	84	0.118057	5.44064e-004	0.	0.300845	22.6302	0.	3.83949e-002	0.999263	0.	0.	0.277778	
Time	FPS	Frame	0	87	120	118	86	0.123824	5.25593e-004	0.	0.31726	22.9056	0.	4.06111e-002	0.999175	0.	0.	0.277778	
Time	FPS	Frame	0	89	122	120	88	0.129886	5.089e-004	0.	0.334549	23.181	0.	4.29291e-002	0.999078	0.	0.	0.277778	
Time	FPS	Frame	0	90	125	123	89	0.136392	5.49828e-004	0.	0.352896	23.4561	0.	4.54085e-002	0.998969	0.	0.	0.277778	
Time	FPS	Frame	0	92	127	125	91	0.143144	5.67706e-004	0.	0.372144	23.7311	0.	4.7972e-002	0.998849	0.	0.	0.277778	
Time	FPS	Frame	0	94	130	127	93	0.150328	6.38728e-004	0.	0.392514	24.0059	0.	5.06961e-002	0.998714	0.	0.	0.277778	
Time	FPS	Frame	0	96	132	130	95	0.157717	6.64083e-004	0.	0.413825	24.2805	0.	5.34943e-002	0.998568	0.	0.	0.277778	
Time	FPS	Frame	0	97	135	132	96	0.165539	7.46071e-004	0.	0.436346	24.555	0.	5.64628e-002	0.998405	0.	0.	0.277778	
Time	FPS	Frame	0	99	137	135	98	0.173756	8.6276e-004	0.	0.460084	24.8292	0.	5.95865e-002	0.998223	0.	0.	0.277778	
Time	FPS	Frame	0	101	140	137	100	0.182107	9.13394e-004	0.	0.484834	25.1032	0.	6.27694e-002	0.998028	0.	0.	0.277778	
Time	FPS	Frame	0	103	143	140	102	0.190882	1.01686e-003	0.	0.51093	25.377	0.	6.61353e-002	0.997811	0.	0.	0.277778	
Time	FPS	Frame	0	105	145	142	104	0.200032	6.00096e-004	0.	0.538378	25.6506	0.	6.96674e-002	0.99757	0.	0.	0.277778	
Time	FPS	Frame	0	107	148	145	106	0.211144	2.77299e-004	0.	0.569213	25.923	0.	7.41413e-002	0.997248	0.	0.	0.277778	
Time	FPS	Frame	0	109	151	148	108	0.222167	7.93407e-004	0.	0.60071	26.1956	0.	7.83957e-002	0.996922	0.	0.	0.277778	
Time	FPS	Frame	0	111	154	151	110	0.233111	8.64753e-004	0.	0.633307	26.468	0.	8.26239e-002	0.996581	0.	0.	0.277778	
Time	FPS	Frame	0	113	157	154	112	0.246509	4.16431e-004	0.	0.670022	26.739	0.	8.8011e-002	0.99612	0.	0.	0.277778	
Time	FPS	Frame	0	115	160	157	114	0.259281	1.10389e-003	0.	0.70706	27.0104	0.	9.29474e-002	0.995671	0.	0.	0.277778	
Time	FPS	Frame	0	117	164	160	116	0.274529	5.09194e-004	0.	0.74841	27.2802	0.	9.90479e-002	0.995083	0.	0.	0.277778	
Time	FPS	Frame	0	120	167	163	118	0.289011	9.60735e-004	0.	0.790108	27.5504	0.	0.104631	0.994511	0.	0.	0.277778	
Time	FPS	Frame	0	122	170	166	121	0.305807	8.61418e-004	0.	0.836198	27.819	0.	0.111346	0.993782	0.	0.	0.277778	
Time	FPS	Frame	0	124	174	170	123	0.321432	7.59849e-004	0.	0.882378	28.0881	0.	0.117374	0.993088	0.	0.	0.277778	
Time	FPS	Frame	0	126	177	173	125	0.339276	1.43043e-003	0.	0.933161	28.3555	0.	0.124576	0.99221	0.	0.	0.277778	
Time	FPS	Frame	0	129	181	177	128	0.358885	1.65132e-003	0.	0.987578	28.6218	0.	0.132445	0.99119	0.	0.	0.277778	
Time	FPS	Frame	0	131	185	180	130	0.379987	1.55993e-003	0.	1.04547	28.8869	0.	0.14085	0.990031	0.	0.	0.277778	
Time	FPS	Frame	0	134	189	184	132	0.402097	1.34818e-003	0.	1.10647	29.1511	0.	0.149589	0.988748	0.	0.	0.277778	
Time	FPS	Frame	0	136	193	188	135	0.424998	1.10793e-003	0.	1.17048	29.4144	0.	0.158589	0.987345	0.	0.	0.277778	
Time	FPS	Frame	0	139	197	192	138	0.448608	8.33252e-004	0.	1.23753	29.6768	0.	0.167838	0.985815	0.	0.	0.277778	
Time	FPS	Frame	0	141	201	196	140	0.472828	5.55284e-004	0.	1.30765	29.9382	0.	0.177315	0.984154	0.	0.	0.277778	
Time	FPS	Frame	0	144	206	201	143	0.497614	3.49222e-003	0.	1.38089	30.1986	0.	0.187028	0.982355	0.	0.	0.277778	
Time	FPS	Frame	0	147	210	205	146	0.527975	1.0226e-003	0.	1.46269	30.4549	0.	0.199158	0.979967	0.	0.	0.277778	
Time	FPS	Frame	0	149	215	210	149	0.556031	3.45758e-003	0.	1.54462	30.7119	0.	0.210019	0.977697	0.	0.	0.277778	
Time	FPS	Frame	0	152	220	215	151	0.58648	1.51272e-003	0.	1.63241	30.9662	0.	0.222089	0.975026	0.	0.	0.277778	
Time	FPS	Frame	0	155	225	220	154	0.617616	3.36129e-003	0.	1.72334	31.2194	0.	0.234126	0.972206	0.	0.	0.277778	
Time	FPS	Frame	0	158	230	225	157	0.647728	5.58689e-003	0.	1.81738	31.4715	0.	0.246127	0.969238	0.	0.	0.277778	
Time	FPS	Frame	0	161	236	230	161	0.67738	8.1225e-003	0.	1.91454	31.7224	0.	0.25809	0.966121	0.	0.	0.277778	
Time	FPS	Frame	0	164	241	236	164	0.706356	1.09631e-002	0.	2.01479	31.972	0.	0.270014	0.962856	0.	0.	0.277778	
Time	FPS	Frame	0	168	247	241	167	0.734432	1.79398e-002	0.	2.11812	32.2204	0.	0.281897	0.959445	0.	0.	0.277778	
Time	FPS	Frame	0	171	252	247	171	0.76054	2.12675e-002	0.	2.22451	32.4675	0.	0.293736	0.955886	0.	0.	0.277778	
Time	FPS	Frame	0	174	258	253	174	0.786105	2.86796e-002	0.	2.33395	32.7133	0.	0.305531	0.952182	0.	0.	0.277778	
Time	FPS	Frame	0	178	264	259	178	0.809259	3.21806e-002	0.	2.44642	32.9577	0.	0.317279	0.948332	0.	0.	0.277778	
Time	FPS	Frame	0	181	270	265	181	0.83155	3.96007e-002	0.	2.5619	33.2007	0.	0.328978	0.944337	0.	0.	0.277778	
Time	FPS	Frame	0	185	276	271	185	0.851	4.67887e-002	0.	2.68037	33.4422	0.	0.340628	0.940198	0.	0.	0.277778	
Time	FPS	Frame	0	189	282	277	189	0.868436	5.35742e-002	0.	2.80183	33.6822	0.	0.352225	0.935915	0.	0.	0.277778	
Time	FPS	Frame	0	193	288	284	193	0.883824	6.3355e-002	0.	2.92624	33.9208	0.	0.363768	0.93149	0.	0.	0.277778	
Time	FPS	Frame	0	197	294	290	198	0.8962	6.85072e-002	0.	3.05359	34.1578	0.	0.375256	0.926921	0.	0.	0.277778	
Time	FPS	Frame	0	201	300	296	202	0.907737	7.57315e-002	0.	3.18386	34.3931	0.	0.386686	0.922211	0.	0.	0.277778	
Time	FPS	Frame	0	206	306	303	206	0.916767	8.1069e-002	0.	3.31703	34.6269	0.	0.398057	0.917361	0.	0.	0.277778	
Time	FPS	Frame	0	210	312	309	211	0.924731	8.41494e-002	0.	3.45308	34.859	0.	0.409368	0.91237	0.	0.	0.277778	
Time	FPS	Frame	0	215	318	315	216	0.9322	8.27361e-002	0.	3.59199	35.0894	0.	0.420615	0.907239	0.	0.	0.277778	
Time	FPS	Frame	0	220	324	322	221	0.94047	8.23966e-002	0.	3.73374	35.318	0.	0.431799	0.90197	0.	0.	0.277778	
Time	FPS	Frame	0	225	330	328	226	0.948515	7.7104e-002	0.	3.8783	35.5449	0.	0.442916	0.896563	0.	0.	0.277778	
Time	FPS	Frame	0	230	336	334	231	0.959037	6.84795e-002	0.	4.02566	35.77	0.	0.453966	0.891019	0.	0.	0.277778	
Time	FPS	Frame	0	235	342	340	237	0.972406	5.68626e-002	0.	4.17578	35.9933	0.	0.464947	0.885339	0.	0.	0.277778	
Time	FPS	Frame	0	240	348	347	242	0.989416	4.44975e-002	0.	4.32866	36.2146	0.	0.475856	0.879523	0.	0.	0.277778	
Time	FPS	Frame	0	246	354	353	248	1.00993	3.21151e-002	0.	4.48426	36.4341	0.	0.486693	0.873573	0.	0.	0.277778	
Time	FPS	Frame	0	252	360	359	254	1.03376	1.97446e-002	0.	4.64256	36.6516	0.	0.497455	0.86749	0.	0.	0.277778	
Time	FPS	Frame	0	257	366	365	260	1.0609	7.36097e-003	0.	4.80354	36.8672	0.	0.508141	0.861274	0.	0.	0.277778	
Time	FPS	Frame	0	264	372	372	266	1.06494	5.05414e-003	0.	4.94892	37.1016	0.	0.510128	0.860098	0.	0.	0.277778	
Time	FPS	Frame	0	270	378	378	272	1.06789	3.39999e-003	0.	5.09365	37.3371	0.	0.511557	0.859249	0.	0.	0.277778	
Time	FPS	Frame	0	276	384	384	279	1.0702	2.17816e-003	0.	5.23801	37.5732	0.	0.512622	0.858614	0.	0.	0.277778	
Time	FPS	Frame	0	283	390	390	285	1.0719	1.29215e-003	0.	5.382	37.8099	0.	0.513376	0.858164	0.	0.	0.277778	
Time	FPS	Frame	0	289	397	397	291	1.07324	6.85906e-004	0.	5.52579	38.0469	0.	0.513933	0.85783	0.	0.	0.277778	
Time	FPS	Frame	0	296	403	403	297	1.0743	1.77667e-004	0.	5.66941	38.2842	0.	0.514341	0.857586	0.	0.	0.277778	
Time	FPS	Frame	0	302	409	409	304	1.07512	9.50955e-005	0.	5.81288	38.5218	0.	0.514623	0.857417	0.	0.	0.277778	
Time	FPS	Frame	0	309	415	415	310	1.07587	4.08682e-004	0.	5.95633	38.7594	0.	0.51486	0.857275	0.	0.	0.277778	
Time	FPS	Frame	0	315	422	422	316	1.07651	6.0815e-004	0.	6.0997	38.9971	0.	0.515026	0.857175	0.	0.	0.277778	
Time	FPS	Frame	0	322	428	428	322	1.07708	7.63e-004	0.	6.24304	39.2349	0.	0.515155	0.857097	0.	0.	0.277778	
Time	FPS	Frame	0	328	434	434	329	1.07759	8.41492e-004	0.	6.38634	39.4727	0.	0.515251	0.857039	0.	0.	0.277778	
Time	FPS	Frame	0	334	440	440	335	1.07806	9.54894e-004	0.	6.52962	39.7106	0.	0.515326	0.856994	0.	0.	0.277778	
Time	FPS	Frame	0	341	446	446	341	1.07851	1.04907e-003	0.	6.67289	39.9485	0.	0.515384	0.85696	0.	0.	0.277778	
Time	FPS	Frame	0	347	453	453	347	1.07891	1.0633e-003	0.	6.81612	40.1865	0.	0.515417	0.85694	0.	0.	0.277778	
Time	FPS	Frame	0	353	459	459	354	1.07932	1.13511e-003	0.	6.95938	40.4244	0.	0.515455	0.856916	0.	0.	0.277778	
Time	FPS	Frame	0	359	465	465	360	1.0797	1.14795e-003	0.	7.1026	40.6624	0.	0.515477	0.856903	0.	0.	0.277778	
Time	FPS	Frame	0	366	471	471	366	1.0801	1.12993e-003	0.	7.24585	40.9004	0.	0.515504	0.856887	0.	0.	0.277778	
Time	FPS	Frame	0	372	478	478	372	1.08051	1.22511e-003	0.	7.38911	41.1383	0.	0.515536	0.856868	0.	0.	0.277778	
Time	FPS	Frame	0	378	484	484	378	1.08091	1.22142e-003	0.	7.53235	41.3763	0.	0.515552	0.856858	0.	0.	0.277778	
Time	FPS	Frame	0	385	490	490	385	1.0813	1.24365e-003	0.	7.6756	41.6143	0.	0.515569	0.856848	0.	0.	0.277778	
Time	FPS	Frame	0	391	496	496	391	1.0817	1.28469e-003	0.	7.81885	41.8522	0.	0.515588	0.856837	0.	0.	0.277778	
Time	FPS	Frame	0	397	502	503	397	1.08213	1.30492e-003	0.	7.96211	42.0902	0.	0.515608	0.856825	0.	0.	0.277778	
Time	FPS	Frame	0	403	509	509	403	1.08257	1.26757e-003	0.	8.10539	42.3281	0.	0.515635	0.856808	0.	0.	0.277778	
Time	FPS	Frame	0	410	515	515	410	1.08302	1.38335e-003	0.	8.24869	42.5661	0.	0.515668	0.856788	0.	0.	0.277778	
Time	FPS	Frame	0	416	521	521	416	1.08347	1.35291e-003	0.	8.39197	42.804	0.	0.515684	0.856779	0.	0.	0.277778	
Time	FPS	Frame	0	422	527	527	422	1.08394	1.45242e-003	0.	8.53528	43.0419	0.	0.515716	0.856759	0.	0.	0.277778	
Time	FPS	Frame	0	428	534	534	428	1.08443	1.44771e-003	0.	8.67858	43.2799	0.	0.515739	0.856746	0.	0.	0.277778	
Time	FPS	Frame	0	434	540	540	435	1.0849	1.48327e-003	0.	8.8219	43.5178	0.	0.515766	0.85673	0.	0.	0.277778	
Time	FPS	Frame	0	441	546	546	441	1.08539	1.42106e-003	0.	8.96522	43.7557	0.	0.515791	0.856715	0.	0.	0.277778	
Time	FPS	Frame	0	447	552	552	447	1.08592	1.62851e-003	0.	9.1086	43.9936	0.	0.515837	0.856687	0.	0.	0.277778	
Time	FPS	Frame	0	453	559	559	453	1.08639	1.58935e-003	0.	9.25187	44.2316	0.	0.515834	0.856689	0.	0.	0.277778	
Time	FPS	Frame	0	459	565	565	459	1.08689	1.56876e-003	0.	9.39521	44.4695	0.	0.515857	0.856675	0.	0.	0.277778	
Time	FPS	Frame	0	466	571	571	466	1.08745	1.59772e-003	0.	9.5386	44.7073	0.	0.5159	0.856649	0.	0.	0.277778	
Time	FPS	Frame	0	472	577	577	472	1.08822	1.78148e-003	0.	9.68212	44.945	0.	0.516005	0.856585	0.	0.	0.277778	
Time	FPS	Frame	0	478	583	584	478	1.08892	1.81016e-003	0.	9.82559	45.1828	0.	0.516068	0.856547	0.	0.	0.277778	
Time	FPS	Frame	0	484	590	590	484	1.08961	1.85263e-003	0.	9.96908	45.4206	0.	0.516131	0.85651	0.	0.	0.277778	
Time	FPS	Frame	0	491	596	596	491	1.09037	1.98441e-003	0.	10.1126	45.6583	0.	0.51621	0.856462	0.	0.	0.277778	
Time	FPS	Frame	0	497	602	602	497	1.09109	2.09094e-003	0.	10.2561	45.8961	0.	0.516259	0.856432	0.	0.	0.277778	
Time	FPS	Frame	0	503	608	608	503	1.0918	2.12096e-003	0.	10.3996	46.1339	0.	0.5163	0.856408	0.	0.	0.277778	
Time	FPS	Frame	0	509	615	615	509	1.09256	2.14553e-003	0.	10.5431	46.3716	0.	0.516359	0.856372	0.	0.	0.277778	
Time	FPS	Frame	0	515	621	621	515	1.09335	2.27781e-003	0.	10.6867	46.6094	0.	0.516424	0.856333	0.	0.	0.277778	
Time	FPS	Frame	0	522	627	627	522	1.09414	2.29123e-003	0.	10.8303	46.8471	0.	0.516472	0.856304	0.	0.	0.277778	
Time	FPS	Frame	0	528	633	633	528	1.09499	2.35307e-003	0.	10.9739	47.0848	0.	0.516544	0.85626	0.	0.	0.277778	
Time	FPS	Frame	0	534	640	640	534	1.0959	2.52061e-003	0.	11.1175	47.3225	0.	0.516627	0.85621	0.	0.	0.277778	
Time	FPS	Frame	0	540	646	646	540	1.09683	2.53032e-003	0.	11.2612	47.5601	0.	0.516699	0.856167	0.	0.	0.277778	
Time	FPS	Frame	0	547	652	652	547	1.09782	2.66038e-003	0.	11.4049	47.7977	0.	0.516792	0.856111	0.	0.	0.277778	
Time	FPS	Frame	0	553	659	658	553	1.09883	2.77604e-003	0.	11.5487	48.0353	0.	0.51688	0.856058	0.	0.	0.277778	
Time	FPS	Frame	0	559	665	665	559	1.09989	2.9498e-003	0.	11.6924	48.2729	0.	0.516973	0.856002	0.	0.	0.277778	
Time	FPS	Frame	0	565	671	671	565	1.10098	2.99871e-003	0.	11.8362	48.5104	0.	0.517059	0.85595	0.	0.	0.277778	
Time	FPS	Frame	0	571	678	677	572	1.10212	3.1026e-003	0.	11.9801	48.748	0.	0.517163	0.855887	0.	0.	0.277778	
Time	FPS	Frame	0	578	684	683	578	1.10332	3.2034e-003	0.	12.124	48.9854	0.	0.517276	0.855819	0.	0.	0.277778	
Time	FPS	Frame	0	584	691	690	584	1.1047	3.38701e-003	0.	12.268	49.2228	0.	0.517433	0.855724	0.	0.	0.277778	
Time	FPS	Frame	0	590	697	696	590	1.1061	3.61309e-003	0.	12.412	49.4601	0.	0.517581	0.855634	0.	0.	0.277778	
Time	FPS	Frame	0	596	703	702	596	1.10756	3.77148e-003	0.	12.5561	49.6974	0.	0.517725	0.855547	0.	0.	0.277778	
Time	FPS	Frame	0	603	710	708	603	1.10943	4.11953e-003	0.	12.7005	49.9344	0.	0.517996	0.855383	0.	0.	0.277778	
Time	FPS	Frame	0	609	717	715	609	1.11138	4.39301e-003	0.	12.8449	50.1714	0.	0.518256	0.855225	0.	0.	0.277778	
Time	FPS	Frame	0	615	723	721	615	1.11344	4.6813e-003	0.	12.9895	50.4083	0.	0.518533	0.855058	0.	0.	0.277778	
Time	FPS	Frame	0	621	730	727	621	1.11569	5.0973e-003	0.	13.1342	50.645	0.	0.518843	0.85487	0.	0.	0.277778	
Time	FPS	Frame	0	628	736	733	628	1.11805	5.45037e-003	0.	13.2789	50.8818	0.	0.519149	0.854684	0.	0.	0.277778	
Time	FPS	Frame	0	634	742	739	634	1.1207	5.85387e-003	0.	13.4239	51.1183	0.	0.519519	0.854459	0.	0.	0.277778	
Time	FPS	Frame	0	640	749	746	640	1.12424	6.59608e-003	0.	13.5696	51.3541	0.	0.520144	0.854079	0.	0.	0.277778	
Time	FPS	Frame	0	646	755	751	646	1.12795	7.22702e-003	0.	13.7153	51.5898	0.	0.520756	0.853705	0.	0.	0.277778	
Time	FPS	Frame	0	653	761	757	653	1.13235	8.2138e-003	0.	13.8616	51.8251	0.	0.521531	0.853232	0.	0.	0.277778	
Time	FPS	Frame	0	659	767	763	659	1.13805	9.54449e-003	0.	14.0088	52.0594	0.	0.522639	0.852554	0.	0.	0.277778	
Time	FPS	Frame	0	665	772	768	665	1.14485	9.93446e-003	0.	14.1568	52.2929	0.	0.523986	0.851727	0.	0.	0.277778	
Time	FPS	Frame	0	671	778	774	671	1.15453	7.89009e-003	0.	14.3071	52.5239	0.	0.526242	0.850335	0.	0.	0.277778	
Time	FPS	Frame	0	678	783	779	678	1.16893	2.98932e-003	0.	14.4618	52.75	0.	0.530293	0.847814	0.	0.	0.277778	
Time	FPS	Frame	0	684	788	784	684	1.19362	4.94458e-004	0.	14.6256	52.9658	0.	0.538161	0.842842	0.	0.	0.277778	
Time	FPS	Frame	0	690	793	789	690	1.22558	1.8518e-003	0.	14.7966	53.1734	0.	0.54854	0.836125	0.	0.	0.277778	
Time	FPS	Frame	0	696	798	794	696	1.25663	7.00412e-003	0.	14.9702	53.3789	0.	0.558834	0.829279	0.	0.	0.277778	
Time	FPS	Frame	0	702	802	799	703	1.28599	1.43473e-002	0.	15.1464	53.5823	0.	0.569043	0.822307	0.	0.	0.277778	
Time	FPS	Frame	0	708	806	803	709	1.31311	1.99874e-002	0.	15.325	53.7834	0.	0.579166	0.81521	0.	0.	0.277778	
Time	FPS	Frame	0	714	811	807	715	1.33838	3.06956e-002	0.	15.5061	53.9824	0.	0.589199	0.807988	0.	0.	0.277778	
Time	FPS	Frame	0	720	815	812	721	1.35978	3.85387e-002	0.	15.6897	54.1791	0.	0.599143	0.800642	0.	0.	0.277778	
Time	FPS	Frame	0	726	819	816	728	1.37909	5.12043e-002	0.	15.8756	54.3735	0.	0.608995	0.793174	0.	0.	0.277778	
Time	FPS	Frame	0	732	822	820	734	1.39407	6.02598e-002	0.	16.064	54.5656	0.	0.618754	0.785585	0.	0.	0.277778	
Time	FPS	Frame	0	738	826	824	740	1.40711	6.94293e-002	0.	16.2547	54.7553	0.	0.628419	0.777875	0.	0.	0.277778	
Time	FPS	Frame	0	744	830	827	746	1.41726	7.86393e-002	0.	16.4478	54.9427	0.	0.637987	0.770047	0.	0.	0.277778	
Time	FPS	Frame	0	750	833	831	752	1.42471	8.3456e-002	0.	16.6431	55.1277	0.	0.647458	0.762101	0.	0.	0.277778	
Time	FPS	Frame	0	756	837	834	758	1.43117	9.23253e-002	0.	16.8407	55.3102	0.	0.65683	0.754039	0.	0.	0.277778	
Time	FPS	Frame	0	761	840	838	764	1.43401	9.66778e-002	0.	17.0406	55.4903	0.	0.666101	0.745861	0.	0.	0.277778	
Time	FPS	Frame	0	767	843	841	769	1.43654	0.100871	0.	17.2427	55.6679	0.	0.675271	0.73757	0.	0.	0.277778	
Time	FPS	Frame	0	772	846	844	775	1.43749	0.104595	0.	17.4469	55.843	0.	0.684338	0.729165	0.	0.	0.277778	
Time	FPS	Frame	0	777	849	848	780	1.43723	0.107967	0.	17.6533	56.0155	0.	0.6933	0.720649	0.	0.	0.277778	
Time	FPS	Frame	0	782	852	851	785	1.43597	0.110938	0.	17.8619	56.1855	0.	0.702156	0.712023	0.	0.	0.277778	
Time	FPS	Frame	0	787	855	854	790	1.43399	0.113524	0.	18.0725	56.3529	0.	0.710904	0.703289	0.	0.	0.277778	
Time	FPS	Frame	0	792	858	856	795	1.43154	0.115709	0.	18.2851	56.5177	0.	0.719544	0.694446	0.	0.	0.277778	
Time	FPS	Frame	0	797	860	859	799	1.42889	0.113865	0.	18.4998	56.6798	0.	0.728075	0.685498	0.	0.	0.277778	
Time	FPS	Frame	0	801	863	862	804	1.42776	0.1118	0.	18.7165	56.8393	0.	0.736493	0.676445	0.	0.	0.277778	
Time	FPS	Frame	0	806	866	865	808	1.42685	0.112808	0.	18.9351	56.9961	0.	0.7448	0.667288	0.	0.	0.277778	
Time	FPS	Frame	0	810	868	867	812	1.42476	0.110199	0.	19.1557	57.1501	0.	0.752992	0.65803	0.	0.	0.277778	
Time	FPS	Frame	0	814	871	870	816	1.42469	0.107231	0.	19.3781	57.3015	0.	0.761069	0.648671	0.	0.	0.277778	
Time	FPS	Frame	0	818	873	873	820	1.42538	0.104049	0.	19.6024	57.45	0.	0.76903	0.639212	0.	0.	0.277778	
Time	FPS	Frame	0	822	876	875	824	1.42689	0.100631	0.	19.8285	57.5958	0.	0.776874	0.629657	0.	0.	0.277778	
Time	FPS	Frame	0	825	878	877	828	1.42939	9.69785e-002	0.	20.0564	57.7388	0.	0.784598	0.620004	0.	0.	0.277778	
Time	FPS	Frame	0	829	880	880	831	1.43301	9.30507e-002	0.	20.286	57.8789	0.	0.792203	0.610257	0.	0.	0.277778	
Time	FPS	Frame	0	832	882	882	835	1.43788	8.90482e-002	0.	20.5174	58.0162	0.	0.799687	0.600417	0.	0.	0.277778	
Time	FPS	Frame	0	836	885	884	838	1.44403	8.22615e-002	0.	20.7504	58.1506	0.	0.807048	0.590485	0.	0.	0.277778	
Time	FPS	Frame	0	839	887	887	842	1.45268	7.818e-002	0.	20.9851	58.2822	0.	0.814287	0.580463	0.	0.	0.277778	
Time	FPS	Frame	0	842	889	889	845	1.46147	7.13267e-002	0.	21.2214	58.4108	0.	0.8214	0.570352	0.	0.	0.277778	
Time	FPS	Frame	0	845	891	891	848	1.47294	6.70541e-002	0.	21.4592	58.5365	0.	0.828388	0.560154	0.	0.	0.277778	
Time	FPS	Frame	0	848	893	893	851	1.48468	6.01148e-002	0.	21.6986	58.6592	0.	0.83525	0.54987	0.	0.	0.277778	
Time	FPS	Frame	0	851	895	895	854	1.49918	5.57328e-002	0.	21.9395	58.779	0.	0.841984	0.539503	0.	0.	0.277778	
Time	FPS	Frame	0	854	897	897	857	1.51407	4.87395e-002	0.	22.1819	58.8958	0.	0.848589	0.529052	0.	0.	0.277778	
Time	FPS	Frame	0	857	899	899	859	1.53177	4.15536e-002	0.	22.4257	59.0096	0.	0.855065	0.518521	0.	0.	0.277778	
Time	FPS	Frame	0	860	901	901	862	1.55128	3.68747e-002	0.	22.6709	59.1203	0.	0.86141	0.507911	0.	0.	0.277778	
Time	FPS	Frame	0	862	902	903	865	1.57136	2.96228e-002	0.	22.9174	59.2281	0.	0.867623	0.497223	0.	0.	0.277778	
Time	FPS	Frame	0	865	904	905	868	1.59439	2.22283e-002	0.	23.1652	59.3327	0.	0.873703	0.486459	0.	0.	0.277778	
Time	FPS	Frame	0	867	906	907	870	1.61932	1.48836e-002	0.	23.4143	59.4343	0.	0.87965	0.475621	0.	0.	0.277778	
Time	FPS	Frame	0	870	908	908	873	1.64612	7.4271e-003	0.	23.6647	59.5328	0.	0.885463	0.46471	0.	0.	0.277778	
Time	FPS	Frame	0	872	910	910	875	1.66511	3.64242e-003	0.	23.9146	59.6384	0.	0.889445	0.457042	0.	0.	0.277778	
Time	FPS	Frame	0	875	911	912	877	1.67835	2.33629e-003	0.	24.1643	59.7488	0.	0.892202	0.451636	0.	0.	0.277778	
Time	FPS	Frame	0	877	913	914	880	1.68958	1.89641e-003	0.	24.4143	59.8601	0.	0.894526	0.447015	0.	0.	0.277778	
Time	FPS	Frame	0	880	915	915	882	1.69997	1.75281e-003	0.	24.6648	59.9711	0.	0.896668	0.442704	0.	0.	0.277778	
Time	FPS	Frame	0	882	917	917	884	1.70995	1.75165e-003	0.	24.9157	60.0815	0.	0.898707	0.43855	0.	0.	0.277778	
Time	FPS	Frame	0	884	918	919	887	1.71959	1.81624e-003	0.	25.167	60.191	0.	0.900664	0.434516	0.	0.	0.277778	
Time	FPS	Frame	0	887	920	920	889	1.72906	1.87749e-003	0.	25.4188	60.2997	0.	0.902565	0.430553	0.	0.	0.277778	
Time	FPS	Frame	0	889	922	922	891	1.73838	2.01251e-003	0.	25.6711	60.4075	0.	0.904412	0.426659	0.	0.	0.277778	
Time	FPS	Frame	0	891	923	924	893	1.74759	2.10076e-003	0.	25.9238	60.5144	0.	0.906217	0.422813	0.	0.	0.277778	
Time	FPS	Frame	0	893	925	925	895	1.75677	2.20633e-003	0.	26.1769	60.6203	0.	0.907979	0.419016	0.	0.	0.277778	
Time	FPS	Frame	0	895	926	927	897	1.76592	1.393e-004	0.	26.4305	60.7254	0.	0.909703	0.41526	0.	0.	0.277778	
Time	FPS	Frame	0	897	928	928	899	1.77351	1.21494e-003	0.	26.6841	60.8321	0.	0.911002	0.412403	0.	0.	0.277778	
Time	FPS	Frame	0	899	929	930	901	1.78094	1.81837e-003	0.	26.9383	60.9371	0.	0.912441	0.409209	0.	0.	0.277778	
Time	FPS	Frame	0	901	931	931	903	1.78895	2.19513e-003	0.	27.1928	61.0406	0.	0.91395	0.405826	0.	0.	0.277778	
Time	FPS	Frame	0	903	932	933	905	1.79726	4.74357e-004	0.	27.4478	61.1429	0.	0.915476	0.402373	0.	0.	0.277778	
Time	FPS	Frame	0	905	934	934	907	1.80427	1.52522e-003	0.	27.7029	61.2466	0.	0.916652	0.399687	0.	0.	0.277778	
Time	FPS	Frame	0	907	935	936	908	1.81133	2.06169e-003	0.	27.9584	61.3486	0.	0.917966	0.39666	0.	0.	0.277778	
Time	FPS	Frame	0	909	937	937	910	1.81895	6.09232e-004	0.	28.2142	61.4493	0.	0.919332	0.393482	0.	0.	0.277778	
Time	FPS	Frame	0	911	938	939	912	1.82557	1.63117e-003	0.	28.4703	61.5509	0.	0.920421	0.390928	0.	0.	0.277778	
Time	FPS	Frame	0	912	940	940	914	1.83235	3.78722e-004	0.	28.7267	61.6509	0.	0.921642	0.38804	0.	0.	0.277778	
Time	FPS	Frame	0	914	941	941	915	1.83847	1.53987e-003	0.	28.9833	61.7516	0.	0.922636	0.385672	0.	0.	0.277778	
Time	FPS	Frame	0	916	943	943	917	1.84481	3.97768e-004	0.	29.2403	61.8506	0.	0.92378	0.382924	0.	0.	0.277778	
Time	FPS	Frame	0	918	944	944	919	1.85064	1.58245e-003	0.	29.4974	61.9501	0.	0.92472	0.380649	0.	0.	0.277778	
Time	FPS	Frame	0	919	945	946	921	1.85667	5.47903e-004	0.	29.7549	62.048	0.	0.925807	0.377997	0.	0.	0.277778	
Time	FPS	Frame	0	921	947	947	922	1.86231	1.64549e-003	0.	30.0126	62.1464	0.	0.926713	0.375769	0.	0.	0.277778	
Time	FPS	Frame	0	923	948	948	924	1.86819	6.64986e-004	0.	30.2705	62.2431	0.	0.927755	0.373189	0.	0.	0.277778	
Time	FPS	Frame	0	924	949	949	925	1.8737	1.75291e-003	0.	30.5287	62.3403	0.	0.92863	0.371006	0.	0.	0.277778	
Time	FPS	Frame	0	926	951	951	927	1.87949	7.94497e-004	0.	30.7871	62.4358	0.	0.929638	0.368475	0.	0.	0.277778	
Time	FPS	Frame	0	928	952	952	928	1.88485	1.86034e-003	0.	31.0458	62.5319	0.	0.930478	0.366347	0.	0.	0.277778	
Time	FPS	Frame	0	929	953	953	930	1.8906	8.71853e-004	0.	31.3047	62.6263	0.	0.93145	0.363869	0.	0.	0.277778	
Time	FPS	Frame	0	931	954	955	931	1.8959	2.88447e-004	0.	31.5638	62.7212	0.	0.932261	0.361787	0.	0.	0.277778	
Time	FPS	Frame	0	932	956	956	933	1.90057	1.58297e-003	0.	31.8231	62.8162	0.	0.932974	0.359944	0.	0.	0.277778	
Time	FPS	Frame	0	934	957	957	934	1.90568	8.38075e-004	0.	32.0826	62.9096	0.	0.933839	0.357694	0.	0.	0.277778	
Time	FPS	Frame	0	935	958	958	936	1.91061	3.42219e-004	0.	32.3423	63.0032	0.	0.934586	0.355738	0.	0.	0.277778	
Time	FPS	Frame	0	937	959	959	937	1.91501	1.64334e-003	0.	32.6021	63.0968	0.	0.935252	0.353983	0.	0.	0.277778	
Time	FPS	Frame	0	938	960	961	939	1.91993	8.33278e-004	0.	32.8622	63.1887	0.	0.936071	0.35181	0.	0.	0.277778	
Time	FPS	Frame	0	939	962	962	940	1.9246	4.82414e-004	0.	33.1225	63.281	0.	0.936764	0.349961	0.	0.	0.277778	
Time	FPS	Frame	0	941	963	963	942	1.92883	1.74421e-003	0.	33.3829	63.3732	0.	0.937397	0.348262	0.	0.	0.277778	
Time	FPS	Frame	0	942	964	964	943	1.93365	9.91545e-004	0.	33.6436	63.4638	0.	0.938176	0.346157	0.	0.	0.277778	
Time	FPS	Frame	0	944	965	965	944	1.93823	5.68744e-004	0.	33.9044	63.5546	0.	0.938842	0.344348	0.	0.	0.277778	
Time	FPS	Frame	0	945	966	966	946	1.94237	3.19653e-004	0.	34.1654	63.6454	0.	0.939442	0.342709	0.	0.	0.277778	
Time	FPS	Frame	0	946	967	967	947	1.94619	1.68776e-004	0.	34.4265	63.7361	0.	0.939999	0.341176	0.	0.	0.277778	
Time	FPS	Frame	0	948	969	969	948	1.94977	1.55644e-003	0.	34.6877	63.8266	0.	0.940525	0.339723	0.	0.	0.277778	
Time	FPS	Frame	0	949	970	970	950	1.95396	1.00537e-003	0.	34.9492	63.9154	0.	0.941208	0.337827	0.	0.	0.277778	
Time	FPS	Frame	0	950	971	971	951	1.95812	6.3767e-004	0.	35.2108	64.0044	0.	0.941807	0.336155	0.	0.	0.277778	
Time	FPS	Frame	0	952	972	972	952	1.96193	4.29462e-004	0.	35.4725	64.0933	0.	0.942352	0.334624	0.	0.	0.277778	
Time	FPS	Frame	0	953	973	973	953	1.96548	3.33774e-004	0.	35.7344	64.182	0.	0.942862	0.333184	0.	0.	0.277778	
Time	FPS	Frame	0	954	974	974	955	1.96886	1.64954e-003	0.	35.9964	64.2705	0.	0.943353	0.331791	0.	0.	0.277778	
Time	FPS	Frame	0	955	975	975	956	1.97283	1.1288e-003	0.	36.2586	64.3574	0.	0.943978	0.330007	0.	0.	0.277778	
Time	FPS	Frame	0	957	976	976	957	1.9768	7.87454e-004	0.	36.5209	64.4444	0.	0.944534	0.328413	0.	0.	0.277778	
Time	FPS	Frame	0	958	977	977	958	1.98047	5.95903e-004	0.	36.7834	64.5314	0.	0.945044	0.326945	0.	0.	0.277778	
Time	FPS	Frame	0	959	978	978	959	1.98389	5.01899e-004	0.	37.046	64.6182	0.	0.945518	0.32557	0.	0.	0.277778	
Time	FPS	Frame	0	960	979	979	961	1.98718	4.30551e-004	0.	37.3087	64.7047	0.	0.945975	0.32424	0.	0.	0.277778	
Time	FPS	Frame	0	961	980	980	962	1.99033	3.75731e-004	0.	37.5715	64.791	0.	0.946414	0.322955	0.	0.	0.277778	
Time	FPS	Frame	0	963	981	981	963	1.99336	3.64982e-004	0.	37.8345	64.8771	0.	0.946839	0.321706	0.	0.	0.277778	
Time	FPS	Frame	0	964	982	982	964	1.99631	3.82926e-004	0.	38.0975	64.9629	0.	0.947256	0.320477	0.	0.	0.277778	
Time	FPS	Frame	0	965	983	983	965	1.9992	1.66643e-003	0.	38.3607	65.0483	0.	0.947668	0.319257	0.	0.	0.277778	
Time	FPS	Frame	0	966	984	984	966	2.00273	1.24942e-003	0.	38.624	65.1323	0.	0.948208	0.317651	0.	0.	0.277778	
Time	FPS	Frame	0	967	985	985	968	2.00633	9.42816e-004	0.	38.8874	65.2163	0.	0.948693	0.316198	0.	0.	0.277778	
Time	FPS	Frame	0	968	986	986	969	2.00969	7.60304e-004	0.	39.151	65.3003	0.	0.94914	0.314854	0.	0.	0.277778	
Time	FPS	Frame	0	970	987	987	970	2.01286	7.14698e-004	0.	39.4147	65.3841	0.	0.949557	0.313596	0.	0.	0.277778	
Time	FPS	Frame	0	971	988	988	971	2.01593	6.52946e-004	0.	39.6784	65.4676	0.	0.949961	0.312368	0.	0.	0.277778	
Time	FPS	Frame	0	972	989	989	972	2.01891	6.17225e-004	0.	39.9423	65.5509	0.	0.950352	0.311178	0.	0.	0.277778	
Time	FPS	Frame	0	973	990	990	973	2.02185	5.67531e-004	0.	40.2063	65.634	0.	0.950734	0.310008	0.	0.	0.277778	
Time	FPS	Frame	0	974	991	991	974	2.02469	5.96288e-004	0.	40.4704	65.7168	0.	0.951103	0.308875	0.	0.	0.277778	
Time	FPS	Frame	0	975	992	992	975	2.02752	6.21948e-004	0.	40.7346	65.7993	0.	0.95147	0.307741	0.	0.	0.277778	
Time	FPS	Frame	0	976	993	993	976	2.03025	6.19208e-004	0.	40.9989	65.8816	0.	0.951824	0.306644	0.	0.	0.277778	
Time	FPS	Frame	0	977	994	994	977	2.03296	6.34646e-004	0.	41.2633	65.9636	0.	0.952175	0.305555	0.	0.	0.277778	
Time	FPS	Frame	0	978	995	995	978	2.03564	6.90486e-004	0.	41.5278	66.0454	0.	0.952519	0.304478	0.	0.	0.277778	
Time	FPS	Frame	0	979	996	996	979	2.03832	7.22982e-004	0.	41.7924	66.1268	0.	0.952863	0.3034	0.	0.	0.277778	
Time	FPS	Frame	0	980	997	997	980	2.04098	7.04399e-004	0.	42.057	66.208	0.	0.953204	0.302328	0.	0.	0.277778	
Time	FPS	Frame	0	981	998	997	981	2.04364	7.42893e-004	0.	42.3218	66.2889	0.	0.953541	0.301263	0.	0.	0.277778	
Time	FPS	Frame	0	982	998	998	982	2.04632	7.33975e-004	0.	42.5866	66.3695	0.	0.953879	0.300191	0.	0.	0.277778	
Time	FPS	Frame	0	983	999	999	983	2.04899	7.13899e-004	0.	42.8516	66.4498	0.	0.954211	0.299133	0.	0.	0.277778	
Time	FPS	Frame	0	984	1	1	984	2.05165	3.83066e-004	0.	43.1166	66.5298	0.	0.954539	0.298086	0.	0.	0.277778	
Time	FPS	Frame	0	985	1	1	985	2.05371	3.00315e-005	0.	43.3817	66.6106	0.	0.95476	0.297376	0.	0.	0.277778	
Time	FPS	Frame	0	986	2	2	986	2.05568	2.29746e-004	0.	43.6469	66.6908	0.	0.955021	0.29654	0.	0.	0.277778	
Time	FPS	Frame	0	987	3	3	987	2.05779	3.99307e-004	0.	43.9122	66.7706	0.	0.955297	0.295649	0.	0.	0.277778	
Time	FPS	Frame	0	988	3	3	988	2.06004	4.77137e-004	0.	44.1775	66.85	0.	0.95559	0.2947	0.	0.	0.277778	
Time	FPS	Frame	0	989	4	4	989	2.06234	5.71734e-004	0.	44.4429	66.929	0.	0.955887	0.293735	0.	0.	0.277778	
Time	FPS	Frame	0	990	4	4	990	2.06473	5.4819e-004	0.	44.7084	67.0077	0.	0.956193	0.292738	0.	0.	0.277778	
Time	FPS	Frame	0	991	5	5	991	2.06718	5.96497e-004	0.	44.9739	67.0862	0.	0.956499	0.291735	0.	0.	0.277778	
Time	FPS	Frame	0	992	5	5	992	2.06968	8.16545e-004	0.	45.2396	67.1643	0.	0.956808	0.290721	0.	0.	0.277778	
Time	FPS	Frame	0	993	6	6	993	2.07232	3.11642e-004	0.	45.5053	67.2419	0.	0.957135	0.289642	0.	0.	0.277778	
Time	FPS	Frame	0	994	7	7	994	2.07445	4.78651e-004	0.	45.7711	67.3202	0.	0.957359	0.2889	0.	0.	0.277778	
Time	FPS	Frame	0	995	7	7	995	2.07682	5.47955e-004	0.	46.037	67.3976	0.	0.957655	0.287917	0.	0.	0.277778	
Time	FPS	Frame	0	996	8	8	996	2.07883	3.16846e-004	0.	46.303	67.4757	0.	0.957859	0.287239	0.	0.	0.277778	
Time	FPS	Frame	0	997	8	8	997	2.08107	6.78875e-004	0.	46.569	67.5527	0.	0.958145	0.286285	0.	0.	0.277778	
Time	FPS	Frame	0	998	9	9	998	2.08306	2.26675e-004	0.	46.8351	67.6303	0.	0.95834	0.28563	0.	0.	0.277778	
Time	FPS	Frame	0	998	10	10	998	2.08518	8.60397e-004	0.	47.1013	67.707	0.	0.958619	0.284691	0.	0.	0.277778	
Time	FPS	Frame	0	999	10	10	999	2.08805	3.39749e-004	0.	47.3675	67.7827	0.	0.95896	0.28354	0.	0.	0.277778	
Time	FPS	Frame	0	1	11	11	1	2.09026	4.20178e-004	0.	47.6338	67.8593	0.	0.959188	0.282768	0.	0.	0.277778	
Time	FPS	Frame	0	1	11	11	1	2.09282	6.58557e-004	0.	47.9001	67.9348	0.	0.959493	0.281733	0.	0.	0.277778	
Time	FPS	Frame	0	2	12	12	2	2.0949	2.23994e-004	0.	48.1666	68.0111	0.	0.959696	0.281039	0.	0.	0.277778	
Time	FPS	Frame	0	3	13	13	3	2.09724	8.00204e-004	0.	48.4331	68.0863	0.	0.959984	0.280056	0.	0.	0.277778	
Time	FPS	Frame	0	3	13	13	3	2.09926	1.48457e-004	0.	48.6997	68.1622	0.	0.960176	0.279397	0.	0.	0.277778	
Time	FPS	Frame	0	4	14	14	4	2.10147	7.46029e-004	0.	48.9663	68.237	0.	0.96046	0.278418	0.	0.	0.277778	
Time	FPS	Frame	0	4	15	15	4	2.10434	4.74446e-004	0.	49.233	68.311	0.	0.960799	0.277246	0.	0.	0.277778	
Time	FPS	Frame	0	5	15	15	5	2.10665	3.51067e-004	0.	49.4998	68.3857	0.	0.961028	0.27645	0.	0.	0.277778	
Time	FPS	Frame	0	5	16	16	5	2.10922	8.57158e-004	0.	49.7667	68.4594	0.	0.961338	0.275371	0.	0.	0.277778	
Time	FPS	Frame	0	6	17	17	6	2.11239	4.36225e-004	0.	50.0336	68.5324	0.	0.961693	0.274128	0.	0.	0.277778	
Time	FPS	Frame	0	7	17	17	7	2.11481	3.37046e-004	0.	50.3007	68.6061	0.	0.961933	0.273286	0.	0.	0.277778	
Time	FPS	Frame	0	7	18	18	7	2.11757	8.13674e-004	0.	50.5678	68.6788	0.	0.962247	0.272179	0.	0.	0.277778	
Time	FPS	Frame	0	8	19	19	8	2.11981	9.64822e-005	0.	50.835	68.7523	0.	0.962455	0.271441	0.	0.	0.277778	
Time	FPS	Frame	0	8	19	19	8	2.12229	7.06428e-004	0.	51.1022	68.8247	0.	0.96275	0.270395	0.	0.	0.277778	
Time	FPS	Frame	0	9	20	20	9	2.1254	5.86916e-004	0.	51.3695	68.8963	0.	0.963099	0.269149	0.	0.	0.277778	
Time	FPS	Frame	0	10	21	21	10	2.12787	1.60228e-004	0.	51.6369	68.9686	0.	0.963334	0.268306	0.	0.	0.277778	
Time	FPS	Frame	0	10	21	21	10	2.13055	7.32114e-004	0.	51.9044	69.04	0.	0.96364	0.267204	0.	0.	0.277778	
Time	FPS	Frame	0	11	22	22	11	2.13383	6.07928e-004	0.	52.1719	69.1105	0.	0.963997	0.265912	0.	0.	0.277778	
Time	FPS	Frame	0	11	23	23	11	2.13637	1.9156e-004	0.	52.4396	69.1819	0.	0.964237	0.265041	0.	0.	0.277778	
Time	FPS	Frame	0	12	23	23	12	2.13915	6.81223e-004	0.	52.7073	69.2522	0.	0.964548	0.263906	0.	0.	0.277778	
Time	FPS	Frame	0	13	24	24	13	2.14252	6.82305e-004	0.	52.975	69.3218	0.	0.964907	0.262591	0.	0.	0.277778	
Time	FPS	Frame	0	13	25	25	13	2.14511	1.41899e-004	0.	53.2429	69.3922	0.	0.965148	0.261706	0.	0.	0.277778	
Time	FPS	Frame	0	14	26	26	14	2.14793	6.45101e-004	0.	53.5109	69.4616	0.	0.965459	0.260556	0.	0.	0.277778	
Time	FPS	Frame	0	15	26	26	15	2.15136	7.4492e-004	0.	53.7788	69.5302	0.	0.96582	0.259213	0.	0.	0.277778	
Time	FPS	Frame	0	15	27	27	15	2.15402	7.05252e-005	0.	54.047	69.5996	0.	0.966062	0.25831	0.	0.	0.277778	
Time	FPS	Frame	0	16	28	28	16	2.15685	5.74553e-004	0.	54.3152	69.668	0.	0.966373	0.257146	0.	0.	0.277778	
Time	FPS	Frame	0	17	29	29	17	2.16029	8.33211e-004	0.	54.5834	69.7356	0.	0.966734	0.255785	0.	0.	0.277778	
Time	FPS	Frame	0	17	29	29	17	2.16299	2.11813e-005	0.	54.8518	69.804	0.	0.966974	0.254875	0.	0.	0.277778	
Time	FPS	Frame	0	18	30	30	18	2.16579	5.04987e-004	0.	55.1202	69.8715	0.	0.967283	0.2537	0.	0.	0.277778	
Time	FPS	Frame	0	19	31	31	19	2.16918	8.38396e-004	0.	55.3887	69.938	0.	0.967642	0.252325	0.	0.	0.277778	
Time	FPS	Frame	0	19	32	32	19	2.173	7.11163e-004	0.	55.6572	70.0038	0.	0.968032	0.250826	0.	0.	0.277778	
Time	FPS	Frame	0	20	33	33	20	2.17592	7.93471e-006	0.	55.926	70.0707	0.	0.968291	0.249823	0.	0.	0.277778	
Time	FPS	Frame	0	21	33	33	21	2.17895	4.83819e-004	0.	56.1947	70.1365	0.	0.968611	0.248582	0.	0.	0.277778	
Time	FPS	Frame	0	21	34	34	21	2.18253	9.9201e-004	0.	56.4635	70.2015	0.	0.968977	0.247152	0.	0.	0.277778	
Time	FPS	Frame	0	22	35	35	22	2.1854	1.95106e-004	0.	56.7325	70.2674	0.	0.96922	0.246196	0.	0.	0.277778	
Time	FPS	Frame	0	23	36	36	23	2.18823	3.03962e-004	0.	57.0015	70.3324	0.	0.969527	0.244985	0.	0.	0.277778	
Time	FPS	Frame	0	23	37	37	23	2.1916	6.39346e-004	0.	57.2706	70.3964	0.	0.96988	0.243582	0.	0.	0.277778	
Time	FPS	Frame	0	24	38	38	24	2.19538	8.47996e-004	0.	57.5397	70.4597	0.	0.970265	0.242045	0.	0.	0.277778	
Time	FPS	Frame	0	25	38	38	25	2.1995	8.38739e-004	0.	57.8089	70.5223	0.	0.970672	0.240408	0.	0.	0.277778	
Time	FPS	Frame	0	26	39	39	26	2.20265	1.36425e-004	0.	58.0783	70.586	0.	0.970939	0.239329	0.	0.	0.277778	
Time	FPS	Frame	0	26	40	40	26	2.20578	2.64994e-004	0.	58.3477	70.6488	0.	0.97126	0.238021	0.	0.	0.277778	
Time	FPS	Frame	0	27	41	41	27	2.20937	5.50926e-004	0.	58.6172	70.7108	0.	0.97162	0.236547	0.	0.	0.277778	
Time	FPS	Frame	0	28	42	42	28	2.21329	6.8854e-004	0.	58.8868	70.772	0.	0.972005	0.23496	0.	0.	0.277778	
Time	FPS	Frame	0	29	43	43	29	2.21748	1.02226e-003	0.	59.1564	70.8325	0.	0.972406	0.233297	0.	0.	0.277778	
Time	FPS	Frame	0	29	44	44	29	2.22071	3.12491e-004	0.	59.4263	70.8942	0.	0.972667	0.232206	0.	0.	0.277778	
Time	FPS	Frame	0	30	45	45	30	2.22387	8.93615e-005	0.	59.6962	70.955	0.	0.972984	0.230874	0.	0.	0.277778	
Time	FPS	Frame	0	31	46	46	31	2.22743	3.84926e-004	0.	59.9661	71.0149	0.	0.973336	0.229386	0.	0.	0.277778	
Time	FPS	Frame	0	32	47	47	32	2.23131	4.86789e-004	0.	60.2361	71.0741	0.	0.973714	0.227775	0.	0.	0.277778	
Time	FPS	Frame	0	33	48	48	33	2.23539	6.16829e-004	0.	60.5062	71.1326	0.	0.974102	0.22611	0.	0.	0.277778	
Time	FPS	Frame	0	33	49	49	33	2.23965	6.64558e-004	0.	60.7763	71.1905	0.	0.974501	0.224382	0.	0.	0.277778	
Time	FPS	Frame	0	34	50	50	34	2.24406	6.18437e-004	0.	61.0466	71.2479	0.	0.974907	0.222614	0.	0.	0.277778	
Time	FPS	Frame	0	35	51	51	35	2.24852	1.19012e-003	0.	61.317	71.3047	0.	0.975308	0.22085	0.	0.	0.277778	
Time	FPS	Frame	0	36	52	52	36	2.25193	5.86837e-004	0.	61.5876	71.3629	0.	0.975566	0.219705	0.	0.	0.277778	
Time	FPS	Frame	0	37	53	53	37	2.25524	2.35569e-004	0.	61.8582	71.42	0.	0.975876	0.218326	0.	0.	0.277778	
Time	FPS	Frame	0	37	54	54	38	2.25884	7.34223e-005	0.	62.1289	71.4764	0.	0.976214	0.216811	0.	0.	0.277778	
Time	FPS	Frame	0	38	55	55	39	2.26268	1.50415e-004	0.	62.3996	71.532	0.	0.976576	0.215174	0.	0.	0.277778	
Time	FPS	Frame	0	39	56	56	39	2.26662	1.99772e-004	0.	62.6704	71.5871	0.	0.976941	0.213509	0.	0.	0.277778	
Time	FPS	Frame	0	40	57	57	40	2.27068	2.43199e-004	0.	62.9413	71.6416	0.	0.977314	0.211797	0.	0.	0.277778	
Time	FPS	Frame	0	41	58	58	41	2.27479	2.03095e-004	0.	63.2123	71.6955	0.	0.977689	0.210057	0.	0.	0.277778	
Time	FPS	Frame	0	42	59	60	42	2.27888	1.69339e-004	0.	63.4834	71.749	0.	0.978058	0.208331	0.	0.	0.277778	
Time	FPS	Frame	0	43	60	61	43	2.283	1.65311e-004	0.	63.7546	71.802	0.	0.978426	0.206596	0.	0.	0.277778	
Time	FPS	Frame	0	44	62	62	44	2.2871	1.02003e-004	0.	64.0258	71.8545	0.	0.978792	0.204855	0.	0.	0.277778	
Time	FPS	Frame	0	45	63	63	45	2.29114	8.98467e-005	0.	64.2972	71.9066	0.	0.97915	0.203139	0.	0.	0.277778	
Time	FPS	Frame	0	46	64	65	46	2.29516	5.61205e-005	0.	64.5687	71.9582	0.	0.979506	0.201416	0.	0.	0.277778	
Time	FPS	Frame	0	47	65	66	47	2.29913	6.93221e-005	0.	64.8402	72.0094	0.	0.979856	0.199703	0.	0.	0.277778	
Time	FPS	Frame	0	47	67	67	48	2.30302	1.59711e-003	0.	65.1119	72.0601	0.	0.980196	0.19803	0.	0.	0.277778	
Time	FPS	Frame	0	48	68	69	49	2.30768	9.0016e-004	0.	65.3834	72.1088	0.	0.980653	0.195755	0.	0.	0.277778	
Time	FPS	Frame	0	49	69	70	50	2.31247	4.63442e-004	0.	65.6552	72.1575	0.	0.981051	0.193749	0.	0.	0.277778	
Time	FPS	Frame	0	50	70	71	51	2.31683	1.47658e-004	0.	65.9271	72.2063	0.	0.98141	0.191925	0.	0.	0.277778	
Time	FPS	Frame	0	52	72	73	52	2.32085	7.58956e-005	0.	66.1991	72.2549	0.	0.981737	0.190242	0.	0.	0.277778	
Time	FPS	Frame	0	53	73	74	53	2.32464	7.25361e-005	0.	66.4712	72.3032	0.	0.982052	0.18861	0.	0.	0.277778	
Time	FPS	Frame	0	54	75	76	54	2.32813	1.38234e-003	0.	66.7435	72.3513	0.	0.982343	0.187091	0.	0.	0.277778	
Time	FPS	Frame	0	55	76	77	55	2.33197	8.25501e-004	0.	67.0157	72.3978	0.	0.982713	0.185133	0.	0.	0.277778	
Time	FPS	Frame	0	56	78	79	56	2.3356	5.87306e-004	0.	67.2881	72.4448	0.	0.983013	0.183534	0.	0.	0.277778	
Time	FPS	Frame	0	57	79	80	57	2.33344	2.55876e-003	0.	67.5604	72.4972	0.	0.982908	0.184098	0.	0.	0.277778	
Time	FPS	Frame	0	58	81	82	59	2.33206	5.17896e-003	0.	67.8334	72.5484	0.	0.982902	0.184127	0.	0.	0.277778	
Time	FPS	Frame	0	59	82	84	60	2.33132	5.77138e-003	0.	68.1062	72.5977	0.	0.983023	0.18348	0.	0.	0.277778	
Time	FPS	Frame	0	60	84	85	61	2.33124	7.35593e-003	0.	68.379	72.6466	0.	0.983162	0.182738	0.	0.	0.277778	
Time	FPS	Frame	0	62	86	87	62	2.33124	7.30696e-003	0.	68.6517	72.6944	0.	0.983362	0.181655	0.	0.	0.277778	
Time	FPS	Frame	0	63	87	89	63	2.3318	7.21485e-003	0.	68.9244	72.7417	0.	0.983566	0.180547	0.	0.	0.277778	
Time	FPS	Frame	0	64	89	91	65	2.33195	8.06108e-003	0.	69.1973	72.7892	0.	0.983745	0.17957	0.	0.	0.277778	
Time	FPS	Frame	0	65	91	93	66	2.33209	7.66451e-003	0.	69.4701	72.8357	0.	0.983963	0.178371	0.	0.	0.277778	
Time	FPS	Frame	0	66	93	95	67	2.33215	8.13062e-003	0.	69.7431	72.8826	0.	0.984137	0.177412	0.	0.	0.277778	
Time	FPS	Frame	0	68	95	97	69	2.33202	8.11901e-003	0.	70.0161	72.929	0.	0.984325	0.176362	0.	0.	0.277778	
Time	FPS	Frame	0	69	97	99	70	2.33163	7.65162e-003	0.	70.2891	72.9756	0.	0.98448	0.175497	0.	0.	0.277778	
Time	FPS	Frame	0	70	99	102	71	2.33127	7.37197e-003	0.	70.5623	73.0223	0.	0.98461	0.174766	0.	0.	0.277778	
Time	FPS	Frame	0	72	101	104	73	2.33021	6.94488e-003	0.	70.8357	73.0696	0.	0.98469	0.174313	0.	0.	0.277778	
Time	FPS	Frame	0	73	103	106	74	2.32857	6.68885e-003	0.	71.1091	73.1176	0.	0.984712	0.17419	0.	0.	0.277778	
Time	FPS	Frame	0	75	106	109	76	2.32667	6.03173e-003	0.	71.3826	73.1661	0.	0.984705	0.174228	0.	0.	0.277778	
Time	FPS	Frame	0	76	108	112	77	2.3242	5.21726e-003	0.	71.6556	73.2156	0.	0.984628	0.174667	0.	0.	0.277778	
Time	FPS	Frame	0	78	111	115	79	2.32112	4.40239e-003	0.	71.9279	73.2662	0.	0.984475	0.175527	0.	0.	0.277778	
Time	FPS	Frame	0	79	113	118	80	2.31738	3.74088e-003	0.	72.1997	73.3182	0.	0.984244	0.176816	0.	0.	0.277778	
Time	FPS	Frame	0	81	116	121	82	2.31256	3.48686e-003	0.	72.4707	73.3718	0.	0.983915	0.178637	0.	0.	0.277778	
Time	FPS	Frame	0	82	119	124	84	2.30683	3.42228e-003	0.	72.7411	73.4269	0.	0.983509	0.18086	0.	0.	0.277778	
Time	FPS	Frame	0	84	122	128	85	2.30044	3.41748e-003	0.	73.0108	73.4835	0.	0.983038	0.183402	0.	0.	0.277778	
Time	FPS	Frame	0	86	125	132	87	2.29331	1.99328e-003	0.	73.28	73.5416	0.	0.982489	0.18632	0.	0.	0.277778	
Time	FPS	Frame	0	88	128	136	89	2.28471	2.66898e-003	0.	73.5475	73.6032	0.	0.981724	0.190309	0.	0.	0.277778	
Time	FPS	Frame	0	89	132	140	91	2.27431	1.65663e-003	0.	73.8143	73.6668	0.	0.98087	0.194662	0.	0.	0.277778	
Time	FPS	Frame	0	91	136	145	93	2.26253	3.05188e-003	0.	74.0792	73.7342	0.	0.979776	0.200098	0.	0.	0.277778	
Time	FPS	Frame	0	93	140	151	95	2.24948	1.66036e-003	0.	74.3437	73.8033	0.	0.978636	0.2056	0.	0.	0.277778	
Time	FPS	Frame	0	95	144	156	97	2.23343	1.23976e-003	0.	74.605	73.8787	0.	0.977034	0.213081	0.	0.	0.277778	
Time	FPS	Frame	0	97	149	163	99	2.21419	1.15943e-003	0.	74.8636	73.9596	0.	0.975048	0.221994	0.	0.	0.277778	
Time	FPS	Frame	0	99	154	169	101	2.18973	1.98179e-003	0.	75.1182	74.0483	0.	0.972451	0.233109	0.	0.	0.277778	
Time	FPS	Frame	0	101	160	176	103	2.16359	2.22229e-003	0.	75.3703	74.142	0.	0.969495	0.245113	0.	0.	0.277778	
Time	FPS	Frame	0	104	165	183	106	2.13864	4.2899e-003	0.	75.6213	74.2389	0.	0.96639	0.257079	0.	0.	0.277778	
Time	FPS	Frame	0	106	171	189	108	2.11985	1.43195e-002	0.	75.8711	74.3389	0.	0.963138	0.269007	0.	0.	0.277778	
Time	FPS	Frame	0	109	177	196	111	2.10549	2.855e-002	0.	76.1196	74.442	0.	0.959739	0.280893	0.	0.	0.277778	
Time	FPS	Frame	0	111	184	202	113	2.09732	5.59972e-002	0.	76.3668	74.5481	0.	0.956193	0.292736	0.	0.	0.277778	
Time	FPS	Frame	0	114	190	208	116	2.10337	9.15147e-002	0.	76.6126	74.6573	0.	0.952501	0.304534	0.	0.	0.277778	
Time	FPS	Frame	0	117	-1	213	119	2.12108	0.135586	0.	76.8572	74.7695	0.	0.948664	0.316286	0.	0.	0.277778	
Time	FPS	Frame	0	120	-1	219	122	2.15248	0.201319	0.	77.1003	74.8847	0.	0.944681	0.32799	0.	0.	0.277778	
Time	FPS	Frame	0	123	-1	224	126	2.20574	0.27407	0.	77.3419	75.003	0.	0.940554	0.339644	0.	0.	0.277778	
Time	FPS	Frame	0	126	-1	229	129	2.27176	0.360715	0.	77.5821	75.1242	0.	0.936284	0.351245	0.	0.	0.277778	
Time	FPS	Frame	0	130	-1	233	133	2.35081	0.423004	0.	77.8208	75.2483	0.	0.93187	0.362793	0.	0.	0.277778	
Time	FPS	Frame	0	134	-1	238	137	2.43264	0.476502	0.	78.0579	75.3754	0.	0.927314	0.374286	0.	0.	0.277778	
Time	FPS	Frame	0	138	-1	242	142	2.52145	0.511411	0.	78.2934	75.5055	0.	0.922616	0.385721	0.	0.	0.277778	
Time	FPS	Frame	0	142	-1	246	147	2.61646	0.546949	0.	78.5273	75.6384	0.	0.917777	0.397097	0.	0.	0.277778	
Time	FPS	Frame	0	147	-1	250	153	2.71674	0.563617	0.	78.7595	75.7742	0.	0.912797	0.408413	0.	0.	0.277778	
Time	FPS	Frame	1	152	-1	254	159	2.82397	0.581208	0.	78.9901	75.9129	0.	0.907679	0.419666	0.	0.	0.277778	
Time	FPS	Frame	1	152	-1	254	159	2.78504	0.568845	0.	78.9682	75.9347	0.	0.902421	0.430855	0.	0.	0.	
Time	FPS	Frame	1	152	-1	254	159	2.78504	0.568845	0.	78.9682	75.9347	0.	0.902421	0.430855	0.	0.	0.	
Time	FPS	Frame	1	152	-1	254	159	2.78504	0.568845	0.	78.9682	75.9347	0.	0.902421	0.430855	0.	0.	0.	
Time	FPS	Frame	1	152	-1	254	159	2.78504	0.568845	0.	78.9682	75.9347	0.	0.902421	0.430855	0.	0.	0.	
Time	FPS	Frame	1	152	-1	254	159	2.78504	0.568845	0.	78.9682	75.9347	0.	0.902421	0.430855	0.	0.	0.	
Time	FPS	Frame	1	152	-1	254	159	2.78504	0.568845	0.	78.9682	75.9347	0.	0.902421	0.430855	0.	0.	0.	
Time	FPS	Frame	1	152	-1	254	159	2.78504	0.568845	0.	78.9682	75.9347	0.	0.902421	0.430855	0.	0.	0.	
Time	FPS	Frame	1	152	-1	254	159	2.78504	0.568845	0.	78.9682	75.9347	0.	0.902421	0.430855	0.	0.	0.	
Time	FPS	Frame	1	152	-1	254	159	2.78504	0.568845	0.	78.9682	75.9347	0.	0.902421	0.430855	0.	0.	0.	
Time	FPS	Frame	1	152	-1	254	159	2.78504	0.568845	0.	78.9682	75.9347	0.	0.902421	0.430855	0.	0.	0.	
Time	FPS	Frame	1	152	-1	254	159	2.78504	0.568845	0.	78.9682	75.9347	0.	0.902421	0.430855	0.	0.	0.	
Time	FPS	Frame	1	152	-1	254	159	2.78504	0.568845	0.	78.9682	75.9347	0.	0.902421	0.430855	0.	0.	0.	
Time	FPS	Frame	1	152	-1	254	159	2.78504	0.568845	0.	78.9682	75.9347	0.	0.902421	0.430855	0.	0.	0.	
Time	FPS	Frame	1	152	-1	254	159	2.78504	0.568845	0.	78.9682	75.9347	0.	0.902421	0.430855	0.	0.	0.	
Time	FPS	Frame	1	152	-1	254	159	2.78504	0.568845	0.	78.9682	75.9347	0.	0.902421	0.430855	0.	0.	0.	
Time	FPS	Frame	1	152	-1	254	159	2.78504	0.568845	0.	78.9682	75.9347	0.	0.902421	0.430855	0.	0.	0.	
Time	FPS	Frame	1	152	-1	254	159	2.78504	0.568845	0.	78.9682	75.9347	0.	0.902421	0.430855	0.	0.	0.	
Time	FPS	Frame	1	152	-1	254	159	2.78504	0.568845	0.	78.9682	75.9347	0.	0.902421	0.430855	0.	0.	0.	
Time	FPS	Frame	1	152	-1	254	159	2.78504	0.568845	0.	78.9682	75.9347	0.	0.902421	0.430855	0.	0.	0.	
Time	FPS	Frame	1	152	-1	254	159	2.78504	0.568845	0.	78.9682	75.9347	0.	0.902421	0.430855	0.	0.	0.	
Time	FPS	Frame	1	152	-1	254	159	2.78504	0.568845	0.	78.9682	75.9347	0.	0.902421	0.430855	0.	0.	0.	
Time	FPS	Frame	1	152	-1	254	159	2.78504	0.568845	0.	78.9682	75.9347	0.	0.902421	0.430855	0.	0.	0.	
Time	FPS	Frame	1	152	-1	254	159	2.78504	0.568845	0.	78.9682	75.9347	0.	0.902421	0.430855	0.	0.	0.	
Time	FPS	Frame	1	152	-1	254	159	2.78504	0.568845	0.	78.9682	75.9347	0.	0.902421	0.430855	0.	0.	0.	
Time	FPS	Frame	1	152	-1	254	159	2.78504	0.568845	0.	78.9682	75.9347	0.	0.902421	0.430855	0.	0.	0.	
Time	FPS	Frame	1	152	-1	254	159	2.78504	0.568845	0.	78.9682	75.9347	0.	0.902421	0.430855	0.	0.	0.	
Time	FPS	Frame	1	152	-1	254	159	2.78504	0.568845	0.	78.9682	75.9347	0.	0.902421	0.430855	0.	0.	0.	
Time	FPS	Frame	1	152	-1	254	159	2.78504	0.568845	0.	78.9682	75.9347	0.	0.902421	0.430855	0.	0.	0.	
Time	FPS	Frame	1	152	-1	254	159	2.78504	0.568845	0.	78.9682	75.9347	0.	0.902421	0.430855	0.	0.	0.	
Time	FPS	Frame	1	152	-1	254	159	2.78504	0.568845	0.	78.9682	75.9347	0.	0.902421	0.430855	0.	0.	0.	
Time	FPS	Frame	1	152	-1	254	159	2.78504	0.568845	0.	78.9682	75.9347	0.	0.902421	0.430855	0.	0.	0.	
Time	FPS	Frame	1	152	-1	254	159	2.78504	0.568845	0.	78.9682	75.9347	0.	0.902421	0.430855	0.	0.	0.	
Time	FPS	Frame	1	152	-1	254	159	2.78504	0.568845	0.	78.9682	75.9347	0.	0.902421	0.430855	0.	0.	0.	
Time	FPS	Frame	1	152	-1	254	159	2.78504	0.568845	0.	78.9682	75.9347	0.	0.902421	0.430855	0.	0.	0.	
Time	FPS	Frame	1	152	-1	254	159	2.78504	0.568845	0.	78.9682	75.9347	0.	0.902421	0.430855	0.	0.	0.	
Time	FPS	Frame	1	152	-1	254	159	2.78504	0.568845	0.	78.9682	75.9347	0.	0.902421	0.430855	0.	0.	0.	
Time	FPS	Frame	1	152	-1	254	159	2.78504	0.568845	0.	78.9682	75.9347	0.	0.902421	0.430855	0.	0.	0.	
Time	FPS	Frame	1	152	-1	254	159	2.78504	0.568845	0.	78.9682	75.9347	0.	0.902421	0.430855	0.	0.	0.	
Time	FPS	Frame	1	152	-1	254	159	2.78504	0.568845	0.	78.9682	75.9347	0.	0.902421	0.430855	0.	0.	0.	
Time	FPS	Frame	1	152	-1	254	159	2.78504	0.568845	0.	78.9682	75.9347	0.	0.902421	0.430855	0.	0.	0.	
Time	FPS	Frame	1	152	-1	254	159	2.78504	0.568845	0.	78.9682	75.9347	0.	0.902421	0.430855	0.	0.	0.	
Time	FPS	Frame	1	152	-1	254	159	2.78504	0.568845	0.	78.9682	75.9347	0.	0.902421	0.430855	0.	0.	0.	
Time	FPS	Frame	1	152	-1	254	159	2.78504	0.568845	0.	78.9682	75.9347	0.	0.902421	0.430855	0.	0.	0.	
Time	FPS	Frame	1	152	-1	254	159	2.78504	0.568845	0.	78.9682	75.9347	0.	0.902421	0.430855	0.	0.	0.	
Time	FPS	Frame	1	152	-1	254	159	2.78504	0.568845	0.	78.9682	75.9347	0.	0.902421	0.430855	0.	0.	0.	
Time	FPS	Frame	1	152	-1	254	159	2.78504	0.568845	0.	78.9682	75.9347	0.	0.902421	0.430855	0.	0.	0.	
Time	FPS	Frame	1	152	-1	254	159	2.78504	0.568845	0.	78.9682	75.9347	0.	0.902421	0.430855	0.	0.	0.	
Time	FPS	Frame	1	152	-1	254	159	2.78504	0.568845	0.	78.9682	75.9347	0.	0.902421	0.430855	0.	0.	0.	
Time	FPS	Frame	1	152	-1	254	159	2.78504	0.568845	0.	78.9682	75.9347	0.	0.902421	0.430855	0.	0.	0.	
Time	FPS	Frame	1	152	-1	254	159	2.78504	0.568845	0.	78.9682	75.9347	0.	0.902421	0.430855	0.	0.	0.	
Time	FPS	Frame	1	152	-1	254	159	2.78504	0.568845	0.	78.9682	75.9347	0.	0.902421	0.430855	0.	0.	0.	
Time	FPS	Frame	1	152	-1	254	159	2.78504	0.568845	0.	78.9682	75.9347	0.	0.902421	0.430855	0.	0.	0.	
Time	FPS	Frame	1	152	-1	254	159	2.78504	0.568845	0.	78.9682	75.9347	0.	0.902421	0.430855	0.	0.	0.	
Time	FPS	Frame	1	152	-1	254	159	2.78504	0.568845	0.	78.9682	75.9347	0.	0.902421	0.430855	0.	0.	0.	
Time	FPS	Frame	1	152	-1	254	159	2.78504	0.568845	0.	78.9682	75.9347	0.	0.902421	0.430855	0.	0.	0.	
Time	FPS	Frame	1	152	-1	254	159	2.78504	0.568845	0.	78.9682	75.9347	0.	0.902421	0.430855	0.	0.	0.	
Time	FPS	Frame	1	152	-1	254	159	2.78504	0.568845	0.	78.9682	75.9347	0.	0.902421	0.430855	0.	0.	0.	
Time	FPS	Frame	1	152	-1	254	159	2.78504	0.568845	0.	78.9682	75.9347	0.	0.902421	0.430855	0.	0.	0.	
Time	FPS	Frame	1	152	-1	254	159	2.78504	0.568845	0.	78.9682	75.9347	0.	0.902421	0.430855	0.	0.	0.	
Time	FPS	Frame	1	152	-1	254	159	2.78504	0.568845	0.	78.9682	75.9347	0.	0.902421	0.430855	0.	0.	0.	
Time	FPS	Frame	1	152	-1	254	159	2.78504	0.568845	0.	78.9682	75.9347	0.	0.902421	0.430855	0.	0.	0.	
Time	FPS	Frame	1	152	-1	254	159	2.78504	0.568845	0.	78.9682	75.9347	0.	0.902421	0.430855	0.	0.	0.	
Time	FPS	Frame	1	152	-1	254	159	2.78504	0.568845	0.	78.9682	75.9347	0.	0.902421	0.430855	0.	0.	0.	
Time	FPS	Frame	1	152	-1	254	159	2.78504	0.568845	0.	78.9682	75.9347	0.	0.902421	0.430855	0.	0.	0.	
Time	FPS	Frame	1	152	-1	254	159	2.78504	0.568845	0.	78.9682	75.9347	0.	0.902421	0.430855	0.	0.	0.	
Time	FPS	Frame	1	152	-1	254	159	2.78504	0.568845	0.	78.9682	75.9347	0.	0.902421	0.430855	0.	0.	0.	
Time	FPS	Frame	1	152	-1	254	159	2.78504	0.568845	0.	78.9682	75.9347	0.	0.902421	0.430855	0.	0.	0.	
Time	FPS	Frame	1	152	-1	254	159	2.78504	0.568845	0.	78.9682	75.9347	0.	0.902421	0.430855	0.	0.	0.	
Time	FPS	Frame	1	152	-1	254	159	2.78504	0.568845	0.	78.9682	75.9347	0.	0.902421	0.430855	0.	0.	0.	
Time	FPS	Frame	1	152	-1	254	159	2.78504	0.568845	0.	78.9682	75.9347	0.	0.902421	0.430855	0.	0.	0.	
Time	FPS	Frame	1	152	-1	254	159	2.78504	0.568845	0.	78.9682	75.9347	0.	0.902421	0.430855	0.	0.	0.	
Time	FPS	Frame	1	152	-1	254	159	2.78504	0.568845	0.	78.9682	75.9347	0.	0.902421	0.430855	0.	0.	0.	
Time	FPS	Frame	1	152	-1	254	159	2.78504	0.568845	0.	78.9682	75.9347	0.	0.902421	0.430855	0.	0.	0.	
Time	FPS	Frame	1	152	-1	254	159	2.78504	0.568845	0.	78.9682	75.9347	0.	0.902421	0.430855	0.	0.	0.	
Time	FPS	Frame	1	152	-1	254	159	2.78504	0.568845	0.	78.9682	75.9347	0.	0.902421	0.430855	0.	0.	0.	
Time	FPS	Frame	1	152	-1	254	159	2.78504	0.568845	0.	78.9682	75.9347	0.	0.902421	0.430855	0.	0.	0.	
Time	FPS	Frame	1	152	-1	254	159	2.78504	0.568845	0.	78.9682	75.9347	0.	0.902421	0.430855	0.	0.	0.	
Time	FPS	Frame	1	152	-1	254	159	2.78504	0.568845	0.	78.9682	75.9347	0.	0.902421	0.430855	0.	0.	0.	
Time	FPS	Frame	1	152	-1	254	159	2.78504	0.568845	0.	78.9682	75.9347	0.	0.902421	0.430855	0.	0.	0.	
Time	FPS	Frame	1	152	-1	254	159	2.78504	0.568845	0.	78.9682	75.9347	0.	0.902421	0.430855	0.	0.	0.	
Time	FPS	Frame	1	152	-1	254	159	2.78504	0.568845	0.	78.9682	75.9347	0.	0.902421	0.430855	0.	0.	0.	
Time	FPS	Frame	1	152	-1	254	159	2.78504	0.568845	0.	78.9682	75.9347	0.	0.902421	0.430855	0.	0.	0.	
Time	FPS	Frame	1	152	-1	254	159	2.78504	0.568845	0.	78.9682	75.9347	0.	0.902421	0.430855	0.	0.	0.	
Time	FPS	Frame	1	152	-1	254	159	2.78504	0.568845	0.	78.9682	75.9347	0.	0.902421	0.430855	0.	0.	0.	

