Time	FPS	Frame	Crash	RB	RU	LU	LB	OC	Dither	DAngle	swAngle	OX	OY	OZ	HX	HY	HZ	HA	AccumulativeHeading(Y)	Speed	Dynamic
1.63009e-005	61346.2	1	0	1	2	2	1	1	2.8125	0.443237	0.	-2.8125	0.	0.	0.	1.	0.	0.	0.	0.	0	
4.6646	0.214381	2	0	1	2	2	1	1	2.8306	0.443237	0.	-2.8125	0.	0.	0.	1.	0.	0.	0.	0.	0	
6.49049	0.547678	3	0	1	2	2	1	1	2.8306	0.443237	0.	-2.8125	0.	0.	0.	1.	0.	0.	0.	0.	0	
6.92935	2.27864	4	0	1	2	2	1	1	2.8306	0.443237	0.	-2.8125	0.	0.	0.	1.	0.	0.	0.	0.	0	
8.50395	0.63508	5	0	1	2	2	1	1	2.8306	0.443237	0.	-2.8125	0.	0.	0.	1.	0.	0.	0.	0.	0	
9.12743	1.60391	6	0	1	2	2	1	1	2.8306	0.443237	0.	-2.8125	0.	0.	0.	1.	0.	0.	0.	0.	0	
9.90347	1.28859	7	0	1	2	2	1	1	2.8306	0.443237	0.	-2.8125	0.	0.	0.	1.	0.	0.	0.	0.	0	
11.3308	0.700611	8	0	1	2	2	1	1	2.8306	0.443237	0.	-2.8125	0.	0.	0.	1.	0.	0.	0.	0.	0	
36.301	4.00478e-002	9	0	1	2	2	1	1	2.8306	0.443237	0.	-2.8125	0.	0.	0.	1.	0.	0.	0.	0.	0	
36.3181	58.4796	10	0	1	2	2	1	1	2.8306	0.443237	0.	-2.8125	0.	0.	0.	1.	0.	0.	0.	0.	0	
36.3351	58.8244	11	0	1	2	2	1	1	2.8306	0.443237	0.	-2.8125	0.	0.	0.	1.	0.	0.	0.	0.	0	
36.3521	58.8181	12	0	1	2	2	1	1	2.8306	0.443237	0.	-2.8125	0.	0.	0.	1.	0.	0.	0.	0.	0	
36.3681	62.4872	13	0	1	2	2	1	1	2.8306	0.443237	0.	-2.8125	0.	0.	0.	1.	0.	0.	0.	0.	0	
36.3851	58.7264	14	0	1	2	2	1	1	2.8306	0.443237	0.	-2.8125	0.	0.	0.	1.	0.	0.	0.	0.	0	
36.4021	58.9605	15	0	1	2	2	1	1	2.8306	0.443237	0.	-2.8125	0.	0.	0.	1.	0.	0.	0.	0.	0	
36.4191	58.7118	16	0	1	2	2	1	1	2.8306	0.443237	0.	-2.8125	0.	0.	0.	1.	0.	0.	0.	0.	0	
36.4361	58.8714	17	0	1	2	2	1	1	2.8306	0.443237	0.	-2.8125	0.	0.	0.	1.	0.	0.	0.	0.	0	
36.4521	62.4978	18	0	1	2	2	1	1	2.8306	0.443237	0.	-2.8125	0.	0.	0.	1.	0.	0.	0.	0.	0	
36.4691	58.8171	19	0	1	2	2	1	1	2.8306	0.443237	0.	-2.8125	0.	0.	0.	1.	0.	0.	0.	0.	0	
36.4861	58.8286	20	0	1	2	2	1	1	2.8306	0.443237	0.	-2.8125	0.	0.	0.	1.	0.	0.	0.	0.	0	
36.5031	58.8223	21	0	1	2	2	1	1	2.8306	0.443237	0.	-2.8125	0.	0.	0.	1.	0.	0.	0.	0.	0	
36.5201	58.6069	22	0	1	2	2	1	1	2.8306	0.443237	0.	-2.8125	0.	0.	0.	1.	0.	0.	0.	0.	0	
36.5371	59.0319	23	0	1	2	2	1	1	2.8306	0.443237	0.	-2.8125	0.	0.	0.	1.	0.	0.	0.	0.	0	
36.5541	58.8223	24	0	1	2	2	1	1	2.8306	0.443237	0.	-2.8125	0.	0.	0.	1.	0.	0.	0.	0.	0	
36.5701	62.4978	25	0	1	2	2	1	1	2.8306	0.443237	0.	-2.8125	0.	0.	0.	1.	0.	0.	0.	0.	0	
36.5872	58.6079	26	0	1	2	2	1	1	2.8306	0.443237	0.	-2.8125	0.	0.	0.	1.	0.	0.	0.	0.	0	
36.6031	62.7321	27	0	1	2	2	1	1	2.8306	0.443237	0.	-2.8125	0.	0.	0.	1.	0.	0.	0.	0.	0	
36.6201	58.8275	28	0	1	2	2	1	1	2.8306	0.443237	0.	-2.8125	0.	0.	0.	1.	0.	0.	0.	0.	0	
36.6371	58.8244	29	0	1	2	2	1	1	2.8306	0.443237	0.	-2.8125	0.	0.	0.	1.	0.	0.	0.	0.	0	
36.6531	62.499	30	0	1	2	2	1	1	2.8306	0.443237	0.	-2.8125	0.	0.	0.	1.	0.	0.	0.	0.	0	
36.6701	58.8202	31	0	1	2	2	1	1	2.8306	0.443237	0.	-2.8125	0.	0.	0.	1.	0.	0.	0.	0.	0	
36.6871	58.8129	32	0	1	2	2	1	1	2.8306	0.443237	0.	-2.8125	0.	0.	0.	1.	0.	0.	0.	0.	0	
36.7041	58.7712	33	0	1	2	2	1	1	2.8306	0.443237	0.	-2.8125	0.	0.	0.	1.	0.	0.	0.	0.	0	
36.7212	58.6567	34	0	1	2	2	1	1	2.8306	0.443237	0.	-2.8125	0.	0.	0.	1.	0.	0.	0.	0.	0	
36.7371	62.7476	35	0	1	2	2	1	1	2.8306	0.443237	0.	-2.8125	0.	0.	0.	1.	0.	0.	0.	0.	0	
36.7541	58.8244	36	0	1	2	2	1	1	2.8306	0.443237	0.	-2.8125	0.	0.	0.	1.	0.	0.	0.	0.	0	
36.7711	58.8181	37	0	1	2	2	1	1	2.8306	0.443237	0.	-2.8125	0.	0.	0.	1.	0.	0.	0.	0.	0	
36.7871	62.4966	38	0	1	2	2	1	1	2.8306	0.443237	0.	-2.8125	0.	0.	0.	1.	0.	0.	0.	0.	0	
36.8041	58.7805	39	0	1	2	2	1	1	2.8306	0.443237	0.	-2.8125	0.	0.	0.	1.	0.	0.	0.	0.	0	
36.8212	58.6567	40	0	1	2	2	1	1	2.8306	0.443237	0.	-2.8125	0.	0.	0.	1.	0.	0.	0.	0.	0	
36.8371	62.7297	41	0	1	2	2	1	1	2.8306	0.443237	0.	-2.8125	0.	0.	0.	1.	0.	0.	0.	0.	0	
36.8531	62.3308	42	0	1	2	2	1	1	2.8306	0.443237	0.	-2.8125	0.	0.	0.	1.	0.	0.	0.	0.	0	
36.8691	62.6088	43	0	1	2	2	1	1	2.8306	0.443237	0.	-2.8125	0.	0.	0.	1.	0.	0.	0.	0.	0	
36.8851	62.5096	44	0	1	2	2	1	1	2.8306	0.443237	0.	-2.8125	0.	0.	0.	1.	0.	0.	0.	0.	0	
36.9021	58.7232	45	0	1	2	2	1	1	2.8306	0.443237	0.	-2.8125	0.	0.	0.	1.	0.	0.	0.	0.	0	
36.9191	58.9594	46	0	1	2	2	1	1	2.8306	0.443237	0.	-2.8125	0.	0.	0.	1.	0.	0.	0.	0.	0	
36.9361	58.8098	47	0	1	2	2	1	1	2.8306	0.443237	0.	-2.8125	0.	0.	0.	1.	0.	0.	0.	0.	0	
36.9521	62.499	48	0	1	2	2	1	1	2.8306	0.443237	0.	-2.8125	0.	0.	0.	1.	0.	0.	0.	0.	0	
36.9681	62.5072	49	0	1	2	2	1	1	2.8306	0.443237	0.	-2.8125	0.	0.	0.	1.	0.	0.	0.	0.	0	
36.9841	62.4565	50	0	1	2	2	1	1	2.8306	0.443237	0.	-2.8125	0.	0.	0.	1.	0.	0.	0.	0.	0	
37.0001	62.5379	51	0	1	2	2	1	1	2.8306	0.443237	0.	-2.8125	0.	0.	0.	1.	0.	0.	0.	0.	0	
37.0161	62.4754	52	0	1	2	2	1	1	2.8306	0.443237	0.	-2.8125	0.	0.	0.	1.	0.	0.	0.	0.	0	
37.0321	62.519	53	0	1	2	2	1	1	2.8306	0.443237	0.	-2.8125	0.	0.	0.	1.	0.	0.	0.	0.	0	
37.0492	58.6089	54	0	1	2	2	1	1	2.8306	0.443237	0.	-2.8125	0.	0.	0.	1.	0.	0.	0.	0.	0	
37.0661	59.0361	55	0	1	2	2	1	1	2.8306	0.443237	0.	-2.8125	0.	0.	0.	1.	0.	0.	0.	0.	0	
37.0831	58.8369	56	0	1	2	2	1	1	2.8306	0.443237	0.	-2.8125	0.	0.	0.	1.	0.	0.	0.	0.	0	
37.1002	58.6079	57	0	1	2	2	1	1	2.8306	0.443237	0.	-2.8125	0.	0.	0.	1.	0.	0.	0.	0.	0	
37.1171	59.0204	58	0	1	2	2	1	1	2.8306	0.443237	0.	-2.8125	0.	0.	0.	1.	0.	0.	0.	0.	0	
37.1331	62.4954	59	0	1	2	2	1	1	2.8306	0.443237	0.	-2.8125	0.	0.	0.	1.	0.	0.	0.	0.	0	
37.1491	62.4966	60	0	1	2	2	1	1	2.8306	0.443237	0.	-2.8125	0.	0.	0.	1.	0.	0.	0.	0.	0	
37.1661	58.8139	61	0	1	2	2	1	1	2.8306	0.443237	0.	-2.8125	0.	0.	0.	1.	0.	0.	0.	0.	0	
37.1821	62.4942	62	0	1	2	2	1	1	2.8306	0.443237	0.	-2.8125	0.	0.	0.	1.	0.	0.	0.	0.	0	
37.1981	62.5131	63	0	1	2	2	1	1	2.8306	0.443237	0.	-2.8125	0.	0.	0.	1.	0.	0.	0.	0.	0	
37.2141	62.4966	64	0	1	2	2	1	1	2.8306	0.443237	0.	-2.8125	0.	0.	0.	1.	0.	0.	0.	0.	0	
37.2311	58.8181	65	0	1	2	2	1	1	2.8306	0.443237	0.	-2.8125	0.	0.	0.	1.	0.	0.	0.	0.	0	
37.2481	58.8192	66	0	1	2	2	1	1	2.8306	0.443237	0.	-2.8125	0.	0.	0.	1.	0.	0.	0.	0.	0	
37.2641	62.4836	67	0	1	2	2	1	1	2.8306	0.443237	0.	-2.8125	0.	0.	0.	1.	0.	0.	0.	0.	0	
37.2824	54.8559	68	0	1	2	2	1	1	2.8306	0.443237	0.	-2.8125	0.	0.	0.	1.	0.	0.	0.	0.	0	
37.2991	59.5744	69	0	1	2	2	1	1	2.8306	0.443237	0.	-2.8125	0.	0.	0.	1.	0.	0.	0.	0.	0	
37.3174	54.8741	70	0	1	2	2	1	1	2.8306	0.443237	0.	-2.8125	0.	0.	0.	1.	0.	0.	0.	0.	0	
37.8508	1.87475	71	0	1	2	2	1	1	2.8306	0.443237	0.	-2.8125	0.	0.	0.	1.	0.	0.	0.	0.	0	
37.8679	58.2401	72	0	1	2	2	1	1	2.8306	0.443237	0.	-2.8125	0.	0.	0.	1.	0.	0.	0.	0.	0	
37.8841	61.7499	73	0	1	2	2	1	1	2.8306	0.443237	0.	-2.8125	0.	0.	0.	1.	0.	0.	0.	0.	0	
37.9011	58.8244	74	0	1	2	2	1	1	2.8306	0.443237	0.	-2.8125	0.	0.	0.	1.	0.	0.	0.	0.	0	
37.9181	58.8296	75	0	1	2	2	1	1	2.8306	0.443237	0.	-2.8125	0.	0.	0.	1.	0.	0.	0.	0.	0	
37.9351	58.7774	76	0	1	2	2	1	1	2.8306	0.443237	0.	-2.8125	0.	0.	0.	1.	0.	0.	0.	0.	0	
37.9522	58.7336	77	0	1	2	2	1	1	2.8306	0.443237	0.	-2.8125	0.	0.	0.	1.	0.	0.	0.	0.	0	
37.9691	58.9406	78	0	1	2	2	1	1	2.8306	0.443237	0.	-2.8125	0.	0.	0.	1.	0.	0.	0.	0.	0	
37.9861	58.8223	79	0	1	2	2	1	1	2.8306	0.443237	0.	-2.8125	0.	0.	0.	1.	0.	0.	0.	0.	0	
38.0031	58.815	80	0	1	2	2	1	1	2.8306	0.443237	0.	-2.8125	0.	0.	0.	1.	0.	0.	0.	0.	0	
38.0202	58.7441	81	0	1	2	2	1	1	2.8306	0.443237	0.	-2.8125	0.	0.	0.	1.	0.	0.	0.	0.	0	
38.0372	58.7743	82	0	1	2	2	1	1	2.8306	0.443237	0.	-2.8125	0.	0.	0.	1.	0.	0.	0.	0.	0	
38.0531	62.642	83	0	1	2	2	1	1	2.8306	0.443237	0.	-2.8125	0.	0.	0.	1.	0.	0.	0.	0.	0	
38.0701	58.8306	84	0	1	2	2	1	1	2.8306	0.443237	0.	-2.8125	0.	0.	0.	1.	0.	0.	0.	0.	0	
38.0871	58.8171	85	0	1	2	2	1	1	2.8306	0.443237	0.	-2.8125	0.	0.	0.	1.	0.	0.	0.	0.	0	
38.1042	58.7045	86	0	1	2	2	1	1	2.8306	0.443237	0.	-2.8125	0.	0.	0.	1.	0.	0.	0.	0.	0	
38.1211	58.9448	87	0	1	2	2	1	1	2.8306	0.443237	0.	-2.8125	0.	0.	0.	1.	0.	0.	0.	0.	0	
38.1382	58.7409	88	0	1	2	2	1	1	2.8306	0.443237	0.	-2.8125	0.	0.	0.	1.	0.	0.	0.	0.	0	
38.1551	58.8965	89	0	1	2	2	1	1	2.8306	0.443237	0.	-2.8125	0.	0.	0.	1.	0.	0.	0.	0.	0	
38.1721	58.8254	90	0	1	2	2	1	1	2.8306	0.443237	0.	-2.8125	0.	0.	0.	1.	0.	0.	0.	0.	0	
38.1891	58.8087	91	0	1	2	2	1	1	2.8306	0.443237	0.	-2.8125	0.	0.	0.	1.	0.	0.	0.	0.	0	
38.2061	58.8296	92	0	1	2	2	1	1	2.8306	0.443237	0.	-2.8125	0.	0.	0.	1.	0.	0.	0.	0.	0	
38.2222	62.4177	93	0	1	2	2	1	1	2.8306	0.443237	0.	-2.8125	0.	0.	0.	1.	0.	0.	0.	0.	0	
38.2392	58.8526	94	0	1	2	2	1	1	2.8306	0.443237	0.	-2.8125	0.	0.	0.	1.	0.	0.	0.	0.	0	
38.2562	58.767	95	0	1	2	2	1	1	2.8306	0.443237	0.	-2.8125	0.	0.	0.	1.	0.	0.	0.	0.	0	
38.2732	58.8286	96	0	1	2	2	1	1	2.8306	0.443237	0.	-2.8125	0.	0.	0.	1.	0.	0.	0.	0.	0	
38.2901	58.9112	97	0	1	2	2	1	1	2.8306	0.443237	0.	-2.8125	0.	0.	0.	1.	0.	0.	0.	0.	0	
38.3061	62.4966	98	0	1	2	2	1	1	2.8306	0.443237	0.	-2.8125	0.	0.	0.	1.	0.	0.	0.	0.	0	
38.3232	58.7191	99	0	1	2	2	1	1	2.8306	0.443237	0.	-2.8125	0.	0.	0.	1.	0.	0.	0.	0.	0	
38.3402	58.8704	100	0	1	2	2	1	1	2.8306	0.443237	0.	-2.8125	0.	0.	0.	1.	0.	0.	0.	0.	0	
38.3562	62.4507	101	0	1	2	2	1	1	2.8306	0.443237	0.	-2.8125	0.	0.	0.	1.	0.	0.	0.	0.	0	
38.3732	58.8599	102	0	1	2	2	1	1	2.8306	0.443237	0.	-2.8125	0.	0.	0.	1.	0.	0.	0.	0.	0	
38.3901	58.8767	103	0	1	2	2	1	1	2.8306	0.443237	0.	-2.8125	0.	0.	0.	1.	0.	0.	0.	0.	0	
38.4072	58.816	104	0	1	2	2	1	1	2.8306	0.443237	0.	-2.8125	0.	0.	0.	1.	0.	0.	0.	0.	0	
38.4242	58.8181	105	0	1	2	2	1	1	2.8306	0.443237	0.	-2.8125	0.	0.	0.	1.	0.	0.	0.	0.	0	
38.4412	58.8254	106	0	1	2	2	1	1	2.8306	0.443237	0.	-2.8125	0.	0.	0.	1.	0.	0.	0.	0.	0	
38.4572	62.499	107	0	1	2	2	1	1	2.8306	0.443237	0.	-2.8125	0.	0.	0.	1.	0.	0.	0.	0.	0	
38.4742	58.8192	108	0	1	2	2	1	1	2.8306	0.443237	0.	-2.8125	0.	0.	0.	1.	0.	0.	0.	0.	0	
38.4912	58.7889	109	0	1	2	2	1	1	2.8306	0.443237	0.	-2.8125	0.	0.	0.	1.	0.	0.	0.	0.	0	
38.5082	58.8578	110	0	1	2	2	1	1	2.8306	0.443237	0.	-2.8125	0.	0.	0.	1.	0.	0.	0.	0.	0	
38.5252	58.7159	111	0	1	2	2	1	1	2.8306	0.443237	0.	-2.8125	0.	0.	0.	1.	0.	0.	0.	0.	0	
38.5422	58.928	112	0	1	2	2	1	1	2.8306	0.443237	0.	-2.8125	0.	0.	0.	1.	0.	0.	0.	0.	0	
38.5592	58.7899	113	0	1	2	2	1	1	2.8306	0.443237	0.	-2.8125	0.	0.	0.	1.	0.	0.	0.	0.	0	
38.5762	58.8526	114	0	1	2	2	1	1	2.8306	0.443237	0.	-2.8125	0.	0.	0.	1.	0.	0.	0.	0.	0	
38.5932	58.8139	115	0	1	2	2	1	1	2.8306	0.443237	0.	-2.8125	0.	0.	0.	1.	0.	0.	0.	0.	0	
38.6102	58.8212	116	0	1	2	2	1	1	2.8306	0.443237	0.	-2.8125	0.	0.	0.	1.	0.	0.	0.	0.	0	
38.6272	58.7847	117	0	1	2	2	1	1	2.8306	0.443237	0.	-2.8125	0.	0.	0.	1.	0.	0.	0.	0.	0	
38.6442	58.8589	118	0	1	2	2	1	1	2.8306	0.443237	0.	-2.8125	0.	0.	0.	1.	0.	0.	0.	0.	0	
38.6612	58.767	119	0	1	2	2	1	1	2.8306	0.443237	0.	-2.8125	0.	0.	0.	1.	0.	0.	0.	0.	0	
38.6782	58.861	120	0	1	2	2	1	1	2.8306	0.443237	0.	-2.8125	0.	0.	0.	1.	0.	0.	0.	0.	0	
38.6952	58.8401	121	0	1	2	2	1	1	2.8306	0.443237	0.	-2.8125	0.	0.	0.	1.	0.	0.	0.	0.	0	
38.7122	58.815	122	0	1	2	2	1	1	2.8306	0.443237	0.	-2.8125	0.	0.	0.	1.	0.	0.	0.	0.	0	
38.7292	58.7691	123	0	1	2	2	1	1	2.8306	0.443237	0.	-2.8125	0.	0.	0.	1.	0.	0.	0.	0.	0	
38.7462	58.8787	124	0	1	2	2	1	1	2.8306	0.443237	0.	-2.8125	0.	0.	0.	1.	0.	0.	0.	0.	0	
38.7632	58.8192	125	0	1	2	2	1	1	2.8306	0.443237	0.	-2.8125	0.	0.	0.	1.	0.	0.	0.	0.	0	
38.7802	58.8129	126	0	1	2	2	1	1	2.8306	0.443237	0.	-2.8125	0.	0.	0.	1.	0.	0.	0.	0.	0	
38.7962	62.5049	127	0	1	2	2	1	1	2.8306	0.443237	0.	-2.8125	0.	0.	0.	1.	0.	0.	0.	0.	0	
38.8132	58.8181	128	0	1	2	2	1	1	2.8306	0.443237	0.	-2.8125	0.	0.	0.	1.	0.	0.	0.	0.	0	
38.8302	58.8192	129	0	1	2	2	1	1	2.8306	0.443237	0.	-2.8125	0.	0.	0.	1.	0.	0.	0.	0.	0	
38.8472	58.7264	130	0	1	2	2	1	1	2.8306	0.443237	0.	-2.8125	0.	0.	0.	1.	0.	0.	0.	0.	0	
38.8632	62.5781	131	0	1	2	2	1	1	2.8306	0.443237	0.	-2.8125	0.	0.	0.	1.	0.	0.	0.	0.	0	
38.8802	58.7743	132	0	1	2	2	1	1	2.8306	0.443237	0.	-2.8125	0.	0.	0.	1.	0.	0.	0.	0.	0	
38.8972	58.8976	133	0	1	2	2	1	1	2.8306	0.443237	0.	-2.8125	0.	0.	0.	1.	0.	0.	0.	0.	0	
38.9142	58.8275	134	0	1	2	2	1	1	2.8306	0.443237	0.	-2.8125	0.	0.	0.	1.	0.	0.	0.	0.	0	
38.9312	58.7482	135	0	1	2	2	1	1	2.8306	0.443237	0.	-2.8125	0.	0.	0.	1.	0.	0.	0.	0.	0	
38.9482	58.8861	136	0	1	2	2	1	1	2.8306	0.443237	0.	-2.8125	0.	0.	0.	1.	0.	0.	0.	0.	0	
38.9652	58.8244	137	0	1	2	2	1	1	2.8306	0.443237	0.	-2.8125	0.	0.	0.	1.	0.	0.	0.	0.	0	
38.9822	58.8202	138	0	1	2	2	1	1	2.8306	0.443237	0.	-2.8125	0.	0.	0.	1.	0.	0.	0.	0.	0	
38.9992	58.8108	139	0	1	2	2	1	1	2.8306	0.443237	0.	-2.8125	0.	0.	0.	1.	0.	0.	0.	0.	0	
39.0162	58.8254	140	0	1	2	2	1	1	2.8306	0.443237	0.	-2.8125	0.	0.	0.	1.	0.	0.	0.	0.	0	
39.0332	58.7149	141	0	1	2	2	1	1	2.8306	0.443237	0.	-2.8125	0.	0.	0.	1.	0.	0.	0.	0.	0	
39.0502	58.9248	142	0	1	2	2	1	1	2.8306	0.443237	0.	-2.8125	0.	0.	0.	1.	0.	0.	0.	0.	0	
39.0662	62.5037	143	0	1	2	2	1	1	2.8306	0.443237	0.	-2.8125	0.	0.	0.	1.	0.	0.	0.	0.	0	
39.0832	58.8254	144	0	1	2	2	1	1	2.8306	0.443237	0.	-2.8125	0.	0.	0.	1.	0.	0.	0.	0.	0	
39.1002	58.7545	145	0	1	2	2	1	1	2.8306	0.443237	0.	-2.8125	0.	0.	0.	1.	0.	0.	0.	0.	0	
39.1172	58.8746	146	0	1	2	2	1	1	2.8306	0.443237	0.	-2.8125	0.	0.	0.	1.	0.	0.	0.	0.	0	
39.1342	58.8317	147	0	1	2	2	1	1	2.8306	0.443237	0.	-2.8125	0.	0.	0.	1.	0.	0.	0.	0.	0	
39.1512	58.6588	148	0	1	2	2	1	1	2.8306	0.443237	0.	-2.8125	0.	0.	0.	1.	0.	0.	0.	0.	0	
39.1682	58.9909	149	0	1	2	2	1	1	2.8306	0.443237	0.	-2.8125	0.	0.	0.	1.	0.	0.	0.	0.	0	
39.1852	58.6972	150	0	1	2	2	1	1	2.8306	0.443237	0.	-2.8125	0.	0.	0.	1.	0.	0.	0.	0.	0	
39.2022	58.9395	151	0	1	2	2	1	1	2.8306	0.443237	0.	-2.8125	0.	0.	0.	1.	0.	0.	0.	0.	0	
39.2192	58.8254	152	0	1	2	2	1	1	2.8306	0.443237	0.	-2.8125	0.	0.	0.	1.	0.	0.	0.	0.	0	
39.2362	58.7597	153	0	1	2	2	1	1	2.8306	0.443237	0.	-2.8125	0.	0.	0.	1.	0.	0.	0.	0.	0	
39.2532	58.815	154	0	1	2	2	1	1	2.8306	0.443237	0.	-2.8125	0.	0.	0.	1.	0.	0.	0.	0.	0	
39.2702	58.885	155	0	1	2	2	1	1	2.8306	0.443237	0.	-2.8125	0.	0.	0.	1.	0.	0.	0.	0.	0	
39.2872	58.8265	156	0	1	2	2	1	1	2.8306	0.443237	0.	-2.8125	0.	0.	0.	1.	0.	0.	0.	0.	0	
39.3042	58.7847	157	0	1	2	2	1	1	2.8306	0.443237	0.	-2.8125	0.	0.	0.	1.	0.	0.	0.	0.	0	
39.3212	58.8568	158	0	1	2	2	1	1	2.8306	0.443237	0.	-2.8125	0.	0.	0.	1.	0.	0.	0.	0.	0	
39.3382	58.8171	159	0	1	2	2	1	1	2.8306	0.443237	0.	-2.8125	0.	0.	0.	1.	0.	0.	0.	0.	0	
39.3552	58.8244	160	0	1	2	2	1	1	2.8306	0.443237	0.	-2.8125	0.	0.	0.	1.	0.	0.	0.	0.	0	
39.3722	58.8139	161	0	1	2	2	1	1	2.8306	0.443237	0.	-2.8125	0.	0.	0.	1.	0.	0.	0.	0.	0	
39.3892	58.7284	162	0	1	2	2	1	1	2.8306	0.443237	0.	-2.8125	0.	0.	0.	1.	0.	0.	0.	0.	0	
39.4062	58.9217	163	0	1	2	2	1	1	2.8306	0.443237	0.	-2.8125	0.	0.	0.	1.	0.	0.	0.	0.	0	
39.4232	58.7774	164	0	1	2	2	1	1	2.8306	0.443237	0.	-2.8125	0.	0.	0.	1.	0.	0.	0.	0.	0	
39.4402	58.8578	165	0	1	2	2	1	1	2.8306	0.443237	0.	-2.8125	0.	0.	0.	1.	0.	0.	0.	0.	0	
39.4572	58.8212	166	0	1	2	2	1	1	2.8306	0.443237	0.	-2.8125	0.	0.	0.	1.	0.	0.	0.	0.	0	
39.4742	58.8192	167	0	1	2	2	1	1	2.8306	0.443237	0.	-2.8125	0.	0.	0.	1.	0.	0.	0.	0.	0	
39.4912	58.7785	168	0	1	2	2	1	1	2.8306	0.443237	0.	-2.8125	0.	0.	0.	1.	0.	0.	0.	0.	0	
39.5082	58.7878	169	0	1	2	2	1	1	2.8306	0.443237	0.	-2.8125	0.	0.	0.	1.	0.	0.	0.	0.	0	
39.5252	58.8976	170	0	1	2	2	1	1	2.8306	0.443237	0.	-2.8125	0.	0.	0.	1.	0.	0.	0.	0.	0	
39.5422	58.7461	171	0	1	2	2	1	1	2.8306	0.443237	0.	-2.8125	0.	0.	0.	1.	0.	0.	0.	0.	0	
39.5582	62.5852	172	0	1	2	2	1	1	2.8306	0.443237	0.	-2.8125	0.	0.	0.	1.	0.	0.	0.	0.	0	
39.5752	58.7868	173	0	1	2	2	1	1	2.8306	0.443237	0.	-2.8125	0.	0.	0.	1.	0.	0.	0.	0.	0	
39.5922	58.8599	174	0	1	2	2	1	1	2.8306	0.443237	0.	-2.8125	0.	0.	0.	1.	0.	0.	0.	0.	0	
39.6092	58.8223	175	0	1	2	2	1	1	2.8306	0.443237	0.	-2.8125	0.	0.	0.	1.	0.	0.	0.	0.	0	
39.6262	58.8139	176	0	1	2	2	1	1	2.8306	0.443237	0.	-2.8125	0.	0.	0.	1.	0.	0.	0.	0.	0	
39.6432	58.7816	177	0	1	2	2	1	1	2.8306	0.443237	0.	-2.8125	0.	0.	0.	1.	0.	0.	0.	0.	0	
39.6602	58.8192	178	0	1	2	2	1	1	2.8306	0.443237	0.	-2.8125	0.	0.	0.	1.	0.	0.	0.	0.	0	
39.6772	58.8641	179	0	1	2	2	1	1	2.8306	0.443237	0.	-2.8125	0.	0.	0.	1.	0.	0.	0.	0.	0	
39.6942	58.7941	180	0	1	2	2	1	1	2.8306	0.443237	0.	-2.8125	0.	0.	0.	1.	0.	0.	0.	0.	0	
39.7112	58.8463	181	0	1	2	2	1	1	2.8306	0.443237	0.	-2.8125	0.	0.	0.	1.	0.	0.	0.	0.	0	
39.7282	58.8275	182	0	1	2	2	1	1	2.8306	0.443237	0.	-2.8125	0.	0.	0.	1.	0.	0.	0.	0.	0	
39.7452	58.8171	183	0	1	2	2	1	1	2.8306	0.443237	0.	-2.8125	0.	0.	0.	1.	0.	0.	0.	0.	0	
39.7622	58.8223	184	0	1	2	2	1	1	2.8306	0.443237	0.	-2.8125	0.	0.	0.	1.	0.	0.	0.	0.	0	
39.7792	58.8118	185	0	1	2	2	1	1	2.8306	0.443237	0.	-2.8125	0.	0.	0.	1.	0.	0.	0.	0.	0	
39.7962	58.8296	186	0	1	2	2	1	1	2.8306	0.443237	0.	-2.8125	0.	0.	0.	1.	0.	0.	0.	0.	0	
39.8132	58.8244	187	0	1	2	2	1	1	2.8306	0.443237	0.	-2.8125	0.	0.	0.	1.	0.	0.	0.	0.	0	
39.8302	58.8233	188	0	1	2	2	1	1	2.8306	0.443237	0.	-2.8125	0.	0.	0.	1.	0.	0.	0.	0.	0	
39.8472	58.8202	189	0	1	2	2	1	1	2.8306	0.443237	0.	-2.8125	0.	0.	0.	1.	0.	0.	0.	0.	0	
39.8642	58.815	190	0	1	2	2	1	1	2.8306	0.443237	0.	-2.8125	0.	0.	0.	1.	0.	0.	0.	0.	0	
39.8812	58.815	191	0	1	2	2	1	1	2.8306	0.443237	0.	-2.8125	0.	0.	0.	1.	0.	0.	0.	0.	0	
39.8982	58.8327	192	0	1	2	2	1	1	2.8306	0.443237	0.	-2.8125	0.	0.	0.	1.	0.	0.	0.	0.	0	
39.9152	58.7191	193	0	1	2	2	1	1	2.8306	0.443237	0.	-2.8125	0.	0.	0.	1.	0.	0.	0.	0.	0	
39.9322	58.9259	194	0	1	2	2	1	1	2.8306	0.443237	0.	-2.8125	0.	0.	0.	1.	0.	0.	0.	0.	0	
39.9492	58.7253	195	0	1	2	2	1	1	2.8306	0.443237	0.	-2.8125	0.	0.	0.	1.	0.	0.	0.	0.	0	
39.9662	58.792	196	0	1	2	2	1	1	2.8306	0.443237	0.	-2.8125	0.	0.	0.	1.	0.	0.	0.	0.	0	
39.9832	58.9374	197	0	1	2	2	1	1	2.8306	0.443237	0.	-2.8125	0.	0.	0.	1.	0.	0.	0.	0.	0	
40.0002	58.8244	198	0	1	2	2	1	1	2.8306	0.443237	0.	-2.8125	0.	0.	0.	1.	0.	0.	0.	0.	0	
40.0172	58.816	199	0	1	2	2	1	1	2.8306	0.443237	0.	-2.8125	0.	0.	0.	1.	0.	0.	0.	0.	0	
40.0342	58.7753	200	0	1	2	2	1	1	2.8306	0.443237	0.	-2.8125	0.	0.	0.	1.	0.	0.	0.	0.	0	
40.0502	62.5544	201	0	1	2	2	1	1	2.8306	0.443237	0.	-2.8125	0.	0.	0.	1.	0.	0.	0.	0.	0	
40.0672	58.7295	202	0	1	2	2	1	1	2.8306	0.443237	0.	-2.8125	0.	0.	0.	1.	0.	0.	0.	0.	0	
40.0843	58.7732	203	0	1	2	2	1	1	2.8306	0.443237	0.	-2.8125	0.	0.	0.	1.	0.	0.	0.	0.	0	
40.1012	58.9657	204	0	1	2	2	1	1	2.8306	0.443237	0.	-2.8125	0.	0.	0.	1.	0.	0.	0.	0.	0	
40.1182	58.8118	205	0	1	2	2	1	1	2.8306	0.443237	0.	-2.8125	0.	0.	0.	1.	0.	0.	0.	0.	0	
40.1352	58.7847	206	0	1	2	2	1	1	2.8306	0.443237	0.	-2.8125	0.	0.	0.	1.	0.	0.	0.	0.	0	
40.1522	58.8432	207	0	1	2	2	1	1	2.8306	0.443237	0.	-2.8125	0.	0.	0.	1.	0.	0.	0.	0.	0	
40.1692	58.8254	208	0	1	2	2	1	1	2.8306	0.443237	0.	-2.8125	0.	0.	0.	1.	0.	0.	0.	0.	0	
40.1862	58.7545	209	0	1	2	2	1	1	2.8306	0.443237	0.	-2.8125	0.	0.	0.	1.	0.	0.	0.	0.	0	
40.2032	58.9049	210	0	1	2	2	1	1	2.8306	0.443237	0.	-2.8125	0.	0.	0.	1.	0.	0.	0.	0.	0	
40.2202	58.7347	211	0	1	2	2	1	1	2.8306	0.443237	0.	-2.8125	0.	0.	0.	1.	0.	0.	0.	0.	0	
40.2372	58.9102	212	0	1	2	2	1	1	2.8306	0.443237	0.	-2.8125	0.	0.	0.	1.	0.	0.	0.	0.	0	
40.2542	58.816	213	0	1	2	2	1	1	2.8306	0.443237	0.	-2.8125	0.	0.	0.	1.	0.	0.	0.	0.	0	
40.2712	58.7931	214	0	1	2	2	1	1	2.8306	0.443237	0.	-2.8125	0.	0.	0.	1.	0.	0.	0.	0.	0	
40.2882	58.8526	215	0	1	2	2	1	1	2.8306	0.443237	0.	-2.8125	0.	0.	0.	1.	0.	0.	0.	0.	0	
40.3052	58.7805	216	0	1	2	2	1	1	2.8306	0.443237	0.	-2.8125	0.	0.	0.	1.	0.	0.	0.	0.	0	
40.3223	58.7701	217	0	1	2	2	1	1	2.8306	0.443237	0.	-2.8125	0.	0.	0.	1.	0.	0.	0.	0.	0	
40.3392	58.9123	218	0	1	2	2	1	1	2.8306	0.443237	0.	-2.8125	0.	0.	0.	1.	0.	0.	0.	0.	0	
40.3562	58.8171	219	0	1	2	2	1	1	2.8306	0.443237	0.	-2.8125	0.	0.	0.	1.	0.	0.	0.	0.	0	
40.3732	58.8233	220	0	1	2	2	1	1	2.8306	0.443237	0.	-2.8125	0.	0.	0.	1.	0.	0.	0.	0.	0	
40.3902	58.8192	221	0	1	2	2	1	1	2.8306	0.443237	0.	-2.8125	0.	0.	0.	1.	0.	0.	0.	0.	0	
40.4072	58.8223	222	0	1	2	2	1	1	2.8306	0.443237	0.	-2.8125	0.	0.	0.	1.	0.	0.	0.	0.	0	
40.4242	58.8171	223	0	1	2	2	1	1	2.8306	0.443237	0.	-2.8125	0.	0.	0.	1.	0.	0.	0.	0.	0	
40.4412	58.8244	224	0	1	2	2	1	1	2.8306	0.443237	0.	-2.8125	0.	0.	0.	1.	0.	0.	0.	0.	0	
40.4582	58.7732	225	0	1	2	2	1	1	2.8306	0.443237	0.	-2.8125	0.	0.	0.	1.	0.	0.	0.	0.	0	
40.4753	58.791	226	0	1	2	2	1	1	2.8306	0.443237	0.	-2.8125	0.	0.	0.	1.	0.	0.	0.	0.	0	
40.4922	58.8903	227	0	1	2	2	1	1	2.8306	0.443237	0.	-2.8125	0.	0.	0.	1.	0.	0.	0.	0.	0	
40.5083	62.4542	228	0	1	2	2	1	1	2.8306	0.443237	0.	-2.8125	0.	0.	0.	1.	0.	0.	0.	0.	0	
40.5252	58.8651	229	0	1	2	2	1	1	2.8306	0.443237	0.	-2.8125	0.	0.	0.	1.	0.	0.	0.	0.	0	
40.5423	58.7732	230	0	1	2	2	1	1	2.8306	0.443237	0.	-2.8125	0.	0.	0.	1.	0.	0.	0.	0.	0	
40.5592	58.861	231	0	1	2	2	1	1	2.8306	0.443237	0.	-2.8125	0.	0.	0.	1.	0.	0.	0.	0.	0	
40.5762	58.8327	232	0	1	2	2	1	1	2.8306	0.443237	0.	-2.8125	0.	0.	0.	1.	0.	0.	0.	0.	0	
40.5932	58.8212	233	0	1	2	2	1	1	2.8306	0.443237	0.	-2.8125	0.	0.	0.	1.	0.	0.	0.	0.	0	
40.6102	58.8275	234	0	1	2	2	1	1	2.8306	0.443237	0.	-2.8125	0.	0.	0.	1.	0.	0.	0.	0.	0	
40.6272	58.8212	235	0	1	2	2	1	1	2.8306	0.443237	0.	-2.8125	0.	0.	0.	1.	0.	0.	0.	0.	0	
40.6442	58.8129	236	0	1	2	2	1	1	2.8306	0.443237	0.	-2.8125	0.	0.	0.	1.	0.	0.	0.	0.	0	
40.6613	58.7628	237	0	1	2	2	1	1	2.8306	0.443237	0.	-2.8125	0.	0.	0.	1.	0.	0.	0.	0.	0	
40.6782	58.885	238	0	1	2	2	1	1	2.8306	0.443237	0.	-2.8125	0.	0.	0.	1.	0.	0.	0.	0.	0	
40.6952	58.816	239	0	1	2	2	1	1	2.8306	0.443237	0.	-2.8125	0.	0.	0.	1.	0.	0.	0.	0.	0	
40.7123	58.7212	240	0	1	2	2	1	1	2.8306	0.443237	0.	-2.8125	0.	0.	0.	1.	0.	0.	0.	0.	0	
40.7292	58.928	241	0	1	2	2	1	1	2.8306	0.443237	0.	-2.8125	0.	0.	0.	1.	0.	0.	0.	0.	0	
40.7463	58.7847	242	0	1	2	2	1	1	2.8306	0.443237	0.	-2.8125	0.	0.	0.	1.	0.	0.	0.	0.	0	
40.7633	58.7805	243	0	1	2	2	1	1	2.8306	0.443237	0.	-2.8125	0.	0.	0.	1.	0.	0.	0.	0.	0	
40.7802	58.8944	244	0	1	2	2	1	1	2.8306	0.443237	0.	-2.8125	0.	0.	0.	1.	0.	0.	0.	0.	0	
40.7972	58.8233	245	0	1	2	2	1	1	2.8306	0.443237	0.	-2.8125	0.	0.	0.	1.	0.	0.	0.	0.	0	
40.8143	58.7951	246	0	1	2	2	1	1	2.8306	0.443237	0.	-2.8125	0.	0.	0.	1.	0.	0.	0.	0.	0	
40.8312	58.8442	247	0	1	2	2	1	1	2.8306	0.443237	0.	-2.8125	0.	0.	0.	1.	0.	0.	0.	0.	0	
40.8483	58.8212	248	0	1	2	2	1	1	2.8306	0.443237	0.	-2.8125	0.	0.	0.	1.	0.	0.	0.	0.	0	
40.8653	58.7972	249	0	1	2	2	1	1	2.8306	0.443237	0.	-2.8125	0.	0.	0.	1.	0.	0.	0.	0.	0	
40.8823	58.8484	250	0	1	2	2	1	1	2.8306	0.443237	0.	-2.8125	0.	0.	0.	1.	0.	0.	0.	0.	0	
40.8993	58.792	251	0	1	2	2	1	1	2.8306	0.443237	0.	-2.8125	0.	0.	0.	1.	0.	0.	0.	0.	0	
40.9163	58.8327	252	0	1	2	2	1	1	2.8306	0.443237	0.	-2.8125	0.	0.	0.	1.	0.	0.	0.	0.	0	
40.9333	58.8401	253	0	1	2	2	1	1	2.8306	0.443237	0.	-2.8125	0.	0.	0.	1.	0.	0.	0.	0.	0	
40.9503	58.816	254	0	1	2	2	1	1	2.8306	0.443237	0.	-2.8125	0.	0.	0.	1.	0.	0.	0.	0.	0	
40.9673	58.7639	255	0	1	2	2	1	1	2.8306	0.443237	0.	-2.8125	0.	0.	0.	1.	0.	0.	0.	0.	0	
40.9843	58.8693	256	0	1	2	2	1	1	2.8306	0.443237	0.	-2.8125	0.	0.	0.	1.	0.	0.	0.	0.	0	
41.0013	58.8296	257	0	1	2	2	1	1	2.8306	0.443237	0.	-2.8125	0.	0.	0.	1.	0.	0.	0.	0.	0	
41.0173	62.499	258	0	1	2	2	1	1	2.8306	0.443237	0.	-2.8125	0.	0.	0.	1.	0.	0.	0.	0.	0	
41.0343	58.8171	259	0	1	2	2	1	1	2.8306	0.443237	0.	-2.8125	0.	0.	0.	1.	0.	0.	0.	0.	0	
41.0503	62.4966	260	0	1	2	2	1	1	2.8306	0.443237	0.	-2.8125	0.	0.	0.	1.	0.	0.	0.	0.	0	
41.0663	62.4259	261	0	1	2	2	1	1	2.8306	0.443237	0.	-2.8125	0.	0.	0.	1.	0.	0.	0.	0.	0	
41.0823	62.571	262	0	1	2	2	1	1	2.8306	0.443237	0.	-2.8125	0.	0.	0.	1.	0.	0.	0.	0.	0	
41.0993	58.8139	263	0	1	2	2	1	1	2.8306	0.443237	0.	-2.8125	0.	0.	0.	1.	0.	0.	0.	0.	0	
41.1163	58.8296	264	0	1	2	2	1	1	2.8306	0.443237	0.	-2.8125	0.	0.	0.	1.	0.	0.	0.	0.	0	
41.1333	58.8275	265	0	1	2	2	1	1	2.8306	0.443237	0.	-2.8125	0.	0.	0.	1.	0.	0.	0.	0.	0	
41.1503	58.7524	266	0	1	2	2	1	1	2.8306	0.443237	0.	-2.8125	0.	0.	0.	1.	0.	0.	0.	0.	0	
41.1673	58.8411	267	0	1	2	2	1	1	2.8306	0.443237	0.	-2.8125	0.	0.	0.	1.	0.	0.	0.	0.	0	
41.1843	58.8631	268	0	1	2	2	1	1	2.8306	0.443237	0.	-2.8125	0.	0.	0.	1.	0.	0.	0.	0.	0	
41.2013	58.791	269	0	1	2	2	1	1	2.8306	0.443237	0.	-2.8125	0.	0.	0.	1.	0.	0.	0.	0.	0	
41.2183	58.8327	270	0	1	2	2	1	1	2.8306	0.443237	0.	-2.8125	0.	0.	0.	1.	0.	0.	0.	0.	0	
41.2343	62.4601	271	0	1	2	2	1	1	2.8306	0.443237	0.	-2.8125	0.	0.	0.	1.	0.	0.	0.	0.	0	
41.2513	58.7983	272	0	1	2	2	1	1	2.8306	0.443237	0.	-2.8125	0.	0.	0.	1.	0.	0.	0.	0.	0	
41.2683	58.8976	273	0	1	2	2	1	1	2.8306	0.443237	0.	-2.8125	0.	0.	0.	1.	0.	0.	0.	0.	0	
41.2853	58.8223	274	0	1	2	2	1	1	2.8306	0.443237	0.	-2.8125	0.	0.	0.	1.	0.	0.	0.	0.	0	
41.3023	58.7597	275	0	1	2	2	1	1	2.8306	0.443237	0.	-2.8125	0.	0.	0.	1.	0.	0.	0.	0.	0	
41.3193	58.8474	276	0	1	2	2	1	1	2.8306	0.443237	0.	-2.8125	0.	0.	0.	1.	0.	0.	0.	0.	0	
41.3363	58.8004	277	0	1	2	2	1	1	2.8306	0.443237	0.	-2.8125	0.	0.	0.	1.	0.	0.	0.	0.	0	
41.3533	58.8787	278	0	1	2	2	1	1	2.8306	0.443237	0.	-2.8125	0.	0.	0.	1.	0.	0.	0.	0.	0	
41.3703	58.8192	279	0	1	2	2	1	1	2.8306	0.443237	0.	-2.8125	0.	0.	0.	1.	0.	0.	0.	0.	0	
41.3873	58.8181	280	0	1	2	2	1	1	2.8306	0.443237	0.	-2.8125	0.	0.	0.	1.	0.	0.	0.	0.	0	
41.4043	58.7545	281	0	1	2	2	1	1	2.8306	0.443237	0.	-2.8125	0.	0.	0.	1.	0.	0.	0.	0.	0	
41.4213	58.8934	282	0	1	2	2	1	1	2.8306	0.443237	0.	-2.8125	0.	0.	0.	1.	0.	0.	0.	0.	0	
41.4373	62.499	283	0	1	2	2	1	1	2.8306	0.443237	0.	-2.8125	0.	0.	0.	1.	0.	0.	0.	0.	0	
41.4543	58.8202	284	0	1	2	2	1	1	2.8306	0.443237	0.	-2.8125	0.	0.	0.	1.	0.	0.	0.	0.	0	
41.4713	58.8212	285	0	1	2	2	1	1	2.8306	0.443237	0.	-2.8125	0.	0.	0.	1.	0.	0.	0.	0.	0	
41.4883	58.8202	286	0	1	2	2	1	1	2.8306	0.443237	0.	-2.8125	0.	0.	0.	1.	0.	0.	0.	0.	0	
41.5053	58.8223	287	0	1	2	2	1	1	2.8306	0.443237	0.	-2.8125	0.	0.	0.	1.	0.	0.	0.	0.	0	
41.5223	58.816	288	0	1	2	2	1	1	2.8306	0.443237	0.	-2.8125	0.	0.	0.	1.	0.	0.	0.	0.	0	
41.5393	58.8212	289	0	1	2	2	1	1	2.8306	0.443237	0.	-2.8125	0.	0.	0.	1.	0.	0.	0.	0.	0	
41.5563	58.8233	290	0	1	2	2	1	1	2.8306	0.443237	0.	-2.8125	0.	0.	0.	1.	0.	0.	0.	0.	0	
41.5733	58.8181	291	0	1	2	2	1	1	2.8306	0.443237	0.	-2.8125	0.	0.	0.	1.	0.	0.	0.	0.	0	
41.5903	58.7566	292	0	1	2	2	1	1	2.8306	0.443237	0.	-2.8125	0.	0.	0.	1.	0.	0.	0.	0.	0	
41.6073	58.8484	293	0	1	2	2	1	1	2.8306	0.443237	0.	-2.8125	0.	0.	0.	1.	0.	0.	0.	0.	0	
41.6243	58.7868	294	0	1	2	2	1	1	2.8306	0.443237	0.	-2.8125	0.	0.	0.	1.	0.	0.	0.	0.	0	
41.6413	58.8976	295	0	1	2	2	1	1	2.8306	0.443237	0.	-2.8125	0.	0.	0.	1.	0.	0.	0.	0.	0	
41.6583	58.7461	296	0	1	2	2	1	1	2.8306	0.443237	0.	-2.8125	0.	0.	0.	1.	0.	0.	0.	0.	0	
41.6753	58.8976	297	0	1	2	2	1	1	2.8306	0.443237	0.	-2.8125	0.	0.	0.	1.	0.	0.	0.	0.	0	
41.6923	58.8192	298	0	1	2	2	1	1	2.8306	0.443237	0.	-2.8125	0.	0.	0.	1.	0.	0.	0.	0.	0	
41.7083	62.499	299	0	1	2	2	1	1	2.8306	0.443237	0.	-2.8125	0.	0.	0.	1.	0.	0.	0.	0.	0	
41.7253	58.7295	300	0	1	2	2	1	1	2.8306	0.443237	0.	-2.8125	0.	0.	0.	1.	0.	0.	0.	0.	0	
41.7423	58.8421	301	0	1	2	2	1	1	2.8306	0.443237	0.	-2.8125	0.	0.	0.	1.	0.	0.	0.	0.	0	
41.7593	58.8683	302	0	1	2	2	1	1	2.8306	0.443237	0.	-2.8125	0.	0.	0.	1.	0.	0.	0.	0.	0	
41.7763	58.7264	303	0	1	2	2	1	1	2.8306	0.443237	0.	-2.8125	0.	0.	0.	1.	0.	0.	0.	0.	0	
41.7933	58.9406	304	0	1	2	2	1	1	2.8306	0.443237	0.	-2.8125	0.	0.	0.	1.	0.	0.	0.	0.	0	
41.8103	58.8212	305	0	1	2	2	1	1	2.8306	0.443237	0.	-2.8125	0.	0.	0.	1.	0.	0.	0.	0.	0	
41.8273	58.7941	306	0	1	2	2	1	1	2.8306	0.443237	0.	-2.8125	0.	0.	0.	1.	0.	0.	0.	0.	0	
41.8443	58.8098	307	0	1	2	2	1	1	2.8306	0.443237	0.	-2.8125	0.	0.	0.	1.	0.	0.	0.	0.	0	
41.8613	58.8474	308	0	1	2	2	1	1	2.8306	0.443237	0.	-2.8125	0.	0.	0.	1.	0.	0.	0.	0.	0	
41.8783	58.768	309	0	1	2	2	1	1	2.8306	0.443237	0.	-2.8125	0.	0.	0.	1.	0.	0.	0.	0.	0	
41.8953	58.8787	310	0	1	2	2	1	1	2.8306	0.443237	0.	-2.8125	0.	0.	0.	1.	0.	0.	0.	0.	0	
41.9123	58.8254	311	0	1	2	2	1	1	2.8306	0.443237	0.	-2.8125	0.	0.	0.	1.	0.	0.	0.	0.	0	
41.9293	58.816	312	0	1	2	2	1	1	2.8306	0.443237	0.	-2.8125	0.	0.	0.	1.	0.	0.	0.	0.	0	
41.9463	58.8233	313	0	1	2	2	1	1	2.8306	0.443237	0.	-2.8125	0.	0.	0.	1.	0.	0.	0.	0.	0	
41.9633	58.7691	314	0	1	2	2	1	1	2.8306	0.443237	0.	-2.8125	0.	0.	0.	1.	0.	0.	0.	0.	0	
41.9803	58.8787	315	0	1	2	2	1	1	2.8306	0.443237	0.	-2.8125	0.	0.	0.	1.	0.	0.	0.	0.	0	
41.9973	58.8171	316	0	1	2	2	1	1	2.8306	0.443237	0.	-2.8125	0.	0.	0.	1.	0.	0.	0.	0.	0	
42.0143	58.8254	317	0	1	2	2	1	1	2.8306	0.443237	0.	-2.8125	0.	0.	0.	1.	0.	0.	0.	0.	0	
42.0313	58.7003	318	0	1	2	2	1	1	2.8306	0.443237	0.	-2.8125	0.	0.	0.	1.	0.	0.	0.	0.	0	
42.0483	58.9154	319	0	1	2	2	1	1	2.8306	0.443237	0.	-2.8125	0.	0.	0.	1.	0.	0.	0.	0.	0	
42.0653	58.8484	320	0	1	2	2	1	1	2.8306	0.443237	0.	-2.8125	0.	0.	0.	1.	0.	0.	0.	0.	0	
42.0823	58.8108	321	0	1	2	2	1	1	2.8306	0.443237	0.	-2.8125	0.	0.	0.	1.	0.	0.	0.	0.	0	
42.0993	58.8035	322	0	1	2	2	1	1	2.8306	0.443237	0.	-2.8125	0.	0.	0.	1.	0.	0.	0.	0.	0	
42.1163	58.7618	323	0	1	2	2	1	1	2.8306	0.443237	0.	-2.8125	0.	0.	0.	1.	0.	0.	0.	0.	0	
42.1333	58.8944	324	0	1	2	2	1	1	2.8306	0.443237	0.	-2.8125	0.	0.	0.	1.	0.	0.	0.	0.	0	
42.1503	58.7649	325	0	1	2	2	1	1	2.8306	0.443237	0.	-2.8125	0.	0.	0.	1.	0.	0.	0.	0.	0	
42.1673	58.7597	326	0	1	2	2	1	1	2.8306	0.443237	0.	-2.8125	0.	0.	0.	1.	0.	0.	0.	0.	0	
42.1843	58.8662	327	0	1	2	2	1	1	2.8306	0.443237	0.	-2.8125	0.	0.	0.	1.	0.	0.	0.	0.	0	
42.2013	58.862	328	0	1	2	2	1	1	2.8306	0.443237	0.	-2.8125	0.	0.	0.	1.	0.	0.	0.	0.	0	
42.2183	58.8683	329	0	1	2	2	1	1	2.8306	0.443237	0.	-2.8125	0.	0.	0.	1.	0.	0.	0.	0.	0	
42.2353	58.7149	330	0	1	2	2	1	1	2.8306	0.443237	0.	-2.8125	0.	0.	0.	1.	0.	0.	0.	0.	0	
42.2523	58.9248	331	0	1	2	2	1	1	2.8306	0.443237	0.	-2.8125	0.	0.	0.	1.	0.	0.	0.	0.	0	
42.2693	58.7076	332	0	1	2	2	1	1	2.8306	0.443237	0.	-2.8125	0.	0.	0.	1.	0.	0.	0.	0.	0	
42.2863	58.8202	333	0	1	2	2	1	1	2.8306	0.443237	0.	-2.8125	0.	0.	0.	1.	0.	0.	0.	0.	0	
42.3033	58.8913	334	0	1	2	2	1	1	2.8306	0.443237	0.	-2.8125	0.	0.	0.	1.	0.	0.	0.	0.	0	
42.3203	58.8683	335	0	1	2	2	1	1	2.8306	0.443237	0.	-2.8125	0.	0.	0.	1.	0.	0.	0.	0.	0	
42.3373	58.8202	336	0	1	2	2	1	1	2.8306	0.443237	0.	-2.8125	0.	0.	0.	1.	0.	0.	0.	0.	0	
42.3543	58.7774	337	0	1	2	2	1	1	2.8306	0.443237	0.	-2.8125	0.	0.	0.	1.	0.	0.	0.	0.	0	
42.3713	58.8045	338	0	1	2	2	1	1	2.8306	0.443237	0.	-2.8125	0.	0.	0.	1.	0.	0.	0.	0.	0	
42.3883	58.7701	339	0	1	2	2	1	1	2.8306	0.443237	0.	-2.8125	0.	0.	0.	1.	0.	0.	0.	0.	0	
42.4053	58.9091	340	0	1	2	2	1	1	2.8306	0.443237	0.	-2.8125	0.	0.	0.	1.	0.	0.	0.	0.	0	
42.4223	58.839	341	0	1	2	2	1	1	2.8306	0.443237	0.	-2.8125	0.	0.	0.	1.	0.	0.	0.	0.	0	
42.4393	58.7785	342	0	1	2	2	1	1	2.8306	0.443237	0.	-2.8125	0.	0.	0.	1.	0.	0.	0.	0.	0	
42.4563	58.8526	343	0	1	2	2	1	1	2.8306	0.443237	0.	-2.8125	0.	0.	0.	1.	0.	0.	0.	0.	0	
42.4733	58.8369	344	0	1	2	2	1	1	2.8306	0.443237	0.	-2.8125	0.	0.	0.	1.	0.	0.	0.	0.	0	
42.4903	58.816	345	0	1	2	2	1	1	2.8306	0.443237	0.	-2.8125	0.	0.	0.	1.	0.	0.	0.	0.	0	
42.5073	58.8223	346	0	1	2	2	1	1	2.8306	0.443237	0.	-2.8125	0.	0.	0.	1.	0.	0.	0.	0.	0	
42.5243	58.8129	347	0	1	2	2	1	1	2.8306	0.443237	0.	-2.8125	0.	0.	0.	1.	0.	0.	0.	0.	0	
42.5413	58.8338	348	0	1	2	2	1	1	2.8306	0.443237	0.	-2.8125	0.	0.	0.	1.	0.	0.	0.	0.	0	
42.5583	58.792	349	0	1	2	2	1	1	2.8306	0.443237	0.	-2.8125	0.	0.	0.	1.	0.	0.	0.	0.	0	
42.5753	58.8516	350	0	1	2	2	1	1	2.8306	0.443237	0.	-2.8125	0.	0.	0.	1.	0.	0.	0.	0.	0	
42.5924	58.7149	351	0	1	2	2	1	1	2.8306	0.443237	0.	-2.8125	0.	0.	0.	1.	0.	0.	0.	0.	0	
42.6093	58.9206	352	0	1	2	2	1	1	2.8306	0.443237	0.	-2.8125	0.	0.	0.	1.	0.	0.	0.	0.	0	
42.6263	58.8192	353	0	1	2	2	1	1	2.8306	0.443237	0.	-2.8125	0.	0.	0.	1.	0.	0.	0.	0.	0	
42.6433	58.8098	354	0	1	2	2	1	1	2.8306	0.443237	0.	-2.8125	0.	0.	0.	1.	0.	0.	0.	0.	0	
42.6593	62.5001	355	0	1	2	2	1	1	2.8306	0.443237	0.	-2.8125	0.	0.	0.	1.	0.	0.	0.	0.	0	
42.6763	58.8212	356	0	1	2	2	1	1	2.8306	0.443237	0.	-2.8125	0.	0.	0.	1.	0.	0.	0.	0.	0	
42.6923	62.473	357	0	1	2	2	1	1	2.8306	0.443237	0.	-2.8125	0.	0.	0.	1.	0.	0.	0.	0.	0	
42.7083	62.5296	358	0	1	2	2	1	1	2.8306	0.443237	0.	-2.8125	0.	0.	0.	1.	0.	0.	0.	0.	0	
42.7253	58.8254	359	0	1	2	2	1	1	2.8306	0.443237	0.	-2.8125	0.	0.	0.	1.	0.	0.	0.	0.	0	
42.7423	58.8192	360	0	1	2	2	1	1	2.8306	0.443237	0.	-2.8125	0.	0.	0.	1.	0.	0.	0.	0.	0	
42.7583	62.4742	361	0	1	2	2	1	1	2.8306	0.443237	0.	-2.8125	0.	0.	0.	1.	0.	0.	0.	0.	0	
42.7754	58.7503	362	0	1	2	2	1	1	2.8306	0.443237	0.	-2.8125	0.	0.	0.	1.	0.	0.	0.	0.	0	
42.7923	58.8892	363	0	1	2	2	1	1	2.8306	0.443237	0.	-2.8125	0.	0.	0.	1.	0.	0.	0.	0.	0	
42.8083	62.532	364	0	1	2	2	1	1	2.8306	0.443237	0.	-2.8125	0.	0.	0.	1.	0.	0.	0.	0.	0	
42.8253	58.7722	365	0	1	2	2	1	1	2.8306	0.443237	0.	-2.8125	0.	0.	0.	1.	0.	0.	0.	0.	0	
42.8423	58.8683	366	0	1	2	2	1	1	2.8306	0.443237	0.	-2.8125	0.	0.	0.	1.	0.	0.	0.	0.	0	
42.8593	58.8171	367	0	1	2	2	1	1	2.8306	0.443237	0.	-2.8125	0.	0.	0.	1.	0.	0.	0.	0.	0	
42.8763	58.7826	368	0	1	2	2	1	1	2.8306	0.443237	0.	-2.8125	0.	0.	0.	1.	0.	0.	0.	0.	0	
42.8934	58.7555	369	0	1	2	2	1	1	2.8306	0.443237	0.	-2.8125	0.	0.	0.	1.	0.	0.	0.	0.	0	
42.9103	58.9259	370	0	1	2	2	1	1	2.8306	0.443237	0.	-2.8125	0.	0.	0.	1.	0.	0.	0.	0.	0	
42.9273	58.8192	371	0	1	2	2	1	1	2.8306	0.443237	0.	-2.8125	0.	0.	0.	1.	0.	0.	0.	0.	0	
42.9443	58.8223	372	0	1	2	2	1	1	2.8306	0.443237	0.	-2.8125	0.	0.	0.	1.	0.	0.	0.	0.	0	
42.9613	58.8087	373	0	1	2	2	1	1	2.8306	0.443237	0.	-2.8125	0.	0.	0.	1.	0.	0.	0.	0.	0	
42.9783	58.8286	374	0	1	2	2	1	1	2.8306	0.443237	0.	-2.8125	0.	0.	0.	1.	0.	0.	0.	0.	0	
42.9954	58.7409	375	0	1	2	2	1	1	2.8306	0.443237	0.	-2.8125	0.	0.	0.	1.	0.	0.	0.	0.	0	
43.0123	58.906	376	0	1	2	2	1	1	2.8306	0.443237	0.	-2.8125	0.	0.	0.	1.	0.	0.	0.	0.	0	
43.0293	58.8056	377	0	1	2	2	1	1	2.8306	0.443237	0.	-2.8125	0.	0.	0.	1.	0.	0.	0.	0.	0	
43.0464	58.7482	378	0	1	2	2	1	1	2.8306	0.443237	0.	-2.8125	0.	0.	0.	1.	0.	0.	0.	0.	0	
43.0633	58.9154	379	0	1	2	2	1	1	2.8306	0.443237	0.	-2.8125	0.	0.	0.	1.	0.	0.	0.	0.	0	
43.0803	58.8171	380	0	1	2	2	1	1	2.8306	0.443237	0.	-2.8125	0.	0.	0.	1.	0.	0.	0.	0.	0	
43.0973	58.8254	381	0	1	2	2	1	1	2.8306	0.443237	0.	-2.8125	0.	0.	0.	1.	0.	0.	0.	0.	0	
43.1143	58.7983	382	0	1	2	2	1	1	2.8306	0.443237	0.	-2.8125	0.	0.	0.	1.	0.	0.	0.	0.	0	
43.1313	58.838	383	0	1	2	2	1	1	2.8306	0.443237	0.	-2.8125	0.	0.	0.	1.	0.	0.	0.	0.	0	
43.1484	58.7482	384	0	1	2	2	1	1	2.8306	0.443237	0.	-2.8125	0.	0.	0.	1.	0.	0.	0.	0.	0	
43.1653	58.8965	385	0	1	2	2	1	1	2.8306	0.443237	0.	-2.8125	0.	0.	0.	1.	0.	0.	0.	0.	0	
43.1824	58.6983	386	0	1	2	2	1	1	2.8306	0.443237	0.	-2.8125	0.	0.	0.	1.	0.	0.	0.	0.	0	
43.1993	58.9353	387	0	1	2	2	1	1	2.8306	0.443237	0.	-2.8125	0.	0.	0.	1.	0.	0.	0.	0.	0	
43.2163	58.838	388	0	1	2	2	1	1	2.8306	0.443237	0.	-2.8125	0.	0.	0.	1.	0.	0.	0.	0.	0	
43.2334	58.7514	389	0	1	2	2	1	1	2.8306	0.443237	0.	-2.8125	0.	0.	0.	1.	0.	0.	0.	0.	0	
43.2503	58.884	390	0	1	2	2	1	1	2.8306	0.443237	0.	-2.8125	0.	0.	0.	1.	0.	0.	0.	0.	0	
43.2673	58.8244	391	0	1	2	2	1	1	2.8306	0.443237	0.	-2.8125	0.	0.	0.	1.	0.	0.	0.	0.	0	
43.2834	62.4919	392	0	1	2	2	1	1	2.8306	0.443237	0.	-2.8125	0.	0.	0.	1.	0.	0.	0.	0.	0	
43.3004	58.7649	393	0	1	2	2	1	1	2.8306	0.443237	0.	-2.8125	0.	0.	0.	1.	0.	0.	0.	0.	0	
43.3174	58.8819	394	0	1	2	2	1	1	2.8306	0.443237	0.	-2.8125	0.	0.	0.	1.	0.	0.	0.	0.	0	
43.3344	58.7941	395	0	1	2	2	1	1	2.8306	0.443237	0.	-2.8125	0.	0.	0.	1.	0.	0.	0.	0.	0	
43.3514	58.8045	396	0	1	2	2	1	1	2.8306	0.443237	0.	-2.8125	0.	0.	0.	1.	0.	0.	0.	0.	0	
43.3684	58.8651	397	0	1	2	2	1	1	2.8306	0.443237	0.	-2.8125	0.	0.	0.	1.	0.	0.	0.	0.	0	
43.3854	58.7389	398	0	1	2	2	1	1	2.8306	0.443237	0.	-2.8125	0.	0.	0.	1.	0.	0.	0.	0.	0	
43.4024	58.8578	399	0	1	2	2	1	1	2.8306	0.443237	0.	-2.8125	0.	0.	0.	1.	0.	0.	0.	0.	0	
43.4194	58.8662	400	0	1	2	2	1	1	2.8306	0.443237	0.	-2.8125	0.	0.	0.	1.	0.	0.	0.	0.	0	
43.4364	58.8181	401	0	1	2	2	1	1	2.8306	0.443237	0.	-2.8125	0.	0.	0.	1.	0.	0.	0.	0.	0	
43.4524	62.4389	402	0	1	2	2	1	1	2.8306	0.443237	0.	-2.8125	0.	0.	0.	1.	0.	0.	0.	0.	0	
43.4684	62.5072	403	0	1	2	2	1	1	2.8306	0.443237	0.	-2.8125	0.	0.	0.	1.	0.	0.	0.	0.	0	
43.4844	62.4954	404	0	1	2	2	1	1	2.8306	0.443237	0.	-2.8125	0.	0.	0.	1.	0.	0.	0.	0.	0	
43.5014	58.8672	405	0	1	2	2	1	1	2.8306	0.443237	0.	-2.8125	0.	0.	0.	1.	0.	0.	0.	0.	0	
43.5184	58.7284	406	0	1	2	2	1	1	2.8306	0.443237	0.	-2.8125	0.	0.	0.	1.	0.	0.	0.	0.	0	
43.5354	58.9175	407	0	1	2	2	1	1	2.8306	0.443237	0.	-2.8125	0.	0.	0.	1.	0.	0.	0.	0.	0	
43.5524	58.8202	408	0	1	2	2	1	1	2.8306	0.443237	0.	-2.8125	0.	0.	0.	1.	0.	0.	0.	0.	0	
43.5694	58.7743	409	0	1	2	2	1	1	2.8306	0.443237	0.	-2.8125	0.	0.	0.	1.	0.	0.	0.	0.	0	
43.5864	58.8265	410	0	1	2	2	1	1	2.8306	0.443237	0.	-2.8125	0.	0.	0.	1.	0.	0.	0.	0.	0	
43.6034	58.8014	411	0	1	2	2	1	1	2.8306	0.443237	0.	-2.8125	0.	0.	0.	1.	0.	0.	0.	0.	0	
43.6204	58.8108	412	0	1	2	2	1	1	2.8306	0.443237	0.	-2.8125	0.	0.	0.	1.	0.	0.	0.	0.	0	
43.6364	62.5722	413	0	1	2	2	1	1	2.8306	0.443237	0.	-2.8125	0.	0.	0.	1.	0.	0.	0.	0.	0	
43.6534	58.8223	414	0	1	2	2	1	1	2.8306	0.443237	0.	-2.8125	0.	0.	0.	1.	0.	0.	0.	0.	0	
43.6704	58.8212	415	0	1	2	2	1	1	2.8306	0.443237	0.	-2.8125	0.	0.	0.	1.	0.	0.	0.	0.	0	
43.6874	58.8223	416	0	1	2	2	1	1	2.8306	0.443237	0.	-2.8125	0.	0.	0.	1.	0.	0.	0.	0.	0	
43.7044	58.8108	417	0	1	2	2	1	1	2.8306	0.443237	0.	-2.8125	0.	0.	0.	1.	0.	0.	0.	0.	0	
43.7204	62.506	418	0	1	2	2	1	1	2.8306	0.443237	0.	-2.8125	0.	0.	0.	1.	0.	0.	0.	0.	0	
43.7374	58.8275	419	0	1	2	2	1	1	2.8306	0.443237	0.	-2.8125	0.	0.	0.	1.	0.	0.	0.	0.	0	
43.7534	62.3766	420	0	1	2	2	1	1	2.8306	0.443237	0.	-2.8125	0.	0.	0.	1.	0.	0.	0.	0.	0	
43.7704	58.8903	421	0	1	2	2	1	1	2.8306	0.443237	0.	-2.8125	0.	0.	0.	1.	0.	0.	0.	0.	0	
43.7874	58.8536	422	0	1	2	2	1	1	2.8306	0.443237	0.	-2.8125	0.	0.	0.	1.	0.	0.	0.	0.	0	
43.8044	58.8192	423	0	1	2	2	1	1	2.8306	0.443237	0.	-2.8125	0.	0.	0.	1.	0.	0.	0.	0.	0	
43.8214	58.8254	424	0	1	2	2	1	1	2.8306	0.443237	0.	-2.8125	0.	0.	0.	1.	0.	0.	0.	0.	0	
43.8384	58.8244	425	0	1	2	2	1	1	2.8306	0.443237	0.	-2.8125	0.	0.	0.	1.	0.	0.	0.	0.	0	
43.8554	58.8212	426	0	1	2	2	1	1	2.8306	0.443237	0.	-2.8125	0.	0.	0.	1.	0.	0.	0.	0.	0	
43.8724	58.7222	427	0	1	2	2	1	1	2.8306	0.443237	0.	-2.8125	0.	0.	0.	1.	0.	0.	0.	0.	0	
43.8894	58.7868	428	0	1	2	2	1	1	2.8306	0.443237	0.	-2.8125	0.	0.	0.	1.	0.	0.	0.	0.	0	
43.9054	62.5792	429	0	1	2	2	1	1	2.8306	0.443237	0.	-2.8125	0.	0.	0.	1.	0.	0.	0.	0.	0	
43.9224	58.8787	430	0	1	2	2	1	1	2.8306	0.443237	0.	-2.8125	0.	0.	0.	1.	0.	0.	0.	0.	0	
43.9394	58.8192	431	0	1	2	2	1	1	2.8306	0.443237	0.	-2.8125	0.	0.	0.	1.	0.	0.	0.	0.	0	
43.9564	58.8233	432	0	1	2	2	1	1	2.8306	0.443237	0.	-2.8125	0.	0.	0.	1.	0.	0.	0.	0.	0	
43.9734	58.8233	433	0	1	2	2	1	1	2.8306	0.443237	0.	-2.8125	0.	0.	0.	1.	0.	0.	0.	0.	0	
43.9904	58.8192	434	0	1	2	2	1	1	2.8306	0.443237	0.	-2.8125	0.	0.	0.	1.	0.	0.	0.	0.	0	
44.0064	62.473	435	0	1	2	2	1	1	2.8306	0.443237	0.	-2.8125	0.	0.	0.	1.	0.	0.	0.	0.	0	
44.0224	62.5143	436	0	1	2	2	1	1	2.8306	0.443237	0.	-2.8125	0.	0.	0.	1.	0.	0.	0.	0.	0	
44.0394	58.7295	437	0	1	2	2	1	1	2.8306	0.443237	0.	-2.8125	0.	0.	0.	1.	0.	0.	0.	0.	0	
44.0564	58.9164	438	0	1	2	2	1	1	2.8306	0.443237	0.	-2.8125	0.	0.	0.	1.	0.	0.	0.	0.	0	

