Time	FPS	Frame	Crash	RB	RU	LU	LB	OC	Dither	DAngle	swAngle	OX	OY	OZ	HX	HY	HZ	HA	AccumulativeHeading(Y)	Speed	Dynamic
1.78096e-005	56149.5	1	0	1	3	3	1	2	2.8125	-1.58704e-003	10.8255	-2.8125	0.	0.	0.	1.	0.	0.	0.	0.	0	
0.355159	2.81578	2	0	1	3	3	1	2	2.81248	-1.58704e-003	10.8255	-2.8125	0.	0.	0.	1.	0.	0.	0.	0.	0	
0.409401	18.4357	3	0	1	3	3	1	2	2.81248	-1.58704e-003	10.8255	-2.8125	0.	0.	0.	1.	0.	0.	0.	0.	0	
0.425665	61.4875	4	0	1	3	3	1	2	2.81248	-1.58704e-003	10.8255	-2.8125	0.	0.	0.	1.	0.	0.	0.	0.	0	
0.442663	58.8298	5	0	1	3	3	1	2	2.81248	-1.58704e-003	10.8255	-2.8125	0.	0.	0.	1.	0.	0.	0.	0.	0	
0.459651	58.8643	6	0	1	3	3	1	2	2.81248	-1.58704e-003	10.8255	-2.8125	0.	0.	0.	1.	0.	0.	0.	0.	0	
0.475642	62.5356	7	0	1	3	3	1	2	2.81248	-1.58704e-003	10.8255	-2.8125	0.	0.	0.	1.	0.	0.	0.	0.	0	
0.492693	58.6496	8	0	1	3	3	1	2	2.81248	-1.58704e-003	10.8255	-2.8125	0.	0.	0.	1.	0.	0.	0.	0.	0	
0.508659	62.6325	9	0	1	3	3	1	2	2.81248	-1.58704e-003	10.8255	-2.8125	0.	0.	0.	1.	0.	0.	0.	0.	0	
0.525659	58.8214	10	0	1	3	3	1	2	2.81248	-1.58704e-003	10.8255	-2.8125	0.	0.	0.	1.	0.	0.	0.	0.	0	
0.542652	58.8486	11	0	1	3	3	1	2	2.81248	-1.58704e-003	10.8255	-2.8125	0.	0.	0.	1.	0.	0.	0.	0.	0	
0.559654	58.8162	12	0	1	3	3	1	2	2.81248	-1.58704e-003	10.8255	-2.8125	0.	0.	0.	1.	0.	0.	0.	0.	0	
0.575669	62.4436	13	0	1	3	3	1	2	2.81248	-1.58704e-003	10.8255	-2.8125	0.	0.	0.	1.	0.	0.	0.	0.	0	
0.592655	58.8705	14	0	1	3	3	1	2	2.81248	-1.58704e-003	10.8255	-2.8125	0.	0.	0.	1.	0.	0.	0.	0.	0	
0.609669	58.7765	15	0	1	3	3	1	2	2.81248	-1.58704e-003	10.8255	-2.8125	0.	0.	0.	1.	0.	0.	0.	0.	0	
0.626724	58.634	16	0	1	3	3	1	2	2.81248	-1.58704e-003	10.8255	-2.8125	0.	0.	0.	1.	0.	0.	0.	0.	0	
0.643678	58.9806	17	0	1	3	3	1	2	2.81248	-1.58704e-003	10.8255	-2.8125	0.	0.	0.	1.	0.	0.	0.	0.	0	
0.660787	58.4509	18	0	1	3	3	1	2	2.81248	-1.58704e-003	10.8255	-2.8125	0.	0.	0.	1.	0.	0.	0.	0.	0	
0.67669	62.881	19	0	1	3	3	1	2	2.81248	-1.58704e-003	10.8255	-2.8125	0.	0.	0.	1.	0.	0.	0.	0.	0	
0.693683	58.8475	20	0	1	3	3	1	2	2.81248	-1.58704e-003	10.8255	-2.8125	0.	0.	0.	1.	0.	0.	0.	0.	0	
0.710692	58.7922	21	0	1	3	3	1	2	2.81248	-1.58704e-003	10.8255	-2.8125	0.	0.	0.	1.	0.	0.	0.	0.	0	
0.727698	58.8026	22	0	1	3	3	1	2	2.81248	-1.58704e-003	10.8255	-2.8125	0.	0.	0.	1.	0.	0.	0.	0.	0	
0.744695	58.8329	23	0	1	3	3	1	2	2.81248	-1.58704e-003	10.8255	-2.8125	0.	0.	0.	1.	0.	0.	0.	0.	0	
0.761713	58.7609	24	0	1	3	3	1	2	2.81248	-1.58704e-003	10.8255	-2.8125	0.	0.	0.	1.	0.	0.	0.	0.	0	
0.7787	58.8716	25	0	1	3	3	1	2	2.81248	-1.58704e-003	10.8255	-2.8125	0.	0.	0.	1.	0.	0.	0.	0.	0	
0.795704	58.8089	26	0	1	3	3	1	2	2.81248	-1.58704e-003	10.8255	-2.8125	0.	0.	0.	1.	0.	0.	0.	0.	0	
0.812703	58.8277	27	0	1	3	3	1	2	2.81248	-1.58704e-003	10.8255	-2.8125	0.	0.	0.	1.	0.	0.	0.	0.	0	
0.829729	58.7328	28	0	1	3	3	1	2	2.81248	-1.58704e-003	10.8255	-2.8125	0.	0.	0.	1.	0.	0.	0.	0.	0	
0.846687	58.9701	29	0	1	3	3	1	2	2.81248	-1.58704e-003	10.8255	-2.8125	0.	0.	0.	1.	0.	0.	0.	0.	0	
0.863725	58.6901	30	0	1	3	3	1	2	2.81248	-1.58704e-003	10.8255	-2.8125	0.	0.	0.	1.	0.	0.	0.	0.	0	
0.8807	58.9103	31	0	1	3	3	1	2	2.81248	-1.58704e-003	10.8255	-2.8125	0.	0.	0.	1.	0.	0.	0.	0.	0	
0.897722	58.7484	32	0	1	3	3	1	2	2.81248	-1.58704e-003	10.8255	-2.8125	0.	0.	0.	1.	0.	0.	0.	0.	0	
0.91369	62.6242	33	0	1	3	3	1	2	2.81248	-1.58704e-003	10.8255	-2.8125	0.	0.	0.	1.	0.	0.	0.	0.	0	
0.93072	58.7203	34	0	1	3	3	1	2	2.81248	-1.58704e-003	10.8255	-2.8125	0.	0.	0.	1.	0.	0.	0.	0.	0	
0.947696	58.9082	35	0	1	3	3	1	2	2.81248	-1.58704e-003	10.8255	-2.8125	0.	0.	0.	1.	0.	0.	0.	0.	0	
0.964713	58.763	36	0	1	3	3	1	2	2.81248	-1.58704e-003	10.8255	-2.8125	0.	0.	0.	1.	0.	0.	0.	0.	0	
0.980711	62.5073	37	0	1	3	3	1	2	2.81248	-1.58704e-003	10.8255	-2.8125	0.	0.	0.	1.	0.	0.	0.	0.	0	
0.997706	58.8413	38	0	1	3	3	1	2	2.81248	-1.58704e-003	10.8255	-2.8125	0.	0.	0.	1.	0.	0.	0.	0.	0	
1.01369	62.5663	39	0	1	3	3	1	2	2.81248	-1.58704e-003	10.8255	-2.8125	0.	0.	0.	1.	0.	0.	0.	0.	0	
1.03069	58.8078	40	0	1	3	3	1	2	2.81248	-1.58704e-003	10.8255	-2.8125	0.	0.	0.	1.	0.	0.	0.	0.	0	
1.04771	58.7588	41	0	1	3	3	1	2	2.81248	-1.58704e-003	10.8255	-2.8125	0.	0.	0.	1.	0.	0.	0.	0.	0	
1.06474	58.7401	42	0	1	3	3	1	2	2.81248	-1.58704e-003	10.8255	-2.8125	0.	0.	0.	1.	0.	0.	0.	0.	0	
1.08171	58.9082	43	0	1	3	3	1	2	2.81248	-1.58704e-003	10.8255	-2.8125	0.	0.	0.	1.	0.	0.	0.	0.	0	
1.09873	58.7755	44	0	1	3	3	1	2	2.81248	-1.58704e-003	10.8255	-2.8125	0.	0.	0.	1.	0.	0.	0.	0.	0	
1.1147	62.5876	45	0	1	3	3	1	2	2.81248	-1.58704e-003	10.8255	-2.8125	0.	0.	0.	1.	0.	0.	0.	0.	0	
1.13171	58.8099	46	0	1	3	3	1	2	2.81248	-1.58704e-003	10.8255	-2.8125	0.	0.	0.	1.	0.	0.	0.	0.	0	
1.14771	62.4955	47	0	1	3	3	1	2	2.81248	-1.58704e-003	10.8255	-2.8125	0.	0.	0.	1.	0.	0.	0.	0.	0	
1.16473	58.7432	48	0	1	3	3	1	2	2.81248	-1.58704e-003	10.8255	-2.8125	0.	0.	0.	1.	0.	0.	0.	0.	0	
1.18171	58.8904	49	0	1	3	3	1	2	2.81248	-1.58704e-003	10.8255	-2.8125	0.	0.	0.	1.	0.	0.	0.	0.	0	
1.19873	58.764	50	0	1	3	3	1	2	2.81248	-1.58704e-003	10.8255	-2.8125	0.	0.	0.	1.	0.	0.	0.	0.	0	
1.21472	62.5309	51	0	1	3	3	1	2	2.81248	-1.58704e-003	10.8255	-2.8125	0.	0.	0.	1.	0.	0.	0.	0.	0	
1.23174	58.7765	52	0	1	3	3	1	2	2.81248	-1.58704e-003	10.8255	-2.8125	0.	0.	0.	1.	0.	0.	0.	0.	0	
1.24873	58.8392	53	0	1	3	3	1	2	2.81248	-1.58704e-003	10.8255	-2.8125	0.	0.	0.	1.	0.	0.	0.	0.	0	
1.26571	58.88	54	0	1	3	3	1	2	2.81248	-1.58704e-003	10.8255	-2.8125	0.	0.	0.	1.	0.	0.	0.	0.	0	
1.28174	62.4072	55	0	1	3	3	1	2	2.81248	-1.58704e-003	10.8255	-2.8125	0.	0.	0.	1.	0.	0.	0.	0.	0	
1.29873	58.8549	56	0	1	3	3	1	2	2.81248	-1.58704e-003	10.8255	-2.8125	0.	0.	0.	1.	0.	0.	0.	0.	0	
1.31576	58.7088	57	0	1	3	3	1	2	2.81248	-1.58704e-003	10.8255	-2.8125	0.	0.	0.	1.	0.	0.	0.	0.	0	
1.3327	59.0531	58	0	1	3	3	1	2	2.81248	-1.58704e-003	10.8255	-2.8125	0.	0.	0.	1.	0.	0.	0.	0.	0	
1.34975	58.6465	59	0	1	3	3	1	2	2.81248	-1.58704e-003	10.8255	-2.8125	0.	0.	0.	1.	0.	0.	0.	0.	0	
1.36672	58.9218	60	0	1	3	3	1	2	2.81248	-1.58704e-003	10.8255	-2.8125	0.	0.	0.	1.	0.	0.	0.	0.	0	
1.38375	58.7338	61	0	1	3	3	1	2	2.81248	-1.58704e-003	10.8255	-2.8125	0.	0.	0.	1.	0.	0.	0.	0.	0	
1.40071	58.9376	62	0	1	3	3	1	2	2.81248	-1.58704e-003	10.8255	-2.8125	0.	0.	0.	1.	0.	0.	0.	0.	0	
1.41675	62.3707	63	0	1	3	3	1	2	2.81248	-1.58704e-003	10.8255	-2.8125	0.	0.	0.	1.	0.	0.	0.	0.	0	
1.43372	58.8967	64	0	1	3	3	1	2	2.81248	-1.58704e-003	10.8255	-2.8125	0.	0.	0.	1.	0.	0.	0.	0.	0	
1.44968	62.6681	65	0	1	3	3	1	2	2.81248	-1.58704e-003	10.8255	-2.8125	0.	0.	0.	1.	0.	0.	0.	0.	0	
1.46669	58.7891	66	0	1	3	3	1	2	2.81248	-1.58704e-003	10.8255	-2.8125	0.	0.	0.	1.	0.	0.	0.	0.	0	
1.48371	58.7567	67	0	1	3	3	1	2	2.81248	-1.58704e-003	10.8255	-2.8125	0.	0.	0.	1.	0.	0.	0.	0.	0	
1.50071	58.8423	68	0	1	3	3	1	2	2.81248	-1.58704e-003	10.8255	-2.8125	0.	0.	0.	1.	0.	0.	0.	0.	0	
1.51676	62.3039	69	0	1	3	3	1	2	2.81248	-1.58704e-003	10.8255	-2.8125	0.	0.	0.	1.	0.	0.	0.	0.	0	
1.5337	59.0342	70	0	1	3	3	1	2	2.81248	-1.58704e-003	10.8255	-2.8125	0.	0.	0.	1.	0.	0.	0.	0.	0	
1.54976	62.236	71	0	1	3	3	1	2	2.81248	-1.58704e-003	10.8255	-2.8125	0.	0.	0.	1.	0.	0.	0.	0.	0	
1.56669	59.0637	72	0	1	3	3	1	2	2.81248	-1.58704e-003	10.8255	-2.8125	0.	0.	0.	1.	0.	0.	0.	0.	0	
1.58377	58.5511	73	0	1	3	3	1	2	2.81248	-1.58704e-003	10.8255	-2.8125	0.	0.	0.	1.	0.	0.	0.	0.	0	
1.6007	59.0868	74	0	1	3	3	1	2	2.81248	-1.58704e-003	10.8255	-2.8125	0.	0.	0.	1.	0.	0.	0.	0.	0	
1.61676	62.2535	75	0	1	3	3	1	2	2.81248	-1.58704e-003	10.8255	-2.8125	0.	0.	0.	1.	0.	0.	0.	0.	0	
1.6337	59.0384	76	0	1	3	3	1	2	2.81248	-1.58704e-003	10.8255	-2.8125	0.	0.	0.	1.	0.	0.	0.	0.	0	
1.65075	58.6309	77	0	1	3	3	1	2	2.81248	-1.58704e-003	10.8255	-2.8125	0.	0.	0.	1.	0.	0.	0.	0.	0	
1.6677	59.0247	78	0	1	3	3	1	2	2.81248	-1.58704e-003	10.8255	-2.8125	0.	0.	0.	1.	0.	0.	0.	0.	0	
1.68377	62.2021	79	0	1	3	3	1	2	2.81248	-1.58704e-003	10.8255	-2.8125	0.	0.	0.	1.	0.	0.	0.	0.	0	
1.7007	59.0763	80	0	1	3	3	1	2	2.81248	-1.58704e-003	10.8255	-2.8125	0.	0.	0.	1.	0.	0.	0.	0.	0	
1.71676	62.2524	81	0	1	3	3	1	2	2.81248	-1.58704e-003	10.8255	-2.8125	0.	0.	0.	1.	0.	0.	0.	0.	0	
1.7337	59.0395	82	0	1	3	3	1	2	2.81248	-1.58704e-003	10.8255	-2.8125	0.	0.	0.	1.	0.	0.	0.	0.	0	
1.75077	58.6008	83	0	1	3	3	1	2	2.81248	-1.58704e-003	10.8255	-2.8125	0.	0.	0.	1.	0.	0.	0.	0.	0	
1.7677	59.0521	84	0	1	3	3	1	2	2.81248	-1.58704e-003	10.8255	-2.8125	0.	0.	0.	1.	0.	0.	0.	0.	0	
1.78378	62.2068	85	0	1	3	3	1	2	2.81248	-1.58704e-003	10.8255	-2.8125	0.	0.	0.	1.	0.	0.	0.	0.	0	
1.80071	59.0573	86	0	1	3	3	1	2	2.81248	-1.58704e-003	10.8255	-2.8125	0.	0.	0.	1.	0.	0.	0.	0.	0	
1.81677	62.2477	87	0	1	3	3	1	2	2.81248	-1.58704e-003	10.8255	-2.8125	0.	0.	0.	1.	0.	0.	0.	0.	0	
1.83371	59.0468	88	0	1	3	3	1	2	2.81248	-1.58704e-003	10.8255	-2.8125	0.	0.	0.	1.	0.	0.	0.	0.	0	
1.84977	62.2594	89	0	1	3	3	1	2	2.81248	-1.58704e-003	10.8255	-2.8125	0.	0.	0.	1.	0.	0.	0.	0.	0	
1.86671	59.0384	90	0	1	3	3	1	2	2.81248	-1.58704e-003	10.8255	-2.8125	0.	0.	0.	1.	0.	0.	0.	0.	0	
1.88377	58.5998	91	0	1	3	3	1	2	2.81248	-1.58704e-003	10.8255	-2.8125	0.	0.	0.	1.	0.	0.	0.	0.	0	
1.90071	59.0384	92	0	1	3	3	1	2	2.81248	-1.58704e-003	10.8255	-2.8125	0.	0.	0.	1.	0.	0.	0.	0.	0	
1.91778	58.6039	93	0	1	3	3	1	2	2.81248	-1.58704e-003	10.8255	-2.8125	0.	0.	0.	1.	0.	0.	0.	0.	0	
1.93371	62.75	94	0	1	3	3	1	2	2.81248	-1.58704e-003	10.8255	-2.8125	0.	0.	0.	1.	0.	0.	0.	0.	0	
1.95078	58.5977	95	0	1	3	3	1	2	2.81248	-1.58704e-003	10.8255	-2.8125	0.	0.	0.	1.	0.	0.	0.	0.	0	
1.96771	59.0437	96	0	1	3	3	1	2	2.81248	-1.58704e-003	10.8255	-2.8125	0.	0.	0.	1.	0.	0.	0.	0.	0	
1.9848	58.5459	97	0	1	3	3	1	2	2.81248	-1.58704e-003	10.8255	-2.8125	0.	0.	0.	1.	0.	0.	0.	0.	0	
2.00171	59.1048	98	0	1	3	3	1	2	2.81248	-1.58704e-003	10.8255	-2.8125	0.	0.	0.	1.	0.	0.	0.	0.	0	
2.01878	58.5988	99	0	1	3	3	1	2	2.81248	-1.58704e-003	10.8255	-2.8125	0.	0.	0.	1.	0.	0.	0.	0.	0	
2.03571	59.0521	100	0	1	3	3	1	2	2.81248	-1.58704e-003	10.8255	-2.8125	0.	0.	0.	1.	0.	0.	0.	0.	0	
2.05278	58.5832	101	0	1	3	3	1	2	2.81248	-1.58704e-003	10.8255	-2.8125	0.	0.	0.	1.	0.	0.	0.	0.	0	
2.06974	58.989	102	0	1	3	3	1	2	2.81248	-1.58704e-003	10.8255	-2.8125	0.	0.	0.	1.	0.	0.	0.	0.	0	
2.08682	58.5263	103	0	1	3	3	1	2	2.81248	-1.58704e-003	10.8255	-2.8125	0.	0.	0.	1.	0.	0.	0.	0.	0	
2.10375	59.0753	104	0	1	3	3	1	2	2.81248	-1.58704e-003	10.8255	-2.8125	0.	0.	0.	1.	0.	0.	0.	0.	0	
2.1208	58.6486	105	0	1	3	3	1	2	2.81248	-1.58704e-003	10.8255	-2.8125	0.	0.	0.	1.	0.	0.	0.	0.	0	
2.13773	59.0531	106	0	1	3	3	1	2	2.81248	-1.58704e-003	10.8255	-2.8125	0.	0.	0.	1.	0.	0.	0.	0.	0	
2.15478	58.6527	107	0	1	3	3	1	2	2.81248	-1.58704e-003	10.8255	-2.8125	0.	0.	0.	1.	0.	0.	0.	0.	0	
2.17173	58.9995	108	0	1	3	3	1	2	2.81248	-1.58704e-003	10.8255	-2.8125	0.	0.	0.	1.	0.	0.	0.	0.	0	
2.18777	62.3508	109	0	1	3	3	1	2	2.81248	-1.58704e-003	10.8255	-2.8125	0.	0.	0.	1.	0.	0.	0.	0.	0	
2.20473	58.9544	110	0	1	3	3	1	2	2.81248	-1.58704e-003	10.8255	-2.8125	0.	0.	0.	1.	0.	0.	0.	0.	0	
2.22076	62.4119	111	0	1	3	3	1	2	2.81248	-1.58704e-003	11.0599	-2.8125	0.	0.	0.	1.	0.	0.	0.	0.	0	
2.23772	58.9334	112	0	1	3	3	1	2	2.81248	-1.58704e-003	11.2943	-2.8125	0.	0.	0.	1.	0.	0.	0.	0.	0	
2.25475	58.7526	113	0	1	3	3	1	2	2.81248	-1.58704e-003	11.7667	-2.8125	0.	0.	0.	1.	0.	0.	0.	0.	0	
2.27173	58.8821	114	0	1	3	3	1	2	2.81248	-1.58704e-003	12.2355	-2.8125	0.	0.	0.	1.	0.	0.	0.	0.	0	
2.28772	62.5143	115	0	1	3	3	1	2	2.81248	-1.58704e-003	12.9423	-2.8125	0.	0.	0.	1.	0.	0.	0.	0.	0	
2.30473	58.7964	116	0	1	3	3	1	2	2.81248	-1.58704e-003	13.8835	-2.8125	0.	0.	0.	1.	0.	0.	0.	0.	0	
2.32077	62.3426	117	0	1	3	3	1	2	2.81248	-1.58704e-003	14.8247	-2.8125	0.	0.	0.	1.	0.	0.	0.	0.	0	
2.33773	58.9627	118	0	1	3	3	1	2	2.81248	-1.58704e-003	16.4727	-2.8125	0.	0.	0.	1.	0.	0.	0.	0.	0	
2.3538	62.2313	119	0	1	3	3	1	2	2.81248	-1.58704e-003	17.6482	-2.8125	0.	0.	0.	1.	0.	0.	0.	0.	0	
2.37073	59.0658	120	0	1	3	3	1	2	2.81248	-1.58704e-003	18.8238	-2.8125	0.	0.	0.	1.	0.	0.	0.	0.	0	
2.38678	62.3191	121	0	1	3	3	1	2	2.81248	-1.58704e-003	20.2374	-2.8125	0.	0.	0.	1.	0.	0.	0.	0.	0	
2.40373	58.9879	122	0	1	3	3	1	2	2.81248	-1.58704e-003	21.6474	-2.8125	0.	0.	0.	1.	0.	0.	0.	0.	0	
2.42075	58.7515	123	0	1	3	3	1	2	2.81248	-1.58704e-003	23.061	-2.8125	0.	0.	0.	1.	0.	0.	0.	0.	0	
2.43774	58.8768	124	0	1	3	3	1	2	2.81248	-1.58704e-003	24.7053	-2.8125	0.	0.	0.	1.	0.	0.	0.	0.	0	
2.45377	62.3614	125	0	1	3	3	1	2	2.81248	-1.58704e-003	26.3533	-2.8125	0.	0.	0.	1.	0.	0.	0.	0.	0	
2.47074	58.9334	126	0	1	3	3	1	2	2.81248	-1.58704e-003	28.0013	-2.8125	0.	0.	0.	1.	0.	0.	0.	0.	0	
2.48778	58.6922	127	0	1	3	3	1	2	2.81248	-1.58704e-003	29.8837	-2.8125	0.	0.	0.	1.	0.	0.	0.	0.	0	
2.50475	58.9208	128	0	1	3	3	1	2	2.81248	-1.58704e-003	32.0005	-2.8125	0.	0.	0.	1.	0.	0.	0.	0.	0	
2.52176	58.788	129	0	1	3	3	1	2	2.81248	-1.58704e-003	35.2965	-2.8125	0.	0.	0.	1.	0.	0.	0.	0.	0	
2.53874	58.881	130	0	1	3	3	1	2	2.81248	-1.58704e-003	37.6476	-2.8125	0.	0.	0.	1.	0.	0.	0.	0.	0	
2.55578	58.713	131	0	1	3	3	1	2	2.81248	-1.58704e-003	40.0024	-2.8125	0.	0.	0.	1.	0.	0.	0.	0.	0	
2.57275	58.926	132	0	1	3	3	1	2	2.81248	-1.58704e-003	42.588	-2.8125	0.	0.	0.	1.	0.	0.	0.	0.	0	
2.58979	58.661	133	0	1	3	3	1	2	2.81248	-1.58704e-003	44.9428	-2.8125	0.	0.	0.	1.	0.	0.	0.	0.	0	
2.60674	58.9932	134	0	1	3	3	1	2	2.81248	-1.58704e-003	47.2939	-2.8125	0.	0.	0.	1.	0.	0.	0.	0.	0	
2.6228	62.3051	135	0	1	3	3	1	2	2.81248	-1.58704e-003	50.1175	-2.8125	0.	0.	0.	1.	0.	0.	0.	0.	0	
2.63979	58.8423	136	0	1	3	3	1	2	2.81248	-1.58704e-003	52.4723	-2.8125	0.	0.	0.	1.	0.	0.	0.	0.	0	
2.65676	58.9177	137	0	1	3	3	1	2	2.81248	-1.58704e-003	55.5303	-2.8125	0.	0.	0.	1.	0.	0.	0.	0.	0	
2.67374	58.8841	138	0	1	3	3	1	2	2.81248	-1.58704e-003	59.295	-2.8125	0.	0.	0.	1.	0.	0.	0.	0.	0	
2.68979	62.3215	139	0	1	3	3	1	2	2.81248	-1.58704e-003	61.8806	-2.8125	0.	0.	0.	1.	0.	0.	0.	0.	0	
2.70676	58.9187	140	0	1	3	3	1	2	2.81248	-1.58704e-003	64.2354	-2.8125	0.	0.	0.	1.	0.	0.	0.	0.	0	
2.72279	62.4013	141	0	1	3	3	1	2	2.81248	-1.58704e-003	66.5865	-2.8125	0.	0.	0.	1.	0.	0.	0.	0.	0	
2.73976	58.9198	142	0	1	3	3	1	2	2.81248	-1.58704e-003	69.1757	-2.8125	0.	0.	0.	1.	0.	0.	0.	0.	0	
2.7558	62.366	143	0	1	3	3	1	2	2.81248	-1.58704e-003	71.5305	-2.8125	0.	0.	0.	1.	0.	0.	0.	0.	0	
2.77175	62.6645	144	0	1	3	3	1	2	2.81248	-1.58704e-003	73.8816	-2.8125	0.	0.	0.	1.	0.	0.	0.	0.	0	
2.7888	58.6486	145	0	1	3	3	1	2	2.81248	-1.58704e-003	75.9984	-2.8125	0.	0.	0.	1.	0.	0.	0.	0.	0	
2.80476	62.6657	146	0	1	3	3	1	2	2.81248	-1.58704e-003	78.1188	-2.8125	0.	0.	0.	1.	0.	0.	0.	0.	0	
2.82175	58.8705	147	0	1	3	3	1	2	2.81248	-1.58704e-003	80.0012	-2.8125	0.	0.	0.	1.	0.	0.	0.	0.	0	
2.8388	58.6423	148	0	1	3	3	1	2	2.81248	-1.58704e-003	81.8799	-2.8125	0.	0.	0.	1.	0.	0.	0.	0.	0	
2.85479	62.5368	149	0	1	3	3	1	2	2.81248	-1.58704e-003	83.7623	-2.8125	0.	0.	0.	1.	0.	0.	0.	0.	0	
2.87076	62.6361	150	0	1	3	3	1	2	2.81248	-1.58704e-003	85.6447	-2.8125	0.	0.	0.	1.	0.	0.	0.	0.	0	
2.88675	62.5273	151	0	1	3	3	1	2	2.81248	-1.58704e-003	87.2927	-2.8125	0.	0.	0.	1.	0.	0.	0.	0.	0	
2.90376	58.788	152	0	1	3	3	1	2	2.81248	-1.58704e-003	89.1751	-2.8125	0.	0.	0.	1.	0.	0.	0.	0.	0	
2.92078	58.7474	153	0	1	3	3	1	2	2.81248	-1.58704e-003	90.8231	-2.8125	0.	0.	0.	1.	0.	0.	0.	0.	0	
2.93776	58.8925	154	0	1	3	3	1	2	2.81248	-1.58704e-003	93.4123	-2.8125	0.	0.	0.	1.	0.	0.	0.	0.	0	
2.95478	58.7734	155	0	1	3	3	1	2	2.81248	-1.58704e-003	94.8222	-2.8125	0.	0.	0.	1.	0.	0.	0.	0.	0	
2.97076	62.5675	156	0	1	3	3	1	2	2.81248	-1.58704e-003	96.4702	-2.8125	0.	0.	0.	1.	0.	0.	0.	0.	0	
2.98675	62.5167	157	0	1	3	3	1	2	2.81248	-1.58704e-003	98.1182	-2.8125	0.	0.	0.	1.	0.	0.	0.	0.	0	
3.00376	58.8047	158	0	1	3	3	1	2	2.81248	-1.58704e-003	99.2938	-2.8125	0.	0.	0.	1.	0.	0.	0.	0.	0	
3.01976	62.5202	159	0	1	3	3	1	2	2.81248	-1.58704e-003	100.469	-2.8125	0.	0.	0.	1.	0.	0.	0.	0.	0	
3.03676	58.8005	160	0	1	3	3	1	2	2.81248	-1.58704e-003	101.879	-2.8125	0.	0.	0.	1.	0.	0.	0.	0.	0	
3.0538	58.6776	161	0	1	3	3	1	2	2.81248	-1.58704e-003	102.821	-2.8125	0.	0.	0.	1.	0.	0.	0.	0.	0	
3.07076	58.9606	162	0	1	3	3	1	2	2.81248	-1.58704e-003	104.234	-2.8125	0.	0.	0.	1.	0.	0.	0.	0.	0	
3.08782	58.6392	163	0	1	3	3	1	2	2.81248	-1.58704e-003	105.41	-2.8125	0.	0.	0.	1.	0.	0.	0.	0.	0	
3.10477	59.0058	164	0	1	3	3	1	2	2.81248	-1.58704e-003	106.585	-2.8125	0.	0.	0.	1.	0.	0.	0.	0.	0	
3.1208	62.3743	165	0	1	3	3	1	2	2.81248	-1.58704e-003	107.526	-2.8125	0.	0.	0.	1.	0.	0.	0.	0.	0	
3.13776	58.9386	166	0	1	3	3	1	2	2.81248	-1.58704e-003	109.409	-2.8125	0.	0.	0.	1.	0.	0.	0.	0.	0	
3.15481	58.6828	167	0	1	3	3	1	2	2.81248	-1.58704e-003	110.35	-2.8125	0.	0.	0.	1.	0.	0.	0.	0.	0	
3.17077	62.642	168	0	1	3	3	1	2	2.81248	-1.58704e-003	111.529	-2.8125	0.	0.	0.	1.	0.	0.	0.	0.	0	
3.18779	58.7567	169	0	1	3	3	1	2	2.81248	-1.58704e-003	112.705	-2.8125	0.	0.	0.	1.	0.	0.	0.	0.	0	
3.20478	58.8413	170	0	1	3	3	1	2	2.81248	-1.58704e-003	113.88	-2.8125	0.	0.	0.	1.	0.	0.	0.	0.	0	
3.22081	62.3954	171	0	1	3	3	1	2	2.81248	-1.58704e-003	115.056	-2.8125	0.	0.	0.	1.	0.	0.	0.	0.	0	
3.23777	58.9659	172	0	1	3	3	1	2	2.81248	-1.58704e-003	116.235	-2.8125	0.	0.	0.	1.	0.	0.	0.	0.	0	
3.25381	62.3437	173	0	1	3	3	1	2	2.81248	-1.58704e-003	117.411	-2.8125	0.	0.	0.	1.	0.	0.	0.	0.	0	
3.27078	58.9124	174	0	1	3	3	1	2	2.81248	-1.58704e-003	118.586	-2.8125	0.	0.	0.	1.	0.	0.	0.	0.	0	
3.28779	58.8058	175	0	1	3	3	1	2	2.81248	-1.58704e-003	120.	-2.8125	0.	0.	0.	1.	0.	0.	0.	0.	0	
3.30478	58.8611	176	0	1	3	3	1	2	2.81248	-1.58704e-003	120.	-2.8125	0.	0.	0.	1.	0.	0.	0.	0.	0	
3.32082	62.3308	177	0	1	3	3	1	2	2.81248	-1.58704e-003	120.	-2.8125	0.	0.	0.	1.	0.	0.	0.	0.	0	
3.33779	58.9198	178	0	1	3	3	1	2	2.81248	-1.58704e-003	120.	-2.8125	0.	0.	0.	1.	0.	0.	0.	0.	0	
3.35481	58.7609	179	0	1	3	3	1	2	2.81248	-1.58704e-003	120.	-2.8125	0.	0.	0.	1.	0.	0.	0.	0.	0	
3.37178	58.9386	180	0	1	3	3	1	2	2.81248	-1.58704e-003	120.	-2.8125	0.	0.	0.	1.	0.	0.	0.	0.	0	
3.38782	62.325	181	0	1	3	3	1	2	2.81248	-1.58704e-003	120.	-2.8125	0.	0.	0.	1.	0.	0.	0.	0.	0	
3.40378	62.6681	182	0	1	3	3	1	2	2.81248	-1.58704e-003	120.	-2.8125	0.	0.	0.	1.	0.	0.	0.	0.	0	
3.41981	62.3672	183	0	1	3	3	1	2	2.81248	-1.58704e-003	120.	-2.8125	0.	0.	0.	1.	0.	0.	0.	0.	0	
3.43678	58.9449	184	0	1	3	3	1	2	2.81248	-1.58704e-003	120.	-2.8125	0.	0.	0.	1.	0.	0.	0.	0.	0	
3.45283	62.3203	185	0	1	3	3	1	2	2.81248	-1.58704e-003	120.	-2.8125	0.	0.	0.	1.	0.	0.	0.	0.	0	
3.46983	58.8089	186	0	1	3	3	1	2	2.81248	-1.58704e-003	120.	-2.8125	0.	0.	0.	1.	0.	0.	0.	0.	0	
3.48681	58.8957	187	0	1	3	3	1	2	2.81248	-1.58704e-003	120.	-2.8125	0.	0.	0.	1.	0.	0.	0.	0.	0	
3.50281	62.5073	188	0	1	3	3	1	2	2.81248	-1.58704e-003	120.	-2.8125	0.	0.	0.	1.	0.	0.	0.	0.	0	
3.5198	58.8475	189	0	1	3	3	1	2	2.81248	-1.58704e-003	120.	-2.8125	0.	0.	0.	1.	0.	0.	0.	0.	0	
3.53681	58.7838	190	0	1	3	3	1	2	2.81248	-1.58704e-003	120.	-2.8125	0.	0.	0.	1.	0.	0.	0.	0.	0	
3.55283	62.4213	191	0	1	3	3	1	2	2.81248	-1.58704e-003	120.	-2.8125	0.	0.	0.	1.	0.	0.	0.	0.	0	
3.56981	58.9135	192	0	1	3	3	1	2	2.81248	-1.58704e-003	120.	-2.8125	0.	0.	0.	1.	0.	0.	0.	0.	0	
3.58685	58.6797	193	0	1	3	3	1	2	2.81248	-1.58704e-003	120.	-2.8125	0.	0.	0.	1.	0.	0.	0.	0.	0	
3.60281	62.6432	194	0	1	3	3	1	2	2.81248	-1.58704e-003	120.	-2.8125	0.	0.	0.	1.	0.	0.	0.	0.	0	
3.61981	58.8319	195	0	1	3	3	1	2	2.81248	-1.58704e-003	120.	-2.8125	0.	0.	0.	1.	0.	0.	0.	0.	0	
3.63681	58.8078	196	0	1	3	3	1	2	2.81248	-1.58704e-003	120.	-2.8125	0.	0.	0.	1.	0.	0.	0.	0.	0	
3.65283	62.4472	197	0	1	3	3	1	2	2.81248	-1.58704e-003	120.	-2.8125	0.	0.	0.	1.	0.	0.	0.	0.	0	
3.66982	58.8392	198	0	1	3	3	1	2	2.81248	-1.58704e-003	120.	-2.8125	0.	0.	0.	1.	0.	0.	0.	0.	0	
3.68683	58.7828	199	0	1	3	3	1	2	2.81248	-1.58704e-003	120.	-2.8125	0.	0.	0.	1.	0.	0.	0.	0.	0	
3.70282	62.5521	200	0	1	3	3	1	2	2.81248	-1.58704e-003	120.	-2.8125	0.	0.	0.	1.	0.	0.	0.	0.	0	
3.71982	58.8214	201	0	1	3	3	1	2	2.81248	-1.58704e-003	120.	-2.8125	0.	0.	0.	1.	0.	0.	0.	0.	0	
3.73682	58.8434	202	0	1	3	3	1	2	2.81248	-1.58704e-003	120.	-2.8125	0.	0.	0.	1.	0.	0.	0.	0.	0	
3.75284	62.3978	203	0	1	3	3	1	2	2.81248	-1.58704e-003	120.	-2.8125	0.	0.	0.	1.	0.	0.	0.	0.	0	
3.76982	58.8883	204	0	1	3	3	1	2	2.81248	-1.58704e-003	120.	-2.8125	0.	0.	0.	1.	0.	0.	0.	0.	0	
3.78684	58.7557	205	0	1	3	3	1	2	2.81248	-1.58704e-003	120.	-2.8125	0.	0.	0.	1.	0.	0.	0.	0.	0	
3.80281	62.6266	206	0	1	3	3	1	2	2.81248	-1.58704e-003	120.	-2.8125	0.	0.	0.	1.	0.	0.	0.	0.	0	
3.81983	58.7682	207	0	1	3	3	1	2	2.81248	-1.58704e-003	120.	-2.8125	0.	0.	0.	1.	0.	0.	0.	0.	0	
3.83682	58.8517	208	0	1	3	3	1	2	2.81248	-1.58704e-003	120.	-2.8125	0.	0.	0.	1.	0.	0.	0.	0.	0	
3.85383	58.7984	209	0	1	3	3	1	2	2.81248	-1.58704e-003	120.	-2.8125	0.	0.	0.	1.	0.	0.	0.	0.	0	
3.87082	58.8496	210	0	1	3	3	1	2	2.81248	-1.58704e-003	120.	-2.8125	0.	0.	0.	1.	0.	0.	0.	0.	0	
3.88782	58.8298	211	0	1	3	3	1	2	2.81248	-1.58704e-003	120.	-2.8125	0.	0.	0.	1.	0.	0.	0.	0.	0	
3.90383	62.4566	212	0	1	3	3	1	2	2.81248	-1.58704e-003	120.	-2.8125	0.	0.	0.	1.	0.	0.	0.	0.	0	
3.92085	58.7526	213	0	1	3	3	1	2	2.81248	-1.58704e-003	120.	-2.8125	0.	0.	0.	1.	0.	0.	0.	0.	0	
3.93782	58.9208	214	0	1	3	3	1	2	2.81248	-1.58704e-003	120.	-2.8125	0.	0.	0.	1.	0.	0.	0.	0.	0	
3.95484	58.7661	215	0	1	3	3	1	2	2.81248	-1.58704e-003	120.	-2.8125	0.	0.	0.	1.	0.	0.	0.	0.	0	
3.97182	58.8789	216	0	1	3	3	1	2	2.81248	-1.58704e-003	120.	-2.8125	0.	0.	0.	1.	0.	0.	0.	0.	0	
3.98785	62.3931	217	0	1	3	3	1	2	2.81248	-1.58704e-003	119.528	-2.8125	0.	0.	0.	1.	0.	0.	0.	0.	0	
4.00386	62.4366	218	0	1	3	3	1	2	2.81248	-1.58704e-003	118.352	-2.8125	0.	0.	0.	1.	0.	0.	0.	0.	0	
4.02083	58.9544	219	0	1	3	3	1	2	2.81248	-1.58704e-003	116.938	-2.8125	0.	0.	0.	1.	0.	0.	0.	0.	0	
4.03783	58.8026	220	0	1	3	3	1	2	2.81248	-1.58704e-003	115.528	-2.8125	0.	0.	0.	1.	0.	0.	0.	0.	0	
4.05483	58.8298	221	0	1	3	3	1	2	2.81248	-1.58704e-003	114.115	-2.8125	0.	0.	0.	1.	0.	0.	0.	0.	0	
4.07182	58.8517	222	0	1	3	3	1	2	2.81248	-1.58704e-003	112.705	-2.8125	0.	0.	0.	1.	0.	0.	0.	0.	0	
4.08786	62.3707	223	0	1	3	3	1	2	2.81248	-1.58704e-003	110.822	-2.8125	0.	0.	0.	1.	0.	0.	0.	0.	0	
4.10484	58.8684	224	0	1	3	3	1	2	2.81248	-1.58704e-003	109.174	-2.8125	0.	0.	0.	1.	0.	0.	0.	0.	0	
4.12185	58.7974	225	0	1	3	3	1	2	2.81248	-1.58704e-003	106.585	-2.8125	0.	0.	0.	1.	0.	0.	0.	0.	0	
4.13884	58.8538	226	0	1	3	3	1	2	2.81248	-1.58704e-003	104.703	-2.8125	0.	0.	0.	1.	0.	0.	0.	0.	0	
4.15488	62.3414	227	0	1	3	3	1	2	2.81248	-1.58704e-003	102.821	-2.8125	0.	0.	0.	1.	0.	0.	0.	0.	0	
4.17183	59.0111	228	0	1	3	3	1	2	2.81248	-1.58704e-003	100.704	-2.8125	0.	0.	0.	1.	0.	0.	0.	0.	0	
4.18785	62.4001	229	0	1	3	3	1	2	2.81248	-1.58704e-003	98.8214	-2.8125	0.	0.	0.	1.	0.	0.	0.	0.	0	
4.20384	62.5427	230	0	1	3	3	1	2	2.81248	-1.58704e-003	96.4702	-2.8125	0.	0.	0.	1.	0.	0.	0.	0.	0	
4.22083	58.8674	231	0	1	3	3	1	2	2.81248	-1.58704e-003	94.3535	-2.8125	0.	0.	0.	1.	0.	0.	0.	0.	0	
4.23784	58.7849	232	0	1	3	3	1	2	2.81248	-1.58704e-003	91.9987	-2.8125	0.	0.	0.	1.	0.	0.	0.	0.	0	
4.25484	58.812	233	0	1	3	3	1	2	2.81248	-1.58704e-003	89.6475	-2.8125	0.	0.	0.	1.	0.	0.	0.	0.	0	
4.27184	58.8549	234	0	1	3	3	1	2	2.81248	-1.58704e-003	87.5271	-2.8125	0.	0.	0.	1.	0.	0.	0.	0.	0	
4.28787	62.3801	235	0	1	3	3	1	2	2.81248	-1.58704e-003	84.7035	-2.8125	0.	0.	0.	1.	0.	0.	0.	0.	0	
4.30387	62.479	236	0	1	3	3	1	2	2.81248	-1.58704e-003	82.3524	-2.8125	0.	0.	0.	1.	0.	0.	0.	0.	0	
4.32087	58.8204	237	0	1	3	3	1	2	2.81248	-1.58704e-003	79.7632	-2.8125	0.	0.	0.	1.	0.	0.	0.	0.	0	
4.33786	58.8538	238	0	1	3	3	1	2	2.81248	-1.58704e-003	75.9984	-2.8125	0.	0.	0.	1.	0.	0.	0.	0.	0	
4.35483	58.926	239	0	1	3	3	1	2	2.81248	-1.58704e-003	73.4129	-2.8125	0.	0.	0.	1.	0.	0.	0.	0.	0	
4.37185	58.7849	240	0	1	3	3	1	2	2.81248	-1.58704e-003	70.8237	-2.8125	0.	0.	0.	1.	0.	0.	0.	0.	0	
4.38884	58.8486	241	0	1	3	3	1	2	2.81248	-1.58704e-003	68.4689	-2.8125	0.	0.	0.	1.	0.	0.	0.	0.	0	
4.40485	62.4401	242	0	1	3	3	1	2	2.81248	-1.58704e-003	65.8834	-2.8125	0.	0.	0.	1.	0.	0.	0.	0.	0	
4.42187	58.7755	243	0	1	3	3	1	2	2.81248	-1.58704e-003	63.5286	-2.8125	0.	0.	0.	1.	0.	0.	0.	0.	0	
4.43885	58.8664	244	0	1	3	3	1	2	2.81248	-1.58704e-003	61.1774	-2.8125	0.	0.	0.	1.	0.	0.	0.	0.	0	
4.45485	62.5096	245	0	1	3	3	1	2	2.81248	-1.58704e-003	58.5882	-2.8125	0.	0.	0.	1.	0.	0.	0.	0.	0	
4.47186	58.8141	246	0	1	3	3	1	2	2.81248	-1.58704e-003	56.4714	-2.8125	0.	0.	0.	1.	0.	0.	0.	0.	0	
4.48788	62.4189	247	0	1	3	3	1	2	2.81248	-1.58704e-003	54.3547	-2.8125	0.	0.	0.	1.	0.	0.	0.	0.	0	
4.50386	62.5474	248	0	1	3	3	1	2	2.81248	-1.58704e-003	51.9999	-2.8125	0.	0.	0.	1.	0.	0.	0.	0.	0	
4.52085	58.8684	249	0	1	3	3	1	2	2.81248	-1.58704e-003	49.6487	-2.8125	0.	0.	0.	1.	0.	0.	0.	0.	0	
4.53785	58.8392	250	0	1	3	3	1	2	2.81248	-1.58704e-003	46.3527	-2.8125	0.	0.	0.	1.	0.	0.	0.	0.	0	
4.55487	58.7546	251	0	1	3	3	1	2	2.81248	-1.58704e-003	44.0016	-2.8125	0.	0.	0.	1.	0.	0.	0.	0.	0	
4.57188	58.7828	252	0	1	3	3	1	2	2.81248	-1.58704e-003	42.1192	-2.8125	0.	0.	0.	1.	0.	0.	0.	0.	0	
4.58786	62.5769	253	0	1	3	3	1	2	2.81248	-1.58704e-003	40.0024	-2.8125	0.	0.	0.	1.	0.	0.	0.	0.	0	
4.60386	62.4943	254	0	1	3	3	1	2	2.81248	-1.58704e-003	37.882	-2.8125	0.	0.	0.	1.	0.	0.	0.	0.	0	
4.62085	58.8538	255	0	1	3	3	1	2	2.81248	-1.58704e-003	35.5309	-2.8125	0.	0.	0.	1.	0.	0.	0.	0.	0	
4.63788	58.7265	256	0	1	3	3	1	2	2.81248	-1.58704e-003	33.6485	-2.8125	0.	0.	0.	1.	0.	0.	0.	0.	0	
4.65487	58.8507	257	0	1	3	3	1	2	2.81248	-1.58704e-003	31.2937	-2.8125	0.	0.	0.	1.	0.	0.	0.	0.	0	
4.67186	58.8737	258	0	1	3	3	1	2	2.81248	-1.58704e-003	29.4113	-2.8125	0.	0.	0.	1.	0.	0.	0.	0.	0	
4.68789	62.3825	259	0	1	3	3	1	2	2.81248	-1.58704e-003	27.0602	-2.8125	0.	0.	0.	1.	0.	0.	0.	0.	0	
4.70385	62.6337	260	0	1	3	3	1	2	2.81248	-1.58704e-003	24.9434	-2.8125	0.	0.	0.	1.	0.	0.	0.	0.	0	
4.72085	58.8235	261	0	1	3	3	1	2	2.81248	-1.58704e-003	22.5886	-2.8125	0.	0.	0.	1.	0.	0.	0.	0.	0	
4.73786	58.8151	262	0	1	3	3	1	2	2.81248	-1.58704e-003	19.2962	-2.8125	0.	0.	0.	1.	0.	0.	0.	0.	0	
4.75487	58.7682	263	0	1	3	3	1	2	2.81248	-1.58704e-003	16.7071	-2.8125	0.	0.	0.	1.	0.	0.	0.	0.	0	
4.77186	58.8538	264	0	1	3	3	1	2	2.81248	-1.58704e-003	14.3559	-2.8125	0.	0.	0.	1.	0.	0.	0.	0.	0	
4.78789	62.4001	265	0	1	3	3	1	2	2.81248	-1.58704e-003	12.0011	-2.8125	0.	0.	0.	1.	0.	0.	0.	0.	0	
4.80386	62.6077	266	0	1	3	3	1	2	2.81248	-1.58704e-003	9.41191	-2.8125	0.	0.	0.	1.	0.	0.	0.	0.	0	
4.82086	58.8245	267	0	1	3	3	1	2	2.81248	-1.58704e-003	7.06076	-2.8125	0.	0.	0.	1.	0.	0.	0.	0.	0	
4.83784	58.8821	268	0	1	3	3	1	2	2.81248	-1.58704e-003	4.23719	-2.8125	0.	0.	0.	1.	0.	0.	0.	0.	0	
4.85487	58.7286	269	0	1	3	3	1	2	2.81248	-1.58704e-003	1.648	-2.8125	0.	0.	0.	1.	0.	0.	0.	0.	0	
4.87187	58.8402	270	0	1	3	3	1	2	2.81248	-1.58704e-003	-0.703146	-2.8125	0.	0.	0.	1.	0.	0.	0.	0.	0	
4.88884	58.904	271	0	1	3	3	1	2	2.81248	-1.58704e-003	-3.28135	-2.8125	0.	0.	0.	1.	0.	0.	0.	0.	0	
4.90488	62.3578	272	0	1	3	3	1	2	2.81248	-1.58704e-003	-5.85955	-2.8125	0.	0.	0.	1.	0.	0.	0.	0.	0	
4.92187	58.8569	273	0	1	3	3	1	2	2.81248	-1.58704e-003	-9.84405	-2.8125	0.	0.	0.	1.	0.	0.	0.	0.	0	
4.93888	58.7984	274	0	1	3	3	1	2	2.81248	-1.58704e-003	-12.6566	-2.8125	0.	0.	0.	1.	0.	0.	0.	0.	0	
4.95587	58.8549	275	0	1	3	3	1	2	2.81248	-1.58704e-003	-15.2348	-2.8125	0.	0.	0.	1.	0.	0.	0.	0.	0	
4.97287	58.8214	276	0	1	3	3	1	2	2.81248	-1.58704e-003	-17.813	-2.8125	0.	0.	0.	1.	0.	0.	0.	0.	0	
4.98988	58.7713	277	0	1	3	3	1	2	2.81248	-1.58704e-003	-20.3912	-2.8125	0.	0.	0.	1.	0.	0.	0.	0.	0	
5.00689	58.812	278	0	1	3	3	1	2	2.81248	-1.58704e-003	-22.9695	-2.8125	0.	0.	0.	1.	0.	0.	0.	0.	0	
5.0229	62.4519	279	0	1	3	3	1	2	2.81248	-1.58704e-003	-25.3133	-2.8125	0.	0.	0.	1.	0.	0.	0.	0.	0	
5.03988	58.8862	280	0	1	3	3	1	2	2.81248	-1.58704e-003	-27.8915	-2.8125	0.	0.	0.	1.	0.	0.	0.	0.	0	
5.05687	58.8601	281	0	1	3	3	1	2	2.81248	-1.58704e-003	-30.2353	-2.8125	0.	0.	0.	1.	0.	0.	0.	0.	0	
5.0739	58.7338	282	0	1	3	3	1	2	2.81248	-1.58704e-003	-33.751	-2.8125	0.	0.	0.	1.	0.	0.	0.	0.	0	
5.09091	58.7776	283	0	1	3	3	1	2	2.81248	-1.58704e-003	-36.3292	-2.8125	0.	0.	0.	1.	0.	0.	0.	0.	0	
5.10792	58.7953	284	0	1	3	3	1	2	2.81248	-1.58704e-003	-38.6731	-2.8125	0.	0.	0.	1.	0.	0.	0.	0.	0	
5.12489	58.9271	285	0	1	3	3	1	2	2.81248	-1.58704e-003	-41.2513	-2.8125	0.	0.	0.	1.	0.	0.	0.	0.	0	
5.14189	58.811	286	0	1	3	3	1	2	2.81248	-1.58704e-003	-43.5951	-2.8125	0.	0.	0.	1.	0.	0.	0.	0.	0	
5.15888	58.8758	287	0	1	3	3	1	2	2.81248	-1.58704e-003	-45.9389	-2.8125	0.	0.	0.	1.	0.	0.	0.	0.	0	
5.17589	58.7911	288	0	1	3	3	1	2	2.81248	-1.58704e-003	-48.2827	-2.8125	0.	0.	0.	1.	0.	0.	0.	0.	0	
5.19291	58.7474	289	0	1	3	3	1	2	2.81248	-1.58704e-003	-50.3922	-2.8125	0.	0.	0.	1.	0.	0.	0.	0.	0	
5.20888	62.61	290	0	1	3	3	1	2	2.81248	-1.58704e-003	-52.736	-2.8125	0.	0.	0.	1.	0.	0.	0.	0.	0	
5.2249	62.4189	291	0	1	3	3	1	2	2.81248	-1.58704e-003	-55.0798	-2.8125	0.	0.	0.	1.	0.	0.	0.	0.	0	
5.2419	58.836	292	0	1	3	3	1	2	2.81248	-1.58704e-003	-58.3612	-2.8125	0.	0.	0.	1.	0.	0.	0.	0.	0	
5.25791	62.4354	293	0	1	3	3	1	2	2.81248	-1.58704e-003	-60.4706	-2.8125	0.	0.	0.	1.	0.	0.	0.	0.	0	
5.27489	58.8988	294	0	1	3	3	1	2	2.81248	-1.58704e-003	-62.8144	-2.8125	0.	0.	0.	1.	0.	0.	0.	0.	0	
5.29092	62.4036	295	0	1	3	3	1	2	2.81248	-1.58704e-003	-64.9239	-2.8125	0.	0.	0.	1.	0.	0.	0.	0.	0	
5.30793	58.7765	296	0	1	3	3	1	2	2.81248	-1.58704e-003	-67.0333	-2.8125	0.	0.	0.	1.	0.	0.	0.	0.	0	
5.32491	58.8946	297	0	1	3	3	1	2	2.81248	-1.58704e-003	-69.1427	-2.8125	0.	0.	0.	1.	0.	0.	0.	0.	0	
5.34091	62.5096	298	0	1	3	3	1	2	2.81248	-1.58704e-003	-71.2522	-2.8125	0.	0.	0.	1.	0.	0.	0.	0.	0	
5.35789	58.8674	299	0	1	3	3	1	2	2.81248	-1.58704e-003	-73.1272	-2.8125	0.	0.	0.	1.	0.	0.	0.	0.	0	
5.37492	58.738	300	0	1	3	3	1	2	2.81248	-1.58704e-003	-75.0023	-2.8125	0.	0.	0.	1.	0.	0.	0.	0.	0	
5.39089	62.6136	301	0	1	3	3	1	2	2.81248	-1.58704e-003	-76.8773	-2.8125	0.	0.	0.	1.	0.	0.	0.	0.	0	
5.40792	58.7296	302	0	1	3	3	1	2	2.81248	-1.58704e-003	-78.518	-2.8125	0.	0.	0.	1.	0.	0.	0.	0.	0	
5.4249	58.8789	303	0	1	3	3	1	2	2.81248	-1.58704e-003	-80.3931	-2.8125	0.	0.	0.	1.	0.	0.	0.	0.	0	
5.4409	62.4884	304	0	1	3	3	1	2	2.81248	-1.58704e-003	-82.2681	-2.8125	0.	0.	0.	1.	0.	0.	0.	0.	0	
5.45788	58.8957	305	0	1	3	3	1	2	2.81248	-1.58704e-003	-84.612	-2.8125	0.	0.	0.	1.	0.	0.	0.	0.	0	
5.47491	58.7421	306	0	1	3	3	1	2	2.81248	-1.58704e-003	-86.487	-2.8125	0.	0.	0.	1.	0.	0.	0.	0.	0	
5.4919	58.8402	307	0	1	3	3	1	2	2.81248	-1.58704e-003	-88.3621	-2.8125	0.	0.	0.	1.	0.	0.	0.	0.	0	
5.50889	58.8507	308	0	1	3	3	1	2	2.81248	-1.58704e-003	-90.0027	-2.8125	0.	0.	0.	1.	0.	0.	0.	0.	0	
5.52589	58.8475	309	0	1	3	3	1	2	2.81248	-1.58704e-003	-91.8778	-2.8125	0.	0.	0.	1.	0.	0.	0.	0.	0	
5.54189	62.4719	310	0	1	3	3	1	2	2.81248	-1.58704e-003	-93.5185	-2.8125	0.	0.	0.	1.	0.	0.	0.	0.	0	
5.55792	62.3825	311	0	1	3	3	1	2	2.81248	-1.58704e-003	-95.3935	-2.8125	0.	0.	0.	1.	0.	0.	0.	0.	0	
5.57493	58.8141	312	0	1	3	3	1	2	2.81248	-1.58704e-003	-97.0342	-2.8125	0.	0.	0.	1.	0.	0.	0.	0.	0	
5.59091	62.5663	313	0	1	3	3	1	2	2.81248	-1.58704e-003	-98.6749	-2.8125	0.	0.	0.	1.	0.	0.	0.	0.	0	
5.60794	58.739	314	0	1	3	3	1	2	2.81248	-1.58704e-003	-100.55	-2.8125	0.	0.	0.	1.	0.	0.	0.	0.	0	
5.62491	58.9051	315	0	1	3	3	1	2	2.81248	-1.58704e-003	-102.191	-2.8125	0.	0.	0.	1.	0.	0.	0.	0.	0	
5.64191	58.8402	316	0	1	3	3	1	2	2.81248	-1.58704e-003	-104.534	-2.8125	0.	0.	0.	1.	0.	0.	0.	0.	0	
5.6579	62.5143	317	0	1	3	3	1	2	2.81248	-1.58704e-003	-105.941	-2.8125	0.	0.	0.	1.	0.	0.	0.	0.	0	
5.67392	62.4436	318	0	1	3	3	1	2	2.81248	-1.58704e-003	-107.581	-2.8125	0.	0.	0.	1.	0.	0.	0.	0.	0	
5.69093	58.7755	319	0	1	3	3	1	2	2.81248	-1.58704e-003	-109.222	-2.8125	0.	0.	0.	1.	0.	0.	0.	0.	0	
5.70793	58.8266	320	0	1	3	3	1	2	2.81248	-1.58704e-003	-110.628	-2.8125	0.	0.	0.	1.	0.	0.	0.	0.	0	
5.72492	58.8507	321	0	1	3	3	1	2	2.81248	-1.58704e-003	-112.269	-2.8125	0.	0.	0.	1.	0.	0.	0.	0.	0	
5.74095	62.386	322	0	1	3	3	1	2	2.81248	-1.58704e-003	-113.675	-2.8125	0.	0.	0.	1.	0.	0.	0.	0.	0	
5.75793	58.903	323	0	1	3	3	1	2	2.81248	-1.58704e-003	-115.316	-2.8125	0.	0.	0.	1.	0.	0.	0.	0.	0	
5.77494	58.7849	324	0	1	3	3	1	2	2.81248	-1.58704e-003	-116.722	-2.8125	0.	0.	0.	1.	0.	0.	0.	0.	0	
5.79094	62.5167	325	0	1	3	3	1	2	2.81248	-1.58704e-003	-118.363	-2.8125	0.	0.	0.	1.	0.	0.	0.	0.	0	
5.80793	58.8611	326	0	1	3	3	1	2	2.81248	-1.58704e-003	-119.769	-2.8125	0.	0.	0.	1.	0.	0.	0.	0.	0	
5.82492	58.8256	327	0	1	3	3	1	2	2.81248	-1.58704e-003	-120.004	-2.8125	0.	0.	0.	1.	0.	0.	0.	0.	0	
5.84092	62.5309	328	0	1	3	3	1	2	2.81248	-1.58704e-003	-120.004	-2.8125	0.	0.	0.	1.	0.	0.	0.	0.	0	
5.85793	58.7838	329	0	1	3	3	1	2	2.81248	-1.58704e-003	-120.004	-2.8125	0.	0.	0.	1.	0.	0.	0.	0.	0	
5.87495	58.7484	330	0	1	3	3	1	2	2.81248	-1.58704e-003	-120.004	-2.8125	0.	0.	0.	1.	0.	0.	0.	0.	0	
5.89095	62.5084	331	0	1	3	3	1	2	2.81248	-1.58704e-003	-120.004	-2.8125	0.	0.	0.	1.	0.	0.	0.	0.	0	
5.90793	58.8716	332	0	1	3	3	1	2	2.81248	-1.58704e-003	-120.004	-2.8125	0.	0.	0.	1.	0.	0.	0.	0.	0	
5.92493	58.8444	333	0	1	3	3	1	2	2.81248	-1.58704e-003	-120.004	-2.8125	0.	0.	0.	1.	0.	0.	0.	0.	0	
5.94092	62.5497	334	0	1	3	3	1	2	2.81248	-1.58704e-003	-120.004	-2.8125	0.	0.	0.	1.	0.	0.	0.	0.	0	
5.95694	62.4025	335	0	1	3	3	1	2	2.81248	-1.58704e-003	-120.004	-2.8125	0.	0.	0.	1.	0.	0.	0.	0.	0	
5.97396	58.7494	336	0	1	3	3	1	2	2.81248	-1.58704e-003	-120.004	-2.8125	0.	0.	0.	1.	0.	0.	0.	0.	0	
5.99095	58.8653	337	0	1	3	3	1	2	2.81248	-1.58704e-003	-120.004	-2.8125	0.	0.	0.	1.	0.	0.	0.	0.	0	
6.00795	58.8099	338	0	1	3	3	1	2	2.81248	-1.58704e-003	-120.004	-2.8125	0.	0.	0.	1.	0.	0.	0.	0.	0	
6.02394	62.5356	339	0	1	3	3	1	2	2.81248	-1.58704e-003	-120.004	-2.8125	0.	0.	0.	1.	0.	0.	0.	0.	0	
6.04094	58.8413	340	0	1	3	3	1	2	2.81248	-1.58704e-003	-120.004	-2.8125	0.	0.	0.	1.	0.	0.	0.	0.	0	
6.05695	62.4578	341	0	1	3	3	1	2	2.81248	-1.58704e-003	-120.004	-2.8125	0.	0.	0.	1.	0.	0.	0.	0.	0	
6.07397	58.7609	342	0	1	3	3	1	2	2.81248	-1.58704e-003	-120.004	-2.8125	0.	0.	0.	1.	0.	0.	0.	0.	0	
6.09095	58.8737	343	0	1	3	3	1	2	2.81248	-1.58704e-003	-120.004	-2.8125	0.	0.	0.	1.	0.	0.	0.	0.	0	
6.10797	58.7755	344	0	1	3	3	1	2	2.81248	-1.58704e-003	-120.004	-2.8125	0.	0.	0.	1.	0.	0.	0.	0.	0	
6.12492	58.9953	345	0	1	3	3	1	2	2.81248	-1.58704e-003	-120.004	-2.8125	0.	0.	0.	1.	0.	0.	0.	0.	0	
6.14194	58.7349	346	0	1	3	3	1	2	2.81248	-1.58704e-003	-120.004	-2.8125	0.	0.	0.	1.	0.	0.	0.	0.	0	
6.15892	58.9051	347	0	1	3	3	1	2	2.81248	-1.58704e-003	-120.004	-2.8125	0.	0.	0.	1.	0.	0.	0.	0.	0	
6.17593	58.8047	348	0	1	3	3	1	2	2.81248	-1.58704e-003	-120.004	-2.8125	0.	0.	0.	1.	0.	0.	0.	0.	0	
6.19292	58.8277	349	0	1	3	3	1	2	2.81248	-1.58704e-003	-120.004	-2.8125	0.	0.	0.	1.	0.	0.	0.	0.	0	
6.20897	62.3391	350	0	1	3	3	1	2	2.81248	-1.58704e-003	-120.004	-2.8125	0.	0.	0.	1.	0.	0.	0.	0.	0	
6.22593	58.9523	351	0	1	3	3	1	2	2.81248	-1.58704e-003	-120.004	-2.8125	0.	0.	0.	1.	0.	0.	0.	0.	0	
6.24294	58.7891	352	0	1	3	3	1	2	2.81248	-1.58704e-003	-120.004	-2.8125	0.	0.	0.	1.	0.	0.	0.	0.	0	
6.25992	58.8705	353	0	1	3	3	1	2	2.81248	-1.58704e-003	-120.004	-2.8125	0.	0.	0.	1.	0.	0.	0.	0.	0	
6.27694	58.7557	354	0	1	3	3	1	2	2.81248	-1.58704e-003	-120.004	-2.8125	0.	0.	0.	1.	0.	0.	0.	0.	0	
6.29395	58.8089	355	0	1	3	3	1	2	2.81248	-1.58704e-003	-120.004	-2.8125	0.	0.	0.	1.	0.	0.	0.	0.	0	
6.30993	62.5651	356	0	1	3	3	1	2	2.81248	-1.58704e-003	-120.004	-2.8125	0.	0.	0.	1.	0.	0.	0.	0.	0	
6.32691	58.8998	357	0	1	3	3	1	2	2.81248	-1.58704e-003	-120.004	-2.8125	0.	0.	0.	1.	0.	0.	0.	0.	0	
6.34396	58.6683	358	0	1	3	3	1	2	2.81248	-1.58704e-003	-120.004	-2.8125	0.	0.	0.	1.	0.	0.	0.	0.	0	
6.36097	58.7713	359	0	1	3	3	1	2	2.81248	-1.58704e-003	-120.004	-2.8125	0.	0.	0.	1.	0.	0.	0.	0.	0	
6.37795	58.8852	360	0	1	3	3	1	2	2.81248	-1.58704e-003	-120.004	-2.8125	0.	0.	0.	1.	0.	0.	0.	0.	0	
6.39497	58.7797	361	0	1	3	3	1	2	2.81248	-1.58704e-003	-120.004	-2.8125	0.	0.	0.	1.	0.	0.	0.	0.	0	
6.41195	58.8632	362	0	1	3	3	1	2	2.81248	-1.58704e-003	-120.004	-2.8125	0.	0.	0.	1.	0.	0.	0.	0.	0	
6.42898	58.7286	363	0	1	3	3	1	2	2.81248	-1.58704e-003	-120.004	-2.8125	0.	0.	0.	1.	0.	0.	0.	0.	0	
6.44596	58.8988	364	0	1	3	3	1	2	2.81248	-1.58704e-003	-120.004	-2.8125	0.	0.	0.	1.	0.	0.	0.	0.	0	
6.46298	58.7401	365	0	1	3	3	1	2	2.81248	-1.58704e-003	-120.004	-2.8125	0.	0.	0.	1.	0.	0.	0.	0.	0	
6.47896	62.5911	366	0	1	3	3	1	2	2.81248	-1.58704e-003	-120.004	-2.8125	0.	0.	0.	1.	0.	0.	0.	0.	0	
6.49598	58.7692	367	0	1	3	3	1	2	2.81248	-1.58704e-003	-120.004	-2.8125	0.	0.	0.	1.	0.	0.	0.	0.	0	
6.51297	58.8402	368	0	1	3	3	1	2	2.81248	-1.58704e-003	-120.004	-2.8125	0.	0.	0.	1.	0.	0.	0.	0.	0	
6.53	58.7349	369	0	1	3	3	1	2	2.81248	-1.58704e-003	-120.004	-2.8125	0.	0.	0.	1.	0.	0.	0.	0.	0	
6.54696	58.947	370	0	1	3	3	1	2	2.81248	-1.58704e-003	-120.004	-2.8125	0.	0.	0.	1.	0.	0.	0.	0.	0	
6.56396	58.8214	371	0	1	3	3	1	2	2.81248	-1.58704e-003	-120.004	-2.8125	0.	0.	0.	1.	0.	0.	0.	0.	0	
6.57998	62.4342	372	0	1	3	3	1	2	2.81248	-1.58704e-003	-120.004	-2.8125	0.	0.	0.	1.	0.	0.	0.	0.	0	
6.597	58.7599	373	0	1	3	3	1	2	2.81248	-1.58704e-003	-120.004	-2.8125	0.	0.	0.	1.	0.	0.	0.	0.	0	
6.61399	58.8392	374	0	1	3	3	1	2	2.81248	-1.58704e-003	-120.004	-2.8125	0.	0.	0.	1.	0.	0.	0.	0.	0	
6.63098	58.858	375	0	1	3	3	1	2	2.81248	-1.58704e-003	-120.004	-2.8125	0.	0.	0.	1.	0.	0.	0.	0.	0	
6.64796	58.8967	376	0	1	3	3	1	2	2.81248	-1.58704e-003	-120.004	-2.8125	0.	0.	0.	1.	0.	0.	0.	0.	0	
6.66497	58.7849	377	0	1	3	3	1	2	2.81248	-1.58704e-003	-120.004	-2.8125	0.	0.	0.	1.	0.	0.	0.	0.	0	
6.68199	58.7661	378	0	1	3	3	1	2	2.81248	-1.58704e-003	-120.004	-2.8125	0.	0.	0.	1.	0.	0.	0.	0.	0	
6.69901	58.7369	379	0	1	3	3	1	2	2.81248	-1.58704e-003	-120.004	-2.8125	0.	0.	0.	1.	0.	0.	0.	0.	0	
6.71498	62.6254	380	0	1	3	3	1	2	2.81248	-1.58704e-003	-120.004	-2.8125	0.	0.	0.	1.	0.	0.	0.	0.	0	
6.73198	58.8402	381	0	1	3	3	1	2	2.81248	-1.58704e-003	-120.004	-2.8125	0.	0.	0.	1.	0.	0.	0.	0.	0	
6.74799	62.4636	382	0	1	3	3	1	2	2.81248	-1.58704e-003	-120.004	-2.8125	0.	0.	0.	1.	0.	0.	0.	0.	0	
6.76504	58.6465	383	0	1	3	3	1	2	2.81248	-1.58704e-003	-120.004	-2.8125	0.	0.	0.	1.	0.	0.	0.	0.	0	
6.78098	62.731	384	0	1	3	3	1	2	2.81248	-1.58704e-003	-120.004	-2.8125	0.	0.	0.	1.	0.	0.	0.	0.	0	
6.79797	58.8475	385	0	1	3	3	1	2	2.81248	-1.58704e-003	-120.004	-2.8125	0.	0.	0.	1.	0.	0.	0.	0.	0	
6.81497	58.8183	386	0	1	3	3	1	2	2.81248	-1.58704e-003	-120.004	-2.8125	0.	0.	0.	1.	0.	0.	0.	0.	0	
6.83202	58.6641	387	0	1	3	3	1	2	2.81248	-1.58704e-003	-120.004	-2.8125	0.	0.	0.	1.	0.	0.	0.	0.	0	
6.84898	58.9502	388	0	1	3	3	1	2	2.81248	-1.58704e-003	-120.004	-2.8125	0.	0.	0.	1.	0.	0.	0.	0.	0	
6.86603	58.6745	389	0	1	3	3	1	2	2.81248	-1.58704e-003	-120.004	-2.8125	0.	0.	0.	1.	0.	0.	0.	0.	0	
6.88198	62.6776	390	0	1	3	3	1	2	2.81248	-1.58704e-003	-120.004	-2.8125	0.	0.	0.	1.	0.	0.	0.	0.	0	
6.89902	58.6974	391	0	1	3	3	1	2	2.81248	-1.58704e-003	-120.004	-2.8125	0.	0.	0.	1.	0.	0.	0.	0.	0	
6.91499	62.61	392	0	1	3	3	1	2	2.81248	-1.58704e-003	-120.004	-2.8125	0.	0.	0.	1.	0.	0.	0.	0.	0	
6.93201	58.7557	393	0	1	3	3	1	2	2.81248	-1.58704e-003	-120.004	-2.8125	0.	0.	0.	1.	0.	0.	0.	0.	0	
6.94898	58.9198	394	0	1	3	3	1	2	2.81248	-1.58704e-003	-120.004	-2.8125	0.	0.	0.	1.	0.	0.	0.	0.	0	
6.96603	58.6475	395	0	1	3	3	1	2	2.81248	-1.58704e-003	-120.004	-2.8125	0.	0.	0.	1.	0.	0.	0.	0.	0	
6.983	58.9386	396	0	1	3	3	1	2	2.81248	-1.58704e-003	-120.004	-2.8125	0.	0.	0.	1.	0.	0.	0.	0.	0	
7.	58.8339	397	0	1	3	3	1	2	2.81248	-1.58704e-003	-120.004	-2.8125	0.	0.	0.	1.	0.	0.	0.	0.	0	
7.017	58.812	398	0	1	3	3	1	2	2.81248	-1.58704e-003	-120.004	-2.8125	0.	0.	0.	1.	0.	0.	0.	0.	0	
7.03397	58.9198	399	0	1	3	3	1	2	2.81248	-1.58704e-003	-120.004	-2.8125	0.	0.	0.	1.	0.	0.	0.	0.	0	
7.05	62.3754	400	0	1	3	3	1	2	2.81248	-1.58704e-003	-120.004	-2.8125	0.	0.	0.	1.	0.	0.	0.	0.	0	
7.06698	58.903	401	0	1	3	3	1	2	2.81248	-1.58704e-003	-120.004	-2.8125	0.	0.	0.	1.	0.	0.	0.	0.	0	
7.083	62.4389	402	0	1	3	3	1	2	2.81248	-1.58704e-003	-120.004	-2.8125	0.	0.	0.	1.	0.	0.	0.	0.	0	
7.09999	58.8538	403	0	1	3	3	1	2	2.81248	-1.58704e-003	-120.004	-2.8125	0.	0.	0.	1.	0.	0.	0.	0.	0	
7.11701	58.7619	404	0	1	3	3	1	2	2.81248	-1.58704e-003	-120.004	-2.8125	0.	0.	0.	1.	0.	0.	0.	0.	0	
7.13397	58.9355	405	0	1	3	3	1	2	2.81248	-1.58704e-003	-120.004	-2.8125	0.	0.	0.	1.	0.	0.	0.	0.	0	
7.15101	58.687	406	0	1	3	3	1	2	2.81248	-1.58704e-003	-120.004	-2.8125	0.	0.	0.	1.	0.	0.	0.	0.	0	
7.16798	58.9334	407	0	1	3	3	1	2	2.81248	-1.58704e-003	-120.004	-2.8125	0.	0.	0.	1.	0.	0.	0.	0.	0	
7.18501	58.7338	408	0	1	3	3	1	2	2.81248	-1.58704e-003	-120.004	-2.8125	0.	0.	0.	1.	0.	0.	0.	0.	0	
7.20196	58.9795	409	0	1	3	3	1	2	2.81248	-1.58704e-003	-120.004	-2.8125	0.	0.	0.	1.	0.	0.	0.	0.	0	
7.21902	58.6413	410	0	1	3	3	1	2	2.81248	-1.58704e-003	-120.004	-2.8125	0.	0.	0.	1.	0.	0.	0.	0.	0	
7.23601	58.8402	411	0	1	3	3	1	2	2.81248	-1.58704e-003	-120.004	-2.8125	0.	0.	0.	1.	0.	0.	0.	0.	0	
7.25203	62.4377	412	0	1	3	3	1	2	2.81248	-1.58704e-003	-120.004	-2.8125	0.	0.	0.	1.	0.	0.	0.	0.	0	
7.26901	58.8789	413	0	1	3	3	1	2	2.81248	-1.58704e-003	-120.004	-2.8125	0.	0.	0.	1.	0.	0.	0.	0.	0	
7.28601	58.8214	414	0	1	3	3	1	2	2.81248	-1.58704e-003	-120.004	-2.8125	0.	0.	0.	1.	0.	0.	0.	0.	0	
7.30301	58.8392	415	0	1	3	3	1	2	2.81248	-1.58704e-003	-120.004	-2.8125	0.	0.	0.	1.	0.	0.	0.	0.	0	
7.32005	58.688	416	0	1	3	3	1	2	2.81248	-1.58704e-003	-120.004	-2.8125	0.	0.	0.	1.	0.	0.	0.	0.	0	
7.33696	59.109	417	0	1	3	3	1	2	2.81248	-1.58704e-003	-120.004	-2.8125	0.	0.	0.	1.	0.	0.	0.	0.	0	
7.353	62.3426	418	0	1	3	3	1	2	2.81248	-1.58704e-003	-120.004	-2.8125	0.	0.	0.	1.	0.	0.	0.	0.	0	
7.37	58.8256	419	0	1	3	3	1	2	2.81248	-1.58704e-003	-120.004	-2.8125	0.	0.	0.	1.	0.	0.	0.	0.	0	
7.38701	58.7859	420	0	1	3	3	1	2	2.81248	-1.58704e-003	-120.004	-2.8125	0.	0.	0.	1.	0.	0.	0.	0.	0	
7.40397	58.9795	421	0	1	3	3	1	2	2.81248	-1.58704e-003	-120.004	-2.8125	0.	0.	0.	1.	0.	0.	0.	0.	0	
7.42001	62.3285	422	0	1	3	3	1	2	2.81248	-1.58704e-003	-120.004	-2.8125	0.	0.	0.	1.	0.	0.	0.	0.	0	
7.43697	58.9711	423	0	1	3	3	1	2	2.81248	-1.58704e-003	-120.004	-2.8125	0.	0.	0.	1.	0.	0.	0.	0.	0	
7.45404	58.5967	424	0	1	3	3	1	2	2.81248	-1.58704e-003	-120.004	-2.8125	0.	0.	0.	1.	0.	0.	0.	0.	0	
7.47097	59.0479	425	0	1	3	3	1	2	2.81248	-1.58704e-003	-120.004	-2.8125	0.	0.	0.	1.	0.	0.	0.	0.	0	
7.48702	62.3226	426	0	1	3	3	1	2	2.81248	-1.58704e-003	-120.004	-2.8125	0.	0.	0.	1.	0.	0.	0.	0.	0	
7.50397	58.9711	427	0	1	3	3	1	2	2.81248	-1.58704e-003	-120.004	-2.8125	0.	0.	0.	1.	0.	0.	0.	0.	0	
7.52004	62.2606	428	0	1	3	3	1	2	2.81248	-1.58704e-003	-120.004	-2.8125	0.	0.	0.	1.	0.	0.	0.	0.	0	
7.53697	59.0437	429	0	1	3	3	1	2	2.81248	-1.58704e-003	-120.004	-2.8125	0.	0.	0.	1.	0.	0.	0.	0.	0	
7.55302	62.3109	430	0	1	3	3	1	2	2.81248	-1.58704e-003	-120.004	-2.8125	0.	0.	0.	1.	0.	0.	0.	0.	0	
7.57005	58.7234	431	0	1	3	3	1	2	2.81248	-1.58704e-003	-120.004	-2.8125	0.	0.	0.	1.	0.	0.	0.	0.	0	
7.58703	58.88	432	0	1	3	3	1	2	2.81248	-1.58704e-003	-120.004	-2.8125	0.	0.	0.	1.	0.	0.	0.	0.	0	
7.60399	58.989	433	0	1	3	3	1	2	2.81248	-1.58704e-003	-120.004	-2.8125	0.	0.	0.	1.	0.	0.	0.	0.	0	
7.62002	62.352	434	0	1	3	3	1	2	2.81248	-1.58704e-003	-120.004	-2.8125	0.	0.	0.	1.	0.	0.	0.	0.	0	
7.63698	58.99	435	0	1	3	3	1	2	2.81248	-1.58704e-003	-120.004	-2.8125	0.	0.	0.	1.	0.	0.	0.	0.	0	
7.65405	58.5625	436	0	1	3	3	1	2	2.81248	-1.58704e-003	-120.004	-2.8125	0.	0.	0.	1.	0.	0.	0.	0.	0	
7.67098	59.0721	437	0	1	3	3	1	2	2.81248	-1.58704e-003	-120.004	-2.8125	0.	0.	0.	1.	0.	0.	0.	0.	0	
7.68804	58.6164	438	0	1	3	3	1	2	2.81248	-1.58704e-003	-120.004	-2.8125	0.	0.	0.	1.	0.	0.	0.	0.	0	
7.70498	59.03	439	0	1	3	3	1	2	2.81248	-1.58704e-003	-120.004	-2.8125	0.	0.	0.	1.	0.	0.	0.	0.	0	
7.722	58.7567	440	0	1	3	3	1	2	2.81248	-1.58704e-003	-120.004	-2.8125	0.	0.	0.	1.	0.	0.	0.	0.	0	
7.73902	58.7661	441	0	1	3	3	1	2	2.81248	-1.58704e-003	-120.004	-2.8125	0.	0.	0.	1.	0.	0.	0.	0.	0	
7.75604	58.7401	442	0	1	3	3	1	2	2.81248	-1.58704e-003	-120.004	-2.8125	0.	0.	0.	1.	0.	0.	0.	0.	0	
7.773	58.969	443	0	1	3	3	1	2	2.81248	-1.58704e-003	-120.004	-2.8125	0.	0.	0.	1.	0.	0.	0.	0.	0	
7.78902	62.4083	444	0	1	3	3	1	2	2.81248	-1.58704e-003	-120.004	-2.8125	0.	0.	0.	1.	0.	0.	0.	0.	0	
7.806	58.8936	445	0	1	3	3	1	2	2.81248	-1.58704e-003	-120.004	-2.8125	0.	0.	0.	1.	0.	0.	0.	0.	0	
7.82204	62.3402	446	0	1	3	3	1	2	2.81248	-1.58704e-003	-120.004	-2.8125	0.	0.	0.	1.	0.	0.	0.	0.	0	
7.839	58.9774	447	0	1	3	3	1	2	2.81248	-1.58704e-003	-120.004	-2.8125	0.	0.	0.	1.	0.	0.	0.	0.	0	
7.855	62.4837	448	0	1	3	3	1	2	2.81248	-1.58704e-003	-120.004	-2.8125	0.	0.	0.	1.	0.	0.	0.	0.	0	
7.87199	58.8852	449	0	1	3	3	1	2	2.81248	-1.58704e-003	-120.004	-2.8125	0.	0.	0.	1.	0.	0.	0.	0.	0	
7.88902	58.7078	450	0	1	3	3	1	2	2.81248	-1.58704e-003	-120.004	-2.8125	0.	0.	0.	1.	0.	0.	0.	0.	0	
7.90599	58.9229	451	0	1	3	3	1	2	2.81248	-1.58704e-003	-120.004	-2.8125	0.	0.	0.	1.	0.	0.	0.	0.	0	
7.92203	62.3449	452	0	1	3	3	1	2	2.81248	-1.58704e-003	-120.004	-2.8125	0.	0.	0.	1.	0.	0.	0.	0.	0	
7.93901	58.9082	453	0	1	3	3	1	2	2.81248	-1.58704e-003	-120.004	-2.8125	0.	0.	0.	1.	0.	0.	0.	0.	0	
7.95503	62.4107	454	0	1	3	3	1	2	2.81248	-1.58704e-003	-120.004	-2.8125	0.	0.	0.	1.	0.	0.	0.	0.	0	
7.97199	58.9418	455	0	1	3	3	1	2	2.81248	-1.58704e-003	-120.004	-2.8125	0.	0.	0.	1.	0.	0.	0.	0.	0	

