Time	ExpDuration	FPS	Frame	Crash	RB	RU	LU	LB	OC	Dither	CustomDither	DAngle	swAngle	swNoDead	OX	OY	OZ	HX	HY	HZ	DX	DY	DZ	HA	RHA	AccumulativeHeading(Y)	Speed	RSpeed	radius	radiusR	radiusL	Dynamic	USRHIT	SCORE	STEERING	TurningRadius	TX	TY	TZ	toOBS	
9.65932e-005	0.	10352.7	1	0	(0)1	(0)17	(0)17	(0)1	(0)7	0.	0.	0.	0.	0.	0.	0.	0.	0.	1.	0.	0.	1.	0.	-0.	0.	0.	0.	0.	-1.	-1.	-1.	1	-1	0.	1-2.	-2.	-2.	-2.		
0.187827	0.	5.32678	2	0	(0)1	(0)17	(0)17	(0)1	(0)7	-6.93889e-018	-6.93889e-018	0.	0.	0.	0.	0.	0.	0.	1.	0.	0.	1.	0.	-0.	0.	0.	0.	0.	-1.	-1.	-1.	1	-1	0.	1-2.	-2.	-2.	-2.		
0.242369	0.	18.3346	3	0	(0)1	(0)17	(0)17	(0)1	(0)7	-6.93889e-018	-6.93889e-018	0.	0.	0.	0.	0.	0.	0.	1.	0.	0.	1.	0.	-0.	0.	0.	0.	0.	-1.	-1.	-1.	1	-1	0.	1-2.	-2.	-2.	-2.		
0.259555	0.	58.1888	4	0	(0)1	(0)17	(0)17	(0)1	(0)7	-6.93889e-018	-6.93889e-018	0.	0.	0.	0.	0.	0.	0.	1.	0.	0.	1.	0.	-0.	0.	0.	0.	0.	-1.	-1.	-1.	1	-1	0.	1-2.	-2.	-2.	-2.		
0.279104	0.	51.152	5	0	(0)1	(0)17	(0)17	(0)1	(0)7	-6.93889e-018	-6.93889e-018	0.	0.	0.	0.	0.	0.	0.	1.	0.	0.	1.	0.	-0.	0.	0.	0.	0.	-1.	-1.	-1.	1	-1	0.	1-2.	-2.	-2.	-2.		
0.29525	0.	61.9342	6	0	(0)1	(0)17	(0)17	(0)1	(0)7	-6.93889e-018	-6.93889e-018	0.	0.	0.	0.	0.	0.	0.	1.	0.	0.	1.	0.	-0.	0.	0.	0.	0.	-1.	-1.	-1.	1	-1	0.	1-2.	-2.	-2.	-2.		
0.312087	0.	59.3926	7	0	(0)1	(0)17	(0)17	(0)1	(0)7	-6.93889e-018	-6.93889e-018	0.	0.	0.	0.	0.	0.	0.	1.	0.	0.	1.	0.	-0.	0.	0.	0.	0.	-1.	-1.	-1.	1	-1	0.	1-2.	-2.	-2.	-2.		
0.329071	0.	58.8807	8	0	(0)1	(0)17	(0)17	(0)1	(0)7	-6.93889e-018	-6.93889e-018	0.	0.	0.	0.	0.	0.	0.	1.	0.	0.	1.	0.	-0.	0.	0.	0.	0.	-1.	-1.	-1.	1	-1	0.	1-2.	-2.	-2.	-2.		
0.346034	0.	58.9529	9	0	(0)1	(0)17	(0)17	(0)1	(0)7	-6.93889e-018	-6.93889e-018	0.	0.	0.	0.	0.	0.	0.	1.	0.	0.	1.	0.	-0.	0.	0.	0.	0.	-1.	-1.	-1.	1	-1	0.	1-2.	-2.	-2.	-2.		
0.370384	0.	41.0668	10	0	(0)1	(0)17	(0)17	(0)1	(0)7	-6.93889e-018	-6.93889e-018	0.	0.	0.	0.	0.	0.	0.	1.	0.	0.	1.	0.	-0.	0.	0.	0.	0.	-1.	-1.	-1.	1	-1	0.	1-2.	-2.	-2.	-2.		
0.387085	0.	59.8778	11	0	(0)1	(0)17	(0)17	(0)1	(0)7	-6.93889e-018	-6.93889e-018	0.	0.	0.	0.	0.	0.	0.	1.	0.	0.	1.	0.	-0.	0.	0.	0.	0.	-1.	-1.	-1.	1	-1	0.	1-2.	-2.	-2.	-2.		
0.404206	0.	58.4063	12	0	(0)1	(0)17	(0)17	(0)1	(0)7	-6.93889e-018	-6.93889e-018	0.	0.	0.	0.	0.	0.	0.	1.	0.	0.	1.	0.	-0.	0.	0.	0.	0.	-1.	-1.	-1.	1	-1	0.	1-2.	-2.	-2.	-2.		
0.421054	0.	59.3554	13	0	(0)1	(0)17	(0)17	(0)1	(0)7	-6.93889e-018	-6.93889e-018	0.	0.	0.	0.	0.	0.	0.	1.	0.	0.	1.	0.	-0.	0.	0.	0.	0.	-1.	-1.	-1.	1	-1	0.	1-2.	-2.	-2.	-2.		
0.437044	0.	62.5375	14	0	(0)1	(0)17	(0)17	(0)1	(0)7	-6.93889e-018	-6.93889e-018	0.	0.	0.	0.	0.	0.	0.	1.	0.	0.	1.	0.	-0.	0.	0.	0.	0.	-1.	-1.	-1.	1	-1	0.	1-2.	-2.	-2.	-2.		
0.454098	0.	58.6368	15	0	(0)1	(0)17	(0)17	(0)1	(0)7	-6.93889e-018	-6.93889e-018	0.	0.	0.	0.	0.	0.	0.	1.	0.	0.	1.	0.	-0.	0.	0.	0.	0.	-1.	-1.	-1.	1	-1	0.	1-2.	-2.	-2.	-2.		
0.470106	0.	62.4691	16	0	(0)1	(0)17	(0)17	(0)1	(0)7	-6.93889e-018	-6.93889e-018	0.	0.	0.	0.	0.	0.	0.	1.	0.	0.	1.	0.	-0.	0.	0.	0.	0.	-1.	-1.	-1.	1	-1	0.	1-2.	-2.	-2.	-2.		
0.486074	0.	62.6262	17	0	(0)1	(0)17	(0)17	(0)1	(0)7	-6.93889e-018	-6.93889e-018	0.	0.	0.	0.	0.	0.	0.	1.	0.	0.	1.	0.	-0.	0.	0.	0.	0.	-1.	-1.	-1.	1	-1	0.	1-2.	-2.	-2.	-2.		
0.508576	0.	44.4399	18	0	(0)1	(0)17	(0)17	(0)1	(0)7	-6.93889e-018	-6.93889e-018	0.	0.	0.	0.	0.	0.	0.	1.	0.	0.	1.	0.	-0.	0.	0.	0.	0.	-1.	-1.	-1.	1	-1	0.	1-2.	-2.	-2.	-2.		
0.525055	0.	60.6862	19	0	(0)1	(0)17	(0)17	(0)1	(0)7	-6.93889e-018	-6.93889e-018	0.	0.	0.	0.	0.	0.	0.	1.	0.	0.	1.	0.	-0.	0.	0.	0.	0.	-1.	-1.	-1.	1	-1	0.	1-2.	-2.	-2.	-2.		
0.54202	0.	58.9446	20	0	(0)1	(0)17	(0)17	(0)1	(0)7	-6.93889e-018	-6.93889e-018	0.	0.	0.	0.	0.	0.	0.	1.	0.	0.	1.	0.	-0.	0.	0.	0.	0.	-1.	-1.	-1.	1	-1	0.	1-2.	-2.	-2.	-2.		
0.558064	0.	62.3257	21	0	(0)1	(0)17	(0)17	(0)1	(0)7	-6.93889e-018	-6.93889e-018	0.	0.	0.	0.	0.	0.	0.	1.	0.	0.	1.	0.	-0.	0.	0.	0.	0.	-1.	-1.	-1.	1	-1	0.	1-2.	-2.	-2.	-2.		
0.575036	0.	58.9215	22	0	(0)1	(0)17	(0)17	(0)1	(0)7	-6.93889e-018	-6.93889e-018	0.	0.	0.	0.	0.	0.	0.	1.	0.	0.	1.	0.	-0.	0.	0.	0.	0.	-1.	-1.	-1.	1	-1	0.	1-2.	-2.	-2.	-2.		
0.591063	0.	62.395	23	0	(0)1	(0)17	(0)17	(0)1	(0)7	-6.93889e-018	-6.93889e-018	0.	0.	0.	0.	0.	0.	0.	1.	0.	0.	1.	0.	-0.	0.	0.	0.	0.	-1.	-1.	-1.	1	-1	0.	1-2.	-2.	-2.	-2.		
0.608058	0.	58.842	24	0	(0)1	(0)17	(0)17	(0)1	(0)7	-6.93889e-018	-6.93889e-018	0.	0.	0.	0.	0.	0.	0.	1.	0.	0.	1.	0.	-0.	0.	0.	0.	0.	-1.	-1.	-1.	1	-1	0.	1-2.	-2.	-2.	-2.		
0.625038	0.	58.8911	25	0	(0)1	(0)17	(0)17	(0)1	(0)7	-6.93889e-018	-6.93889e-018	0.	0.	0.	0.	0.	0.	0.	1.	0.	0.	1.	0.	-0.	0.	0.	0.	0.	-1.	-1.	-1.	1	-1	0.	1-2.	-2.	-2.	-2.		
0.64205	0.	58.7814	26	0	(0)1	(0)17	(0)17	(0)1	(0)7	-6.93889e-018	-6.93889e-018	0.	0.	0.	0.	0.	0.	0.	1.	0.	0.	1.	0.	-0.	0.	0.	0.	0.	-1.	-1.	-1.	1	-1	0.	1-2.	-2.	-2.	-2.		
0.659059	0.	58.795	27	0	(0)1	(0)17	(0)17	(0)1	(0)7	-6.93889e-018	-6.93889e-018	0.	0.	0.	0.	0.	0.	0.	1.	0.	0.	1.	0.	-0.	0.	0.	0.	0.	-1.	-1.	-1.	1	-1	0.	1-2.	-2.	-2.	-2.		
0.676073	0.	58.7751	28	0	(0)1	(0)17	(0)17	(0)1	(0)7	-6.93889e-018	-6.93889e-018	0.	0.	0.	0.	0.	0.	0.	1.	0.	0.	1.	0.	-0.	0.	0.	0.	0.	-1.	-1.	-1.	1	-1	0.	1-2.	-2.	-2.	-2.		
0.693075	0.	58.8148	29	0	(0)1	(0)17	(0)17	(0)1	(0)7	-6.93889e-018	-6.93889e-018	0.	0.	0.	0.	0.	0.	0.	1.	0.	0.	1.	0.	-0.	0.	0.	0.	0.	-1.	-1.	-1.	1	-1	0.	1-2.	-2.	-2.	-2.		
0.710061	0.	58.8712	30	0	(0)1	(0)17	(0)17	(0)1	(0)7	-6.93889e-018	-6.93889e-018	0.	0.	0.	0.	0.	0.	0.	1.	0.	0.	1.	0.	-0.	0.	0.	0.	0.	-1.	-1.	-1.	1	-1	0.	1-2.	-2.	-2.	-2.		
0.72707	0.	58.795	31	0	(0)1	(0)17	(0)17	(0)1	(0)7	-6.93889e-018	-6.93889e-018	0.	0.	0.	0.	0.	0.	0.	1.	0.	0.	1.	0.	-0.	0.	0.	0.	0.	-1.	-1.	-1.	1	-1	0.	1-2.	-2.	-2.	-2.		
0.744065	0.	58.8388	32	0	(0)1	(0)17	(0)17	(0)1	(0)7	-6.93889e-018	-6.93889e-018	0.	0.	0.	0.	0.	0.	0.	1.	0.	0.	1.	0.	-0.	0.	0.	0.	0.	-1.	-1.	-1.	1	-1	0.	1-2.	-2.	-2.	-2.		
0.761045	0.	58.8953	33	0	(0)1	(0)17	(0)17	(0)1	(0)7	-6.93889e-018	-6.93889e-018	0.	0.	0.	0.	0.	0.	0.	1.	0.	0.	1.	0.	-0.	0.	0.	0.	0.	-1.	-1.	-1.	1	-1	0.	1-2.	-2.	-2.	-2.		
0.778041	0.	58.8346	34	0	(0)1	(0)17	(0)17	(0)1	(0)7	-6.93889e-018	-6.93889e-018	0.	0.	0.	0.	0.	0.	0.	1.	0.	0.	1.	0.	-0.	0.	0.	0.	0.	-1.	-1.	-1.	1	-1	0.	1-2.	-2.	-2.	-2.		
0.795038	0.	58.8336	35	0	(0)1	(0)17	(0)17	(0)1	(0)7	-6.93889e-018	-6.93889e-018	0.	0.	0.	0.	0.	0.	0.	1.	0.	0.	1.	0.	-0.	0.	0.	0.	0.	-1.	-1.	-1.	1	-1	0.	1-2.	-2.	-2.	-2.		
0.811892	0.	59.3362	36	0	(0)1	(0)17	(0)17	(0)1	(0)7	-6.93889e-018	-6.93889e-018	0.	0.	0.	0.	0.	0.	0.	1.	0.	0.	1.	0.	-0.	0.	0.	0.	0.	-1.	-1.	-1.	1	-1	0.	1-2.	-2.	-2.	-2.		
0.828064	0.	61.8348	37	0	(0)1	(0)17	(0)17	(0)1	(0)7	-6.93889e-018	-6.93889e-018	0.	0.	0.	0.	0.	0.	0.	1.	0.	0.	1.	0.	-0.	0.	0.	0.	0.	-1.	-1.	-1.	1	-1	0.	1-2.	-2.	-2.	-2.		
0.844037	0.	62.6049	38	0	(0)1	(0)17	(0)17	(0)1	(0)7	-6.93889e-018	-6.93889e-018	0.	0.	0.	0.	0.	0.	0.	1.	0.	0.	1.	0.	-0.	0.	0.	0.	0.	-1.	-1.	-1.	1	-1	0.	1-2.	-2.	-2.	-2.		
0.860048	0.	62.4561	39	0	(0)1	(0)17	(0)17	(0)1	(0)7	-6.93889e-018	-6.93889e-018	0.	0.	0.	0.	0.	0.	0.	1.	0.	0.	1.	0.	-0.	0.	0.	0.	0.	-1.	-1.	-1.	1	-1	0.	1-2.	-2.	-2.	-2.		
0.877536	0.	57.1834	40	0	(0)1	(0)17	(0)17	(0)1	(0)7	-6.93889e-018	-6.93889e-018	0.	0.	0.	0.	0.	0.	0.	1.	0.	0.	1.	0.	-0.	0.	0.	0.	0.	-1.	-1.	-1.	1	-1	0.	1-2.	-2.	-2.	-2.		
0.896024	0.	54.0893	41	0	(0)1	(0)17	(0)17	(0)1	(0)7	-6.93889e-018	-6.93889e-018	0.	0.	0.	0.	0.	0.	0.	1.	0.	0.	1.	0.	-0.	0.	0.	0.	0.	-1.	-1.	-1.	1	-1	0.	1-2.	-2.	-2.	-2.		
0.913118	0.	58.5001	42	0	(0)1	(0)17	(0)17	(0)1	(0)7	-6.93889e-018	-6.93889e-018	0.	0.	0.	0.	0.	0.	0.	1.	0.	0.	1.	0.	-0.	0.	0.	0.	0.	-1.	-1.	-1.	1	-1	0.	1-2.	-2.	-2.	-2.		
0.930065	0.	59.0076	43	0	(0)1	(0)17	(0)17	(0)1	(0)7	-6.93889e-018	-6.93889e-018	0.	0.	0.	0.	0.	0.	0.	1.	0.	0.	1.	0.	-0.	0.	0.	0.	0.	-1.	-1.	-1.	1	-1	0.	1-2.	-2.	-2.	-2.		
0.947108	0.	58.6731	44	0	(0)1	(0)17	(0)17	(0)1	(0)7	-6.93889e-018	-6.93889e-018	0.	0.	0.	0.	0.	0.	0.	1.	0.	0.	1.	0.	-0.	0.	0.	0.	0.	-1.	-1.	-1.	1	-1	0.	1-2.	-2.	-2.	-2.		
0.964059	0.	58.9939	45	0	(0)1	(0)17	(0)17	(0)1	(0)7	-6.93889e-018	-6.93889e-018	0.	0.	0.	0.	0.	0.	0.	1.	0.	0.	1.	0.	-0.	0.	0.	0.	0.	-1.	-1.	-1.	1	-1	0.	1-2.	-2.	-2.	-2.		
0.981074	0.	58.7731	46	0	(0)1	(0)17	(0)17	(0)1	(0)7	-6.93889e-018	-6.93889e-018	0.	0.	0.	0.	0.	0.	0.	1.	0.	0.	1.	0.	-0.	0.	0.	0.	0.	-1.	-1.	-1.	1	-1	0.	1-2.	-2.	-2.	-2.		
0.997072	0.	62.508	47	0	(0)1	(0)17	(0)17	(0)1	(0)7	-6.93889e-018	-6.93889e-018	0.	0.	0.	0.	0.	0.	0.	1.	0.	0.	1.	0.	-0.	0.	0.	0.	0.	-1.	-1.	-1.	1	-1	0.	1-2.	-2.	-2.	-2.		
1.0141	0.	58.7428	48	0	(0)1	(0)17	(0)17	(0)1	(0)7	-6.93889e-018	-6.93889e-018	0.	0.	0.	0.	0.	0.	0.	1.	0.	0.	1.	0.	-0.	0.	0.	0.	0.	-1.	-1.	-1.	1	-1	0.	1-2.	-2.	-2.	-2.		
1.03108	0.	58.8618	49	0	(0)1	(0)17	(0)17	(0)1	(0)7	-6.93889e-018	-6.93889e-018	0.	0.	0.	0.	0.	0.	0.	1.	0.	0.	1.	0.	-0.	0.	0.	0.	0.	-1.	-1.	-1.	1	-1	0.	1-2.	-2.	-2.	-2.		
1.04706	0.	62.5966	50	0	(0)1	(0)17	(0)17	(0)1	(0)7	-6.93889e-018	-6.93889e-018	0.	0.	0.	0.	0.	0.	0.	1.	0.	0.	1.	0.	-0.	0.	0.	0.	0.	-1.	-1.	-1.	1	-1	0.	1-2.	-2.	-2.	-2.		
1.06408	0.	58.7408	51	0	(0)1	(0)17	(0)17	(0)1	(0)7	-6.93889e-018	-6.93889e-018	0.	0.	0.	0.	0.	0.	0.	1.	0.	0.	1.	0.	-0.	0.	0.	0.	0.	-1.	-1.	-1.	1	-1	0.	1-2.	-2.	-2.	-2.		
1.08105	0.	58.9246	52	0	(0)1	(0)17	(0)17	(0)1	(0)7	-6.93889e-018	-6.93889e-018	0.	0.	0.	0.	0.	0.	0.	1.	0.	0.	1.	0.	-0.	0.	0.	0.	0.	-1.	-1.	-1.	1	-1	0.	1-2.	-2.	-2.	-2.		
1.09806	0.	58.7929	53	0	(0)1	(0)17	(0)17	(0)1	(0)7	-6.93889e-018	-6.93889e-018	0.	0.	0.	0.	0.	0.	0.	1.	0.	0.	1.	0.	-0.	0.	0.	0.	0.	-1.	-1.	-1.	1	-1	0.	1-2.	-2.	-2.	-2.		
1.11506	0.	58.8346	54	0	(0)1	(0)17	(0)17	(0)1	(0)7	-6.93889e-018	-6.93889e-018	0.	0.	0.	0.	0.	0.	0.	1.	0.	0.	1.	0.	-0.	0.	0.	0.	0.	-1.	-1.	-1.	1	-1	0.	1-2.	-2.	-2.	-2.		
1.13209	0.	58.7355	55	0	(0)1	(0)17	(0)17	(0)1	(0)7	-6.93889e-018	-6.93889e-018	0.	0.	0.	0.	0.	0.	0.	1.	0.	0.	1.	0.	-0.	0.	0.	0.	0.	-1.	-1.	-1.	1	-1	0.	1-2.	-2.	-2.	-2.		
1.14914	0.	58.6357	56	0	(0)1	(0)17	(0)17	(0)1	(0)7	-6.93889e-018	-6.93889e-018	0.	0.	0.	0.	0.	0.	0.	1.	0.	0.	1.	0.	-0.	0.	0.	0.	0.	-1.	-1.	-1.	1	-1	0.	1-2.	-2.	-2.	-2.		
1.16505	0.	62.8662	57	0	(0)1	(0)17	(0)17	(0)1	(0)7	-6.93889e-018	-6.93889e-018	0.	0.	0.	0.	0.	0.	0.	1.	0.	0.	1.	0.	-0.	0.	0.	0.	0.	-1.	-1.	-1.	1	-1	0.	1-2.	-2.	-2.	-2.		
1.18209	0.	58.6877	58	0	(0)1	(0)17	(0)17	(0)1	(0)7	-6.93889e-018	-6.93889e-018	0.	0.	0.	0.	0.	0.	0.	1.	0.	0.	1.	0.	-0.	0.	0.	0.	0.	-1.	-1.	-1.	1	-1	0.	1-2.	-2.	-2.	-2.		
1.19906	0.	58.9225	59	0	(0)1	(0)17	(0)17	(0)1	(0)7	-6.93889e-018	-6.93889e-018	0.	0.	0.	0.	0.	0.	0.	1.	0.	0.	1.	0.	-0.	0.	0.	0.	0.	-1.	-1.	-1.	1	-1	0.	1-2.	-2.	-2.	-2.		
1.21509	0.	62.3844	60	0	(0)1	(0)17	(0)17	(0)1	(0)7	-6.93889e-018	-6.93889e-018	0.	0.	0.	0.	0.	0.	0.	1.	0.	0.	1.	0.	-0.	0.	0.	0.	0.	-1.	-1.	-1.	1	-1	0.	1-2.	-2.	-2.	-2.		
1.23208	0.	58.8451	61	0	(0)1	(0)17	(0)17	(0)1	(0)7	-6.93889e-018	-6.93889e-018	0.	0.	0.	0.	0.	0.	0.	1.	0.	0.	1.	0.	-0.	0.	0.	0.	0.	-1.	-1.	-1.	1	-1	0.	1-2.	-2.	-2.	-2.		
1.24907	0.	58.8524	62	0	(0)1	(0)17	(0)17	(0)1	(0)7	-6.93889e-018	-6.93889e-018	0.	0.	0.	0.	0.	0.	0.	1.	0.	0.	1.	0.	-0.	0.	0.	0.	0.	-1.	-1.	-1.	1	-1	0.	1-2.	-2.	-2.	-2.		
1.26509	0.	62.4232	63	0	(0)1	(0)17	(0)17	(0)1	(0)7	-6.93889e-018	-6.93889e-018	0.	0.	0.	0.	0.	0.	0.	1.	0.	0.	1.	0.	-0.	0.	0.	0.	0.	-1.	-1.	-1.	1	-1	0.	1-2.	-2.	-2.	-2.		
1.28206	0.	58.9341	64	0	(0)1	(0)17	(0)17	(0)1	(0)7	-6.93889e-018	-6.93889e-018	0.	0.	0.	0.	0.	0.	0.	1.	0.	0.	1.	0.	-0.	0.	0.	0.	0.	-1.	-1.	-1.	1	-1	0.	1-2.	-2.	-2.	-2.		
1.29809	0.	62.3785	65	0	(0)1	(0)17	(0)17	(0)1	(0)7	-6.93889e-018	-6.93889e-018	0.	0.	0.	0.	0.	0.	0.	1.	0.	0.	1.	0.	-0.	0.	0.	0.	0.	-1.	-1.	-1.	1	-1	0.	1-2.	-2.	-2.	-2.		
1.31506	0.	58.9173	66	0	(0)1	(0)17	(0)17	(0)1	(0)7	-6.93889e-018	-6.93889e-018	0.	0.	0.	0.	0.	0.	0.	1.	0.	0.	1.	0.	-0.	0.	0.	0.	0.	-1.	-1.	-1.	1	-1	0.	1-2.	-2.	-2.	-2.		
1.33108	0.	62.4444	67	0	(0)1	(0)17	(0)17	(0)1	(0)7	-6.93889e-018	-6.93889e-018	0.	0.	0.	0.	0.	0.	0.	1.	0.	0.	1.	0.	-0.	0.	0.	0.	0.	-1.	-1.	-1.	1	-1	0.	1-2.	-2.	-2.	-2.		
1.34808	0.	58.8346	68	0	(0)1	(0)17	(0)17	(0)1	(0)7	-6.93889e-018	-6.93889e-018	0.	0.	0.	0.	0.	0.	0.	1.	0.	0.	1.	0.	-0.	0.	0.	0.	0.	-1.	-1.	-1.	1	-1	0.	1-2.	-2.	-2.	-2.		
1.36509	0.	58.7897	69	0	(0)1	(0)17	(0)17	(0)1	(0)7	-6.93889e-018	-6.93889e-018	0.	0.	0.	0.	0.	0.	0.	1.	0.	0.	1.	0.	-0.	0.	0.	0.	0.	-1.	-1.	-1.	1	-1	0.	1-2.	-2.	-2.	-2.		
1.3821	0.	58.7887	70	0	(0)1	(0)17	(0)17	(0)1	(0)7	-6.93889e-018	-6.93889e-018	0.	0.	0.	0.	0.	0.	0.	1.	0.	0.	1.	0.	-0.	0.	0.	0.	0.	-1.	-1.	-1.	1	-1	0.	1-2.	-2.	-2.	-2.		
1.3981	0.	62.4691	71	0	(0)1	(0)17	(0)17	(0)1	(0)7	-6.93889e-018	-6.93889e-018	0.	0.	0.	0.	0.	0.	0.	1.	0.	0.	1.	0.	-0.	0.	0.	0.	0.	-1.	-1.	-1.	1	-1	0.	1-2.	-2.	-2.	-2.		
1.41511	0.	58.7887	72	0	(0)1	(0)17	(0)17	(0)1	(0)7	-6.93889e-018	-6.93889e-018	0.	0.	0.	0.	0.	0.	0.	1.	0.	0.	1.	0.	-0.	0.	0.	0.	0.	-1.	-1.	-1.	1	-1	0.	1-2.	-2.	-2.	-2.		
1.43208	0.	58.9509	73	0	(0)1	(0)17	(0)17	(0)1	(0)7	-6.93889e-018	-6.93889e-018	0.	0.	0.	0.	0.	0.	0.	1.	0.	0.	1.	0.	-0.	0.	0.	0.	0.	-1.	-1.	-1.	1	-1	0.	1-2.	-2.	-2.	-2.		
1.4481	0.	62.402	74	0	(0)1	(0)17	(0)17	(0)1	(0)7	-6.93889e-018	-6.93889e-018	0.	0.	0.	0.	0.	0.	0.	1.	0.	0.	1.	0.	-0.	0.	0.	0.	0.	-1.	-1.	-1.	1	-1	0.	1-2.	-2.	-2.	-2.		
1.46413	0.	62.3856	75	0	(0)1	(0)17	(0)17	(0)1	(0)7	-6.93889e-018	-6.93889e-018	0.	0.	0.	0.	0.	0.	0.	1.	0.	0.	1.	0.	-0.	0.	0.	0.	0.	-1.	-1.	-1.	1	-1	0.	1-2.	-2.	-2.	-2.		
1.48109	0.	58.9488	76	0	(0)1	(0)17	(0)17	(0)1	(0)7	-6.93889e-018	-6.93889e-018	0.	0.	0.	0.	0.	0.	0.	1.	0.	0.	1.	0.	-0.	0.	0.	0.	0.	-1.	-1.	-1.	1	-1	0.	1-2.	-2.	-2.	-2.		
1.49806	0.	58.9267	77	0	(0)1	(0)17	(0)17	(0)1	(0)7	-6.93889e-018	-6.93889e-018	0.	0.	0.	0.	0.	0.	0.	1.	0.	0.	1.	0.	-0.	0.	0.	0.	0.	-1.	-1.	-1.	1	-1	0.	1-2.	-2.	-2.	-2.		
1.51514	0.	58.5518	78	0	(0)1	(0)17	(0)17	(0)1	(0)7	-6.93889e-018	-6.93889e-018	0.	0.	0.	0.	0.	0.	0.	1.	0.	0.	1.	0.	-0.	0.	0.	0.	0.	-1.	-1.	-1.	1	-1	0.	1-2.	-2.	-2.	-2.		
1.5321	0.	58.9792	79	0	(0)1	(0)17	(0)17	(0)1	(0)7	-6.93889e-018	-6.93889e-018	0.	0.	0.	0.	0.	0.	0.	1.	0.	0.	1.	0.	-0.	0.	0.	0.	0.	-1.	-1.	-1.	1	-1	0.	1-2.	-2.	-2.	-2.		
1.54909	0.	58.842	80	0	(0)1	(0)17	(0)17	(0)1	(0)7	-6.93889e-018	-6.93889e-018	0.	0.	0.	0.	0.	0.	0.	1.	0.	0.	1.	0.	-0.	0.	0.	0.	0.	-1.	-1.	-1.	1	-1	0.	1-2.	-2.	-2.	-2.		
1.56508	0.	62.5375	81	0	(0)1	(0)17	(0)17	(0)1	(0)7	-6.93889e-018	-6.93889e-018	0.	0.	0.	0.	0.	0.	0.	1.	0.	0.	1.	0.	-0.	0.	0.	0.	0.	-1.	-1.	-1.	1	-1	0.	1-2.	-2.	-2.	-2.		
1.58209	0.	58.7918	82	0	(0)1	(0)17	(0)17	(0)1	(0)7	-6.93889e-018	-6.93889e-018	0.	0.	0.	0.	0.	0.	0.	1.	0.	0.	1.	0.	-0.	0.	0.	0.	0.	-1.	-1.	-1.	1	-1	0.	1-2.	-2.	-2.	-2.		
1.59909	0.	58.842	83	0	(0)1	(0)17	(0)17	(0)1	(0)7	-6.93889e-018	-6.93889e-018	0.	0.	0.	0.	0.	0.	0.	1.	0.	0.	1.	0.	-0.	0.	0.	0.	0.	-1.	-1.	-1.	1	-1	0.	1-2.	-2.	-2.	-2.		
1.61609	0.	58.8106	84	0	(0)1	(0)17	(0)17	(0)1	(0)7	-6.93889e-018	-6.93889e-018	0.	0.	0.	0.	0.	0.	0.	1.	0.	0.	1.	0.	-0.	0.	0.	0.	0.	-1.	-1.	-1.	1	-1	0.	1-2.	-2.	-2.	-2.		
1.63209	0.	62.5233	85	0	(0)1	(0)17	(0)17	(0)1	(0)7	-6.93889e-018	-6.93889e-018	0.	0.	0.	0.	0.	0.	0.	1.	0.	0.	1.	0.	-0.	0.	0.	0.	0.	-1.	-1.	-1.	1	-1	0.	1-2.	-2.	-2.	-2.		
1.67639	0.	22.569	86	0	(0)1	(0)17	(0)17	(0)1	(0)7	-6.93889e-018	-6.93889e-018	0.	0.	0.	0.	0.	0.	0.	1.	0.	0.	1.	0.	-0.	0.	0.	0.	0.	-1.	-1.	-1.	1	-1	0.	1-2.	-2.	-2.	-2.		
1.69442	0.	55.463	87	0	(0)1	(0)17	(0)17	(0)1	(0)7	-6.93889e-018	-6.93889e-018	0.	0.	0.	0.	0.	0.	0.	1.	0.	0.	1.	0.	-0.	0.	0.	0.	0.	-1.	-1.	-1.	1	-1	0.	1-2.	-2.	-2.	-2.		
1.71109	0.	60.0123	88	0	(0)1	(0)17	(0)17	(0)1	(0)7	-6.93889e-018	-6.93889e-018	0.	0.	0.	0.	0.	0.	0.	1.	0.	0.	1.	0.	-0.	0.	0.	0.	0.	-1.	-1.	-1.	1	-1	0.	1-2.	-2.	-2.	-2.		
1.72808	0.	58.8597	89	0	(0)1	(0)17	(0)17	(0)1	(0)7	-6.93889e-018	-6.93889e-018	0.	0.	0.	0.	0.	0.	0.	1.	0.	0.	1.	0.	-0.	0.	0.	0.	0.	-1.	-1.	-1.	1	-1	0.	1-2.	-2.	-2.	-2.		
1.74508	0.	58.8138	90	0	(0)1	(0)17	(0)17	(0)1	(0)7	-6.93889e-018	-6.93889e-018	0.	0.	0.	0.	0.	0.	0.	1.	0.	0.	1.	0.	-0.	0.	0.	0.	0.	-1.	-1.	-1.	1	-1	0.	1-2.	-2.	-2.	-2.		
1.76108	0.	62.508	91	0	(0)1	(0)17	(0)17	(0)1	(0)7	-6.93889e-018	-6.93889e-018	0.	0.	0.	0.	0.	0.	0.	1.	0.	0.	1.	0.	-0.	0.	0.	0.	0.	-1.	-1.	-1.	1	-1	0.	1-2.	-2.	-2.	-2.		
1.7781	0.	58.7303	92	0	(0)1	(0)17	(0)17	(0)1	(0)7	-6.93889e-018	-6.93889e-018	0.	0.	0.	0.	0.	0.	0.	1.	0.	0.	1.	0.	-0.	0.	0.	0.	0.	-1.	-1.	-1.	1	-1	0.	1-2.	-2.	-2.	-2.		
1.79507	0.	58.9425	93	0	(0)1	(0)17	(0)17	(0)1	(0)7	-6.93889e-018	-6.93889e-018	0.	0.	0.	0.	0.	0.	0.	1.	0.	0.	1.	0.	-0.	0.	0.	0.	0.	-1.	-1.	-1.	1	-1	0.	1-2.	-2.	-2.	-2.		
1.81207	0.	58.8273	94	0	(0)1	(0)17	(0)17	(0)1	(0)7	-6.93889e-018	-6.93889e-018	0.	0.	0.	0.	0.	0.	0.	1.	0.	0.	1.	0.	-0.	0.	0.	0.	0.	-1.	-1.	-1.	1	-1	0.	1-2.	-2.	-2.	-2.		
1.82915	0.	58.5342	95	0	(0)1	(0)17	(0)17	(0)1	(0)7	-6.93889e-018	-6.93889e-018	0.	0.	0.	0.	0.	0.	0.	1.	0.	0.	1.	0.	-0.	0.	0.	0.	0.	-1.	-1.	-1.	1	-1	0.	1-2.	-2.	-2.	-2.		
1.84508	0.	62.7781	96	0	(0)1	(0)17	(0)17	(0)1	(0)7	-6.93889e-018	-6.93889e-018	0.	0.	0.	0.	0.	0.	0.	1.	0.	0.	1.	0.	-0.	0.	0.	0.	0.	-1.	-1.	-1.	1	-1	0.	1-2.	-2.	-2.	-2.		
1.8621	0.	58.7793	97	0	(0)1	(0)17	(0)17	(0)1	(0)7	-6.93889e-018	-6.93889e-018	0.	0.	0.	0.	0.	0.	0.	1.	0.	0.	1.	0.	-0.	0.	0.	0.	0.	-1.	-1.	-1.	1	-1	0.	1-2.	-2.	-2.	-2.		
1.87909	0.	58.8326	98	0	(0)1	(0)17	(0)17	(0)1	(0)7	-6.93889e-018	-6.93889e-018	0.	0.	0.	0.	0.	0.	0.	1.	0.	0.	1.	0.	-0.	0.	0.	0.	0.	-1.	-1.	-1.	1	-1	0.	1-2.	-2.	-2.	-2.		
1.89512	0.	62.4114	99	0	(0)1	(0)17	(0)17	(0)1	(0)7	-6.93889e-018	-6.93889e-018	0.	0.	0.	0.	0.	0.	0.	1.	0.	0.	1.	0.	-0.	0.	0.	0.	0.	-1.	-1.	-1.	1	-1	0.	1-2.	-2.	-2.	-2.		
1.91141	0.	61.3777	100	0	(0)1	(0)17	(0)17	(0)1	(0)7	-6.93889e-018	-6.93889e-018	0.	0.	0.	0.	0.	0.	0.	1.	0.	0.	1.	0.	-0.	0.	0.	0.	0.	-1.	-1.	-1.	1	-1	0.	1-2.	-2.	-2.	-2.		
1.92811	0.	59.8811	101	0	(0)1	(0)17	(0)17	(0)1	(0)7	-6.93889e-018	-6.93889e-018	0.	0.	0.	0.	0.	0.	0.	1.	0.	0.	1.	0.	-0.	0.	0.	0.	0.	-1.	-1.	-1.	1	-1	0.	1-2.	-2.	-2.	-2.		
1.94511	0.	58.8002	102	0	(0)1	(0)17	(0)17	(0)1	(0)7	-6.93889e-018	-6.93889e-018	0.	0.	0.	0.	0.	0.	0.	1.	0.	0.	1.	0.	-0.	0.	0.	0.	0.	-1.	-1.	-1.	1	-1	0.	1-2.	-2.	-2.	-2.		
1.96209	0.	58.9225	103	0	(0)1	(0)17	(0)17	(0)1	(0)7	-6.93889e-018	-6.93889e-018	0.	0.	0.	0.	0.	0.	0.	1.	0.	0.	1.	0.	-0.	0.	0.	0.	0.	-1.	-1.	-1.	1	-1	0.	1-2.	-2.	-2.	-2.		
1.97909	0.	58.8023	104	0	(0)1	(0)17	(0)17	(0)1	(0)7	-6.93889e-018	-6.93889e-018	0.	0.	0.	0.	0.	0.	0.	1.	0.	0.	1.	0.	-0.	0.	0.	0.	0.	-1.	-1.	-1.	1	-1	0.	1-2.	-2.	-2.	-2.		
1.99509	0.	62.5056	105	0	(0)1	(0)17	(0)17	(0)1	(0)7	-6.93889e-018	-6.93889e-018	0.	0.	0.	0.	0.	0.	0.	1.	0.	0.	1.	0.	-0.	0.	0.	0.	0.	-1.	-1.	-1.	1	-1	0.	1-2.	-2.	-2.	-2.		
2.01184	0.	59.7116	106	0	(0)1	(0)17	(0)17	(0)1	(0)7	-6.93889e-018	-6.93889e-018	0.	0.	0.	0.	0.	0.	0.	1.	0.	0.	1.	0.	-0.	0.	0.	0.	0.	-1.	-1.	-1.	1	-1	0.	1-2.	-2.	-2.	-2.		
2.02809	0.	61.5339	107	0	(0)1	(0)17	(0)17	(0)1	(0)7	-6.93889e-018	-6.93889e-018	0.	0.	0.	0.	0.	0.	0.	1.	0.	0.	1.	0.	-0.	0.	0.	0.	0.	-1.	-1.	-1.	1	-1	0.	1-2.	-2.	-2.	-2.		
2.0451	0.	58.8012	108	0	(0)1	(0)17	(0)17	(0)1	(0)7	-6.93889e-018	-6.93889e-018	0.	0.	0.	0.	0.	0.	0.	1.	0.	0.	1.	0.	-0.	0.	0.	0.	0.	-1.	-1.	-1.	1	-1	0.	1-2.	-2.	-2.	-2.		
2.06211	0.	58.7887	109	0	(0)1	(0)17	(0)17	(0)1	(0)7	-6.93889e-018	-6.93889e-018	0.	0.	0.	0.	0.	0.	0.	1.	0.	0.	1.	0.	-0.	0.	0.	0.	0.	-1.	-1.	-1.	1	-1	0.	1-2.	-2.	-2.	-2.		
2.0791	0.	58.8555	110	0	(0)1	(0)17	(0)17	(0)1	(0)7	-6.93889e-018	-6.93889e-018	0.	0.	0.	0.	0.	0.	0.	1.	0.	0.	1.	0.	-0.	0.	0.	0.	0.	-1.	-1.	-1.	1	-1	0.	1-2.	-2.	-2.	-2.		
2.0951	0.	62.4785	111	0	(0)1	(0)17	(0)17	(0)1	(0)7	-6.93889e-018	-6.93889e-018	0.	0.	0.	0.	0.	0.	0.	1.	0.	0.	1.	0.	-0.	0.	0.	0.	0.	-1.	-1.	-1.	1	-1	0.	1-2.	-2.	-2.	-2.		
2.11218	0.	58.558	112	0	(0)1	(0)17	(0)17	(0)1	(0)7	-6.93889e-018	-6.93889e-018	0.	0.	0.	0.	0.	0.	0.	1.	0.	0.	1.	0.	-0.	0.	0.	0.	0.	-1.	-1.	-1.	1	-1	0.	1-2.	-2.	-2.	-2.		
2.12809	0.	62.8316	113	0	(0)1	(0)17	(0)17	(0)1	(0)7	-6.93889e-018	-6.93889e-018	0.	0.	0.	0.	0.	0.	0.	1.	0.	0.	1.	0.	-0.	0.	0.	0.	0.	-1.	-1.	-1.	1	-1	0.	1-2.	-2.	-2.	-2.		
2.14515	0.	58.643	114	0	(0)1	(0)17	(0)17	(0)1	(0)7	-6.93889e-018	-6.93889e-018	0.	0.	0.	0.	0.	0.	0.	1.	0.	0.	1.	0.	-0.	0.	0.	0.	0.	-1.	-1.	-1.	1	-1	0.	1-2.	-2.	-2.	-2.		
2.16211	0.	58.9561	115	0	(0)1	(0)17	(0)17	(0)1	(0)7	-6.93889e-018	-6.93889e-018	0.	0.	0.	0.	0.	0.	0.	1.	0.	0.	1.	0.	-0.	0.	0.	0.	0.	-1.	-1.	-1.	1	-1	0.	1-2.	-2.	-2.	-2.		
2.17815	0.	62.3316	116	0	(0)1	(0)17	(0)17	(0)1	(0)7	-6.93889e-018	-6.93889e-018	0.	0.	0.	0.	0.	0.	0.	1.	0.	0.	1.	0.	-0.	0.	0.	0.	0.	-1.	-1.	-1.	1	-1	0.	1-2.	-2.	-2.	-2.		
2.19527	0.	58.4052	117	0	(0)1	(0)17	(0)17	(0)1	(0)7	-6.93889e-018	-6.93889e-018	0.	0.	0.	0.	0.	0.	0.	1.	0.	0.	1.	0.	-0.	0.	0.	0.	0.	-1.	-1.	-1.	1	-1	0.	1-2.	-2.	-2.	-2.		
2.21209	0.	59.448	118	0	(0)1	(0)17	(0)17	(0)1	(0)7	-6.93889e-018	-6.93889e-018	0.	0.	0.	0.	0.	0.	0.	1.	0.	0.	1.	0.	-0.	0.	0.	0.	0.	-1.	-1.	-1.	1	-1	0.	1-2.	-2.	-2.	-2.		
2.22814	0.	62.3199	119	0	(0)1	(0)17	(0)17	(0)1	(0)7	-6.93889e-018	-6.93889e-018	0.	0.	0.	0.	0.	0.	0.	1.	0.	0.	1.	0.	-0.	0.	0.	0.	0.	-1.	-1.	-1.	1	-1	0.	1-2.	-2.	-2.	-2.		
2.24549	0.	57.64	120	0	(0)1	(0)17	(0)17	(0)1	(0)7	-6.93889e-018	-6.93889e-018	0.	0.	0.	0.	0.	0.	0.	1.	0.	0.	1.	0.	-0.	0.	0.	0.	0.	-1.	-1.	-1.	1	-1	0.	1-2.	-2.	-2.	-2.		
2.26212	0.	60.1322	121	0	(0)1	(0)17	(0)17	(0)1	(0)7	-6.93889e-018	-6.93889e-018	0.	0.	0.	0.	0.	0.	0.	1.	0.	0.	1.	0.	-0.	0.	0.	0.	0.	-1.	-1.	-1.	1	-1	0.	1-2.	-2.	-2.	-2.		
2.27911	0.	58.8754	122	0	(0)1	(0)17	(0)17	(0)1	(0)7	-6.93889e-018	-6.93889e-018	0.	0.	0.	0.	0.	0.	0.	1.	0.	0.	1.	0.	-0.	0.	0.	0.	0.	-1.	-1.	-1.	1	-1	0.	1-2.	-2.	-2.	-2.		
2.29618	0.	58.5601	123	0	(0)1	(0)17	(0)17	(0)1	(0)7	-6.93889e-018	-6.93889e-018	0.	0.	0.	0.	0.	0.	0.	1.	0.	0.	1.	0.	-0.	0.	0.	0.	0.	-1.	-1.	-1.	1	-1	0.	1-2.	-2.	-2.	-2.		
2.31222	0.	62.3644	124	0	(0)1	(0)17	(0)17	(0)1	(0)7	-6.93889e-018	-6.93889e-018	0.	0.	0.	0.	0.	0.	0.	1.	0.	0.	1.	0.	-0.	0.	0.	0.	0.	-1.	-1.	-1.	1	-1	0.	1-2.	-2.	-2.	-2.		
2.32918	0.	58.9425	125	0	(0)1	(0)17	(0)17	(0)1	(0)7	-6.93889e-018	-6.93889e-018	0.	0.	0.	0.	0.	0.	0.	1.	0.	0.	1.	0.	-0.	0.	0.	0.	0.	-1.	-1.	-1.	1	-1	0.	1-2.	-2.	-2.	-2.		
2.34625	0.	58.5994	126	0	(0)1	(0)17	(0)17	(0)1	(0)7	-6.93889e-018	-6.93889e-018	0.	0.	0.	0.	0.	0.	0.	1.	0.	0.	1.	0.	-0.	0.	0.	0.	0.	-1.	-1.	-1.	1	-1	0.	1-2.	-2.	-2.	-2.		
2.36311	0.	59.3171	127	0	(0)1	(0)17	(0)17	(0)1	(0)7	-6.93889e-018	-6.93889e-018	0.	0.	0.	0.	0.	0.	0.	1.	0.	0.	1.	0.	-0.	0.	0.	0.	0.	-1.	-1.	-1.	1	-1	0.	1-2.	-2.	-2.	-2.		
2.38011	0.	58.8044	128	0	(0)1	(0)17	(0)17	(0)1	(0)7	-6.93889e-018	-6.93889e-018	0.	0.	0.	0.	0.	0.	0.	1.	0.	0.	1.	0.	-0.	0.	0.	0.	0.	-1.	-1.	-1.	1	-1	0.	1-2.	-2.	-2.	-2.		
2.39712	0.	58.7824	129	0	(0)1	(0)17	(0)17	(0)1	(0)7	-6.93889e-018	-6.93889e-018	0.	0.	0.	0.	0.	0.	0.	1.	0.	0.	1.	0.	-0.	0.	0.	0.	0.	-1.	-1.	-1.	1	-1	0.	1-2.	-2.	-2.	-2.		
2.41411	0.	58.8608	130	0	(0)1	(0)17	(0)17	(0)1	(0)7	-6.93889e-018	-6.93889e-018	0.	0.	0.	0.	0.	0.	0.	1.	0.	0.	1.	0.	-0.	0.	0.	0.	0.	-1.	-1.	-1.	1	-1	0.	1-2.	-2.	-2.	-2.		
2.43109	0.	58.9121	131	0	(0)1	(0)17	(0)17	(0)1	(0)7	-6.93889e-018	-6.93889e-018	0.	0.	0.	0.	0.	0.	0.	1.	0.	0.	1.	0.	-0.	0.	0.	0.	0.	-1.	-1.	-1.	1	-1	0.	1-2.	-2.	-2.	-2.		
2.44817	0.	58.5528	132	0	(0)1	(0)17	(0)17	(0)1	(0)7	-6.93889e-018	-6.93889e-018	0.	0.	0.	0.	0.	0.	0.	1.	0.	0.	1.	0.	-0.	0.	0.	0.	0.	-1.	-1.	-1.	1	-1	0.	1-2.	-2.	-2.	-2.		
2.46415	0.	62.5422	133	0	(0)1	(0)17	(0)17	(0)1	(0)7	-6.93889e-018	-6.93889e-018	0.	0.	0.	0.	0.	0.	0.	1.	0.	0.	1.	0.	-0.	0.	0.	0.	0.	-1.	-1.	-1.	1	-1	0.	1-2.	-2.	-2.	-2.		
2.48011	0.	62.6617	134	0	(0)1	(0)17	(0)17	(0)1	(0)7	-6.93889e-018	-6.93889e-018	0.	0.	0.	0.	0.	0.	0.	1.	0.	0.	1.	0.	-0.	0.	0.	0.	0.	-1.	-1.	-1.	1	-1	0.	1-2.	-2.	-2.	-2.		
2.4961	0.	62.5434	135	0	(0)1	(0)17	(0)17	(0)1	(0)7	-6.93889e-018	-6.93889e-018	0.	0.	0.	0.	0.	0.	0.	1.	0.	0.	1.	0.	-0.	0.	0.	0.	0.	-1.	-1.	-1.	1	-1	0.	1-2.	-2.	-2.	-2.		
2.5123	0.	61.7311	136	0	(0)1	(0)17	(0)17	(0)1	(0)7	-6.93889e-018	-6.93889e-018	0.	0.	0.	0.	0.	0.	0.	1.	0.	0.	1.	0.	-0.	0.	0.	0.	0.	-1.	-1.	-1.	1	-1	0.	1-2.	-2.	-2.	-2.		
2.52912	0.	59.4747	137	0	(0)1	(0)17	(0)17	(0)1	(0)7	-6.93889e-018	-6.93889e-018	0.	0.	0.	0.	0.	0.	0.	1.	0.	0.	1.	0.	-0.	0.	0.	0.	0.	-1.	-1.	-1.	1	-1	0.	1-2.	-2.	-2.	-2.		
2.54612	0.	58.8054	138	0	(0)1	(0)17	(0)17	(0)1	(0)7	-6.93889e-018	-6.93889e-018	0.	0.	0.	0.	0.	0.	0.	1.	0.	0.	1.	0.	-0.	0.	0.	0.	0.	-1.	-1.	-1.	1	-1	0.	1-2.	-2.	-2.	-2.		
2.56312	0.	58.8117	139	0	(0)1	(0)17	(0)17	(0)1	(0)7	-6.93889e-018	-6.93889e-018	0.	0.	0.	0.	0.	0.	0.	1.	0.	0.	1.	0.	-0.	0.	0.	0.	0.	-1.	-1.	-1.	1	-1	0.	1-2.	-2.	-2.	-2.		
2.57909	0.	62.6273	140	0	(0)1	(0)17	(0)17	(0)1	(0)7	-6.93889e-018	-6.93889e-018	0.	0.	0.	0.	0.	0.	0.	1.	0.	0.	1.	0.	-0.	0.	0.	0.	0.	-1.	-1.	-1.	1	-1	0.	1-2.	-2.	-2.	-2.		
2.59624	0.	58.3117	141	0	(0)1	(0)17	(0)17	(0)1	(0)7	-6.93889e-018	-6.93889e-018	0.	0.	0.	0.	0.	0.	0.	1.	0.	0.	1.	0.	-0.	0.	0.	0.	0.	-1.	-1.	-1.	1	-1	0.	1-2.	-2.	-2.	-2.		
2.6131	0.	59.3171	142	0	(0)1	(0)17	(0)17	(0)1	(0)7	-6.93889e-018	-6.93889e-018	0.	0.	0.	0.	0.	0.	0.	1.	0.	0.	1.	0.	-0.	0.	0.	0.	0.	-1.	-1.	-1.	1	-1	0.	1-2.	-2.	-2.	-2.		
2.6302	0.	58.4733	143	0	(0)1	(0)17	(0)17	(0)1	(0)7	-6.93889e-018	-6.93889e-018	0.	0.	0.	0.	0.	0.	0.	1.	0.	0.	1.	0.	-0.	0.	0.	0.	0.	-1.	-1.	-1.	1	-1	0.	1-2.	-2.	-2.	-2.		
2.64713	0.	59.0833	144	0	(0)1	(0)17	(0)17	(0)1	(0)7	-6.93889e-018	-6.93889e-018	0.	0.	0.	0.	0.	0.	0.	1.	0.	0.	1.	0.	-0.	0.	0.	0.	0.	-1.	-1.	-1.	1	-1	0.	1-2.	-2.	-2.	-2.		
2.66419	0.	58.6202	145	0	(0)1	(0)17	(0)17	(0)1	(0)7	-6.93889e-018	-6.93889e-018	0.	0.	0.	0.	0.	0.	0.	1.	0.	0.	1.	0.	-0.	0.	0.	0.	0.	-1.	-1.	-1.	1	-1	0.	1-2.	-2.	-2.	-2.		
2.68112	0.	59.0349	146	0	(0)1	(0)17	(0)17	(0)1	(0)7	-6.93889e-018	-6.93889e-018	0.	0.	0.	0.	0.	0.	0.	1.	0.	0.	1.	0.	-0.	0.	0.	0.	0.	-1.	-1.	-1.	1	-1	0.	1-2.	-2.	-2.	-2.		
2.69758	0.	60.7831	147	0	(0)1	(0)17	(0)17	(0)1	(0)7	-6.93889e-018	-6.93889e-018	0.	0.	0.	0.	0.	0.	0.	1.	0.	0.	1.	0.	-0.	0.	0.	0.	0.	-1.	-1.	-1.	1	-1	0.	1-2.	-2.	-2.	-2.		
2.71518	0.	56.801	148	0	(0)1	(0)17	(0)17	(0)1	(0)7	-6.93889e-018	-6.93889e-018	0.	0.	0.	0.	0.	0.	0.	1.	0.	0.	1.	0.	-0.	0.	0.	0.	0.	-1.	-1.	-1.	1	-1	0.	1-2.	-2.	-2.	-2.		
2.73215	0.	58.9351	149	0	(0)1	(0)17	(0)17	(0)1	(0)7	-6.93889e-018	-6.93889e-018	0.	0.	0.	0.	0.	0.	0.	1.	0.	0.	1.	0.	-0.	0.	0.	0.	0.	-1.	-1.	-1.	1	-1	0.	1-2.	-2.	-2.	-2.		
2.74913	0.	58.9089	150	0	(0)1	(0)17	(0)17	(0)1	(0)7	-6.93889e-018	-6.93889e-018	0.	0.	0.	0.	0.	0.	0.	1.	0.	0.	1.	0.	-0.	0.	0.	0.	0.	-1.	-1.	-1.	1	-1	0.	1-2.	-2.	-2.	-2.		
2.76615	0.	58.721	151	0	(0)1	(0)17	(0)17	(0)1	(0)7	-6.93889e-018	-6.93889e-018	0.	0.	0.	0.	0.	0.	0.	1.	0.	0.	1.	0.	-0.	0.	0.	0.	0.	-1.	-1.	-1.	1	-1	0.	1-2.	-2.	-2.	-2.		
2.78312	0.	58.9425	152	0	(0)1	(0)17	(0)17	(0)1	(0)7	-6.93889e-018	-6.93889e-018	0.	0.	0.	0.	0.	0.	0.	1.	0.	0.	1.	0.	-0.	0.	0.	0.	0.	-1.	-1.	-1.	1	-1	0.	1-2.	-2.	-2.	-2.		
2.80011	0.	58.8545	153	0	(0)1	(0)17	(0)17	(0)1	(0)7	-6.93889e-018	-6.93889e-018	0.	0.	0.	0.	0.	0.	0.	1.	0.	0.	1.	0.	-0.	0.	0.	0.	0.	-1.	-1.	-1.	1	-1	0.	1-2.	-2.	-2.	-2.		
2.81742	0.	57.7687	154	0	(0)1	(0)17	(0)17	(0)1	(0)7	-6.93889e-018	-6.93889e-018	0.	0.	0.	0.	0.	0.	0.	1.	0.	0.	1.	0.	-0.	0.	0.	0.	0.	-1.	-1.	-1.	1	-1	0.	1-2.	-2.	-2.	-2.		
2.83412	0.	59.8692	155	0	(0)1	(0)17	(0)17	(0)1	(0)7	-6.93889e-018	-6.93889e-018	0.	0.	0.	0.	0.	0.	0.	1.	0.	0.	1.	0.	-0.	0.	0.	0.	0.	-1.	-1.	-1.	1	-1	0.	1-2.	-2.	-2.	-2.		
2.85115	0.	58.7512	156	0	(0)1	(0)17	(0)17	(0)1	(0)7	-6.93889e-018	-6.93889e-018	0.	0.	0.	0.	0.	0.	0.	1.	0.	0.	1.	0.	-0.	0.	0.	0.	0.	-1.	-1.	-1.	1	-1	0.	1-2.	-2.	-2.	-2.		
2.86814	0.	58.8294	157	0	(0)1	(0)17	(0)17	(0)1	(0)7	-6.93889e-018	-6.93889e-018	0.	0.	0.	0.	0.	0.	0.	1.	0.	0.	1.	0.	-0.	0.	0.	0.	0.	-1.	-1.	-1.	1	-1	0.	1-2.	-2.	-2.	-2.		
2.88513	0.	58.8733	158	0	(0)1	(0)17	(0)17	(0)1	(0)7	-6.93889e-018	-6.93889e-018	0.	0.	0.	0.	0.	0.	0.	1.	0.	0.	1.	0.	-0.	0.	0.	0.	0.	-1.	-1.	-1.	1	-1	0.	1-2.	-2.	-2.	-2.		
2.90114	0.	62.4632	159	0	(0)1	(0)17	(0)17	(0)1	(0)7	-6.93889e-018	-6.93889e-018	0.	0.	0.	0.	0.	0.	0.	1.	0.	0.	1.	0.	-0.	0.	0.	0.	0.	-1.	-1.	-1.	1	-1	0.	1-2.	-2.	-2.	-2.		
2.91813	0.	58.843	160	0	(0)1	(0)17	(0)17	(0)1	(0)7	-6.93889e-018	-6.93889e-018	0.	0.	0.	0.	0.	0.	0.	1.	0.	0.	1.	0.	-0.	0.	0.	0.	0.	-1.	-1.	-1.	1	-1	0.	1-2.	-2.	-2.	-2.		
2.93514	0.	58.8023	161	0	(0)1	(0)17	(0)17	(0)1	(0)7	-6.93889e-018	-6.93889e-018	0.	0.	0.	0.	0.	0.	0.	1.	0.	0.	1.	0.	-0.	0.	0.	0.	0.	-1.	-1.	-1.	1	-1	0.	1-2.	-2.	-2.	-2.		
2.9512	0.	62.2601	162	0	(0)1	(0)17	(0)17	(0)1	(0)7	-6.93889e-018	-6.93889e-018	0.	0.	0.	0.	0.	0.	0.	1.	0.	0.	1.	0.	-0.	0.	0.	0.	0.	-1.	-1.	-1.	1	-1	0.	1-2.	-2.	-2.	-2.		
2.96812	0.	59.1065	163	0	(0)1	(0)17	(0)17	(0)1	(0)7	-6.93889e-018	-6.93889e-018	0.	0.	0.	0.	0.	0.	0.	1.	0.	0.	1.	0.	-0.	0.	0.	0.	0.	-1.	-1.	-1.	1	-1	0.	1-2.	-2.	-2.	-2.		
2.98431	0.	61.7794	164	0	(0)1	(0)17	(0)17	(0)1	(0)7	-6.93889e-018	-6.93889e-018	0.	0.	0.	0.	0.	0.	0.	1.	0.	0.	1.	0.	-0.	0.	0.	0.	0.	-1.	-1.	-1.	1	-1	0.	1-2.	-2.	-2.	-2.		
3.00115	0.	59.3532	165	0	(0)1	(0)17	(0)17	(0)1	(0)7	-6.93889e-018	-6.93889e-018	0.	0.	0.	0.	0.	0.	0.	1.	0.	0.	1.	0.	-0.	0.	0.	0.	0.	-1.	-1.	-1.	1	-1	0.	1-2.	-2.	-2.	-2.		
3.01818	0.	58.7512	166	0	(0)1	(0)17	(0)17	(0)1	(0)7	-6.93889e-018	-6.93889e-018	0.	0.	0.	0.	0.	0.	0.	1.	0.	0.	1.	0.	-0.	0.	0.	0.	0.	-1.	-1.	-1.	1	-1	0.	1-2.	-2.	-2.	-2.		
3.03515	0.	58.9278	167	0	(0)1	(0)17	(0)17	(0)1	(0)7	-6.93889e-018	-6.93889e-018	0.	0.	0.	0.	0.	0.	0.	1.	0.	0.	1.	0.	-0.	0.	0.	0.	0.	-1.	-1.	-1.	1	-1	0.	1-2.	-2.	-2.	-2.		
3.05213	0.	58.8681	168	0	(0)1	(0)17	(0)17	(0)1	(0)7	-6.93889e-018	-6.93889e-018	0.	0.	0.	0.	0.	0.	0.	1.	0.	0.	1.	0.	-0.	0.	0.	0.	0.	-1.	-1.	-1.	1	-1	0.	1-2.	-2.	-2.	-2.		
3.06915	0.	58.7804	169	0	(0)1	(0)17	(0)17	(0)1	(0)7	-6.93889e-018	-6.93889e-018	0.	0.	0.	0.	0.	0.	0.	1.	0.	0.	1.	0.	-0.	0.	0.	0.	0.	-1.	-1.	-1.	1	-1	0.	1-2.	-2.	-2.	-2.		
3.08615	0.	58.8242	170	0	(0)1	(0)17	(0)17	(0)1	(0)7	-6.93889e-018	-6.93889e-018	0.	0.	0.	0.	0.	0.	0.	1.	0.	0.	1.	0.	-0.	0.	0.	0.	0.	-1.	-1.	-1.	1	-1	0.	1-2.	-2.	-2.	-2.		
3.10214	0.	62.5387	171	0	(0)1	(0)17	(0)17	(0)1	(0)7	-6.93889e-018	-6.93889e-018	0.	0.	0.	0.	0.	0.	0.	1.	0.	0.	1.	0.	-0.	0.	0.	0.	0.	-1.	-1.	-1.	1	-1	0.	1-2.	-2.	-2.	-2.		
3.11912	0.	58.8639	172	0	(0)1	(0)17	(0)17	(0)1	(0)7	-6.93889e-018	-6.93889e-018	0.	0.	0.	0.	0.	0.	0.	1.	0.	0.	1.	0.	-0.	0.	0.	0.	0.	-1.	-1.	-1.	1	-1	0.	1-2.	-2.	-2.	-2.		
3.13515	0.	62.4055	173	0	(0)1	(0)17	(0)17	(0)1	(0)7	-6.93889e-018	-6.93889e-018	0.	0.	0.	0.	0.	0.	0.	1.	0.	0.	1.	0.	-0.	0.	0.	0.	0.	-1.	-1.	-1.	1	-1	0.	1-2.	-2.	-2.	-2.		
3.15121	0.	62.2648	174	0	(0)1	(0)17	(0)17	(0)1	(0)7	-6.93889e-018	-6.93889e-018	0.	0.	0.	0.	0.	0.	0.	1.	0.	0.	1.	0.	-0.	0.	0.	0.	0.	-1.	-1.	-1.	1	-1	0.	1-2.	-2.	-2.	-2.		
3.16717	0.	62.6522	175	0	(0)1	(0)17	(0)17	(0)1	(0)7	-6.93889e-018	-6.93889e-018	0.	0.	0.	0.	0.	0.	0.	1.	0.	0.	1.	0.	-0.	0.	0.	0.	0.	-1.	-1.	-1.	1	-1	0.	1-2.	-2.	-2.	-2.		
3.18422	0.	58.6575	176	0	(0)1	(0)17	(0)17	(0)1	(0)7	-6.93889e-018	-6.93889e-018	0.	0.	0.	0.	0.	0.	0.	1.	0.	0.	1.	0.	-0.	0.	0.	0.	0.	-1.	-1.	-1.	1	-1	0.	1-2.	-2.	-2.	-2.		
3.20112	0.	59.172	177	0	(0)1	(0)17	(0)17	(0)1	(0)7	-6.93889e-018	-6.93889e-018	0.	0.	0.	0.	0.	0.	0.	1.	0.	0.	1.	0.	-0.	0.	0.	0.	0.	-1.	-1.	-1.	1	-1	0.	1-2.	-2.	-2.	-2.		
3.21741	0.	61.3857	178	0	(0)1	(0)17	(0)17	(0)1	(0)7	-6.93889e-018	-6.93889e-018	0.	0.	0.	0.	0.	0.	0.	1.	0.	0.	1.	0.	-0.	0.	0.	0.	0.	-1.	-1.	-1.	1	-1	0.	1-2.	-2.	-2.	-2.		
3.23412	0.	59.8421	179	0	(0)1	(0)17	(0)17	(0)1	(0)7	-6.93889e-018	-6.93889e-018	0.	0.	0.	0.	0.	0.	0.	1.	0.	0.	1.	0.	-0.	0.	0.	0.	0.	-1.	-1.	-1.	1	-1	0.	1-2.	-2.	-2.	-2.		
3.25014	0.	62.4244	180	0	(0)1	(0)17	(0)17	(0)1	(0)7	-6.93889e-018	-6.93889e-018	0.	0.	0.	0.	0.	0.	0.	1.	0.	0.	1.	0.	-0.	0.	0.	0.	0.	-1.	-1.	-1.	1	-1	0.	1-2.	-2.	-2.	-2.		
3.26716	0.	58.7637	181	0	(0)1	(0)17	(0)17	(0)1	(0)7	-6.93889e-018	-6.93889e-018	0.	0.	0.	0.	0.	0.	0.	1.	0.	0.	1.	0.	-0.	0.	0.	0.	0.	-1.	-1.	-1.	1	-1	0.	1-2.	-2.	-2.	-2.		
3.28415	0.	58.8252	182	0	(0)1	(0)17	(0)17	(0)1	(0)7	-6.93889e-018	-6.93889e-018	0.	0.	0.	0.	0.	0.	0.	1.	0.	0.	1.	0.	-0.	0.	0.	0.	0.	-1.	-1.	-1.	1	-1	0.	1-2.	-2.	-2.	-2.		
3.30016	0.	62.475	183	0	(0)1	(0)17	(0)17	(0)1	(0)7	-6.93889e-018	-6.93889e-018	0.	0.	0.	0.	0.	0.	0.	1.	0.	0.	1.	0.	-0.	0.	0.	0.	0.	-1.	-1.	-1.	1	-1	0.	1-2.	-2.	-2.	-2.		
3.31613	0.	62.6049	184	0	(0)1	(0)17	(0)17	(0)1	(0)7	-6.93889e-018	-6.93889e-018	0.	0.	0.	0.	0.	0.	0.	1.	0.	0.	1.	0.	-0.	0.	0.	0.	0.	-1.	-1.	-1.	1	-1	0.	1-2.	-2.	-2.	-2.		
3.33315	0.	58.7845	185	0	(0)1	(0)17	(0)17	(0)1	(0)7	-6.93889e-018	-6.93889e-018	0.	0.	0.	0.	0.	0.	0.	1.	0.	0.	1.	0.	-0.	0.	0.	0.	0.	-1.	-1.	-1.	1	-1	0.	1-2.	-2.	-2.	-2.		
3.35015	0.	58.8012	186	0	(0)1	(0)17	(0)17	(0)1	(0)7	-6.93889e-018	-6.93889e-018	0.	0.	0.	0.	0.	0.	0.	1.	0.	0.	1.	0.	-0.	0.	0.	0.	0.	-1.	-1.	-1.	1	-1	0.	1-2.	-2.	-2.	-2.		
3.36614	0.	62.5351	187	0	(0)1	(0)17	(0)17	(0)1	(0)7	-6.93889e-018	-6.93889e-018	0.	0.	0.	0.	0.	0.	0.	1.	0.	0.	1.	0.	-0.	0.	0.	0.	0.	-1.	-1.	-1.	1	-1	0.	1-2.	-2.	-2.	-2.		
3.38317	0.	58.746	188	0	(0)1	(0)17	(0)17	(0)1	(0)7	-6.93889e-018	-6.93889e-018	0.	0.	0.	0.	0.	0.	0.	1.	0.	0.	1.	0.	-0.	0.	0.	0.	0.	-1.	-1.	-1.	1	-1	0.	1-2.	-2.	-2.	-2.		
3.40015	0.	58.8754	189	0	(0)1	(0)17	(0)17	(0)1	(0)7	-6.93889e-018	-6.93889e-018	0.	0.	0.	0.	0.	0.	0.	1.	0.	0.	1.	0.	-0.	0.	0.	0.	0.	-1.	-1.	-1.	1	-1	0.	1-2.	-2.	-2.	-2.		
3.41721	0.	58.6171	190	0	(0)1	(0)17	(0)17	(0)1	(0)7	-6.93889e-018	-6.93889e-018	0.	0.	0.	0.	0.	0.	0.	1.	0.	0.	1.	0.	-0.	0.	0.	0.	0.	-1.	-1.	-1.	1	-1	0.	1-2.	-2.	-2.	-2.		
3.43414	0.	59.0833	191	0	(0)1	(0)17	(0)17	(0)1	(0)7	-6.93889e-018	-6.93889e-018	0.	0.	0.	0.	0.	0.	0.	1.	0.	0.	1.	0.	-0.	0.	0.	0.	0.	-1.	-1.	-1.	1	-1	0.	1-2.	-2.	-2.	-2.		
3.45122	0.	58.527	192	0	(0)1	(0)17	(0)17	(0)1	(0)7	-6.93889e-018	-6.93889e-018	0.	0.	0.	0.	0.	0.	0.	1.	0.	0.	1.	0.	-0.	0.	0.	0.	0.	-1.	-1.	-1.	1	-1	0.	1-2.	-2.	-2.	-2.		
3.46816	0.	59.0307	193	0	(0)1	(0)17	(0)17	(0)1	(0)7	-6.93889e-018	-6.93889e-018	0.	0.	0.	0.	0.	0.	0.	1.	0.	0.	1.	0.	-0.	0.	0.	0.	0.	-1.	-1.	-1.	1	-1	0.	1-2.	-2.	-2.	-2.		
3.48422	0.	62.2648	194	0	(0)1	(0)17	(0)17	(0)1	(0)7	-6.93889e-018	-6.93889e-018	0.	0.	0.	0.	0.	0.	0.	1.	0.	0.	1.	0.	-0.	0.	0.	0.	0.	-1.	-1.	-1.	1	-1	0.	1-2.	-2.	-2.	-2.		
3.50116	0.	59.0275	195	0	(0)1	(0)17	(0)17	(0)1	(0)7	-6.93889e-018	-6.93889e-018	0.	0.	0.	0.	0.	0.	0.	1.	0.	0.	1.	0.	-0.	0.	0.	0.	0.	-1.	-1.	-1.	1	-1	0.	1-2.	-2.	-2.	-2.		
3.51741	0.	61.5419	196	0	(0)1	(0)17	(0)17	(0)1	(0)7	-6.93889e-018	-6.93889e-018	0.	0.	0.	0.	0.	0.	0.	1.	0.	0.	1.	0.	-0.	0.	0.	0.	0.	-1.	-1.	-1.	1	-1	0.	1-2.	-2.	-2.	-2.		
3.53416	0.	59.7127	197	0	(0)1	(0)17	(0)17	(0)1	(0)7	-6.93889e-018	-6.93889e-018	0.	0.	0.	0.	0.	0.	0.	1.	0.	0.	1.	0.	-0.	0.	0.	0.	0.	-1.	-1.	-1.	1	-1	0.	1-2.	-2.	-2.	-2.		
3.55118	0.	58.7418	198	0	(0)1	(0)17	(0)17	(0)1	(0)7	-6.93889e-018	-6.93889e-018	0.	0.	0.	0.	0.	0.	0.	1.	0.	0.	1.	0.	-0.	0.	0.	0.	0.	-1.	-1.	-1.	1	-1	0.	1-2.	-2.	-2.	-2.		
3.56815	0.	58.9225	199	0	(0)1	(0)17	(0)17	(0)1	(0)7	-6.93889e-018	-6.93889e-018	0.	0.	0.	0.	0.	0.	0.	1.	0.	0.	1.	0.	-0.	0.	0.	0.	0.	-1.	-1.	-1.	1	-1	0.	1-2.	-2.	-2.	-2.		
3.58418	0.	62.4173	200	0	(0)1	(0)17	(0)17	(0)1	(0)7	-6.93889e-018	-6.93889e-018	0.	0.	0.	0.	0.	0.	0.	1.	0.	0.	1.	0.	-0.	0.	0.	0.	0.	-1.	-1.	-1.	1	-1	0.	1-2.	-2.	-2.	-2.		
3.60115	0.	58.9152	201	0	(0)1	(0)17	(0)17	(0)1	(0)7	-6.93889e-018	-6.93889e-018	0.	0.	0.	0.	0.	0.	0.	1.	0.	0.	1.	0.	-0.	0.	0.	0.	0.	-1.	-1.	-1.	1	-1	0.	1-2.	-2.	-2.	-2.		
3.61816	0.	58.795	202	0	(0)1	(0)17	(0)17	(0)1	(0)7	-6.93889e-018	-6.93889e-018	0.	0.	0.	0.	0.	0.	0.	1.	0.	0.	1.	0.	-0.	0.	0.	0.	0.	-1.	-1.	-1.	1	-1	0.	1-2.	-2.	-2.	-2.		
3.63515	0.	58.865	203	0	(0)1	(0)17	(0)17	(0)1	(0)7	-6.93889e-018	-6.93889e-018	0.	0.	0.	0.	0.	0.	0.	1.	0.	0.	1.	0.	-0.	0.	0.	0.	0.	-1.	-1.	-1.	1	-1	0.	1-2.	-2.	-2.	-2.		
3.65218	0.	58.722	204	0	(0)1	(0)17	(0)17	(0)1	(0)7	-6.93889e-018	-6.93889e-018	0.	0.	0.	0.	0.	0.	0.	1.	0.	0.	1.	0.	-0.	0.	0.	0.	0.	-1.	-1.	-1.	1	-1	0.	1-2.	-2.	-2.	-2.		
3.66817	0.	62.5092	205	0	(0)1	(0)17	(0)17	(0)1	(0)7	-6.93889e-018	-6.93889e-018	0.	0.	0.	0.	0.	0.	0.	1.	0.	0.	1.	0.	-0.	0.	0.	0.	0.	-1.	-1.	-1.	1	-1	0.	1-2.	-2.	-2.	-2.		
3.68415	0.	62.6049	206	0	(0)1	(0)17	(0)17	(0)1	(0)7	-6.93889e-018	-6.93889e-018	0.	0.	0.	0.	0.	0.	0.	1.	0.	0.	1.	0.	-0.	0.	0.	0.	0.	-1.	-1.	-1.	1	-1	0.	1-2.	-2.	-2.	-2.		
3.70118	0.	58.7199	207	0	(0)1	(0)17	(0)17	(0)1	(0)7	-6.93889e-018	-6.93889e-018	0.	0.	0.	0.	0.	0.	0.	1.	0.	0.	1.	0.	-0.	0.	0.	0.	0.	-1.	-1.	-1.	1	-1	0.	1-2.	-2.	-2.	-2.		
3.71815	0.	58.9184	208	0	(0)1	(0)17	(0)17	(0)1	(0)7	-6.93889e-018	-6.93889e-018	0.	0.	0.	0.	0.	0.	0.	1.	0.	0.	1.	0.	-0.	0.	0.	0.	0.	-1.	-1.	-1.	1	-1	0.	1-2.	-2.	-2.	-2.		
3.73523	0.	58.5518	209	0	(0)1	(0)17	(0)17	(0)1	(0)7	-6.93889e-018	-6.93889e-018	0.	0.	0.	0.	0.	0.	0.	1.	0.	0.	1.	0.	-0.	0.	0.	0.	0.	-1.	-1.	-1.	1	-1	0.	1-2.	-2.	-2.	-2.		
3.75115	0.	62.809	210	0	(0)1	(0)17	(0)17	(0)1	(0)7	-6.93889e-018	-6.93889e-018	0.	0.	0.	0.	0.	0.	0.	1.	0.	0.	1.	0.	-0.	0.	0.	0.	0.	-1.	-1.	-1.	1	-1	0.	1-2.	-2.	-2.	-2.		
3.76819	0.	58.6648	211	0	(0)1	(0)17	(0)17	(0)1	(0)7	-6.93889e-018	-6.93889e-018	0.	0.	0.	0.	0.	0.	0.	1.	0.	0.	1.	0.	-0.	0.	0.	0.	0.	-1.	-1.	-1.	1	-1	0.	1-2.	-2.	-2.	-2.		
3.78518	0.	58.8807	212	0	(0)1	(0)17	(0)17	(0)1	(0)7	-6.93889e-018	-6.93889e-018	0.	0.	0.	0.	0.	0.	0.	1.	0.	0.	1.	0.	-0.	0.	0.	0.	0.	-1.	-1.	-1.	1	-1	0.	1-2.	-2.	-2.	-2.		
3.80215	0.	58.932	213	0	(0)1	(0)17	(0)17	(0)1	(0)7	-6.93889e-018	-6.93889e-018	0.	0.	0.	0.	0.	0.	0.	1.	0.	0.	1.	0.	-0.	0.	0.	0.	0.	-1.	-1.	-1.	1	-1	0.	1-2.	-2.	-2.	-2.		
3.81925	0.	58.4588	214	0	(0)1	(0)17	(0)17	(0)1	(0)7	-6.93889e-018	-6.93889e-018	0.	0.	0.	0.	0.	0.	0.	1.	0.	0.	1.	0.	-0.	0.	0.	0.	0.	-1.	-1.	-1.	1	-1	0.	1-2.	-2.	-2.	-2.		
3.83515	0.	62.914	215	0	(0)1	(0)17	(0)17	(0)1	(0)7	-6.93889e-018	-6.93889e-018	0.	0.	0.	0.	0.	0.	0.	1.	0.	0.	1.	0.	-0.	0.	0.	0.	0.	-1.	-1.	-1.	1	-1	0.	1-2.	-2.	-2.	-2.		
3.85223	0.	58.5311	216	0	(0)1	(0)17	(0)17	(0)1	(0)7	-6.93889e-018	-6.93889e-018	0.	0.	0.	0.	0.	0.	0.	1.	0.	0.	1.	0.	-0.	0.	0.	0.	0.	-1.	-1.	-1.	1	-1	0.	1-2.	-2.	-2.	-2.		
3.86915	0.	59.116	217	0	(0)1	(0)17	(0)17	(0)1	(0)7	-6.93889e-018	-6.93889e-018	0.	0.	0.	0.	0.	0.	0.	1.	0.	0.	1.	0.	-0.	0.	0.	0.	0.	-1.	-1.	-1.	1	-1	0.	1-2.	-2.	-2.	-2.		
3.88515	0.	62.4903	218	0	(0)1	(0)17	(0)17	(0)1	(0)7	-6.93889e-018	-6.93889e-018	0.	0.	0.	0.	0.	0.	0.	1.	0.	0.	1.	0.	-0.	0.	0.	0.	0.	-1.	-1.	-1.	1	-1	0.	1-2.	-2.	-2.	-2.		
3.90215	0.	58.8367	219	0	(0)1	(0)17	(0)17	(0)1	(0)7	-6.93889e-018	-6.93889e-018	0.	0.	0.	0.	0.	0.	0.	1.	0.	0.	1.	0.	-0.	0.	0.	0.	0.	-1.	-1.	-1.	1	-1	0.	1-2.	-2.	-2.	-2.		
3.91922	0.	58.5725	220	0	(0)1	(0)17	(0)17	(0)1	(0)7	-6.93889e-018	-6.93889e-018	0.	0.	0.	0.	0.	0.	0.	1.	0.	0.	1.	0.	-0.	0.	0.	0.	0.	-1.	-1.	-1.	1	-1	0.	1-2.	-2.	-2.	-2.		
3.93618	0.	58.9697	221	0	(0)1	(0)17	(0)17	(0)1	(0)7	-6.93889e-018	-6.93889e-018	0.	0.	0.	0.	0.	0.	0.	1.	0.	0.	1.	0.	-0.	0.	0.	0.	0.	-1.	-1.	-1.	1	-1	0.	1-2.	-2.	-2.	-2.		
3.95318	0.	58.8127	222	0	(0)1	(0)17	(0)17	(0)1	(0)7	-6.93889e-018	-6.93889e-018	0.	0.	0.	0.	0.	0.	0.	1.	0.	0.	1.	0.	-0.	0.	0.	0.	0.	-1.	-1.	-1.	1	-1	0.	1-2.	-2.	-2.	-2.		
3.97016	0.	58.888	223	0	(0)1	(0)17	(0)17	(0)1	(0)7	-6.93889e-018	-6.93889e-018	0.	0.	0.	0.	0.	0.	0.	1.	0.	0.	1.	0.	-0.	0.	0.	0.	0.	-1.	-1.	-1.	1	-1	0.	1-2.	-2.	-2.	-2.		
3.98714	0.	58.8974	224	0	(0)1	(0)17	(0)17	(0)1	(0)7	-6.93889e-018	-6.93889e-018	0.	0.	0.	0.	0.	0.	0.	1.	0.	0.	1.	0.	-0.	0.	0.	0.	0.	-1.	-1.	-1.	1	-1	0.	1-2.	-2.	-2.	-2.		
4.00421	0.	58.6026	225	0	(0)1	(0)17	(0)17	(0)1	(0)7	-6.93889e-018	-6.93889e-018	0.	0.	0.	0.	0.	0.	0.	1.	0.	0.	1.	0.	-0.	0.	0.	0.	0.	-1.	-1.	-1.	1	-1	0.	1-2.	-2.	-2.	-2.		
4.02126	0.	58.6223	226	0	(0)1	(0)17	(0)17	(0)1	(0)7	-6.93889e-018	-6.93889e-018	0.	0.	0.	0.	0.	0.	0.	1.	0.	0.	1.	0.	-0.	0.	0.	0.	0.	-1.	-1.	-1.	1	-1	0.	1-2.	-2.	-2.	-2.		
4.03825	0.	58.8838	227	0	(0)1	(0)17	(0)17	(0)1	(0)7	-6.93889e-018	-6.93889e-018	0.	0.	0.	0.	0.	0.	0.	1.	0.	0.	1.	0.	-0.	0.	0.	0.	0.	-1.	-1.	-1.	1	-1	0.	1-2.	-2.	-2.	-2.		
4.05528	0.	58.6908	228	0	(0)1	(0)17	(0)17	(0)1	(0)7	-6.93889e-018	-6.93889e-018	0.	0.	0.	0.	0.	0.	0.	1.	0.	0.	1.	0.	-0.	0.	0.	0.	0.	-1.	-1.	-1.	1	-1	0.	1-2.	-2.	-2.	-2.		
4.0722	0.	59.1234	229	0	(0)1	(0)17	(0)17	(0)1	(0)7	-6.93889e-018	-6.93889e-018	0.	0.	0.	0.	0.	0.	0.	1.	0.	0.	1.	0.	-0.	0.	0.	0.	0.	-1.	-1.	-1.	1	-1	0.	1-2.	-2.	-2.	-2.		
4.08917	0.	58.91	230	0	(0)1	(0)17	(0)17	(0)1	(0)7	-6.93889e-018	-6.93889e-018	0.	0.	0.	0.	0.	0.	0.	1.	0.	0.	1.	0.	-0.	0.	0.	0.	0.	-1.	-1.	-1.	1	-1	0.	1-2.	-2.	-2.	-2.		
4.10618	0.	58.796	231	0	(0)1	(0)17	(0)17	(0)1	(0)7	-6.93889e-018	-6.93889e-018	0.	0.	0.	0.	0.	0.	0.	1.	0.	0.	1.	0.	-0.	0.	0.	0.	0.	-1.	-1.	-1.	1	-1	0.	1-2.	-2.	-2.	-2.		
4.12218	0.	62.4938	232	0	(0)1	(0)17	(0)17	(0)1	(0)7	-6.93889e-018	-6.93889e-018	0.	0.	0.	0.	0.	0.	0.	1.	0.	0.	1.	0.	-0.	0.	0.	0.	0.	-1.	-1.	-1.	1	-1	0.	1-2.	-2.	-2.	-2.		
4.13925	0.	58.6015	233	0	(0)1	(0)17	(0)17	(0)1	(0)7	-6.93889e-018	-6.93889e-018	0.	0.	0.	0.	0.	0.	0.	1.	0.	0.	1.	0.	-0.	0.	0.	0.	0.	-1.	-1.	-1.	1	-1	0.	1-2.	-2.	-2.	-2.		
4.15626	0.	58.7897	234	0	(0)1	(0)17	(0)17	(0)1	(0)7	-6.93889e-018	-6.93889e-018	0.	0.	0.	0.	0.	0.	0.	1.	0.	0.	1.	0.	-0.	0.	0.	0.	0.	-1.	-1.	-1.	1	-1	0.	1-2.	-2.	-2.	-2.		
4.17321	0.	58.975	235	0	(0)1	(0)17	(0)17	(0)1	(0)7	-6.93889e-018	-6.93889e-018	0.	0.	0.	0.	0.	0.	0.	1.	0.	0.	1.	0.	-0.	0.	0.	0.	0.	-1.	-1.	-1.	1	-1	0.	1-2.	-2.	-2.	-2.		
4.1902	0.	58.8608	236	0	(0)1	(0)17	(0)17	(0)1	(0)7	-6.93889e-018	-6.93889e-018	0.	0.	0.	0.	0.	0.	0.	1.	0.	0.	1.	0.	-0.	0.	0.	0.	0.	-1.	-1.	-1.	1	-1	0.	1-2.	-2.	-2.	-2.		
4.20621	0.	62.4679	237	0	(0)1	(0)17	(0)17	(0)1	(0)7	-6.93889e-018	-6.93889e-018	0.	0.	0.	0.	0.	0.	0.	1.	0.	0.	1.	0.	-0.	0.	0.	0.	0.	-1.	-1.	-1.	1	-1	0.	1-2.	-2.	-2.	-2.		
4.2232	0.	58.866	238	0	(0)1	(0)17	(0)17	(0)1	(0)7	-6.93889e-018	-6.93889e-018	0.	0.	0.	0.	0.	0.	0.	1.	0.	0.	1.	0.	-0.	0.	0.	0.	0.	-1.	-1.	-1.	1	-1	0.	1-2.	-2.	-2.	-2.		
4.23927	0.	62.2402	239	0	(0)1	(0)17	(0)17	(0)1	(0)7	-6.93889e-018	-6.93889e-018	0.	0.	0.	0.	0.	0.	0.	1.	0.	0.	1.	0.	-0.	0.	0.	0.	0.	-1.	-1.	-1.	1	-1	0.	1-2.	-2.	-2.	-2.		
4.25627	0.	58.8054	240	0	(0)1	(0)17	(0)17	(0)1	(0)7	-6.93889e-018	-6.93889e-018	0.	0.	0.	0.	0.	0.	0.	1.	0.	0.	1.	0.	-0.	0.	0.	0.	0.	-1.	-1.	-1.	1	-1	0.	1-2.	-2.	-2.	-2.		
4.27221	0.	62.7578	241	0	(0)1	(0)17	(0)17	(0)1	(0)7	-6.93889e-018	-6.93889e-018	0.	0.	0.	0.	0.	0.	0.	1.	0.	0.	1.	0.	-0.	0.	0.	0.	0.	-1.	-1.	-1.	1	-1	0.	1-2.	-2.	-2.	-2.		
4.28825	0.	62.3433	242	0	(0)1	(0)17	(0)17	(0)1	(0)7	-6.93889e-018	-6.93889e-018	0.	0.	0.	0.	0.	0.	0.	1.	0.	0.	1.	0.	-0.	0.	0.	0.	0.	-1.	-1.	-1.	1	-1	0.	1-2.	-2.	-2.	-2.		
4.30527	0.	58.7345	243	0	(0)1	(0)17	(0)17	(0)1	(0)7	-6.93889e-018	-6.93889e-018	0.	0.	0.	0.	0.	0.	0.	1.	0.	0.	1.	0.	-0.	0.	0.	0.	0.	-1.	-1.	-1.	1	-1	0.	1-2.	-2.	-2.	-2.		
4.32223	0.	58.9697	244	0	(0)1	(0)17	(0)17	(0)1	(0)7	-6.93889e-018	-6.93889e-018	0.	0.	0.	0.	0.	0.	0.	1.	0.	0.	1.	0.	-0.	0.	0.	0.	0.	-1.	-1.	-1.	1	-1	0.	1-2.	-2.	-2.	-2.		
4.34375	0.	46.4735	245	0	(0)1	(0)17	(0)17	(0)1	(0)7	-6.93889e-018	-6.93889e-018	0.	0.	0.	0.	0.	0.	0.	1.	0.	0.	1.	0.	-0.	0.	0.	0.	0.	-1.	-1.	-1.	1	-1	0.	1-2.	-2.	-2.	-2.		
4.36022	0.	60.6896	246	0	(0)1	(0)17	(0)17	(0)1	(0)7	-6.93889e-018	-6.93889e-018	0.	0.	0.	0.	0.	0.	0.	1.	0.	0.	1.	0.	-0.	0.	0.	0.	0.	-1.	-1.	-1.	1	-1	0.	1-2.	-2.	-2.	-2.		
4.37623	0.	62.4832	247	0	(0)1	(0)17	(0)17	(0)1	(0)7	-6.93889e-018	-6.93889e-018	0.	0.	0.	0.	0.	0.	0.	1.	0.	0.	1.	0.	-0.	0.	0.	0.	0.	-1.	-1.	-1.	1	-1	0.	1-2.	-2.	-2.	-2.		
4.3922	0.	62.6025	248	0	(0)1	(0)17	(0)17	(0)1	(0)7	-6.93889e-018	-6.93889e-018	0.	0.	0.	0.	0.	0.	0.	1.	0.	0.	1.	0.	-0.	0.	0.	0.	0.	-1.	-1.	-1.	1	-1	0.	1-2.	-2.	-2.	-2.		
4.40919	0.	58.8524	249	0	(0)1	(0)17	(0)17	(0)1	(0)7	-6.93889e-018	-6.93889e-018	0.	0.	0.	0.	0.	0.	0.	1.	0.	0.	1.	0.	-0.	0.	0.	0.	0.	-1.	-1.	-1.	1	-1	0.	1-2.	-2.	-2.	-2.		
4.42619	0.	58.8493	250	0	(0)1	(0)17	(0)17	(0)1	(0)7	-6.93889e-018	-6.93889e-018	0.	0.	0.	0.	0.	0.	0.	1.	0.	0.	1.	0.	-0.	0.	0.	0.	0.	-1.	-1.	-1.	1	-1	0.	1-2.	-2.	-2.	-2.		
4.44219	0.	62.4667	251	0	(0)1	(0)17	(0)17	(0)1	(0)7	-6.93889e-018	-6.93889e-018	0.	0.	0.	0.	0.	0.	0.	1.	0.	0.	1.	0.	-0.	0.	0.	0.	0.	-1.	-1.	-1.	1	-1	0.	1-2.	-2.	-2.	-2.		
4.45919	0.	58.8242	252	0	(0)1	(0)17	(0)17	(0)1	(0)7	-6.93889e-018	-6.93889e-018	0.	0.	0.	0.	0.	0.	0.	1.	0.	0.	1.	0.	-0.	0.	0.	0.	0.	-1.	-1.	-1.	1	-1	0.	1-2.	-2.	-2.	-2.		
4.47617	0.	58.8953	253	0	(0)1	(0)17	(0)17	(0)1	(0)7	-6.93889e-018	-6.93889e-018	0.	0.	0.	0.	0.	0.	0.	1.	0.	0.	1.	0.	-0.	0.	0.	0.	0.	-1.	-1.	-1.	1	-1	0.	1-2.	-2.	-2.	-2.		
4.49219	0.	62.422	254	0	(0)1	(0)17	(0)17	(0)1	(0)7	-6.93889e-018	-6.93889e-018	0.	0.	0.	0.	0.	0.	0.	1.	0.	0.	1.	0.	-0.	0.	0.	0.	0.	-1.	-1.	-1.	1	-1	0.	1-2.	-2.	-2.	-2.		
4.50918	0.	58.8827	255	0	(0)1	(0)17	(0)17	(0)1	(0)7	-6.93889e-018	-6.93889e-018	0.	0.	0.	0.	0.	0.	0.	1.	0.	0.	1.	0.	-0.	0.	0.	0.	0.	-1.	-1.	-1.	1	-1	0.	1-2.	-2.	-2.	-2.		
4.52628	0.	58.466	256	0	(0)1	(0)17	(0)17	(0)1	(0)7	-6.93889e-018	-6.93889e-018	0.	0.	0.	0.	0.	0.	0.	1.	0.	0.	1.	0.	-0.	0.	0.	0.	0.	-1.	-1.	-1.	1	-1	0.	1-2.	-2.	-2.	-2.		
4.54321	0.	59.0654	257	0	(0)1	(0)17	(0)17	(0)1	(0)7	-6.93889e-018	-6.93889e-018	0.	0.	0.	0.	0.	0.	0.	1.	0.	0.	1.	0.	-0.	0.	0.	0.	0.	-1.	-1.	-1.	1	-1	0.	1-2.	-2.	-2.	-2.		
4.55919	0.	62.5824	258	0	(0)1	(0)17	(0)17	(0)1	(0)7	-6.93889e-018	-6.93889e-018	0.	0.	0.	0.	0.	0.	0.	1.	0.	0.	1.	0.	-0.	0.	0.	0.	0.	-1.	-1.	-1.	1	-1	0.	1-2.	-2.	-2.	-2.		
4.5762	0.	58.772	259	0	(0)1	(0)17	(0)17	(0)1	(0)7	-6.93889e-018	-6.93889e-018	0.	0.	0.	0.	0.	0.	0.	1.	0.	0.	1.	0.	-0.	0.	0.	0.	0.	-1.	-1.	-1.	1	-1	0.	1-2.	-2.	-2.	-2.		
4.59224	0.	62.3457	260	0	(0)1	(0)17	(0)17	(0)1	(0)7	-6.93889e-018	-6.93889e-018	0.	0.	0.	0.	0.	0.	0.	1.	0.	0.	1.	0.	-0.	0.	0.	0.	0.	-1.	-1.	-1.	1	-1	0.	1-2.	-2.	-2.	-2.		
4.61159	0.	51.6883	261	0	(0)1	(0)17	(0)17	(0)1	(0)7	-6.93889e-018	-6.93889e-018	0.	0.	0.	0.	0.	0.	0.	1.	0.	0.	1.	0.	-0.	0.	0.	0.	0.	-1.	-1.	-1.	1	-1	0.	1-2.	-2.	-2.	-2.		
4.6302	0.	53.7244	262	0	(0)1	(0)17	(0)17	(0)1	(0)7	-6.93889e-018	-6.93889e-018	0.	0.	0.	0.	0.	0.	0.	1.	0.	0.	1.	0.	-0.	0.	0.	0.	0.	-1.	-1.	-1.	1	-1	0.	1-2.	-2.	-2.	-2.		
4.64717	0.	58.954	263	0	(0)1	(0)17	(0)17	(0)1	(0)7	-6.93889e-018	-6.93889e-018	0.	0.	0.	0.	0.	0.	0.	1.	0.	0.	1.	0.	-0.	0.	0.	0.	0.	-1.	-1.	-1.	1	-1	0.	1-2.	-2.	-2.	-2.		
4.67522	0.	35.6413	264	0	(0)1	(0)17	(0)17	(0)1	(0)7	-6.93889e-018	-6.93889e-018	0.	0.	0.	0.	0.	0.	0.	1.	0.	0.	1.	0.	-0.	0.	0.	0.	0.	-1.	-1.	-1.	1	-1	0.	1-2.	-2.	-2.	-2.		
4.69121	0.	62.5717	265	0	(0)1	(0)17	(0)17	(0)1	(0)7	-6.93889e-018	-6.93889e-018	0.	0.	0.	0.	0.	0.	0.	1.	0.	0.	1.	0.	-0.	0.	0.	0.	0.	-1.	-1.	-1.	1	-1	0.	1-2.	-2.	-2.	-2.		
4.70818	0.	58.9142	266	0	(0)1	(0)17	(0)17	(0)1	(0)7	-6.93889e-018	-6.93889e-018	0.	0.	0.	0.	0.	0.	0.	1.	0.	0.	1.	0.	-0.	0.	0.	0.	0.	-1.	-1.	-1.	1	-1	0.	1-2.	-2.	-2.	-2.		

