TrialReplay

Frame:	2
1.	0.	0.	0.	
0.	1.	0.	0.	
0.	0.	1.	0.	
-6.	4.44089e-015	0.	1.	
Dynamic:	1	

Frame:	3
1.	0.	0.	0.	
0.	1.	0.	0.	
0.	0.	1.	0.	
0.	0.	0.	1.	
Dynamic:	1	

Frame:	4
1.	0.	0.	0.	
0.	1.	0.	0.	
0.	0.	1.	0.	
0.	0.	0.	1.	
Dynamic:	1	

Frame:	5
1.	0.	0.	0.	
0.	1.	0.	0.	
0.	0.	1.	0.	
0.	0.	0.	1.	
Dynamic:	1	

Frame:	6
1.	0.	0.	0.	
0.	1.	0.	0.	
0.	0.	1.	0.	
0.	0.	0.	1.	
Dynamic:	1	

Frame:	7
1.	0.	0.	0.	
0.	1.	0.	0.	
0.	0.	1.	0.	
0.	0.	0.	1.	
Dynamic:	1	

Frame:	8
1.	0.	0.	0.	
0.	1.	0.	0.	
0.	0.	1.	0.	
0.	0.	0.	1.	
Dynamic:	1	

Frame:	9
1.	0.	0.	0.	
0.	1.	0.	0.	
0.	0.	1.	0.	
0.	0.	0.	1.	
Dynamic:	1	

Frame:	10
1.	0.	0.	0.	
0.	1.	0.	0.	
0.	0.	1.	0.	
0.	0.	0.	1.	
Dynamic:	1	

Frame:	11
1.	0.	0.	0.	
0.	1.	0.	0.	
0.	0.	1.	0.	
0.	0.	0.	1.	
Dynamic:	1	

Frame:	12
1.	0.	0.	0.	
0.	1.	0.	0.	
0.	0.	1.	0.	
0.	0.	0.	1.	
Dynamic:	1	

Frame:	13
1.	0.	0.	0.	
0.	1.	0.	0.	
0.	0.	1.	0.	
0.	0.	0.	1.	
Dynamic:	1	

Frame:	14
1.	0.	0.	0.	
0.	1.	0.	0.	
0.	0.	1.	0.	
0.	0.	0.	1.	
Dynamic:	1	

Frame:	15
1.	0.	0.	0.	
0.	1.	0.	0.	
0.	0.	1.	0.	
0.	0.	0.	1.	
Dynamic:	1	

Frame:	16
1.	0.	0.	0.	
0.	1.	0.	0.	
0.	0.	1.	0.	
0.	0.	0.	1.	
Dynamic:	1	

Frame:	17
1.	0.	0.	0.	
0.	1.	0.	0.	
0.	0.	1.	0.	
0.	0.	0.	1.	
Dynamic:	1	

Frame:	18
1.	0.	0.	0.	
0.	1.	0.	0.	
0.	0.	1.	0.	
0.	0.	0.	1.	
Dynamic:	1	

Frame:	19
1.	0.	0.	0.	
0.	1.	0.	0.	
0.	0.	1.	0.	
0.	0.	0.	1.	
Dynamic:	1	

Frame:	20
1.	0.	0.	0.	
0.	1.	0.	0.	
0.	0.	1.	0.	
0.	0.	0.	1.	
Dynamic:	1	

Frame:	21
1.	0.	0.	0.	
0.	1.	0.	0.	
0.	0.	1.	0.	
0.	0.	0.	1.	
Dynamic:	1	

Frame:	22
1.	0.	0.	0.	
0.	1.	0.	0.	
0.	0.	1.	0.	
0.	0.	0.	1.	
Dynamic:	1	

Frame:	23
1.	0.	0.	0.	
0.	1.	0.	0.	
0.	0.	1.	0.	
0.	0.	0.	1.	
Dynamic:	1	

Frame:	24
1.	0.	0.	0.	
0.	1.	0.	0.	
0.	0.	1.	0.	
0.	0.	0.	1.	
Dynamic:	1	

Frame:	25
1.	0.	0.	0.	
0.	1.	0.	0.	
0.	0.	1.	0.	
0.	0.	0.	1.	
Dynamic:	1	

Frame:	26
1.	0.	0.	0.	
0.	1.	0.	0.	
0.	0.	1.	0.	
0.	0.	0.	1.	
Dynamic:	1	

Frame:	27
1.	0.	0.	0.	
0.	1.	0.	0.	
0.	0.	1.	0.	
0.	0.	0.	1.	
Dynamic:	1	

Frame:	28
1.	0.	0.	0.	
0.	1.	0.	0.	
0.	0.	1.	0.	
0.	0.	0.	1.	
Dynamic:	1	

Frame:	29
1.	0.	0.	0.	
0.	1.	0.	0.	
0.	0.	1.	0.	
0.	0.	0.	1.	
Dynamic:	1	

Frame:	30
1.	0.	0.	0.	
0.	1.	0.	0.	
0.	0.	1.	0.	
0.	0.	0.	1.	
Dynamic:	1	

Frame:	31
1.	0.	0.	0.	
0.	1.	0.	0.	
0.	0.	1.	0.	
0.	0.	0.	1.	
Dynamic:	1	

Frame:	32
1.	0.	0.	0.	
0.	1.	0.	0.	
0.	0.	1.	0.	
0.	0.	0.	1.	
Dynamic:	1	

Frame:	33
1.	0.	0.	0.	
0.	1.	0.	0.	
0.	0.	1.	0.	
0.	0.	0.	1.	
Dynamic:	1	

Frame:	34
1.	0.	0.	0.	
0.	1.	0.	0.	
0.	0.	1.	0.	
0.	0.	0.	1.	
Dynamic:	1	

Frame:	35
1.	0.	0.	0.	
0.	1.	0.	0.	
0.	0.	1.	0.	
0.	0.	0.	1.	
Dynamic:	1	

Frame:	36
1.	0.	0.	0.	
0.	1.	0.	0.	
0.	0.	1.	0.	
0.	0.	0.	1.	
Dynamic:	1	

Frame:	37
1.	0.	0.	0.	
0.	1.	0.	0.	
0.	0.	1.	0.	
0.	0.	0.	1.	
Dynamic:	1	

Frame:	38
1.	0.	0.	0.	
0.	1.	0.	0.	
0.	0.	1.	0.	
0.	0.	0.	1.	
Dynamic:	1	

Frame:	39
1.	0.	0.	0.	
0.	1.	0.	0.	
0.	0.	1.	0.	
0.	0.	0.	1.	
Dynamic:	1	

Frame:	40
1.	0.	0.	0.	
0.	1.	0.	0.	
0.	0.	1.	0.	
0.	0.	0.	1.	
Dynamic:	1	

Frame:	41
1.	0.	0.	0.	
0.	1.	0.	0.	
0.	0.	1.	0.	
0.	0.	0.	1.	
Dynamic:	1	

Frame:	42
1.	0.	0.	0.	
0.	1.	0.	0.	
0.	0.	1.	0.	
0.	0.	0.	1.	
Dynamic:	1	

Frame:	43
1.	0.	0.	0.	
0.	1.	0.	0.	
0.	0.	1.	0.	
0.	0.	0.	1.	
Dynamic:	1	

Frame:	44
1.	0.	0.	0.	
0.	1.	0.	0.	
0.	0.	1.	0.	
0.	0.	0.	1.	
Dynamic:	1	

Frame:	45
1.	0.	0.	0.	
0.	1.	0.	0.	
0.	0.	1.	0.	
0.	0.	0.	1.	
Dynamic:	1	

Frame:	46
1.	0.	0.	0.	
0.	1.	0.	0.	
0.	0.	1.	0.	
0.	0.	0.	1.	
Dynamic:	1	

Frame:	47
1.	0.	0.	0.	
0.	1.	0.	0.	
0.	0.	1.	0.	
0.	0.	0.	1.	
Dynamic:	1	

Frame:	48
1.	0.	0.	0.	
0.	1.	0.	0.	
0.	0.	1.	0.	
0.	0.	0.	1.	
Dynamic:	1	

Frame:	49
1.	0.	0.	0.	
0.	1.	0.	0.	
0.	0.	1.	0.	
0.	0.	0.	1.	
Dynamic:	1	

Frame:	50
1.	0.	0.	0.	
0.	1.	0.	0.	
0.	0.	1.	0.	
0.	0.	0.	1.	
Dynamic:	1	

Frame:	51
1.	0.	0.	0.	
0.	1.	0.	0.	
0.	0.	1.	0.	
0.	0.	0.	1.	
Dynamic:	1	

Frame:	52
1.	0.	0.	0.	
0.	1.	0.	0.	
0.	0.	1.	0.	
0.	0.	0.	1.	
Dynamic:	1	

Frame:	53
1.	0.	0.	0.	
0.	1.	0.	0.	
0.	0.	1.	0.	
0.	0.	0.	1.	
Dynamic:	1	

Frame:	54
1.	0.	0.	0.	
0.	1.	0.	0.	
0.	0.	1.	0.	
0.	0.	0.	1.	
Dynamic:	1	

Frame:	55
1.	0.	0.	0.	
0.	1.	0.	0.	
0.	0.	1.	0.	
0.	0.	0.	1.	
Dynamic:	1	

Frame:	56
1.	0.	0.	0.	
0.	1.	0.	0.	
0.	0.	1.	0.	
0.	0.	0.	1.	
Dynamic:	1	

Frame:	57
1.	0.	0.	0.	
0.	1.	0.	0.	
0.	0.	1.	0.	
0.	0.	0.	1.	
Dynamic:	1	

Frame:	58
1.	0.	0.	0.	
0.	1.	0.	0.	
0.	0.	1.	0.	
0.	0.	0.	1.	
Dynamic:	1	

Frame:	59
1.	0.	0.	0.	
0.	1.	0.	0.	
0.	0.	1.	0.	
0.	0.	0.	1.	
Dynamic:	1	

Frame:	60
1.	0.	0.	0.	
0.	1.	0.	0.	
0.	0.	1.	0.	
0.	0.	0.	1.	
Dynamic:	1	

Frame:	61
1.	0.	0.	0.	
0.	1.	0.	0.	
0.	0.	1.	0.	
0.	0.	0.	1.	
Dynamic:	1	

Frame:	62
1.	0.	0.	0.	
0.	1.	0.	0.	
0.	0.	1.	0.	
0.	0.	0.	1.	
Dynamic:	1	

Frame:	63
1.	0.	0.	0.	
0.	1.	0.	0.	
0.	0.	1.	0.	
0.	0.	0.	1.	
Dynamic:	1	

Frame:	64
1.	0.	0.	0.	
0.	1.	0.	0.	
0.	0.	1.	0.	
0.	0.	0.	1.	
Dynamic:	1	

Frame:	65
1.	0.	0.	0.	
0.	1.	0.	0.	
0.	0.	1.	0.	
0.	0.	0.	1.	
Dynamic:	1	

Frame:	66
1.	0.	0.	0.	
0.	1.	0.	0.	
0.	0.	1.	0.	
0.	0.	0.	1.	
Dynamic:	1	

Frame:	67
1.	0.	0.	0.	
0.	1.	0.	0.	
0.	0.	1.	0.	
0.	0.	0.	1.	
Dynamic:	1	

Frame:	68
1.	0.	0.	0.	
0.	1.	0.	0.	
0.	0.	1.	0.	
0.	0.	0.	1.	
Dynamic:	1	

Frame:	69
1.	0.	0.	0.	
0.	1.	0.	0.	
0.	0.	1.	0.	
0.	0.	0.	1.	
Dynamic:	1	

Frame:	70
1.	0.	0.	0.	
0.	1.	0.	0.	
0.	0.	1.	0.	
0.	0.	0.	1.	
Dynamic:	1	

Frame:	71
1.	0.	0.	0.	
0.	1.	0.	0.	
0.	0.	1.	0.	
0.	0.	0.	1.	
Dynamic:	1	

Frame:	72
1.	0.	0.	0.	
0.	1.	0.	0.	
0.	0.	1.	0.	
0.	0.	0.	1.	
Dynamic:	1	

Frame:	73
1.	0.	0.	0.	
0.	1.	0.	0.	
0.	0.	1.	0.	
0.	0.	0.	1.	
Dynamic:	1	

Frame:	74
1.	0.	0.	0.	
0.	1.	0.	0.	
0.	0.	1.	0.	
0.	0.	0.	1.	
Dynamic:	1	

Frame:	75
1.	0.	0.	0.	
0.	1.	0.	0.	
0.	0.	1.	0.	
0.	0.	0.	1.	
Dynamic:	1	

Frame:	76
1.	0.	0.	0.	
0.	1.	0.	0.	
0.	0.	1.	0.	
0.	0.	0.	1.	
Dynamic:	1	

Frame:	77
1.	0.	0.	0.	
0.	1.	0.	0.	
0.	0.	1.	0.	
0.	0.	0.	1.	
Dynamic:	1	

Frame:	78
1.	0.	0.	0.	
0.	1.	0.	0.	
0.	0.	1.	0.	
0.	0.	0.	1.	
Dynamic:	1	

Frame:	79
1.	0.	0.	0.	
0.	1.	0.	0.	
0.	0.	1.	0.	
0.	0.	0.	1.	
Dynamic:	1	

Frame:	80
1.	0.	0.	0.	
0.	1.	0.	0.	
0.	0.	1.	0.	
0.	0.	0.	1.	
Dynamic:	1	

Frame:	81
1.	0.	0.	0.	
0.	1.	0.	0.	
0.	0.	1.	0.	
0.	0.	0.	1.	
Dynamic:	1	

Frame:	82
1.	0.	0.	0.	
0.	1.	0.	0.	
0.	0.	1.	0.	
0.	0.	0.	1.	
Dynamic:	1	

Frame:	83
1.	0.	0.	0.	
0.	1.	0.	0.	
0.	0.	1.	0.	
0.	0.	0.	1.	
Dynamic:	1	

Frame:	84
1.	0.	0.	0.	
0.	1.	0.	0.	
0.	0.	1.	0.	
0.	0.	0.	1.	
Dynamic:	1	

Frame:	85
1.	0.	0.	0.	
0.	1.	0.	0.	
0.	0.	1.	0.	
0.	0.	0.	1.	
Dynamic:	1	

Frame:	86
1.	0.	0.	0.	
0.	1.	0.	0.	
0.	0.	1.	0.	
0.	0.	0.	1.	
Dynamic:	1	

Frame:	87
1.	0.	0.	0.	
0.	1.	0.	0.	
0.	0.	1.	0.	
0.	0.	0.	1.	
Dynamic:	1	

Frame:	88
1.	0.	0.	0.	
0.	1.	0.	0.	
0.	0.	1.	0.	
0.	0.	0.	1.	
Dynamic:	1	

Frame:	89
1.	0.	0.	0.	
0.	1.	0.	0.	
0.	0.	1.	0.	
0.	0.	0.	1.	
Dynamic:	1	

Frame:	90
1.	0.	0.	0.	
0.	1.	0.	0.	
0.	0.	1.	0.	
0.	0.	0.	1.	
Dynamic:	1	

Frame:	91
1.	0.	0.	0.	
0.	1.	0.	0.	
0.	0.	1.	0.	
0.	0.	0.	1.	
Dynamic:	1	

Frame:	92
1.	0.	0.	0.	
0.	1.	0.	0.	
0.	0.	1.	0.	
0.	0.	0.	1.	
Dynamic:	1	

Frame:	93
1.	0.	0.	0.	
0.	1.	0.	0.	
0.	0.	1.	0.	
0.	0.	0.	1.	
Dynamic:	1	

Frame:	94
1.	0.	0.	0.	
0.	1.	0.	0.	
0.	0.	1.	0.	
0.	0.	0.	1.	
Dynamic:	1	

Frame:	95
1.	0.	0.	0.	
0.	1.	0.	0.	
0.	0.	1.	0.	
0.	0.	0.	1.	
Dynamic:	1	

Frame:	96
1.	0.	0.	0.	
0.	1.	0.	0.	
0.	0.	1.	0.	
0.	0.	0.	1.	
Dynamic:	1	

Frame:	97
1.	0.	0.	0.	
0.	1.	0.	0.	
0.	0.	1.	0.	
0.	0.	0.	1.	
Dynamic:	1	

Frame:	98
1.	0.	0.	0.	
0.	1.	0.	0.	
0.	0.	1.	0.	
0.	0.	0.	1.	
Dynamic:	1	

Frame:	99
1.	0.	0.	0.	
0.	1.	0.	0.	
0.	0.	1.	0.	
0.	0.	0.	1.	
Dynamic:	1	

Frame:	100
1.	0.	0.	0.	
0.	1.	0.	0.	
0.	0.	1.	0.	
0.	0.	0.	1.	
Dynamic:	1	

Frame:	101
1.	0.	0.	0.	
0.	1.	0.	0.	
0.	0.	1.	0.	
0.	0.	0.	1.	
Dynamic:	1	

Frame:	102
1.	0.	0.	0.	
0.	1.	0.	0.	
0.	0.	1.	0.	
0.	0.	0.	1.	
Dynamic:	1	

Frame:	103
1.	0.	0.	0.	
0.	1.	0.	0.	
0.	0.	1.	0.	
0.	0.	0.	1.	
Dynamic:	1	

Frame:	104
1.	0.	0.	0.	
0.	1.	0.	0.	
0.	0.	1.	0.	
0.	0.	0.	1.	
Dynamic:	1	

Frame:	105
1.	0.	0.	0.	
0.	1.	0.	0.	
0.	0.	1.	0.	
0.	0.	0.	1.	
Dynamic:	1	

Frame:	106
1.	0.	0.	0.	
0.	1.	0.	0.	
0.	0.	1.	0.	
0.	0.	0.	1.	
Dynamic:	1	

Frame:	107
1.	0.	0.	0.	
0.	1.	0.	0.	
0.	0.	1.	0.	
0.	0.	0.	1.	
Dynamic:	1	

Frame:	108
1.	0.	0.	0.	
0.	1.	0.	0.	
0.	0.	1.	0.	
0.	0.	0.	1.	
Dynamic:	1	

Frame:	109
1.	0.	0.	0.	
0.	1.	0.	0.	
0.	0.	1.	0.	
0.	0.	0.	1.	
Dynamic:	1	

Frame:	110
1.	0.	0.	0.	
0.	1.	0.	0.	
0.	0.	1.	0.	
0.	0.	0.	1.	
Dynamic:	1	

Frame:	111
1.	0.	0.	0.	
0.	1.	0.	0.	
0.	0.	1.	0.	
0.	0.	0.	1.	
Dynamic:	1	

Frame:	112
1.	0.	0.	0.	
0.	1.	0.	0.	
0.	0.	1.	0.	
0.	0.	0.	1.	
Dynamic:	1	

Frame:	113
1.	0.	0.	0.	
0.	1.	0.	0.	
0.	0.	1.	0.	
0.	0.	0.	1.	
Dynamic:	1	

Frame:	114
1.	0.	0.	0.	
0.	1.	0.	0.	
0.	0.	1.	0.	
0.	0.	0.	1.	
Dynamic:	1	

Frame:	115
1.	0.	0.	0.	
0.	1.	0.	0.	
0.	0.	1.	0.	
0.	0.	0.	1.	
Dynamic:	1	

Frame:	116
1.	0.	0.	0.	
0.	1.	0.	0.	
0.	0.	1.	0.	
0.	0.	0.	1.	
Dynamic:	1	

Frame:	117
1.	0.	0.	0.	
0.	1.	0.	0.	
0.	0.	1.	0.	
0.	0.	0.	1.	
Dynamic:	1	

Frame:	118
1.	0.	0.	0.	
0.	1.	0.	0.	
0.	0.	1.	0.	
0.	0.	0.	1.	
Dynamic:	1	

Frame:	119
1.	0.	0.	0.	
0.	1.	0.	0.	
0.	0.	1.	0.	
0.	0.	0.	1.	
Dynamic:	1	

Frame:	120
1.	0.	0.	0.	
0.	1.	0.	0.	
0.	0.	1.	0.	
0.	0.	0.	1.	
Dynamic:	1	

Frame:	121
1.	0.	0.	0.	
0.	1.	0.	0.	
0.	0.	1.	0.	
0.	0.	0.	1.	
Dynamic:	1	

Frame:	122
1.	0.	0.	0.	
0.	1.	0.	0.	
0.	0.	1.	0.	
0.	0.	0.	1.	
Dynamic:	1	

Frame:	123
1.	0.	0.	0.	
0.	1.	0.	0.	
0.	0.	1.	0.	
0.	0.	0.	1.	
Dynamic:	1	

Frame:	124
1.	0.	0.	0.	
0.	1.	0.	0.	
0.	0.	1.	0.	
0.	0.	0.	1.	
Dynamic:	1	

Frame:	125
1.	0.	0.	0.	
0.	1.	0.	0.	
0.	0.	1.	0.	
0.	0.	0.	1.	
Dynamic:	1	

Frame:	126
1.	0.	0.	0.	
0.	1.	0.	0.	
0.	0.	1.	0.	
0.	0.	0.	1.	
Dynamic:	1	

Frame:	127
1.	0.	0.	0.	
0.	1.	0.	0.	
0.	0.	1.	0.	
0.	0.	0.	1.	
Dynamic:	1	

Frame:	128
1.	0.	0.	0.	
0.	1.	0.	0.	
0.	0.	1.	0.	
0.	0.	0.	1.	
Dynamic:	1	

Frame:	129
1.	0.	0.	0.	
0.	1.	0.	0.	
0.	0.	1.	0.	
0.	0.	0.	1.	
Dynamic:	1	

Frame:	130
1.	0.	0.	0.	
0.	1.	0.	0.	
0.	0.	1.	0.	
0.	0.	0.	1.	
Dynamic:	1	

Frame:	131
1.	0.	0.	0.	
0.	1.	0.	0.	
0.	0.	1.	0.	
0.	0.	0.	1.	
Dynamic:	1	

Frame:	132
1.	0.	0.	0.	
0.	1.	0.	0.	
0.	0.	1.	0.	
0.	0.	0.	1.	
Dynamic:	1	

Frame:	133
1.	0.	0.	0.	
0.	1.	0.	0.	
0.	0.	1.	0.	
0.	0.	0.	1.	
Dynamic:	1	

Frame:	134
1.	0.	0.	0.	
0.	1.	0.	0.	
0.	0.	1.	0.	
0.	0.	0.	1.	
Dynamic:	1	

Frame:	135
1.	0.	0.	0.	
0.	1.	0.	0.	
0.	0.	1.	0.	
0.	0.	0.	1.	
Dynamic:	1	

Frame:	136
1.	0.	0.	0.	
0.	1.	0.	0.	
0.	0.	1.	0.	
0.	0.	0.	1.	
Dynamic:	1	

Frame:	137
1.	0.	0.	0.	
0.	1.	0.	0.	
0.	0.	1.	0.	
0.	0.	0.	1.	
Dynamic:	1	

Frame:	138
1.	0.	0.	0.	
0.	1.	0.	0.	
0.	0.	1.	0.	
0.	0.	0.	1.	
Dynamic:	1	

Frame:	139
1.	0.	0.	0.	
0.	1.	0.	0.	
0.	0.	1.	0.	
0.	0.	0.	1.	
Dynamic:	1	

Frame:	140
1.	0.	0.	0.	
0.	1.	0.	0.	
0.	0.	1.	0.	
0.	0.	0.	1.	
Dynamic:	1	

Frame:	141
1.	0.	0.	0.	
0.	1.	0.	0.	
0.	0.	1.	0.	
0.	0.	0.	1.	
Dynamic:	1	

Frame:	142
1.	0.	0.	0.	
0.	1.	0.	0.	
0.	0.	1.	0.	
0.	0.	0.	1.	
Dynamic:	1	

Frame:	143
1.	0.	0.	0.	
0.	1.	0.	0.	
0.	0.	1.	0.	
0.	0.	0.	1.	
Dynamic:	1	

Frame:	144
1.	0.	0.	0.	
0.	1.	0.	0.	
0.	0.	1.	0.	
0.	0.	0.	1.	
Dynamic:	1	

Frame:	145
1.	0.	0.	0.	
0.	1.	0.	0.	
0.	0.	1.	0.	
0.	0.	0.	1.	
Dynamic:	1	

Frame:	146
1.	0.	0.	0.	
0.	1.	0.	0.	
0.	0.	1.	0.	
0.	0.	0.	1.	
Dynamic:	1	

Frame:	147
1.	0.	0.	0.	
0.	1.	0.	0.	
0.	0.	1.	0.	
0.	0.	0.	1.	
Dynamic:	1	

Frame:	148
1.	0.	0.	0.	
0.	1.	0.	0.	
0.	0.	1.	0.	
0.	0.	0.	1.	
Dynamic:	1	

Frame:	149
1.	0.	0.	0.	
0.	1.	0.	0.	
0.	0.	1.	0.	
0.	0.	0.	1.	
Dynamic:	1	

Frame:	150
1.	0.	0.	0.	
0.	1.	0.	0.	
0.	0.	1.	0.	
0.	0.	0.	1.	
Dynamic:	1	

Frame:	151
1.	0.	0.	0.	
0.	1.	0.	0.	
0.	0.	1.	0.	
0.	0.	0.	1.	
Dynamic:	1	

Frame:	152
1.	0.	0.	0.	
0.	1.	0.	0.	
0.	0.	1.	0.	
0.	0.	0.	1.	
Dynamic:	1	

Frame:	153
1.	0.	0.	0.	
0.	1.	0.	0.	
0.	0.	1.	0.	
0.	0.	0.	1.	
Dynamic:	1	

Frame:	154
1.	0.	0.	0.	
0.	1.	0.	0.	
0.	0.	1.	0.	
0.	0.	0.	1.	
Dynamic:	1	

Frame:	155
1.	0.	0.	0.	
0.	1.	0.	0.	
0.	0.	1.	0.	
0.	0.	0.	1.	
Dynamic:	1	

Frame:	156
1.	0.	0.	0.	
0.	1.	0.	0.	
0.	0.	1.	0.	
0.	0.	0.	1.	
Dynamic:	1	

Frame:	157
1.	0.	0.	0.	
0.	1.	0.	0.	
0.	0.	1.	0.	
0.	0.	0.	1.	
Dynamic:	1	

Frame:	158
1.	0.	0.	0.	
0.	1.	0.	0.	
0.	0.	1.	0.	
0.	0.	0.	1.	
Dynamic:	1	

Frame:	159
1.	0.	0.	0.	
0.	1.	0.	0.	
0.	0.	1.	0.	
0.	0.	0.	1.	
Dynamic:	1	

Frame:	160
1.	0.	0.	0.	
0.	1.	0.	0.	
0.	0.	1.	0.	
0.	0.	0.	1.	
Dynamic:	1	

Frame:	161
1.	0.	0.	0.	
0.	1.	0.	0.	
0.	0.	1.	0.	
0.	0.	0.	1.	
Dynamic:	1	

Frame:	162
1.	0.	0.	0.	
0.	1.	0.	0.	
0.	0.	1.	0.	
0.	0.	0.	1.	
Dynamic:	1	

Frame:	163
1.	0.	0.	0.	
0.	1.	0.	0.	
0.	0.	1.	0.	
0.	0.	0.	1.	
Dynamic:	1	

Frame:	164
1.	0.	0.	0.	
0.	1.	0.	0.	
0.	0.	1.	0.	
0.	0.	0.	1.	
Dynamic:	1	

Frame:	165
1.	0.	0.	0.	
0.	1.	0.	0.	
0.	0.	1.	0.	
0.	0.	0.	1.	
Dynamic:	1	

Frame:	166
1.	0.	0.	0.	
0.	1.	0.	0.	
0.	0.	1.	0.	
0.	0.	0.	1.	
Dynamic:	1	

Frame:	167
1.	0.	0.	0.	
0.	1.	0.	0.	
0.	0.	1.	0.	
0.	0.	0.	1.	
Dynamic:	1	

Frame:	168
1.	0.	0.	0.	
0.	1.	0.	0.	
0.	0.	1.	0.	
0.	0.	0.	1.	
Dynamic:	1	

Frame:	169
1.	0.	0.	0.	
0.	1.	0.	0.	
0.	0.	1.	0.	
0.	0.	0.	1.	
Dynamic:	1	

Frame:	170
1.	0.	0.	0.	
0.	1.	0.	0.	
0.	0.	1.	0.	
0.	0.	0.	1.	
Dynamic:	1	

Frame:	171
1.	0.	0.	0.	
0.	1.	0.	0.	
0.	0.	1.	0.	
0.	0.	0.	1.	
Dynamic:	1	

Frame:	172
1.	0.	0.	0.	
0.	1.	0.	0.	
0.	0.	1.	0.	
0.	0.	0.	1.	
Dynamic:	1	

Frame:	173
1.	0.	0.	0.	
0.	1.	0.	0.	
0.	0.	1.	0.	
0.	0.	0.	1.	
Dynamic:	1	

Frame:	174
1.	0.	0.	0.	
0.	1.	0.	0.	
0.	0.	1.	0.	
0.	0.	0.	1.	
Dynamic:	1	

Frame:	175
1.	0.	0.	0.	
0.	1.	0.	0.	
0.	0.	1.	0.	
0.	0.	0.	1.	
Dynamic:	1	

Frame:	176
1.	0.	0.	0.	
0.	1.	0.	0.	
0.	0.	1.	0.	
0.	0.	0.	1.	
Dynamic:	1	

Frame:	177
1.	0.	0.	0.	
0.	1.	0.	0.	
0.	0.	1.	0.	
0.	0.	0.	1.	
Dynamic:	1	

Frame:	178
1.	0.	0.	0.	
0.	1.	0.	0.	
0.	0.	1.	0.	
0.	0.	0.	1.	
Dynamic:	1	

Frame:	179
1.	0.	0.	0.	
0.	1.	0.	0.	
0.	0.	1.	0.	
0.	0.	0.	1.	
Dynamic:	1	

Frame:	180
1.	0.	0.	0.	
0.	1.	0.	0.	
0.	0.	1.	0.	
0.	0.	0.	1.	
Dynamic:	1	

Frame:	181
1.	0.	0.	0.	
0.	1.	0.	0.	
0.	0.	1.	0.	
0.	0.	0.	1.	
Dynamic:	1	

Frame:	182
1.	0.	0.	0.	
0.	1.	0.	0.	
0.	0.	1.	0.	
0.	0.	0.	1.	
Dynamic:	1	

Frame:	183
1.	0.	0.	0.	
0.	1.	0.	0.	
0.	0.	1.	0.	
0.	0.	0.	1.	
Dynamic:	1	

Frame:	184
1.	0.	0.	0.	
0.	1.	0.	0.	
0.	0.	1.	0.	
0.	0.	0.	1.	
Dynamic:	1	

Frame:	185
1.	0.	0.	0.	
0.	1.	0.	0.	
0.	0.	1.	0.	
0.	0.	0.	1.	
Dynamic:	1	

Frame:	186
1.	0.	0.	0.	
0.	1.	0.	0.	
0.	0.	1.	0.	
0.	0.	0.	1.	
Dynamic:	1	

Frame:	187
1.	0.	0.	0.	
0.	1.	0.	0.	
0.	0.	1.	0.	
0.	0.	0.	1.	
Dynamic:	1	

Frame:	188
1.	0.	0.	0.	
0.	1.	0.	0.	
0.	0.	1.	0.	
0.	0.	0.	1.	
Dynamic:	1	

Frame:	189
1.	0.	0.	0.	
0.	1.	0.	0.	
0.	0.	1.	0.	
0.	0.	0.	1.	
Dynamic:	1	

Frame:	190
1.	0.	0.	0.	
0.	1.	0.	0.	
0.	0.	1.	0.	
0.	0.	0.	1.	
Dynamic:	1	

Frame:	191
1.	0.	0.	0.	
0.	1.	0.	0.	
0.	0.	1.	0.	
0.	0.	0.	1.	
Dynamic:	1	

Frame:	192
1.	0.	0.	0.	
0.	1.	0.	0.	
0.	0.	1.	0.	
0.	0.	0.	1.	
Dynamic:	1	

Frame:	193
1.	0.	0.	0.	
0.	1.	0.	0.	
0.	0.	1.	0.	
0.	0.	0.	1.	
Dynamic:	1	

Frame:	194
1.	0.	0.	0.	
0.	1.	0.	0.	
0.	0.	1.	0.	
0.	0.	0.	1.	
Dynamic:	1	

Frame:	195
1.	0.	0.	0.	
0.	1.	0.	0.	
0.	0.	1.	0.	
0.	0.	0.	1.	
Dynamic:	1	

Frame:	196
1.	0.	0.	0.	
0.	1.	0.	0.	
0.	0.	1.	0.	
0.	0.	0.	1.	
Dynamic:	1	

Frame:	197
1.	0.	0.	0.	
0.	1.	0.	0.	
0.	0.	1.	0.	
0.	0.	0.	1.	
Dynamic:	1	

Frame:	198
1.	0.	0.	0.	
0.	1.	0.	0.	
0.	0.	1.	0.	
0.	0.	0.	1.	
Dynamic:	1	

Frame:	199
1.	0.	0.	0.	
0.	1.	0.	0.	
0.	0.	1.	0.	
0.	0.	0.	1.	
Dynamic:	1	

Frame:	200
1.	0.	0.	0.	
0.	1.	0.	0.	
0.	0.	1.	0.	
0.	0.	0.	1.	
Dynamic:	1	

Frame:	201
1.	0.	0.	0.	
0.	1.	0.	0.	
0.	0.	1.	0.	
0.	0.	0.	1.	
Dynamic:	1	

Frame:	202
1.	0.	0.	0.	
0.	1.	0.	0.	
0.	0.	1.	0.	
0.	0.	0.	1.	
Dynamic:	1	

Frame:	203
1.	0.	0.	0.	
0.	1.	0.	0.	
0.	0.	1.	0.	
0.	0.	0.	1.	
Dynamic:	1	

Frame:	204
1.	0.	0.	0.	
0.	1.	0.	0.	
0.	0.	1.	0.	
0.	0.	0.	1.	
Dynamic:	1	

Frame:	205
1.	0.	0.	0.	
0.	1.	0.	0.	
0.	0.	1.	0.	
0.	0.	0.	1.	
Dynamic:	1	

Frame:	206
1.	0.	0.	0.	
0.	1.	0.	0.	
0.	0.	1.	0.	
0.	0.	0.	1.	
Dynamic:	1	

Frame:	207
1.	0.	0.	0.	
0.	1.	0.	0.	
0.	0.	1.	0.	
0.	0.	0.	1.	
Dynamic:	1	

Frame:	208
1.	0.	0.	0.	
0.	1.	0.	0.	
0.	0.	1.	0.	
0.	0.	0.	1.	
Dynamic:	1	

Frame:	209
1.	0.	0.	0.	
0.	1.	0.	0.	
0.	0.	1.	0.	
0.	0.	0.	1.	
Dynamic:	1	

Frame:	210
1.	0.	0.	0.	
0.	1.	0.	0.	
0.	0.	1.	0.	
0.	0.	0.	1.	
Dynamic:	1	

Frame:	211
1.	0.	0.	0.	
0.	1.	0.	0.	
0.	0.	1.	0.	
0.	0.	0.	1.	
Dynamic:	1	

Frame:	212
1.	0.	0.	0.	
0.	1.	0.	0.	
0.	0.	1.	0.	
0.	0.	0.	1.	
Dynamic:	1	

Frame:	213
1.	0.	0.	0.	
0.	1.	0.	0.	
0.	0.	1.	0.	
0.	0.	0.	1.	
Dynamic:	1	

Frame:	214
1.	0.	0.	0.	
0.	1.	0.	0.	
0.	0.	1.	0.	
0.	0.	0.	1.	
Dynamic:	1	

Frame:	215
1.	0.	0.	0.	
0.	1.	0.	0.	
0.	0.	1.	0.	
0.	0.	0.	1.	
Dynamic:	1	

Frame:	216
1.	0.	0.	0.	
0.	1.	0.	0.	
0.	0.	1.	0.	
0.	0.	0.	1.	
Dynamic:	1	

Frame:	217
1.	0.	0.	0.	
0.	1.	0.	0.	
0.	0.	1.	0.	
0.	0.	0.	1.	
Dynamic:	1	

Frame:	218
1.	0.	0.	0.	
0.	1.	0.	0.	
0.	0.	1.	0.	
0.	0.	0.	1.	
Dynamic:	1	

Frame:	219
1.	0.	0.	0.	
0.	1.	0.	0.	
0.	0.	1.	0.	
0.	0.	0.	1.	
Dynamic:	1	

Frame:	220
1.	0.	0.	0.	
0.	1.	0.	0.	
0.	0.	1.	0.	
0.	0.	0.	1.	
Dynamic:	1	

Frame:	221
1.	0.	0.	0.	
0.	1.	0.	0.	
0.	0.	1.	0.	
0.	0.	0.	1.	
Dynamic:	1	

Frame:	222
1.	0.	0.	0.	
0.	1.	0.	0.	
0.	0.	1.	0.	
0.	0.	0.	1.	
Dynamic:	1	

Frame:	223
1.	0.	0.	0.	
0.	1.	0.	0.	
0.	0.	1.	0.	
0.	0.	0.	1.	
Dynamic:	1	

Frame:	224
1.	0.	0.	0.	
0.	1.	0.	0.	
0.	0.	1.	0.	
0.	0.	0.	1.	
Dynamic:	1	

Frame:	225
1.	0.	0.	0.	
0.	1.	0.	0.	
0.	0.	1.	0.	
0.	0.	0.	1.	
Dynamic:	1	

Frame:	226
1.	0.	0.	0.	
0.	1.	0.	0.	
0.	0.	1.	0.	
0.	0.	0.	1.	
Dynamic:	1	

Frame:	227
1.	0.	0.	0.	
0.	1.	0.	0.	
0.	0.	1.	0.	
0.	0.	0.	1.	
Dynamic:	1	

Frame:	228
1.	0.	0.	0.	
0.	1.	0.	0.	
0.	0.	1.	0.	
0.	0.	0.	1.	
Dynamic:	1	

Frame:	229
1.	0.	0.	0.	
0.	1.	0.	0.	
0.	0.	1.	0.	
0.	0.	0.	1.	
Dynamic:	1	

Frame:	230
1.	0.	0.	0.	
0.	1.	0.	0.	
0.	0.	1.	0.	
0.	0.	0.	1.	
Dynamic:	1	

Frame:	231
1.	0.	0.	0.	
0.	1.	0.	0.	
0.	0.	1.	0.	
0.	0.	0.	1.	
Dynamic:	1	

Frame:	232
1.	0.	0.	0.	
0.	1.	0.	0.	
0.	0.	1.	0.	
0.	0.	0.	1.	
Dynamic:	1	

Frame:	233
1.	0.	0.	0.	
0.	1.	0.	0.	
0.	0.	1.	0.	
0.	0.	0.	1.	
Dynamic:	1	

Frame:	234
1.	0.	0.	0.	
0.	1.	0.	0.	
0.	0.	1.	0.	
0.	0.	0.	1.	
Dynamic:	1	

Frame:	235
1.	0.	0.	0.	
0.	1.	0.	0.	
0.	0.	1.	0.	
0.	0.	0.	1.	
Dynamic:	1	

Frame:	236
1.	0.	0.	0.	
0.	1.	0.	0.	
0.	0.	1.	0.	
0.	0.	0.	1.	
Dynamic:	1	

Frame:	237
1.	0.	0.	0.	
0.	1.	0.	0.	
0.	0.	1.	0.	
0.	0.	0.	1.	
Dynamic:	1	

Frame:	238
1.	0.	0.	0.	
0.	1.	0.	0.	
0.	0.	1.	0.	
0.	0.	0.	1.	
Dynamic:	1	

Frame:	239
1.	0.	0.	0.	
0.	1.	0.	0.	
0.	0.	1.	0.	
0.	0.	0.	1.	
Dynamic:	1	

Frame:	240
1.	0.	0.	0.	
0.	1.	0.	0.	
0.	0.	1.	0.	
0.	0.	0.	1.	
Dynamic:	1	

Frame:	241
1.	0.	0.	0.	
0.	1.	0.	0.	
0.	0.	1.	0.	
0.	0.	0.	1.	
Dynamic:	1	

Frame:	242
1.	0.	0.	0.	
0.	1.	0.	0.	
0.	0.	1.	0.	
0.	0.	0.	1.	
Dynamic:	1	

Frame:	243
1.	0.	0.	0.	
0.	1.	0.	0.	
0.	0.	1.	0.	
0.	0.	0.	1.	
Dynamic:	1	

Frame:	244
1.	0.	0.	0.	
0.	1.	0.	0.	
0.	0.	1.	0.	
0.	0.	0.	1.	
Dynamic:	1	

Frame:	245
1.	0.	0.	0.	
0.	1.	0.	0.	
0.	0.	1.	0.	
0.	0.	0.	1.	
Dynamic:	1	

Frame:	246
1.	0.	0.	0.	
0.	1.	0.	0.	
0.	0.	1.	0.	
0.	0.	0.	1.	
Dynamic:	1	

Frame:	247
1.	0.	0.	0.	
0.	1.	0.	0.	
0.	0.	1.	0.	
0.	0.	0.	1.	
Dynamic:	1	

Frame:	248
1.	0.	0.	0.	
0.	1.	0.	0.	
0.	0.	1.	0.	
0.	0.	0.	1.	
Dynamic:	1	

Frame:	249
1.	0.	0.	0.	
0.	1.	0.	0.	
0.	0.	1.	0.	
0.	0.	0.	1.	
Dynamic:	1	

Frame:	250
1.	0.	0.	0.	
0.	1.	0.	0.	
0.	0.	1.	0.	
0.	0.	0.	1.	
Dynamic:	1	

Frame:	251
1.	0.	0.	0.	
0.	1.	0.	0.	
0.	0.	1.	0.	
0.	0.	0.	1.	
Dynamic:	1	

Frame:	252
1.	0.	0.	0.	
0.	1.	0.	0.	
0.	0.	1.	0.	
0.	0.	0.	1.	
Dynamic:	1	

Frame:	253
1.	0.	0.	0.	
0.	1.	0.	0.	
0.	0.	1.	0.	
0.	0.	0.	1.	
Dynamic:	1	

Frame:	254
1.	0.	0.	0.	
0.	1.	0.	0.	
0.	0.	1.	0.	
0.	0.	0.	1.	
Dynamic:	1	

Frame:	255
1.	0.	0.	0.	
0.	1.	0.	0.	
0.	0.	1.	0.	
0.	0.	0.	1.	
Dynamic:	1	

Frame:	256
1.	0.	0.	0.	
0.	1.	0.	0.	
0.	0.	1.	0.	
0.	0.	0.	1.	
Dynamic:	1	

Frame:	257
1.	0.	0.	0.	
0.	1.	0.	0.	
0.	0.	1.	0.	
0.	0.	0.	1.	
Dynamic:	1	

Frame:	258
1.	0.	0.	0.	
0.	1.	0.	0.	
0.	0.	1.	0.	
0.	0.	0.	1.	
Dynamic:	1	

Frame:	259
1.	0.	0.	0.	
0.	1.	0.	0.	
0.	0.	1.	0.	
0.	0.	0.	1.	
Dynamic:	1	

Frame:	260
1.	0.	0.	0.	
0.	1.	0.	0.	
0.	0.	1.	0.	
0.	0.	0.	1.	
Dynamic:	1	

Frame:	261
1.	0.	0.	0.	
0.	1.	0.	0.	
0.	0.	1.	0.	
0.	0.	0.	1.	
Dynamic:	1	

Frame:	262
1.	0.	0.	0.	
0.	1.	0.	0.	
0.	0.	1.	0.	
0.	0.	0.	1.	
Dynamic:	1	

Frame:	263
1.	0.	0.	0.	
0.	1.	0.	0.	
0.	0.	1.	0.	
0.	0.	0.	1.	
Dynamic:	1	

Frame:	264
1.	0.	0.	0.	
0.	1.	0.	0.	
0.	0.	1.	0.	
0.	0.	0.	1.	
Dynamic:	1	

Frame:	265
1.	0.	0.	0.	
0.	1.	0.	0.	
0.	0.	1.	0.	
0.	0.	0.	1.	
Dynamic:	1	

Frame:	266
1.	0.	0.	0.	
0.	1.	0.	0.	
0.	0.	1.	0.	
0.	0.	0.	1.	
Dynamic:	1	

Frame:	267
1.	0.	0.	0.	
0.	1.	0.	0.	
0.	0.	1.	0.	
0.	0.	0.	1.	
Dynamic:	1	

Frame:	268
1.	0.	0.	0.	
0.	1.	0.	0.	
0.	0.	1.	0.	
0.	0.	0.	1.	
Dynamic:	1	

Frame:	269
1.	0.	0.	0.	
0.	1.	0.	0.	
0.	0.	1.	0.	
0.	0.	0.	1.	
Dynamic:	1	

Frame:	270
1.	0.	0.	0.	
0.	1.	0.	0.	
0.	0.	1.	0.	
0.	0.	0.	1.	
Dynamic:	1	

Frame:	271
1.	0.	0.	0.	
0.	1.	0.	0.	
0.	0.	1.	0.	
0.	0.	0.	1.	
Dynamic:	1	

Frame:	272
1.	0.	0.	0.	
0.	1.	0.	0.	
0.	0.	1.	0.	
0.	0.	0.	1.	
Dynamic:	1	

Frame:	273
1.	0.	0.	0.	
0.	1.	0.	0.	
0.	0.	1.	0.	
0.	0.	0.	1.	
Dynamic:	1	

Frame:	274
1.	0.	0.	0.	
0.	1.	0.	0.	
0.	0.	1.	0.	
0.	0.	0.	1.	
Dynamic:	1	

Frame:	275
1.	0.	0.	0.	
0.	1.	0.	0.	
0.	0.	1.	0.	
0.	0.	0.	1.	
Dynamic:	1	

Frame:	276
1.	0.	0.	0.	
0.	1.	0.	0.	
0.	0.	1.	0.	
0.	0.	0.	1.	
Dynamic:	1	

Frame:	277
1.	0.	0.	0.	
0.	1.	0.	0.	
0.	0.	1.	0.	
0.	0.	0.	1.	
Dynamic:	1	

Frame:	278
1.	0.	0.	0.	
0.	1.	0.	0.	
0.	0.	1.	0.	
0.	0.	0.	1.	
Dynamic:	1	

Frame:	279
1.	0.	0.	0.	
0.	1.	0.	0.	
0.	0.	1.	0.	
0.	0.	0.	1.	
Dynamic:	1	

Frame:	280
1.	0.	0.	0.	
0.	1.	0.	0.	
0.	0.	1.	0.	
0.	0.	0.	1.	
Dynamic:	1	

Frame:	281
1.	0.	0.	0.	
0.	1.	0.	0.	
0.	0.	1.	0.	
0.	0.	0.	1.	
Dynamic:	1	

Frame:	282
1.	0.	0.	0.	
0.	1.	0.	0.	
0.	0.	1.	0.	
0.	0.	0.	1.	
Dynamic:	1	

Frame:	283
1.	0.	0.	0.	
0.	1.	0.	0.	
0.	0.	1.	0.	
0.	0.	0.	1.	
Dynamic:	1	

Frame:	284
1.	0.	0.	0.	
0.	1.	0.	0.	
0.	0.	1.	0.	
0.	0.	0.	1.	
Dynamic:	1	

Frame:	285
1.	0.	0.	0.	
0.	1.	0.	0.	
0.	0.	1.	0.	
0.	0.	0.	1.	
Dynamic:	1	

Frame:	286
1.	0.	0.	0.	
0.	1.	0.	0.	
0.	0.	1.	0.	
0.	0.	0.	1.	
Dynamic:	1	

Frame:	287
1.	0.	0.	0.	
0.	1.	0.	0.	
0.	0.	1.	0.	
0.	0.	0.	1.	
Dynamic:	1	

Frame:	288
1.	0.	0.	0.	
0.	1.	0.	0.	
0.	0.	1.	0.	
0.	0.	0.	1.	
Dynamic:	1	

Frame:	289
1.	0.	0.	0.	
0.	1.	0.	0.	
0.	0.	1.	0.	
0.	0.	0.	1.	
Dynamic:	1	

Frame:	290
1.	0.	0.	0.	
0.	1.	0.	0.	
0.	0.	1.	0.	
0.	0.	0.	1.	
Dynamic:	1	

Frame:	291
1.	0.	0.	0.	
0.	1.	0.	0.	
0.	0.	1.	0.	
0.	0.	0.	1.	
Dynamic:	1	

Frame:	292
1.	0.	0.	0.	
0.	1.	0.	0.	
0.	0.	1.	0.	
0.	0.	0.	1.	
Dynamic:	1	

Frame:	293
1.	0.	0.	0.	
0.	1.	0.	0.	
0.	0.	1.	0.	
0.	0.	0.	1.	
Dynamic:	1	

Frame:	294
1.	0.	0.	0.	
0.	1.	0.	0.	
0.	0.	1.	0.	
0.	0.	0.	1.	
Dynamic:	1	

Frame:	295
1.	0.	0.	0.	
0.	1.	0.	0.	
0.	0.	1.	0.	
0.	0.	0.	1.	
Dynamic:	1	

Frame:	296
1.	0.	0.	0.	
0.	1.	0.	0.	
0.	0.	1.	0.	
0.	0.	0.	1.	
Dynamic:	1	

Frame:	297
1.	0.	0.	0.	
0.	1.	0.	0.	
0.	0.	1.	0.	
0.	0.	0.	1.	
Dynamic:	1	

Frame:	298
1.	0.	0.	0.	
0.	1.	0.	0.	
0.	0.	1.	0.	
0.	0.	0.	1.	
Dynamic:	1	

Frame:	299
1.	0.	0.	0.	
0.	1.	0.	0.	
0.	0.	1.	0.	
0.	0.	0.	1.	
Dynamic:	1	

Frame:	300
1.	0.	0.	0.	
0.	1.	0.	0.	
0.	0.	1.	0.	
0.	0.	0.	1.	
Dynamic:	1	

Frame:	301
1.	0.	0.	0.	
0.	1.	0.	0.	
0.	0.	1.	0.	
0.	0.	0.	1.	
Dynamic:	1	

Frame:	302
1.	0.	0.	0.	
0.	1.	0.	0.	
0.	0.	1.	0.	
0.	0.	0.	1.	
Dynamic:	1	

Frame:	303
1.	0.	0.	0.	
0.	1.	0.	0.	
0.	0.	1.	0.	
0.	0.	0.	1.	
Dynamic:	1	

Frame:	304
1.	0.	0.	0.	
0.	1.	0.	0.	
0.	0.	1.	0.	
0.	0.	0.	1.	
Dynamic:	1	

Frame:	305
1.	0.	0.	0.	
0.	1.	0.	0.	
0.	0.	1.	0.	
0.	0.	0.	1.	
Dynamic:	1	

Frame:	306
1.	0.	0.	0.	
0.	1.	0.	0.	
0.	0.	1.	0.	
0.	0.	0.	1.	
Dynamic:	1	

Frame:	307
1.	0.	0.	0.	
0.	1.	0.	0.	
0.	0.	1.	0.	
0.	0.	0.	1.	
Dynamic:	1	

Frame:	308
1.	0.	0.	0.	
0.	1.	0.	0.	
0.	0.	1.	0.	
0.	0.	0.	1.	
Dynamic:	1	

Frame:	309
1.	0.	0.	0.	
0.	1.	0.	0.	
0.	0.	1.	0.	
0.	0.	0.	1.	
Dynamic:	1	

Frame:	310
1.	0.	0.	0.	
0.	1.	0.	0.	
0.	0.	1.	0.	
0.	0.	0.	1.	
Dynamic:	1	

Frame:	311
1.	0.	0.	0.	
0.	1.	0.	0.	
0.	0.	1.	0.	
0.	0.	0.	1.	
Dynamic:	1	

Frame:	312
1.	0.	0.	0.	
0.	1.	0.	0.	
0.	0.	1.	0.	
0.	0.	0.	1.	
Dynamic:	1	

Frame:	313
1.	0.	0.	0.	
0.	1.	0.	0.	
0.	0.	1.	0.	
0.	0.	0.	1.	
Dynamic:	1	

Frame:	314
1.	0.	0.	0.	
0.	1.	0.	0.	
0.	0.	1.	0.	
0.	0.	0.	1.	
Dynamic:	1	

Frame:	315
1.	0.	0.	0.	
0.	1.	0.	0.	
0.	0.	1.	0.	
0.	0.	0.	1.	
Dynamic:	1	

Frame:	316
1.	0.	0.	0.	
0.	1.	0.	0.	
0.	0.	1.	0.	
0.	0.	0.	1.	
Dynamic:	1	

Frame:	317
1.	0.	0.	0.	
0.	1.	0.	0.	
0.	0.	1.	0.	
0.	0.	0.	1.	
Dynamic:	1	

Frame:	318
1.	0.	0.	0.	
0.	1.	0.	0.	
0.	0.	1.	0.	
0.	0.	0.	1.	
Dynamic:	1	

Frame:	319
1.	0.	0.	0.	
0.	1.	0.	0.	
0.	0.	1.	0.	
0.	0.	0.	1.	
Dynamic:	1	

Frame:	320
1.	0.	0.	0.	
0.	1.	0.	0.	
0.	0.	1.	0.	
0.	0.	0.	1.	
Dynamic:	1	

Frame:	321
1.	0.	0.	0.	
0.	1.	0.	0.	
0.	0.	1.	0.	
0.	0.	0.	1.	
Dynamic:	1	

Frame:	322
1.	0.	0.	0.	
0.	1.	0.	0.	
0.	0.	1.	0.	
0.	0.	0.	1.	
Dynamic:	1	

Frame:	323
1.	0.	0.	0.	
0.	1.	0.	0.	
0.	0.	1.	0.	
0.	0.	0.	1.	
Dynamic:	1	

Frame:	324
1.	0.	0.	0.	
0.	1.	0.	0.	
0.	0.	1.	0.	
0.	0.	0.	1.	
Dynamic:	1	

Frame:	325
1.	0.	0.	0.	
0.	1.	0.	0.	
0.	0.	1.	0.	
0.	0.	0.	1.	
Dynamic:	1	

Frame:	326
1.	0.	0.	0.	
0.	1.	0.	0.	
0.	0.	1.	0.	
0.	0.	0.	1.	
Dynamic:	1	

Frame:	327
1.	0.	0.	0.	
0.	1.	0.	0.	
0.	0.	1.	0.	
0.	0.	0.	1.	
Dynamic:	1	

Frame:	328
1.	0.	0.	0.	
0.	1.	0.	0.	
0.	0.	1.	0.	
0.	0.	0.	1.	
Dynamic:	1	

Frame:	329
1.	0.	0.	0.	
0.	1.	0.	0.	
0.	0.	1.	0.	
0.	0.	0.	1.	
Dynamic:	1	

Frame:	330
1.	0.	0.	0.	
0.	1.	0.	0.	
0.	0.	1.	0.	
0.	0.	0.	1.	
Dynamic:	1	

Frame:	331
1.	0.	0.	0.	
0.	1.	0.	0.	
0.	0.	1.	0.	
0.	0.	0.	1.	
Dynamic:	1	

Frame:	332
1.	0.	0.	0.	
0.	1.	0.	0.	
0.	0.	1.	0.	
0.	0.	0.	1.	
Dynamic:	1	

Frame:	333
1.	0.	0.	0.	
0.	1.	0.	0.	
0.	0.	1.	0.	
0.	0.	0.	1.	
Dynamic:	1	

Frame:	334
1.	0.	0.	0.	
0.	1.	0.	0.	
0.	0.	1.	0.	
0.	0.	0.	1.	
Dynamic:	1	

Frame:	335
1.	0.	0.	0.	
0.	1.	0.	0.	
0.	0.	1.	0.	
0.	0.	0.	1.	
Dynamic:	1	

Frame:	336
1.	0.	0.	0.	
0.	1.	0.	0.	
0.	0.	1.	0.	
0.	0.	0.	1.	
Dynamic:	1	

Frame:	337
1.	0.	0.	0.	
0.	1.	0.	0.	
0.	0.	1.	0.	
0.	0.	0.	1.	
Dynamic:	1	

Frame:	338
1.	0.	0.	0.	
0.	1.	0.	0.	
0.	0.	1.	0.	
0.	0.	0.	1.	
Dynamic:	1	

Frame:	339
1.	0.	0.	0.	
0.	1.	0.	0.	
0.	0.	1.	0.	
0.	0.	0.	1.	
Dynamic:	1	

Frame:	340
1.	0.	0.	0.	
0.	1.	0.	0.	
0.	0.	1.	0.	
0.	0.	0.	1.	
Dynamic:	1	

Frame:	341
1.	0.	0.	0.	
0.	1.	0.	0.	
0.	0.	1.	0.	
0.	0.	0.	1.	
Dynamic:	1	

Frame:	342
1.	0.	0.	0.	
0.	1.	0.	0.	
0.	0.	1.	0.	
0.	0.	0.	1.	
Dynamic:	1	

Frame:	343
1.	0.	0.	0.	
0.	1.	0.	0.	
0.	0.	1.	0.	
0.	0.	0.	1.	
Dynamic:	1	

Frame:	344
1.	0.	0.	0.	
0.	1.	0.	0.	
0.	0.	1.	0.	
0.	0.	0.	1.	
Dynamic:	1	

Frame:	345
1.	0.	0.	0.	
0.	1.	0.	0.	
0.	0.	1.	0.	
0.	0.	0.	1.	
Dynamic:	1	

Frame:	346
1.	0.	0.	0.	
0.	1.	0.	0.	
0.	0.	1.	0.	
0.	0.	0.	1.	
Dynamic:	1	

Frame:	347
1.	0.	0.	0.	
0.	1.	0.	0.	
0.	0.	1.	0.	
0.	0.	0.	1.	
Dynamic:	1	

Frame:	348
1.	0.	0.	0.	
0.	1.	0.	0.	
0.	0.	1.	0.	
0.	0.	0.	1.	
Dynamic:	1	

Frame:	349
1.	0.	0.	0.	
0.	1.	0.	0.	
0.	0.	1.	0.	
0.	0.	0.	1.	
Dynamic:	1	

Frame:	350
1.	0.	0.	0.	
0.	1.	0.	0.	
0.	0.	1.	0.	
0.	0.	0.	1.	
Dynamic:	1	

Frame:	351
1.	0.	0.	0.	
0.	1.	0.	0.	
0.	0.	1.	0.	
0.	0.	0.	1.	
Dynamic:	1	

Frame:	352
1.	0.	0.	0.	
0.	1.	0.	0.	
0.	0.	1.	0.	
0.	0.	0.	1.	
Dynamic:	1	

Frame:	353
1.	0.	0.	0.	
0.	1.	0.	0.	
0.	0.	1.	0.	
0.	0.	0.	1.	
Dynamic:	1	

Frame:	354
1.	0.	0.	0.	
0.	1.	0.	0.	
0.	0.	1.	0.	
0.	0.	0.	1.	
Dynamic:	1	

Frame:	355
1.	0.	0.	0.	
0.	1.	0.	0.	
0.	0.	1.	0.	
0.	0.	0.	1.	
Dynamic:	1	

Frame:	356
1.	0.	0.	0.	
0.	1.	0.	0.	
0.	0.	1.	0.	
0.	0.	0.	1.	
Dynamic:	1	

Frame:	357
1.	0.	0.	0.	
0.	1.	0.	0.	
0.	0.	1.	0.	
0.	0.	0.	1.	
Dynamic:	1	

Frame:	358
1.	0.	0.	0.	
0.	1.	0.	0.	
0.	0.	1.	0.	
0.	0.	0.	1.	
Dynamic:	1	

Frame:	359
1.	0.	0.	0.	
0.	1.	0.	0.	
0.	0.	1.	0.	
0.	0.	0.	1.	
Dynamic:	1	

Frame:	360
1.	0.	0.	0.	
0.	1.	0.	0.	
0.	0.	1.	0.	
0.	0.	0.	1.	
Dynamic:	1	

Frame:	361
1.	0.	0.	0.	
0.	1.	0.	0.	
0.	0.	1.	0.	
0.	0.	0.	1.	
Dynamic:	1	

Frame:	362
1.	0.	0.	0.	
0.	1.	0.	0.	
0.	0.	1.	0.	
0.	0.	0.	1.	
Dynamic:	1	

Frame:	363
1.	0.	0.	0.	
0.	1.	0.	0.	
0.	0.	1.	0.	
0.	0.	0.	1.	
Dynamic:	1	

Frame:	364
1.	0.	0.	0.	
0.	1.	0.	0.	
0.	0.	1.	0.	
0.	0.	0.	1.	
Dynamic:	1	

Frame:	365
1.	0.	0.	0.	
0.	1.	0.	0.	
0.	0.	1.	0.	
0.	0.	0.	1.	
Dynamic:	1	

Frame:	366
1.	0.	0.	0.	
0.	1.	0.	0.	
0.	0.	1.	0.	
0.	0.	0.	1.	
Dynamic:	1	

Frame:	367
1.	0.	0.	0.	
0.	1.	0.	0.	
0.	0.	1.	0.	
0.	0.	0.	1.	
Dynamic:	1	

Frame:	368
1.	0.	0.	0.	
0.	1.	0.	0.	
0.	0.	1.	0.	
0.	0.	0.	1.	
Dynamic:	1	

Frame:	369
1.	0.	0.	0.	
0.	1.	0.	0.	
0.	0.	1.	0.	
0.	0.	0.	1.	
Dynamic:	1	

Frame:	370
1.	0.	0.	0.	
0.	1.	0.	0.	
0.	0.	1.	0.	
0.	0.	0.	1.	
Dynamic:	1	

Frame:	371
1.	0.	0.	0.	
0.	1.	0.	0.	
0.	0.	1.	0.	
0.	0.	0.	1.	
Dynamic:	1	

Frame:	372
1.	0.	0.	0.	
0.	1.	0.	0.	
0.	0.	1.	0.	
0.	0.	0.	1.	
Dynamic:	1	

Frame:	373
1.	0.	0.	0.	
0.	1.	0.	0.	
0.	0.	1.	0.	
0.	0.	0.	1.	
Dynamic:	1	

Frame:	374
1.	0.	0.	0.	
0.	1.	0.	0.	
0.	0.	1.	0.	
0.	0.	0.	1.	
Dynamic:	1	

Frame:	375
1.	0.	0.	0.	
0.	1.	0.	0.	
0.	0.	1.	0.	
0.	0.	0.	1.	
Dynamic:	1	

Frame:	376
1.	0.	0.	0.	
0.	1.	0.	0.	
0.	0.	1.	0.	
0.	0.	0.	1.	
Dynamic:	1	

Frame:	377
1.	0.	0.	0.	
0.	1.	0.	0.	
0.	0.	1.	0.	
0.	0.	0.	1.	
Dynamic:	1	

Frame:	378
1.	0.	0.	0.	
0.	1.	0.	0.	
0.	0.	1.	0.	
0.	0.	0.	1.	
Dynamic:	1	

Frame:	379
1.	0.	0.	0.	
0.	1.	0.	0.	
0.	0.	1.	0.	
0.	0.	0.	1.	
Dynamic:	1	

Frame:	380
1.	0.	0.	0.	
0.	1.	0.	0.	
0.	0.	1.	0.	
0.	0.	0.	1.	
Dynamic:	1	

Frame:	381
1.	0.	0.	0.	
0.	1.	0.	0.	
0.	0.	1.	0.	
0.	0.	0.	1.	
Dynamic:	1	

Frame:	382
1.	0.	0.	0.	
0.	1.	0.	0.	
0.	0.	1.	0.	
0.	0.	0.	1.	
Dynamic:	1	

Frame:	383
1.	0.	0.	0.	
0.	1.	0.	0.	
0.	0.	1.	0.	
0.	0.	0.	1.	
Dynamic:	1	

Frame:	384
1.	0.	0.	0.	
0.	1.	0.	0.	
0.	0.	1.	0.	
0.	0.	0.	1.	
Dynamic:	1	

Frame:	385
1.	0.	0.	0.	
0.	1.	0.	0.	
0.	0.	1.	0.	
0.	0.	0.	1.	
Dynamic:	1	

Frame:	386
1.	0.	0.	0.	
0.	1.	0.	0.	
0.	0.	1.	0.	
0.	0.	0.	1.	
Dynamic:	1	

Frame:	387
1.	0.	0.	0.	
0.	1.	0.	0.	
0.	0.	1.	0.	
0.	0.	0.	1.	
Dynamic:	1	

Frame:	388
1.	0.	0.	0.	
0.	1.	0.	0.	
0.	0.	1.	0.	
0.	0.	0.	1.	
Dynamic:	1	

Frame:	389
1.	0.	0.	0.	
0.	1.	0.	0.	
0.	0.	1.	0.	
0.	0.	0.	1.	
Dynamic:	1	

Frame:	390
1.	0.	0.	0.	
0.	1.	0.	0.	
0.	0.	1.	0.	
0.	0.	0.	1.	
Dynamic:	1	

Frame:	391
1.	0.	0.	0.	
0.	1.	0.	0.	
0.	0.	1.	0.	
0.	0.	0.	1.	
Dynamic:	1	

Frame:	392
1.	0.	0.	0.	
0.	1.	0.	0.	
0.	0.	1.	0.	
0.	0.	0.	1.	
Dynamic:	1	

Frame:	393
1.	0.	0.	0.	
0.	1.	0.	0.	
0.	0.	1.	0.	
0.	5.85201e-002	0.	1.	
Dynamic:	1	

Frame:	394
1.	0.	0.	0.	
0.	1.	0.	0.	
0.	0.	1.	0.	
0.	5.86019e-002	0.	1.	
Dynamic:	1	

Frame:	395
1.	0.	0.	0.	
0.	1.	0.	0.	
0.	0.	1.	0.	
0.	5.81713e-002	0.	1.	
Dynamic:	1	

Frame:	396
1.	0.	0.	0.	
0.	1.	0.	0.	
0.	0.	1.	0.	
0.	5.93498e-002	0.	1.	
Dynamic:	1	

Frame:	397
1.	0.	0.	0.	
0.	1.	0.	0.	
0.	0.	1.	0.	
0.	5.94814e-002	0.	1.	
Dynamic:	1	

Frame:	398
1.	0.	0.	0.	
0.	1.	0.	0.	
0.	0.	1.	0.	
0.	5.90542e-002	0.	1.	
Dynamic:	1	

Frame:	399
1.	0.	0.	0.	
0.	1.	0.	0.	
0.	0.	1.	0.	
0.	5.87373e-002	0.	1.	
Dynamic:	1	

Frame:	400
1.	0.	0.	0.	
0.	1.	0.	0.	
0.	0.	1.	0.	
0.	5.92446e-002	0.	1.	
Dynamic:	1	

Frame:	401
1.	0.	0.	0.	
0.	1.	0.	0.	
0.	0.	1.	0.	
0.	5.87054e-002	0.	1.	
Dynamic:	1	

Frame:	402
1.	0.	0.	0.	
0.	1.	0.	0.	
0.	0.	1.	0.	
0.	5.87595e-002	0.	1.	
Dynamic:	1	

Frame:	403
1.	0.	0.	0.	
0.	1.	0.	0.	
0.	0.	1.	0.	
0.	5.84828e-002	0.	1.	
Dynamic:	1	

Frame:	404
1.	0.	0.	0.	
0.	1.	0.	0.	
0.	0.	1.	0.	
0.	5.86052e-002	0.	1.	
Dynamic:	1	

Frame:	405
1.	0.	0.	0.	
0.	1.	0.	0.	
0.	0.	1.	0.	
0.	5.90362e-002	0.	1.	
Dynamic:	1	

Frame:	406
1.	0.	0.	0.	
0.	1.	0.	0.	
0.	0.	1.	0.	
0.	5.92513e-002	0.	1.	
Dynamic:	1	

Frame:	407
1.	0.	0.	0.	
0.	1.	0.	0.	
0.	0.	1.	0.	
0.	5.94164e-002	0.	1.	
Dynamic:	1	

Frame:	408
1.	0.	0.	0.	
0.	1.	0.	0.	
0.	0.	1.	0.	
0.	5.80967e-002	0.	1.	
Dynamic:	1	

Frame:	409
1.	0.	0.	0.	
0.	1.	0.	0.	
0.	0.	1.	0.	
0.	5.84405e-002	0.	1.	
Dynamic:	1	

Frame:	410
1.	0.	0.	0.	
0.	1.	0.	0.	
0.	0.	1.	0.	
0.	5.89607e-002	0.	1.	
Dynamic:	1	

Frame:	411
1.	0.	0.	0.	
0.	1.	0.	0.	
0.	0.	1.	0.	
0.	5.88773e-002	0.	1.	
Dynamic:	1	

Frame:	412
1.	0.	0.	0.	
0.	1.	0.	0.	
0.	0.	1.	0.	
0.	6.02914e-002	0.	1.	
Dynamic:	1	

Frame:	413
1.	0.	0.	0.	
0.	1.	0.	0.	
0.	0.	1.	0.	
0.	5.98101e-002	0.	1.	
Dynamic:	1	

Frame:	414
1.	0.	0.	0.	
0.	1.	0.	0.	
0.	0.	1.	0.	
0.	5.89729e-002	0.	1.	
Dynamic:	1	

Frame:	415
1.	0.	0.	0.	
0.	1.	0.	0.	
0.	0.	1.	0.	
0.	5.99962e-002	0.	1.	
Dynamic:	1	

Frame:	416
1.	0.	0.	0.	
0.	1.	0.	0.	
0.	0.	1.	0.	
0.	5.8975e-002	0.	1.	
Dynamic:	1	

Frame:	417
1.	0.	0.	0.	
0.	1.	0.	0.	
0.	0.	1.	0.	
0.	5.80929e-002	0.	1.	
Dynamic:	1	

Frame:	418
1.	0.	0.	0.	
0.	1.	0.	0.	
0.	0.	1.	0.	
0.	5.84526e-002	0.	1.	
Dynamic:	1	

Frame:	419
1.	0.	0.	0.	
0.	1.	0.	0.	
0.	0.	1.	0.	
0.	5.98214e-002	0.	1.	
Dynamic:	1	

Frame:	420
1.	-8.04605e-004	0.	0.	
8.04605e-004	1.	0.	0.	
0.	0.	1.	0.	
-2.27689e-004	5.29265e-002	0.	1.	
Dynamic:	1	

Frame:	421
0.999999	-1.53979e-003	0.	0.	
1.53979e-003	0.999999	0.	0.	
0.	0.	1.	0.	
-4.82113e-004	4.81817e-002	0.	1.	
Dynamic:	1	

Frame:	422
0.999997	-2.24228e-003	0.	0.	
2.24228e-003	0.999997	0.	0.	
0.	0.	1.	0.	
-7.5197e-004	4.86533e-002	0.	1.	
Dynamic:	1	

Frame:	423
0.999997	-2.63462e-003	0.	0.	
2.63462e-003	0.999997	0.	0.	
0.	0.	1.	0.	
-9.2893e-004	4.75798e-002	0.	1.	
Dynamic:	1	

Frame:	424
0.999996	-2.67296e-003	0.	0.	
2.67296e-003	0.999996	0.	0.	
0.	0.	1.	0.	
-9.54518e-004	4.67538e-002	0.	1.	
Dynamic:	1	

Frame:	425
0.999996	-2.65781e-003	0.	0.	
2.65781e-003	0.999996	0.	0.	
0.	0.	1.	0.	
-9.4946e-004	4.64888e-002	0.	1.	
Dynamic:	1	

Frame:	426
0.999996	-2.65404e-003	0.	0.	
2.65404e-003	0.999996	0.	0.	
0.	0.	1.	0.	
-9.48201e-004	4.64229e-002	0.	1.	
Dynamic:	1	

Frame:	427
0.999997	-2.61932e-003	0.	0.	
2.61932e-003	0.999997	0.	0.	
0.	0.	1.	0.	
-9.36593e-004	4.58156e-002	0.	1.	
Dynamic:	1	

Frame:	428
0.999996	-2.77503e-003	0.	0.	
2.77503e-003	0.999996	0.	0.	
0.	0.	1.	0.	
-9.88491e-004	4.85392e-002	0.	1.	
Dynamic:	1	

Frame:	429
0.999996	-2.9023e-003	0.	0.	
2.9023e-003	0.999996	0.	0.	
0.	0.	1.	0.	
-1.0306e-003	5.07654e-002	0.	1.	
Dynamic:	1	

Frame:	430
0.999997	-2.64416e-003	0.	0.	
2.64416e-003	0.999997	0.	0.	
0.	0.	1.	0.	
-9.449e-004	4.62501e-002	0.	1.	
Dynamic:	1	

Frame:	431
0.999997	-2.64217e-003	0.	0.	
2.64217e-003	0.999997	0.	0.	
0.	0.	1.	0.	
-9.44233e-004	4.62152e-002	0.	1.	
Dynamic:	1	

Frame:	432
0.999997	-2.64309e-003	0.	0.	
2.64309e-003	0.999997	0.	0.	
0.	0.	1.	0.	
-9.44541e-004	4.62313e-002	0.	1.	
Dynamic:	1	

Frame:	433
0.999997	-2.60011e-003	0.	0.	
2.60011e-003	0.999997	0.	0.	
0.	0.	1.	0.	
-9.30161e-004	4.54796e-002	0.	1.	
Dynamic:	1	

Frame:	434
0.999997	-2.58058e-003	0.	0.	
2.58058e-003	0.999997	0.	0.	
0.	0.	1.	0.	
-9.23614e-004	4.51379e-002	0.	1.	
Dynamic:	1	

Frame:	435
0.999997	-2.61189e-003	0.	0.	
2.61189e-003	0.999997	0.	0.	
0.	0.	1.	0.	
-9.34103e-004	4.56855e-002	0.	1.	
Dynamic:	1	

Frame:	436
0.999997	-2.60614e-003	0.	0.	
2.60614e-003	0.999997	0.	0.	
0.	0.	1.	0.	
-9.32178e-004	4.55849e-002	0.	1.	
Dynamic:	1	

Frame:	437
0.999997	-2.52858e-003	0.	0.	
2.52858e-003	0.999997	0.	0.	
0.	0.	1.	0.	
-7.79979e-004	4.71543e-002	0.	1.	
Dynamic:	1	

Frame:	438
0.999998	-1.95003e-003	0.	0.	
1.95003e-003	0.999998	0.	0.	
0.	0.	1.	0.	
8.80008e-005	5.1796e-002	0.	1.	
Dynamic:	1	

Frame:	439
1.	-9.76471e-004	0.	0.	
9.76471e-004	1.	0.	0.	
0.	0.	1.	0.	
1.51995e-003	5.77208e-002	0.	1.	
Dynamic:	1	

Frame:	440
1.	0.	0.	0.	
0.	1.	0.	0.	
0.	0.	1.	0.	
3.11064e-003	6.57345e-002	0.	1.	
Dynamic:	1	

Frame:	441
1.	0.	0.	0.	
0.	1.	0.	0.	
0.	0.	1.	0.	
3.06144e-003	6.46947e-002	0.	1.	
Dynamic:	1	

Frame:	442
1.	9.14038e-004	0.	0.	
-9.14038e-004	1.	0.	0.	
0.	0.	1.	0.	
4.42421e-003	6.70958e-002	0.	1.	
Dynamic:	1	

Frame:	443
0.999999	1.18962e-003	0.	0.	
-1.18962e-003	0.999999	0.	0.	
0.	0.	1.	0.	
4.85776e-003	6.79343e-002	0.	1.	
Dynamic:	1	

Frame:	444
0.999999	1.52202e-003	0.	0.	
-1.52202e-003	0.999999	0.	0.	
0.	0.	1.	0.	
5.57762e-003	7.29009e-002	0.	1.	
Dynamic:	1	

Frame:	445
0.999998	1.73902e-003	0.	0.	
-1.73902e-003	0.999998	0.	0.	
0.	0.	1.	0.	
5.9297e-003	7.31568e-002	0.	1.	
Dynamic:	1	

Frame:	446
0.999998	2.02988e-003	0.	0.	
-2.02988e-003	0.999998	0.	0.	
0.	0.	1.	0.	
6.50013e-003	7.54028e-002	0.	1.	
Dynamic:	1	

Frame:	447
0.999997	2.41368e-003	0.	0.	
-2.41368e-003	0.999997	0.	0.	
0.	0.	1.	0.	
7.22779e-003	7.71521e-002	0.	1.	
Dynamic:	1	

Frame:	448
0.999996	2.78176e-003	0.	0.	
-2.78176e-003	0.999996	0.	0.	
0.	0.	1.	0.	
7.96199e-003	7.91786e-002	0.	1.	
Dynamic:	1	

Frame:	449
0.999996	2.93726e-003	0.	0.	
-2.93726e-003	0.999996	0.	0.	
0.	0.	1.	0.	
8.28272e-003	8.00601e-002	0.	1.	
Dynamic:	1	

Frame:	450
0.999996	2.8893e-003	0.	0.	
-2.8893e-003	0.999996	0.	0.	
0.	0.	1.	0.	
8.14938e-003	7.87528e-002	0.	1.	
Dynamic:	1	

Frame:	451
0.999994	3.52577e-003	0.	0.	
-3.52577e-003	0.999994	0.	0.	
0.	0.	1.	0.	
9.91399e-003	9.61042e-002	0.	1.	
Dynamic:	1	

Frame:	452
0.999995	3.02995e-003	0.	0.	
-3.02995e-003	0.999995	0.	0.	
0.	0.	1.	0.	
8.54027e-003	8.2587e-002	0.	1.	
Dynamic:	1	

Frame:	453
0.999996	2.92916e-003	0.	0.	
-2.92916e-003	0.999996	0.	0.	
0.	0.	1.	0.	
8.2602e-003	7.98393e-002	0.	1.	
Dynamic:	1	

Frame:	454
0.999996	2.87916e-003	0.	0.	
-2.87916e-003	0.999996	0.	0.	
0.	0.	1.	0.	
8.12119e-003	7.84765e-002	0.	1.	
Dynamic:	1	

Frame:	455
0.999996	2.83486e-003	0.	0.	
-2.83486e-003	0.999996	0.	0.	
0.	0.	1.	0.	
7.99792e-003	7.72687e-002	0.	1.	
Dynamic:	1	

Frame:	456
0.999996	2.83147e-003	0.	0.	
-2.83147e-003	0.999996	0.	0.	
0.	0.	1.	0.	
7.9885e-003	7.71764e-002	0.	1.	
Dynamic:	1	

Frame:	457
0.999996	2.87935e-003	0.	0.	
-2.87935e-003	0.999996	0.	0.	
0.	0.	1.	0.	
8.12171e-003	7.84816e-002	0.	1.	
Dynamic:	1	

Frame:	458
0.999996	2.86254e-003	0.	0.	
-2.86254e-003	0.999996	0.	0.	
0.	0.	1.	0.	
8.07494e-003	7.80232e-002	0.	1.	
Dynamic:	1	

Frame:	459
0.999996	2.82786e-003	0.	0.	
-2.82786e-003	0.999996	0.	0.	
0.	0.	1.	0.	
7.97846e-003	7.7078e-002	0.	1.	
Dynamic:	1	

Frame:	460
0.999996	2.87928e-003	0.	0.	
-2.87928e-003	0.999996	0.	0.	
0.	0.	1.	0.	
8.1215e-003	7.84796e-002	0.	1.	
Dynamic:	1	

Frame:	461
0.999996	2.84511e-003	0.	0.	
-2.84511e-003	0.999996	0.	0.	
0.	0.	1.	0.	
8.02644e-003	7.75481e-002	0.	1.	
Dynamic:	1	

Frame:	462
0.999996	2.82023e-003	0.	0.	
-2.82023e-003	0.999996	0.	0.	
0.	0.	1.	0.	
7.95722e-003	7.687e-002	0.	1.	
Dynamic:	1	

Frame:	463
0.999996	2.82639e-003	0.	0.	
-2.82639e-003	0.999996	0.	0.	
0.	0.	1.	0.	
7.96932e-003	7.76923e-002	0.	1.	
Dynamic:	1	

Frame:	464
0.999997	2.58866e-003	0.	0.	
-2.58866e-003	0.999997	0.	0.	
0.	0.	1.	0.	
7.2373e-003	7.79064e-002	0.	1.	
Dynamic:	1	

Frame:	465
0.999998	2.04043e-003	0.	0.	
-2.04043e-003	0.999998	0.	0.	
0.	0.	1.	0.	
5.53834e-003	7.58075e-002	0.	1.	
Dynamic:	1	

Frame:	466
0.999999	1.17582e-003	0.	0.	
-1.17582e-003	0.999999	0.	0.	
0.	0.	1.	0.	
2.83009e-003	7.02437e-002	0.	1.	
Dynamic:	1	

Frame:	467
1.	0.	0.	0.	
0.	1.	0.	0.	
0.	0.	1.	0.	
-9.72316e-004	6.52223e-002	0.	1.	
Dynamic:	1	

Frame:	468
1.	0.	0.	0.	
0.	1.	0.	0.	
0.	0.	1.	0.	
-9.58893e-004	6.43219e-002	0.	1.	
Dynamic:	1	

Frame:	469
1.	0.	0.	0.	
0.	1.	0.	0.	
0.	0.	1.	0.	
-9.28123e-004	6.22578e-002	0.	1.	
Dynamic:	1	

Frame:	470
1.	0.	0.	0.	
0.	1.	0.	0.	
0.	0.	1.	0.	
-9.29985e-004	6.23827e-002	0.	1.	
Dynamic:	1	

Frame:	471
1.	0.	0.	0.	
0.	1.	0.	0.	
0.	0.	1.	0.	
-9.21874e-004	6.18386e-002	0.	1.	
Dynamic:	1	

Frame:	472
1.	0.	0.	0.	
0.	1.	0.	0.	
0.	0.	1.	0.	
-9.17156e-004	6.15221e-002	0.	1.	
Dynamic:	1	

Frame:	473
1.	0.	0.	0.	
0.	1.	0.	0.	
0.	0.	1.	0.	
-9.37471e-004	6.28849e-002	0.	1.	
Dynamic:	1	

Frame:	474
1.	0.	0.	0.	
0.	1.	0.	0.	
0.	0.	1.	0.	
-9.11588e-004	6.11486e-002	0.	1.	
Dynamic:	1	

Frame:	475
1.	0.	0.	0.	
0.	1.	0.	0.	
0.	0.	1.	0.	
-9.1868e-004	6.16244e-002	0.	1.	
Dynamic:	1	

Frame:	476
1.	8.46133e-004	0.	0.	
-8.46133e-004	1.	0.	0.	
0.	0.	1.	0.	
2.2844e-003	6.6016e-002	0.	1.	
Dynamic:	1	

Frame:	477
0.999999	1.28356e-003	0.	0.	
-1.28356e-003	0.999999	0.	0.	
0.	0.	1.	0.	
3.97855e-003	6.75117e-002	0.	1.	
Dynamic:	1	

Frame:	478
0.999999	1.6602e-003	0.	0.	
-1.6602e-003	0.999999	0.	0.	
0.	0.	1.	0.	
5.4026e-003	7.2041e-002	0.	1.	
Dynamic:	1	

Frame:	479
0.999998	1.73245e-003	0.	0.	
-1.73245e-003	0.999998	0.	0.	
0.	0.	1.	0.	
5.67922e-003	7.29147e-002	0.	1.	
Dynamic:	1	

Frame:	480
0.999998	1.73807e-003	0.	0.	
-1.73807e-003	0.999998	0.	0.	
0.	0.	1.	0.	
5.69746e-003	7.31515e-002	0.	1.	
Dynamic:	1	

Frame:	481
0.999998	1.73629e-003	0.	0.	
-1.73629e-003	0.999998	0.	0.	
0.	0.	1.	0.	
5.69168e-003	7.30765e-002	0.	1.	
Dynamic:	1	

Frame:	482
0.999999	1.71648e-003	0.	0.	
-1.71648e-003	0.999999	0.	0.	
0.	0.	1.	0.	
5.62745e-003	7.22426e-002	0.	1.	
Dynamic:	1	

Frame:	483
0.999998	1.73212e-003	0.	0.	
-1.73212e-003	0.999998	0.	0.	
0.	0.	1.	0.	
5.67816e-003	7.29009e-002	0.	1.	
Dynamic:	1	

Frame:	484
0.999998	1.73325e-003	0.	0.	
-1.73325e-003	0.999998	0.	0.	
0.	0.	1.	0.	
5.68181e-003	7.29484e-002	0.	1.	
Dynamic:	1	

Frame:	485
0.999999	1.71625e-003	0.	0.	
-1.71625e-003	0.999999	0.	0.	
0.	0.	1.	0.	
5.62672e-003	7.22331e-002	0.	1.	
Dynamic:	1	

Frame:	486
0.999998	1.73669e-003	0.	0.	
-1.73669e-003	0.999998	0.	0.	
0.	0.	1.	0.	
5.69296e-003	7.30931e-002	0.	1.	
Dynamic:	1	

Frame:	487
0.999999	1.71027e-003	0.	0.	
-1.71027e-003	0.999999	0.	0.	
0.	0.	1.	0.	
5.60731e-003	7.19811e-002	0.	1.	
Dynamic:	1	

Frame:	488
0.999999	1.68634e-003	0.	0.	
-1.68634e-003	0.999999	0.	0.	
0.	0.	1.	0.	
5.49174e-003	7.2055e-002	0.	1.	
Dynamic:	1	

Frame:	489
0.999999	1.51902e-003	0.	0.	
-1.51902e-003	0.999999	0.	0.	
0.	0.	1.	0.	
4.70897e-003	7.15337e-002	0.	1.	
Dynamic:	1	

Frame:	490
0.999999	1.17501e-003	0.	0.	
-1.17501e-003	0.999999	0.	0.	
0.	0.	1.	0.	
3.08644e-003	7.01942e-002	0.	1.	
Dynamic:	1	

Frame:	491
1.	7.96653e-004	0.	0.	
-7.96653e-004	1.	0.	0.	
0.	0.	1.	0.	
1.28115e-003	6.86028e-002	0.	1.	
Dynamic:	1	

Frame:	492
1.	0.	0.	0.	
0.	1.	0.	0.	
0.	0.	1.	0.	
-2.54813e-003	6.45982e-002	0.	1.	
Dynamic:	1	

Frame:	493
1.	0.	0.	0.	
0.	1.	0.	0.	
0.	0.	1.	0.	
-2.52183e-003	6.39313e-002	0.	1.	
Dynamic:	1	

Frame:	494
1.	0.	0.	0.	
0.	1.	0.	0.	
0.	0.	1.	0.	
-2.45956e-003	6.23529e-002	0.	1.	
Dynamic:	1	

Frame:	495
1.	0.	0.	0.	
0.	1.	0.	0.	
0.	0.	1.	0.	
-2.4204e-003	6.13601e-002	0.	1.	
Dynamic:	1	

Frame:	496
1.	0.	0.	0.	
0.	1.	0.	0.	
0.	0.	1.	0.	
-2.38501e-003	6.04628e-002	0.	1.	
Dynamic:	1	

Frame:	497
1.	0.	0.	0.	
0.	1.	0.	0.	
0.	0.	1.	0.	
-2.43465e-003	6.17212e-002	0.	1.	
Dynamic:	1	

Frame:	498
1.	0.	0.	0.	
0.	1.	0.	0.	
0.	0.	1.	0.	
-2.38618e-003	6.04925e-002	0.	1.	
Dynamic:	1	

Frame:	499
1.	0.	0.	0.	
0.	1.	0.	0.	
0.	0.	1.	0.	
-2.38811e-003	6.05415e-002	0.	1.	
Dynamic:	1	

Frame:	500
1.	0.	0.	0.	
0.	1.	0.	0.	
0.	0.	1.	0.	
-2.40409e-003	6.09466e-002	0.	1.	
Dynamic:	1	

Frame:	501
1.	0.	0.	0.	
0.	1.	0.	0.	
0.	0.	1.	0.	
-2.42842e-003	6.15632e-002	0.	1.	
Dynamic:	1	

Frame:	502
1.	0.	0.	0.	
0.	1.	0.	0.	
0.	0.	1.	0.	
-2.42891e-003	6.15758e-002	0.	1.	
Dynamic:	1	

Frame:	503
1.	0.	0.	0.	
0.	1.	0.	0.	
0.	0.	1.	0.	
-2.42217e-003	6.14049e-002	0.	1.	
Dynamic:	1	

Frame:	504
1.	0.	0.	0.	
0.	1.	0.	0.	
0.	0.	1.	0.	
-2.44005e-003	6.18582e-002	0.	1.	
Dynamic:	1	

Frame:	505
1.	0.	0.	0.	
0.	1.	0.	0.	
0.	0.	1.	0.	
-2.39725e-003	6.07732e-002	0.	1.	
Dynamic:	1	

Frame:	506
1.	0.	0.	0.	
0.	1.	0.	0.	
0.	0.	1.	0.	
-2.39952e-003	6.08306e-002	0.	1.	
Dynamic:	1	

Frame:	507
1.	0.	0.	0.	
0.	1.	0.	0.	
0.	0.	1.	0.	
-2.40522e-003	6.09751e-002	0.	1.	
Dynamic:	1	

Frame:	508
1.	0.	0.	0.	
0.	1.	0.	0.	
0.	0.	1.	0.	
-2.43364e-003	6.16956e-002	0.	1.	
Dynamic:	1	

Frame:	509
1.	0.	0.	0.	
0.	1.	0.	0.	
0.	0.	1.	0.	
-2.42843e-003	6.15637e-002	0.	1.	
Dynamic:	1	

Frame:	510
1.	0.	0.	0.	
0.	1.	0.	0.	
0.	0.	1.	0.	
-2.45738e-003	6.22976e-002	0.	1.	
Dynamic:	1	

Frame:	511
1.	0.	0.	0.	
0.	1.	0.	0.	
0.	0.	1.	0.	
-2.43137e-003	6.16382e-002	0.	1.	
Dynamic:	1	

Frame:	512
1.	0.	0.	0.	
0.	1.	0.	0.	
0.	0.	1.	0.	
-2.46412e-003	6.24685e-002	0.	1.	
Dynamic:	1	

Frame:	513
1.	0.	0.	0.	
0.	1.	0.	0.	
0.	0.	1.	0.	
-2.42111e-003	6.13781e-002	0.	1.	
Dynamic:	1	

Frame:	514
1.	0.	0.	0.	
0.	1.	0.	0.	
0.	0.	1.	0.	
-2.44633e-003	6.20173e-002	0.	1.	
Dynamic:	1	

Frame:	515
1.	7.26487e-004	0.	0.	
-7.26487e-004	1.	0.	0.	
0.	0.	1.	0.	
2.11072e-003	6.48687e-002	0.	1.	
Dynamic:	1	

Frame:	516
1.	9.97941e-004	0.	0.	
-9.97941e-004	1.	0.	0.	
0.	0.	1.	0.	
3.76678e-003	6.74844e-002	0.	1.	
Dynamic:	1	

Frame:	517
0.999999	1.38111e-003	0.	0.	
-1.38111e-003	0.999999	0.	0.	
0.	0.	1.	0.	
6.11954e-003	7.13174e-002	0.	1.	
Dynamic:	1	

Frame:	518
0.999999	1.65555e-003	0.	0.	
-1.65555e-003	0.999999	0.	0.	
0.	0.	1.	0.	
7.86228e-003	7.30784e-002	0.	1.	
Dynamic:	1	

Frame:	519
0.999998	1.86626e-003	0.	0.	
-1.86626e-003	0.999998	0.	0.	
0.	0.	1.	0.	
9.22097e-003	7.42597e-002	0.	1.	
Dynamic:	1	

Frame:	520
0.999998	1.85811e-003	0.	0.	
-1.85811e-003	0.999998	0.	0.	
0.	0.	1.	0.	
9.181e-003	7.39353e-002	0.	1.	
Dynamic:	1	

Frame:	521
0.999998	1.84052e-003	0.	0.	
-1.84052e-003	0.999998	0.	0.	
0.	0.	1.	0.	
9.09473e-003	7.32353e-002	0.	1.	
Dynamic:	1	

Frame:	522
0.999998	1.84352e-003	0.	0.	
-1.84352e-003	0.999998	0.	0.	
0.	0.	1.	0.	
9.10943e-003	7.33546e-002	0.	1.	
Dynamic:	1	

Frame:	523
0.999998	1.82838e-003	0.	0.	
-1.82838e-003	0.999998	0.	0.	
0.	0.	1.	0.	
9.03515e-003	7.27519e-002	0.	1.	
Dynamic:	1	

Frame:	524
0.999998	1.86168e-003	0.	0.	
-1.86168e-003	0.999998	0.	0.	
0.	0.	1.	0.	
9.19847e-003	7.40771e-002	0.	1.	
Dynamic:	1	

Frame:	525
0.999998	1.84577e-003	0.	0.	
-1.84577e-003	0.999998	0.	0.	
0.	0.	1.	0.	
9.12048e-003	7.34442e-002	0.	1.	
Dynamic:	1	

Frame:	526
0.999998	1.84711e-003	0.	0.	
-1.84711e-003	0.999998	0.	0.	
0.	0.	1.	0.	
9.12703e-003	7.34974e-002	0.	1.	
Dynamic:	1	

Frame:	527
0.999998	1.83662e-003	0.	0.	
-1.83662e-003	0.999998	0.	0.	
0.	0.	1.	0.	
9.0756e-003	7.30801e-002	0.	1.	
Dynamic:	1	

Frame:	528
0.999998	1.84032e-003	0.	0.	
-1.84032e-003	0.999998	0.	0.	
0.	0.	1.	0.	
9.09373e-003	7.32272e-002	0.	1.	
Dynamic:	1	

Frame:	529
0.999998	1.8561e-003	0.	0.	
-1.8561e-003	0.999998	0.	0.	
0.	0.	1.	0.	
9.17114e-003	7.38553e-002	0.	1.	
Dynamic:	1	

Frame:	530
0.999998	1.833e-003	0.	0.	
-1.833e-003	0.999998	0.	0.	
0.	0.	1.	0.	
9.05782e-003	7.29359e-002	0.	1.	
Dynamic:	1	

Frame:	531
0.999998	1.83556e-003	0.	0.	
-1.83556e-003	0.999998	0.	0.	
0.	0.	1.	0.	
9.0704e-003	7.30379e-002	0.	1.	
Dynamic:	1	

Frame:	532
0.999998	1.92819e-003	0.	0.	
-1.92819e-003	0.999998	0.	0.	
0.	0.	1.	0.	
9.66743e-003	7.46609e-002	0.	1.	
Dynamic:	1	

Frame:	533
0.999998	2.12336e-003	0.	0.	
-2.12336e-003	0.999998	0.	0.	
0.	0.	1.	0.	
1.11972e-002	7.43752e-002	0.	1.	
Dynamic:	1	

Frame:	534
0.999997	2.52251e-003	0.	0.	
-2.52251e-003	0.999997	0.	0.	
0.	0.	1.	0.	
1.40717e-002	7.76642e-002	0.	1.	
Dynamic:	1	

Frame:	535
0.999996	2.89717e-003	0.	0.	
-2.89717e-003	0.999996	0.	0.	
0.	0.	1.	0.	
1.69525e-002	7.86269e-002	0.	1.	
Dynamic:	1	

Frame:	536
0.999994	3.47038e-003	0.	0.	
-3.47038e-003	0.999994	0.	0.	
0.	0.	1.	0.	
2.08415e-002	8.7127e-002	0.	1.	
Dynamic:	1	

Frame:	537
0.999994	3.55094e-003	0.	0.	
-3.55094e-003	0.999994	0.	0.	
0.	0.	1.	0.	
2.16805e-002	8.48305e-002	0.	1.	
Dynamic:	1	

Frame:	538
0.999994	3.402e-003	0.	0.	
-3.402e-003	0.999994	0.	0.	
0.	0.	1.	0.	
2.07772e-002	8.12709e-002	0.	1.	
Dynamic:	1	

Frame:	539
0.999994	3.3567e-003	0.	0.	
-3.3567e-003	0.999994	0.	0.	
0.	0.	1.	0.	
2.05024e-002	8.01883e-002	0.	1.	
Dynamic:	1	

Frame:	540
0.999994	3.37408e-003	0.	0.	
-3.37408e-003	0.999994	0.	0.	
0.	0.	1.	0.	
2.06079e-002	8.06038e-002	0.	1.	
Dynamic:	1	

Frame:	541
0.999994	3.38003e-003	0.	0.	
-3.38003e-003	0.999994	0.	0.	
0.	0.	1.	0.	
2.0644e-002	8.0746e-002	0.	1.	
Dynamic:	1	

Frame:	542
0.999994	3.55753e-003	0.	0.	
-3.55753e-003	0.999994	0.	0.	
0.	0.	1.	0.	
2.17205e-002	8.49881e-002	0.	1.	
Dynamic:	1	

Frame:	543
0.999994	3.39432e-003	0.	0.	
-3.39432e-003	0.999994	0.	0.	
0.	0.	1.	0.	
2.07307e-002	8.10874e-002	0.	1.	
Dynamic:	1	

Frame:	544
0.999994	3.35851e-003	0.	0.	
-3.35851e-003	0.999994	0.	0.	
0.	0.	1.	0.	
2.05134e-002	8.02316e-002	0.	1.	
Dynamic:	1	

Frame:	545
0.999994	3.40921e-003	0.	0.	
-3.40921e-003	0.999994	0.	0.	
0.	0.	1.	0.	
2.0821e-002	8.14432e-002	0.	1.	
Dynamic:	1	

Frame:	546
0.999994	3.36309e-003	0.	0.	
-3.36309e-003	0.999994	0.	0.	
0.	0.	1.	0.	
2.05412e-002	8.0341e-002	0.	1.	
Dynamic:	1	

Frame:	547
0.999994	3.36628e-003	0.	0.	
-3.36628e-003	0.999994	0.	0.	
0.	0.	1.	0.	
2.05605e-002	8.04172e-002	0.	1.	
Dynamic:	1	

Frame:	548
0.999994	3.37769e-003	0.	0.	
-3.37769e-003	0.999994	0.	0.	
0.	0.	1.	0.	
2.06297e-002	8.06899e-002	0.	1.	
Dynamic:	1	

Frame:	549
0.999994	3.39934e-003	0.	0.	
-3.39934e-003	0.999994	0.	0.	
0.	0.	1.	0.	
2.07611e-002	8.12074e-002	0.	1.	
Dynamic:	1	

Frame:	550
0.999994	3.37718e-003	0.	0.	
-3.37718e-003	0.999994	0.	0.	
0.	0.	1.	0.	
2.06267e-002	8.06778e-002	0.	1.	
Dynamic:	1	

Frame:	551
0.999994	3.40704e-003	0.	0.	
-3.40704e-003	0.999994	0.	0.	
0.	0.	1.	0.	
2.08078e-002	8.13914e-002	0.	1.	
Dynamic:	1	

Frame:	552
0.999994	3.36353e-003	0.	0.	
-3.36353e-003	0.999994	0.	0.	
0.	0.	1.	0.	
2.05439e-002	8.03516e-002	0.	1.	
Dynamic:	1	

Frame:	553
0.999994	3.3415e-003	0.	0.	
-3.3415e-003	0.999994	0.	0.	
0.	0.	1.	0.	
2.04102e-002	7.98251e-002	0.	1.	
Dynamic:	1	

Frame:	554
0.999995	3.25784e-003	0.	0.	
-3.25784e-003	0.999995	0.	0.	
0.	0.	1.	0.	
1.96721e-002	7.94537e-002	0.	1.	
Dynamic:	1	

Frame:	555
0.999996	2.84081e-003	0.	0.	
-2.84081e-003	0.999996	0.	0.	
0.	0.	1.	0.	
1.60475e-002	7.70322e-002	0.	1.	
Dynamic:	1	

Frame:	556
0.999998	1.95457e-003	0.	0.	
-1.95457e-003	0.999998	0.	0.	
0.	0.	1.	0.	
8.04903e-003	7.35072e-002	0.	1.	
Dynamic:	1	

Frame:	557
1.	9.43271e-004	0.	0.	
-9.43271e-004	1.	0.	0.	
0.	0.	1.	0.	
-1.06013e-003	6.88895e-002	0.	1.	
Dynamic:	1	

Frame:	558
1.	0.	0.	0.	
0.	1.	0.	0.	
0.	0.	1.	0.	
-9.44246e-003	6.33788e-002	0.	1.	
Dynamic:	1	

Frame:	559
1.	0.	0.	0.	
0.	1.	0.	0.	
0.	0.	1.	0.	
-9.46538e-003	6.35326e-002	0.	1.	
Dynamic:	1	

Frame:	560
1.	0.	0.	0.	
0.	1.	0.	0.	
0.	0.	1.	0.	
-9.05641e-003	6.07876e-002	0.	1.	
Dynamic:	1	

Frame:	561
1.	0.	0.	0.	
0.	1.	0.	0.	
0.	0.	1.	0.	
-9.03158e-003	6.06209e-002	0.	1.	
Dynamic:	1	

Frame:	562
1.	0.	0.	0.	
0.	1.	0.	0.	
0.	0.	1.	0.	
-8.99167e-003	6.0353e-002	0.	1.	
Dynamic:	1	

Frame:	563
1.	0.	0.	0.	
0.	1.	0.	0.	
0.	0.	1.	0.	
-8.97715e-003	6.02556e-002	0.	1.	
Dynamic:	1	

Frame:	564
1.	0.	0.	0.	
0.	1.	0.	0.	
0.	0.	1.	0.	
-8.99631e-003	6.03841e-002	0.	1.	
Dynamic:	1	

Frame:	565
1.	0.	0.	0.	
0.	1.	0.	0.	
0.	0.	1.	0.	
-9.00792e-003	6.04621e-002	0.	1.	
Dynamic:	1	

Frame:	566
1.	0.	0.	0.	
0.	1.	0.	0.	
0.	0.	1.	0.	
-9.03553e-003	6.06474e-002	0.	1.	
Dynamic:	1	

Frame:	567
1.	0.	0.	0.	
0.	1.	0.	0.	
0.	0.	1.	0.	
-9.06747e-003	6.08618e-002	0.	1.	
Dynamic:	1	

Frame:	568
1.	0.	0.	0.	
0.	1.	0.	0.	
0.	0.	1.	0.	
-9.07414e-003	6.09066e-002	0.	1.	
Dynamic:	1	

Frame:	569
1.	0.	0.	0.	
0.	1.	0.	0.	
0.	0.	1.	0.	
-9.0831e-003	6.09667e-002	0.	1.	
Dynamic:	1	

Frame:	570
1.	0.	0.	0.	
0.	1.	0.	0.	
0.	0.	1.	0.	
-9.09033e-003	6.10152e-002	0.	1.	
Dynamic:	1	

Frame:	571
1.	0.	0.	0.	
0.	1.	0.	0.	
0.	0.	1.	0.	
-9.05771e-003	6.07963e-002	0.	1.	
Dynamic:	1	

Frame:	572
1.	0.	0.	0.	
0.	1.	0.	0.	
0.	0.	1.	0.	
-9.0503e-003	6.07465e-002	0.	1.	
Dynamic:	1	

Frame:	573
1.	0.	0.	0.	
0.	1.	0.	0.	
0.	0.	1.	0.	
-9.07668e-003	6.09236e-002	0.	1.	
Dynamic:	1	

Frame:	574
1.	0.	0.	0.	
0.	1.	0.	0.	
0.	0.	1.	0.	
-9.13289e-003	6.13009e-002	0.	1.	
Dynamic:	1	

Frame:	575
1.	0.	0.	0.	
0.	1.	0.	0.	
0.	0.	1.	0.	
-9.006e-003	6.04492e-002	0.	1.	
Dynamic:	1	

Frame:	576
1.	0.	0.	0.	
0.	1.	0.	0.	
0.	0.	1.	0.	
-9.17373e-003	6.1575e-002	0.	1.	
Dynamic:	1	

Frame:	577
1.	0.	0.	0.	
0.	1.	0.	0.	
0.	0.	1.	0.	
-9.04727e-003	6.07262e-002	0.	1.	
Dynamic:	1	

Frame:	578
1.	0.	0.	0.	
0.	1.	0.	0.	
0.	0.	1.	0.	
-9.01867e-003	6.05342e-002	0.	1.	
Dynamic:	1	

Frame:	579
1.	0.	0.	0.	
0.	1.	0.	0.	
0.	0.	1.	0.	
-9.09447e-003	6.1043e-002	0.	1.	
Dynamic:	1	

Frame:	580
1.	0.	0.	0.	
0.	1.	0.	0.	
0.	0.	1.	0.	
-9.14562e-003	6.13864e-002	0.	1.	
Dynamic:	1	

Frame:	581
1.	0.	0.	0.	
0.	1.	0.	0.	
0.	0.	1.	0.	
-9.11782e-003	6.11998e-002	0.	1.	
Dynamic:	1	

Frame:	582
1.	0.	0.	0.	
0.	1.	0.	0.	
0.	0.	1.	0.	
-9.06074e-003	6.08166e-002	0.	1.	
Dynamic:	1	

Frame:	583
1.	0.	0.	0.	
0.	1.	0.	0.	
0.	0.	1.	0.	
-8.98031e-003	6.02767e-002	0.	1.	
Dynamic:	1	

Frame:	584
1.	0.	0.	0.	
0.	1.	0.	0.	
0.	0.	1.	0.	
-9.20937e-003	6.18143e-002	0.	1.	
Dynamic:	1	

Frame:	585
1.	0.	0.	0.	
0.	1.	0.	0.	
0.	0.	1.	0.	
-9.09954e-003	6.1077e-002	0.	1.	
Dynamic:	1	

Frame:	586
1.	0.	0.	0.	
0.	1.	0.	0.	
0.	0.	1.	0.	
-9.10485e-003	6.11127e-002	0.	1.	
Dynamic:	1	

Frame:	587
1.	0.	0.	0.	
0.	1.	0.	0.	
0.	0.	1.	0.	
-8.99501e-003	6.03754e-002	0.	1.	
Dynamic:	1	

Frame:	588
1.	0.	0.	0.	
0.	1.	0.	0.	
0.	0.	1.	0.	
-8.98383e-003	6.03004e-002	0.	1.	
Dynamic:	1	

Frame:	589
1.	0.	0.	0.	
0.	1.	0.	0.	
0.	0.	1.	0.	
-9.05141e-003	6.0754e-002	0.	1.	
Dynamic:	1	

Frame:	590
1.	0.	0.	0.	
0.	1.	0.	0.	
0.	0.	1.	0.	
-9.11374e-003	6.11724e-002	0.	1.	
Dynamic:	1	

Frame:	591
1.	0.	0.	0.	
0.	1.	0.	0.	
0.	0.	1.	0.	
-9.16588e-003	6.15224e-002	0.	1.	
Dynamic:	1	

Frame:	592
1.	0.	0.	0.	
0.	1.	0.	0.	
0.	0.	1.	0.	
-9.07328e-003	6.09008e-002	0.	1.	
Dynamic:	1	

Frame:	593
1.	0.	0.	0.	
0.	1.	0.	0.	
0.	0.	1.	0.	
-9.07995e-003	6.09456e-002	0.	1.	
Dynamic:	1	

Frame:	594
1.	0.	0.	0.	
0.	1.	0.	0.	
0.	0.	1.	0.	
-9.17385e-003	6.15759e-002	0.	1.	
Dynamic:	1	

Frame:	595
1.	0.	0.	0.	
0.	1.	0.	0.	
0.	0.	1.	0.	
-8.97505e-003	6.02415e-002	0.	1.	
Dynamic:	1	

Frame:	596
1.	0.	0.	0.	
0.	1.	0.	0.	
0.	0.	1.	0.	
-9.05994e-003	6.08112e-002	0.	1.	
Dynamic:	1	

Frame:	597
1.	0.	0.	0.	
0.	1.	0.	0.	
0.	0.	1.	0.	
-9.06432e-003	6.08407e-002	0.	1.	
Dynamic:	1	

Frame:	598
1.	0.	0.	0.	
0.	1.	0.	0.	
0.	0.	1.	0.	
-8.99334e-003	6.03642e-002	0.	1.	
Dynamic:	1	

Frame:	599
1.	0.	0.	0.	
0.	1.	0.	0.	
0.	0.	1.	0.	
-9.05543e-003	6.0781e-002	0.	1.	
Dynamic:	1	

Frame:	600
1.	0.	0.	0.	
0.	1.	0.	0.	
0.	0.	1.	0.	
-9.02435e-003	6.05724e-002	0.	1.	
Dynamic:	1	

Frame:	601
1.	0.	0.	0.	
0.	1.	0.	0.	
0.	0.	1.	0.	
-9.0322e-003	6.0625e-002	0.	1.	
Dynamic:	1	

Frame:	602
1.	0.	0.	0.	
0.	1.	0.	0.	
0.	0.	1.	0.	
-9.11226e-003	6.11624e-002	0.	1.	
Dynamic:	1	

Frame:	603
1.	0.	0.	0.	
0.	1.	0.	0.	
0.	0.	1.	0.	
-9.16107e-003	6.149e-002	0.	1.	
Dynamic:	1	

Frame:	604
1.	0.	0.	0.	
0.	1.	0.	0.	
0.	0.	1.	0.	
-9.12591e-003	6.12541e-002	0.	1.	
Dynamic:	1	

Frame:	605
1.	0.	0.	0.	
0.	1.	0.	0.	
0.	0.	1.	0.	
-9.065e-003	6.08452e-002	0.	1.	
Dynamic:	1	

Frame:	606
1.	0.	0.	0.	
0.	1.	0.	0.	
0.	0.	1.	0.	
-8.9391e-003	6.00002e-002	0.	1.	
Dynamic:	1	

Frame:	607
1.	0.	0.	0.	
0.	1.	0.	0.	
0.	0.	1.	0.	
-8.8843e-003	5.96324e-002	0.	1.	
Dynamic:	1	

Frame:	608
1.	0.	0.	0.	
0.	1.	0.	0.	
0.	0.	1.	0.	
-8.94398e-003	6.00329e-002	0.	1.	
Dynamic:	1	

Frame:	609
1.	0.	0.	0.	
0.	1.	0.	0.	
0.	0.	1.	0.	
-8.98111e-003	6.02821e-002	0.	1.	
Dynamic:	1	

Frame:	610
1.	0.	0.	0.	
0.	1.	0.	0.	
0.	0.	1.	0.	
-9.09676e-003	6.10584e-002	0.	1.	
Dynamic:	1	

Frame:	611
1.	0.	0.	0.	
0.	1.	0.	0.	
0.	0.	1.	0.	
-9.12116e-003	6.12222e-002	0.	1.	
Dynamic:	1	

Frame:	612
1.	0.	0.	0.	
0.	1.	0.	0.	
0.	0.	1.	0.	
-9.01434e-003	6.05052e-002	0.	1.	
Dynamic:	1	

Frame:	613
1.	0.	0.	0.	
0.	1.	0.	0.	
0.	0.	1.	0.	
-9.04289e-003	6.06968e-002	0.	1.	
Dynamic:	1	

Frame:	614
1.	0.	0.	0.	
0.	1.	0.	0.	
0.	0.	1.	0.	
-8.99859e-003	6.03995e-002	0.	1.	
Dynamic:	1	

Frame:	615
1.	0.	0.	0.	
0.	1.	0.	0.	
0.	0.	1.	0.	
-8.99779e-003	6.03941e-002	0.	1.	
Dynamic:	1	

Frame:	616
1.	0.	0.	0.	
0.	1.	0.	0.	
0.	0.	1.	0.	
-8.9231e-003	5.98928e-002	0.	1.	
Dynamic:	1	

Frame:	617
1.	0.	0.	0.	
0.	1.	0.	0.	
0.	0.	1.	0.	
-8.94064e-003	6.00105e-002	0.	1.	
Dynamic:	1	

Frame:	618
1.	0.	0.	0.	
0.	1.	0.	0.	
0.	0.	1.	0.	
-8.94447e-003	6.00362e-002	0.	1.	
Dynamic:	1	

Frame:	619
1.	0.	0.	0.	
0.	1.	0.	0.	
0.	0.	1.	0.	
-9.06154e-003	6.0822e-002	0.	1.	
Dynamic:	1	

Frame:	620
1.	0.	0.	0.	
0.	1.	0.	0.	
0.	0.	1.	0.	
-9.09447e-003	6.1043e-002	0.	1.	
Dynamic:	1	

Frame:	621
1.	0.	0.	0.	
0.	1.	0.	0.	
0.	0.	1.	0.	
-9.00477e-003	6.04409e-002	0.	1.	
Dynamic:	1	

Frame:	622
1.	0.	0.	0.	
0.	1.	0.	0.	
0.	0.	1.	0.	
-9.08582e-003	6.0985e-002	0.	1.	
Dynamic:	1	

Frame:	623
1.	0.	0.	0.	
0.	1.	0.	0.	
0.	0.	1.	0.	
-9.12758e-003	6.12653e-002	0.	1.	
Dynamic:	1	

Frame:	624
1.	0.	0.	0.	
0.	1.	0.	0.	
0.	0.	1.	0.	
-9.17268e-003	6.1568e-002	0.	1.	
Dynamic:	1	

Frame:	625
1.	0.	0.	0.	
0.	1.	0.	0.	
0.	0.	1.	0.	
-9.08255e-003	6.0963e-002	0.	1.	
Dynamic:	1	

Frame:	626
1.	0.	0.	0.	
0.	1.	0.	0.	
0.	0.	1.	0.	
-9.13197e-003	6.12947e-002	0.	1.	
Dynamic:	1	

Frame:	627
1.	0.	0.	0.	
0.	1.	0.	0.	
0.	0.	1.	0.	
-9.0128e-003	6.04948e-002	0.	1.	
Dynamic:	1	

Frame:	628
1.	0.	0.	0.	
0.	1.	0.	0.	
0.	0.	1.	0.	
-9.0317e-003	6.06217e-002	0.	1.	
Dynamic:	1	

Frame:	629
1.	0.	0.	0.	
0.	1.	0.	0.	
0.	0.	1.	0.	
-9.08045e-003	6.09489e-002	0.	1.	
Dynamic:	1	

Frame:	630
1.	0.	0.	0.	
0.	1.	0.	0.	
0.	0.	1.	0.	
-9.13765e-003	6.13329e-002	0.	1.	
Dynamic:	1	

Frame:	631
1.	0.	0.	0.	
0.	1.	0.	0.	
0.	0.	1.	0.	
-9.10998e-003	6.11471e-002	0.	1.	
Dynamic:	1	

Frame:	632
1.	0.	0.	0.	
0.	1.	0.	0.	
0.	0.	1.	0.	
-9.00051e-003	6.04123e-002	0.	1.	
Dynamic:	1	

Frame:	633
1.	0.	0.	0.	
0.	1.	0.	0.	
0.	0.	1.	0.	
-9.03399e-003	6.06371e-002	0.	1.	
Dynamic:	1	

Frame:	634
1.	0.	0.	0.	
0.	1.	0.	0.	
0.	0.	1.	0.	
-9.36209e-003	6.28393e-002	0.	1.	
Dynamic:	1	

Frame:	635
1.	0.	0.	0.	
0.	1.	0.	0.	
0.	0.	1.	0.	
-9.0393e-003	6.06727e-002	0.	1.	
Dynamic:	1	

Frame:	636
1.	0.	0.	0.	
0.	1.	0.	0.	
0.	0.	1.	0.	
-9.05864e-003	6.08025e-002	0.	1.	
Dynamic:	1	

Frame:	637
1.	0.	0.	0.	
0.	1.	0.	0.	
0.	0.	1.	0.	
-9.07964e-003	6.09435e-002	0.	1.	
Dynamic:	1	

Frame:	638
1.	0.	0.	0.	
0.	1.	0.	0.	
0.	0.	1.	0.	
-8.92693e-003	5.99185e-002	0.	1.	
Dynamic:	1	

Frame:	639
1.	0.	0.	0.	
0.	1.	0.	0.	
0.	0.	1.	0.	
-9.11615e-003	6.11886e-002	0.	1.	
Dynamic:	1	

Frame:	640
1.	0.	0.	0.	
0.	1.	0.	0.	
0.	0.	1.	0.	
-9.06494e-003	6.08448e-002	0.	1.	
Dynamic:	1	

Frame:	641
1.	0.	0.	0.	
0.	1.	0.	0.	
0.	0.	1.	0.	
-9.14692e-003	6.13951e-002	0.	1.	
Dynamic:	1	

Frame:	642
1.	0.	0.	0.	
0.	1.	0.	0.	
0.	0.	1.	0.	
-9.15989e-003	6.14821e-002	0.	1.	
Dynamic:	1	

Frame:	643
1.	0.	0.	0.	
0.	1.	0.	0.	
0.	0.	1.	0.	
-8.98846e-003	6.03315e-002	0.	1.	
Dynamic:	1	

Frame:	644
1.	0.	0.	0.	
0.	1.	0.	0.	
0.	0.	1.	0.	
-9.05011e-003	6.07453e-002	0.	1.	
Dynamic:	1	

Frame:	645
1.	0.	0.	0.	
0.	1.	0.	0.	
0.	0.	1.	0.	
-9.04078e-003	6.06827e-002	0.	1.	
Dynamic:	1	

Frame:	646
1.	0.	0.	0.	
0.	1.	0.	0.	
0.	0.	1.	0.	
-9.04529e-003	6.0713e-002	0.	1.	
Dynamic:	1	

Frame:	647
1.	0.	0.	0.	
0.	1.	0.	0.	
0.	0.	1.	0.	
-9.07421e-003	6.0907e-002	0.	1.	
Dynamic:	1	

Frame:	648
1.	0.	0.	0.	
0.	1.	0.	0.	
0.	0.	1.	0.	
-9.07421e-003	6.0907e-002	0.	1.	
Dynamic:	1	

Frame:	649
1.	0.	0.	0.	
0.	1.	0.	0.	
0.	0.	1.	0.	
-9.04196e-003	6.06906e-002	0.	1.	
Dynamic:	1	

Frame:	650
1.	0.	0.	0.	
0.	1.	0.	0.	
0.	0.	1.	0.	
-9.04758e-003	6.07283e-002	0.	1.	
Dynamic:	1	

Frame:	651
1.	0.	0.	0.	
0.	1.	0.	0.	
0.	0.	1.	0.	
-9.12122e-003	6.12226e-002	0.	1.	
Dynamic:	1	

Frame:	652
1.	0.	0.	0.	
0.	1.	0.	0.	
0.	0.	1.	0.	
-9.07414e-003	6.09066e-002	0.	1.	
Dynamic:	1	

Frame:	653
1.	0.	0.	0.	
0.	1.	0.	0.	
0.	0.	1.	0.	
-9.07649e-003	6.09224e-002	0.	1.	
Dynamic:	1	

Frame:	654
1.	0.	0.	0.	
0.	1.	0.	0.	
0.	0.	1.	0.	
0.	0.	0.	1.	
Dynamic:	1	

Frame:	655
1.	0.	0.	0.	
0.	1.	0.	0.	
0.	0.	1.	0.	
0.	0.	0.	1.	
Dynamic:	1	

Frame:	656
1.	0.	0.	0.	
0.	1.	0.	0.	
0.	0.	1.	0.	
0.	0.	0.	1.	
Dynamic:	1	

Frame:	657
1.	0.	0.	0.	
0.	1.	0.	0.	
0.	0.	1.	0.	
0.	0.	0.	1.	
Dynamic:	1	

Frame:	658
1.	0.	0.	0.	
0.	1.	0.	0.	
0.	0.	1.	0.	
0.	0.	0.	1.	
Dynamic:	1	

Frame:	659
1.	0.	0.	0.	
0.	1.	0.	0.	
0.	0.	1.	0.	
0.	0.	0.	1.	
Dynamic:	1	

Frame:	660
1.	0.	0.	0.	
0.	1.	0.	0.	
0.	0.	1.	0.	
0.	0.	0.	1.	
Dynamic:	1	

Frame:	661
1.	0.	0.	0.	
0.	1.	0.	0.	
0.	0.	1.	0.	
0.	0.	0.	1.	
Dynamic:	1	

Frame:	662
1.	0.	0.	0.	
0.	1.	0.	0.	
0.	0.	1.	0.	
0.	0.	0.	1.	
Dynamic:	1	

Frame:	663
1.	0.	0.	0.	
0.	1.	0.	0.	
0.	0.	1.	0.	
0.	0.	0.	1.	
Dynamic:	1	

Frame:	664
1.	0.	0.	0.	
0.	1.	0.	0.	
0.	0.	1.	0.	
0.	0.	0.	1.	
Dynamic:	1	

Frame:	665
1.	0.	0.	0.	
0.	1.	0.	0.	
0.	0.	1.	0.	
0.	0.	0.	1.	
Dynamic:	1	

Frame:	666
1.	0.	0.	0.	
0.	1.	0.	0.	
0.	0.	1.	0.	
0.	0.	0.	1.	
Dynamic:	1	

Frame:	667
1.	0.	0.	0.	
0.	1.	0.	0.	
0.	0.	1.	0.	
0.	0.	0.	1.	
Dynamic:	1	

Frame:	668
1.	0.	0.	0.	
0.	1.	0.	0.	
0.	0.	1.	0.	
0.	0.	0.	1.	
Dynamic:	1	

Frame:	669
1.	0.	0.	0.	
0.	1.	0.	0.	
0.	0.	1.	0.	
0.	0.	0.	1.	
Dynamic:	1	

Frame:	670
1.	0.	0.	0.	
0.	1.	0.	0.	
0.	0.	1.	0.	
0.	0.	0.	1.	
Dynamic:	1	

