TrialReplay

Frame:	2
1.	0.	0.	0.	
0.	1.	0.	0.	
0.	0.	1.	0.	
0.	0.	0.	1.	
Dynamic:	0	

Frame:	3
1.	0.	0.	0.	
0.	1.	0.	0.	
0.	0.	1.	0.	
0.	0.	0.	1.	
Dynamic:	0	

Frame:	4
1.	0.	0.	0.	
0.	1.	0.	0.	
0.	0.	1.	0.	
0.	0.	0.	1.	
Dynamic:	0	

Frame:	5
1.	0.	0.	0.	
0.	1.	0.	0.	
0.	0.	1.	0.	
0.	0.	0.	1.	
Dynamic:	0	

Frame:	6
1.	0.	0.	0.	
0.	1.	0.	0.	
0.	0.	1.	0.	
0.	0.	0.	1.	
Dynamic:	0	

Frame:	7
1.	0.	0.	0.	
0.	1.	0.	0.	
0.	0.	1.	0.	
0.	0.	0.	1.	
Dynamic:	0	

Frame:	8
1.	0.	0.	0.	
0.	1.	0.	0.	
0.	0.	1.	0.	
0.	0.	0.	1.	
Dynamic:	0	

Frame:	9
1.	0.	0.	0.	
0.	1.	0.	0.	
0.	0.	1.	0.	
0.	0.	0.	1.	
Dynamic:	0	

Frame:	10
1.	0.	0.	0.	
0.	1.	0.	0.	
0.	0.	1.	0.	
0.	0.	0.	1.	
Dynamic:	0	

Frame:	11
1.	0.	0.	0.	
0.	1.	0.	0.	
0.	0.	1.	0.	
0.	0.	0.	1.	
Dynamic:	0	

Frame:	12
1.	0.	0.	0.	
0.	1.	0.	0.	
0.	0.	1.	0.	
0.	0.	0.	1.	
Dynamic:	0	

Frame:	13
1.	0.	0.	0.	
0.	1.	0.	0.	
0.	0.	1.	0.	
0.	0.	0.	1.	
Dynamic:	0	

Frame:	14
1.	0.	0.	0.	
0.	1.	0.	0.	
0.	0.	1.	0.	
0.	0.	0.	1.	
Dynamic:	0	

Frame:	15
1.	0.	0.	0.	
0.	1.	0.	0.	
0.	0.	1.	0.	
0.	0.	0.	1.	
Dynamic:	0	

Frame:	16
1.	0.	0.	0.	
0.	1.	0.	0.	
0.	0.	1.	0.	
0.	0.	0.	1.	
Dynamic:	0	

Frame:	17
1.	0.	0.	0.	
0.	1.	0.	0.	
0.	0.	1.	0.	
0.	0.	0.	1.	
Dynamic:	0	

Frame:	18
1.	0.	0.	0.	
0.	1.	0.	0.	
0.	0.	1.	0.	
0.	0.	0.	1.	
Dynamic:	0	

Frame:	19
1.	0.	0.	0.	
0.	1.	0.	0.	
0.	0.	1.	0.	
0.	0.	0.	1.	
Dynamic:	0	

Frame:	20
1.	0.	0.	0.	
0.	1.	0.	0.	
0.	0.	1.	0.	
0.	0.	0.	1.	
Dynamic:	0	

Frame:	21
1.	0.	0.	0.	
0.	1.	0.	0.	
0.	0.	1.	0.	
0.	0.	0.	1.	
Dynamic:	0	

Frame:	22
1.	0.	0.	0.	
0.	1.	0.	0.	
0.	0.	1.	0.	
0.	0.	0.	1.	
Dynamic:	0	

Frame:	23
1.	0.	0.	0.	
0.	1.	0.	0.	
0.	0.	1.	0.	
0.	0.	0.	1.	
Dynamic:	0	

Frame:	24
1.	0.	0.	0.	
0.	1.	0.	0.	
0.	0.	1.	0.	
0.	0.	0.	1.	
Dynamic:	0	

Frame:	25
1.	0.	0.	0.	
0.	1.	0.	0.	
0.	0.	1.	0.	
0.	0.	0.	1.	
Dynamic:	0	

Frame:	26
1.	0.	0.	0.	
0.	1.	0.	0.	
0.	0.	1.	0.	
0.	0.	0.	1.	
Dynamic:	0	

Frame:	27
1.	0.	0.	0.	
0.	1.	0.	0.	
0.	0.	1.	0.	
0.	0.	0.	1.	
Dynamic:	0	

Frame:	28
1.	0.	0.	0.	
0.	1.	0.	0.	
0.	0.	1.	0.	
0.	0.	0.	1.	
Dynamic:	0	

Frame:	29
1.	0.	0.	0.	
0.	1.	0.	0.	
0.	0.	1.	0.	
0.	0.	0.	1.	
Dynamic:	0	

Frame:	30
1.	0.	0.	0.	
0.	1.	0.	0.	
0.	0.	1.	0.	
0.	0.	0.	1.	
Dynamic:	0	

Frame:	31
1.	0.	0.	0.	
0.	1.	0.	0.	
0.	0.	1.	0.	
0.	0.	0.	1.	
Dynamic:	0	

Frame:	32
1.	0.	0.	0.	
0.	1.	0.	0.	
0.	0.	1.	0.	
0.	0.	0.	1.	
Dynamic:	0	

Frame:	33
1.	0.	0.	0.	
0.	1.	0.	0.	
0.	0.	1.	0.	
0.	0.	0.	1.	
Dynamic:	0	

Frame:	34
1.	0.	0.	0.	
0.	1.	0.	0.	
0.	0.	1.	0.	
0.	0.	0.	1.	
Dynamic:	0	

Frame:	35
1.	0.	0.	0.	
0.	1.	0.	0.	
0.	0.	1.	0.	
0.	0.	0.	1.	
Dynamic:	0	

Frame:	36
1.	0.	0.	0.	
0.	1.	0.	0.	
0.	0.	1.	0.	
0.	0.	0.	1.	
Dynamic:	0	

Frame:	37
1.	0.	0.	0.	
0.	1.	0.	0.	
0.	0.	1.	0.	
0.	0.	0.	1.	
Dynamic:	0	

Frame:	38
1.	0.	0.	0.	
0.	1.	0.	0.	
0.	0.	1.	0.	
0.	0.	0.	1.	
Dynamic:	0	

Frame:	39
1.	0.	0.	0.	
0.	1.	0.	0.	
0.	0.	1.	0.	
0.	0.	0.	1.	
Dynamic:	0	

Frame:	40
1.	0.	0.	0.	
0.	1.	0.	0.	
0.	0.	1.	0.	
0.	0.	0.	1.	
Dynamic:	0	

Frame:	41
1.	0.	0.	0.	
0.	1.	0.	0.	
0.	0.	1.	0.	
0.	0.	0.	1.	
Dynamic:	0	

Frame:	42
1.	0.	0.	0.	
0.	1.	0.	0.	
0.	0.	1.	0.	
0.	0.	0.	1.	
Dynamic:	0	

Frame:	43
1.	0.	0.	0.	
0.	1.	0.	0.	
0.	0.	1.	0.	
0.	0.	0.	1.	
Dynamic:	0	

Frame:	44
1.	0.	0.	0.	
0.	1.	0.	0.	
0.	0.	1.	0.	
0.	0.	0.	1.	
Dynamic:	0	

Frame:	45
1.	0.	0.	0.	
0.	1.	0.	0.	
0.	0.	1.	0.	
0.	0.	0.	1.	
Dynamic:	0	

Frame:	46
1.	0.	0.	0.	
0.	1.	0.	0.	
0.	0.	1.	0.	
0.	0.	0.	1.	
Dynamic:	0	

Frame:	47
1.	0.	0.	0.	
0.	1.	0.	0.	
0.	0.	1.	0.	
0.	0.	0.	1.	
Dynamic:	0	

Frame:	48
1.	0.	0.	0.	
0.	1.	0.	0.	
0.	0.	1.	0.	
0.	0.	0.	1.	
Dynamic:	0	

Frame:	49
1.	0.	0.	0.	
0.	1.	0.	0.	
0.	0.	1.	0.	
0.	0.	0.	1.	
Dynamic:	0	

Frame:	50
1.	0.	0.	0.	
0.	1.	0.	0.	
0.	0.	1.	0.	
0.	0.	0.	1.	
Dynamic:	0	

Frame:	51
1.	0.	0.	0.	
0.	1.	0.	0.	
0.	0.	1.	0.	
0.	0.	0.	1.	
Dynamic:	0	

Frame:	52
1.	0.	0.	0.	
0.	1.	0.	0.	
0.	0.	1.	0.	
0.	0.	0.	1.	
Dynamic:	0	

Frame:	53
1.	0.	0.	0.	
0.	1.	0.	0.	
0.	0.	1.	0.	
0.	0.	0.	1.	
Dynamic:	0	

Frame:	54
1.	0.	0.	0.	
0.	1.	0.	0.	
0.	0.	1.	0.	
0.	0.	0.	1.	
Dynamic:	0	

Frame:	55
1.	0.	0.	0.	
0.	1.	0.	0.	
0.	0.	1.	0.	
0.	0.	0.	1.	
Dynamic:	0	

Frame:	56
1.	0.	0.	0.	
0.	1.	0.	0.	
0.	0.	1.	0.	
0.	0.	0.	1.	
Dynamic:	0	

Frame:	57
1.	0.	0.	0.	
0.	1.	0.	0.	
0.	0.	1.	0.	
0.	0.	0.	1.	
Dynamic:	0	

Frame:	58
1.	0.	0.	0.	
0.	1.	0.	0.	
0.	0.	1.	0.	
0.	0.	0.	1.	
Dynamic:	0	

Frame:	59
1.	0.	0.	0.	
0.	1.	0.	0.	
0.	0.	1.	0.	
0.	0.	0.	1.	
Dynamic:	0	

Frame:	60
1.	0.	0.	0.	
0.	1.	0.	0.	
0.	0.	1.	0.	
0.	0.	0.	1.	
Dynamic:	0	

Frame:	61
1.	0.	0.	0.	
0.	1.	0.	0.	
0.	0.	1.	0.	
0.	0.	0.	1.	
Dynamic:	0	

Frame:	62
1.	0.	0.	0.	
0.	1.	0.	0.	
0.	0.	1.	0.	
0.	0.	0.	1.	
Dynamic:	0	

Frame:	63
1.	0.	0.	0.	
0.	1.	0.	0.	
0.	0.	1.	0.	
0.	0.	0.	1.	
Dynamic:	0	

Frame:	64
1.	0.	0.	0.	
0.	1.	0.	0.	
0.	0.	1.	0.	
0.	0.	0.	1.	
Dynamic:	0	

Frame:	65
1.	0.	0.	0.	
0.	1.	0.	0.	
0.	0.	1.	0.	
0.	0.	0.	1.	
Dynamic:	0	

Frame:	66
1.	0.	0.	0.	
0.	1.	0.	0.	
0.	0.	1.	0.	
0.	0.	0.	1.	
Dynamic:	0	

Frame:	67
1.	0.	0.	0.	
0.	1.	0.	0.	
0.	0.	1.	0.	
0.	0.	0.	1.	
Dynamic:	0	

Frame:	68
1.	0.	0.	0.	
0.	1.	0.	0.	
0.	0.	1.	0.	
0.	0.	0.	1.	
Dynamic:	0	

Frame:	69
1.	0.	0.	0.	
0.	1.	0.	0.	
0.	0.	1.	0.	
0.	0.	0.	1.	
Dynamic:	0	

Frame:	70
1.	0.	0.	0.	
0.	1.	0.	0.	
0.	0.	1.	0.	
0.	7.81274e-002	0.	1.	
Dynamic:	0	

Frame:	71
1.	5.08448e-004	0.	0.	
-5.08448e-004	1.	0.	0.	
0.	0.	1.	0.	
-1.28448e-003	0.254912	0.	1.	
Dynamic:	0	

Frame:	72
1.	7.23056e-004	0.	0.	
-7.23056e-004	1.	0.	0.	
0.	0.	1.	0.	
-1.93266e-003	0.385545	0.	1.	
Dynamic:	0	

Frame:	73
1.	6.4722e-004	0.	0.	
-6.4722e-004	1.	0.	0.	
0.	0.	1.	0.	
-1.95077e-003	0.476544	0.	1.	
Dynamic:	0	

Frame:	74
1.	7.27973e-004	0.	0.	
-7.27973e-004	1.	0.	0.	
0.	0.	1.	0.	
-2.28647e-003	0.55483	0.	1.	
Dynamic:	0	

Frame:	75
0.999999	1.52148e-003	0.	0.	
-1.52148e-003	0.999999	0.	0.	
0.	0.	1.	0.	
-3.74508e-003	0.686598	0.	1.	
Dynamic:	0	

Frame:	76
0.999999	1.09802e-003	0.	0.	
-1.09802e-003	0.999999	0.	0.	
0.	0.	1.	0.	
-4.27019e-003	0.835483	0.	1.	
Dynamic:	0	

Frame:	77
0.999999	1.50044e-003	0.	0.	
-1.50044e-003	0.999999	0.	0.	
0.	0.	1.	0.	
-4.23965e-003	0.836275	0.	1.	
Dynamic:	0	

Frame:	78
0.999999	1.07923e-003	0.	0.	
-1.07923e-003	0.999999	0.	0.	
0.	0.	1.	0.	
-4.62263e-003	0.835444	0.	1.	
Dynamic:	0	

Frame:	79
0.999999	1.15283e-003	0.	0.	
-1.15283e-003	0.999999	0.	0.	
0.	0.	1.	0.	
-4.49436e-003	0.83559	0.	1.	
Dynamic:	0	

Frame:	80
0.999999	1.08286e-003	0.	0.	
-1.08286e-003	0.999999	0.	0.	
0.	0.	1.	0.	
-4.6746e-003	0.835451	0.	1.	
Dynamic:	0	

Frame:	81
0.999999	1.15712e-003	0.	0.	
-1.15712e-003	0.999999	0.	0.	
0.	0.	1.	0.	
-4.42141e-003	0.835599	0.	1.	
Dynamic:	0	

Frame:	82
0.999999	1.0865e-003	0.	0.	
-1.0865e-003	0.999999	0.	0.	
0.	0.	1.	0.	
-4.72106e-003	0.835457	0.	1.	
Dynamic:	0	

Frame:	83
0.999999	1.0294e-003	0.	0.	
-1.0294e-003	0.999999	0.	0.	
0.	0.	1.	0.	
-5.01091e-003	0.835342	0.	1.	
Dynamic:	0	

Frame:	84
0.999999	1.09822e-003	0.	0.	
-1.09822e-003	0.999999	0.	0.	
0.	0.	1.	0.	
-4.60418e-003	0.835482	0.	1.	
Dynamic:	0	

Frame:	85
0.999999	1.03998e-003	0.	0.	
-1.03998e-003	0.999999	0.	0.	
0.	0.	1.	0.	
-4.99688e-003	0.835363	0.	1.	
Dynamic:	0	

Frame:	86
0.999999	1.10915e-003	0.	0.	
-1.10915e-003	0.999999	0.	0.	
0.	0.	1.	0.	
-4.47287e-003	0.835505	0.	1.	
Dynamic:	0	

Frame:	87
0.999999	1.04987e-003	0.	0.	
-1.04987e-003	0.999999	0.	0.	
0.	0.	1.	0.	
-4.97141e-003	0.835382	0.	1.	
Dynamic:	0	

Frame:	88
0.999999	1.11932e-003	0.	0.	
-1.11932e-003	0.999999	0.	0.	
0.	0.	1.	0.	
-4.3295e-003	0.835527	0.	1.	
Dynamic:	0	

Frame:	89
0.999999	1.05912e-003	0.	0.	
-1.05912e-003	0.999999	0.	0.	
0.	0.	1.	0.	
-4.93598e-003	0.835401	0.	1.	
Dynamic:	0	

Frame:	90
0.999999	1.12881e-003	0.	0.	
-1.12881e-003	0.999999	0.	0.	
0.	0.	1.	0.	
-4.17577e-003	0.835548	0.	1.	
Dynamic:	0	

Frame:	91
0.999999	1.06785e-003	0.	0.	
-1.06785e-003	0.999999	0.	0.	
0.	0.	1.	0.	
-4.89164e-003	0.835418	0.	1.	
Dynamic:	0	

Frame:	92
0.999999	1.13773e-003	0.	0.	
-1.13773e-003	0.999999	0.	0.	
0.	0.	1.	0.	
-4.0129e-003	0.835568	0.	1.	
Dynamic:	0	

Frame:	93
0.999999	1.07601e-003	0.	0.	
-1.07601e-003	0.999999	0.	0.	
0.	0.	1.	0.	
-4.84042e-003	0.835434	0.	1.	
Dynamic:	0	

Frame:	94
0.999999	1.14604e-003	0.	0.	
-1.14604e-003	0.999999	0.	0.	
0.	0.	1.	0.	
-3.84316e-003	0.835588	0.	1.	
Dynamic:	0	

Frame:	95
0.999999	1.08374e-003	0.	0.	
-1.08374e-003	0.999999	0.	0.	
0.	0.	1.	0.	
-4.78225e-003	0.83545	0.	1.	
Dynamic:	0	

Frame:	96
0.999999	1.15387e-003	0.	0.	
-1.15387e-003	0.999999	0.	0.	
0.	0.	1.	0.	
-3.66658e-003	0.835606	0.	1.	
Dynamic:	0	

Frame:	97
0.999999	1.091e-003	0.	0.	
-1.091e-003	0.999999	0.	0.	
0.	0.	1.	0.	
-4.71915e-003	0.835465	0.	1.	
Dynamic:	0	

Frame:	98
0.999999	1.1612e-003	0.	0.	
-1.1612e-003	0.999999	0.	0.	
0.	0.	1.	0.	
-3.48537e-003	0.835625	0.	1.	
Dynamic:	0	

Frame:	99
0.999999	1.0979e-003	0.	0.	
-1.0979e-003	0.999999	0.	0.	
0.	0.	1.	0.	
-4.65056e-003	0.835479	0.	1.	
Dynamic:	0	

Frame:	100
0.999999	1.16815e-003	0.	0.	
-1.16815e-003	0.999999	0.	0.	
0.	0.	1.	0.	
-3.29903e-003	0.835642	0.	1.	
Dynamic:	0	

Frame:	101
0.999999	1.10443e-003	0.	0.	
-1.10443e-003	0.999999	0.	0.	
0.	0.	1.	0.	
-4.5781e-003	0.835492	0.	1.	
Dynamic:	0	

Frame:	102
0.999999	1.17468e-003	0.	0.	
-1.17468e-003	0.999999	0.	0.	
0.	0.	1.	0.	
-3.10934e-003	0.83566	0.	1.	
Dynamic:	0	

Frame:	103
0.999999	1.11062e-003	0.	0.	
-1.11062e-003	0.999999	0.	0.	
0.	0.	1.	0.	
-4.50205e-003	0.835505	0.	1.	
Dynamic:	0	

Frame:	104
0.999999	1.18086e-003	0.	0.	
-1.18086e-003	0.999999	0.	0.	
0.	0.	1.	0.	
-2.91667e-003	0.835677	0.	1.	
Dynamic:	0	

Frame:	105
0.999999	1.11652e-003	0.	0.	
-1.11652e-003	0.999999	0.	0.	
0.	0.	1.	0.	
-4.42237e-003	0.835518	0.	1.	
Dynamic:	0	

Frame:	106
0.999999	1.18672e-003	0.	0.	
-1.18672e-003	0.999999	0.	0.	
0.	0.	1.	0.	
-2.72107e-003	0.835693	0.	1.	
Dynamic:	0	

Frame:	107
0.999999	1.12214e-003	0.	0.	
-1.12214e-003	0.999999	0.	0.	
0.	0.	1.	0.	
-4.33993e-003	0.83553	0.	1.	
Dynamic:	0	

Frame:	108
0.999999	1.19227e-003	0.	0.	
-1.19227e-003	0.999999	0.	0.	
0.	0.	1.	0.	
-2.52346e-003	0.83571	0.	1.	
Dynamic:	0	

Frame:	109
0.999999	1.12752e-003	0.	0.	
-1.12752e-003	0.999999	0.	0.	
0.	0.	1.	0.	
-4.25454e-003	0.835541	0.	1.	
Dynamic:	0	

Frame:	110
0.999999	1.19756e-003	0.	0.	
-1.19756e-003	0.999999	0.	0.	
0.	0.	1.	0.	
-2.32377e-003	0.835726	0.	1.	
Dynamic:	0	

Frame:	111
0.999999	1.13259e-003	0.	0.	
-1.13259e-003	0.999999	0.	0.	
0.	0.	1.	0.	
-4.1688e-003	0.835552	0.	1.	
Dynamic:	0	

Frame:	112
0.999999	1.20252e-003	0.	0.	
-1.20252e-003	0.999999	0.	0.	
0.	0.	1.	0.	
-2.12476e-003	0.835742	0.	1.	
Dynamic:	0	

Frame:	113
0.999999	1.13753e-003	0.	0.	
-1.13753e-003	0.999999	0.	0.	
0.	0.	1.	0.	
-4.07861e-003	0.835563	0.	1.	
Dynamic:	0	

Frame:	114
0.999999	1.20732e-003	0.	0.	
-1.20732e-003	0.999999	0.	0.	
0.	0.	1.	0.	
-1.92215e-003	0.835758	0.	1.	
Dynamic:	0	

Frame:	115
0.999999	1.28869e-003	0.	0.	
-1.28869e-003	0.999999	0.	0.	
0.	0.	1.	0.	
6.59462e-004	0.835989	0.	1.	
Dynamic:	0	

Frame:	116
0.999999	1.202e-003	0.	0.	
-1.202e-003	0.999999	0.	0.	
0.	0.	1.	0.	
-2.16311e-003	0.835739	0.	1.	
Dynamic:	0	

Frame:	117
0.999999	1.28456e-003	0.	0.	
-1.28456e-003	0.999999	0.	0.	
0.	0.	1.	0.	
5.93774e-004	0.83598	0.	1.	
Dynamic:	0	

Frame:	118
0.999999	1.19766e-003	0.	0.	
-1.19766e-003	0.999999	0.	0.	
0.	0.	1.	0.	
-2.38049e-003	0.835723	0.	1.	
Dynamic:	0	

Frame:	119
0.999999	1.28126e-003	0.	0.	
-1.28126e-003	0.999999	0.	0.	
0.	0.	1.	0.	
5.50351e-004	0.835974	0.	1.	
Dynamic:	0	

Frame:	120
0.999999	1.19409e-003	0.	0.	
-1.19409e-003	0.999999	0.	0.	
0.	0.	1.	0.	
-2.57831e-003	0.835708	0.	1.	
Dynamic:	0	

Frame:	121
0.999999	1.27875e-003	0.	0.	
-1.27875e-003	0.999999	0.	0.	
0.	0.	1.	0.	
5.30879e-004	0.83597	0.	1.	
Dynamic:	0	

Frame:	122
0.999999	1.20445e-003	0.	0.	
-1.20445e-003	0.999999	0.	0.	
0.	0.	1.	0.	
-2.25936e-003	0.835737	0.	1.	
Dynamic:	0	

Frame:	123
0.999999	1.27602e-003	0.	0.	
-1.27602e-003	0.999999	0.	0.	
0.	0.	1.	0.	
4.87726e-004	0.835965	0.	1.	
Dynamic:	0	

Frame:	124
0.999999	1.20283e-003	0.	0.	
-1.20283e-003	0.999999	0.	0.	
0.	0.	1.	0.	
-2.38271e-003	0.835728	0.	1.	
Dynamic:	0	

Frame:	125
0.999999	1.27382e-003	0.	0.	
-1.27382e-003	0.999999	0.	0.	
0.	0.	1.	0.	
4.60532e-004	0.835962	0.	1.	
Dynamic:	0	

Frame:	126
0.999999	1.2017e-003	0.	0.	
-1.2017e-003	0.999999	0.	0.	
0.	0.	1.	0.	
-2.48772e-003	0.835721	0.	1.	
Dynamic:	0	

Frame:	127
0.999999	1.27215e-003	0.	0.	
-1.27215e-003	0.999999	0.	0.	
0.	0.	1.	0.	
4.50986e-004	0.83596	0.	1.	
Dynamic:	0	

Frame:	128
0.999999	1.35504e-003	0.	0.	
-1.35504e-003	0.999999	0.	0.	
0.	0.	1.	0.	
3.97726e-003	0.836246	0.	1.	
Dynamic:	0	

Frame:	129
0.999999	1.26018e-003	0.	0.	
-1.26018e-003	0.999999	0.	0.	
0.	0.	1.	0.	
-1.37119e-004	0.835913	0.	1.	
Dynamic:	0	

Frame:	130
0.999999	1.34461e-003	0.	0.	
-1.34461e-003	0.999999	0.	0.	
0.	0.	1.	0.	
3.59489e-003	0.836214	0.	1.	
Dynamic:	0	

Frame:	131
0.999999	1.24995e-003	0.	0.	
-1.24995e-003	0.999999	0.	0.	
0.	0.	1.	0.	
-6.68469e-004	0.835871	0.	1.	
Dynamic:	0	

Frame:	132
0.999999	1.33575e-003	0.	0.	
-1.33575e-003	0.999999	0.	0.	
0.	0.	1.	0.	
3.26734e-003	0.836187	0.	1.	
Dynamic:	0	

Frame:	133
0.999999	1.24118e-003	0.	0.	
-1.24118e-003	0.999999	0.	0.	
0.	0.	1.	0.	
-1.14928e-003	0.835834	0.	1.	
Dynamic:	0	

Frame:	134
0.999999	1.32839e-003	0.	0.	
-1.32839e-003	0.999999	0.	0.	
0.	0.	1.	0.	
2.99625e-003	0.836165	0.	1.	
Dynamic:	0	

Frame:	135
0.999999	1.25023e-003	0.	0.	
-1.25023e-003	0.999999	0.	0.	
0.	0.	1.	0.	
-7.8406e-004	0.835863	0.	1.	
Dynamic:	0	

Frame:	136
0.999999	1.32101e-003	0.	0.	
-1.32101e-003	0.999999	0.	0.	
0.	0.	1.	0.	
2.69782e-003	0.836141	0.	1.	
Dynamic:	0	

Frame:	137
0.999999	1.24478e-003	0.	0.	
-1.24478e-003	0.999999	0.	0.	
0.	0.	1.	0.	
-1.11522e-003	0.835837	0.	1.	
Dynamic:	0	

Frame:	138
0.999999	1.31474e-003	0.	0.	
-1.31474e-003	0.999999	0.	0.	
0.	0.	1.	0.	
2.44266e-003	0.83612	0.	1.	
Dynamic:	0	

Frame:	139
0.999999	1.39926e-003	0.	0.	
-1.39926e-003	0.999999	0.	0.	
0.	0.	1.	0.	
6.8108e-003	0.836468	0.	1.	
Dynamic:	0	

Frame:	140
0.999999	1.29792e-003	0.	0.	
-1.29792e-003	0.999999	0.	0.	
0.	0.	1.	0.	
1.48879e-003	0.836044	0.	1.	
Dynamic:	0	

Frame:	141
0.999999	1.38423e-003	0.	0.	
-1.38423e-003	0.999999	0.	0.	
0.	0.	1.	0.	
6.09328e-003	0.836411	0.	1.	
Dynamic:	0	

Frame:	142
0.999999	1.28341e-003	0.	0.	
-1.28341e-003	0.999999	0.	0.	
0.	0.	1.	0.	
6.31105e-004	0.835976	0.	1.	
Dynamic:	0	

Frame:	143
0.999999	1.37143e-003	0.	0.	
-1.37143e-003	0.999999	0.	0.	
0.	0.	1.	0.	
5.4729e-003	0.836362	0.	1.	
Dynamic:	0	

Frame:	144
0.999999	1.28896e-003	0.	0.	
-1.28896e-003	0.999999	0.	0.	
0.	0.	1.	0.	
8.68206e-004	0.835994	0.	1.	
Dynamic:	0	

Frame:	145
0.999999	1.35927e-003	0.	0.	
-1.35927e-003	0.999999	0.	0.	
0.	0.	1.	0.	
4.85244e-003	0.836313	0.	1.	
Dynamic:	0	

Frame:	146
0.999999	1.44338e-003	0.	0.	
-1.44338e-003	0.999999	0.	0.	
0.	0.	1.	0.	
9.68861e-003	0.836701	0.	1.	
Dynamic:	0	

Frame:	147
0.999999	1.33646e-003	0.	0.	
-1.33646e-003	0.999999	0.	0.	
0.	0.	1.	0.	
3.45202e-003	0.8362	0.	1.	
Dynamic:	0	

Frame:	148
0.999999	1.42297e-003	0.	0.	
-1.42297e-003	0.999999	0.	0.	
0.	0.	1.	0.	
8.5701e-003	0.836612	0.	1.	
Dynamic:	0	

Frame:	149
0.999999	1.31697e-003	0.	0.	
-1.31697e-003	0.999999	0.	0.	
0.	0.	1.	0.	
2.21103e-003	0.836099	0.	1.	
Dynamic:	0	

Frame:	150
0.999999	1.4053e-003	0.	0.	
-1.4053e-003	0.999999	0.	0.	
0.	0.	1.	0.	
7.58296e-003	0.836533	0.	1.	
Dynamic:	0	

Frame:	151
0.999999	1.48821e-003	0.	0.	
-1.48821e-003	0.999999	0.	0.	
0.	0.	1.	0.	
1.26946e-002	0.836947	0.	1.	
Dynamic:	0	

Frame:	152
0.999999	1.3761e-003	0.	0.	
-1.3761e-003	0.999999	0.	0.	
0.	0.	1.	0.	
5.68979e-003	0.836378	0.	1.	
Dynamic:	0	

Frame:	153
0.999999	1.4616e-003	0.	0.	
-1.4616e-003	0.999999	0.	0.	
0.	0.	1.	0.	
1.1103e-002	0.836819	0.	1.	
Dynamic:	0	

Frame:	154
0.999999	1.35087e-003	0.	0.	
-1.35087e-003	0.999999	0.	0.	
0.	0.	1.	0.	
4.00112e-003	0.836239	0.	1.	
Dynamic:	0	

Frame:	155
0.999999	1.4388e-003	0.	0.	
-1.4388e-003	0.999999	0.	0.	
0.	0.	1.	0.	
9.7133e-003	0.836707	0.	1.	
Dynamic:	0	

Frame:	156
0.999999	1.52098e-003	0.	0.	
-1.52098e-003	0.999999	0.	0.	
0.	0.	1.	0.	
1.51205e-002	0.837152	0.	1.	
Dynamic:	0	

Frame:	157
0.999999	1.40445e-003	0.	0.	
-1.40445e-003	0.999999	0.	0.	
0.	0.	1.	0.	
7.35704e-003	0.836511	0.	1.	
Dynamic:	0	

Frame:	158
0.999999	1.48962e-003	0.	0.	
-1.48962e-003	0.999999	0.	0.	
0.	0.	1.	0.	
1.31017e-002	0.836987	0.	1.	
Dynamic:	0	

Frame:	159
0.999999	1.37486e-003	0.	0.	
-1.37486e-003	0.999999	0.	0.	
0.	0.	1.	0.	
5.26546e-003	0.836336	0.	1.	
Dynamic:	0	

Frame:	160
0.999999	1.46274e-003	0.	0.	
-1.46274e-003	0.999999	0.	0.	
0.	0.	1.	0.	
1.13389e-002	0.836842	0.	1.	
Dynamic:	0	

Frame:	161
0.999999	1.54475e-003	0.	0.	
-1.54475e-003	0.999999	0.	0.	
0.	0.	1.	0.	
1.70746e-002	0.837322	0.	1.	
Dynamic:	0	

Frame:	162
0.999999	1.4244e-003	0.	0.	
-1.4244e-003	0.999999	0.	0.	
0.	0.	1.	0.	
8.55813e-003	0.836607	0.	1.	
Dynamic:	0	

Frame:	163
0.999999	1.50973e-003	0.	0.	
-1.50973e-003	0.999999	0.	0.	
0.	0.	1.	0.	
1.46671e-002	0.837122	0.	1.	
Dynamic:	0	

Frame:	164
0.999999	1.39145e-003	0.	0.	
-1.39145e-003	0.999999	0.	0.	
0.	0.	1.	0.	
6.10138e-003	0.836396	0.	1.	
Dynamic:	0	

Frame:	165
0.999999	1.47947e-003	0.	0.	
-1.47947e-003	0.999999	0.	0.	
0.	0.	1.	0.	
1.25484e-002	0.836945	0.	1.	
Dynamic:	0	

Frame:	166
0.999999	1.56178e-003	0.	0.	
-1.56178e-003	0.999999	0.	0.	
0.	0.	1.	0.	
1.86456e-002	0.837466	0.	1.	
Dynamic:	0	

Frame:	167
0.999999	1.43806e-003	0.	0.	
-1.43806e-003	0.999999	0.	0.	
0.	0.	1.	0.	
9.37841e-003	0.83667	0.	1.	
Dynamic:	0	

Frame:	168
0.999999	1.52352e-003	0.	0.	
-1.52352e-003	0.999999	0.	0.	
0.	0.	1.	0.	
1.58507e-002	0.837228	0.	1.	
Dynamic:	0	

Frame:	169
0.999999	1.40216e-003	0.	0.	
-1.40216e-003	0.999999	0.	0.	
0.	0.	1.	0.	
6.55947e-003	0.836424	0.	1.	
Dynamic:	0	

Frame:	170
0.999999	1.49084e-003	0.	0.	
-1.49084e-003	0.999999	0.	0.	
0.	0.	1.	0.	
1.3422e-002	0.837021	0.	1.	
Dynamic:	0	

Frame:	171
0.999999	1.57326e-003	0.	0.	
-1.57326e-003	0.999999	0.	0.	
0.	0.	1.	0.	
1.98683e-002	0.837584	0.	1.	
Dynamic:	0	

Frame:	172
0.999999	1.44654e-003	0.	0.	
-1.44654e-003	0.999999	0.	0.	
0.	0.	1.	0.	
9.85271e-003	0.836705	0.	1.	
Dynamic:	0	

Frame:	173
0.999999	1.53271e-003	0.	0.	
-1.53271e-003	0.999999	0.	0.	
0.	0.	1.	0.	
1.67348e-002	0.837312	0.	1.	
Dynamic:	0	

Frame:	174
0.999999	1.61248e-003	0.	0.	
-1.61248e-003	0.999999	0.	0.	
0.	0.	1.	0.	
2.31708e-002	0.837883	0.	1.	
Dynamic:	0	

Frame:	175
0.999999	1.48116e-003	0.	0.	
-1.48116e-003	0.999999	0.	0.	
0.	0.	1.	0.	
1.24662e-002	0.836929	0.	1.	
Dynamic:	0	

Frame:	176
0.999999	1.56524e-003	0.	0.	
-1.56524e-003	0.999999	0.	0.	
0.	0.	1.	0.	
1.93897e-002	0.837549	0.	1.	
Dynamic:	0	

Frame:	177
0.999999	1.64692e-003	0.	0.	
-1.64692e-003	0.999999	0.	0.	
0.	0.	1.	0.	
2.61831e-002	0.83816	0.	1.	
Dynamic:	0	

Frame:	178
0.999999	1.50765e-003	0.	0.	
-1.50765e-003	0.999999	0.	0.	
0.	0.	1.	0.	
1.44853e-002	0.837102	0.	1.	
Dynamic:	0	

Frame:	179
0.999999	1.58994e-003	0.	0.	
-1.58994e-003	0.999999	0.	0.	
0.	0.	1.	0.	
2.14651e-002	0.837736	0.	1.	
Dynamic:	0	

Frame:	180
0.999999	1.45831e-003	0.	0.	
-1.45831e-003	0.999999	0.	0.	
0.	0.	1.	0.	
1.01915e-002	0.836707	0.	1.	
Dynamic:	0	

Frame:	181
0.999999	1.54504e-003	0.	0.	
-1.54504e-003	0.999999	0.	0.	
0.	0.	1.	0.	
1.76914e-002	0.837395	0.	1.	
Dynamic:	0	

Frame:	182
0.999999	1.62503e-003	0.	0.	
-1.62503e-003	0.999999	0.	0.	
0.	0.	1.	0.	
2.46735e-002	0.83804	0.	1.	
Dynamic:	0	

Frame:	183
0.999999	1.48901e-003	0.	0.	
-1.48901e-003	0.999999	0.	0.	
0.	0.	1.	0.	
1.26879e-002	0.836928	0.	1.	
Dynamic:	0	

Frame:	184
0.999999	1.57343e-003	0.	0.	
-1.57343e-003	0.999999	0.	0.	
0.	0.	1.	0.	
2.01964e-002	0.837628	0.	1.	
Dynamic:	0	

Frame:	185
0.999999	1.65139e-003	0.	0.	
-1.65139e-003	0.999999	0.	0.	
0.	0.	1.	0.	
2.71949e-002	0.838284	0.	1.	
Dynamic:	0	

Frame:	186
0.999999	1.51166e-003	0.	0.	
-1.51166e-003	0.999999	0.	0.	
0.	0.	1.	0.	
1.4536e-002	0.837091	0.	1.	
Dynamic:	0	

Frame:	187
0.999999	1.59461e-003	0.	0.	
-1.59461e-003	0.999999	0.	0.	
0.	0.	1.	0.	
2.21191e-002	0.83781	0.	1.	
Dynamic:	0	

Frame:	188
0.999999	1.67088e-003	0.	0.	
-1.67088e-003	0.999999	0.	0.	
0.	0.	1.	0.	
2.91548e-002	0.83848	0.	1.	
Dynamic:	0	

Frame:	189
0.999999	1.52796e-003	0.	0.	
-1.52796e-003	0.999999	0.	0.	
0.	0.	1.	0.	
1.58538e-002	0.837206	0.	1.	
Dynamic:	0	

Frame:	190
0.999999	1.60964e-003	0.	0.	
-1.60964e-003	0.999999	0.	0.	
0.	0.	1.	0.	
2.3522e-002	0.837944	0.	1.	
Dynamic:	0	

Frame:	191
0.999999	1.68459e-003	0.	0.	
-1.68459e-003	0.999999	0.	0.	
0.	0.	1.	0.	
3.06208e-002	0.838632	0.	1.	
Dynamic:	0	

Frame:	192
0.999999	1.53893e-003	0.	0.	
-1.53893e-003	0.999999	0.	0.	
0.	0.	1.	0.	
1.67054e-002	0.837277	0.	1.	
Dynamic:	0	

Frame:	193
0.999999	1.61973e-003	0.	0.	
-1.61973e-003	0.999999	0.	0.	
0.	0.	1.	0.	
2.4491e-002	0.838039	0.	1.	
Dynamic:	0	

Frame:	194
0.999999	1.69366e-003	0.	0.	
-1.69366e-003	0.999999	0.	0.	
0.	0.	1.	0.	
3.1676e-002	0.838747	0.	1.	
Dynamic:	0	

Frame:	195
0.999999	1.54564e-003	0.	0.	
-1.54564e-003	0.999999	0.	0.	
0.	0.	1.	0.	
1.71693e-002	0.83731	0.	1.	
Dynamic:	0	

Frame:	196
0.999999	1.62547e-003	0.	0.	
-1.62547e-003	0.999999	0.	0.	
0.	0.	1.	0.	
2.50584e-002	0.838096	0.	1.	
Dynamic:	0	

Frame:	197
0.999999	1.6986e-003	0.	0.	
-1.6986e-003	0.999999	0.	0.	
0.	0.	1.	0.	
3.23455e-002	0.838826	0.	1.	
Dynamic:	0	

Frame:	198
0.999998	1.77454e-003	0.	0.	
-1.77454e-003	0.999998	0.	0.	
0.	0.	1.	0.	
3.99753e-002	0.839595	0.	1.	
Dynamic:	0	

Frame:	199
0.999999	1.60772e-003	0.	0.	
-1.60772e-003	0.999999	0.	0.	
0.	0.	1.	0.	
2.30782e-002	0.837883	0.	1.	
Dynamic:	0	

Frame:	200
0.999999	1.68155e-003	0.	0.	
-1.68155e-003	0.999999	0.	0.	
0.	0.	1.	0.	
3.06171e-002	0.838651	0.	1.	
Dynamic:	0	

Frame:	201
0.999998	1.7492e-003	0.	0.	
-1.7492e-003	0.999998	0.	0.	
0.	0.	1.	0.	
3.75803e-002	0.839364	0.	1.	
Dynamic:	0	

Frame:	202
0.999999	1.5922e-003	0.	0.	
-1.5922e-003	0.999999	0.	0.	
0.	0.	1.	0.	
2.12909e-002	0.837686	0.	1.	
Dynamic:	0	

Frame:	203
0.999999	1.66666e-003	0.	0.	
-1.66666e-003	0.999999	0.	0.	
0.	0.	1.	0.	
2.90781e-002	0.838493	0.	1.	
Dynamic:	0	

Frame:	204
0.999998	1.73476e-003	0.	0.	
-1.73476e-003	0.999998	0.	0.	
0.	0.	1.	0.	
3.62557e-002	0.839241	0.	1.	
Dynamic:	0	

Frame:	205
0.999999	1.5924e-003	0.	0.	
-1.5924e-003	0.999999	0.	0.	
0.	0.	1.	0.	
2.11348e-002	0.837656	0.	1.	
Dynamic:	0	

Frame:	206
0.999999	1.65101e-003	0.	0.	
-1.65101e-003	0.999999	0.	0.	
0.	0.	1.	0.	
2.7408e-002	0.838317	0.	1.	
Dynamic:	0	

Frame:	207
0.999999	1.71905e-003	0.	0.	
-1.71905e-003	0.999999	0.	0.	
0.	0.	1.	0.	
3.47457e-002	0.839095	0.	1.	
Dynamic:	0	

Frame:	208
0.999998	1.78074e-003	0.	0.	
-1.78074e-003	0.999998	0.	0.	
0.	0.	1.	0.	
4.14507e-002	0.83981	0.	1.	
Dynamic:	0	

Frame:	209
0.999999	1.61666e-003	0.	0.	
-1.61666e-003	0.999999	0.	0.	
0.	0.	1.	0.	
2.34842e-002	0.837884	0.	1.	
Dynamic:	0	

Frame:	210
0.999999	1.68701e-003	0.	0.	
-1.68701e-003	0.999999	0.	0.	
0.	0.	1.	0.	
3.12453e-002	0.83872	0.	1.	
Dynamic:	0	

Frame:	211
0.999998	1.74945e-003	0.	0.	
-1.74945e-003	0.999998	0.	0.	
0.	0.	1.	0.	
3.81844e-002	0.839473	0.	1.	
Dynamic:	0	

Frame:	212
0.999998	1.80693e-003	0.	0.	
-1.80693e-003	0.999998	0.	0.	
0.	0.	1.	0.	
4.46191e-002	0.840175	0.	1.	
Dynamic:	0	

Frame:	213
0.999999	1.63781e-003	0.	0.	
-1.63781e-003	0.999999	0.	0.	
0.	0.	1.	0.	
2.55483e-002	0.838083	0.	1.	
Dynamic:	0	

Frame:	214
0.999999	1.70377e-003	0.	0.	
-1.70377e-003	0.999999	0.	0.	
0.	0.	1.	0.	
3.30397e-002	0.838909	0.	1.	
Dynamic:	0	

Frame:	215
0.999998	1.76281e-003	0.	0.	
-1.76281e-003	0.999998	0.	0.	
0.	0.	1.	0.	
3.97939e-002	0.839658	0.	1.	
Dynamic:	0	

Frame:	216
0.999999	1.60988e-003	0.	0.	
-1.60988e-003	0.999999	0.	0.	
0.	0.	1.	0.	
2.21731e-002	0.837693	0.	1.	
Dynamic:	0	

Frame:	217
0.999999	1.66279e-003	0.	0.	
-1.66279e-003	0.999999	0.	0.	
0.	0.	1.	0.	
2.83135e-002	0.838382	0.	1.	
Dynamic:	0	

Frame:	218
0.999999	1.72386e-003	0.	0.	
-1.72386e-003	0.999999	0.	0.	
0.	0.	1.	0.	
3.54497e-002	0.839187	0.	1.	
Dynamic:	0	

Frame:	219
0.999998	1.77845e-003	0.	0.	
-1.77845e-003	0.999998	0.	0.	
0.	0.	1.	0.	
4.18724e-002	0.839916	0.	1.	
Dynamic:	0	

Frame:	220
0.999999	1.62018e-003	0.	0.	
-1.62018e-003	0.999999	0.	0.	
0.	0.	1.	0.	
2.31203e-002	0.837776	0.	1.	
Dynamic:	0	

Frame:	221
0.999999	1.67527e-003	0.	0.	
-1.67527e-003	0.999999	0.	0.	
0.	0.	1.	0.	
2.96927e-002	0.83853	0.	1.	
Dynamic:	0	

Frame:	222
0.999999	1.727e-003	0.	0.	
-1.727e-003	0.999999	0.	0.	
0.	0.	1.	0.	
3.59067e-002	0.839247	0.	1.	
Dynamic:	0	

Frame:	223
0.999998	1.77849e-003	0.	0.	
-1.77849e-003	0.999998	0.	0.	
0.	0.	1.	0.	
4.21333e-002	0.83997	0.	1.	
Dynamic:	0	

Frame:	224
0.999999	1.61599e-003	0.	0.	
-1.61599e-003	0.999999	0.	0.	
0.	0.	1.	0.	
2.23494e-002	0.837661	0.	1.	
Dynamic:	0	

Frame:	225
0.999999	1.66918e-003	0.	0.	
-1.66918e-003	0.999999	0.	0.	
0.	0.	1.	0.	
2.88683e-002	0.838426	0.	1.	
Dynamic:	0	

Frame:	226
0.999999	1.71622e-003	0.	0.	
-1.71622e-003	0.999999	0.	0.	
0.	0.	1.	0.	
3.4672e-002	0.839111	0.	1.	
Dynamic:	0	

Frame:	227
0.999998	1.76577e-003	0.	0.	
-1.76577e-003	0.999998	0.	0.	
0.	0.	1.	0.	
4.08252e-002	0.839841	0.	1.	
Dynamic:	0	

Frame:	228
0.999998	1.80771e-003	0.	0.	
-1.80771e-003	0.999998	0.	0.	
0.	0.	1.	0.	
4.60678e-002	0.840467	0.	1.	
Dynamic:	0	

Frame:	229
0.999999	1.6344e-003	0.	0.	
-1.6344e-003	0.999999	0.	0.	
0.	0.	1.	0.	
2.4263e-002	0.83785	0.	1.	
Dynamic:	0	

Frame:	230
0.999999	1.68084e-003	0.	0.	
-1.68084e-003	0.999999	0.	0.	
0.	0.	1.	0.	
3.01428e-002	0.838559	0.	1.	
Dynamic:	0	

Frame:	231
0.999999	1.72168e-003	0.	0.	
-1.72168e-003	0.999999	0.	0.	
0.	0.	1.	0.	
3.53483e-002	0.839191	0.	1.	
Dynamic:	0	

Frame:	232
0.999998	1.76791e-003	0.	0.	
-1.76791e-003	0.999998	0.	0.	
0.	0.	1.	0.	
4.12771e-002	0.839915	0.	1.	
Dynamic:	0	

Frame:	233
0.999999	1.59829e-003	0.	0.	
-1.59829e-003	0.999999	0.	0.	
0.	0.	1.	0.	
1.93855e-002	0.837229	0.	1.	
Dynamic:	0	

Frame:	234
0.999999	1.64311e-003	0.	0.	
-1.64311e-003	0.999999	0.	0.	
0.	0.	1.	0.	
2.52065e-002	0.837947	0.	1.	
Dynamic:	0	

Frame:	235
0.999999	1.68247e-003	0.	0.	
-1.68247e-003	0.999999	0.	0.	
0.	0.	1.	0.	
3.03501e-002	0.838585	0.	1.	
Dynamic:	0	

Frame:	236
0.999999	1.71671e-003	0.	0.	
-1.71671e-003	0.999999	0.	0.	
0.	0.	1.	0.	
3.48525e-002	0.839146	0.	1.	
Dynamic:	0	

Frame:	237
0.999998	1.74555e-003	0.	0.	
-1.74555e-003	0.999998	0.	0.	
0.	0.	1.	0.	
3.86683e-002	0.839625	0.	1.	
Dynamic:	0	

Frame:	238
0.999998	1.77111e-003	0.	0.	
-1.77111e-003	0.999998	0.	0.	
0.	0.	1.	0.	
4.20716e-002	0.840055	0.	1.	
Dynamic:	0	

Frame:	239
0.999999	1.60813e-003	0.	0.	
-1.60813e-003	0.999999	0.	0.	
0.	0.	1.	0.	
2.02425e-002	0.837286	0.	1.	
Dynamic:	0	

Frame:	240
0.999999	1.64222e-003	0.	0.	
-1.64222e-003	0.999999	0.	0.	
0.	0.	1.	0.	
2.48367e-002	0.837872	0.	1.	
Dynamic:	0	

Frame:	241
0.999999	1.67298e-003	0.	0.	
-1.67298e-003	0.999999	0.	0.	
0.	0.	1.	0.	
2.90059e-002	0.838406	0.	1.	
Dynamic:	0	

Frame:	242
0.999999	1.69841e-003	0.	0.	
-1.69841e-003	0.999999	0.	0.	
0.	0.	1.	0.	
3.24731e-002	0.838853	0.	1.	
Dynamic:	0	

Frame:	243
0.999999	1.71898e-003	0.	0.	
-1.71898e-003	0.999999	0.	0.	
0.	0.	1.	0.	
3.52949e-002	0.839219	0.	1.	
Dynamic:	0	

Frame:	244
0.999999	1.5583e-003	0.	0.	
-1.5583e-003	0.999999	0.	0.	
0.	0.	1.	0.	
1.31249e-002	0.836331	0.	1.	
Dynamic:	0	

Frame:	245
0.999999	1.58542e-003	0.	0.	
-1.58542e-003	0.999999	0.	0.	
0.	0.	1.	0.	
1.6888e-002	0.836823	0.	1.	
Dynamic:	0	

Frame:	246
0.999999	1.60787e-003	0.	0.	
-1.60787e-003	0.999999	0.	0.	
0.	0.	1.	0.	
2.00229e-002	0.837236	0.	1.	
Dynamic:	0	

Frame:	247
0.999999	1.62635e-003	0.	0.	
-1.62635e-003	0.999999	0.	0.	
0.	0.	1.	0.	
2.26176e-002	0.83758	0.	1.	
Dynamic:	0	

Frame:	248
0.999999	1.64129e-003	0.	0.	
-1.64129e-003	0.999999	0.	0.	
0.	0.	1.	0.	
2.47272e-002	0.83786	0.	1.	
Dynamic:	0	

Frame:	249
0.999999	1.65253e-003	0.	0.	
-1.65253e-003	0.999999	0.	0.	
0.	0.	1.	0.	
2.63224e-002	0.838074	0.	1.	
Dynamic:	0	

Frame:	250
0.999999	1.50576e-003	0.	0.	
-1.50576e-003	0.999999	0.	0.	
0.	0.	1.	0.	
5.35987e-003	0.835255	0.	1.	
Dynamic:	0	

Frame:	251
0.999999	1.52898e-003	0.	0.	
-1.52898e-003	0.999999	0.	0.	
0.	0.	1.	0.	
8.6963e-003	0.835706	0.	1.	
Dynamic:	0	

Frame:	252
0.999999	1.54516e-003	0.	0.	
-1.54516e-003	0.999999	0.	0.	
0.	0.	1.	0.	
1.10323e-002	0.836023	0.	1.	
Dynamic:	0	

Frame:	253
0.999999	1.55705e-003	0.	0.	
-1.55705e-003	0.999999	0.	0.	
0.	0.	1.	0.	
1.27596e-002	0.836259	0.	1.	
Dynamic:	0	

Frame:	254
0.999999	1.56445e-003	0.	0.	
-1.56445e-003	0.999999	0.	0.	
0.	0.	1.	0.	
1.38397e-002	0.836407	0.	1.	
Dynamic:	0	

Frame:	255
0.999999	1.57018e-003	0.	0.	
-1.57018e-003	0.999999	0.	0.	
0.	0.	1.	0.	
1.46817e-002	0.836524	0.	1.	
Dynamic:	0	

Frame:	256
0.999999	1.57187e-003	0.	0.	
-1.57187e-003	0.999999	0.	0.	
0.	0.	1.	0.	
1.49308e-002	0.836558	0.	1.	
Dynamic:	0	

Frame:	257
0.999999	1.42428e-003	0.	0.	
-1.42428e-003	0.999999	0.	0.	
0.	0.	1.	0.	
-6.97995e-003	0.833503	0.	1.	
Dynamic:	0	

Frame:	258
0.999999	1.43267e-003	0.	0.	
-1.43267e-003	0.999999	0.	0.	
0.	0.	1.	0.	
-5.7282e-003	0.833679	0.	1.	
Dynamic:	0	

Frame:	259
0.999999	1.43754e-003	0.	0.	
-1.43754e-003	0.999999	0.	0.	
0.	0.	1.	0.	
-4.99731e-003	0.833782	0.	1.	
Dynamic:	0	

Frame:	260
0.999999	1.43975e-003	0.	0.	
-1.43975e-003	0.999999	0.	0.	
0.	0.	1.	0.	
-4.66385e-003	0.833829	0.	1.	
Dynamic:	0	

Frame:	261
0.999999	1.42187e-003	0.	0.	
-1.42187e-003	0.999999	0.	0.	
0.	0.	1.	0.	
-7.37583e-003	0.833443	0.	1.	
Dynamic:	0	

Frame:	262
0.999999	1.41657e-003	0.	0.	
-1.41657e-003	0.999999	0.	0.	
0.	0.	1.	0.	
-8.18359e-003	0.833328	0.	1.	
Dynamic:	0	

Frame:	263
0.999999	1.40974e-003	0.	0.	
-1.40974e-003	0.999999	0.	0.	
0.	0.	1.	0.	
-9.23092e-003	0.833177	0.	1.	
Dynamic:	0	

Frame:	264
0.999999	1.40135e-003	0.	0.	
-1.40135e-003	0.999999	0.	0.	
0.	0.	1.	0.	
-1.05238e-002	0.832991	0.	1.	
Dynamic:	0	

Frame:	265
0.999999	1.38898e-003	0.	0.	
-1.38898e-003	0.999999	0.	0.	
0.	0.	1.	0.	
-1.24387e-002	0.832713	0.	1.	
Dynamic:	0	

Frame:	266
0.999999	1.26678e-003	0.	0.	
-1.26678e-003	0.999999	0.	0.	
0.	0.	1.	0.	
-3.14652e-002	0.82994	0.	1.	
Dynamic:	0	

Frame:	267
0.999999	1.26105e-003	0.	0.	
-1.26105e-003	0.999999	0.	0.	
0.	0.	1.	0.	
-3.23607e-002	0.829809	0.	1.	
Dynamic:	0	

Frame:	268
0.999999	1.23272e-003	0.	0.	
-1.23272e-003	0.999999	0.	0.	
0.	0.	1.	0.	
-3.68177e-002	0.829153	0.	1.	
Dynamic:	0	

Frame:	269
0.999999	1.22186e-003	0.	0.	
-1.22186e-003	0.999999	0.	0.	
0.	0.	1.	0.	
-3.85341e-002	0.828899	0.	1.	
Dynamic:	0	

Frame:	270
0.999999	1.20771e-003	0.	0.	
-1.20771e-003	0.999999	0.	0.	
0.	0.	1.	0.	
-4.07836e-002	0.828565	0.	1.	
Dynamic:	0	

Frame:	271
0.999999	1.19198e-003	0.	0.	
-1.19198e-003	0.999999	0.	0.	
0.	0.	1.	0.	
-4.32945e-002	0.828191	0.	1.	
Dynamic:	0	

Frame:	272
0.999999	1.15096e-003	0.	0.	
-1.15096e-003	0.999999	0.	0.	
0.	0.	1.	0.	
-4.98787e-002	0.827204	0.	1.	
Dynamic:	0	

Frame:	273
0.999999	1.23641e-003	0.	0.	
-1.23641e-003	0.999999	0.	0.	
0.	0.	1.	0.	
-3.60958e-002	0.82928	0.	1.	
Dynamic:	0	

Frame:	274
0.999999	1.30837e-003	0.	0.	
-1.30837e-003	0.999999	0.	0.	
0.	0.	1.	0.	
-2.44314e-002	0.831046	0.	1.	
Dynamic:	0	

Frame:	275
0.999999	1.27764e-003	0.	0.	
-1.27764e-003	0.999999	0.	0.	
0.	0.	1.	0.	
-2.94369e-002	0.830285	0.	1.	
Dynamic:	0	

Frame:	276
0.999999	1.25265e-003	0.	0.	
-1.25265e-003	0.999999	0.	0.	
0.	0.	1.	0.	
-3.3527e-002	0.82966	0.	1.	
Dynamic:	0	

Frame:	277
0.999999	1.22716e-003	0.	0.	
-1.22716e-003	0.999999	0.	0.	
0.	0.	1.	0.	
-3.77199e-002	0.829016	0.	1.	
Dynamic:	0	

Frame:	278
0.999999	1.17449e-003	0.	0.	
-1.17449e-003	0.999999	0.	0.	
0.	0.	1.	0.	
-4.64267e-002	0.827673	0.	1.	
Dynamic:	0	

Frame:	279
0.999999	1.14309e-003	0.	0.	
-1.14309e-003	0.999999	0.	0.	
0.	0.	1.	0.	
-5.16418e-002	0.826865	0.	1.	
Dynamic:	0	

Frame:	280
1.	-3.08018e-004	0.	0.	
3.08018e-004	1.	0.	0.	
0.	0.	1.	0.	
-0.293681	0.788861	0.	1.	
Dynamic:	0	

Frame:	281
0.999999	1.37428e-003	0.	0.	
-1.37428e-003	0.999999	0.	0.	
0.	0.	1.	0.	
-1.17207e-002	0.833281	0.	1.	
Dynamic:	0	

Frame:	282
0.999999	1.10786e-003	0.	0.	
-1.10786e-003	0.999999	0.	0.	
0.	0.	1.	0.	
-5.66042e-002	0.826229	0.	1.	
Dynamic:	0	

Frame:	283
0.999999	1.03341e-003	0.	0.	
-1.03341e-003	0.999999	0.	0.	
0.	0.	1.	0.	
-6.92075e-002	0.824243	0.	1.	
Dynamic:	0	

Frame:	284
0.999999	1.00169e-003	0.	0.	
-1.00169e-003	0.999999	0.	0.	
0.	0.	1.	0.	
-7.46027e-002	0.823389	0.	1.	
Dynamic:	0	

Frame:	285
1.	9.48471e-004	0.	0.	
-9.48471e-004	1.	0.	0.	
0.	0.	1.	0.	
-8.36956e-002	0.821943	0.	1.	
Dynamic:	0	

Frame:	286
1.	9.10676e-004	0.	0.	
-9.10676e-004	1.	0.	0.	
0.	0.	1.	0.	
-9.01838e-002	0.820908	0.	1.	
Dynamic:	0	

Frame:	287
1.	8.77302e-004	0.	0.	
-8.77302e-004	1.	0.	0.	
0.	0.	1.	0.	
-9.59396e-002	0.819986	0.	1.	
Dynamic:	0	

Frame:	288
1.	8.2864e-004	0.	0.	
-8.2864e-004	1.	0.	0.	
0.	0.	1.	0.	
-0.104371	0.818629	0.	1.	
Dynamic:	0	

Frame:	289
1.	7.78983e-004	0.	0.	
-7.78983e-004	1.	0.	0.	
0.	0.	1.	0.	
-0.113014	0.817233	0.	1.	
Dynamic:	0	

Frame:	290
1.	7.54492e-004	0.	0.	
-7.54492e-004	1.	0.	0.	
0.	0.	1.	0.	
-0.117296	0.816538	0.	1.	
Dynamic:	0	

Frame:	291
1.	6.90203e-004	0.	0.	
-6.90203e-004	1.	0.	0.	
0.	0.	1.	0.	
-0.128589	0.814699	0.	1.	
Dynamic:	0	

Frame:	292
1.	6.62787e-004	0.	0.	
-6.62787e-004	1.	0.	0.	
0.	0.	1.	0.	
-0.133426	0.813908	0.	1.	
Dynamic:	0	

Frame:	293
1.	6.09795e-004	0.	0.	
-6.09795e-004	1.	0.	0.	
0.	0.	1.	0.	
-0.142819	0.812367	0.	1.	
Dynamic:	0	

Frame:	294
1.	5.78038e-004	0.	0.	
-5.78038e-004	1.	0.	0.	
0.	0.	1.	0.	
-0.148473	0.811435	0.	1.	
Dynamic:	0	

Frame:	295
1.	5.14263e-004	0.	0.	
-5.14263e-004	1.	0.	0.	
0.	0.	1.	0.	
-0.159878	0.809549	0.	1.	
Dynamic:	0	

Frame:	296
1.	-5.3628e-004	0.	0.	
5.3628e-004	1.	0.	0.	
0.	0.	1.	0.	
-0.348327	0.777448	0.	1.	
Dynamic:	0	

Frame:	297
0.999999	1.20905e-003	0.	0.	
-1.20905e-003	0.999999	0.	0.	
0.	0.	1.	0.	
-3.36961e-002	0.830754	0.	1.	
Dynamic:	0	

Frame:	298
1.	5.75326e-004	0.	0.	
-5.75326e-004	1.	0.	0.	
0.	0.	1.	0.	
-0.14853	0.811491	0.	1.	
Dynamic:	0	

Frame:	299
1.	-6.0031e-004	0.	0.	
6.0031e-004	1.	0.	0.	
0.	0.	1.	0.	
-0.362217	0.774678	0.	1.	
Dynamic:	0	

Frame:	300
0.999999	1.09267e-003	0.	0.	
-1.09267e-003	0.999999	0.	0.	
0.	0.	1.	0.	
-5.30301e-002	0.827771	0.	1.	
Dynamic:	0	

Frame:	301
1.	-6.30387e-004	0.	0.	
6.30387e-004	1.	0.	0.	
0.	0.	1.	0.	
-0.369068	0.773273	0.	1.	
Dynamic:	0	

Frame:	302
0.999999	1.04592e-003	0.	0.	
-1.04592e-003	0.999999	0.	0.	
0.	0.	1.	0.	
-6.02826e-002	0.826738	0.	1.	
Dynamic:	0	

Frame:	303
1.	-6.9355e-004	0.	0.	
6.9355e-004	1.	0.	0.	
0.	0.	1.	0.	
-0.382064	0.770765	0.	1.	
Dynamic:	0	

Frame:	304
1.	9.24935e-004	0.	0.	
-9.24935e-004	1.	0.	0.	
0.	0.	1.	0.	
-8.14022e-002	0.823315	0.	1.	
Dynamic:	0	

Frame:	305
1.	-7.58805e-004	0.	0.	
7.58805e-004	1.	0.	0.	
0.	0.	1.	0.	
-0.395504	0.768169	0.	1.	
Dynamic:	0	

Frame:	306
1.	-8.18597e-004	0.	0.	
8.18597e-004	1.	0.	0.	
0.	0.	1.	0.	
-0.406691	0.766152	0.	1.	
Dynamic:	0	

Frame:	307
1.	9.26732e-004	0.	0.	
-9.26732e-004	1.	0.	0.	
0.	0.	1.	0.	
-7.83457e-002	0.824244	0.	1.	
Dynamic:	0	

Frame:	308
1.	-8.18597e-004	0.	0.	
8.18597e-004	1.	0.	0.	
0.	0.	1.	0.	
-0.408075	0.765711	0.	1.	
Dynamic:	0	

Frame:	309
1.	-8.98827e-004	0.	0.	
8.98827e-004	1.	0.	0.	
0.	0.	1.	0.	
-0.423277	0.762945	0.	1.	
Dynamic:	0	

Frame:	310
1.	8.46502e-004	0.	0.	
-8.46502e-004	1.	0.	0.	
0.	0.	1.	0.	
-9.08151e-002	0.822464	0.	1.	
Dynamic:	0	

Frame:	311
1.	-8.98827e-004	0.	0.	
8.98827e-004	1.	0.	0.	
0.	0.	1.	0.	
-0.424662	0.762505	0.	1.	
Dynamic:	0	

Frame:	312
0.999999	-1.01549e-003	0.	0.	
1.01549e-003	0.999999	0.	0.	
0.	0.	1.	0.	
-0.447045	0.758397	0.	1.	
Dynamic:	0	

Frame:	313
1.	7.29837e-004	0.	0.	
-7.29837e-004	1.	0.	0.	
0.	0.	1.	0.	
-0.110481	0.819387	0.	1.	
Dynamic:	0	

Frame:	314
0.999999	-1.01549e-003	0.	0.	
1.01549e-003	0.999999	0.	0.	
0.	0.	1.	0.	
-0.44843	0.757959	0.	1.	
Dynamic:	0	

Frame:	315
0.999999	-1.13719e-003	0.	0.	
1.13719e-003	0.999999	0.	0.	
0.	0.	1.	0.	
-0.47207	0.753584	0.	1.	
Dynamic:	0	

Frame:	316
0.999999	-1.15312e-003	0.	0.	
1.15312e-003	0.999999	0.	0.	
0.	0.	1.	0.	
-0.475175	0.753008	0.	1.	
Dynamic:	0	

Frame:	317
1.	5.92213e-004	0.	0.	
-5.92213e-004	1.	0.	0.	
0.	0.	1.	0.	
-0.133131	0.815926	0.	1.	
Dynamic:	0	

Frame:	318
0.999999	-1.15312e-003	0.	0.	
1.15312e-003	0.999999	0.	0.	
0.	0.	1.	0.	
-0.476562	0.752574	0.	1.	
Dynamic:	0	

Frame:	319
0.999999	-1.27638e-003	0.	0.	
1.27638e-003	0.999999	0.	0.	
0.	0.	1.	0.	
-0.500898	0.748024	0.	1.	
Dynamic:	0	

Frame:	320
0.999999	-1.37133e-003	0.	0.	
1.37133e-003	0.999999	0.	0.	
0.	0.	1.	0.	
-0.51972	0.744497	0.	1.	
Dynamic:	0	

Frame:	321
0.999999	-1.3707e-003	0.	0.	
1.3707e-003	0.999999	0.	0.	
0.	0.	1.	0.	
-0.519595	0.744521	0.	1.	
Dynamic:	0	

Frame:	322
0.999999	-1.36965e-003	0.	0.	
1.36965e-003	0.999999	0.	0.	
0.	0.	1.	0.	
-0.519385	0.74456	0.	1.	
Dynamic:	0	

Frame:	323
0.999999	-1.36958e-003	0.	0.	
1.36958e-003	0.999999	0.	0.	
0.	0.	1.	0.	
-0.51937	0.744563	0.	1.	
Dynamic:	0	

Frame:	324
0.999999	-1.36819e-003	0.	0.	
1.36819e-003	0.999999	0.	0.	
0.	0.	1.	0.	
-0.519092	0.744616	0.	1.	
Dynamic:	0	

Frame:	325
0.999999	-1.36621e-003	0.	0.	
1.36621e-003	0.999999	0.	0.	
0.	0.	1.	0.	
-0.51869	0.744692	0.	1.	
Dynamic:	0	

Frame:	326
0.999999	-1.36453e-003	0.	0.	
1.36453e-003	0.999999	0.	0.	
0.	0.	1.	0.	
-0.518349	0.744757	0.	1.	
Dynamic:	0	

Frame:	327
1.	3.80798e-004	0.	0.	
-3.80798e-004	1.	0.	0.	
0.	0.	1.	0.	
-0.16251	0.81223	0.	1.	
Dynamic:	0	

Frame:	328
0.999999	-1.36453e-003	0.	0.	
1.36453e-003	0.999999	0.	0.	
0.	0.	1.	0.	
-0.519741	0.744338	0.	1.	
Dynamic:	0	

Frame:	329
0.999999	-1.60548e-003	0.	0.	
1.60548e-003	0.999999	0.	0.	
0.	0.	1.	0.	
-0.569234	0.734871	0.	1.	
Dynamic:	0	

Frame:	330
0.999999	-1.58203e-003	0.	0.	
1.58203e-003	0.999999	0.	0.	
0.	0.	1.	0.	
-0.564398	0.735798	0.	1.	
Dynamic:	0	

Frame:	331
0.999999	-1.55834e-003	0.	0.	
1.55834e-003	0.999999	0.	0.	
0.	0.	1.	0.	
-0.559495	0.736739	0.	1.	
Dynamic:	0	

Frame:	332
0.999999	-1.53232e-003	0.	0.	
1.53232e-003	0.999999	0.	0.	
0.	0.	1.	0.	
-0.554088	0.73778	0.	1.	
Dynamic:	0	

Frame:	333
0.999999	-1.51376e-003	0.	0.	
1.51376e-003	0.999999	0.	0.	
0.	0.	1.	0.	
-0.550216	0.738526	0.	1.	
Dynamic:	0	

Frame:	334
0.999999	-1.4952e-003	0.	0.	
1.4952e-003	0.999999	0.	0.	
0.	0.	1.	0.	
-0.546329	0.739277	0.	1.	
Dynamic:	0	

Frame:	335
0.999999	-1.47846e-003	0.	0.	
1.47846e-003	0.999999	0.	0.	
0.	0.	1.	0.	
-0.54281	0.739959	0.	1.	
Dynamic:	0	

Frame:	336
0.999999	-1.46279e-003	0.	0.	
1.46279e-003	0.999999	0.	0.	
0.	0.	1.	0.	
-0.539504	0.7406	0.	1.	
Dynamic:	0	

Frame:	337
0.999999	-1.55166e-003	0.	0.	
1.55166e-003	0.999999	0.	0.	
0.	0.	1.	0.	
-0.558327	0.736943	0.	1.	
Dynamic:	0	

Frame:	338
0.999999	-1.52908e-003	0.	0.	
1.52908e-003	0.999999	0.	0.	
0.	0.	1.	0.	
-0.553526	0.737877	0.	1.	
Dynamic:	0	

Frame:	339
0.999999	-1.50527e-003	0.	0.	
1.50527e-003	0.999999	0.	0.	
0.	0.	1.	0.	
-0.548445	0.738868	0.	1.	
Dynamic:	0	

Frame:	340
0.999999	-1.48471e-003	0.	0.	
1.48471e-003	0.999999	0.	0.	
0.	0.	1.	0.	
-0.544041	0.739728	0.	1.	
Dynamic:	0	

Frame:	341
0.999999	-1.46175e-003	0.	0.	
1.46175e-003	0.999999	0.	0.	
0.	0.	1.	0.	
-0.539105	0.740694	0.	1.	
Dynamic:	0	

Frame:	342
0.999999	-1.44396e-003	0.	0.	
1.44396e-003	0.999999	0.	0.	
0.	0.	1.	0.	
-0.535265	0.741446	0.	1.	
Dynamic:	0	

Frame:	343
0.999999	-1.53038e-003	0.	0.	
1.53038e-003	0.999999	0.	0.	
0.	0.	1.	0.	
-0.553985	0.737772	0.	1.	
Dynamic:	0	

Frame:	344
0.999999	-1.50249e-003	0.	0.	
1.50249e-003	0.999999	0.	0.	
0.	0.	1.	0.	
-0.547921	0.738964	0.	1.	
Dynamic:	0	

Frame:	345
0.999999	-1.47318e-003	0.	0.	
1.47318e-003	0.999999	0.	0.	
0.	0.	1.	0.	
-0.541525	0.740223	0.	1.	
Dynamic:	0	

Frame:	346
0.999999	-1.45167e-003	0.	0.	
1.45167e-003	0.999999	0.	0.	
0.	0.	1.	0.	
-0.536813	0.741152	0.	1.	
Dynamic:	0	

Frame:	347
0.999999	-1.43039e-003	0.	0.	
1.43039e-003	0.999999	0.	0.	
0.	0.	1.	0.	
-0.532136	0.742075	0.	1.	
Dynamic:	0	

Frame:	348
0.999999	-1.40957e-003	0.	0.	
1.40957e-003	0.999999	0.	0.	
0.	0.	1.	0.	
-0.527541	0.742984	0.	1.	
Dynamic:	0	

Frame:	349
0.999999	-1.48353e-003	0.	0.	
1.48353e-003	0.999999	0.	0.	
0.	0.	1.	0.	
-0.543921	0.739742	0.	1.	
Dynamic:	0	

Frame:	350
0.999999	-1.45893e-003	0.	0.	
1.45893e-003	0.999999	0.	0.	
0.	0.	1.	0.	
-0.538452	0.740825	0.	1.	
Dynamic:	0	

Frame:	351
0.999999	-1.43244e-003	0.	0.	
1.43244e-003	0.999999	0.	0.	
0.	0.	1.	0.	
-0.532543	0.741998	0.	1.	
Dynamic:	0	

Frame:	352
0.999999	-1.40827e-003	0.	0.	
1.40827e-003	0.999999	0.	0.	
0.	0.	1.	0.	
-0.527132	0.743073	0.	1.	
Dynamic:	0	

Frame:	353
0.999999	-1.38328e-003	0.	0.	
1.38328e-003	0.999999	0.	0.	
0.	0.	1.	0.	
-0.521518	0.74419	0.	1.	
Dynamic:	0	

Frame:	354
0.999999	-1.45536e-003	0.	0.	
1.45536e-003	0.999999	0.	0.	
0.	0.	1.	0.	
-0.537771	0.740953	0.	1.	
Dynamic:	0	

Frame:	355
0.999999	-1.42638e-003	0.	0.	
1.42638e-003	0.999999	0.	0.	
0.	0.	1.	0.	
-0.531213	0.74226	0.	1.	
Dynamic:	0	

Frame:	356
0.999999	-1.39394e-003	0.	0.	
1.39394e-003	0.999999	0.	0.	
0.	0.	1.	0.	
-0.523847	0.74373	0.	1.	
Dynamic:	0	

Frame:	357
0.999999	-1.37043e-003	0.	0.	
1.37043e-003	0.999999	0.	0.	
0.	0.	1.	0.	
-0.51849	0.744801	0.	1.	
Dynamic:	0	

Frame:	358
0.999999	-1.34833e-003	0.	0.	
1.34833e-003	0.999999	0.	0.	
0.	0.	1.	0.	
-0.513435	0.745812	0.	1.	
Dynamic:	0	

Frame:	359
0.999999	-1.40611e-003	0.	0.	
1.40611e-003	0.999999	0.	0.	
0.	0.	1.	0.	
-0.526695	0.743157	0.	1.	
Dynamic:	0	

Frame:	360
0.999999	-1.37792e-003	0.	0.	
1.37792e-003	0.999999	0.	0.	
0.	0.	1.	0.	
-0.520202	0.744458	0.	1.	
Dynamic:	0	

Frame:	361
0.999999	-1.35175e-003	0.	0.	
1.35175e-003	0.999999	0.	0.	
0.	0.	1.	0.	
-0.514155	0.745671	0.	1.	
Dynamic:	0	

Frame:	362
0.999999	-1.32122e-003	0.	0.	
1.32122e-003	0.999999	0.	0.	
0.	0.	1.	0.	
-0.507074	0.747092	0.	1.	
Dynamic:	0	

Frame:	363
0.999999	-1.29808e-003	0.	0.	
1.29808e-003	0.999999	0.	0.	
0.	0.	1.	0.	
-0.501688	0.748174	0.	1.	
Dynamic:	0	

Frame:	364
0.999999	-1.35784e-003	0.	0.	
1.35784e-003	0.999999	0.	0.	
0.	0.	1.	0.	
-0.515644	0.745369	0.	1.	
Dynamic:	0	

Frame:	365
0.999999	-1.32026e-003	0.	0.	
1.32026e-003	0.999999	0.	0.	
0.	0.	1.	0.	
-0.506839	0.74714	0.	1.	
Dynamic:	0	

Frame:	366
0.999999	-1.29558e-003	0.	0.	
1.29558e-003	0.999999	0.	0.	
0.	0.	1.	0.	
-0.501033	0.748309	0.	1.	
Dynamic:	0	

Frame:	367
0.999999	-1.26452e-003	0.	0.	
1.26452e-003	0.999999	0.	0.	
0.	0.	1.	0.	
-0.493705	0.749786	0.	1.	
Dynamic:	0	

Frame:	368
0.999999	-1.2416e-003	0.	0.	
1.2416e-003	0.999999	0.	0.	
0.	0.	1.	0.	
-0.488277	0.750881	0.	1.	
Dynamic:	0	

Frame:	369
0.999999	-1.29294e-003	0.	0.	
1.29294e-003	0.999999	0.	0.	
0.	0.	1.	0.	
-0.500476	0.748419	0.	1.	
Dynamic:	0	

Frame:	370
0.999999	-1.25723e-003	0.	0.	
1.25723e-003	0.999999	0.	0.	
0.	0.	1.	0.	
-0.491961	0.750138	0.	1.	
Dynamic:	0	

Frame:	371
0.999999	-1.2322e-003	0.	0.	
1.2322e-003	0.999999	0.	0.	
0.	0.	1.	0.	
-0.485973	0.751348	0.	1.	
Dynamic:	0	

Frame:	372
0.999999	-1.20217e-003	0.	0.	
1.20217e-003	0.999999	0.	0.	
0.	0.	1.	0.	
-0.478765	0.752805	0.	1.	
Dynamic:	0	

Frame:	373
0.999999	-1.24519e-003	0.	0.	
1.24519e-003	0.999999	0.	0.	
0.	0.	1.	0.	
-0.489127	0.750709	0.	1.	
Dynamic:	0	

Frame:	374
0.999999	-1.21014e-003	0.	0.	
1.21014e-003	0.999999	0.	0.	
0.	0.	1.	0.	
-0.480658	0.752423	0.	1.	
Dynamic:	0	

Frame:	375
0.999999	-1.18411e-003	0.	0.	
1.18411e-003	0.999999	0.	0.	
0.	0.	1.	0.	
-0.474346	0.753701	0.	1.	
Dynamic:	0	

Frame:	376
0.999999	-1.15233e-003	0.	0.	
1.15233e-003	0.999999	0.	0.	
0.	0.	1.	0.	
-0.466616	0.755268	0.	1.	
Dynamic:	0	

Frame:	377
0.999999	-1.1909e-003	0.	0.	
1.1909e-003	0.999999	0.	0.	
0.	0.	1.	0.	
-0.476029	0.75336	0.	1.	
Dynamic:	0	

Frame:	378
0.999999	-1.15483e-003	0.	0.	
1.15483e-003	0.999999	0.	0.	
0.	0.	1.	0.	
-0.467195	0.755151	0.	1.	
Dynamic:	0	

Frame:	379
0.999999	-1.12913e-003	0.	0.	
1.12913e-003	0.999999	0.	0.	
0.	0.	1.	0.	
-0.460881	0.756432	0.	1.	
Dynamic:	0	

Frame:	380
0.999999	-1.09823e-003	0.	0.	
1.09823e-003	0.999999	0.	0.	
0.	0.	1.	0.	
-0.453264	0.757979	0.	1.	
Dynamic:	0	

Frame:	381
0.999999	-1.12958e-003	0.	0.	
1.12958e-003	0.999999	0.	0.	
0.	0.	1.	0.	
-0.461018	0.756404	0.	1.	
Dynamic:	0	

Frame:	382
0.999999	-1.09385e-003	0.	0.	
1.09385e-003	0.999999	0.	0.	
0.	0.	1.	0.	
-0.45215	0.758205	0.	1.	
Dynamic:	0	

Frame:	383
0.999999	-1.06047e-003	0.	0.	
1.06047e-003	0.999999	0.	0.	
0.	0.	1.	0.	
-0.44384	0.759894	0.	1.	
Dynamic:	0	

Frame:	384
0.999999	-1.08748e-003	0.	0.	
1.08748e-003	0.999999	0.	0.	
0.	0.	1.	0.	
-0.450587	0.758523	0.	1.	
Dynamic:	0	

Frame:	385
0.999999	-1.05079e-003	0.	0.	
1.05079e-003	0.999999	0.	0.	
0.	0.	1.	0.	
-0.441394	0.760392	0.	1.	
Dynamic:	0	

Frame:	386
0.999999	-1.0164e-003	0.	0.	
1.0164e-003	0.999999	0.	0.	
0.	0.	1.	0.	
-0.432748	0.762151	0.	1.	
Dynamic:	0	

Frame:	387
1.	-9.92711e-004	0.	0.	
9.92711e-004	1.	0.	0.	
0.	0.	1.	0.	
-0.426772	0.763367	0.	1.	
Dynamic:	0	

Frame:	388
0.999999	-1.13216e-003	0.	0.	
1.13216e-003	0.999999	0.	0.	
0.	0.	1.	0.	
-0.462057	0.756187	0.	1.	
Dynamic:	0	

Frame:	389
1.	-9.61616e-004	0.	0.	
9.61616e-004	1.	0.	0.	
0.	0.	1.	0.	
-0.418766	0.764998	0.	1.	
Dynamic:	0	

Frame:	390
1.	-9.29755e-004	0.	0.	
9.29755e-004	1.	0.	0.	
0.	0.	1.	0.	
-0.410652	0.76665	0.	1.	
Dynamic:	0	

Frame:	391
0.999999	-1.27503e-003	0.	0.	
1.27503e-003	0.999999	0.	0.	
0.	0.	1.	0.	
-0.498861	0.748697	0.	1.	
Dynamic:	0	

Frame:	392
1.	-8.73642e-004	0.	0.	
8.73642e-004	1.	0.	0.	
0.	0.	1.	0.	
-0.39599	0.76964	0.	1.	
Dynamic:	0	

Frame:	393
1.	-8.43334e-004	0.	0.	
8.43334e-004	1.	0.	0.	
0.	0.	1.	0.	
-0.388198	0.771228	0.	1.	
Dynamic:	0	

Frame:	394
1.	-8.13966e-004	0.	0.	
8.13966e-004	1.	0.	0.	
0.	0.	1.	0.	
-0.380623	0.772773	0.	1.	
Dynamic:	0	

Frame:	395
0.999999	-1.23607e-003	0.	0.	
1.23607e-003	0.999999	0.	0.	
0.	0.	1.	0.	
-0.489837	0.750528	0.	1.	
Dynamic:	0	

Frame:	396
1.	-8.13505e-004	0.	0.	
8.13505e-004	1.	0.	0.	
0.	0.	1.	0.	
-0.380159	0.772868	0.	1.	
Dynamic:	0	

Frame:	397
1.	-7.14064e-004	0.	0.	
7.14064e-004	1.	0.	0.	
0.	0.	1.	0.	
-0.35427	0.778149	0.	1.	
Dynamic:	0	

Frame:	398
0.999999	-1.27117e-003	0.	0.	
1.27117e-003	0.999999	0.	0.	
0.	0.	1.	0.	
-0.499777	0.748503	0.	1.	
Dynamic:	0	

Frame:	399
1.	-7.5929e-004	0.	0.	
7.5929e-004	1.	0.	0.	
0.	0.	1.	0.	
-0.365663	0.775825	0.	1.	
Dynamic:	0	

Frame:	400
1.	-6.89838e-004	0.	0.	
6.89838e-004	1.	0.	0.	
0.	0.	1.	0.	
-0.347411	0.779549	0.	1.	
Dynamic:	0	

Frame:	401
0.999999	-1.17784e-003	0.	0.	
1.17784e-003	0.999999	0.	0.	
0.	0.	1.	0.	
-0.476062	0.75333	0.	1.	
Dynamic:	0	

Frame:	402
1.	-7.22756e-004	0.	0.	
7.22756e-004	1.	0.	0.	
0.	0.	1.	0.	
-0.355717	0.777853	0.	1.	
Dynamic:	0	

Frame:	403
1.	-6.14623e-004	0.	0.	
6.14623e-004	1.	0.	0.	
0.	0.	1.	0.	
-0.327035	0.783706	0.	1.	
Dynamic:	0	

Frame:	404
0.999999	-1.09756e-003	0.	0.	
1.09756e-003	0.999999	0.	0.	
0.	0.	1.	0.	
-0.455532	0.757512	0.	1.	
Dynamic:	0	

Frame:	405
1.	-6.72321e-004	0.	0.	
6.72321e-004	1.	0.	0.	
0.	0.	1.	0.	
-0.342039	0.780643	0.	1.	
Dynamic:	0	

Frame:	406
1.	-5.79219e-004	0.	0.	
5.79219e-004	1.	0.	0.	
0.	0.	1.	0.	
-0.317116	0.785729	0.	1.	
Dynamic:	0	

Frame:	407
1.	-5.54123e-004	0.	0.	
5.54123e-004	1.	0.	0.	
0.	0.	1.	0.	
-0.310377	0.787104	0.	1.	
Dynamic:	0	

Frame:	408
1.	-9.77066e-004	0.	0.	
9.77066e-004	1.	0.	0.	
0.	0.	1.	0.	
-0.424293	0.763879	0.	1.	
Dynamic:	0	

Frame:	409
1.	-5.99428e-004	0.	0.	
5.99428e-004	1.	0.	0.	
0.	0.	1.	0.	
-0.32227	0.784674	0.	1.	
Dynamic:	0	

Frame:	410
1.	-5.01105e-004	0.	0.	
5.01105e-004	1.	0.	0.	
0.	0.	1.	0.	
-0.295628	0.790111	0.	1.	
Dynamic:	0	

Frame:	411
1.	-8.94065e-004	0.	0.	
8.94065e-004	1.	0.	0.	
0.	0.	1.	0.	
-0.402431	0.768337	0.	1.	
Dynamic:	0	

Frame:	412
1.	-5.37294e-004	0.	0.	
5.37294e-004	1.	0.	0.	
0.	0.	1.	0.	
-0.305172	0.78816	0.	1.	
Dynamic:	0	

Frame:	413
1.	-4.68613e-004	0.	0.	
4.68613e-004	1.	0.	0.	
0.	0.	1.	0.	
-0.286393	0.791991	0.	1.	
Dynamic:	0	

Frame:	414
1.	-7.94157e-004	0.	0.	
7.94157e-004	1.	0.	0.	
0.	0.	1.	0.	
-0.375671	0.773793	0.	1.	
Dynamic:	0	

Frame:	415
1.	-4.66793e-004	0.	0.	
4.66793e-004	1.	0.	0.	
0.	0.	1.	0.	
-0.285626	0.792145	0.	1.	
Dynamic:	0	

Frame:	416
1.	-7.27005e-004	0.	0.	
7.27005e-004	1.	0.	0.	
0.	0.	1.	0.	
-0.357413	0.777514	0.	1.	
Dynamic:	0	

Frame:	417
1.	-4.34053e-004	0.	0.	
4.34053e-004	1.	0.	0.	
0.	0.	1.	0.	
-0.276354	0.794033	0.	1.	
Dynamic:	0	

Frame:	418
1.	-3.83532e-004	0.	0.	
3.83532e-004	1.	0.	0.	
0.	0.	1.	0.	
-0.262335	0.796892	0.	1.	
Dynamic:	0	

Frame:	419
1.	-6.26975e-004	0.	0.	
6.26975e-004	1.	0.	0.	
0.	0.	1.	0.	
-0.330092	0.783084	0.	1.	
Dynamic:	0	

Frame:	420
1.	3.1887e-004	0.	0.	
-3.1887e-004	1.	0.	0.	
0.	0.	1.	0.	
-6.54352e-002	0.836542	0.	1.	
Dynamic:	0	

Frame:	421
0.999999	-1.06452e-003	0.	0.	
1.06452e-003	0.999999	0.	0.	
0.	0.	1.	0.	
-0.453958	0.757916	0.	1.	
Dynamic:	0	

Frame:	422
1.	-3.96795e-004	0.	0.	
3.96795e-004	1.	0.	0.	
0.	0.	1.	0.	
-0.265917	0.79616	0.	1.	
Dynamic:	0	

Frame:	423
1.	3.55369e-004	0.	0.	
-3.55369e-004	1.	0.	0.	
0.	0.	1.	0.	
-5.33993e-002	0.838912	0.	1.	
Dynamic:	0	

