Time	FPS	Frame	Crash	RB	RU	LU	LB	Dither	DAngle	swAngle	OX	OY	OZ	HX	HY	HZ	HA	Speed
1.33125e-004	7511.76	1	0	1	1	1	1	0.	0.	0.	0.	0.	0.	0.	1.	0.	0.	0.	
1.16544	0.858141	2	0	1	1	1	1	2.22045e-016	0.	0.	0.	0.	0.	0.	1.	0.	0.	0.	
1.21611	19.7376	3	0	1	1	1	1	2.22045e-016	0.	0.	0.	0.	0.	0.	1.	0.	0.	0.	
1.26568	20.1729	4	0	1	1	1	1	2.22045e-016	0.	0.	0.	0.	0.	0.	1.	0.	0.	0.	
1.28152	63.1264	5	0	1	1	1	1	2.22045e-016	0.	0.	0.	0.	0.	0.	1.	0.	0.	0.	
1.29811	60.2964	6	0	1	1	1	1	2.22045e-016	0.	0.	0.	0.	0.	0.	1.	0.	0.	0.	
1.31465	60.4615	7	0	1	1	1	1	2.22045e-016	0.	0.	0.	0.	0.	0.	1.	0.	0.	0.	
1.3315	59.3182	8	0	1	1	1	1	2.22045e-016	0.	0.	0.	0.	0.	0.	1.	0.	0.	0.	
1.34837	59.2768	9	0	1	1	1	1	2.22045e-016	0.	0.	0.	0.	0.	0.	1.	0.	0.	0.	
1.36473	61.1546	10	0	1	1	1	1	2.22045e-016	0.	0.	0.	0.	0.	0.	1.	0.	0.	0.	
1.38136	60.1191	11	0	1	1	1	1	2.22045e-016	0.	0.	0.	0.	0.	0.	1.	0.	0.	0.	
1.39805	59.9169	12	0	1	1	1	1	2.22045e-016	0.	0.	0.	0.	0.	0.	1.	0.	0.	0.	
1.41461	60.3954	13	0	1	1	1	1	2.22045e-016	0.	0.	0.	0.	0.	0.	1.	0.	0.	0.	
1.43136	59.6966	14	0	1	1	1	1	2.22045e-016	0.	0.	0.	0.	0.	0.	1.	0.	0.	0.	
1.44791	60.4053	15	0	1	1	1	1	2.22045e-016	0.	0.	0.	0.	0.	0.	1.	0.	0.	0.	
1.465	58.5311	16	0	1	1	1	1	2.22045e-016	0.	0.	0.	0.	0.	0.	1.	0.	0.	0.	
1.48181	59.4929	17	0	1	1	1	1	2.22045e-016	0.	0.	0.	0.	0.	0.	1.	0.	0.	0.	
1.49807	61.4815	18	0	1	1	1	1	2.22045e-016	0.	0.	0.	0.	0.	0.	1.	0.	0.	0.	
1.51457	60.6275	19	0	1	1	1	1	2.22045e-016	0.	0.	0.	0.	0.	0.	1.	0.	0.	0.	
1.53151	59.0223	20	0	1	1	1	1	2.22045e-016	0.	0.	0.	0.	0.	0.	1.	0.	0.	0.	
1.54819	59.9624	21	0	1	1	1	1	2.22045e-016	0.	0.	0.	0.	0.	0.	1.	0.	0.	0.	
1.56538	58.1571	22	0	1	1	1	1	2.22045e-016	0.	0.	0.	0.	0.	0.	1.	0.	0.	0.	
1.58127	62.9501	23	0	1	1	1	1	2.22045e-016	0.	0.	0.	0.	0.	0.	1.	0.	0.	0.	
1.5981	59.398	24	0	1	1	1	1	2.22045e-016	0.	0.	0.	0.	0.	0.	1.	0.	0.	0.	
1.61471	60.223	25	0	1	1	1	1	2.22045e-016	0.	0.	0.	0.	0.	0.	1.	0.	0.	0.	
1.63154	59.4204	26	0	1	1	1	1	2.22045e-016	0.	0.	0.	0.	0.	0.	1.	0.	0.	0.	
1.64816	60.1563	27	0	1	1	1	1	2.22045e-016	0.	0.	0.	0.	0.	0.	1.	0.	0.	0.	
1.66449	61.2349	28	0	1	1	1	1	2.22045e-016	0.	0.	0.	0.	0.	0.	1.	0.	0.	0.	
1.68132	59.4086	29	0	1	1	1	1	2.22045e-016	0.	0.	0.	0.	0.	0.	1.	0.	0.	0.	
1.69793	60.2109	30	0	1	1	1	1	2.22045e-016	0.	0.	0.	0.	0.	0.	1.	0.	0.	0.	
1.7146	59.9939	31	0	1	1	1	1	2.22045e-016	0.	0.	0.	0.	0.	0.	1.	0.	0.	0.	
1.73149	59.209	32	0	1	1	1	1	2.22045e-016	0.	0.	0.	0.	0.	0.	1.	0.	0.	0.	
1.74817	59.9624	33	0	1	1	1	1	2.22045e-016	0.	0.	0.	0.	0.	0.	1.	0.	0.	0.	
1.76457	60.9644	34	0	1	1	1	1	2.22045e-016	0.	0.	0.	0.	0.	0.	1.	0.	0.	0.	
1.78128	59.8195	35	0	1	1	1	1	2.22045e-016	0.	0.	0.	0.	0.	0.	1.	0.	0.	0.	
1.79797	59.931	36	0	1	1	1	1	2.22045e-016	0.	0.	0.	0.	0.	0.	1.	0.	0.	0.	
1.81516	58.1652	37	0	1	1	1	1	2.22045e-016	0.	0.	0.	0.	0.	0.	1.	0.	0.	0.	
1.83152	61.1546	38	0	1	1	1	1	2.22045e-016	0.	0.	0.	0.	0.	0.	1.	0.	0.	0.	
1.848	60.6474	39	0	1	1	1	1	2.22045e-016	0.	0.	0.	0.	0.	0.	1.	0.	0.	0.	
1.8648	59.54	40	0	1	1	1	1	2.22045e-016	0.	0.	0.	0.	0.	0.	1.	0.	0.	0.	
1.88163	59.43	41	0	1	1	1	1	2.22045e-016	0.	0.	0.	0.	0.	0.	1.	0.	0.	0.	
1.89836	59.7688	42	0	1	1	1	1	2.22045e-016	0.	0.	0.	0.	0.	0.	1.	0.	0.	0.	
1.91475	60.988	43	0	1	1	1	1	2.22045e-016	0.	0.	0.	0.	0.	0.	1.	0.	0.	0.	
1.93147	59.8325	44	0	1	1	1	1	2.22045e-016	0.	0.	0.	0.	0.	0.	1.	0.	0.	0.	
1.94807	60.2471	45	0	1	1	1	1	2.22045e-016	0.	0.	0.	0.	0.	0.	1.	0.	0.	0.	
1.9652	58.3743	46	0	1	1	1	1	2.22045e-016	0.	0.	0.	0.	0.	0.	1.	0.	0.	0.	
1.98144	61.5466	47	0	1	1	1	1	2.22045e-016	0.	0.	0.	0.	0.	0.	1.	0.	0.	0.	
1.99813	59.9451	48	0	1	1	1	1	2.22045e-016	0.	0.	0.	0.	0.	0.	1.	0.	0.	0.	
2.01431	61.7739	49	0	1	1	1	1	2.22045e-016	0.	0.	0.	0.	0.	0.	1.	0.	0.	0.	
2.0314	58.5249	50	0	1	1	1	1	2.22045e-016	0.	0.	0.	0.	0.	0.	1.	0.	0.	0.	
2.04819	59.5796	51	0	1	1	1	1	2.22045e-016	0.	0.	0.	0.	0.	0.	1.	0.	0.	0.	
2.06422	62.3599	52	0	1	1	1	1	2.22045e-016	0.	0.	0.	0.	0.	0.	1.	0.	0.	0.	
2.08119	58.9194	53	0	1	1	1	1	2.22045e-016	0.	0.	0.	0.	0.	0.	1.	0.	0.	0.	
2.09879	56.8145	54	0	1	1	1	1	2.22045e-016	0.	0.	0.	0.	0.	0.	1.	0.	0.	0.	
2.11475	62.6595	55	0	1	1	1	1	2.22045e-016	0.	0.	0.	0.	0.	0.	1.	0.	0.	0.	
2.13143	59.9733	56	0	1	1	1	1	2.22045e-016	0.	0.	0.	0.	0.	0.	1.	0.	0.	0.	
2.14793	60.613	57	0	1	1	1	1	2.22045e-016	0.	0.	0.	0.	0.	0.	1.	0.	0.	0.	
2.16529	57.5819	58	0	1	1	1	1	2.22045e-016	0.	0.	0.	0.	0.	0.	1.	0.	0.	0.	
2.18126	62.6169	59	0	1	1	1	1	2.22045e-016	0.	0.	0.	0.	0.	0.	1.	0.	0.	0.	
2.19783	60.3447	60	0	1	1	1	1	2.22045e-016	0.	0.	0.	0.	0.	0.	1.	0.	0.	0.	
2.2149	58.6015	61	0	1	1	1	1	2.22045e-016	0.	0.	0.	0.	0.	0.	1.	0.	0.	0.	
2.23141	60.5621	62	0	1	1	1	1	2.22045e-016	0.	0.	0.	0.	0.	0.	1.	0.	0.	0.	
2.24796	60.4097	63	0	1	1	1	1	2.22045e-016	0.	0.	0.	0.	0.	0.	1.	0.	0.	0.	
2.26463	60.0178	64	0	1	1	1	1	2.22045e-016	0.	0.	0.	0.	0.	0.	1.	0.	0.	0.	
2.28151	59.2376	65	0	1	1	1	1	2.22045e-016	0.	0.	0.	0.	0.	0.	1.	0.	0.	0.	
2.29807	60.3645	66	0	1	1	1	1	2.22045e-016	0.	0.	0.	0.	0.	0.	1.	0.	0.	0.	
2.31487	59.5464	67	0	1	1	1	1	2.22045e-016	0.	0.	0.	0.	0.	0.	1.	0.	0.	0.	
2.33162	59.6869	68	0	1	1	1	1	2.22045e-016	0.	0.	0.	0.	0.	0.	1.	0.	0.	0.	
2.34805	60.8636	69	0	1	1	1	1	2.22045e-016	0.	0.	0.	0.	0.	0.	1.	0.	0.	0.	
2.3647	60.0559	70	0	1	1	1	1	2.22045e-016	0.	0.	0.	0.	0.	0.	1.	0.	0.	0.	
2.38167	58.9194	71	0	1	1	1	1	2.22045e-016	0.	0.	0.	0.	0.	0.	1.	0.	0.	0.	
2.39817	60.6297	72	0	1	1	1	1	2.22045e-016	0.	0.	0.	0.	0.	0.	1.	0.	0.	0.	
2.41487	59.8898	73	0	1	1	1	1	2.22045e-016	0.	0.	0.	0.	0.	0.	1.	0.	0.	0.	
2.43144	60.337	74	0	1	1	1	1	2.22045e-016	0.	0.	0.	0.	0.	0.	1.	0.	0.	0.	
2.44797	60.5101	75	0	1	1	1	1	2.22045e-016	0.	0.	0.	0.	0.	0.	1.	0.	0.	0.	
2.4647	59.7699	76	0	1	1	1	1	2.22045e-016	0.	0.	0.	0.	0.	0.	1.	0.	0.	0.	
2.48163	59.0475	77	0	1	1	1	1	2.22045e-016	0.	0.	0.	0.	0.	0.	1.	0.	0.	0.	
2.49816	60.488	78	0	1	1	1	1	2.22045e-016	0.	0.	0.	0.	0.	0.	1.	0.	0.	0.	
2.51461	60.8167	79	0	1	1	1	1	2.22045e-016	0.	0.	0.	0.	0.	0.	1.	0.	0.	0.	
2.53109	60.6774	80	0	1	1	1	1	2.22045e-016	0.	0.	0.	0.	0.	0.	1.	0.	0.	0.	
2.54797	59.2471	81	0	1	1	1	1	2.22045e-016	0.	0.	0.	0.	0.	0.	1.	0.	0.	0.	
2.56482	59.3363	82	0	1	1	1	1	2.22045e-016	0.	0.	0.	0.	0.	0.	1.	0.	0.	0.	
2.58122	60.9801	83	0	1	1	1	1	2.22045e-016	0.	0.	0.	0.	0.	0.	1.	0.	0.	0.	
2.59851	57.8332	84	0	1	1	1	1	2.22045e-016	0.	0.	0.	0.	0.	0.	1.	0.	0.	0.	
2.61488	61.0678	85	0	1	1	1	1	2.22045e-016	0.	0.	0.	0.	0.	0.	1.	0.	0.	0.	
2.63171	59.4417	86	0	1	1	1	1	2.22045e-016	0.	0.	0.	0.	0.	0.	1.	0.	0.	0.	
2.64826	60.4141	87	0	1	1	1	1	2.22045e-016	0.	0.	0.	0.	0.	0.	1.	0.	0.	0.	
2.66477	60.5588	88	0	1	1	1	1	2.22045e-016	0.	0.	0.	0.	0.	0.	1.	0.	0.	0.	
2.68189	58.4207	89	0	1	1	1	1	2.22045e-016	0.	0.	0.	0.	0.	0.	1.	0.	0.	0.	
2.69823	61.1964	90	0	1	1	1	1	2.22045e-016	0.	0.	0.	0.	0.	0.	1.	0.	0.	0.	
2.71467	60.8145	91	0	1	1	1	1	2.22045e-016	0.	0.	0.	0.	0.	0.	1.	0.	0.	0.	
2.73133	60.0211	92	0	1	1	1	1	2.22045e-016	0.	0.	0.	0.	0.	0.	1.	0.	0.	0.	
2.74834	58.8054	93	0	1	1	1	1	2.22045e-016	0.	0.	0.	0.	0.	0.	1.	0.	0.	0.	
2.76481	60.7175	94	0	1	1	1	1	2.22045e-016	0.	0.	0.	0.	0.	0.	1.	0.	0.	0.	
2.78131	60.5931	95	0	1	1	1	1	2.22045e-016	0.	0.	0.	0.	0.	0.	1.	0.	0.	0.	
2.79793	60.1705	96	0	1	1	1	1	2.22045e-016	0.	0.	0.	0.	0.	0.	1.	0.	0.	0.	
2.81485	59.1034	97	0	1	1	1	1	2.22045e-016	0.	0.	0.	0.	0.	0.	1.	0.	0.	0.	
2.83204	58.1734	98	0	1	1	1	1	2.22045e-016	0.	0.	0.	0.	0.	0.	1.	0.	0.	0.	
2.84835	61.3347	99	0	1	1	1	1	2.22045e-016	0.	0.	0.	0.	0.	0.	1.	0.	0.	0.	
2.86456	61.6692	100	0	1	1	1	1	2.22045e-016	0.	0.	0.	0.	0.	0.	1.	0.	0.	0.	
2.88192	57.6249	101	0	1	1	1	1	2.22045e-016	0.	0.	0.	0.	0.	0.	1.	0.	0.	0.	
2.89816	61.5626	102	0	1	1	1	1	2.22045e-016	0.	0.	0.	0.	0.	0.	1.	0.	0.	0.	
2.91478	60.1781	103	0	1	1	1	1	2.22045e-016	0.	0.	0.	0.	0.	0.	1.	0.	0.	0.	
2.9318	58.7491	104	0	1	1	1	1	2.22045e-016	0.	0.	0.	0.	0.	0.	1.	0.	0.	0.	
2.94808	61.4131	105	0	1	1	1	1	2.22045e-016	0.	0.	0.	0.	0.	0.	1.	0.	0.	0.	
2.96462	60.4449	106	0	1	1	1	1	2.22045e-016	0.	0.	0.	0.	0.	0.	1.	0.	0.	0.	
2.98171	58.5321	107	0	1	1	1	1	2.22045e-016	0.	0.	0.	0.	0.	0.	1.	0.	0.	0.	
2.99808	61.0847	108	0	1	1	1	1	2.22045e-016	0.	0.	0.	0.	0.	0.	1.	0.	0.	0.	
3.01514	58.616	109	0	1	1	1	1	2.22045e-016	0.	0.	0.	0.	0.	0.	1.	0.	0.	0.	
3.03186	59.8206	110	0	1	1	1	1	2.22045e-016	0.	0.	0.	0.	0.	0.	1.	0.	0.	0.	
3.04807	61.6968	111	0	1	1	1	1	2.22045e-016	0.	0.	0.	0.	0.	0.	1.	0.	0.	0.	
3.06489	59.4385	112	0	1	1	1	1	2.22045e-016	0.	0.	0.	0.	0.	0.	1.	0.	0.	0.	
3.08117	61.4051	113	0	1	1	1	1	2.22045e-016	0.	0.	0.	0.	0.	0.	1.	0.	0.	0.	
3.09799	59.4812	114	0	1	1	1	1	2.22045e-016	0.	0.	0.	0.	0.	0.	1.	0.	0.	0.	
3.11513	58.3178	115	0	1	1	1	1	2.22045e-016	0.	0.	0.	0.	0.	0.	1.	0.	0.	0.	
3.13121	62.2147	116	0	1	1	1	1	2.22045e-016	0.	0.	0.	0.	0.	0.	1.	0.	0.	0.	
3.14812	59.1319	117	0	1	1	1	1	2.22045e-016	0.	0.	0.	0.	0.	0.	1.	0.	0.	0.	
3.16495	59.4044	118	0	1	1	1	1	2.22045e-016	0.	0.	0.	0.	0.	0.	1.	0.	0.	0.	
3.18125	61.3608	119	0	1	1	1	1	2.22045e-016	0.	0.	0.	0.	0.	0.	1.	0.	0.	0.	
3.19822	58.9278	120	0	1	1	1	1	2.22045e-016	0.	0.	0.	0.	0.	0.	1.	0.	0.	0.	
3.21486	60.0853	121	0	1	1	1	1	2.22045e-016	0.	0.	0.	0.	0.	0.	1.	0.	0.	0.	
3.23141	60.4262	122	0	1	1	1	1	2.22045e-016	0.	0.	0.	0.	0.	0.	1.	0.	0.	0.	
3.24811	59.9006	123	0	1	1	1	1	2.22045e-016	0.	0.	0.	0.	0.	0.	1.	0.	0.	0.	
3.26477	60.0048	124	0	1	1	1	1	2.22045e-016	0.	0.	0.	0.	0.	0.	1.	0.	0.	0.	
3.28137	60.2591	125	0	1	1	1	1	2.22045e-016	0.	0.	0.	0.	0.	0.	1.	0.	0.	0.	
3.29798	60.1989	126	0	1	1	1	1	2.22045e-016	0.	0.	0.	0.	0.	0.	1.	0.	0.	0.	
3.31422	61.5775	127	0	1	1	1	1	2.22045e-016	0.	0.	0.	0.	0.	0.	1.	0.	0.	0.	
3.33175	57.0415	128	0	1	1	1	1	2.22045e-016	0.	0.	0.	0.	0.	0.	1.	0.	0.	0.	
3.34795	61.729	129	0	1	1	1	1	2.22045e-016	0.	0.	0.	0.	0.	0.	1.	0.	0.	0.	
3.36523	57.8564	130	0	1	1	1	1	2.22045e-016	0.	0.	0.	0.	0.	0.	1.	0.	0.	0.	
3.3818	60.3513	131	0	1	1	1	1	2.22045e-016	0.	0.	0.	0.	0.	0.	1.	0.	0.	0.	
3.39864	59.3873	132	0	1	1	1	1	2.22045e-016	0.	0.	0.	0.	0.	0.	1.	0.	0.	0.	
3.41481	61.8488	133	0	1	1	1	1	2.22045e-016	0.	0.	0.	0.	0.	0.	1.	0.	0.	0.	
3.43149	59.9559	134	0	1	1	1	1	2.22045e-016	0.	0.	0.	0.	0.	0.	1.	0.	0.	0.	
3.4481	60.2	135	0	1	1	1	1	2.22045e-016	0.	0.	0.	0.	0.	0.	1.	0.	0.	0.	
3.4651	58.8326	136	0	1	1	1	1	2.22045e-016	0.	0.	0.	0.	0.	0.	1.	0.	0.	0.	
3.48154	60.8223	137	0	1	1	1	1	2.22045e-016	0.	0.	0.	0.	0.	0.	1.	0.	0.	0.	
3.49802	60.6686	138	0	1	1	1	1	2.22045e-016	0.	0.	0.	0.	0.	0.	1.	0.	0.	0.	
3.51455	60.4968	139	0	1	1	1	1	2.22045e-016	0.	0.	0.	0.	0.	0.	1.	0.	0.	0.	
3.53139	59.3841	140	0	1	1	1	1	2.22045e-016	0.	0.	0.	0.	0.	0.	1.	0.	0.	0.	
3.54808	59.9299	141	0	1	1	1	1	2.22045e-016	0.	0.	0.	0.	0.	0.	1.	0.	0.	0.	
3.5649	59.4342	142	0	1	1	1	1	2.22045e-016	0.	0.	0.	0.	0.	0.	1.	0.	0.	0.	
3.58146	60.3788	143	0	1	1	1	1	2.22045e-016	0.	0.	0.	0.	0.	0.	1.	0.	0.	0.	
3.59792	60.7821	144	0	1	1	1	1	2.22045e-016	0.	0.	0.	0.	0.	0.	1.	0.	0.	0.	
3.61482	59.1572	145	0	1	1	1	1	2.22045e-016	0.	0.	0.	0.	0.	0.	1.	0.	0.	0.	
3.63145	60.117	146	0	1	1	1	1	2.22045e-016	0.	0.	0.	0.	0.	0.	1.	0.	0.	0.	
3.64801	60.4163	147	0	1	1	1	1	2.22045e-016	0.	0.	0.	0.	0.	0.	1.	0.	0.	0.	
3.6646	60.2635	148	0	1	1	1	1	2.22045e-016	0.	0.	0.	0.	0.	0.	1.	0.	0.	0.	
3.68137	59.6214	149	0	1	1	1	1	2.22045e-016	0.	0.	0.	0.	0.	0.	1.	0.	0.	0.	
3.69771	61.2145	150	0	1	1	1	1	2.22045e-016	0.	0.	0.	0.	0.	0.	1.	0.	0.	0.	
3.71607	54.4715	151	0	1	1	1	1	2.22045e-016	0.	0.	0.	0.	0.	0.	1.	0.	0.	0.	
3.73149	64.8541	152	0	1	1	1	1	2.22045e-016	0.	0.	0.	0.	0.	0.	1.	0.	0.	0.	
3.748	60.5698	153	0	1	1	1	1	2.22045e-016	0.	0.	0.	0.	0.	0.	1.	0.	0.	0.	
3.76461	60.2066	154	0	1	1	1	1	2.22045e-016	0.	0.	0.	0.	0.	0.	1.	0.	0.	0.	
3.78106	60.7732	155	0	1	1	1	1	2.22045e-016	0.	0.	0.	0.	0.	0.	1.	0.	0.	0.	
3.79781	59.702	156	0	1	1	1	1	2.22045e-016	0.	0.	0.	0.	0.	0.	1.	0.	0.	0.	
3.81462	59.4758	157	0	1	1	1	1	2.22045e-016	0.	0.	0.	0.	0.	0.	1.	0.	0.	0.	
3.83202	57.479	158	0	1	1	1	1	2.22045e-016	0.	0.	0.	0.	0.	0.	1.	0.	0.	0.	
3.84845	60.8703	159	0	1	1	1	1	2.22045e-016	0.	0.	0.	0.	0.	0.	1.	0.	0.	0.	
3.86468	61.6061	160	0	1	1	1	1	2.22045e-016	0.	0.	0.	0.	0.	0.	1.	0.	0.	0.	
3.88159	59.1445	161	0	1	1	1	1	2.22045e-016	0.	0.	0.	0.	0.	0.	1.	0.	0.	0.	
3.89826	59.9972	162	0	1	1	1	1	2.22045e-016	0.	0.	0.	0.	0.	0.	1.	0.	0.	0.	
3.91464	61.0217	163	0	1	1	1	1	2.22045e-016	0.	0.	0.	0.	0.	0.	1.	0.	0.	0.	
3.93146	59.4556	164	0	1	1	1	1	2.22045e-016	0.	0.	0.	0.	0.	0.	1.	0.	0.	0.	
3.94804	60.3118	165	0	1	1	1	1	2.22045e-016	0.	0.	0.	0.	0.	0.	1.	0.	0.	0.	
3.96464	60.2613	166	0	1	1	1	1	2.22045e-016	0.	0.	0.	0.	0.	0.	1.	0.	0.	0.	
3.98134	59.8747	167	0	1	1	1	1	2.22045e-016	0.	0.	0.	0.	0.	0.	1.	0.	0.	0.	
3.99827	59.0749	168	0	1	1	1	1	2.22045e-016	0.	0.	0.	0.	0.	0.	1.	0.	0.	0.	
4.01482	60.4317	169	0	1	1	1	1	2.22045e-016	0.	0.	0.	0.	0.	0.	1.	0.	0.	0.	
4.03125	60.8647	170	0	1	1	1	1	2.22045e-016	0.	0.	0.	0.	0.	0.	1.	0.	0.	0.	
4.04801	59.6429	171	0	1	1	1	1	2.22045e-016	0.	0.	0.	0.	0.	0.	1.	0.	0.	0.	
4.06485	59.4044	172	0	1	1	1	1	2.22045e-016	0.	0.	0.	0.	0.	0.	1.	0.	0.	0.	
4.0815	60.0461	173	0	1	1	1	1	2.22045e-016	0.	0.	0.	0.	0.	0.	1.	0.	0.	0.	
4.09769	61.7693	174	0	1	1	1	1	2.22045e-016	0.	0.	0.	0.	0.	0.	1.	0.	0.	0.	
4.115	57.7767	175	0	1	1	1	1	2.22045e-016	0.	0.	0.	0.	0.	0.	1.	0.	0.	0.	
4.13158	60.2975	176	0	1	1	1	1	2.22045e-016	0.	0.	0.	0.	0.	0.	1.	0.	0.	0.	
4.14808	60.6197	177	0	1	1	1	1	2.22045e-016	0.	0.	0.	0.	0.	0.	1.	0.	0.	0.	
4.16532	58.0104	178	0	1	1	1	1	2.22045e-016	0.	0.	0.	0.	0.	0.	1.	0.	0.	0.	
4.18132	62.4917	179	0	1	1	1	1	2.22045e-016	0.	0.	0.	0.	0.	0.	1.	0.	0.	0.	
4.19801	59.9266	180	0	1	1	1	1	2.22045e-016	0.	0.	0.	0.	0.	0.	1.	0.	0.	0.	
4.21465	60.0668	181	0	1	1	1	1	2.22045e-016	0.	0.	0.	0.	0.	0.	1.	0.	0.	0.	
4.2314	59.7149	182	0	1	1	1	1	2.22045e-016	0.	0.	0.	0.	0.	0.	1.	0.	0.	0.	
4.24794	60.4659	183	0	1	1	1	1	2.22045e-016	0.	0.	0.	0.	0.	0.	1.	0.	0.	0.	
4.26478	59.3873	184	0	1	1	1	1	2.22045e-016	0.	0.	0.	0.	0.	0.	1.	0.	0.	0.	
4.28145	59.9592	185	0	1	1	1	1	2.22045e-016	0.	0.	0.	0.	0.	0.	1.	0.	0.	0.	
4.29866	58.1122	186	0	1	1	1	1	2.22045e-016	0.	0.	0.	0.	0.	0.	1.	0.	0.	0.	
4.31464	62.6039	187	0	1	1	1	1	2.22045e-016	0.	0.	0.	0.	0.	0.	1.	0.	0.	0.	
4.33124	60.223	188	0	1	1	1	1	2.22045e-016	0.	0.	0.	0.	0.	0.	1.	0.	0.	0.	
4.34787	60.1213	189	0	1	1	1	1	2.22045e-016	0.	0.	0.	0.	0.	0.	1.	0.	0.	0.	
4.36486	58.8639	190	0	1	1	1	1	2.22045e-016	0.	0.	0.	0.	0.	0.	1.	0.	0.	0.	
4.3814	60.4538	191	0	1	1	1	1	2.22045e-016	0.	0.	0.	0.	0.	0.	1.	0.	0.	0.	
4.39854	58.3394	192	0	1	1	1	1	2.22045e-016	0.	0.	0.	0.	0.	0.	1.	0.	0.	0.	
4.41478	61.6004	193	0	1	1	1	1	2.22045e-016	0.	0.	0.	0.	0.	0.	1.	0.	0.	0.	
4.43122	60.8357	194	0	1	1	1	1	2.22045e-016	0.	0.	0.	0.	0.	0.	1.	0.	0.	0.	
4.44859	57.5489	195	0	1	1	1	1	2.22045e-016	0.	0.	0.	0.	0.	0.	1.	0.	0.	0.	
4.46477	61.8096	196	0	1	1	1	1	2.22045e-016	0.	0.	0.	0.	0.	0.	1.	0.	0.	0.	
4.48137	60.2427	197	0	1	1	1	1	2.22045e-016	0.	0.	0.	0.	0.	0.	1.	0.	0.	0.	
4.49799	60.1705	198	0	1	1	1	1	2.22045e-016	0.	0.	0.	0.	0.	0.	1.	0.	0.	0.	
4.51476	59.6236	199	0	1	1	1	1	2.22045e-016	0.	0.	0.	0.	0.	0.	1.	0.	0.	0.	
4.53132	60.413	200	0	1	1	1	1	2.22045e-016	0.	0.	0.	0.	0.	0.	1.	0.	0.	0.	
4.54807	59.6955	201	0	1	1	1	1	2.22045e-016	0.	0.	0.	0.	0.	0.	1.	0.	0.	0.	
4.56513	58.5911	202	0	1	1	1	1	2.22045e-016	0.	0.	0.	0.	0.	0.	1.	0.	0.	0.	
4.5814	61.4838	203	0	1	1	1	1	2.22045e-016	0.	0.	0.	0.	0.	0.	1.	0.	0.	0.	
4.59798	60.292	204	0	1	1	1	1	2.22045e-016	0.	0.	0.	0.	0.	0.	1.	0.	0.	0.	
4.61478	59.5582	205	0	1	1	1	1	2.22045e-016	0.	0.	0.	0.	0.	0.	1.	0.	0.	0.	
4.63124	60.7186	206	0	1	1	1	1	2.22045e-016	0.	0.	0.	0.	0.	0.	1.	0.	0.	0.	
4.64798	59.7397	207	0	1	1	1	1	2.22045e-016	0.	0.	0.	0.	0.	0.	1.	0.	0.	0.	
4.66474	59.6816	208	0	1	1	1	1	2.22045e-016	0.	0.	0.	0.	0.	0.	1.	0.	0.	0.	
4.68099	61.5226	209	0	1	1	1	1	2.22045e-016	0.	0.	0.	0.	0.	0.	1.	0.	0.	0.	
4.69808	58.5404	210	0	1	1	1	1	2.22045e-016	0.	0.	0.	0.	0.	0.	1.	0.	0.	0.	
4.71465	60.3381	211	0	1	1	1	1	2.22045e-016	0.	0.	0.	0.	0.	0.	1.	0.	0.	0.	
4.73188	58.046	212	0	1	1	1	1	2.22045e-016	0.	0.	0.	0.	0.	0.	1.	0.	0.	0.	
4.74778	62.8748	213	0	1	1	1	1	2.22045e-016	0.	0.	0.	0.	0.	0.	1.	0.	0.	0.	
4.76461	59.4214	214	0	1	1	1	1	2.22045e-016	0.	0.	0.	0.	0.	0.	1.	0.	0.	0.	
4.78562	47.6036	215	0	1	1	1	1	2.22045e-016	0.	0.	0.	0.	0.	0.	1.	0.	0.	0.	
4.79957	71.6613	216	0	1	1	1	1	2.22045e-016	0.	0.	0.	0.	0.	0.	1.	0.	0.	0.	
4.81498	64.8999	217	0	1	1	1	1	2.22045e-016	0.	0.	0.	0.	0.	0.	1.	0.	0.	0.	
4.8318	59.4374	218	0	1	1	1	1	2.22045e-016	0.	0.	0.	0.	0.	0.	1.	0.	0.	0.	
4.84793	62.0016	219	0	1	1	1	1	2.22045e-016	0.	0.	0.	0.	0.	0.	1.	0.	0.	0.	
4.86434	60.9341	220	0	1	1	1	1	2.22045e-016	0.	0.	0.	0.	0.	0.	1.	0.	0.	0.	
4.88145	58.4619	221	0	1	1	1	1	2.22045e-016	0.	0.	0.	0.	0.	0.	1.	0.	0.	0.	
4.89797	60.5455	222	0	1	1	1	1	2.22045e-016	0.	0.	0.	0.	0.	0.	1.	0.	0.	0.	
4.91491	59.0286	223	0	1	1	1	1	2.22045e-016	0.	0.	0.	0.	0.	0.	1.	0.	0.	0.	
4.93123	61.2451	224	0	1	1	1	1	2.22045e-016	0.	0.	0.	0.	0.	0.	1.	0.	0.	0.	
4.94873	57.1655	225	0	1	1	1	1	2.22045e-016	0.	0.	0.	0.	0.	0.	1.	0.	0.	0.	
4.96517	60.8212	226	0	1	1	1	1	2.22045e-016	0.	0.	0.	0.	0.	0.	1.	0.	0.	0.	
4.98161	60.8189	227	0	1	1	1	1	2.22045e-016	0.	0.	0.	0.	0.	0.	1.	0.	0.	0.	
4.99805	60.8312	228	0	1	1	1	1	2.22045e-016	0.	0.	0.	0.	0.	0.	1.	0.	0.	0.	
5.01465	60.2558	229	0	1	1	1	1	2.22045e-016	0.	0.	0.	0.	0.	0.	1.	0.	0.	0.	
5.03122	60.3513	230	0	1	1	1	1	2.22045e-016	0.	0.	0.	0.	0.	0.	1.	0.	0.	0.	
5.04817	58.9971	231	0	1	1	1	1	2.22045e-016	0.	0.	0.	0.	0.	0.	1.	0.	0.	0.	
5.06482	60.0538	232	0	1	1	1	1	2.22045e-016	0.	0.	0.	0.	0.	0.	1.	0.	0.	0.	
5.0815	59.9266	233	0	1	1	1	1	2.22045e-016	0.	0.	0.	0.	0.	0.	1.	0.	0.	0.	
5.09816	60.0516	234	0	1	1	1	1	2.22045e-016	0.	0.	0.	0.	0.	0.	1.	0.	0.	0.	
5.11466	60.5909	235	0	1	1	1	1	2.22045e-016	0.	0.	0.	0.	0.	0.	1.	0.	0.	0.	
5.13118	60.5477	236	0	1	1	1	1	2.22045e-016	0.	0.	0.	0.	0.	0.	1.	0.	0.	0.	
5.14808	59.1699	237	0	1	1	1	1	2.22045e-016	0.	0.	0.	0.	0.	0.	1.	0.	0.	0.	
5.16471	60.1344	238	0	1	1	1	1	2.22045e-016	0.	0.	0.	0.	0.	0.	1.	0.	0.	0.	
5.18123	60.5355	239	0	1	1	1	1	2.22045e-016	0.	0.	0.	0.	0.	0.	1.	0.	0.	0.	
5.19797	59.7225	240	0	1	1	1	1	2.22045e-016	0.	0.	0.	0.	0.	0.	1.	0.	0.	0.	
5.21466	59.931	241	0	1	1	1	1	2.22045e-016	0.	0.	0.	0.	0.	0.	1.	0.	0.	0.	
5.23142	59.6665	242	0	1	1	1	1	2.22045e-016	0.	0.	0.	0.	0.	0.	1.	0.	0.	0.	
5.24788	60.7342	243	0	1	1	1	1	2.22045e-016	0.	0.	0.	0.	0.	0.	1.	0.	0.	0.	
5.26485	58.9152	244	0	1	1	1	1	2.22045e-016	0.	0.	0.	0.	0.	0.	1.	0.	0.	0.	
5.28132	60.7386	245	0	1	1	1	1	2.22045e-016	0.	0.	0.	0.	0.	0.	1.	0.	0.	0.	
5.2979	60.303	246	0	1	1	1	1	2.22045e-016	0.	0.	0.	0.	0.	0.	1.	0.	0.	0.	
5.31471	59.4908	247	0	1	1	1	1	2.22045e-016	0.	0.	0.	0.	0.	0.	1.	0.	0.	0.	
5.33161	59.1593	248	0	1	1	1	1	2.22045e-016	0.	0.	0.	0.	0.	0.	1.	0.	0.	0.	
5.34783	61.66	249	0	1	1	1	1	2.22045e-016	0.	0.	0.	0.	0.	0.	1.	0.	0.	0.	
5.36518	57.642	250	0	1	1	1	1	2.22045e-016	0.	0.	0.	0.	0.	0.	1.	0.	0.	0.	
5.38128	62.1191	251	0	1	1	1	1	2.22045e-016	0.	0.	0.	0.	0.	0.	1.	0.	0.	0.	
5.39786	60.3008	252	0	1	1	1	1	2.22045e-016	0.	0.	0.	0.	0.	0.	1.	0.	0.	0.	
5.41426	60.9936	253	0	1	1	1	1	2.22045e-016	0.	0.	0.	0.	0.	0.	1.	0.	0.	0.	
5.4314	58.3291	254	0	1	1	1	1	2.22045e-016	0.	0.	0.	0.	0.	0.	1.	0.	0.	0.	
5.44807	59.9939	255	0	1	1	1	1	2.22045e-016	0.	0.	0.	0.	0.	0.	1.	0.	0.	0.	
5.46462	60.4108	256	0	1	1	1	1	2.22045e-016	0.	0.	0.	0.	0.	0.	1.	0.	0.	0.	
5.48166	58.7022	257	0	1	1	1	1	2.22045e-016	0.	0.	0.	0.	0.	0.	1.	0.	0.	0.	
5.49823	60.3403	258	0	1	1	1	1	2.22045e-016	0.	0.	0.	0.	0.	0.	1.	0.	0.	0.	
5.51461	61.0521	259	0	1	1	1	1	2.22045e-016	0.	0.	0.	0.	0.	0.	1.	0.	0.	0.	
5.53127	60.0244	260	0	1	1	1	1	2.22045e-016	0.	0.	0.	0.	0.	0.	1.	0.	0.	0.	
5.54822	59.0034	261	0	1	1	1	1	2.22045e-016	0.	0.	0.	0.	0.	0.	1.	0.	0.	0.	
5.565	59.5957	262	0	1	1	1	1	2.22045e-016	0.	0.	0.	0.	0.	0.	1.	0.	0.	0.	
5.58158	60.3019	263	0	1	1	1	1	2.22045e-016	0.	0.	0.	0.	0.	0.	1.	0.	0.	0.	
5.59802	60.8413	264	0	1	1	1	1	2.22045e-016	0.	0.	0.	0.	0.	0.	1.	0.	0.	0.	
5.61476	59.7408	265	0	1	1	1	1	2.22045e-016	0.	0.	0.	0.	0.	0.	1.	0.	0.	0.	
5.63131	60.4097	266	0	1	1	1	1	2.22045e-016	0.	0.	0.	0.	0.	0.	1.	0.	0.	0.	
5.64824	59.0675	267	0	1	1	1	1	2.22045e-016	0.	0.	0.	0.	0.	0.	1.	0.	0.	0.	
5.66468	60.8346	268	0	1	1	1	1	2.22045e-016	0.	0.	0.	0.	0.	0.	1.	0.	0.	0.	
5.68142	59.7375	269	0	1	1	1	1	2.22045e-016	0.	0.	0.	0.	0.	0.	1.	0.	0.	0.	
5.6983	59.2228	270	0	1	1	1	1	2.22045e-016	0.	0.	0.	0.	0.	0.	1.	0.	0.	0.	
5.71477	60.7397	271	0	1	1	1	1	2.22045e-016	0.	0.	0.	0.	0.	0.	1.	0.	0.	0.	
5.73158	59.4897	272	0	1	1	1	1	2.22045e-016	0.	0.	0.	0.	0.	0.	1.	0.	0.	0.	
5.74754	62.6406	273	0	1	1	1	1	2.22045e-016	0.	0.	0.	0.	0.	0.	1.	0.	0.	0.	
5.76468	58.3569	274	0	1	1	1	1	2.22045e-016	0.	0.	0.	0.	0.	0.	1.	0.	0.	0.	
5.78163	58.9729	275	0	1	1	1	1	2.22045e-016	0.	0.	0.	0.	0.	0.	1.	0.	0.	0.	
5.79811	60.6808	276	0	1	1	1	1	2.22045e-016	0.	0.	0.	0.	0.	0.	1.	0.	0.	0.	
5.81458	60.7208	277	0	1	1	1	1	2.22045e-016	0.	0.	0.	0.	0.	0.	1.	0.	0.	0.	
5.831	60.9274	278	0	1	1	1	1	2.22045e-016	0.	0.	0.	0.	0.	0.	1.	0.	0.	0.	
5.84802	58.7439	279	0	1	1	1	1	2.22045e-016	0.	0.	0.	0.	0.	0.	1.	0.	0.	0.	
5.86462	60.2197	280	0	1	1	1	1	2.22045e-016	0.	0.	0.	0.	0.	0.	1.	0.	0.	0.	
5.88159	58.9509	281	0	1	1	1	1	2.22045e-016	0.	0.	0.	0.	0.	0.	1.	0.	0.	0.	
5.89803	60.8167	282	0	1	1	1	1	2.22045e-016	0.	0.	0.	0.	0.	0.	1.	0.	0.	0.	
5.91471	59.9668	283	0	1	1	1	1	2.22045e-016	0.	0.	0.	0.	0.	0.	1.	0.	0.	0.	
5.9315	59.5314	284	0	1	1	1	1	2.22045e-016	0.	0.	0.	0.	0.	0.	1.	0.	0.	0.	
5.94809	60.2986	285	0	1	1	1	1	2.22045e-016	0.	0.	0.	0.	0.	0.	1.	0.	0.	0.	
5.96472	60.1399	286	0	1	1	1	1	2.22045e-016	0.	0.	0.	0.	0.	0.	1.	0.	0.	0.	
5.98118	60.7509	287	0	1	1	1	1	2.22045e-016	0.	0.	0.	0.	0.	0.	1.	0.	0.	0.	
5.99798	59.509	288	0	1	1	1	1	2.22045e-016	0.	0.	0.	0.	0.	0.	1.	0.	0.	0.	
6.01465	60.0015	289	0	1	1	1	1	2.22045e-016	0.	0.	0.	0.	0.	0.	1.	0.	0.	0.	
6.03151	59.2906	290	0	1	1	1	1	2.22045e-016	0.	0.	0.	0.	0.	0.	1.	0.	0.	0.	
6.04813	60.1792	291	0	1	1	1	1	2.22045e-016	0.	0.	0.	0.	0.	0.	1.	0.	0.	0.	
6.06519	58.6347	292	0	1	1	1	1	2.22045e-016	0.	0.	0.	0.	0.	0.	1.	0.	0.	0.	
6.08145	61.4804	293	0	1	1	1	1	2.22045e-016	0.	0.	0.	0.	0.	0.	1.	0.	0.	0.	
6.09815	59.8941	294	0	1	1	1	1	2.22045e-016	0.	0.	0.	0.	0.	0.	1.	0.	0.	0.	
6.115	59.3278	295	0	1	1	1	1	2.22045e-016	0.	0.	0.	0.	0.	0.	1.	0.	0.	0.	
6.13158	60.3392	296	0	1	1	1	1	2.22045e-016	0.	0.	0.	0.	0.	0.	1.	0.	0.	0.	
6.14832	59.7031	297	0	1	1	1	1	2.22045e-016	0.	0.	0.	0.	0.	0.	1.	0.	0.	0.	
6.16483	60.5909	298	0	1	1	1	1	2.22045e-016	0.	0.	0.	0.	0.	0.	1.	0.	0.	0.	
6.18155	59.8141	299	0	1	1	1	1	2.22045e-016	0.	0.	0.	0.	0.	0.	1.	0.	0.	0.	
6.19808	60.4924	300	0	1	1	1	1	2.22045e-016	0.	0.	0.	0.	0.	0.	1.	0.	0.	0.	
6.21464	60.3954	301	0	1	1	1	1	2.22045e-016	0.	0.	0.	0.	0.	0.	1.	0.	0.	0.	
6.23146	59.4395	302	0	1	1	1	1	2.22045e-016	0.	0.	0.	0.	0.	0.	1.	0.	0.	0.	
6.2485	58.6939	303	0	1	1	1	1	2.22045e-016	0.	0.	0.	0.	0.	0.	1.	0.	0.	0.	
6.26468	61.805	304	0	1	1	1	1	2.22045e-016	0.	0.	0.	0.	0.	0.	1.	0.	0.	0.	
6.28146	59.5871	305	0	1	1	1	1	2.22045e-016	0.	0.	0.	0.	0.	0.	1.	0.	0.	0.	
6.29811	60.0483	306	0	1	1	1	1	2.22045e-016	0.	0.	0.	0.	0.	0.	1.	0.	0.	0.	
6.31442	61.3074	307	0	1	1	1	1	2.22045e-016	0.	0.	0.	0.	0.	0.	1.	0.	0.	0.	
6.3317	57.8797	308	0	1	1	1	1	2.22045e-016	0.	0.	0.	0.	0.	0.	1.	0.	0.	0.	
6.34808	61.0374	309	0	1	1	1	1	2.22045e-016	0.	0.	0.	0.	0.	0.	1.	0.	0.	0.	
6.3646	60.5477	310	0	1	1	1	1	2.22045e-016	0.	0.	0.	0.	0.	0.	1.	0.	0.	0.	
6.38184	57.9972	311	0	1	1	1	1	2.22045e-016	0.	0.	0.	0.	0.	0.	1.	0.	0.	0.	
6.39805	61.7094	312	0	1	1	1	1	2.22045e-016	0.	0.	0.	0.	0.	0.	1.	0.	0.	0.	
6.41479	59.7225	313	0	1	1	1	1	2.22045e-016	0.	0.	0.	0.	0.	0.	1.	0.	0.	0.	
6.43179	58.8232	314	0	1	1	1	1	2.22045e-016	0.	0.	0.	0.	0.	0.	1.	0.	0.	0.	
6.44803	61.5809	315	0	1	1	1	1	2.22045e-016	0.	0.	0.	0.	0.	0.	1.	0.	0.	0.	
6.46473	59.8692	316	0	1	1	1	1	2.22045e-016	0.	0.	0.	0.	0.	0.	1.	0.	0.	0.	
6.48149	59.6848	317	0	1	1	1	1	2.22045e-016	0.	0.	0.	0.	0.	0.	1.	0.	0.	0.	
6.49809	60.2284	318	0	1	1	1	1	2.22045e-016	0.	0.	0.	0.	0.	0.	1.	0.	0.	0.	
6.5149	59.5111	319	0	1	1	1	1	2.22045e-016	0.	0.	0.	0.	0.	0.	1.	0.	0.	0.	
6.53162	59.7763	320	0	1	1	1	1	2.22045e-016	0.	0.	0.	0.	0.	0.	1.	0.	0.	0.	
6.54783	61.7175	321	0	1	1	1	1	2.22045e-016	0.	0.	0.	0.	0.	0.	1.	0.	0.	0.	
6.56437	60.4538	322	0	1	1	1	1	2.22045e-016	0.	0.	0.	0.	0.	0.	1.	0.	0.	0.	
6.58136	58.843	323	0	1	1	1	1	2.22045e-016	0.	0.	0.	0.	0.	0.	1.	0.	0.	0.	
6.59816	59.5261	324	0	1	1	1	1	2.22045e-016	0.	0.	0.	0.	0.	0.	1.	0.	0.	0.	
6.61454	61.0521	325	0	1	1	1	1	2.22045e-016	0.	0.	0.	0.	0.	0.	1.	0.	0.	0.	
6.63183	57.8574	326	0	1	1	1	1	2.22045e-016	0.	0.	0.	0.	0.	0.	1.	0.	0.	0.	
6.64786	62.3705	327	0	1	1	1	1	2.22045e-016	0.	0.	0.	0.	0.	0.	1.	0.	0.	0.	
6.66478	59.0981	328	0	1	1	1	1	2.22045e-016	0.	0.	0.	0.	0.	0.	1.	0.	0.	0.	
6.68132	60.4736	329	0	1	1	1	1	2.22045e-016	0.	0.	0.	0.	0.	0.	1.	0.	0.	0.	
6.69808	59.6504	330	0	1	1	1	1	2.22045e-016	0.	0.	0.	0.	0.	0.	1.	0.	0.	0.	
6.71478	59.892	331	0	1	1	1	1	2.22045e-016	0.	0.	0.	0.	0.	0.	1.	0.	0.	0.	
6.73201	58.0419	332	0	1	1	1	1	2.22045e-016	0.	0.	0.	0.	0.	0.	1.	0.	0.	0.	
6.74817	61.8615	333	0	1	1	1	1	2.22045e-016	0.	0.	0.	0.	0.	0.	1.	0.	0.	0.	
6.76488	59.8552	334	0	1	1	1	1	2.22045e-016	0.	0.	0.	0.	0.	0.	1.	0.	0.	0.	
6.78182	59.0349	335	0	1	1	1	1	2.22045e-016	0.	0.	0.	0.	0.	0.	1.	0.	0.	0.	
6.79808	61.51	336	0	1	1	1	1	2.22045e-016	0.	0.	0.	0.	0.	0.	1.	0.	0.	0.	
6.81498	59.1519	337	0	1	1	1	1	2.22045e-016	0.	0.	0.	0.	0.	0.	1.	0.	0.	0.	
6.83162	60.1148	338	0	1	1	1	1	2.22045e-016	0.	0.	0.	0.	0.	0.	1.	0.	0.	0.	
6.848	61.0397	339	0	1	1	1	1	2.22045e-016	0.	0.	0.	0.	0.	0.	1.	0.	0.	0.	
6.86494	59.0286	340	0	1	1	1	1	2.22045e-016	0.	0.	0.	0.	0.	0.	1.	0.	0.	0.	
6.88125	61.321	341	0	1	1	1	1	2.22045e-016	0.	0.	0.	0.	0.	0.	1.	0.	0.	0.	
6.89804	59.5314	342	0	1	1	1	1	2.22045e-016	0.	0.	0.	0.	0.	0.	1.	0.	0.	0.	
6.91491	59.297	343	0	1	1	1	1	2.22045e-016	0.	0.	0.	0.	0.	0.	1.	0.	0.	0.	
6.93158	59.995	344	0	1	1	1	1	2.22045e-016	0.	0.	0.	0.	0.	0.	1.	0.	0.	0.	
6.94795	61.0757	345	0	1	1	1	1	2.22045e-016	0.	0.	0.	0.	0.	0.	1.	0.	0.	0.	
6.96413	61.7877	346	0	1	1	1	1	2.22045e-016	0.	0.	0.	0.	0.	0.	1.	0.	0.	0.	
6.98131	58.2317	347	0	1	1	1	1	2.22045e-016	0.	0.	0.	0.	0.	0.	1.	0.	0.	0.	
6.99816	59.349	348	0	1	1	1	1	2.22045e-016	0.	0.	0.	0.	0.	0.	1.	0.	0.	0.	
7.01481	60.0516	349	0	1	1	1	1	2.22045e-016	0.	0.	0.	0.	0.	0.	1.	0.	0.	0.	
7.03156	59.6891	350	0	1	1	1	1	2.22045e-016	0.	0.	0.	0.	0.	0.	1.	0.	0.	0.	
7.04806	60.6197	351	0	1	1	1	1	2.22045e-016	0.	0.	0.	0.	0.	0.	1.	0.	0.	0.	
7.06478	59.7958	352	0	1	1	1	1	2.22045e-016	0.	0.	0.	0.	0.	0.	1.	0.	0.	0.	
7.08142	60.1006	353	0	1	1	1	1	2.22045e-016	0.	0.	0.	0.	0.	0.	1.	0.	0.	0.	
7.09807	60.0494	354	0	1	1	1	1	2.22045e-016	0.	0.	0.	0.	0.	0.	1.	0.	0.	0.	
7.11449	60.9129	355	0	1	1	1	1	2.22045e-016	0.	0.	0.	0.	0.	0.	1.	0.	0.	0.	
7.13134	59.3682	356	0	1	1	1	1	2.22045e-016	0.	0.	0.	0.	0.	0.	1.	0.	0.	0.	
7.14802	59.9397	357	0	1	1	1	1	2.22045e-016	0.	0.	0.	0.	0.	0.	1.	0.	0.	0.	
7.16463	60.212	358	0	1	1	1	1	2.22045e-016	0.	0.	0.	0.	0.	0.	1.	0.	0.	0.	
7.18114	60.5422	359	0	1	1	1	1	2.22045e-016	0.	0.	0.	0.	0.	0.	1.	0.	0.	0.	
7.19798	59.4076	360	0	1	1	1	1	2.22045e-016	0.	0.	0.	0.	0.	0.	1.	0.	0.	0.	
7.21482	59.3565	361	0	1	1	1	1	2.22045e-016	0.	0.	0.	0.	0.	0.	1.	0.	0.	0.	
7.23141	60.3041	362	0	1	1	1	1	2.22045e-016	0.	0.	0.	0.	0.	0.	1.	0.	0.	0.	
7.24795	60.4626	363	0	1	1	1	1	2.22045e-016	0.	0.	0.	0.	0.	0.	1.	0.	0.	0.	
7.26442	60.7097	364	0	1	1	1	1	2.22045e-016	0.	0.	0.	0.	0.	0.	1.	0.	0.	0.	
7.28117	59.7063	365	0	1	1	1	1	2.22045e-016	0.	0.	0.	0.	0.	0.	1.	0.	0.	0.	
7.29812	58.9845	366	0	1	1	1	1	2.22045e-016	0.	0.	0.	0.	0.	0.	1.	0.	0.	0.	
7.31489	59.6214	367	0	1	1	1	1	2.22045e-016	0.	0.	0.	0.	0.	0.	1.	0.	0.	0.	
7.3313	60.9611	368	0	1	1	1	1	2.22045e-016	0.	0.	0.	0.	0.	0.	1.	0.	0.	0.	
7.34784	60.4494	369	0	1	1	1	1	2.22045e-016	0.	0.	0.	0.	0.	0.	1.	0.	0.	0.	
7.36473	59.1963	370	0	1	1	1	1	2.22045e-016	0.	0.	0.	0.	0.	0.	1.	0.	0.	0.	
7.38145	59.8076	371	0	1	1	1	1	2.22045e-016	0.	0.	0.	0.	0.	0.	1.	0.	0.	0.	
7.39807	60.1956	372	0	1	1	1	1	2.22045e-016	0.	0.	0.	0.	0.	0.	1.	0.	0.	0.	
7.41475	59.9277	373	0	1	1	1	1	2.22045e-016	0.	0.	0.	0.	0.	0.	1.	0.	0.	0.	
7.43159	59.3884	374	0	1	1	1	1	2.22045e-016	0.	0.	0.	0.	0.	0.	1.	0.	0.	0.	
7.44775	61.8777	375	0	1	1	1	1	2.22045e-016	0.	0.	0.	0.	0.	0.	1.	0.	0.	0.	
7.46441	60.02	376	0	1	1	1	1	2.22045e-016	0.	0.	0.	0.	0.	0.	1.	0.	0.	0.	
7.48158	58.2348	377	0	1	1	1	1	2.22045e-016	0.	0.	0.	0.	0.	0.	1.	0.	0.	0.	
7.49813	60.4416	378	0	1	1	1	1	2.22045e-016	0.	0.	0.	0.	0.	0.	1.	0.	0.	0.	
7.51453	60.9902	379	0	1	1	1	1	2.22045e-016	0.	0.	0.	0.	0.	0.	1.	0.	0.	0.	
7.53141	59.2408	380	0	1	1	1	1	2.22045e-016	0.	0.	0.	0.	0.	0.	1.	0.	0.	0.	
7.54811	59.853	381	0	1	1	1	1	2.22045e-016	0.	0.	0.	0.	0.	0.	1.	0.	0.	0.	
7.56472	60.2263	382	0	1	1	1	1	2.22045e-016	0.	0.	0.	0.	0.	0.	1.	0.	0.	0.	
7.58192	58.1193	383	0	1	1	1	1	2.22045e-016	0.	0.	0.	0.	0.	0.	1.	0.	0.	0.	
7.5982	61.4313	384	0	1	1	1	1	2.22045e-016	0.	0.	0.	0.	0.	0.	1.	0.	0.	0.	
7.61469	60.6363	385	0	1	1	1	1	2.22045e-016	0.	0.	0.	0.	0.	0.	1.	0.	0.	0.	
7.63129	60.235	386	0	1	1	1	1	2.22045e-016	0.	0.	0.	0.	0.	0.	1.	0.	0.	0.	
7.64838	58.5156	387	0	1	1	1	1	2.22045e-016	0.	0.	0.	0.	0.	0.	1.	0.	0.	0.	
7.66476	61.0622	388	0	1	1	1	1	2.22045e-016	0.	0.	0.	0.	0.	0.	1.	0.	0.	0.	
7.68138	60.1792	389	0	1	1	1	1	2.22045e-016	0.	0.	0.	0.	0.	0.	1.	0.	0.	0.	
7.69823	59.3267	390	0	1	1	1	1	2.22045e-016	0.	0.	0.	0.	0.	0.	1.	0.	0.	0.	
7.71461	61.0599	391	0	1	1	1	1	2.22045e-016	0.	0.	0.	0.	0.	0.	1.	0.	0.	0.	
7.73236	56.3382	392	0	1	1	1	1	2.22045e-016	0.	0.	0.	0.	0.	0.	1.	0.	0.	0.	
7.7486	61.5752	393	0	1	1	1	1	2.22045e-016	0.	0.	0.	0.	0.	0.	1.	0.	0.	0.	
7.76477	61.8604	394	0	1	1	1	1	2.22045e-016	0.	0.	0.	0.	0.	0.	1.	0.	0.	0.	
7.78108	61.2825	395	0	1	1	1	1	2.22045e-016	0.	0.	0.	0.	0.	0.	1.	0.	0.	0.	
7.79826	58.2286	396	0	1	1	1	1	2.22045e-016	0.	0.	0.	0.	0.	0.	1.	0.	0.	0.	
7.81484	60.3239	397	0	1	1	1	1	2.22045e-016	0.	0.	0.	0.	0.	0.	1.	0.	0.	0.	
7.83147	60.1082	398	0	1	1	1	1	2.22045e-016	0.	0.	0.	0.	0.	0.	1.	0.	0.	0.	
7.84811	60.1181	399	0	1	1	1	1	2.22045e-016	0.	0.	0.	0.	0.	0.	1.	0.	0.	0.	
7.86475	60.0842	400	0	1	1	1	1	2.22045e-016	0.	0.	0.	0.	0.	0.	1.	0.	0.	0.	
7.8815	59.6837	401	0	1	1	1	1	2.22045e-016	0.	0.	0.	0.	0.	0.	1.	0.	0.	0.	
7.89838	59.263	402	0	1	1	1	1	2.22045e-016	0.	0.	0.	0.	0.	0.	1.	0.	0.	0.	
7.91456	61.8131	403	0	1	1	1	1	2.22045e-016	0.	0.	0.	0.	0.	0.	1.	0.	0.	0.	
7.93144	59.244	404	0	1	1	1	1	2.22045e-016	0.	0.	0.	0.	0.	0.	1.	0.	0.	0.	
7.94822	59.5732	405	0	1	1	1	1	2.22045e-016	0.	0.	0.	0.	0.	0.	1.	0.	0.	0.	
7.96566	57.3317	406	0	1	1	1	1	2.22045e-016	0.	0.	0.	0.	0.	0.	1.	0.	0.	0.	
7.98159	62.7985	407	0	1	1	1	1	2.22045e-016	0.	0.	0.	0.	0.	0.	1.	0.	0.	0.	
7.99849	59.1572	408	0	1	1	1	1	2.22045e-016	0.	0.	0.	0.	0.	0.	1.	0.	0.	0.	
8.01466	61.8534	409	0	1	1	1	1	2.22045e-016	0.	0.	0.	0.	0.	0.	1.	0.	0.	0.	
8.03197	57.7586	410	0	1	1	1	1	2.22045e-016	0.	0.	0.	0.	0.	0.	1.	0.	0.	0.	
8.0481	62.0005	411	0	1	1	1	1	2.22045e-016	0.	0.	0.	0.	0.	0.	1.	0.	0.	0.	
8.06476	60.0385	412	0	1	1	1	1	2.22045e-016	0.	0.	0.	0.	0.	0.	1.	0.	0.	0.	
8.08177	58.7741	413	0	1	1	1	1	2.22045e-016	0.	0.	0.	0.	0.	0.	1.	0.	0.	0.	
8.09854	59.6536	414	0	1	1	1	1	2.22045e-016	0.	0.	0.	0.	0.	0.	1.	0.	0.	0.	
8.11499	60.7888	415	0	1	1	1	1	2.22045e-016	0.	0.	0.	0.	0.	0.	1.	0.	0.	0.	
8.13122	61.5867	416	0	1	1	1	1	2.22045e-016	0.	0.	0.	0.	0.	0.	1.	0.	0.	0.	
8.14812	59.1879	417	0	1	1	1	1	2.22045e-016	0.	0.	0.	0.	0.	0.	1.	0.	0.	0.	
8.16476	60.1028	418	0	1	1	1	1	2.22045e-016	0.	0.	0.	0.	0.	0.	1.	0.	0.	0.	
8.18174	58.8869	419	0	1	1	1	1	2.22045e-016	0.	0.	0.	0.	0.	0.	1.	0.	0.	0.	
8.19787	61.9947	420	0	1	1	1	1	2.22045e-016	0.	0.	0.	0.	0.	0.	1.	0.	0.	0.	
8.21496	58.4929	421	0	1	1	1	1	2.22045e-016	0.	0.	0.	0.	0.	0.	1.	0.	0.	0.	
8.2314	60.8357	422	0	1	1	1	1	2.22045e-016	0.	0.	0.	0.	0.	0.	1.	0.	0.	0.	
8.24807	60.0037	423	0	1	1	1	1	2.22045e-016	0.	0.	0.	0.	0.	0.	1.	0.	0.	0.	
8.26459	60.5344	424	0	1	1	1	1	2.22045e-016	0.	0.	0.	0.	0.	0.	1.	0.	0.	0.	
8.28123	60.1061	425	0	1	1	1	1	2.22045e-016	0.	0.	0.	0.	0.	0.	1.	0.	0.	0.	
8.29826	58.6991	426	0	1	1	1	1	2.22045e-016	0.	0.	0.	0.	0.	0.	1.	0.	0.	0.	
8.31475	60.6319	427	0	1	1	1	1	2.22045e-016	0.	0.	0.	0.	0.	0.	1.	0.	0.	0.	
8.33151	59.6751	428	0	1	1	1	1	2.22045e-016	0.	0.	0.	0.	0.	0.	1.	0.	0.	0.	
8.34802	60.5864	429	0	1	1	1	1	2.22045e-016	0.	0.	0.	0.	0.	0.	1.	0.	0.	0.	
8.36473	59.8498	430	0	1	1	1	1	2.22045e-016	0.	0.	0.	0.	0.	0.	1.	0.	0.	0.	
8.38144	59.8433	431	0	1	1	1	1	2.22045e-016	0.	0.	0.	0.	0.	0.	1.	0.	0.	0.	
8.39793	60.6164	432	0	1	1	1	1	2.22045e-016	0.	0.	0.	0.	0.	0.	1.	0.	0.	0.	
8.41467	59.7515	433	0	1	1	1	1	2.22045e-016	0.	0.	0.	0.	0.	0.	1.	0.	0.	0.	
8.43131	60.1093	434	0	1	1	1	1	2.22045e-016	0.	0.	0.	0.	0.	0.	1.	0.	0.	0.	
8.44793	60.1432	435	0	1	1	1	1	2.22045e-016	0.	0.	0.	0.	0.	0.	1.	0.	0.	0.	
8.46476	59.4161	436	0	1	1	1	1	2.22045e-016	0.	0.	0.	0.	0.	0.	1.	0.	0.	0.	
8.48156	59.541	437	0	1	1	1	1	2.22045e-016	0.	0.	0.	0.	0.	0.	1.	0.	0.	0.	
8.49823	59.9863	438	0	1	1	1	1	2.22045e-016	0.	0.	0.	0.	0.	0.	1.	0.	0.	0.	
8.51467	60.8156	439	0	1	1	1	1	2.22045e-016	0.	0.	0.	0.	0.	0.	1.	0.	0.	0.	
8.53154	59.2641	440	0	1	1	1	1	2.22045e-016	0.	0.	0.	0.	0.	0.	1.	0.	0.	0.	
8.54823	59.9397	441	0	1	1	1	1	2.22045e-016	0.	0.	0.	0.	0.	0.	1.	0.	0.	0.	
8.56473	60.6075	442	0	1	1	1	1	2.22045e-016	0.	0.	0.	0.	0.	0.	1.	0.	0.	0.	
8.58144	59.8411	443	0	1	1	1	1	2.22045e-016	0.	0.	0.	0.	0.	0.	1.	0.	0.	0.	
8.5981	60.02	444	0	1	1	1	1	2.22045e-016	0.	0.	0.	0.	0.	0.	1.	0.	0.	0.	
8.61476	60.0342	445	0	1	1	1	1	2.22045e-016	0.	0.	0.	0.	0.	0.	1.	0.	0.	0.	
8.63132	60.3656	446	0	1	1	1	1	2.22045e-016	0.	0.	0.	0.	0.	0.	1.	0.	0.	0.	
8.64816	59.3948	447	0	1	1	1	1	2.22045e-016	0.	0.	0.	0.	0.	0.	1.	0.	0.	0.	
8.66477	60.2153	448	0	1	1	1	1	2.22045e-016	0.	0.	0.	0.	0.	0.	1.	0.	0.	0.	
8.68118	60.9263	449	0	1	1	1	1	2.22045e-016	0.	0.	0.	0.	0.	0.	1.	0.	0.	0.	
8.69766	60.6841	450	0	1	1	1	1	2.22045e-016	0.	0.	0.	0.	0.	0.	1.	0.	0.	0.	
8.71465	58.865	451	0	1	1	1	1	2.22045e-016	0.	0.	0.	0.	0.	0.	1.	0.	0.	0.	
8.73146	59.4684	452	0	1	1	1	1	2.22045e-016	0.	0.	0.	0.	0.	0.	1.	0.	0.	0.	
8.74818	59.8195	453	0	1	1	1	1	2.22045e-016	0.	0.	0.	0.	0.	0.	1.	0.	0.	0.	
8.76478	60.2252	454	0	1	1	1	1	2.22045e-016	0.	0.	0.	0.	0.	0.	1.	0.	0.	0.	
8.78097	61.7658	455	0	1	1	1	1	2.22045e-016	0.	0.	0.	0.	0.	0.	1.	0.	0.	0.	
8.79812	58.3065	456	0	1	1	1	1	2.22045e-016	0.	0.	0.	0.	0.	0.	1.	0.	0.	0.	
8.81475	60.1432	457	0	1	1	1	1	2.22045e-016	0.	0.	0.	0.	0.	0.	1.	0.	0.	0.	
8.83192	58.2358	458	0	1	1	1	1	2.22045e-016	0.	0.	0.	0.	0.	0.	1.	0.	0.	0.	
8.8481	61.8338	459	0	1	1	1	1	2.22045e-016	0.	0.	0.	0.	0.	0.	1.	0.	0.	0.	
8.86497	59.2652	460	0	1	1	1	1	2.22045e-016	0.	0.	0.	0.	0.	0.	1.	0.	0.	0.	
8.88126	61.3904	461	0	1	1	1	1	2.22045e-016	0.	0.	0.	0.	0.	0.	1.	0.	0.	0.	
8.89817	59.1392	462	0	1	1	1	1	2.22045e-016	0.	0.	0.	0.	0.	0.	1.	0.	0.	0.	
8.91478	60.1912	463	0	1	1	1	1	2.22045e-016	0.	0.	0.	0.	0.	0.	1.	0.	0.	0.	
8.93136	60.3239	464	0	1	1	1	1	2.22045e-016	0.	0.	0.	0.	0.	0.	1.	0.	0.	0.	
8.94839	58.7293	465	0	1	1	1	1	2.22045e-016	0.	0.	0.	0.	0.	0.	1.	0.	0.	0.	
8.96452	61.9634	466	0	1	1	1	1	2.22045e-016	0.	0.	0.	0.	0.	0.	1.	0.	0.	0.	
8.98153	58.8044	467	0	1	1	1	1	2.22045e-016	0.	0.	0.	0.	0.	0.	1.	0.	0.	0.	
8.99823	59.8682	468	0	1	1	1	1	2.22045e-016	0.	0.	0.	0.	0.	0.	1.	0.	0.	0.	
9.01478	60.4196	469	0	1	1	1	1	2.22045e-016	0.	0.	0.	0.	0.	0.	1.	0.	0.	0.	
9.03163	59.3671	470	0	1	1	1	1	2.22045e-016	0.	0.	0.	0.	0.	0.	1.	0.	0.	0.	
9.04824	60.2066	471	0	1	1	1	1	2.22045e-016	0.	0.	0.	0.	0.	0.	1.	0.	0.	0.	
9.06477	60.4913	472	0	1	1	1	1	2.22045e-016	0.	0.	0.	0.	0.	0.	1.	0.	0.	0.	
9.08144	59.9744	473	0	1	1	1	1	2.22045e-016	0.	0.	0.	0.	0.	0.	1.	0.	0.	0.	
9.09823	59.5592	474	0	1	1	1	1	2.22045e-016	0.	0.	0.	0.	0.	0.	1.	0.	0.	0.	
9.11523	58.8242	475	0	1	1	1	1	2.22045e-016	0.	0.	0.	0.	0.	0.	1.	0.	0.	0.	
9.13173	60.6253	476	0	1	1	1	1	2.22045e-016	0.	0.	0.	0.	0.	0.	1.	0.	0.	0.	
9.14804	61.3006	477	0	1	1	1	1	2.22045e-016	0.	0.	0.	0.	0.	0.	1.	0.	0.	0.	
9.16457	60.4935	478	0	1	1	1	1	2.22045e-016	0.	0.	0.	0.	0.	0.	1.	0.	0.	0.	
9.18156	58.8671	479	0	1	1	1	1	2.22045e-016	0.	0.	0.	0.	0.	0.	1.	0.	0.	0.	
9.19798	60.905	480	0	1	1	1	1	2.22045e-016	0.	0.	0.	0.	0.	0.	1.	0.	0.	0.	
9.21483	59.3427	481	0	1	1	1	1	2.22045e-016	0.	0.	0.	0.	0.	0.	1.	0.	0.	0.	
9.23121	61.0408	482	0	1	1	1	1	2.22045e-016	0.	0.	0.	0.	0.	0.	1.	0.	0.	0.	
9.24778	60.3425	483	0	1	1	1	1	2.22045e-016	0.	0.	0.	0.	0.	0.	1.	0.	0.	0.	
9.26473	59.0034	484	0	1	1	1	1	2.22045e-016	0.	0.	0.	0.	0.	0.	1.	0.	0.	0.	
9.2817	58.9341	485	0	1	1	1	1	2.22045e-016	0.	0.	0.	0.	0.	0.	1.	0.	0.	0.	
9.29816	60.7676	486	0	1	1	1	1	2.22045e-016	0.	0.	0.	0.	0.	0.	1.	0.	0.	0.	
9.31486	59.8595	487	0	1	1	1	1	2.22045e-016	0.	0.	0.	0.	0.	0.	1.	0.	0.	0.	
9.33098	62.0307	488	0	1	1	1	1	2.22045e-016	0.	0.	0.	0.	0.	0.	1.	0.	0.	0.	
9.34797	58.8692	489	0	1	1	1	1	2.22045e-016	0.	0.	0.	0.	0.	0.	1.	0.	0.	0.	
9.36468	59.8303	490	0	1	1	1	1	2.22045e-016	0.	0.	0.	0.	0.	0.	1.	0.	0.	0.	
9.38137	59.9321	491	0	1	1	1	1	2.22045e-016	0.	0.	0.	0.	0.	0.	1.	0.	0.	0.	
9.39815	59.5839	492	0	1	1	1	1	2.22045e-016	0.	0.	0.	0.	0.	0.	1.	0.	0.	0.	
9.41482	60.0015	493	0	1	1	1	1	2.22045e-016	0.	0.	0.	0.	0.	0.	1.	0.	0.	0.	
9.43183	58.7825	494	0	1	1	1	1	2.22045e-016	0.	0.	0.	0.	0.	0.	1.	0.	0.	0.	
9.44833	60.6064	495	0	1	1	1	1	2.22045e-016	0.	0.	0.	0.	0.	0.	1.	0.	0.	0.	
9.46494	60.2208	496	0	1	1	1	1	2.22045e-016	0.	0.	0.	0.	0.	0.	1.	0.	0.	0.	
9.48123	61.3653	497	0	1	1	1	1	2.22045e-016	0.	0.	0.	0.	0.	0.	1.	0.	0.	0.	
9.49835	58.4042	498	0	1	1	1	1	2.22045e-016	0.	0.	0.	0.	0.	0.	1.	0.	0.	0.	
9.51501	60.0527	499	0	1	1	1	1	2.22045e-016	0.	0.	0.	0.	0.	0.	1.	0.	0.	0.	
9.53134	61.2326	500	0	1	1	1	1	2.22045e-016	0.	0.	0.	0.	0.	0.	1.	0.	0.	0.	
9.54805	59.826	501	0	1	1	1	1	2.22045e-016	0.	0.	0.	0.	0.	0.	1.	0.	0.	0.	
9.56491	59.314	502	0	1	1	1	1	2.22045e-016	0.	0.	0.	0.	0.	0.	1.	0.	0.	0.	
9.5814	60.6541	503	0	1	1	1	1	2.22045e-016	0.	0.	0.	0.	0.	0.	1.	0.	0.	0.	
9.59804	60.1006	504	0	1	1	1	1	2.22045e-016	0.	0.	0.	0.	0.	0.	1.	0.	0.	0.	
9.61472	59.957	505	0	1	1	1	1	2.22045e-016	0.	0.	0.	0.	0.	0.	1.	0.	0.	0.	
9.63143	59.8454	506	0	1	1	1	1	2.22045e-016	0.	0.	0.	0.	0.	0.	1.	0.	0.	0.	
9.64897	57.0071	507	0	1	1	1	1	2.22045e-016	0.	0.	0.	0.	0.	0.	1.	0.	0.	0.	
9.66468	63.6504	508	0	1	1	1	1	2.22045e-016	0.	0.	0.	0.	0.	0.	1.	0.	0.	0.	
9.68135	59.9657	509	0	1	1	1	1	2.22045e-016	0.	0.	0.	0.	0.	0.	1.	0.	0.	0.	
9.69815	59.555	510	0	1	1	1	1	2.22045e-016	0.	0.	0.	0.	0.	0.	1.	0.	0.	0.	
9.71458	60.8524	511	0	1	1	1	1	2.22045e-016	0.	0.	0.	0.	0.	0.	1.	0.	0.	0.	
9.73136	59.5817	512	0	1	1	1	1	2.22045e-016	0.	0.	0.	0.	0.	0.	1.	0.	0.	0.	
9.7481	59.7397	513	0	1	1	1	1	2.22045e-016	0.	0.	0.	0.	0.	0.	1.	0.	0.	0.	
9.76488	59.5935	514	0	1	1	1	1	2.22045e-016	0.	0.	0.	0.	0.	0.	1.	0.	0.	0.	
9.78136	60.6674	515	0	1	1	1	1	2.22045e-016	0.	0.	0.	0.	0.	0.	1.	0.	0.	0.	
9.79807	59.8725	516	0	1	1	1	1	2.22045e-016	0.	0.	0.	0.	0.	0.	1.	0.	0.	0.	
9.81499	59.077	517	0	1	1	1	1	2.22045e-016	0.	0.	0.	0.	0.	0.	1.	0.	0.	0.	
9.8314	60.9454	518	0	1	1	1	1	2.22045e-016	0.	0.	0.	0.	0.	0.	1.	0.	0.	0.	
9.84796	60.3942	519	0	1	1	1	1	2.22045e-016	0.	0.	0.	0.	0.	0.	1.	0.	0.	0.	
9.86467	59.8325	520	0	1	1	1	1	2.22045e-016	0.	0.	0.	0.	0.	0.	1.	0.	0.	0.	
9.88142	59.7311	521	0	1	1	1	1	2.22045e-016	0.	0.	0.	0.	0.	0.	1.	0.	0.	0.	
9.89806	60.0897	522	0	1	1	1	1	2.22045e-016	0.	0.	0.	0.	0.	0.	1.	0.	0.	0.	
9.91468	60.1748	523	0	1	1	1	1	2.22045e-016	0.	0.	0.	0.	0.	0.	1.	0.	0.	0.	
9.93148	59.4919	524	0	1	1	1	1	2.22045e-016	0.	0.	0.	0.	0.	0.	1.	0.	0.	0.	
9.94819	59.8498	525	0	1	1	1	1	2.22045e-016	0.	0.	0.	0.	0.	0.	1.	0.	0.	0.	
9.96512	59.0886	526	0	1	1	1	1	2.22045e-016	0.	0.	0.	0.	0.	0.	1.	0.	0.	0.	
9.98124	62.0295	527	0	1	1	1	1	2.22045e-016	0.	0.	0.	0.	0.	0.	1.	0.	0.	0.	
9.99793	59.9061	528	0	1	1	1	1	2.22045e-016	0.	0.	0.	0.	0.	0.	1.	0.	0.	0.	
10.0148	59.3363	529	0	1	1	1	1	2.22045e-016	0.	0.	0.	0.	0.	0.	1.	0.	0.	0.	
10.0311	61.193	530	0	1	1	1	1	2.22045e-016	0.	0.	0.	0.	0.	0.	1.	0.	0.	0.	
10.0479	59.5239	531	0	1	1	1	1	2.22045e-016	0.	0.	0.	0.	0.	0.	1.	0.	0.	0.	
10.0648	59.3501	532	0	1	1	1	1	2.22045e-016	0.	0.	0.	0.	0.	0.	1.	0.	0.	0.	
10.0816	59.4748	533	0	1	1	1	1	2.22045e-016	0.	0.	0.	0.	0.	0.	1.	0.	0.	0.	
10.098	60.8513	534	0	1	1	1	1	2.22045e-016	0.	0.	0.	0.	0.	0.	1.	0.	0.	0.	
10.1144	61.1309	535	0	1	1	1	1	2.22045e-016	0.	0.	0.	0.	0.	0.	1.	0.	0.	0.	
10.1317	57.7052	536	0	1	1	1	1	2.22045e-016	0.	0.	0.	0.	0.	0.	1.	0.	0.	0.	
10.1477	62.3435	537	0	1	1	1	1	2.22045e-016	0.	0.	0.	0.	0.	0.	1.	0.	0.	0.	
10.1649	58.2809	538	0	1	1	1	1	2.22045e-016	0.	0.	0.	0.	0.	0.	1.	0.	0.	0.	
10.1814	60.7654	539	0	1	1	1	1	2.22045e-016	0.	0.	0.	0.	0.	0.	1.	0.	0.	0.	
10.1981	59.8649	540	0	1	1	1	1	2.22045e-016	0.	0.	0.	0.	0.	0.	1.	0.	0.	0.	
10.2148	59.7774	541	0	1	1	1	1	2.22045e-016	0.	0.	0.	0.	0.	0.	1.	0.	0.	0.	
10.2317	59.0791	542	0	1	1	1	1	2.22045e-016	0.	0.	0.	0.	0.	0.	1.	0.	0.	0.	
10.2481	61.1377	543	0	1	1	1	1	2.22045e-016	0.	0.	0.	0.	0.	0.	1.	0.	0.	0.	
10.2644	61.1682	544	0	1	1	1	1	2.22045e-016	0.	0.	0.	0.	0.	0.	1.	0.	0.	0.	
10.2815	58.669	545	0	1	1	1	1	2.22045e-016	0.	0.	0.	0.	0.	0.	1.	0.	0.	0.	
10.2982	59.8249	546	0	1	1	1	1	2.22045e-016	0.	0.	0.	0.	0.	0.	1.	0.	0.	0.	
10.3147	60.7297	547	0	1	1	1	1	2.22045e-016	0.	0.	0.	0.	0.	0.	1.	0.	0.	0.	
10.3314	59.6096	548	0	1	1	1	1	2.22045e-016	0.	0.	0.	0.	0.	0.	1.	0.	0.	0.	
10.3481	59.8163	549	0	1	1	1	1	2.22045e-016	0.	0.	0.	0.	0.	0.	1.	0.	0.	0.	
10.3648	60.0995	550	0	1	1	1	1	2.22045e-016	0.	0.	0.	0.	0.	0.	1.	0.	0.	0.	
10.3813	60.4516	551	0	1	1	1	1	2.22045e-016	0.	0.	0.	0.	0.	0.	1.	0.	0.	0.	
10.3985	58.3476	552	0	1	1	1	1	2.22045e-016	0.	0.	0.	0.	0.	0.	1.	0.	0.	0.	
10.4148	61.1151	553	0	1	1	1	1	2.22045e-016	0.	0.	0.	0.	0.	0.	1.	0.	0.	0.	
10.4314	60.4427	554	0	1	1	1	1	2.22045e-016	0.	0.	0.	0.	0.	0.	1.	0.	0.	0.	
10.4478	61.0026	555	0	1	1	1	1	2.22045e-016	0.	0.	0.	0.	0.	0.	1.	0.	0.	0.	
10.4647	58.9981	556	0	1	1	1	1	2.22045e-016	0.	0.	0.	0.	0.	0.	1.	0.	0.	0.	
10.4813	60.1421	557	0	1	1	1	1	2.22045e-016	0.	0.	0.	0.	0.	0.	1.	0.	0.	0.	
10.4983	58.9845	558	0	1	1	1	1	2.22045e-016	0.	0.	0.	0.	0.	0.	1.	0.	0.	0.	
10.5148	60.4648	559	0	1	1	1	1	2.22045e-016	0.	0.	0.	0.	0.	0.	1.	0.	0.	0.	
10.5314	60.4681	560	0	1	1	1	1	2.22045e-016	0.	0.	0.	0.	0.	0.	1.	0.	0.	0.	
10.5479	60.3403	561	0	1	1	1	1	2.22045e-016	0.	0.	0.	0.	0.	0.	1.	0.	0.	0.	
10.5647	59.5239	562	0	1	1	1	1	2.22045e-016	0.	0.	0.	0.	0.	0.	1.	0.	0.	0.	
10.5817	58.9981	563	0	1	1	1	1	2.22045e-016	0.	0.	0.	0.	0.	0.	1.	0.	0.	0.	
10.5981	61.1287	564	0	1	1	1	1	2.22045e-016	0.	0.	0.	0.	0.	0.	1.	0.	0.	0.	
10.6145	60.8435	565	0	1	1	1	1	2.22045e-016	0.	0.	0.	0.	0.	0.	1.	0.	0.	0.	
10.6315	58.6368	566	0	1	1	1	1	2.22045e-016	0.	0.	0.	0.	0.	0.	1.	0.	0.	0.	
10.6479	61.21	567	0	1	1	1	1	2.22045e-016	0.	0.	0.	0.	0.	0.	1.	0.	0.	0.	
10.6651	58.1071	568	0	1	1	1	1	2.22045e-016	0.	0.	0.	0.	0.	0.	1.	0.	0.	0.	
10.6814	61.4393	569	0	1	1	1	1	2.22045e-016	0.	0.	0.	0.	0.	0.	1.	0.	0.	0.	
10.6985	58.4825	570	0	1	1	1	1	2.22045e-016	0.	0.	0.	0.	0.	0.	1.	0.	0.	0.	
10.7149	60.8468	571	0	1	1	1	1	2.22045e-016	0.	0.	0.	0.	0.	0.	1.	0.	0.	0.	
10.7314	60.6986	572	0	1	1	1	1	2.22045e-016	0.	0.	0.	0.	0.	0.	1.	0.	0.	0.	
10.748	60.1563	573	0	1	1	1	1	2.22045e-016	0.	0.	0.	0.	0.	0.	1.	0.	0.	0.	
10.7646	60.3711	574	0	1	1	1	1	2.22045e-016	0.	0.	0.	0.	0.	0.	1.	0.	0.	0.	
10.7814	59.5175	575	0	1	1	1	1	2.22045e-016	0.	0.	0.	0.	0.	0.	1.	0.	0.	0.	
10.798	60.1617	576	0	1	1	1	1	2.22045e-016	0.	0.	0.	0.	0.	0.	1.	0.	0.	0.	
10.815	58.8733	577	0	1	1	1	1	2.22045e-016	0.	0.	0.	0.	0.	0.	1.	0.	0.	0.	
10.8311	61.924	578	0	1	1	1	1	2.22045e-016	0.	0.	0.	0.	0.	0.	1.	0.	0.	0.	
10.8481	58.9677	579	0	1	1	1	1	2.22045e-016	0.	0.	0.	0.	0.	0.	1.	0.	0.	0.	
10.8647	60.3195	580	0	1	1	1	1	2.22045e-016	0.	0.	0.	0.	0.	0.	1.	0.	0.	0.	
10.8812	60.4979	581	0	1	1	1	1	2.22045e-016	0.	0.	0.	0.	0.	0.	1.	0.	0.	0.	
10.8981	59.0118	582	0	1	1	1	1	2.22045e-016	0.	0.	0.	0.	0.	0.	1.	0.	0.	0.	
10.9148	60.1672	583	0	1	1	1	1	2.22045e-016	0.	0.	0.	0.	0.	0.	1.	0.	0.	0.	
10.9314	60.2394	584	0	1	1	1	1	2.22045e-016	0.	0.	0.	0.	0.	0.	1.	0.	0.	0.	
10.948	59.9711	585	0	1	1	1	1	2.22045e-016	0.	0.	0.	0.	0.	0.	1.	0.	0.	0.	
10.9648	59.4609	586	0	1	1	1	1	2.22045e-016	0.	0.	0.	0.	0.	0.	1.	0.	0.	0.	
10.9815	60.1934	587	0	1	1	1	1	2.22045e-016	0.	0.	0.	0.	0.	0.	1.	0.	0.	0.	
10.9982	59.7365	588	0	1	1	1	1	2.22045e-016	0.	0.	0.	0.	0.	0.	1.	0.	0.	0.	
11.0149	59.8909	589	0	1	1	1	1	2.22045e-016	0.	0.	0.	0.	0.	0.	1.	0.	0.	0.	
11.031	62.2767	590	0	1	1	1	1	2.22045e-016	0.	0.	0.	0.	0.	0.	1.	0.	0.	0.	
11.0481	58.4093	591	0	1	1	1	1	2.22045e-016	0.	0.	0.	0.	0.	0.	1.	0.	0.	0.	
11.0649	59.4588	592	0	1	1	1	1	2.22045e-016	0.	0.	0.	0.	0.	0.	1.	0.	0.	0.	
11.0814	60.7587	593	0	1	1	1	1	2.22045e-016	0.	0.	0.	0.	0.	0.	1.	0.	0.	0.	
11.0981	59.5839	594	0	1	1	1	1	2.22045e-016	0.	0.	0.	0.	0.	0.	1.	0.	0.	0.	
11.1151	58.9708	595	0	1	1	1	1	2.22045e-016	0.	0.	0.	0.	0.	0.	1.	0.	0.	0.	
11.1312	62.0225	596	0	1	1	1	1	2.22045e-016	0.	0.	0.	0.	0.	0.	1.	0.	0.	0.	
11.1482	58.7303	597	0	1	1	1	1	2.22045e-016	0.	0.	0.	0.	0.	0.	1.	0.	0.	0.	
11.1648	60.4185	598	0	1	1	1	1	2.22045e-016	0.	0.	0.	0.	0.	0.	1.	0.	0.	0.	
11.1817	59.0665	599	0	1	1	1	1	2.22045e-016	0.	0.	0.	0.	0.	0.	1.	0.	0.	0.	
11.1984	59.9082	600	0	1	1	1	1	2.22045e-016	0.	0.	0.	0.	0.	0.	1.	0.	0.	0.	
11.2148	61.1456	601	0	1	1	1	1	2.22045e-016	0.	0.	0.	0.	0.	0.	1.	0.	0.	0.	
11.2313	60.3634	602	0	1	1	1	1	2.22045e-016	0.	0.	0.	0.	0.	0.	1.	0.	0.	0.	
11.248	60.0788	603	0	1	1	1	1	2.22045e-016	0.	0.	0.	0.	0.	0.	1.	0.	0.	0.	
11.2646	60.1137	604	0	1	1	1	1	2.22045e-016	0.	0.	0.	0.	0.	0.	1.	0.	0.	0.	
11.2813	59.799	605	0	1	1	1	1	2.22045e-016	0.	0.	0.	0.	0.	0.	1.	0.	0.	0.	
11.2978	60.6009	606	0	1	1	1	1	2.22045e-016	0.	0.	0.	0.	0.	0.	1.	0.	0.	0.	
11.3148	58.8461	607	0	1	1	1	1	2.22045e-016	0.	0.	0.	0.	0.	0.	1.	0.	0.	0.	
11.3314	60.3766	608	0	1	1	1	1	2.22045e-016	0.	0.	0.	0.	0.	0.	1.	0.	0.	0.	
11.3482	59.6891	609	0	1	1	1	1	2.22045e-016	0.	0.	0.	0.	0.	0.	1.	0.	0.	0.	
11.3649	59.8044	610	0	1	1	1	1	2.22045e-016	0.	0.	0.	0.	0.	0.	1.	0.	0.	0.	
11.3812	61.21	611	0	1	1	1	1	2.22045e-016	0.	0.	0.	0.	0.	0.	1.	0.	0.	0.	
11.398	59.7149	612	0	1	1	1	1	2.22045e-016	0.	0.	0.	0.	0.	0.	1.	0.	0.	0.	
11.415	58.6898	613	0	1	1	1	1	2.22045e-016	0.	0.	0.	0.	0.	0.	1.	0.	0.	0.	
11.4315	60.5101	614	0	1	1	1	1	2.22045e-016	0.	0.	0.	0.	0.	0.	1.	0.	0.	0.	
11.4482	59.8887	615	0	1	1	1	1	2.22045e-016	0.	0.	0.	0.	0.	0.	1.	0.	0.	0.	
11.4645	61.3483	616	0	1	1	1	1	2.22045e-016	0.	0.	0.	0.	0.	0.	1.	0.	0.	0.	
11.4815	58.9918	617	0	1	1	1	1	2.22045e-016	0.	0.	0.	0.	0.	0.	1.	0.	0.	0.	
11.4981	60.258	618	0	1	1	1	1	2.22045e-016	0.	0.	0.	0.	0.	0.	1.	0.	0.	0.	
11.5149	59.509	619	0	1	1	1	1	2.22045e-016	0.	0.	0.	0.	0.	0.	1.	0.	0.	0.	
11.5315	60.2811	620	0	1	1	1	1	2.22045e-016	0.	0.	0.	0.	0.	0.	1.	0.	0.	0.	
11.548	60.3557	621	0	1	1	1	1	2.22045e-016	0.	0.	0.	0.	0.	0.	1.	0.	0.	0.	
11.5647	59.8779	622	0	1	1	1	1	2.22045e-016	0.	0.	0.	0.	0.	0.	1.	0.	0.	0.	
11.5817	59.0465	623	0	1	1	1	1	2.22045e-016	0.	0.	0.	0.	0.	0.	1.	0.	0.	0.	
11.5981	60.8089	624	0	1	1	1	1	2.22045e-016	0.	0.	0.	0.	0.	0.	1.	0.	0.	0.	
11.6146	60.7331	625	0	1	1	1	1	2.22045e-016	0.	0.	0.	0.	0.	0.	1.	0.	0.	0.	
11.6312	60.0527	626	0	1	1	1	1	2.22045e-016	0.	0.	0.	0.	0.	0.	1.	0.	0.	0.	
11.6481	59.3044	627	0	1	1	1	1	2.22045e-016	0.	0.	0.	0.	0.	0.	1.	0.	0.	0.	
11.6644	61.1761	628	0	1	1	1	1	2.22045e-016	0.	0.	0.	0.	0.	0.	1.	0.	0.	0.	
11.6816	58.325	629	0	1	1	1	1	2.22045e-016	0.	0.	0.	0.	0.	0.	1.	0.	0.	0.	
11.698	60.8078	630	0	1	1	1	1	2.22045e-016	0.	0.	0.	0.	0.	0.	1.	0.	0.	0.	
11.7149	59.1868	631	0	1	1	1	1	2.22045e-016	0.	0.	0.	0.	0.	0.	1.	0.	0.	0.	
11.7315	60.3392	632	0	1	1	1	1	2.22045e-016	0.	0.	0.	0.	0.	0.	1.	0.	0.	0.	
11.7481	60.1311	633	0	1	1	1	1	2.22045e-016	0.	0.	0.	0.	0.	0.	1.	0.	0.	0.	
11.7649	59.4534	634	0	1	1	1	1	2.22045e-016	0.	0.	0.	0.	0.	0.	1.	0.	0.	0.	
11.7813	61.0183	635	0	1	1	1	1	2.22045e-016	0.	0.	0.	0.	0.	0.	1.	0.	0.	0.	
11.7986	58.0521	636	0	1	1	1	1	2.22045e-016	0.	0.	0.	0.	0.	0.	1.	0.	0.	0.	
11.8145	62.8343	637	0	1	1	1	1	2.22045e-016	0.	0.	0.	0.	0.	0.	1.	0.	0.	0.	
11.8319	57.3963	638	0	1	1	1	1	2.22045e-016	0.	0.	0.	0.	0.	0.	1.	0.	0.	0.	
11.8481	61.6313	639	0	1	1	1	1	2.22045e-016	0.	0.	0.	0.	0.	0.	1.	0.	0.	0.	
11.8647	60.1759	640	0	1	1	1	1	2.22045e-016	0.	0.	0.	0.	0.	0.	1.	0.	0.	0.	
11.8816	59.4097	641	0	1	1	1	1	2.22045e-016	0.	0.	0.	0.	0.	0.	1.	0.	0.	0.	
11.8981	60.4648	642	0	1	1	1	1	2.22045e-016	0.	0.	0.	0.	0.	0.	1.	0.	0.	0.	
11.915	59.2291	643	0	1	1	1	1	2.22045e-016	0.	0.	0.	0.	0.	0.	1.	0.	0.	0.	
11.9316	60.269	644	0	1	1	1	1	2.22045e-016	0.	0.	0.	0.	0.	0.	1.	0.	0.	0.	
11.9482	60.3656	645	0	1	1	1	1	2.22045e-016	0.	0.	0.	0.	0.	0.	1.	0.	0.	0.	
11.9648	60.02	646	0	1	1	1	1	2.22045e-016	0.	0.	0.	0.	0.	0.	1.	0.	0.	0.	
11.9815	60.0592	647	0	1	1	1	1	2.22045e-016	0.	0.	0.	0.	0.	0.	1.	0.	0.	0.	
11.9981	60.1628	648	0	1	1	1	1	2.22045e-016	0.	0.	0.	0.	0.	0.	1.	0.	0.	0.	
12.0148	60.0081	649	0	1	1	1	1	2.22045e-016	0.	0.	0.	0.	0.	0.	1.	0.	0.	0.	
12.0312	60.9117	650	0	1	1	1	1	2.22045e-016	0.	0.	0.	0.	0.	0.	1.	0.	0.	0.	
12.048	59.5057	651	0	1	1	1	1	2.22045e-016	0.	0.	0.	0.	0.	0.	1.	0.	0.	0.	
12.0646	59.995	652	0	1	1	1	1	2.22045e-016	0.	0.	0.	0.	0.	0.	1.	0.	0.	0.	
12.0813	60.0059	653	0	1	1	1	1	2.22045e-016	0.	0.	0.	0.	0.	0.	1.	0.	0.	0.	
12.0982	59.0339	654	0	1	1	1	1	2.22045e-016	0.	0.	0.	0.	0.	0.	1.	0.	0.	0.	
12.115	59.7257	655	0	1	1	1	1	2.22045e-016	0.	0.	0.	0.	0.	0.	1.	0.	0.	0.	
12.131	62.4658	656	0	1	1	1	1	2.22045e-016	0.	0.	0.	0.	0.	0.	1.	0.	0.	0.	
12.1479	59.0654	657	0	1	1	1	1	2.22045e-016	0.	0.	0.	0.	0.	0.	1.	0.	0.	0.	
12.1649	59.037	658	0	1	1	1	1	2.22045e-016	0.	0.	0.	0.	0.	0.	1.	0.	0.	0.	
12.1812	61.2496	659	0	1	1	1	1	2.22045e-016	0.	0.	0.	0.	0.	0.	1.	0.	0.	0.	
12.1981	59.116	660	0	1	1	1	1	2.22045e-016	0.	0.	0.	0.	0.	0.	1.	0.	0.	0.	
12.2145	61.1479	661	0	1	1	1	1	2.22045e-016	0.	0.	0.	0.	0.	0.	1.	0.	0.	0.	
12.2315	58.796	662	0	1	1	1	1	2.22045e-016	0.	0.	0.	0.	0.	0.	1.	0.	0.	0.	
12.2478	61.0599	663	0	1	1	1	1	2.22045e-016	0.	0.	0.	0.	0.	0.	1.	0.	0.	0.	
12.2648	59.0202	664	0	1	1	1	1	2.22045e-016	0.	0.	0.	0.	0.	0.	1.	0.	0.	0.	
12.2812	60.7732	665	0	1	1	1	1	2.22045e-016	0.	0.	0.	0.	0.	0.	1.	0.	0.	0.	
12.2981	59.4001	666	0	1	1	1	1	2.22045e-016	0.	0.	0.	0.	0.	0.	1.	0.	0.	0.	
12.3148	59.8931	667	0	1	1	1	1	2.22045e-016	0.	0.	0.	0.	0.	0.	1.	0.	0.	0.	
12.3318	58.7606	668	0	1	1	1	1	2.22045e-016	0.	0.	0.	0.	0.	0.	1.	0.	0.	0.	
12.3482	60.9375	669	0	1	1	1	1	2.22045e-016	0.	0.	0.	0.	0.	0.	1.	0.	0.	0.	
12.3649	59.8184	670	0	1	1	1	1	2.22045e-016	0.	0.	0.	0.	0.	0.	1.	0.	0.	0.	
12.3812	61.3335	671	0	1	1	1	1	2.22045e-016	0.	0.	0.	0.	0.	0.	1.	0.	0.	0.	
12.3982	59.0444	672	0	1	1	1	1	2.22045e-016	0.	0.	0.	0.	0.	0.	1.	0.	0.	0.	
12.415	59.4065	673	0	1	1	1	1	2.22045e-016	0.	0.	0.	0.	0.	0.	1.	0.	0.	0.	
12.4313	61.4633	674	0	1	1	1	1	2.22045e-016	0.	0.	0.	0.	0.	0.	1.	0.	0.	0.	
12.4484	58.3548	675	0	1	1	1	1	2.22045e-016	0.	0.	0.	0.	0.	0.	1.	0.	0.	0.	
12.4649	60.6674	676	0	1	1	1	1	2.22045e-016	0.	0.	0.	0.	0.	0.	1.	0.	0.	0.	
12.4815	60.1464	677	0	1	1	1	1	2.22045e-016	0.	0.	0.	0.	0.	0.	1.	0.	0.	0.	
12.4983	59.6483	678	0	1	1	1	1	2.22045e-016	0.	0.	0.	0.	0.	0.	1.	0.	0.	0.	
12.5146	61.27	679	0	1	1	1	1	2.22045e-016	0.	0.	0.	0.	0.	0.	1.	0.	0.	0.	
12.5317	58.6088	680	0	1	1	1	1	2.22045e-016	0.	0.	0.	0.	0.	0.	1.	0.	0.	0.	
12.5479	61.714	681	0	1	1	1	1	2.22045e-016	0.	0.	0.	0.	0.	0.	1.	0.	0.	0.	
12.5648	59.1625	682	0	1	1	1	1	2.22045e-016	0.	0.	0.	0.	0.	0.	1.	0.	0.	0.	
12.5813	60.5123	683	0	1	1	1	1	2.22045e-016	0.	0.	0.	0.	0.	0.	1.	0.	0.	0.	
12.5982	59.1519	684	0	1	1	1	1	2.22045e-016	0.	0.	0.	0.	0.	0.	1.	0.	0.	0.	
12.6148	60.1661	685	0	1	1	1	1	2.22045e-016	0.	0.	0.	0.	0.	0.	1.	0.	0.	0.	
12.632	58.105	686	0	1	1	1	1	2.22045e-016	0.	0.	0.	0.	0.	0.	1.	0.	0.	0.	
12.6482	61.7393	687	0	1	1	1	1	2.22045e-016	0.	0.	0.	0.	0.	0.	1.	0.	0.	0.	
12.6646	60.9487	688	0	1	1	1	1	2.22045e-016	0.	0.	0.	0.	0.	0.	1.	0.	0.	0.	
12.6815	59.431	689	0	1	1	1	1	2.22045e-016	0.	0.	0.	0.	0.	0.	1.	0.	0.	0.	
12.6982	59.6118	690	0	1	1	1	1	2.22045e-016	0.	0.	0.	0.	0.	0.	1.	0.	0.	0.	
12.7149	60.0124	691	0	1	1	1	1	2.22045e-016	0.	0.	0.	0.	0.	0.	1.	0.	0.	0.	
12.7313	60.7955	692	0	1	1	1	1	2.22045e-016	0.	0.	0.	0.	0.	0.	1.	0.	0.	0.	
12.7483	58.9761	693	0	1	1	1	1	2.22045e-016	0.	0.	0.	0.	0.	0.	1.	0.	0.	0.	
12.7645	61.6199	694	0	1	1	1	1	2.22045e-016	0.	0.	0.	0.	0.	0.	1.	0.	0.	0.	
12.7814	59.415	695	0	1	1	1	1	2.22045e-016	0.	0.	0.	0.	0.	0.	1.	0.	0.	0.	
12.7979	60.4405	696	0	1	1	1	1	2.22045e-016	0.	0.	0.	0.	0.	0.	1.	0.	0.	0.	
12.8148	59.3618	697	0	1	1	1	1	2.22045e-016	0.	0.	0.	0.	0.	0.	1.	0.	0.	0.	
12.8313	60.4858	698	0	1	1	1	1	2.22045e-016	0.	0.	0.	0.	0.	0.	1.	0.	0.	0.	
12.8479	60.2876	699	0	1	1	1	1	2.22045e-016	0.	0.	0.	0.	0.	0.	1.	0.	0.	0.	
12.8646	59.7785	700	0	1	1	1	1	2.22045e-016	0.	0.	0.	0.	0.	0.	1.	0.	0.	0.	
12.8814	59.51	701	0	1	1	1	1	2.22045e-016	0.	0.	0.	0.	0.	0.	1.	0.	0.	0.	
12.8979	60.4626	702	0	1	1	1	1	2.22045e-016	0.	0.	0.	0.	0.	0.	1.	0.	0.	0.	
12.9149	58.8117	703	0	1	1	1	1	2.22045e-016	0.	0.	0.	0.	0.	0.	1.	0.	0.	0.	
12.9317	59.7623	704	0	1	1	1	1	2.22045e-016	0.	0.	0.	0.	0.	0.	1.	0.	0.	0.	
12.9482	60.6952	705	0	1	1	1	1	2.22045e-016	0.	0.	0.	0.	0.	0.	1.	0.	0.	0.	
12.9644	61.4416	706	0	1	1	1	1	2.22045e-016	0.	0.	0.	0.	0.	0.	1.	0.	0.	0.	
12.9814	59.0833	707	0	1	1	1	1	2.22045e-016	0.	0.	0.	0.	0.	0.	1.	0.	0.	0.	
12.9982	59.4833	708	0	1	1	1	1	2.22045e-016	0.	0.	0.	0.	0.	0.	1.	0.	0.	0.	
13.0146	60.8424	709	0	1	1	1	1	2.22045e-016	0.	0.	0.	0.	0.	0.	1.	0.	0.	0.	
13.0314	59.6762	710	0	1	1	1	1	2.22045e-016	0.	0.	0.	0.	0.	0.	1.	0.	0.	0.	
13.0485	58.1959	711	0	1	1	1	1	2.22045e-016	0.	0.	0.	0.	0.	0.	1.	0.	0.	0.	
13.0646	62.2475	712	0	1	1	1	1	2.22045e-016	0.	0.	0.	0.	0.	0.	1.	0.	0.	0.	
13.0815	59.3055	713	0	1	1	1	1	2.22045e-016	0.	0.	0.	0.	0.	0.	1.	0.	0.	0.	
13.0981	60.0276	714	0	1	1	1	1	2.22045e-016	0.	0.	0.	0.	0.	0.	1.	0.	0.	0.	
13.1145	61.0138	715	0	1	1	1	1	2.22045e-016	0.	0.	0.	0.	0.	0.	1.	0.	0.	0.	
13.1317	58.2778	716	0	1	1	1	1	2.22045e-016	0.	0.	0.	0.	0.	0.	1.	0.	0.	0.	
13.1483	60.0081	717	0	1	1	1	1	2.22045e-016	0.	0.	0.	0.	0.	0.	1.	0.	0.	0.	
13.1648	60.7821	718	0	1	1	1	1	2.22045e-016	0.	0.	0.	0.	0.	0.	1.	0.	0.	0.	
13.1814	60.2252	719	0	1	1	1	1	2.22045e-016	0.	0.	0.	0.	0.	0.	1.	0.	0.	0.	
13.198	60.37	720	0	1	1	1	1	2.22045e-016	0.	0.	0.	0.	0.	0.	1.	0.	0.	0.	
13.2147	59.7753	721	0	1	1	1	1	2.22045e-016	0.	0.	0.	0.	0.	0.	1.	0.	0.	0.	
13.2313	60.2789	722	0	1	1	1	1	2.22045e-016	0.	0.	0.	0.	0.	0.	1.	0.	0.	0.	
13.2481	59.3501	723	0	1	1	1	1	2.22045e-016	0.	0.	0.	0.	0.	0.	1.	0.	0.	0.	
13.2647	60.2504	724	0	1	1	1	1	2.22045e-016	0.	0.	0.	0.	0.	0.	1.	0.	0.	0.	
13.2814	59.8768	725	0	1	1	1	1	2.22045e-016	0.	0.	0.	0.	0.	0.	1.	0.	0.	0.	
13.2978	61.2009	726	0	1	1	1	1	2.22045e-016	0.	0.	0.	0.	0.	0.	1.	0.	0.	0.	
13.3145	59.6268	727	0	1	1	1	1	2.22045e-016	0.	0.	0.	0.	0.	0.	1.	0.	0.	0.	
13.3313	59.6128	728	0	1	1	1	1	2.22045e-016	0.	0.	0.	0.	0.	0.	1.	0.	0.	0.	
13.3481	59.6236	729	0	1	1	1	1	2.22045e-016	0.	0.	0.	0.	0.	0.	1.	0.	0.	0.	
13.3648	59.8346	730	0	1	1	1	1	2.22045e-016	0.	0.	0.	0.	0.	0.	1.	0.	0.	0.	
13.3813	60.7977	731	0	1	1	1	1	2.22045e-016	0.	0.	0.	0.	0.	0.	1.	0.	0.	0.	
13.398	59.5314	732	0	1	1	1	1	2.22045e-016	0.	0.	0.	0.	0.	0.	1.	0.	0.	0.	
13.4147	60.165	733	0	1	1	1	1	2.22045e-016	0.	0.	0.	0.	0.	0.	1.	0.	0.	0.	
13.4314	59.8012	734	0	1	1	1	1	2.22045e-016	0.	0.	0.	0.	0.	0.	1.	0.	0.	0.	
13.448	60.0527	735	0	1	1	1	1	2.22045e-016	0.	0.	0.	0.	0.	0.	1.	0.	0.	0.	
13.4648	59.6934	736	0	1	1	1	1	2.22045e-016	0.	0.	0.	0.	0.	0.	1.	0.	0.	0.	
13.4813	60.413	737	0	1	1	1	1	2.22045e-016	0.	0.	0.	0.	0.	0.	1.	0.	0.	0.	
13.498	60.2076	738	0	1	1	1	1	2.22045e-016	0.	0.	0.	0.	0.	0.	1.	0.	0.	0.	
13.5145	60.5322	739	0	1	1	1	1	2.22045e-016	0.	0.	0.	0.	0.	0.	1.	0.	0.	0.	
13.5314	59.0454	740	0	1	1	1	1	2.22045e-016	0.	0.	0.	0.	0.	0.	1.	0.	0.	0.	
13.5483	59.3756	741	0	1	1	1	1	2.22045e-016	0.	0.	0.	0.	0.	0.	1.	0.	0.	0.	
13.5644	61.9332	742	0	1	1	1	1	2.22045e-016	0.	0.	0.	0.	0.	0.	1.	0.	0.	0.	
13.5816	58.2225	743	0	1	1	1	1	2.22045e-016	0.	0.	0.	0.	0.	0.	1.	0.	0.	0.	
13.598	60.7709	744	0	1	1	1	1	2.22045e-016	0.	0.	0.	0.	0.	0.	1.	0.	0.	0.	
13.6144	61.2383	745	0	1	1	1	1	2.22045e-016	0.	0.	0.	0.	0.	0.	1.	0.	0.	0.	
13.6312	59.2376	746	0	1	1	1	1	2.22045e-016	0.	0.	0.	0.	0.	0.	1.	0.	0.	0.	
13.6483	58.5497	747	0	1	1	1	1	2.22045e-016	0.	0.	0.	0.	0.	0.	1.	0.	0.	0.	
13.6647	61.0903	748	0	1	1	1	1	2.22045e-016	0.	0.	0.	0.	0.	0.	1.	0.	0.	0.	
13.6814	59.8606	749	0	1	1	1	1	2.22045e-016	0.	0.	0.	0.	0.	0.	1.	0.	0.	0.	
13.6983	59.3044	750	0	1	1	1	1	2.22045e-016	0.	0.	0.	0.	0.	0.	1.	0.	0.	0.	
13.7147	60.8647	751	0	1	1	1	1	2.22045e-016	0.	0.	0.	0.	0.	0.	1.	0.	0.	0.	
13.7313	60.2712	752	0	1	1	1	1	2.22045e-016	0.	0.	0.	0.	0.	0.	1.	0.	0.	0.	
13.7481	59.4609	753	0	1	1	1	1	2.22045e-016	0.	0.	0.	0.	0.	0.	1.	0.	0.	0.	
13.7651	58.843	754	0	1	1	1	1	2.22045e-016	0.	0.	0.	0.	0.	0.	1.	0.	0.	0.	
13.7813	61.8904	755	0	1	1	1	1	2.22045e-016	0.	0.	0.	0.	0.	0.	1.	0.	0.	0.	
13.7981	59.3831	756	0	1	1	1	1	2.22045e-016	0.	0.	0.	0.	0.	0.	1.	0.	0.	0.	
13.8148	60.0298	757	0	1	1	1	1	2.22045e-016	0.	0.	0.	0.	0.	0.	1.	0.	0.	0.	
13.8314	60.0625	758	0	1	1	1	1	2.22045e-016	0.	0.	0.	0.	0.	0.	1.	0.	0.	0.	
13.8482	59.6794	759	0	1	1	1	1	2.22045e-016	0.	0.	0.	0.	0.	0.	1.	0.	0.	0.	
13.8646	60.6708	760	0	1	1	1	1	2.22045e-016	0.	0.	0.	0.	0.	0.	1.	0.	0.	0.	
13.8812	60.3645	761	0	1	1	1	1	2.22045e-016	0.	0.	0.	0.	0.	0.	1.	0.	0.	0.	
13.8981	59.1319	762	0	1	1	1	1	2.22045e-016	0.	0.	0.	0.	0.	0.	1.	0.	0.	0.	
13.9148	59.9614	763	0	1	1	1	1	2.22045e-016	0.	0.	0.	0.	0.	0.	1.	0.	0.	0.	
13.9316	59.3841	764	0	1	1	1	1	2.22045e-016	0.	0.	0.	0.	0.	0.	1.	0.	0.	0.	
13.9481	60.8279	765	0	1	1	1	1	2.22045e-016	0.	0.	0.	0.	0.	0.	1.	0.	0.	0.	
13.9649	59.4588	766	0	1	1	1	1	2.22045e-016	0.	0.	0.	0.	0.	0.	1.	0.	0.	0.	
13.9817	59.5346	767	0	1	1	1	1	2.22045e-016	0.	0.	0.	0.	0.	0.	1.	0.	0.	0.	
13.9981	60.7754	768	0	1	1	1	1	2.22045e-016	0.	0.	0.	0.	0.	0.	1.	0.	0.	0.	
14.0148	59.9983	769	0	1	1	1	1	2.22045e-016	0.	0.	0.	0.	0.	0.	1.	0.	0.	0.	
14.0312	60.9319	770	0	1	1	1	1	2.22045e-016	0.	0.	0.	0.	0.	0.	1.	0.	0.	0.	
14.0476	61.2179	771	0	1	1	1	1	2.22045e-016	0.	0.	0.	0.	0.	0.	1.	0.	0.	0.	
14.0647	58.1826	772	0	1	1	1	1	2.22045e-016	0.	0.	0.	0.	0.	0.	1.	0.	0.	0.	
14.0814	60.2011	773	0	1	1	1	1	2.22045e-016	0.	0.	0.	0.	0.	0.	1.	0.	0.	0.	
14.0978	60.7086	774	0	1	1	1	1	2.22045e-016	0.	0.	0.	0.	0.	0.	1.	0.	0.	0.	
14.1147	59.2927	775	0	1	1	1	1	2.22045e-016	0.	0.	0.	0.	0.	0.	1.	0.	0.	0.	
14.1317	58.6731	776	0	1	1	1	1	2.22045e-016	0.	0.	0.	0.	0.	0.	1.	0.	0.	0.	
14.1475	63.305	777	0	1	1	1	1	2.22045e-016	0.	0.	0.	0.	0.	0.	1.	0.	0.	0.	
14.1646	58.4279	778	0	1	1	1	1	2.22045e-016	0.	0.	0.	0.	0.	0.	1.	0.	0.	0.	
14.1815	59.4353	779	0	1	1	1	1	2.22045e-016	0.	0.	0.	0.	0.	0.	1.	0.	0.	0.	
14.1977	61.6061	780	0	1	1	1	1	2.22045e-016	0.	0.	0.	0.	0.	0.	1.	0.	0.	0.	
14.2148	58.4011	781	0	1	1	1	1	2.22045e-016	0.	0.	0.	0.	0.	0.	1.	0.	0.	0.	
14.2317	59.3884	782	0	1	1	1	1	2.22045e-016	0.	0.	0.	0.	0.	0.	1.	0.	0.	0.	
14.2478	61.9448	783	0	1	1	1	1	2.22045e-016	0.	0.	0.	0.	0.	0.	1.	0.	0.	0.	
14.2645	59.8033	784	0	1	1	1	1	2.22045e-016	0.	0.	0.	0.	0.	0.	1.	0.	0.	0.	
14.2816	58.5829	785	0	1	1	1	1	2.22045e-016	0.	0.	0.	0.	0.	0.	1.	0.	0.	0.	
14.2981	60.499	786	0	1	1	1	1	2.22045e-016	0.	0.	0.	0.	0.	0.	1.	0.	0.	0.	
14.3149	59.6644	787	0	1	1	1	1	2.22045e-016	0.	0.	0.	0.	0.	0.	1.	0.	0.	0.	
14.3315	60.3843	788	0	1	1	1	1	2.22045e-016	0.	0.	0.	0.	0.	0.	1.	0.	0.	0.	
14.3483	59.4481	789	0	1	1	1	1	2.22045e-016	0.	0.	0.	0.	0.	0.	1.	0.	0.	0.	
14.3647	60.8938	790	0	1	1	1	1	2.22045e-016	0.	0.	0.	0.	0.	0.	1.	0.	0.	0.	
14.3814	59.8206	791	0	1	1	1	1	2.22045e-016	0.	0.	0.	0.	0.	0.	1.	0.	0.	0.	
14.398	60.3546	792	0	1	1	1	1	2.22045e-016	0.	0.	0.	0.	0.	0.	1.	0.	0.	0.	
14.4149	59.2694	793	0	1	1	1	1	2.22045e-016	0.	0.	0.	0.	0.	0.	1.	0.	0.	0.	
14.4313	60.9084	794	0	1	1	1	1	2.22045e-016	0.	0.	0.	0.	0.	0.	1.	0.	0.	0.	
14.448	59.6085	795	0	1	1	1	1	2.22045e-016	0.	0.	0.	0.	0.	0.	1.	0.	0.	0.	
14.4647	60.0102	796	0	1	1	1	1	2.22045e-016	0.	0.	0.	0.	0.	0.	1.	0.	0.	0.	
14.4815	59.6708	797	0	1	1	1	1	2.22045e-016	0.	0.	0.	0.	0.	0.	1.	0.	0.	0.	
14.4984	59.1995	798	0	1	1	1	1	2.22045e-016	0.	0.	0.	0.	0.	0.	1.	0.	0.	0.	
14.5148	60.8368	799	0	1	1	1	1	2.22045e-016	0.	0.	0.	0.	0.	0.	1.	0.	0.	0.	
14.5313	60.52	800	0	1	1	1	1	2.22045e-016	0.	0.	0.	0.	0.	0.	1.	0.	0.	0.	
14.5486	57.9303	801	0	1	1	1	1	2.22045e-016	0.	0.	0.	0.	0.	0.	1.	0.	0.	0.	
14.5644	63.0855	802	0	1	1	1	1	2.22045e-016	0.	0.	0.	0.	0.	0.	1.	0.	0.	0.	
14.5812	59.6214	803	0	1	1	1	1	2.22045e-016	0.	0.	0.	0.	0.	0.	1.	0.	0.	0.	
14.5981	59.2567	804	0	1	1	1	1	2.22045e-016	0.	0.	0.	0.	0.	0.	1.	0.	0.	0.	
14.6148	59.9451	805	0	1	1	1	1	2.22045e-016	0.	0.	0.	0.	0.	0.	1.	0.	0.	0.	
14.6314	60.0788	806	0	1	1	1	1	2.22045e-016	0.	0.	0.	0.	0.	0.	1.	0.	0.	0.	
14.648	60.3678	807	0	1	1	1	1	2.22045e-016	0.	0.	0.	0.	0.	0.	1.	0.	0.	0.	
14.6646	60.0592	808	0	1	1	1	1	2.22045e-016	0.	0.	0.	0.	0.	0.	1.	0.	0.	0.	
14.6814	59.4598	809	0	1	1	1	1	2.22045e-016	0.	0.	0.	0.	0.	0.	1.	0.	0.	0.	
14.698	60.2591	810	0	1	1	1	1	2.22045e-016	0.	0.	0.	0.	0.	0.	1.	0.	0.	0.	
14.7146	60.2504	811	0	1	1	1	1	2.22045e-016	0.	0.	0.	0.	0.	0.	1.	0.	0.	0.	
14.7317	58.7449	812	0	1	1	1	1	2.22045e-016	0.	0.	0.	0.	0.	0.	1.	0.	0.	0.	
14.7481	60.7654	813	0	1	1	1	1	2.22045e-016	0.	0.	0.	0.	0.	0.	1.	0.	0.	0.	
14.7645	60.8547	814	0	1	1	1	1	2.22045e-016	0.	0.	0.	0.	0.	0.	1.	0.	0.	0.	
14.7814	59.479	815	0	1	1	1	1	2.22045e-016	0.	0.	0.	0.	0.	0.	1.	0.	0.	0.	
14.7979	60.2876	816	0	1	1	1	1	2.22045e-016	0.	0.	0.	0.	0.	0.	1.	0.	0.	0.	
14.8144	60.8603	817	0	1	1	1	1	2.22045e-016	0.	0.	0.	0.	0.	0.	1.	0.	0.	0.	
14.8315	58.5746	818	0	1	1	1	1	2.22045e-016	0.	0.	0.	0.	0.	0.	1.	0.	0.	0.	
14.8482	59.5592	819	0	1	1	1	1	2.22045e-016	0.	0.	0.	0.	0.	0.	1.	0.	0.	0.	
14.865	59.716	820	0	1	1	1	1	2.22045e-016	0.	0.	0.	0.	0.	0.	1.	0.	0.	0.	
14.8816	60.1508	821	0	1	1	1	1	2.22045e-016	0.	0.	0.	0.	0.	0.	1.	0.	0.	0.	
14.8981	60.5211	822	0	1	1	1	1	2.22045e-016	0.	0.	0.	0.	0.	0.	1.	0.	0.	0.	
14.9147	60.2241	823	0	1	1	1	1	2.22045e-016	0.	0.	0.	0.	0.	0.	1.	0.	0.	0.	
14.9315	59.5935	824	0	1	1	1	1	2.22045e-016	0.	0.	0.	0.	0.	0.	1.	0.	0.	0.	
14.9481	60.3568	825	0	1	1	1	1	2.22045e-016	0.	0.	0.	0.	0.	0.	1.	0.	0.	0.	
14.9648	59.9266	826	0	1	1	1	1	2.22045e-016	0.	0.	0.	0.	0.	0.	1.	0.	0.	0.	
14.981	61.8027	827	0	1	1	1	1	2.22045e-016	0.	0.	0.	0.	0.	0.	1.	0.	0.	0.	
14.998	58.6326	828	0	1	1	1	1	2.22045e-016	0.	0.	0.	0.	0.	0.	1.	0.	0.	0.	
15.0154	57.637	829	0	1	1	1	1	2.22045e-016	0.	0.	0.	0.	0.	0.	1.	0.	0.	0.	
15.0315	62.1156	830	0	1	1	1	1	2.22045e-016	0.	0.	0.	0.	0.	0.	1.	0.	0.	0.	
15.0482	59.63	831	0	1	1	1	1	2.22045e-016	0.	0.	0.	0.	0.	0.	1.	0.	0.	0.	
15.0644	61.9692	832	0	1	1	1	1	2.22045e-016	0.	0.	0.	0.	0.	0.	1.	0.	0.	0.	
15.0815	58.2645	833	0	1	1	1	1	2.22045e-016	0.	0.	0.	0.	0.	0.	1.	0.	0.	0.	
15.0981	60.2657	834	0	1	1	1	1	2.22045e-016	0.	0.	0.	0.	0.	0.	1.	0.	0.	0.	
15.1148	60.1093	835	0	1	1	1	1	2.22045e-016	0.	0.	0.	0.	0.	0.	1.	0.	0.	0.	
15.131	61.6508	836	0	1	1	1	1	2.22045e-016	0.	0.	0.	0.	0.	0.	1.	0.	0.	0.	
15.1482	58.199	837	0	1	1	1	1	2.22045e-016	0.	0.	0.	0.	0.	0.	1.	0.	0.	0.	
15.1653	58.3692	838	0	1	1	1	1	2.22045e-016	0.	0.	0.	0.	0.	0.	1.	0.	0.	0.	
15.1815	61.8188	839	0	1	1	1	1	2.22045e-016	0.	0.	0.	0.	0.	0.	1.	0.	0.	0.	
15.1975	62.3635	840	0	1	1	1	1	2.22045e-016	0.	0.	0.	0.	0.	0.	1.	0.	0.	0.	
15.2145	58.8932	841	0	1	1	1	1	2.22045e-016	0.	0.	0.	0.	0.	0.	1.	0.	0.	0.	
15.2311	60.0973	842	0	1	1	1	1	2.22045e-016	0.	0.	0.	0.	0.	0.	1.	0.	0.	0.	
15.2484	57.9759	843	0	1	1	1	1	2.22045e-016	0.	0.	0.	0.	0.	0.	1.	0.	0.	0.	
15.2646	61.5203	844	0	1	1	1	1	2.22045e-016	0.	0.	0.	0.	0.	0.	1.	0.	0.	0.	
15.2813	60.0222	845	0	1	1	1	1	2.22045e-016	0.	0.	0.	0.	0.	0.	1.	0.	0.	0.	
15.2982	59.056	846	0	1	1	1	1	2.22045e-016	0.	0.	0.	0.	0.	0.	1.	0.	0.	0.	
15.3147	60.762	847	0	1	1	1	1	2.22045e-016	0.	0.	0.	0.	0.	0.	1.	0.	0.	0.	
15.3313	60.2997	848	0	1	1	1	1	2.22045e-016	0.	0.	0.	0.	0.	0.	1.	0.	0.	0.	
15.348	59.8617	849	0	1	1	1	1	2.22045e-016	0.	0.	0.	0.	0.	0.	1.	0.	0.	0.	
15.3647	59.7558	850	0	1	1	1	1	2.22045e-016	0.	0.	0.	0.	0.	0.	1.	0.	0.	0.	
15.3813	60.2164	851	0	1	1	1	1	2.22045e-016	0.	0.	0.	0.	0.	0.	1.	0.	0.	0.	
15.398	60.0461	852	0	1	1	1	1	2.22045e-016	0.	0.	0.	0.	0.	0.	1.	0.	0.	0.	
15.4147	59.8682	853	0	1	1	1	1	2.22045e-016	0.	0.	0.	0.	0.	0.	1.	0.	0.	0.	
15.4312	60.6086	854	0	1	1	1	1	2.22045e-016	0.	0.	0.	0.	0.	0.	1.	0.	0.	0.	
15.4481	59.0212	855	0	1	1	1	1	2.22045e-016	0.	0.	0.	0.	0.	0.	1.	0.	0.	0.	
15.4645	60.9667	856	0	1	1	1	1	2.22045e-016	0.	0.	0.	0.	0.	0.	1.	0.	0.	0.	
15.4812	59.9494	857	0	1	1	1	1	2.22045e-016	0.	0.	0.	0.	0.	0.	1.	0.	0.	0.	
15.4981	59.0665	858	0	1	1	1	1	2.22045e-016	0.	0.	0.	0.	0.	0.	1.	0.	0.	0.	
15.5149	59.7472	859	0	1	1	1	1	2.22045e-016	0.	0.	0.	0.	0.	0.	1.	0.	0.	0.	
15.5313	60.9723	860	0	1	1	1	1	2.22045e-016	0.	0.	0.	0.	0.	0.	1.	0.	0.	0.	
15.5481	59.43	861	0	1	1	1	1	2.22045e-016	0.	0.	0.	0.	0.	0.	1.	0.	0.	0.	
15.5647	60.0516	862	0	1	1	1	1	2.22045e-016	0.	0.	0.	0.	0.	0.	1.	0.	0.	0.	
15.5814	59.9364	863	0	1	1	1	1	2.22045e-016	0.	0.	0.	0.	0.	0.	1.	0.	0.	0.	
15.5982	59.6418	864	0	1	1	1	1	2.22045e-016	0.	0.	0.	0.	0.	0.	1.	0.	0.	0.	
15.6148	60.2547	865	0	1	1	1	1	2.22045e-016	0.	0.	0.	0.	0.	0.	1.	0.	0.	0.	
15.6311	61.2995	866	0	1	1	1	1	2.22045e-016	0.	0.	0.	0.	0.	0.	1.	0.	0.	0.	
15.6481	58.932	867	0	1	1	1	1	2.22045e-016	0.	0.	0.	0.	0.	0.	1.	0.	0.	0.	
15.6653	57.9343	868	0	1	1	1	1	2.22045e-016	0.	0.	0.	0.	0.	0.	1.	0.	0.	0.	
15.6816	61.613	869	0	1	1	1	1	2.22045e-016	0.	0.	0.	0.	0.	0.	1.	0.	0.	0.	
15.6979	61.2224	870	0	1	1	1	1	2.22045e-016	0.	0.	0.	0.	0.	0.	1.	0.	0.	0.	
15.7148	59.3033	871	0	1	1	1	1	2.22045e-016	0.	0.	0.	0.	0.	0.	1.	0.	0.	0.	
15.7314	60.0059	872	0	1	1	1	1	2.22045e-016	0.	0.	0.	0.	0.	0.	1.	0.	0.	0.	
15.7479	60.5311	873	0	1	1	1	1	2.22045e-016	0.	0.	0.	0.	0.	0.	1.	0.	0.	0.	
15.7648	59.4172	874	0	1	1	1	1	2.22045e-016	0.	0.	0.	0.	0.	0.	1.	0.	0.	0.	
15.7814	60.2427	875	0	1	1	1	1	2.22045e-016	0.	0.	0.	0.	0.	0.	1.	0.	0.	0.	
15.7978	60.752	876	0	1	1	1	1	2.22045e-016	0.	0.	0.	0.	0.	0.	1.	0.	0.	0.	
15.8146	59.4769	877	0	1	1	1	1	2.22045e-016	0.	0.	0.	0.	0.	0.	1.	0.	0.	0.	
15.8317	58.6026	878	0	1	1	1	1	2.22045e-016	0.	0.	0.	0.	0.	0.	1.	0.	0.	0.	
15.8481	61.1298	879	0	1	1	1	1	2.22045e-016	0.	0.	0.	0.	0.	0.	1.	0.	0.	0.	
15.8647	60.0418	880	0	1	1	1	1	2.22045e-016	0.	0.	0.	0.	0.	0.	1.	0.	0.	0.	
15.8826	56.0408	881	0	1	1	1	1	2.22045e-016	0.	0.	0.	0.	0.	0.	1.	0.	0.	0.	
15.8979	65.2373	882	0	1	1	1	1	2.22045e-016	0.	0.	0.	0.	0.	0.	1.	0.	0.	0.	
15.9146	59.7483	883	0	1	1	1	1	2.22045e-016	0.	0.	0.	0.	0.	0.	1.	0.	0.	0.	
15.9312	60.28	884	0	1	1	1	1	2.22045e-016	0.	0.	0.	0.	0.	0.	1.	0.	0.	0.	
15.9479	59.8206	885	0	1	1	1	1	2.22045e-016	0.	0.	0.	0.	0.	0.	1.	0.	0.	0.	
15.9648	59.3299	886	0	1	1	1	1	2.22045e-016	0.	0.	0.	0.	0.	0.	1.	0.	0.	0.	
15.9814	60.235	887	0	1	1	1	1	2.22045e-016	0.	0.	0.	0.	0.	0.	1.	0.	0.	0.	
15.9982	59.585	888	0	1	1	1	1	2.22045e-016	0.	0.	0.	0.	0.	0.	1.	0.	0.	0.	
16.0148	60.3173	889	0	1	1	1	1	2.22045e-016	0.	0.	0.	0.	0.	0.	1.	0.	0.	0.	
16.0315	59.644	890	0	1	1	1	1	2.22045e-016	0.	0.	0.	0.	0.	0.	1.	0.	0.	0.	
16.0479	61.1704	891	0	1	1	1	1	2.22045e-016	0.	0.	0.	0.	0.	0.	1.	0.	0.	0.	
16.0647	59.2588	892	0	1	1	1	1	2.22045e-016	0.	0.	0.	0.	0.	0.	1.	0.	0.	0.	
16.0812	60.6808	893	0	1	1	1	1	2.22045e-016	0.	0.	0.	0.	0.	0.	1.	0.	0.	0.	
16.0978	60.2449	894	0	1	1	1	1	2.22045e-016	0.	0.	0.	0.	0.	0.	1.	0.	0.	0.	
16.1148	58.8545	895	0	1	1	1	1	2.22045e-016	0.	0.	0.	0.	0.	0.	1.	0.	0.	0.	
16.1318	58.8315	896	0	1	1	1	1	2.22045e-016	0.	0.	0.	0.	0.	0.	1.	0.	0.	0.	
16.1478	62.726	897	0	1	1	1	1	2.22045e-016	0.	0.	0.	0.	0.	0.	1.	0.	0.	0.	
16.1652	57.2812	898	0	1	1	1	1	2.22045e-016	0.	0.	0.	0.	0.	0.	1.	0.	0.	0.	
16.1814	61.8223	899	0	1	1	1	1	2.22045e-016	0.	0.	0.	0.	0.	0.	1.	0.	0.	0.	
16.1981	59.9668	900	0	1	1	1	1	2.22045e-016	0.	0.	0.	0.	0.	0.	1.	0.	0.	0.	
16.2144	61.2677	901	0	1	1	1	1	2.22045e-016	0.	0.	0.	0.	0.	0.	1.	0.	0.	0.	
16.2313	58.9572	902	0	1	1	1	1	2.22045e-016	0.	0.	0.	0.	0.	0.	1.	0.	0.	0.	
16.2482	59.4459	903	0	1	1	1	1	2.22045e-016	0.	0.	0.	0.	0.	0.	1.	0.	0.	0.	
16.2646	60.7008	904	0	1	1	1	1	2.22045e-016	0.	0.	0.	0.	0.	0.	1.	0.	0.	0.	
16.2812	60.2931	905	0	1	1	1	1	2.22045e-016	0.	0.	0.	0.	0.	0.	1.	0.	0.	0.	
16.2981	59.2832	906	0	1	1	1	1	2.22045e-016	0.	0.	0.	0.	0.	0.	1.	0.	0.	0.	
16.3147	60.2142	907	0	1	1	1	1	2.22045e-016	0.	0.	0.	0.	0.	0.	1.	0.	0.	0.	
16.3314	59.9657	908	0	1	1	1	1	2.22045e-016	0.	0.	0.	0.	0.	0.	1.	0.	0.	0.	
16.3479	60.467	909	0	1	1	1	1	2.22045e-016	0.	0.	0.	0.	0.	0.	1.	0.	0.	0.	
16.3645	60.246	910	0	1	1	1	1	2.22045e-016	0.	0.	0.	0.	0.	0.	1.	0.	0.	0.	
16.381	60.683	911	0	1	1	1	1	2.22045e-016	0.	0.	0.	0.	0.	0.	1.	0.	0.	0.	
16.3983	57.8392	912	0	1	1	1	1	2.22045e-016	0.	0.	0.	0.	0.	0.	1.	0.	0.	0.	
16.4146	61.3347	913	0	1	1	1	1	2.22045e-016	0.	0.	0.	0.	0.	0.	1.	0.	0.	0.	
16.4313	59.6805	914	0	1	1	1	1	2.22045e-016	0.	0.	0.	0.	0.	0.	1.	0.	0.	0.	
16.4484	58.697	915	0	1	1	1	1	2.22045e-016	0.	0.	0.	0.	0.	0.	1.	0.	0.	0.	
16.4644	62.421	916	0	1	1	1	1	2.22045e-016	0.	0.	0.	0.	0.	0.	1.	0.	0.	0.	
16.4813	59.0865	917	0	1	1	1	1	2.22045e-016	0.	0.	0.	0.	0.	0.	1.	0.	0.	0.	
16.4979	60.3568	918	0	1	1	1	1	2.22045e-016	0.	0.	0.	0.	0.	0.	1.	0.	0.	0.	
16.5145	60.3403	919	0	1	1	1	1	2.22045e-016	0.	0.	0.	0.	0.	0.	1.	0.	0.	0.	
16.5311	60.0581	920	0	1	1	1	1	2.22045e-016	0.	0.	0.	0.	0.	0.	1.	0.	0.	0.	
16.5484	57.9526	921	0	1	1	1	1	2.22045e-016	0.	0.	0.	0.	0.	0.	1.	0.	0.	0.	
16.5648	61.0172	922	0	1	1	1	1	2.22045e-016	0.	0.	0.	0.	0.	0.	1.	0.	0.	0.	
16.5813	60.4383	923	0	1	1	1	1	2.22045e-016	0.	0.	0.	0.	0.	0.	1.	0.	0.	0.	
16.5982	59.3437	924	0	1	1	1	1	2.22045e-016	0.	0.	0.	0.	0.	0.	1.	0.	0.	0.	
16.6148	60.1344	925	0	1	1	1	1	2.22045e-016	0.	0.	0.	0.	0.	0.	1.	0.	0.	0.	
16.6314	60.1705	926	0	1	1	1	1	2.22045e-016	0.	0.	0.	0.	0.	0.	1.	0.	0.	0.	
16.6481	59.8368	927	0	1	1	1	1	2.22045e-016	0.	0.	0.	0.	0.	0.	1.	0.	0.	0.	
16.6646	60.5576	928	0	1	1	1	1	2.22045e-016	0.	0.	0.	0.	0.	0.	1.	0.	0.	0.	
16.6814	59.7634	929	0	1	1	1	1	2.22045e-016	0.	0.	0.	0.	0.	0.	1.	0.	0.	0.	
16.6979	60.5887	930	0	1	1	1	1	2.22045e-016	0.	0.	0.	0.	0.	0.	1.	0.	0.	0.	
16.7148	58.9792	931	0	1	1	1	1	2.22045e-016	0.	0.	0.	0.	0.	0.	1.	0.	0.	0.	
16.7315	59.8433	932	0	1	1	1	1	2.22045e-016	0.	0.	0.	0.	0.	0.	1.	0.	0.	0.	
16.7478	61.4462	933	0	1	1	1	1	2.22045e-016	0.	0.	0.	0.	0.	0.	1.	0.	0.	0.	
16.7645	59.786	934	0	1	1	1	1	2.22045e-016	0.	0.	0.	0.	0.	0.	1.	0.	0.	0.	
16.7814	59.4801	935	0	1	1	1	1	2.22045e-016	0.	0.	0.	0.	0.	0.	1.	0.	0.	0.	
16.7981	59.8152	936	0	1	1	1	1	2.22045e-016	0.	0.	0.	0.	0.	0.	1.	0.	0.	0.	
16.8144	61.1524	937	0	1	1	1	1	2.22045e-016	0.	0.	0.	0.	0.	0.	1.	0.	0.	0.	
16.8311	59.8963	938	0	1	1	1	1	2.22045e-016	0.	0.	0.	0.	0.	0.	1.	0.	0.	0.	
16.848	59.4065	939	0	1	1	1	1	2.22045e-016	0.	0.	0.	0.	0.	0.	1.	0.	0.	0.	
16.8648	59.3767	940	0	1	1	1	1	2.22045e-016	0.	0.	0.	0.	0.	0.	1.	0.	0.	0.	
16.8812	61.0284	941	0	1	1	1	1	2.22045e-016	0.	0.	0.	0.	0.	0.	1.	0.	0.	0.	
16.8982	58.8775	942	0	1	1	1	1	2.22045e-016	0.	0.	0.	0.	0.	0.	1.	0.	0.	0.	
16.9148	60.1891	943	0	1	1	1	1	2.22045e-016	0.	0.	0.	0.	0.	0.	1.	0.	0.	0.	
16.932	57.9384	944	0	1	1	1	1	2.22045e-016	0.	0.	0.	0.	0.	0.	1.	0.	0.	0.	
16.948	62.6015	945	0	1	1	1	1	2.22045e-016	0.	0.	0.	0.	0.	0.	1.	0.	0.	0.	
16.9653	57.9414	946	0	1	1	1	1	2.22045e-016	0.	0.	0.	0.	0.	0.	1.	0.	0.	0.	
16.9813	62.3799	947	0	1	1	1	1	2.22045e-016	0.	0.	0.	0.	0.	0.	1.	0.	0.	0.	
16.9987	57.5149	948	0	1	1	1	1	2.22045e-016	0.	0.	0.	0.	0.	0.	1.	0.	0.	0.	
17.0147	62.2755	949	0	1	1	1	1	2.22045e-016	0.	0.	0.	0.	0.	0.	1.	0.	0.	0.	
17.0312	60.7631	950	0	1	1	1	1	2.22045e-016	0.	0.	0.	0.	0.	0.	1.	0.	0.	0.	
17.0482	58.9824	951	0	1	1	1	1	2.22045e-016	0.	0.	0.	0.	0.	0.	1.	0.	0.	0.	
17.0648	60.1716	952	0	1	1	1	1	2.22045e-016	0.	0.	0.	0.	0.	0.	1.	0.	0.	0.	
17.0814	60.1017	953	0	1	1	1	1	2.22045e-016	0.	0.	0.	0.	0.	0.	1.	0.	0.	0.	
17.0978	60.8949	954	0	1	1	1	1	2.22045e-016	0.	0.	0.	0.	0.	0.	1.	0.	0.	0.	
17.1148	59.0781	955	0	1	1	1	1	2.22045e-016	0.	0.	0.	0.	0.	0.	1.	0.	0.	0.	
17.1347	50.2074	956	0	1	1	1	1	2.22045e-016	0.	0.	0.	0.	0.	0.	1.	0.	0.	0.	
17.148	75.1159	957	0	1	1	1	1	2.22045e-016	0.	0.	0.	0.	0.	0.	1.	0.	0.	0.	
17.1651	58.5456	958	0	1	1	1	1	2.22045e-016	0.	0.	0.	0.	0.	0.	1.	0.	0.	0.	
17.1816	60.4736	959	0	1	1	1	1	2.22045e-016	0.	0.	0.	0.	0.	0.	1.	0.	0.	0.	
17.1979	61.4211	960	0	1	1	1	1	2.22045e-016	0.	0.	0.	0.	0.	0.	1.	0.	0.	0.	
17.2145	60.0766	961	0	1	1	1	1	2.22045e-016	0.	0.	0.	0.	0.	0.	1.	0.	0.	0.	
17.2313	59.812	962	0	1	1	1	1	2.22045e-016	0.	0.	0.	0.	0.	0.	1.	0.	0.	0.	
17.2478	60.467	963	0	1	1	1	1	2.22045e-016	0.	0.	0.	0.	0.	0.	1.	0.	0.	0.	
17.2645	59.8855	964	0	1	1	1	1	2.22045e-016	0.	0.	0.	0.	0.	0.	1.	0.	0.	0.	
17.2813	59.5539	965	0	1	1	1	1	2.22045e-016	0.	0.	0.	0.	0.	0.	1.	0.	0.	0.	
17.2983	58.9372	966	0	1	1	1	1	2.22045e-016	0.	0.	0.	0.	0.	0.	1.	0.	0.	0.	
17.3147	60.742	967	0	1	1	1	1	2.22045e-016	0.	0.	0.	0.	0.	0.	1.	0.	0.	0.	
17.3312	60.8312	968	0	1	1	1	1	2.22045e-016	0.	0.	0.	0.	0.	0.	1.	0.	0.	0.	
17.3481	59.0297	969	0	1	1	1	1	2.22045e-016	0.	0.	0.	0.	0.	0.	1.	0.	0.	0.	
17.3646	60.713	970	0	1	1	1	1	2.22045e-016	0.	0.	0.	0.	0.	0.	1.	0.	0.	0.	
17.3813	59.6461	971	0	1	1	1	1	2.22045e-016	0.	0.	0.	0.	0.	0.	1.	0.	0.	0.	
17.398	59.9397	972	0	1	1	1	1	2.22045e-016	0.	0.	0.	0.	0.	0.	1.	0.	0.	0.	
17.415	58.7262	973	0	1	1	1	1	2.22045e-016	0.	0.	0.	0.	0.	0.	1.	0.	0.	0.	
17.4314	61.2904	974	0	1	1	1	1	2.22045e-016	0.	0.	0.	0.	0.	0.	1.	0.	0.	0.	
17.448	60.1464	975	0	1	1	1	1	2.22045e-016	0.	0.	0.	0.	0.	0.	1.	0.	0.	0.	
17.4646	60.0396	976	0	1	1	1	1	2.22045e-016	0.	0.	0.	0.	0.	0.	1.	0.	0.	0.	
17.4816	58.995	977	0	1	1	1	1	2.22045e-016	0.	0.	0.	0.	0.	0.	1.	0.	0.	0.	
17.498	60.858	978	0	1	1	1	1	2.22045e-016	0.	0.	0.	0.	0.	0.	1.	0.	0.	0.	
17.5148	59.463	979	0	1	1	1	1	2.22045e-016	0.	0.	0.	0.	0.	0.	1.	0.	0.	0.	
17.5313	60.6497	980	0	1	1	1	1	2.22045e-016	0.	0.	0.	0.	0.	0.	1.	0.	0.	0.	
17.5479	60.314	981	0	1	1	1	1	2.22045e-016	0.	0.	0.	0.	0.	0.	1.	0.	0.	0.	
17.5647	59.4278	982	0	1	1	1	1	2.22045e-016	0.	0.	0.	0.	0.	0.	1.	0.	0.	0.	
17.5819	58.1612	983	0	1	1	1	1	2.22045e-016	0.	0.	0.	0.	0.	0.	1.	0.	0.	0.	
17.5979	62.7212	984	0	1	1	1	1	2.22045e-016	0.	0.	0.	0.	0.	0.	1.	0.	0.	0.	
17.6146	59.6515	985	0	1	1	1	1	2.22045e-016	0.	0.	0.	0.	0.	0.	1.	0.	0.	0.	
17.6313	59.957	986	0	1	1	1	1	2.22045e-016	0.	0.	0.	0.	0.	0.	1.	0.	0.	0.	
17.6486	57.7063	987	0	1	1	1	1	2.22045e-016	0.	0.	0.	0.	0.	0.	1.	0.	0.	0.	
17.6645	62.9549	988	0	1	1	1	1	2.22045e-016	0.	0.	0.	0.	0.	0.	1.	0.	0.	0.	
17.6814	59.431	989	0	1	1	1	1	2.22045e-016	0.	0.	0.	0.	0.	0.	1.	0.	0.	0.	
17.6978	60.9129	990	0	1	1	1	1	2.22045e-016	0.	0.	0.	0.	0.	0.	1.	0.	0.	0.	
17.7145	59.9093	991	0	1	1	1	1	2.22045e-016	0.	0.	0.	0.	0.	0.	1.	0.	0.	0.	
17.7317	58.1234	992	0	1	1	1	1	2.22045e-016	0.	0.	0.	0.	0.	0.	1.	0.	0.	0.	
17.7483	60.2525	993	0	1	1	1	1	2.22045e-016	0.	0.	0.	0.	0.	0.	1.	0.	0.	0.	
17.7647	61.0048	994	0	1	1	1	1	2.22045e-016	0.	0.	0.	0.	0.	0.	1.	0.	0.	0.	
17.7813	59.9863	995	0	1	1	1	1	2.22045e-016	0.	0.	0.	0.	0.	0.	1.	0.	0.	0.	
17.7982	59.1604	996	0	1	1	1	1	2.22045e-016	0.	0.	0.	0.	0.	0.	1.	0.	0.	0.	
17.815	59.6289	997	0	1	1	1	1	2.22045e-016	0.	0.	0.	0.	0.	0.	1.	0.	0.	0.	
17.8318	59.5261	998	0	1	1	1	1	2.22045e-016	0.	0.	0.	0.	0.	0.	1.	0.	0.	0.	
17.8482	61.0521	999	0	1	1	1	1	2.22045e-016	0.	0.	0.	0.	0.	0.	1.	0.	0.	0.	
17.8645	61.193	1000	0	1	1	1	1	2.22045e-016	0.	0.	0.	0.	0.	0.	1.	0.	0.	0.	
17.8815	58.7981	1001	0	1	1	1	1	2.22045e-016	0.	0.	0.	0.	0.	0.	1.	0.	0.	0.	
17.8982	59.8584	1002	0	1	1	1	1	2.22045e-016	0.	0.	0.	0.	0.	0.	1.	0.	0.	0.	
17.915	59.7796	1003	0	1	1	1	1	2.22045e-016	0.	0.	0.	0.	0.	0.	1.	0.	0.	0.	
17.9314	60.8726	1004	0	1	1	1	1	2.22045e-016	0.	0.	0.	0.	0.	0.	1.	0.	0.	0.	
17.9478	61.015	1005	0	1	1	1	1	2.22045e-016	0.	0.	0.	0.	0.	0.	1.	0.	0.	0.	
17.9648	58.8535	1006	0	1	1	1	1	2.22045e-016	0.	0.	0.	0.	0.	0.	1.	0.	0.	0.	
17.9812	61.0431	1007	0	1	1	1	1	2.22045e-016	0.	0.	0.	0.	0.	0.	1.	0.	0.	0.	
17.9981	58.9992	1008	0	1	1	1	1	2.22045e-016	0.	0.	0.	0.	0.	0.	1.	0.	0.	0.	
18.0152	58.4021	1009	0	1	1	1	1	2.22045e-016	0.	0.	0.	0.	0.	0.	1.	0.	0.	0.	
18.0315	61.3904	1010	0	1	1	1	1	2.22045e-016	0.	0.	0.	0.	0.	0.	1.	0.	0.	0.	
18.0478	61.3142	1011	0	1	1	1	1	2.22045e-016	0.	0.	0.	0.	0.	0.	1.	0.	0.	0.	
18.0647	59.1403	1012	0	1	1	1	1	2.22045e-016	0.	0.	0.	0.	0.	0.	1.	0.	0.	0.	
18.0811	60.9566	1013	0	1	1	1	1	2.22045e-016	0.	0.	0.	0.	0.	0.	1.	0.	0.	0.	
18.0979	59.51	1014	0	1	1	1	1	2.22045e-016	0.	0.	0.	0.	0.	0.	1.	0.	0.	0.	
18.1143	61.287	1015	0	1	1	1	1	2.22045e-016	0.	0.	0.	0.	0.	0.	1.	0.	0.	0.	
18.1311	59.4172	1016	0	1	1	1	1	2.22045e-016	0.	0.	0.	0.	0.	0.	1.	0.	0.	0.	
18.1486	57.1192	1017	0	1	1	1	1	2.22045e-016	0.	0.	0.	0.	0.	0.	1.	0.	0.	0.	
18.1646	62.6039	1018	0	1	1	1	1	2.22045e-016	0.	0.	0.	0.	0.	0.	1.	0.	0.	0.	
18.1811	60.4582	1019	0	1	1	1	1	2.22045e-016	0.	0.	0.	0.	0.	0.	1.	0.	0.	0.	
18.1978	59.7634	1020	0	1	1	1	1	2.22045e-016	0.	0.	0.	0.	0.	0.	1.	0.	0.	0.	
18.2148	58.8796	1021	0	1	1	1	1	2.22045e-016	0.	0.	0.	0.	0.	0.	1.	0.	0.	0.	
18.2311	61.3415	1022	0	1	1	1	1	2.22045e-016	0.	0.	0.	0.	0.	0.	1.	0.	0.	0.	
18.2478	60.1137	1023	0	1	1	1	1	2.22045e-016	0.	0.	0.	0.	0.	0.	1.	0.	0.	0.	
18.2645	59.615	1024	0	1	1	1	1	2.22045e-016	0.	0.	0.	0.	0.	0.	1.	0.	0.	0.	
18.2812	60.0581	1025	0	1	1	1	1	2.22045e-016	0.	0.	0.	0.	0.	0.	1.	0.	0.	0.	
18.298	59.3969	1026	0	1	1	1	1	2.22045e-016	0.	0.	0.	0.	0.	0.	1.	0.	0.	0.	
18.3151	58.7033	1027	0	1	1	1	1	2.22045e-016	0.	0.	0.	0.	0.	0.	1.	0.	0.	0.	
18.3312	62.0098	1028	0	1	1	1	1	2.22045e-016	0.	0.	0.	0.	0.	0.	1.	0.	0.	0.	
18.3483	58.4516	1029	0	1	1	1	1	2.22045e-016	0.	0.	0.	0.	0.	0.	1.	0.	0.	0.	
18.3647	61.0757	1030	0	1	1	1	1	2.22045e-016	0.	0.	0.	0.	0.	0.	1.	0.	0.	0.	
18.3811	60.752	1031	0	1	1	1	1	2.22045e-016	0.	0.	0.	0.	0.	0.	1.	0.	0.	0.	
18.3986	57.13	1032	0	1	1	1	1	2.22045e-016	0.	0.	0.	0.	0.	0.	1.	0.	0.	0.	
18.4144	63.3752	1033	0	1	1	1	1	2.22045e-016	0.	0.	0.	0.	0.	0.	1.	0.	0.	0.	
18.4312	59.5625	1034	0	1	1	1	1	2.22045e-016	0.	0.	0.	0.	0.	0.	1.	0.	0.	0.	
18.4476	60.8659	1035	0	1	1	1	1	2.22045e-016	0.	0.	0.	0.	0.	0.	1.	0.	0.	0.	
18.4648	58.2624	1036	0	1	1	1	1	2.22045e-016	0.	0.	0.	0.	0.	0.	1.	0.	0.	0.	
18.4813	60.4086	1037	0	1	1	1	1	2.22045e-016	0.	0.	0.	0.	0.	0.	1.	0.	0.	0.	
18.4978	60.9442	1038	0	1	1	1	1	2.22045e-016	0.	0.	0.	0.	0.	0.	1.	0.	0.	0.	
18.5145	59.6955	1039	0	1	1	1	1	2.22045e-016	0.	0.	0.	0.	0.	0.	1.	0.	0.	0.	
18.5314	59.0391	1040	0	1	1	1	1	2.22045e-016	0.	0.	0.	0.	0.	0.	1.	0.	0.	0.	
18.5481	59.969	1041	0	1	1	1	1	2.22045e-016	0.	0.	0.	0.	0.	0.	1.	0.	0.	0.	
18.5652	58.3754	1042	0	1	1	1	1	2.22045e-016	0.	0.	0.	0.	0.	0.	1.	0.	0.	0.	
18.5812	62.5684	1043	0	1	1	1	1	2.22045e-016	0.	0.	0.	0.	0.	0.	1.	0.	0.	0.	
18.5982	59.037	1044	0	1	1	1	1	2.22045e-016	0.	0.	0.	0.	0.	0.	1.	0.	0.	0.	
18.6146	60.8524	1045	0	1	1	1	1	2.22045e-016	0.	0.	0.	0.	0.	0.	1.	0.	0.	0.	
18.6311	60.6986	1046	0	1	1	1	1	2.22045e-016	0.	0.	0.	0.	0.	0.	1.	0.	0.	0.	
18.648	59.0349	1047	0	1	1	1	1	2.22045e-016	0.	0.	0.	0.	0.	0.	1.	0.	0.	0.	
18.665	58.933	1048	0	1	1	1	1	2.22045e-016	0.	0.	0.	0.	0.	0.	1.	0.	0.	0.	
18.6812	61.5741	1049	0	1	1	1	1	2.22045e-016	0.	0.	0.	0.	0.	0.	1.	0.	0.	0.	
18.6977	60.572	1050	0	1	1	1	1	2.22045e-016	0.	0.	0.	0.	0.	0.	1.	0.	0.	0.	
18.7148	58.7314	1051	0	1	1	1	1	2.22045e-016	0.	0.	0.	0.	0.	0.	1.	0.	0.	0.	
18.731	61.7577	1052	0	1	1	1	1	2.22045e-016	0.	0.	0.	0.	0.	0.	1.	0.	0.	0.	
18.7479	59.0812	1053	0	1	1	1	1	2.22045e-016	0.	0.	0.	0.	0.	0.	1.	0.	0.	0.	
18.7646	59.6525	1054	0	1	1	1	1	2.22045e-016	0.	0.	0.	0.	0.	0.	1.	0.	0.	0.	
18.7813	60.0723	1055	0	1	1	1	1	2.22045e-016	0.	0.	0.	0.	0.	0.	1.	0.	0.	0.	
18.7979	60.0679	1056	0	1	1	1	1	2.22045e-016	0.	0.	0.	0.	0.	0.	1.	0.	0.	0.	
18.8147	59.7332	1057	0	1	1	1	1	2.22045e-016	0.	0.	0.	0.	0.	0.	1.	0.	0.	0.	
18.8309	61.5032	1058	0	1	1	1	1	2.22045e-016	0.	0.	0.	0.	0.	0.	1.	0.	0.	0.	

