Time	FPS	Frame	Crash	RB	RU	LU	LB	OC	Dither	DAngle	swAngle	OX	OY	OZ	HX	HY	HZ	HA	AccumulativeHeading(Y)	Speed	Dynamic
4.9503e-005	20200.8	1	0	1	1	1	1	1	0.	1.33509e-004	0.	0.	0.	0.	0.	1.	0.	0.	0.	0.	0	
0.170076	5.88144	2	0	1	1	1	1	1	5.4759e-006	1.33509e-004	0.	0.	0.	0.	0.	1.	0.	0.	0.	0.	0	
0.187535	57.2775	3	0	1	1	1	1	1	5.4759e-006	1.33509e-004	0.	0.	0.	0.	0.	1.	0.	0.	0.	0.	0	
0.204311	59.6086	4	0	1	1	1	1	1	5.4759e-006	1.33509e-004	0.	0.	0.	0.	0.	1.	0.	0.	0.	0.	0	
0.221312	58.8191	5	0	1	1	1	1	1	5.4759e-006	1.33509e-004	0.	0.	0.	0.	0.	1.	0.	0.	0.	0.	0	
0.238308	58.8369	6	0	1	1	1	1	1	5.4759e-006	1.33509e-004	0.	0.	0.	0.	0.	1.	0.	0.	0.	0.	0	
0.255338	58.7191	7	0	1	1	1	1	1	5.4759e-006	1.33509e-004	0.	0.	0.	0.	0.	1.	0.	0.	0.	0.	0	
0.272317	58.8965	8	0	1	1	1	1	1	5.4759e-006	1.33509e-004	0.	0.	0.	0.	0.	1.	0.	0.	0.	0.	0	
0.289344	58.7315	9	0	1	1	1	1	1	5.4759e-006	1.33509e-004	0.	0.	0.	0.	0.	1.	0.	0.	0.	0.	0	
0.30635	58.8024	10	0	1	1	1	1	1	5.4759e-006	1.33509e-004	0.	0.	0.	0.	0.	1.	0.	0.	0.	0.	0	
0.323319	58.9321	11	0	1	1	1	1	1	5.4759e-006	1.33509e-004	0.	0.	0.	0.	0.	1.	0.	0.	0.	0.	0	
0.340344	58.7357	12	0	1	1	1	1	1	5.4759e-006	1.33509e-004	0.	0.	0.	0.	0.	1.	0.	0.	0.	0.	0	
0.357351	58.7983	13	0	1	1	1	1	1	5.4759e-006	1.33509e-004	0.	0.	0.	0.	0.	1.	0.	0.	0.	0.	0	
0.374343	58.8515	14	0	1	1	1	1	1	5.4759e-006	1.33509e-004	0.	0.	0.	0.	0.	1.	0.	0.	0.	0.	0	
0.391343	58.8254	15	0	1	1	1	1	1	5.4759e-006	1.33509e-004	0.	0.	0.	0.	0.	1.	0.	0.	0.	0.	0	
0.408343	58.8212	16	0	1	1	1	1	1	5.4759e-006	1.33509e-004	0.	0.	0.	0.	0.	1.	0.	0.	0.	0.	0	
0.425344	58.8233	17	0	1	1	1	1	1	5.4759e-006	1.33509e-004	0.	0.	0.	0.	0.	1.	0.	0.	0.	0.	0	
0.442342	58.8275	18	0	1	1	1	1	1	5.4759e-006	1.33509e-004	0.	0.	0.	0.	0.	1.	0.	0.	0.	0.	0	
0.459332	58.8599	19	0	1	1	1	1	1	5.4759e-006	1.33509e-004	0.	0.	0.	0.	0.	1.	0.	0.	0.	0.	0	
0.476341	58.793	20	0	1	1	1	1	1	5.4759e-006	1.33509e-004	0.	0.	0.	0.	0.	1.	0.	0.	0.	0.	0	
0.493335	58.8421	21	0	1	1	1	1	1	5.4759e-006	1.33509e-004	0.	0.	0.	0.	0.	1.	0.	0.	0.	0.	0	
0.510342	58.8003	22	0	1	1	1	1	1	5.4759e-006	1.33509e-004	0.	0.	0.	0.	0.	1.	0.	0.	0.	0.	0	
0.527331	58.863	23	0	1	1	1	1	1	5.4759e-006	1.33509e-004	0.	0.	0.	0.	0.	1.	0.	0.	0.	0.	0	
0.544336	58.8035	24	0	1	1	1	1	1	5.4759e-006	1.33509e-004	0.	0.	0.	0.	0.	1.	0.	0.	0.	0.	0	
0.561342	58.8035	25	0	1	1	1	1	1	5.4759e-006	1.33509e-004	0.	0.	0.	0.	0.	1.	0.	0.	0.	0.	0	
0.578337	58.8421	26	0	1	1	1	1	1	5.4759e-006	1.33509e-004	0.	0.	0.	0.	0.	1.	0.	0.	0.	0.	0	
0.595338	58.8181	27	0	1	1	1	1	1	5.4759e-006	1.33509e-004	0.	0.	0.	0.	0.	1.	0.	0.	0.	0.	0	
0.61235	58.7826	28	0	1	1	1	1	1	5.4759e-006	1.33509e-004	0.	0.	0.	0.	0.	1.	0.	0.	0.	0.	0	
0.629346	58.8379	29	0	1	1	1	1	1	5.4759e-006	1.33509e-004	0.	0.	0.	0.	0.	1.	0.	0.	0.	0.	0	
0.646338	58.8526	30	0	1	1	1	1	1	5.4759e-006	1.33509e-004	0.	0.	0.	0.	0.	1.	0.	0.	0.	0.	0	
0.663337	58.8275	31	0	1	1	1	1	1	5.4759e-006	1.33509e-004	0.	0.	0.	0.	0.	1.	0.	0.	0.	0.	0	
0.680339	58.8139	32	0	1	1	1	1	1	5.4759e-006	1.33509e-004	0.	0.	0.	0.	0.	1.	0.	0.	0.	0.	0	
0.69735	58.7857	33	0	1	1	1	1	1	5.4759e-006	1.33509e-004	0.	0.	0.	0.	0.	1.	0.	0.	0.	0.	0	
0.714346	58.8369	34	0	1	1	1	1	1	5.4759e-006	1.33509e-004	0.	0.	0.	0.	0.	1.	0.	0.	0.	0.	0	
0.731349	58.816	35	0	1	1	1	1	1	5.4759e-006	1.33509e-004	0.	0.	0.	0.	0.	1.	0.	0.	0.	0.	0	
0.748354	58.8035	36	0	1	1	1	1	1	5.4759e-006	1.33509e-004	0.	0.	0.	0.	0.	1.	0.	0.	0.	0.	0	
0.765316	58.9552	37	0	1	1	1	1	1	5.4759e-006	1.33509e-004	0.	0.	0.	0.	0.	1.	0.	0.	0.	0.	0	
0.782368	58.6463	38	0	1	1	1	1	1	5.4759e-006	1.33509e-004	0.	0.	0.	0.	0.	1.	0.	0.	0.	0.	0	
0.799325	58.972	39	0	1	1	1	1	1	5.4759e-006	1.33509e-004	0.	0.	0.	0.	0.	1.	0.	0.	0.	0.	0	
0.816374	58.6536	40	0	1	1	1	1	1	5.4759e-006	1.33509e-004	0.	0.	0.	0.	0.	1.	0.	0.	0.	0.	0	
0.833387	58.7784	41	0	1	1	1	1	1	5.60535e-006	1.33509e-004	0.	0.	5.55556e-002	0.	0.	1.	0.	0.	0.	12.	0	
0.85037	58.8829	42	0	1	1	1	1	1	5.7348e-006	1.33509e-004	0.	0.	0.111111	0.	0.	1.	0.	0.	0.	12.	0	
0.867372	58.8181	43	0	1	1	1	1	1	5.86426e-006	1.33509e-004	0.	0.	0.166667	0.	0.	1.	0.	0.	0.	12.	0	
0.884392	58.7524	44	0	1	1	1	1	1	5.99371e-006	1.33509e-004	0.	0.	0.222222	0.	0.	1.	0.	0.	0.	12.	0	
0.901407	58.7732	45	0	1	1	1	1	1	6.12316e-006	1.33509e-004	0.	0.	0.277778	0.	0.	1.	0.	0.	0.	12.	0	
0.918368	58.9584	46	0	1	1	1	1	1	6.25262e-006	1.33509e-004	0.	0.	0.333333	0.	0.	1.	0.	0.	0.	12.	0	
0.935374	58.8014	47	0	1	1	1	1	1	6.38207e-006	1.33509e-004	0.	0.	0.388889	0.	0.	1.	0.	0.	0.	12.	0	
0.952385	58.7878	48	0	1	1	1	1	1	6.51153e-006	1.33509e-004	0.	0.	0.444444	0.	0.	1.	0.	0.	0.	12.	0	
0.969396	58.7847	49	0	1	1	1	1	1	6.64098e-006	1.33509e-004	0.	0.	0.5	0.	0.	1.	0.	0.	0.	12.	0	
0.986374	58.8997	50	0	1	1	1	1	1	6.77043e-006	1.33509e-004	0.	0.	0.555556	0.	0.	1.	0.	0.	0.	12.	0	
1.00337	58.8338	51	0	1	1	1	1	1	6.89989e-006	1.33509e-004	0.	0.	0.611111	0.	0.	1.	0.	0.	0.	12.	0	
1.02037	58.8275	52	0	1	1	1	1	1	7.02934e-006	1.33509e-004	0.	0.	0.666667	0.	0.	1.	0.	0.	0.	12.	0	
1.03738	58.8003	53	0	1	1	1	1	1	7.15879e-006	1.33509e-004	0.	0.	0.722222	0.	0.	1.	0.	0.	0.	12.	0	
1.05438	58.816	54	0	1	1	1	1	1	7.28825e-006	1.33509e-004	0.	0.	0.777778	0.	0.	1.	0.	0.	0.	12.	0	
1.07036	62.5588	55	0	1	1	1	1	1	7.4177e-006	1.33509e-004	0.	0.	0.833333	0.	0.	1.	0.	0.	0.	12.	0	
1.08736	58.8379	56	0	1	1	1	1	1	7.54715e-006	1.33509e-004	0.	0.	0.888889	0.	0.	1.	0.	0.	0.	12.	0	
1.10437	58.7983	57	0	1	1	1	1	1	7.67661e-006	1.33509e-004	0.	0.	0.944444	0.	0.	1.	0.	0.	0.	12.	0	
1.1214	58.6993	58	0	1	1	1	1	1	7.80606e-006	1.33509e-004	0.	0.	1.	0.	0.	1.	0.	0.	0.	12.	0	
1.13736	62.6511	59	0	1	1	1	1	1	7.93552e-006	1.33509e-004	0.	0.	1.05556	0.	0.	1.	0.	0.	0.	12.	0	
1.15436	58.8212	60	0	1	1	1	1	1	8.06497e-006	1.33509e-004	0.	0.	1.11111	0.	0.	1.	0.	0.	0.	12.	0	
1.17137	58.8014	61	0	1	1	1	1	1	8.19442e-006	1.33509e-004	0.	0.	1.16667	0.	0.	1.	0.	0.	0.	12.	0	
1.18737	62.4857	62	0	1	1	1	1	1	8.32388e-006	1.33509e-004	0.	0.	1.22222	0.	0.	1.	0.	0.	0.	12.	0	
1.20338	62.4928	63	0	1	1	1	1	1	8.45333e-006	1.33509e-004	0.	0.	1.27778	0.	0.	1.	0.	0.	0.	12.	0	
1.22037	58.8317	64	0	1	1	1	1	1	8.58278e-006	1.33509e-004	0.	0.	1.33333	0.	0.	1.	0.	0.	0.	12.	0	
1.23637	62.5069	65	0	1	1	1	1	1	8.71224e-006	1.33509e-004	0.	0.	1.38889	0.	0.	1.	0.	0.	0.	12.	0	
1.25237	62.4998	66	0	1	1	1	1	1	8.84169e-006	1.33509e-004	0.	0.	1.44444	0.	0.	1.	0.	0.	0.	12.	0	
1.26838	62.4716	67	0	1	1	1	1	1	8.97115e-006	1.33509e-004	0.	0.	1.5	0.	0.	1.	0.	0.	0.	12.	0	
1.28534	58.9479	68	0	1	1	1	1	1	9.1006e-006	1.33509e-004	0.	0.	1.55556	0.	0.	1.	0.	0.	0.	12.	0	
1.30234	58.8275	69	0	1	1	1	1	1	9.23005e-006	1.33509e-004	0.	0.	1.61111	0.	0.	1.	0.	0.	0.	12.	0	
1.31938	58.6962	70	0	1	1	1	1	1	9.35951e-006	1.33509e-004	0.	0.	1.66667	0.	0.	1.	0.	0.	0.	12.	0	
1.33637	58.8714	71	0	1	1	1	1	1	9.61841e-006	1.33509e-004	0.	0.	1.77778	0.	0.	1.	0.	0.	0.	24.	0	
1.3534	58.7107	72	0	1	1	1	1	1	9.87732e-006	1.33509e-004	0.	0.	1.88889	0.	0.	1.	0.	0.	0.	24.	0	
1.37038	58.8976	73	0	1	1	1	1	1	1.02657e-005	1.33509e-004	0.	0.	2.05556	0.	0.	1.	0.	0.	0.	36.	0	
1.38739	58.7962	74	0	1	1	1	1	1	1.0654e-005	1.33509e-004	0.	0.	2.22222	0.	0.	1.	0.	0.	0.	36.	0	
1.4044	58.7618	75	0	1	1	1	1	1	1.11719e-005	1.33509e-004	0.	0.	2.44444	0.	0.	1.	0.	0.	0.	48.	0	
1.42141	58.8087	76	0	1	1	1	1	1	1.16897e-005	1.33509e-004	0.	0.	2.66667	0.	0.	1.	0.	0.	0.	48.	0	
1.43838	58.9133	77	0	1	1	1	1	1	1.23369e-005	1.33509e-004	0.	0.	2.94444	0.	0.	1.	0.	0.	0.	60.	0	
1.45533	59.0182	78	0	1	1	1	1	1	1.29842e-005	1.33509e-004	0.	0.	3.22222	0.	0.	1.	0.	0.	0.	60.	0	
1.47238	58.6318	79	0	1	1	1	1	1	1.36315e-005	1.33509e-004	0.	0.	3.5	0.	0.	1.	0.	0.	0.	60.	0	
1.48939	58.7972	80	0	1	1	1	1	1	1.42787e-005	1.33509e-004	0.	0.	3.77778	0.	0.	1.	0.	0.	0.	60.	0	
1.50635	58.973	81	0	1	1	1	1	1	1.4926e-005	1.33509e-004	0.	0.	4.05556	0.	0.	1.	0.	0.	0.	60.	0	
1.52337	58.7409	82	0	1	1	1	1	1	1.55733e-005	1.33509e-004	0.	0.	4.33333	0.	0.	1.	0.	0.	0.	60.	0	
1.54039	58.768	83	0	1	1	1	1	1	1.62206e-005	1.33509e-004	0.	0.	4.61111	0.	0.	1.	0.	0.	0.	60.	0	
1.55738	58.8306	84	0	1	1	1	1	1	1.68678e-005	1.33509e-004	0.	0.	4.88889	0.	0.	1.	0.	0.	0.	60.	0	
1.57436	58.9007	85	0	1	1	1	1	1	1.75151e-005	1.33509e-004	0.	0.	5.16667	0.	0.	1.	0.	0.	0.	60.	0	
1.59138	58.7607	86	0	1	1	1	1	1	1.81624e-005	1.33509e-004	0.	0.	5.44444	0.	0.	1.	0.	0.	0.	60.	0	
1.60838	58.8306	87	0	1	1	1	1	1	1.88096e-005	1.33509e-004	0.	0.	5.72222	0.	0.	1.	0.	0.	0.	60.	0	
1.62538	58.8077	88	0	1	1	1	1	1	1.94569e-005	1.33509e-004	0.	0.	6.	0.	0.	1.	0.	0.	0.	60.	0	
1.64238	58.8348	89	0	1	1	1	1	1	2.01042e-005	1.33509e-004	0.	0.	6.27778	0.	0.	1.	0.	0.	0.	60.	0	
1.65939	58.7899	90	0	1	1	1	1	1	2.07514e-005	1.33509e-004	0.	0.	6.55556	0.	0.	1.	0.	0.	0.	60.	0	
1.67637	58.9038	91	0	1	1	1	1	1	2.13987e-005	1.33509e-004	0.	0.	6.83333	0.	0.	1.	0.	0.	0.	60.	0	
1.69238	62.4586	92	0	1	1	1	1	1	2.2046e-005	1.33509e-004	0.	0.	7.11111	0.	0.	1.	0.	0.	0.	60.	0	
1.70938	58.8118	93	0	1	1	1	1	1	2.26932e-005	1.33509e-004	0.	0.	7.38889	0.	0.	1.	0.	0.	0.	60.	0	
1.72538	62.4963	94	0	1	1	1	1	1	2.33405e-005	1.33509e-004	0.	0.	7.66667	0.	0.	1.	0.	0.	0.	60.	0	
1.74236	58.8986	95	0	1	1	1	1	1	2.39878e-005	1.33509e-004	0.	0.	7.94444	0.	0.	1.	0.	0.	0.	60.	0	
1.75936	58.8244	96	0	1	1	1	1	1	2.4635e-005	1.33509e-004	0.	0.	8.22222	0.	0.	1.	0.	0.	0.	60.	0	
1.77637	58.7816	97	0	1	1	1	1	1	2.52823e-005	1.33509e-004	0.	0.	8.5	0.	0.	1.	0.	0.	0.	60.	0	
1.79335	58.8777	98	0	1	1	1	1	1	2.59296e-005	1.33509e-004	0.	0.	8.77778	0.	0.	1.	0.	0.	0.	60.	0	
1.81035	58.8327	99	0	1	1	1	1	1	2.65769e-005	1.33509e-004	0.	0.	9.05556	0.	0.	1.	0.	0.	0.	60.	0	
1.82737	58.7743	100	0	1	1	1	1	1	2.72241e-005	1.33509e-004	0.	0.	9.33333	0.	0.	1.	0.	0.	0.	60.	0	
1.84437	58.8014	101	0	1	1	1	1	1	2.78714e-005	1.33509e-004	0.	0.	9.61111	0.	0.	1.	0.	0.	0.	60.	0	
1.86136	58.8829	102	0	1	1	1	1	1	2.85187e-005	1.33509e-004	0.	0.	9.88889	0.	0.	1.	0.	0.	0.	60.	0	
1.87837	58.7764	103	0	1	1	1	1	1	2.91659e-005	1.33509e-004	0.	0.	10.1667	0.	0.	1.	0.	0.	0.	60.	0	
1.89537	58.8056	104	0	1	1	1	1	1	2.98132e-005	1.33509e-004	0.	0.	10.4444	0.	0.	1.	0.	0.	0.	60.	0	
1.91235	58.9248	105	0	1	1	1	1	1	3.04605e-005	1.33509e-004	0.	0.	10.7222	0.	0.	1.	0.	0.	0.	60.	0	
1.92937	58.7222	106	0	1	1	1	1	1	3.11077e-005	1.33509e-004	0.	0.	11.	0.	0.	1.	0.	0.	0.	60.	0	
1.94635	58.9258	107	0	1	1	1	1	1	3.1755e-005	1.33509e-004	0.	0.	11.2778	0.	0.	1.	0.	0.	0.	60.	0	
1.9634	58.6318	108	0	1	1	1	1	1	3.24023e-005	1.33509e-004	0.	0.	11.5556	0.	0.	1.	0.	0.	0.	60.	0	
1.9804	58.8244	109	0	1	1	1	1	1	3.30495e-005	1.33509e-004	0.	0.	11.8333	0.	0.	1.	0.	0.	0.	60.	0	
1.99739	58.8641	110	0	1	1	1	1	1	3.36968e-005	1.33509e-004	0.	0.	12.1111	0.	0.	1.	0.	0.	0.	60.	0	
2.01436	58.9269	111	0	1	1	1	1	1	3.43441e-005	1.33509e-004	0.	0.	12.3889	0.	0.	1.	0.	0.	0.	60.	0	
2.03136	58.8264	112	0	1	1	1	1	1	3.49913e-005	1.33509e-004	0.	0.	12.6667	0.	0.	1.	0.	0.	0.	60.	0	
2.04836	58.8212	113	0	1	1	1	1	1	3.56386e-005	1.33509e-004	0.	0.	12.9444	0.	0.	1.	0.	0.	0.	60.	0	
2.06535	58.8672	114	0	1	1	1	1	1	3.62859e-005	1.33509e-004	0.	0.	13.2222	0.	0.	1.	0.	0.	0.	60.	0	
2.08238	58.7159	115	0	1	1	1	1	1	3.69331e-005	1.33509e-004	0.	0.	13.5	0.	0.	1.	0.	0.	0.	60.	0	
2.09941	58.7034	116	0	1	1	1	1	1	3.75804e-005	1.33509e-004	0.	0.	13.7778	0.	0.	1.	0.	0.	0.	60.	0	
2.11639	58.9091	117	0	1	1	1	1	1	3.82277e-005	1.33509e-004	0.	0.	14.0556	0.	0.	1.	0.	0.	0.	60.	0	
2.13339	58.8191	118	0	1	1	1	1	1	3.8875e-005	1.33509e-004	0.	0.	14.3333	0.	0.	1.	0.	0.	0.	60.	0	
2.15037	58.8766	119	0	1	1	1	1	1	3.95222e-005	1.33509e-004	0.	0.	14.6111	0.	0.	1.	0.	0.	0.	60.	0	
2.16739	58.7503	120	0	1	1	1	1	1	4.01695e-005	1.33509e-004	0.	0.	14.8889	0.	0.	1.	0.	0.	0.	60.	0	
2.18442	58.7326	121	0	1	1	1	1	1	4.08168e-005	1.33509e-004	0.	0.	15.1667	0.	0.	1.	0.	0.	0.	60.	0	
2.2014	58.9018	122	0	1	1	1	1	1	4.21113e-005	1.33509e-004	0.	0.	15.7222	0.	0.	1.	0.	0.	0.	60.	0	
2.21839	58.8536	123	0	1	1	1	1	1	4.27586e-005	1.33509e-004	0.	0.	16.	0.	0.	1.	0.	0.	0.	60.	0	
2.23536	58.9363	124	0	1	1	1	1	1	4.34058e-005	1.33509e-004	0.	0.	16.2778	0.	0.	1.	0.	0.	0.	60.	0	
2.25238	58.7409	125	0	1	1	1	1	1	4.40531e-005	1.33509e-004	0.	0.	16.5556	0.	0.	1.	0.	0.	0.	60.	0	
2.26938	58.8191	126	0	1	1	1	1	1	4.47004e-005	1.33509e-004	0.	0.	16.8333	0.	0.	1.	0.	0.	0.	60.	0	
2.28637	58.8536	127	0	1	1	1	1	1	4.53476e-005	1.33509e-004	0.	0.	17.1111	0.	0.	1.	0.	0.	0.	60.	0	
2.30338	58.816	128	0	1	1	1	1	1	4.59949e-005	1.33509e-004	0.	0.	17.3889	0.	0.	1.	0.	0.	0.	60.	0	
2.32038	58.8035	129	0	1	1	1	1	1	4.66422e-005	1.33509e-004	0.	0.	17.6667	0.	0.	1.	0.	0.	0.	60.	0	
2.33737	58.8724	130	0	1	1	1	1	1	4.72894e-005	1.33509e-004	0.	0.	17.9444	0.	0.	1.	0.	0.	0.	60.	0	
2.35435	58.8808	131	0	1	1	1	1	1	4.79367e-005	1.33509e-004	0.	0.	18.2222	0.	0.	1.	0.	0.	0.	60.	0	
2.37138	58.7201	132	0	1	1	1	1	1	4.8584e-005	1.33509e-004	0.	0.	18.5	0.	0.	1.	0.	0.	0.	60.	0	
2.38839	58.7826	133	0	1	1	1	1	1	4.92313e-005	1.33509e-004	0.	0.	18.7778	0.	0.	1.	0.	0.	0.	60.	0	
2.40537	58.9175	134	0	1	1	1	1	1	4.98785e-005	1.33509e-004	0.	0.	19.0556	0.	0.	1.	0.	0.	0.	60.	0	
2.42239	58.7399	135	0	1	1	1	1	1	5.05258e-005	1.33509e-004	0.	0.	19.3333	0.	0.	1.	0.	0.	0.	60.	0	
2.43936	58.9353	136	0	1	1	1	1	1	5.11731e-005	1.33509e-004	0.	0.	19.6111	0.	0.	1.	0.	0.	0.	60.	0	
2.45637	58.7753	137	0	1	1	1	1	1	5.18203e-005	1.33509e-004	0.	0.	19.8889	0.	0.	1.	0.	0.	0.	60.	0	
2.47338	58.7857	138	0	1	1	1	1	1	5.24676e-005	1.33509e-004	0.	0.	20.1667	0.	0.	1.	0.	0.	0.	60.	0	
2.48938	62.5234	139	0	1	1	1	1	1	5.31149e-005	1.33509e-004	0.	0.	20.4444	0.	0.	1.	0.	0.	0.	60.	0	
2.50639	58.767	140	0	1	1	1	1	1	5.37621e-005	1.33509e-004	0.	0.	20.7222	0.	0.	1.	0.	0.	0.	60.	0	
2.52337	58.9007	141	0	1	1	1	1	1	5.44094e-005	1.33509e-004	0.	0.	21.	0.	0.	1.	0.	0.	0.	60.	0	
2.54036	58.8505	142	0	1	1	1	1	1	5.50567e-005	1.33509e-004	0.	0.	21.2778	0.	0.	1.	0.	0.	0.	60.	0	
2.55738	58.767	143	0	1	1	1	1	1	5.57039e-005	1.33509e-004	0.	0.	21.5556	0.	0.	1.	0.	0.	0.	60.	0	
2.57439	58.7972	144	0	1	1	1	1	1	5.63512e-005	1.33509e-004	0.	0.	21.8333	0.	0.	1.	0.	0.	0.	60.	0	
2.59136	58.9007	145	0	1	1	1	1	1	5.69985e-005	1.33509e-004	0.	0.	22.1111	0.	0.	1.	0.	0.	0.	60.	0	
2.60838	58.7816	146	0	1	1	1	1	1	5.76457e-005	1.33509e-004	0.	0.	22.3889	0.	0.	1.	0.	0.	0.	60.	0	
2.62537	58.8306	147	0	1	1	1	1	1	5.8293e-005	1.33509e-004	0.	0.	22.6667	0.	0.	1.	0.	0.	0.	60.	0	
2.64238	58.817	148	0	1	1	1	1	1	5.89403e-005	1.33509e-004	0.	0.	22.9444	0.	0.	1.	0.	0.	0.	60.	0	
2.65938	58.816	149	0	1	1	1	1	1	5.95875e-005	1.33509e-004	0.	0.	23.2222	0.	0.	1.	0.	0.	0.	60.	0	
2.67637	58.8358	150	0	1	1	1	1	1	6.02348e-005	1.33509e-004	0.	0.	23.5	0.	0.	1.	0.	0.	0.	60.	0	
2.69338	58.8035	151	0	1	1	1	1	1	6.08821e-005	1.33509e-004	0.	0.	23.7778	0.	0.	1.	0.	0.	0.	60.	0	
2.71038	58.8108	152	0	1	1	1	1	1	6.15294e-005	1.33509e-004	0.	0.	24.0556	0.	0.	1.	0.	0.	0.	60.	0	
2.72738	58.8358	153	0	1	1	1	1	1	6.21766e-005	1.33509e-004	0.	0.	24.3333	0.	0.	1.	0.	0.	0.	60.	0	
2.74439	58.7826	154	0	1	1	1	1	1	6.28239e-005	1.33509e-004	0.	0.	24.6111	0.	0.	1.	0.	0.	0.	60.	0	
2.76137	58.8923	155	0	1	1	1	1	1	6.34712e-005	1.33509e-004	0.	0.	24.8889	0.	0.	1.	0.	0.	0.	60.	0	
2.77837	58.8379	156	0	1	1	1	1	1	6.41184e-005	1.33509e-004	0.	0.	25.1667	0.	0.	1.	0.	0.	0.	60.	0	
2.79437	62.5093	157	0	1	1	1	1	1	6.5413e-005	1.33509e-004	0.	0.	25.7222	0.	0.	1.	0.	0.	0.	60.	0	
2.8114	58.7024	158	0	1	1	1	1	1	6.60602e-005	1.33509e-004	0.	0.	26.	0.	0.	1.	0.	0.	0.	60.	0	
2.82738	62.5718	159	0	1	1	1	1	1	6.67075e-005	1.33509e-004	0.	0.	26.2778	0.	0.	1.	0.	0.	0.	60.	0	
2.84438	58.8358	160	0	1	1	1	1	1	6.73548e-005	1.33509e-004	0.	0.	26.5556	0.	0.	1.	0.	0.	0.	60.	0	
2.86137	58.8672	161	0	1	1	1	1	1	6.8002e-005	1.33509e-004	0.	0.	26.8333	0.	0.	1.	0.	0.	0.	60.	0	
2.87837	58.816	162	0	1	1	1	1	1	6.86493e-005	1.33509e-004	0.	0.	27.1111	0.	0.	1.	0.	0.	0.	60.	0	
2.89537	58.8223	163	0	1	1	1	1	1	6.92966e-005	1.33509e-004	0.	0.	27.3889	0.	0.	1.	0.	0.	0.	60.	0	
2.91237	58.8285	164	0	1	1	1	1	1	7.05911e-005	1.33509e-004	0.	0.	27.9444	0.	0.	1.	0.	0.	0.	60.	0	
2.92937	58.8003	165	0	1	1	1	1	1	7.12384e-005	1.33509e-004	0.	0.	28.2222	0.	0.	1.	0.	0.	0.	60.	0	
2.94637	58.8442	166	0	1	1	1	1	1	7.18857e-005	1.33509e-004	0.	0.	28.5	0.	0.	1.	0.	0.	0.	60.	0	
2.96337	58.816	167	0	1	1	1	1	1	7.25329e-005	1.33509e-004	0.	0.	28.7778	0.	0.	1.	0.	0.	0.	60.	0	
2.98037	58.8254	168	0	1	1	1	1	1	7.31802e-005	1.33509e-004	0.	0.	29.0556	0.	0.	1.	0.	0.	0.	60.	0	
2.99637	62.4963	169	0	1	1	1	1	1	7.38275e-005	1.33509e-004	0.	0.	29.3333	0.	0.	1.	0.	0.	0.	60.	0	
3.01338	58.8066	170	0	1	1	1	1	1	7.44747e-005	1.33509e-004	0.	0.	29.6111	0.	0.	1.	0.	0.	0.	60.	0	
3.03037	58.8306	171	0	1	1	1	1	1	7.5122e-005	1.33509e-004	0.	0.	29.8889	0.	0.	1.	0.	0.	0.	60.	0	
3.04737	58.8202	172	0	1	1	1	1	1	7.57693e-005	1.33509e-004	0.	0.	30.1667	0.	0.	1.	0.	0.	0.	60.	0	
3.06438	58.8118	173	0	1	1	1	1	1	7.64165e-005	1.33509e-004	0.	0.	30.4444	0.	0.	1.	0.	0.	0.	60.	0	
3.08137	58.8442	174	0	1	1	1	1	1	7.70638e-005	1.33509e-004	0.	0.	30.7222	0.	0.	1.	0.	0.	0.	60.	0	
3.09837	58.8317	175	0	1	1	1	1	1	7.77111e-005	1.33509e-004	0.	0.	31.	0.	0.	1.	0.	0.	0.	60.	0	
3.1154	58.7243	176	0	1	1	1	1	1	7.83583e-005	1.33509e-004	0.	0.	31.2778	0.	0.	1.	0.	0.	0.	60.	0	
3.13237	58.9196	177	0	1	1	1	1	1	7.90056e-005	1.33509e-004	0.	0.	31.5556	0.	0.	1.	0.	0.	0.	60.	0	
3.14942	58.6691	178	0	1	1	1	1	1	7.96529e-005	1.33509e-004	0.	0.	31.8333	0.	0.	1.	0.	0.	0.	60.	0	
3.1664	58.8808	179	0	1	1	1	1	1	8.03001e-005	1.33509e-004	0.	0.	32.1111	0.	0.	1.	0.	0.	0.	60.	0	
3.18238	62.5683	180	0	1	1	1	1	1	8.09474e-005	1.33509e-004	0.	0.	32.3889	0.	0.	1.	0.	0.	0.	60.	0	
3.1984	62.4456	181	0	1	1	1	1	1	8.15947e-005	1.33509e-004	0.	0.	32.6667	0.	0.	1.	0.	0.	0.	60.	0	
3.21542	58.7534	182	0	1	1	1	1	1	8.2242e-005	1.33509e-004	0.	0.	32.9444	0.	0.	1.	0.	0.	0.	60.	0	
3.2324	58.8923	183	0	1	1	1	1	1	8.28892e-005	1.33509e-004	0.	0.	33.2222	0.	0.	1.	0.	0.	0.	60.	0	
3.2494	58.8014	184	0	1	1	1	1	1	8.35365e-005	1.33509e-004	0.	0.	33.5	0.	0.	1.	0.	0.	0.	60.	0	
3.2664	58.8379	185	0	1	1	1	1	1	8.41838e-005	1.33509e-004	0.	0.	33.7778	0.	0.	1.	0.	0.	0.	60.	0	
3.28338	58.8745	186	0	1	1	1	1	1	8.4831e-005	1.33509e-004	0.	0.	34.0556	0.	0.	1.	0.	0.	0.	60.	0	
3.30042	58.6941	187	0	1	1	1	1	1	8.54783e-005	1.33509e-004	0.	0.	34.3333	0.	0.	1.	0.	0.	0.	60.	0	
3.31741	58.8756	188	0	1	1	1	1	1	8.61256e-005	1.33509e-004	0.	0.	34.6111	0.	0.	1.	0.	0.	0.	60.	0	
3.3344	58.8568	189	0	1	1	1	1	1	8.67728e-005	1.33509e-004	0.	0.	34.8889	0.	0.	1.	0.	0.	0.	60.	0	
3.35142	58.7357	190	0	1	1	1	1	1	8.74201e-005	1.33509e-004	0.	0.	35.1667	0.	0.	1.	0.	0.	0.	60.	0	
3.36839	58.9206	191	0	1	1	1	1	1	8.80674e-005	1.33509e-004	0.	0.	35.4444	0.	0.	1.	0.	0.	0.	60.	0	
3.38541	58.7764	192	0	1	1	1	1	1	8.87146e-005	1.33509e-004	0.	0.	35.7222	0.	0.	1.	0.	0.	0.	60.	0	
3.40238	58.9175	193	0	1	1	1	1	1	8.93619e-005	1.33509e-004	0.	0.	36.	0.	0.	1.	0.	0.	0.	60.	0	
3.41941	58.7149	194	0	1	1	1	1	1	9.06564e-005	1.33509e-004	0.	0.	36.5556	0.	0.	1.	0.	0.	0.	60.	0	
3.43641	58.8327	195	0	1	1	1	1	1	9.13037e-005	1.33509e-004	0.	0.	36.8333	0.	0.	1.	0.	0.	0.	60.	0	
3.45342	58.8035	196	0	1	1	1	1	1	9.1951e-005	1.33509e-004	0.	0.	37.1111	0.	0.	1.	0.	0.	0.	60.	0	
3.47037	58.9678	197	0	1	1	1	1	1	9.25982e-005	1.33509e-004	0.	0.	37.3889	0.	0.	1.	0.	0.	0.	60.	0	
3.4874	58.7399	198	0	1	1	1	1	1	9.32455e-005	1.33509e-004	0.	0.	37.6667	0.	0.	1.	0.	0.	0.	60.	0	
3.50341	62.4351	199	0	1	1	1	1	1	9.38928e-005	1.33509e-004	0.	0.	37.9444	0.	0.	1.	0.	0.	0.	60.	0	
3.52037	58.9709	200	0	1	1	1	1	1	9.45401e-005	1.33509e-004	0.	0.	38.2222	0.	0.	1.	0.	0.	0.	60.	0	
3.5374	58.7295	201	0	1	2	2	1	1	9.58346e-005	1.33509e-004	0.	0.	38.7778	0.	0.	1.	0.	0.	0.	60.	0	
3.55441	58.792	202	0	1	2	2	1	1	9.64819e-005	1.33509e-004	0.	0.	39.0556	0.	0.	1.	0.	0.	0.	60.	0	
3.57134	59.0435	203	0	1	2	2	1	1	9.71291e-005	1.33509e-004	0.	0.	39.3333	0.	0.	1.	0.	0.	0.	60.	0	
3.58842	58.5768	204	0	1	2	2	1	1	9.77764e-005	1.33509e-004	0.	0.	39.6111	0.	0.	1.	0.	0.	0.	60.	0	
3.60537	58.9909	205	0	1	2	2	1	1	9.84237e-005	1.33509e-004	0.	0.	39.8889	0.	0.	1.	0.	0.	0.	60.	0	
3.62241	58.6847	206	0	1	2	2	1	1	9.97182e-005	1.33509e-004	0.	0.	40.4444	0.	0.	1.	0.	0.	0.	60.	0	
3.63942	58.791	207	0	1	2	2	1	1	1.00365e-004	1.33509e-004	0.	0.	40.7222	0.	0.	1.	0.	0.	0.	60.	0	
3.65639	58.9321	208	0	1	2	2	1	2	1.01013e-004	9.48478e-004	0.	0.	41.	0.	0.	1.	0.	0.	0.	60.	0	
3.67341	58.7461	209	0	1	2	2	1	2	1.09509e-004	9.48478e-004	0.	0.	41.2778	0.	0.	1.	0.	0.	0.	60.	0	
3.69041	58.8087	210	0	1	2	2	1	2	1.14107e-004	9.48478e-004	0.	0.	41.5556	0.	0.	1.	0.	0.	0.	60.	0	
3.70739	58.9018	211	0	1	2	2	1	2	1.18705e-004	9.48478e-004	0.	0.	41.8333	0.	0.	1.	0.	0.	0.	60.	0	
3.72439	58.8379	212	0	1	2	2	1	2	1.23304e-004	9.48478e-004	0.	0.	42.1111	0.	0.	1.	0.	0.	0.	60.	0	
3.7414	58.7638	213	0	1	2	2	1	2	1.32501e-004	9.48478e-004	0.	0.	42.6667	0.	0.	1.	0.	0.	0.	60.	0	
3.75842	58.7764	214	0	1	2	2	1	2	1.37099e-004	9.48478e-004	0.	0.	42.9444	0.	0.	1.	0.	0.	0.	60.	0	
3.77541	58.8327	215	0	2	2	2	2	2	1.41697e-004	9.48478e-004	0.	0.	43.2222	0.	0.	1.	0.	0.	0.	60.	0	
3.79238	58.9332	216	0	2	2	2	2	2	1.46296e-004	9.48478e-004	0.	0.	43.5	0.	0.	1.	0.	0.	0.	60.	0	
3.80941	58.7336	217	0	2	2	2	2	2	1.50894e-004	9.48478e-004	0.	0.	43.7778	0.	0.	1.	0.	0.	0.	60.	0	
3.82641	58.8108	218	0	2	2	2	2	2	1.55492e-004	9.48478e-004	0.	0.	44.0556	0.	0.	1.	0.	0.	0.	60.	0	
3.84342	58.8014	219	0	2	2	2	2	2	1.60091e-004	9.48478e-004	0.	0.	44.3333	0.	0.	1.	0.	0.	0.	60.	0	
3.86038	58.9426	220	0	2	2	2	2	2	1.64689e-004	9.48478e-004	0.	0.	44.6111	0.	0.	1.	0.	0.	0.	60.	0	
3.87741	58.7201	221	0	2	2	2	2	2	1.69287e-004	9.48478e-004	0.	0.	44.8889	0.	0.	1.	0.	0.	0.	60.	0	
3.89441	58.84	222	0	2	2	2	2	2	1.73886e-004	9.48478e-004	0.	0.	45.1667	0.	0.	1.	0.	0.	0.	60.	0	
3.91143	58.7555	223	0	2	2	2	2	2	1.78484e-004	9.48478e-004	0.	0.	45.4444	0.	0.	1.	0.	0.	0.	60.	0	
3.92838	58.9835	224	0	2	2	2	2	2	1.83082e-004	9.48478e-004	0.	0.	45.7222	0.	0.	1.	0.	0.	0.	60.	0	
3.9454	58.7618	225	0	2	2	2	2	2	1.87681e-004	9.48478e-004	0.	0.	46.	0.	0.	1.	0.	0.	0.	60.	0	
3.96242	58.7503	226	0	2	2	2	2	2	1.92279e-004	9.48478e-004	0.	0.	46.2778	0.	0.	1.	0.	0.	0.	60.	0	
3.97941	58.8798	227	0	2	2	2	2	2	1.96877e-004	9.48478e-004	0.	0.	46.5556	0.	0.	1.	0.	0.	0.	60.	0	
3.99638	58.9258	228	0	2	2	2	2	2	2.01476e-004	9.48478e-004	0.	0.	46.8333	0.	0.	1.	0.	0.	0.	60.	0	
4.01342	58.6712	229	0	2	2	2	2	2	2.06074e-004	9.48478e-004	0.	0.	47.1111	0.	0.	1.	0.	0.	0.	60.	0	
4.03044	58.7743	230	0	2	2	2	2	2	2.10672e-004	9.48478e-004	0.	0.	47.3889	0.	0.	1.	0.	0.	0.	60.	0	
4.0474	58.9342	231	0	2	2	2	2	2	2.15271e-004	9.48478e-004	0.	0.	47.6667	0.	0.	1.	0.	0.	0.	60.	0	
4.06438	58.8923	232	0	2	2	2	2	2	2.19869e-004	9.48478e-004	0.	0.	47.9444	0.	0.	1.	0.	0.	0.	60.	0	
4.08143	58.6619	233	0	2	2	2	2	2	2.24468e-004	9.48478e-004	0.	0.	48.2222	0.	0.	1.	0.	0.	0.	60.	0	
4.09841	58.8902	234	0	2	2	2	2	2	2.29066e-004	9.48478e-004	0.	0.	48.5	0.	0.	1.	0.	0.	0.	60.	0	
4.11542	58.7962	235	0	2	2	2	2	2	2.33664e-004	9.48478e-004	0.	0.	48.7778	0.	0.	1.	0.	0.	0.	60.	0	
4.13242	58.8264	236	0	2	2	2	2	2	2.38263e-004	9.48478e-004	0.	0.	49.0556	0.	0.	1.	0.	0.	0.	60.	0	
4.14941	58.839	237	0	2	2	2	2	2	2.42861e-004	9.48478e-004	0.	0.	49.3333	0.	0.	1.	0.	0.	0.	60.	0	
4.1664	58.8756	238	0	2	2	2	2	2	2.47459e-004	9.48478e-004	0.	0.	49.6111	0.	0.	1.	0.	0.	0.	60.	0	
4.18335	58.9751	239	0	2	2	2	2	2	2.52058e-004	9.48478e-004	0.	0.	49.8889	0.	0.	1.	0.	0.	0.	60.	0	
4.20042	58.6089	240	0	2	2	2	2	2	2.56656e-004	9.48478e-004	0.	0.	50.1667	0.	0.	1.	0.	0.	0.	60.	0	
4.21745	58.7107	241	0	2	2	2	2	2	2.65853e-004	9.48478e-004	0.	0.	50.7222	0.	0.	1.	0.	0.	0.	60.	0	
4.23441	58.9552	242	0	2	2	2	2	2	2.70451e-004	9.48478e-004	0.	0.	51.	0.	0.	1.	0.	0.	0.	60.	0	
4.25143	58.744	243	0	2	2	2	2	2	2.75049e-004	9.48478e-004	0.	0.	51.2778	0.	0.	1.	0.	0.	0.	60.	0	
4.2684	58.9615	244	0	2	2	2	2	2	2.79648e-004	9.48478e-004	0.	0.	51.5556	0.	0.	1.	0.	0.	0.	60.	0	
4.28548	58.5416	245	0	2	2	2	2	2	2.84246e-004	9.48478e-004	0.	0.	51.8333	0.	0.	1.	0.	0.	0.	60.	0	
4.30243	58.973	246	0	2	2	2	2	2	2.93443e-004	9.48478e-004	0.	0.	52.3889	0.	0.	1.	0.	0.	0.	60.	0	
4.31943	58.8202	247	0	2	2	2	2	2	2.98041e-004	9.48478e-004	0.	0.	52.6667	0.	0.	1.	0.	0.	0.	60.	0	
4.33642	58.8609	248	0	2	2	2	2	2	3.0264e-004	9.48478e-004	0.	0.	52.9444	0.	0.	1.	0.	0.	0.	60.	0	
4.35341	58.8641	249	0	2	2	2	2	2	3.07238e-004	9.48478e-004	0.	0.	53.2222	0.	0.	1.	0.	0.	0.	60.	0	
4.37048	58.581	250	0	2	2	2	2	2	3.11836e-004	9.48478e-004	0.	0.	53.5	0.	0.	1.	0.	0.	0.	60.	0	
4.38742	59.0424	251	0	2	2	2	2	2	3.16435e-004	9.48478e-004	0.	0.	53.7778	0.	0.	1.	0.	0.	0.	60.	0	
4.40441	58.8547	252	0	2	2	2	2	2	3.21033e-004	9.48478e-004	0.	0.	54.0556	0.	0.	1.	0.	0.	0.	60.	0	
4.42142	58.7983	253	0	2	2	2	2	2	3.25631e-004	9.48478e-004	0.	0.	54.3333	0.	0.	1.	0.	0.	0.	60.	0	
4.43843	58.7826	254	0	2	2	2	2	2	3.3023e-004	9.48478e-004	0.	0.	54.6111	0.	0.	1.	0.	0.	0.	60.	0	
4.4554	58.9164	255	0	2	2	2	2	2	3.39426e-004	9.48478e-004	0.	0.	55.1667	0.	0.	1.	0.	0.	0.	60.	0	
4.47242	58.7701	256	0	2	2	2	2	2	3.44025e-004	9.48478e-004	0.	0.	55.4444	0.	0.	1.	0.	0.	0.	60.	0	
4.48942	58.8264	257	0	2	2	2	2	2	3.48623e-004	9.48478e-004	0.	0.	55.7222	0.	0.	1.	0.	0.	0.	60.	0	
4.5064	58.886	258	0	2	2	2	2	2	3.53221e-004	9.48478e-004	0.	0.	56.	0.	0.	1.	0.	0.	0.	60.	0	
4.52337	58.9363	259	0	2	2	2	2	2	3.5782e-004	9.48478e-004	0.	0.	56.2778	0.	0.	1.	0.	0.	0.	60.	0	
4.54041	58.6775	260	0	2	2	2	2	2	3.67016e-004	9.48478e-004	0.	0.	56.8333	0.	0.	1.	0.	0.	0.	60.	0	
4.55744	58.718	261	0	2	2	2	2	2	3.71615e-004	9.48478e-004	0.	0.	57.1111	0.	0.	1.	0.	0.	0.	60.	0	
4.57444	58.84	262	0	2	2	2	2	2	3.76213e-004	9.48478e-004	0.	0.	57.3889	0.	0.	1.	0.	0.	0.	60.	0	
4.59144	58.815	263	0	2	2	2	2	2	3.80812e-004	9.48478e-004	0.	0.	57.6667	0.	0.	1.	0.	0.	0.	60.	0	
4.6084	58.9416	264	0	2	2	2	2	2	3.8541e-004	9.48478e-004	0.	0.	57.9444	0.	0.	1.	0.	0.	0.	60.	0	
4.62544	58.6899	265	0	2	2	2	2	2	3.90008e-004	9.48478e-004	0.	0.	58.2222	0.	0.	1.	0.	0.	0.	60.	0	
4.64242	58.8913	266	0	2	2	2	2	2	3.94607e-004	9.48478e-004	0.	0.	58.5	0.	0.	1.	0.	0.	0.	60.	0	
4.65942	58.8223	267	0	2	2	2	2	2	3.99205e-004	9.48478e-004	0.	0.	58.7778	0.	0.	1.	0.	0.	0.	60.	0	
4.67639	58.93	268	0	2	2	2	2	2	4.03803e-004	9.48478e-004	0.	0.	59.0556	0.	0.	1.	0.	0.	0.	60.	0	
4.69342	58.7305	269	0	2	2	2	2	2	4.08402e-004	9.48478e-004	0.	0.	59.3333	0.	0.	1.	0.	0.	0.	60.	0	
4.71041	58.8683	270	0	2	2	2	2	2	4.13e-004	9.48478e-004	0.	0.	59.6111	0.	0.	1.	0.	0.	0.	60.	0	
4.72742	58.7638	271	0	2	2	2	2	2	4.17598e-004	9.48478e-004	0.	0.	59.8889	0.	0.	1.	0.	0.	0.	60.	0	
4.74441	58.8641	272	0	2	2	2	2	2	4.22197e-004	9.48478e-004	0.	0.	60.1667	0.	0.	1.	0.	0.	0.	60.	0	
4.76148	58.583	273	0	2	2	2	2	2	4.26795e-004	9.48478e-004	0.	0.	60.4444	0.	0.	1.	0.	0.	0.	60.	0	
4.77843	59.0193	274	0	2	2	2	2	2	4.31393e-004	9.48478e-004	0.	0.	60.7222	0.	0.	1.	0.	0.	0.	60.	0	
4.79543	58.8014	275	0	2	2	2	2	2	4.35992e-004	9.48478e-004	0.	0.	61.	0.	0.	1.	0.	0.	0.	60.	0	
4.81244	58.8108	276	0	2	2	2	2	2	4.4059e-004	9.48478e-004	0.	0.	61.2778	0.	0.	1.	0.	0.	0.	60.	0	
4.82942	58.8651	277	0	2	2	2	2	2	4.45188e-004	9.48478e-004	0.	0.	61.5556	0.	0.	1.	0.	0.	0.	60.	0	
4.84643	58.8118	278	0	2	2	2	2	2	4.49787e-004	9.48478e-004	0.	0.	61.8333	0.	0.	1.	0.	0.	0.	60.	0	
4.86343	58.8191	279	0	2	2	2	2	2	4.54385e-004	9.48478e-004	0.	0.	62.1111	0.	0.	1.	0.	0.	0.	60.	0	
4.88043	58.8233	280	0	2	2	2	2	2	4.58983e-004	9.48478e-004	0.	0.	62.3889	0.	0.	1.	0.	0.	0.	60.	0	
4.89742	58.8369	281	0	2	2	2	2	2	4.63582e-004	9.48478e-004	0.	0.	62.6667	0.	0.	1.	0.	0.	0.	60.	0	
4.91443	58.7972	282	0	2	2	2	2	2	4.6818e-004	9.48478e-004	0.	0.	62.9444	0.	0.	1.	0.	0.	0.	60.	0	
4.93141	58.9133	283	0	2	2	2	2	2	4.77377e-004	9.48478e-004	0.	0.	63.5	0.	0.	1.	0.	0.	0.	60.	0	
4.94843	58.742	284	0	2	2	2	2	2	4.81975e-004	9.48478e-004	0.	0.	63.7778	0.	0.	1.	0.	0.	0.	60.	0	
4.96545	58.7399	285	0	2	2	2	2	2	4.86574e-004	9.48478e-004	0.	0.	64.0556	0.	0.	1.	0.	0.	0.	60.	0	
4.98244	58.8798	286	0	2	2	2	2	2	4.91172e-004	9.48478e-004	0.	0.	64.3333	0.	0.	1.	0.	0.	0.	60.	0	
4.99942	58.8756	287	0	2	2	2	2	2	4.9577e-004	9.48478e-004	0.	0.	64.6111	0.	0.	1.	0.	0.	0.	60.	0	
5.01642	58.8285	288	0	2	2	2	2	2	5.04967e-004	9.48478e-004	0.	0.	65.1667	0.	0.	1.	0.	0.	0.	60.	0	
5.03343	58.7983	289	0	2	2	2	2	2	5.09565e-004	9.48478e-004	0.	0.	65.4444	0.	0.	1.	0.	0.	0.	60.	0	
5.05045	58.7659	290	0	2	2	2	2	2	5.14164e-004	9.48478e-004	0.	0.	65.7222	0.	0.	1.	0.	0.	0.	60.	0	
5.06745	58.8056	291	0	2	2	2	2	2	5.18762e-004	9.48478e-004	0.	0.	66.	0.	0.	1.	0.	0.	0.	60.	0	
5.08445	58.8285	292	0	2	2	2	2	2	5.2336e-004	9.48478e-004	0.	0.	66.2778	0.	0.	1.	0.	0.	0.	60.	0	
5.10145	58.8244	293	0	2	2	2	2	2	5.27959e-004	9.48478e-004	0.	0.	66.5556	0.	0.	1.	0.	0.	0.	60.	0	
5.1184	58.9867	294	0	2	2	2	2	2	5.32557e-004	9.48478e-004	0.	0.	66.8333	0.	0.	1.	0.	0.	0.	60.	0	
5.13541	58.8087	295	0	2	2	2	2	2	5.37155e-004	9.48478e-004	0.	0.	67.1111	0.	0.	1.	0.	0.	0.	60.	0	
5.1524	58.8463	296	0	2	2	2	2	2	5.41754e-004	9.48478e-004	0.	0.	67.3889	0.	0.	1.	0.	0.	0.	60.	0	
5.1694	58.8139	297	0	2	2	2	2	2	5.46352e-004	9.48478e-004	0.	0.	67.6667	0.	0.	1.	0.	0.	0.	60.	0	
5.18642	58.7691	298	0	2	2	2	2	2	5.50951e-004	9.48478e-004	0.	0.	67.9444	0.	0.	1.	0.	0.	0.	60.	0	
5.20341	58.84	299	0	2	2	2	2	2	5.55549e-004	9.48478e-004	0.	0.	68.2222	0.	0.	1.	0.	0.	0.	60.	0	
5.22041	58.8442	300	0	2	2	2	2	2	5.60147e-004	9.48478e-004	0.	0.	68.5	0.	0.	1.	0.	0.	0.	60.	0	
5.2374	58.8369	301	0	2	2	2	2	2	5.64746e-004	9.48478e-004	0.	0.	68.7778	0.	0.	1.	0.	0.	0.	60.	0	
5.2544	58.8244	302	0	2	2	2	2	2	5.69344e-004	9.48478e-004	0.	0.	69.0556	0.	0.	1.	0.	0.	0.	60.	0	
5.27141	58.8118	303	0	2	2	2	2	2	5.73942e-004	9.48478e-004	0.	0.	69.3333	0.	0.	1.	0.	0.	0.	60.	0	
5.28842	58.7868	304	0	2	2	2	2	2	5.78541e-004	9.48478e-004	0.	0.	69.6111	0.	0.	1.	0.	0.	0.	60.	0	
5.30542	58.8254	305	0	2	2	2	2	2	5.83139e-004	9.48478e-004	0.	0.	69.8889	0.	0.	1.	0.	0.	0.	60.	0	
5.3224	58.8704	306	0	2	2	2	2	2	5.87737e-004	9.48478e-004	0.	0.	70.1667	0.	0.	1.	0.	0.	0.	60.	0	
5.33941	58.7993	307	0	2	2	2	2	2	5.92336e-004	9.48478e-004	0.	0.	70.4444	0.	0.	1.	0.	0.	0.	60.	0	
5.35642	58.7722	308	0	2	2	2	2	2	6.01532e-004	9.48478e-004	0.	0.	71.	0.	0.	1.	0.	0.	0.	60.	0	
5.37342	58.8568	309	0	2	2	2	2	2	6.06131e-004	9.48478e-004	0.	0.	71.2778	0.	0.	1.	0.	0.	0.	60.	0	
5.39042	58.8118	310	0	2	2	2	2	2	6.10729e-004	9.48478e-004	0.	0.	71.5556	0.	0.	1.	0.	0.	0.	60.	0	
5.40742	58.8223	311	0	2	2	2	2	2	6.15327e-004	9.48478e-004	0.	0.	71.8333	0.	0.	1.	0.	0.	0.	60.	0	
5.42441	58.84	312	0	2	2	2	2	2	6.19926e-004	9.48478e-004	0.	0.	72.1111	0.	0.	1.	0.	0.	0.	60.	0	
5.44142	58.8181	313	0	2	2	2	2	2	6.29122e-004	9.48478e-004	0.	0.	72.6667	0.	0.	1.	0.	0.	0.	60.	0	
5.45842	58.7962	314	0	2	2	2	2	2	6.33721e-004	9.48478e-004	0.	0.	72.9444	0.	0.	1.	0.	0.	0.	60.	0	
5.47541	58.885	315	0	2	2	2	2	2	6.38319e-004	9.48478e-004	0.	0.	73.2222	0.	0.	1.	0.	0.	0.	60.	0	
5.49241	58.7962	316	0	2	2	2	2	2	6.42918e-004	9.48478e-004	0.	0.	73.5	0.	0.	1.	0.	0.	0.	60.	0	
5.50939	58.9175	317	0	2	2	2	2	2	6.47516e-004	9.48478e-004	0.	0.	73.7778	0.	0.	1.	0.	0.	0.	60.	0	
5.52641	58.7524	318	0	2	2	2	2	2	6.52114e-004	9.48478e-004	0.	0.	74.0556	0.	0.	1.	0.	0.	0.	60.	0	
5.5434	58.8442	319	0	2	2	2	2	2	6.56713e-004	9.48478e-004	0.	0.	74.3333	0.	0.	1.	0.	0.	0.	60.	0	
5.56041	58.8087	320	0	2	2	2	2	2	6.61311e-004	9.48478e-004	0.	0.	74.6111	0.	0.	1.	0.	0.	0.	60.	0	
5.5774	58.8296	321	0	2	2	2	2	2	6.65909e-004	9.48478e-004	0.	0.	74.8889	0.	0.	1.	0.	0.	0.	60.	0	
5.59441	58.7993	322	0	2	2	2	2	2	6.70508e-004	9.48478e-004	0.	0.	75.1667	0.	0.	1.	0.	0.	0.	60.	0	
5.61142	58.8024	323	0	2	2	2	2	2	6.75106e-004	9.48478e-004	0.	0.	75.4444	0.	0.	1.	0.	0.	0.	60.	0	
5.62842	58.8202	324	0	2	2	2	2	2	6.79704e-004	9.48478e-004	0.	0.	75.7222	0.	0.	1.	0.	0.	0.	60.	0	
5.64542	58.8296	325	0	2	2	2	2	2	6.84303e-004	9.48478e-004	0.	0.	76.	0.	0.	1.	0.	0.	0.	60.	0	
5.66239	58.9238	326	0	2	2	2	2	2	6.88901e-004	9.48478e-004	0.	0.	76.2778	0.	0.	1.	0.	0.	0.	60.	0	
5.67939	58.8181	327	0	2	2	2	2	2	6.93499e-004	9.48478e-004	0.	0.	76.5556	0.	0.	1.	0.	0.	0.	60.	0	
5.69639	58.8045	328	0	2	2	2	2	2	6.98098e-004	9.48478e-004	0.	0.	76.8333	0.	0.	1.	0.	0.	0.	60.	0	
5.71237	62.5789	329	0	2	2	2	2	2	7.02696e-004	9.48478e-004	0.	0.	77.1111	0.	0.	1.	0.	0.	0.	60.	0	
5.7294	58.7378	330	0	2	2	2	2	2	7.07294e-004	9.48478e-004	0.	0.	77.3889	0.	0.	1.	0.	0.	0.	60.	0	
5.74539	62.5246	331	0	2	2	2	2	2	7.11893e-004	9.48478e-004	0.	0.	77.6667	0.	0.	1.	0.	0.	0.	60.	0	
5.76241	58.7618	332	0	2	2	2	2	2	7.16491e-004	9.48478e-004	0.	0.	77.9444	0.	0.	1.	0.	0.	0.	60.	0	
5.77841	62.4928	333	0	2	2	2	2	2	7.2109e-004	9.48478e-004	0.	0.	78.2222	0.	0.	1.	0.	0.	0.	60.	0	
5.79541	58.8285	334	0	2	2	2	2	2	7.25688e-004	9.48478e-004	0.	0.	78.5	0.	0.	1.	0.	0.	0.	60.	0	
5.8114	62.527	335	0	2	2	2	2	2	7.30286e-004	9.48478e-004	0.	0.	78.7778	0.	0.	1.	0.	0.	0.	60.	0	
5.82741	62.481	336	0	2	2	2	2	2	7.34885e-004	9.48478e-004	0.	0.	79.0556	0.	0.	1.	0.	0.	0.	60.	0	
5.84441	58.8285	337	0	2	2	2	2	2	7.39483e-004	9.48478e-004	0.	0.	79.3333	0.	0.	1.	0.	0.	0.	60.	0	
5.86143	58.7357	338	0	2	2	2	2	2	7.44081e-004	9.48478e-004	0.	0.	79.6111	0.	0.	1.	0.	0.	0.	60.	0	
5.87845	58.7816	339	0	2	2	2	2	2	7.4868e-004	9.48478e-004	0.	0.	79.8889	0.	0.	1.	0.	0.	0.	60.	0	
5.89543	58.8651	340	0	2	2	2	2	2	7.53278e-004	9.48478e-004	0.	0.	80.1667	0.	0.	1.	0.	0.	0.	60.	0	
5.9124	58.9279	341	0	2	2	2	2	2	7.57876e-004	9.48478e-004	0.	0.	80.4444	0.	0.	1.	0.	0.	0.	60.	0	
5.92841	62.4822	342	0	2	2	2	2	2	7.62475e-004	9.48478e-004	0.	0.	80.7222	0.	0.	1.	0.	0.	0.	60.	0	
5.94545	58.6868	343	0	2	3	3	2	2	7.67073e-004	9.48478e-004	0.	0.	81.	0.	0.	1.	0.	0.	0.	60.	0	
5.9625	58.6504	344	0	2	3	3	2	2	7.71671e-004	9.48478e-004	0.	0.	81.2778	0.	0.	1.	0.	0.	0.	60.	0	
5.97944	59.0161	345	0	2	3	3	2	2	7.7627e-004	9.48478e-004	0.	0.	81.5556	0.	0.	1.	0.	0.	0.	60.	0	
5.99644	58.8358	346	0	2	3	3	2	2	7.80868e-004	9.48478e-004	0.	0.	81.8333	0.	0.	1.	0.	0.	0.	60.	0	
6.01344	58.8306	347	0	2	3	3	2	2	7.85466e-004	9.48478e-004	0.	0.	82.1111	0.	0.	1.	0.	0.	0.	60.	0	
6.03046	58.742	348	0	2	3	3	2	2	7.90065e-004	9.48478e-004	0.	0.	82.3889	0.	0.	1.	0.	0.	0.	60.	0	
6.04742	58.9772	349	0	2	3	3	2	2	7.94663e-004	9.48478e-004	0.	0.	82.6667	0.	0.	1.	0.	0.	0.	60.	0	
6.06444	58.7263	350	0	2	3	3	2	2	7.99261e-004	9.48478e-004	0.	0.	82.9444	0.	0.	1.	0.	0.	0.	60.	0	
6.08144	58.8244	351	0	2	3	3	2	3	8.0386e-004	2.61074e-003	0.	0.	83.2222	0.	0.	1.	0.	0.	0.	60.	0	
6.09846	58.7628	352	0	2	3	3	2	3	8.17199e-004	2.61074e-003	0.	0.	83.5	0.	0.	1.	0.	0.	0.	60.	0	
6.11544	58.8819	353	0	2	3	3	2	3	8.29856e-004	2.61074e-003	0.	0.	83.7778	0.	0.	1.	0.	0.	0.	60.	0	
6.13243	58.885	354	0	2	3	3	2	3	8.42514e-004	2.61074e-003	0.	0.	84.0556	0.	0.	1.	0.	0.	0.	60.	0	
6.14942	58.8494	355	0	2	3	3	2	3	8.55171e-004	2.61074e-003	0.	0.	84.3333	0.	0.	1.	0.	0.	0.	60.	0	
6.16642	58.8244	356	0	2	3	3	2	3	8.67828e-004	2.61074e-003	0.	0.	84.6111	0.	0.	1.	0.	0.	0.	60.	0	
6.18342	58.8275	357	0	2	3	3	2	3	8.80485e-004	2.61074e-003	0.	0.	84.8889	0.	0.	1.	0.	0.	0.	60.	0	
6.20042	58.8244	358	0	2	3	3	2	3	8.93143e-004	2.61074e-003	0.	0.	85.1667	0.	0.	1.	0.	0.	0.	60.	0	
6.21742	58.8181	359	0	2	3	3	2	3	9.058e-004	2.61074e-003	0.	0.	85.4444	0.	0.	1.	0.	0.	0.	60.	0	
6.23442	58.8296	360	0	3	3	3	3	3	9.18457e-004	2.61074e-003	0.	0.	85.7222	0.	0.	1.	0.	0.	0.	60.	0	
6.25141	58.8421	361	0	3	3	3	3	3	9.31114e-004	2.61074e-003	0.	0.	86.	0.	0.	1.	0.	0.	0.	60.	0	
6.26842	58.8045	362	0	3	3	3	3	3	9.43771e-004	2.61074e-003	0.	0.	86.2778	0.	0.	1.	0.	0.	0.	60.	0	
6.28542	58.8181	363	0	3	3	3	3	3	9.56429e-004	2.61074e-003	0.	0.	86.5556	0.	0.	1.	0.	0.	0.	60.	0	
6.30243	58.7878	364	0	3	3	3	3	3	9.69086e-004	2.61074e-003	0.	0.	86.8333	0.	0.	1.	0.	0.	0.	60.	0	
6.31943	58.8202	365	0	3	3	3	3	3	9.81743e-004	2.61074e-003	0.	0.	87.1111	0.	0.	1.	0.	0.	0.	60.	0	
6.33642	58.8609	366	0	3	3	3	3	3	9.944e-004	2.61074e-003	0.	0.	87.3889	0.	0.	1.	0.	0.	0.	60.	0	
6.35342	58.8244	367	0	3	3	3	3	3	1.00706e-003	2.61074e-003	0.	0.	87.6667	0.	0.	1.	0.	0.	0.	60.	0	
6.37046	58.6681	368	0	3	3	3	3	3	1.01971e-003	2.61074e-003	0.	0.	87.9444	0.	0.	1.	0.	0.	0.	60.	0	
6.38646	62.5317	369	0	3	3	3	3	3	1.03237e-003	2.61074e-003	0.	0.	88.2222	0.	0.	1.	0.	0.	0.	60.	0	
6.40346	58.8244	370	0	3	3	3	3	3	1.04503e-003	2.61074e-003	0.	0.	88.5	0.	0.	1.	0.	0.	0.	60.	0	
6.41946	62.4739	371	0	3	3	3	3	3	1.05769e-003	2.61074e-003	0.	0.	88.7778	0.	0.	1.	0.	0.	0.	60.	0	
6.43545	62.5388	372	0	3	3	3	3	3	1.07034e-003	2.61074e-003	0.	0.	89.0556	0.	0.	1.	0.	0.	0.	60.	0	
6.45244	58.8745	373	0	3	3	3	3	3	1.083e-003	2.61074e-003	0.	0.	89.3333	0.	0.	1.	0.	0.	0.	60.	0	
6.46846	62.4268	374	0	3	3	3	3	3	1.09566e-003	2.61074e-003	0.	0.	89.6111	0.	0.	1.	0.	0.	0.	60.	0	
6.48547	58.7857	375	0	3	3	3	3	3	1.10832e-003	2.61074e-003	0.	0.	89.8889	0.	0.	1.	0.	0.	0.	60.	0	
6.50247	58.8191	376	0	3	3	3	3	3	1.12097e-003	2.61074e-003	0.	0.	90.1667	0.	0.	1.	0.	0.	0.	60.	0	
6.51946	58.84	377	0	3	3	3	3	3	1.13363e-003	2.61074e-003	0.	0.	90.4444	0.	0.	1.	0.	0.	0.	60.	0	
6.53641	59.0004	378	0	3	3	3	3	3	1.14629e-003	2.61074e-003	0.	0.	90.7222	0.	0.	1.	0.	0.	0.	60.	0	
6.55242	62.4657	379	0	3	3	3	3	3	1.15894e-003	2.61074e-003	0.	0.	91.	0.	0.	1.	0.	0.	0.	60.	0	
6.56942	58.8442	380	0	3	3	3	3	3	1.1716e-003	2.61074e-003	0.	0.	91.2778	0.	0.	1.	0.	0.	0.	60.	0	
6.58543	62.4515	381	0	3	3	3	3	3	1.18426e-003	2.61074e-003	0.	0.	91.5556	0.	0.	1.	0.	0.	0.	60.	0	
6.60243	58.8097	382	0	3	3	3	3	3	1.19692e-003	2.61074e-003	0.	0.	91.8333	0.	0.	1.	0.	0.	0.	60.	0	
6.61943	58.8369	383	0	3	3	3	3	3	1.20957e-003	2.61074e-003	0.	0.	92.1111	0.	0.	1.	0.	0.	0.	60.	0	
6.63643	58.8191	384	0	3	3	3	3	3	1.22223e-003	2.61074e-003	0.	0.	92.3889	0.	0.	1.	0.	0.	0.	60.	0	
6.65342	58.8442	385	0	3	3	3	3	3	1.23489e-003	2.61074e-003	0.	0.	92.6667	0.	0.	1.	0.	0.	0.	60.	0	
6.67042	58.8379	386	0	3	3	3	3	3	1.24754e-003	2.61074e-003	0.	0.	92.9444	0.	0.	1.	0.	0.	0.	60.	0	
6.68742	58.8129	387	0	3	3	3	3	3	1.2602e-003	2.61074e-003	0.	0.	93.2222	0.	0.	1.	0.	0.	0.	60.	0	
6.70441	58.8819	388	0	3	3	3	3	3	1.27286e-003	2.61074e-003	0.	0.	93.5	0.	0.	1.	0.	0.	0.	60.	0	
6.72044	62.3728	389	0	3	3	3	3	3	1.28552e-003	2.61074e-003	0.	0.	93.7778	0.	0.	1.	0.	0.	0.	60.	0	
6.73643	62.5293	390	0	3	3	3	3	3	1.29817e-003	2.61074e-003	0.	0.	94.0556	0.	0.	1.	0.	0.	0.	60.	0	
6.75344	58.8024	391	0	3	3	3	3	3	1.31083e-003	2.61074e-003	0.	0.	94.3333	0.	0.	1.	0.	0.	0.	60.	0	
6.77045	58.767	392	0	3	3	3	3	3	1.32349e-003	2.61074e-003	0.	0.	94.6111	0.	0.	1.	0.	0.	0.	60.	0	
6.78743	58.8997	393	0	3	3	3	3	3	1.33615e-003	2.61074e-003	0.	0.	94.8889	0.	0.	1.	0.	0.	0.	60.	0	
6.80443	58.8421	394	0	3	3	3	3	3	1.3488e-003	2.61074e-003	0.	0.	95.1667	0.	0.	1.	0.	0.	0.	60.	0	
6.82144	58.7597	395	0	3	3	3	3	3	1.36146e-003	2.61074e-003	0.	0.	95.4444	0.	0.	1.	0.	0.	0.	60.	0	
6.83843	58.8641	396	0	3	3	3	3	3	1.37412e-003	2.61074e-003	0.	0.	95.7222	0.	0.	1.	0.	0.	0.	60.	0	
6.85543	58.8264	397	0	3	3	3	3	3	1.38677e-003	2.61074e-003	0.	0.	96.	0.	0.	1.	0.	0.	0.	60.	0	
6.87248	58.6619	398	0	3	3	3	3	3	1.39943e-003	2.61074e-003	0.	0.	96.2778	0.	0.	1.	0.	0.	0.	60.	0	
6.88941	59.0614	399	0	3	3	3	3	3	1.41209e-003	2.61074e-003	0.	0.	96.5556	0.	0.	1.	0.	0.	0.	60.	0	
6.90643	58.7649	400	0	3	3	3	3	3	1.42475e-003	2.61074e-003	0.	0.	96.8333	0.	0.	1.	0.	0.	0.	60.	0	
6.92346	58.717	401	0	3	3	3	3	3	1.4374e-003	2.61074e-003	0.	0.	97.1111	0.	0.	1.	0.	0.	0.	60.	0	
6.94045	58.8358	402	0	3	3	3	3	3	1.45006e-003	2.61074e-003	0.	0.	97.3889	0.	0.	1.	0.	0.	0.	60.	0	
6.95745	58.8233	403	0	3	3	3	3	3	1.46272e-003	2.61074e-003	0.	0.	97.6667	0.	0.	1.	0.	0.	0.	60.	0	
6.97447	58.7597	404	0	3	3	3	3	3	1.47537e-003	2.61074e-003	0.	0.	97.9444	0.	0.	1.	0.	0.	0.	60.	0	
6.99145	58.8923	405	0	3	3	3	3	3	1.48803e-003	2.61074e-003	0.	0.	98.2222	0.	0.	1.	0.	0.	0.	60.	0	
7.00846	58.8056	406	0	3	3	3	3	3	1.50069e-003	2.61074e-003	0.	0.	98.5	0.	0.	1.	0.	0.	0.	60.	0	
7.02546	58.8202	407	0	3	3	3	3	3	1.51335e-003	2.61074e-003	0.	0.	98.7778	0.	0.	1.	0.	0.	0.	60.	0	
7.04246	58.8108	408	0	3	3	3	3	3	1.526e-003	2.61074e-003	0.	0.	99.0556	0.	0.	1.	0.	0.	0.	60.	0	
7.05948	58.7711	409	0	3	3	3	3	3	1.53866e-003	2.61074e-003	0.	0.	99.3333	0.	0.	1.	0.	0.	0.	60.	0	
7.07644	58.9605	410	0	3	3	3	3	3	1.55132e-003	2.61074e-003	0.	0.	99.6111	0.	0.	1.	0.	0.	0.	60.	0	
7.09345	58.7753	411	0	3	3	3	3	3	1.56397e-003	2.61074e-003	0.	0.	99.8889	0.	0.	1.	0.	0.	0.	60.	0	
7.11044	58.862	412	0	3	3	3	3	3	1.57663e-003	2.61074e-003	0.	0.	100.167	0.	0.	1.	0.	0.	0.	60.	0	
7.12743	58.8777	413	0	3	3	3	3	3	1.58929e-003	2.61074e-003	0.	0.	100.444	0.	0.	1.	0.	0.	0.	60.	0	
7.14443	58.8014	414	0	3	3	3	3	3	1.60195e-003	2.61074e-003	0.	0.	100.722	0.	0.	1.	0.	0.	0.	60.	0	
7.16142	58.8557	415	0	3	3	3	3	3	1.6146e-003	2.61074e-003	0.	0.	101.	0.	0.	1.	0.	0.	0.	60.	0	
7.17846	58.6878	416	0	3	3	3	3	3	1.62726e-003	2.61074e-003	0.	0.	101.278	0.	0.	1.	0.	0.	0.	60.	0	
7.19543	58.9426	417	0	3	3	3	3	3	1.63992e-003	2.61074e-003	0.	0.	101.556	0.	0.	1.	0.	0.	0.	60.	0	
7.21245	58.7368	418	0	3	3	3	3	3	1.65258e-003	2.61074e-003	0.	0.	101.833	0.	0.	1.	0.	0.	0.	60.	0	
7.22946	58.8003	419	0	3	3	3	3	3	1.66523e-003	2.61074e-003	0.	0.	102.111	0.	0.	1.	0.	0.	0.	60.	0	
7.24646	58.8338	420	0	3	3	3	3	3	1.67789e-003	2.61074e-003	0.	0.	102.389	0.	0.	1.	0.	0.	0.	60.	0	
7.26346	58.8087	421	0	3	3	3	3	3	1.69055e-003	2.61074e-003	0.	0.	102.667	0.	0.	1.	0.	0.	0.	60.	0	
7.28048	58.7524	422	0	3	3	3	3	3	1.7032e-003	2.61074e-003	0.	0.	102.944	0.	0.	1.	0.	0.	0.	60.	0	
7.29741	59.0761	423	0	3	3	3	3	3	1.71586e-003	2.61074e-003	0.	0.	103.222	0.	0.	1.	0.	0.	0.	60.	0	
7.31444	58.7274	424	0	3	3	3	3	3	1.72852e-003	2.61074e-003	0.	0.	103.5	0.	0.	1.	0.	0.	0.	60.	0	
7.33142	58.8777	425	0	3	3	3	3	3	1.74118e-003	2.61074e-003	0.	0.	103.778	0.	0.	1.	0.	0.	0.	60.	0	
7.34843	58.7795	426	0	3	3	3	3	3	1.75383e-003	2.61074e-003	0.	0.	104.056	0.	0.	1.	0.	0.	0.	60.	0	
7.36543	58.839	427	0	3	3	3	3	3	1.76649e-003	2.61074e-003	0.	0.	104.333	0.	0.	1.	0.	0.	0.	60.	0	
7.38243	58.8275	428	0	3	3	3	3	3	1.77915e-003	2.61074e-003	0.	0.	104.611	0.	0.	1.	0.	0.	0.	60.	0	
7.39943	58.8264	429	0	3	3	3	3	3	1.7918e-003	2.61074e-003	0.	0.	104.889	0.	0.	1.	0.	0.	0.	60.	0	
7.41643	58.8087	430	0	3	3	3	3	3	1.80446e-003	2.61074e-003	0.	0.	105.167	0.	0.	1.	0.	0.	0.	60.	0	
7.43342	58.8526	431	0	3	3	3	3	3	1.81712e-003	2.61074e-003	0.	0.	105.444	0.	0.	1.	0.	0.	0.	60.	0	
7.45043	58.8087	432	0	3	3	3	3	3	1.82978e-003	2.61074e-003	0.	0.	105.722	0.	0.	1.	0.	0.	0.	60.	0	
7.46743	58.8118	433	0	3	3	3	3	3	1.84243e-003	2.61074e-003	0.	0.	106.	0.	0.	1.	0.	0.	0.	60.	0	
7.48443	58.839	434	0	3	3	3	3	3	1.85509e-003	2.61074e-003	0.	0.	106.278	0.	0.	1.	0.	0.	0.	60.	0	
7.50143	58.8024	435	0	3	3	3	3	3	1.86775e-003	2.61074e-003	0.	0.	106.556	0.	0.	1.	0.	0.	0.	60.	0	
7.51844	58.815	436	0	3	3	3	3	3	1.88041e-003	2.61074e-003	0.	0.	106.833	0.	0.	1.	0.	0.	0.	60.	0	
7.53445	62.4315	437	0	3	3	3	3	3	1.89306e-003	2.61074e-003	0.	0.	107.111	0.	0.	1.	0.	0.	0.	60.	0	
7.55044	62.5683	438	0	3	3	3	3	3	1.90572e-003	2.61074e-003	0.	0.	107.389	0.	0.	1.	0.	0.	0.	60.	0	
7.56644	62.4998	439	0	3	3	3	3	3	1.91838e-003	2.61074e-003	0.	0.	107.667	0.	0.	1.	0.	0.	0.	60.	0	
7.58345	58.7837	440	0	3	3	3	3	3	1.93103e-003	2.61074e-003	0.	0.	107.944	0.	0.	1.	0.	0.	0.	60.	0	
7.60045	58.8254	441	0	3	3	3	3	3	1.94369e-003	2.61074e-003	0.	0.	108.222	0.	0.	1.	0.	0.	0.	60.	0	
7.61745	58.8129	442	0	3	3	3	3	3	1.95635e-003	2.61074e-003	0.	0.	108.5	0.	0.	1.	0.	0.	0.	60.	0	
7.6344	59.0014	443	0	3	3	3	3	3	1.96901e-003	2.61074e-003	0.	0.	108.778	0.	0.	1.	0.	0.	0.	60.	0	
7.65145	58.6525	444	0	3	3	3	3	3	1.98166e-003	2.61074e-003	0.	0.	109.056	0.	0.	1.	0.	0.	0.	60.	0	
7.66744	62.5234	445	0	3	3	3	3	3	1.99432e-003	2.61074e-003	0.	0.	109.333	0.	0.	1.	0.	0.	0.	60.	0	
7.68443	58.8568	446	0	3	3	3	3	3	2.00698e-003	2.61074e-003	0.	0.	109.611	0.	0.	1.	0.	0.	0.	60.	0	
7.70143	58.8139	447	0	3	3	3	3	3	2.01963e-003	2.61074e-003	0.	0.	109.889	0.	0.	1.	0.	0.	0.	60.	0	
7.71844	58.8066	448	0	3	3	3	3	3	2.03229e-003	2.61074e-003	0.	0.	110.167	0.	0.	1.	0.	0.	0.	60.	0	
7.73544	58.8233	449	0	3	3	3	3	3	2.04495e-003	2.61074e-003	0.	0.	110.444	0.	0.	1.	0.	0.	0.	60.	0	
7.75245	58.7847	450	0	3	3	3	3	3	2.05761e-003	2.61074e-003	0.	0.	110.722	0.	0.	1.	0.	0.	0.	60.	0	
7.76944	58.8651	451	0	3	3	3	3	3	2.07026e-003	2.61074e-003	0.	0.	111.	0.	0.	1.	0.	0.	0.	60.	0	
7.78642	58.884	452	0	3	3	3	3	3	2.08292e-003	2.61074e-003	0.	0.	111.278	0.	0.	1.	0.	0.	0.	60.	0	
7.80345	58.7253	453	0	3	3	3	3	3	2.09558e-003	2.61074e-003	0.	0.	111.556	0.	0.	1.	0.	0.	0.	60.	0	
7.82045	58.8223	454	0	3	3	3	3	3	2.10824e-003	2.61074e-003	0.	0.	111.833	0.	0.	1.	0.	0.	0.	60.	0	
7.83745	58.8108	455	0	3	3	3	3	3	2.12089e-003	2.61074e-003	0.	0.	112.111	0.	0.	1.	0.	0.	0.	60.	0	
7.85348	62.4092	456	0	3	3	3	3	3	2.13355e-003	2.61074e-003	0.	0.	112.389	0.	0.	1.	0.	0.	0.	60.	0	
7.86947	62.5435	457	0	3	3	3	3	3	2.14621e-003	2.61074e-003	0.	0.	112.667	0.	0.	1.	0.	0.	0.	60.	0	
7.88648	58.7889	458	0	3	3	3	3	3	2.15886e-003	2.61074e-003	0.	0.	112.944	0.	0.	1.	0.	0.	0.	60.	0	
7.90249	62.4492	459	0	3	3	3	3	3	2.17152e-003	2.61074e-003	0.	0.	113.222	0.	0.	1.	0.	0.	0.	60.	0	
7.91947	58.8798	460	0	3	3	3	3	3	2.18418e-003	2.61074e-003	0.	0.	113.5	0.	0.	1.	0.	0.	0.	60.	0	
7.93649	58.7784	461	0	3	3	3	3	3	2.19684e-003	2.61074e-003	0.	0.	113.778	0.	0.	1.	0.	0.	0.	60.	0	
7.95247	62.5506	462	0	3	3	3	3	3	2.20949e-003	2.61074e-003	0.	0.	114.056	0.	0.	1.	0.	0.	0.	60.	0	
7.96948	58.8087	463	0	3	3	3	3	3	2.22215e-003	2.61074e-003	0.	0.	114.333	0.	0.	1.	0.	0.	0.	60.	0	
7.98547	62.5341	464	0	3	3	3	3	3	2.23481e-003	2.61074e-003	0.	0.	114.611	0.	0.	1.	0.	0.	0.	60.	0	
8.00144	62.6286	465	0	3	3	3	3	3	2.24746e-003	2.61074e-003	0.	0.	114.889	0.	0.	1.	0.	0.	0.	60.	0	
8.01845	58.7607	466	0	3	3	3	3	3	2.26012e-003	2.61074e-003	0.	0.	115.167	0.	0.	1.	0.	0.	0.	60.	0	
8.03543	58.8934	467	0	3	3	3	3	3	2.27278e-003	2.61074e-003	0.	0.	115.444	0.	0.	1.	0.	0.	0.	60.	0	
8.05146	62.4174	468	0	3	3	3	3	3	2.28544e-003	2.61074e-003	0.	0.	115.722	0.	0.	1.	0.	0.	0.	60.	0	
8.06844	58.8756	469	0	3	3	3	3	3	2.29809e-003	2.61074e-003	0.	0.	116.	0.	0.	1.	0.	0.	0.	60.	0	
8.08544	58.817	470	0	3	3	3	3	3	2.31075e-003	2.61074e-003	0.	0.	116.278	0.	0.	1.	0.	0.	0.	60.	0	
8.10246	58.7461	471	0	3	3	3	3	3	2.32341e-003	2.61074e-003	0.	0.	116.556	0.	0.	1.	0.	0.	0.	60.	0	
8.11948	58.7691	472	0	3	3	3	3	3	2.33607e-003	2.61074e-003	0.	0.	116.833	0.	0.	1.	0.	0.	0.	60.	0	
8.13547	62.527	473	0	3	3	3	3	3	2.34872e-003	2.61074e-003	0.	0.	117.111	0.	0.	1.	0.	0.	0.	60.	0	
8.15147	62.5317	474	0	3	3	3	3	3	2.36138e-003	2.61074e-003	0.	0.	117.389	0.	0.	1.	0.	0.	0.	60.	0	
8.16845	58.8871	475	0	3	3	3	3	3	2.37404e-003	2.61074e-003	0.	0.	117.667	0.	0.	1.	0.	0.	0.	60.	0	
8.18546	58.7659	476	0	3	3	3	3	3	2.38669e-003	2.61074e-003	0.	0.	117.944	0.	0.	1.	0.	0.	0.	60.	0	
8.20146	62.4987	477	0	3	3	3	3	3	2.39935e-003	2.61074e-003	0.	0.	118.222	0.	0.	1.	0.	0.	0.	60.	0	
8.21848	58.768	478	0	3	3	3	3	3	2.41201e-003	2.61074e-003	0.	0.	118.5	0.	0.	1.	0.	0.	0.	60.	0	
8.23547	58.8568	479	0	3	3	3	3	3	2.42467e-003	2.61074e-003	0.	0.	118.778	0.	0.	1.	0.	0.	0.	60.	0	
8.25247	58.8264	480	0	3	3	3	3	3	2.43732e-003	2.61074e-003	0.	0.	119.056	0.	0.	1.	0.	0.	0.	60.	0	
8.26846	62.5423	481	0	3	3	3	3	3	2.44998e-003	2.61074e-003	0.	0.	119.333	0.	0.	1.	0.	0.	0.	60.	0	
8.28549	58.7097	482	0	3	3	3	3	3	2.46264e-003	2.61074e-003	0.	0.	119.611	0.	0.	1.	0.	0.	0.	60.	0	
8.30247	58.8923	483	0	3	3	3	3	3	2.47529e-003	2.61074e-003	0.	0.	119.889	0.	0.	1.	0.	0.	0.	60.	0	
8.31948	58.7972	484	0	3	3	3	3	3	2.48795e-003	2.61074e-003	0.	0.	120.167	0.	0.	1.	0.	0.	0.	60.	0	
8.33548	62.5093	485	0	3	3	3	3	3	2.50061e-003	2.61074e-003	0.	0.	120.444	0.	0.	1.	0.	0.	0.	60.	0	
8.35248	58.816	486	0	3	3	3	3	3	2.51327e-003	2.61074e-003	0.	0.	120.722	0.	0.	1.	0.	0.	0.	60.	0	
8.36948	58.8244	487	0	3	3	3	3	3	2.52592e-003	2.61074e-003	0.	0.	121.	0.	0.	1.	0.	0.	0.	60.	0	
8.38648	58.8338	488	0	3	3	3	3	3	2.53858e-003	2.61074e-003	0.	0.	121.278	0.	0.	1.	0.	0.	0.	60.	0	
8.40348	58.7993	489	0	3	3	3	3	3	2.55124e-003	2.61074e-003	0.	0.	121.556	0.	0.	1.	0.	0.	0.	60.	0	
8.4195	62.4268	490	0	3	3	3	3	3	2.56389e-003	2.61074e-003	0.	0.	121.833	0.	0.	1.	0.	0.	0.	60.	0	
8.43548	62.5659	491	0	3	3	3	3	3	2.57655e-003	2.61074e-003	0.	0.	122.111	0.	0.	1.	0.	0.	0.	60.	0	
8.45247	58.885	492	0	3	3	3	3	3	2.58921e-003	2.61074e-003	0.	0.	122.389	0.	0.	1.	0.	0.	0.	60.	0	
8.46949	58.7586	493	0	3	3	3	3	3	2.60187e-003	2.61074e-003	0.	0.	122.667	0.	0.	1.	0.	0.	0.	60.	0	
8.48649	58.8035	494	0	3	4	4	3	3	2.61452e-003	2.61074e-003	0.	0.	122.944	0.	0.	1.	0.	0.	0.	60.	0	
8.50248	62.56	495	0	3	4	4	3	3	2.62718e-003	2.61074e-003	0.	0.	123.222	0.	0.	1.	0.	0.	0.	60.	0	
8.51947	58.8473	496	0	3	4	4	3	3	2.63984e-003	2.61074e-003	0.	0.	123.5	0.	0.	1.	0.	0.	0.	60.	0	
8.53643	58.9689	497	0	3	4	4	3	3	2.6525e-003	2.61074e-003	0.	0.	123.778	0.	0.	1.	0.	0.	0.	60.	0	
8.55343	58.8212	498	0	3	4	4	3	3	2.66515e-003	2.61074e-003	0.	0.	124.056	0.	0.	1.	0.	0.	0.	60.	0	
8.56945	62.4339	499	0	3	4	4	3	3	2.67781e-003	2.61074e-003	0.	0.	124.333	0.	0.	1.	0.	0.	0.	60.	0	
8.58545	62.4951	500	0	3	4	4	3	3	2.69047e-003	2.61074e-003	0.	0.	124.611	0.	0.	1.	0.	0.	0.	60.	0	
8.60245	58.8097	501	0	3	4	4	3	3	2.70312e-003	2.61074e-003	0.	0.	124.889	0.	0.	1.	0.	0.	0.	60.	0	
8.61845	62.5116	502	0	3	4	4	3	4	2.71578e-003	5.15714e-003	0.	0.	125.167	0.	0.	1.	0.	0.	0.	60.	0	
8.63546	58.7659	503	0	3	4	4	3	4	2.74493e-003	5.15714e-003	0.	0.	125.444	0.	0.	1.	0.	0.	0.	60.	0	
8.65246	58.8306	504	0	3	4	4	3	4	2.79493e-003	5.15714e-003	0.	0.	126.	0.	0.	1.	0.	0.	0.	60.	0	
8.66845	62.5494	505	0	3	4	4	3	4	2.81993e-003	5.15714e-003	0.	0.	126.278	0.	0.	1.	0.	0.	0.	60.	0	
8.68546	58.7774	506	0	3	4	4	3	4	2.84494e-003	5.15714e-003	0.	0.	126.556	0.	0.	1.	0.	0.	0.	60.	0	
8.70246	58.8317	507	0	3	4	4	3	4	2.86994e-003	5.15714e-003	0.	0.	126.833	0.	0.	1.	0.	0.	0.	60.	0	
8.71945	58.8494	508	0	3	4	4	3	4	2.89494e-003	5.15714e-003	0.	0.	127.111	0.	0.	1.	0.	0.	0.	60.	0	
8.73645	58.8202	509	0	3	4	4	3	4	2.91994e-003	5.15714e-003	0.	0.	127.389	0.	0.	1.	0.	0.	0.	60.	0	
8.75353	58.5644	510	0	4	4	4	4	4	2.94495e-003	5.15714e-003	0.	0.	127.667	0.	0.	1.	0.	0.	0.	60.	0	
8.77046	59.0614	511	0	4	4	4	4	4	2.96995e-003	5.15714e-003	0.	0.	127.944	0.	0.	1.	0.	0.	0.	60.	0	
8.78746	58.8233	512	0	4	4	4	4	4	2.99495e-003	5.15714e-003	0.	0.	128.222	0.	0.	1.	0.	0.	0.	60.	0	
8.80446	58.8285	513	0	4	4	4	4	4	3.01995e-003	5.15714e-003	0.	0.	128.5	0.	0.	1.	0.	0.	0.	60.	0	
8.82147	58.8014	514	0	4	4	4	4	4	3.04496e-003	5.15714e-003	0.	0.	128.778	0.	0.	1.	0.	0.	0.	60.	0	
8.83846	58.8254	515	0	4	4	4	4	4	3.06996e-003	5.15714e-003	0.	0.	129.056	0.	0.	1.	0.	0.	0.	60.	0	
8.85547	58.7951	516	0	4	4	4	4	4	3.08996e-003	5.15714e-003	0.	0.	129.278	0.	0.	1.	0.	0.	0.	48.	0	
8.87146	62.5659	517	0	4	4	4	4	4	3.10996e-003	5.15714e-003	0.	0.	129.5	0.	0.	1.	0.	0.	0.	48.	0	
8.88846	58.8212	518	0	4	4	4	4	4	3.12996e-003	5.15714e-003	0.	0.	129.722	0.	0.	1.	0.	0.	0.	48.	0	
8.90546	58.8254	519	0	4	4	4	4	4	3.14997e-003	5.15714e-003	0.	0.	129.944	0.	0.	1.	0.	0.	0.	48.	0	
8.92246	58.7951	520	0	4	4	4	4	4	3.16997e-003	5.15714e-003	0.	0.	130.167	0.	0.	1.	0.	0.	0.	48.	0	
8.93946	58.8536	521	0	4	4	4	4	4	3.18997e-003	5.15714e-003	0.	0.	130.389	0.	0.	1.	0.	0.	0.	48.	0	
8.95646	58.8139	522	0	4	4	4	4	4	3.20997e-003	5.15714e-003	0.	0.	130.611	0.	0.	1.	0.	0.	0.	48.	0	
8.97347	58.792	523	0	4	4	4	4	4	3.22997e-003	5.15714e-003	0.	0.	130.833	0.	0.	1.	0.	0.	0.	48.	0	
8.99047	58.8285	524	0	4	4	4	4	4	3.24998e-003	5.15714e-003	0.	0.	131.056	0.	0.	1.	0.	0.	0.	48.	0	
9.00747	58.8254	525	0	4	4	4	4	4	3.26998e-003	5.15714e-003	0.	0.	131.278	0.	0.	1.	0.	0.	0.	48.	0	
9.02447	58.8181	526	0	4	4	4	4	4	3.28998e-003	5.15714e-003	0.	0.	131.5	0.	0.	1.	0.	0.	0.	48.	0	
9.04146	58.8379	527	0	4	4	4	4	4	3.30998e-003	5.15714e-003	0.	0.	131.722	0.	0.	1.	0.	0.	0.	48.	0	
9.05845	58.8683	528	0	4	4	4	4	4	3.32998e-003	5.15714e-003	0.	0.	131.944	0.	0.	1.	0.	0.	0.	48.	0	
9.07545	58.8097	529	0	4	4	4	4	4	3.34999e-003	5.15714e-003	0.	0.	132.167	0.	0.	1.	0.	0.	0.	48.	0	
9.09246	58.8066	530	0	4	4	4	4	4	3.36999e-003	5.15714e-003	0.	0.	132.389	0.	0.	1.	0.	0.	0.	48.	0	
9.10946	58.8254	531	0	4	4	4	4	4	3.38999e-003	5.15714e-003	0.	0.	132.611	0.	0.	1.	0.	0.	0.	48.	0	
9.12646	58.8202	532	0	4	4	4	4	4	3.40999e-003	5.15714e-003	0.	0.	132.833	0.	0.	1.	0.	0.	0.	48.	0	
9.14246	62.4998	533	0	4	4	4	4	4	3.42999e-003	5.15714e-003	0.	0.	133.056	0.	0.	1.	0.	0.	0.	48.	0	
9.15946	58.8181	534	0	4	4	4	4	4	3.45e-003	5.15714e-003	0.	0.	133.278	0.	0.	1.	0.	0.	0.	48.	0	
9.1765	58.7055	535	0	4	4	4	4	4	3.47e-003	5.15714e-003	0.	0.	133.5	0.	0.	1.	0.	0.	0.	48.	0	
9.19347	58.9122	536	0	4	4	4	4	4	3.49e-003	5.15714e-003	0.	0.	133.722	0.	0.	1.	0.	0.	0.	48.	0	
9.21047	58.8233	537	0	4	4	4	4	4	3.51e-003	5.15714e-003	0.	0.	133.944	0.	0.	1.	0.	0.	0.	48.	0	
9.22747	58.84	538	0	4	4	4	4	4	3.53e-003	5.15714e-003	0.	0.	134.167	0.	0.	1.	0.	0.	0.	48.	0	
9.24347	62.4692	539	0	4	4	4	4	4	3.55001e-003	5.15714e-003	0.	0.	134.389	0.	0.	1.	0.	0.	0.	48.	0	
9.25948	62.4763	540	0	4	4	4	4	4	3.57001e-003	5.15714e-003	0.	0.	134.611	0.	0.	1.	0.	0.	0.	48.	0	
9.27648	58.8223	541	0	4	4	4	4	4	3.59001e-003	5.15714e-003	0.	0.	134.833	0.	0.	1.	0.	0.	0.	48.	0	
9.29347	58.8473	542	0	4	4	4	4	4	3.61001e-003	5.15714e-003	0.	0.	135.056	0.	0.	1.	0.	0.	0.	48.	0	
9.30947	62.5128	543	0	4	4	4	4	4	3.63001e-003	5.15714e-003	0.	0.	135.278	0.	0.	1.	0.	0.	0.	48.	0	
9.32647	58.8139	544	0	4	4	4	4	4	3.65002e-003	5.15714e-003	0.	0.	135.5	0.	0.	1.	0.	0.	0.	48.	0	
9.34347	58.8306	545	0	4	4	4	4	4	3.67002e-003	5.15714e-003	0.	0.	135.722	0.	0.	1.	0.	0.	0.	48.	0	
9.35947	62.5081	546	0	4	4	4	4	4	3.68502e-003	5.15714e-003	0.	0.	135.889	0.	0.	1.	0.	0.	0.	36.	0	
9.37647	58.8087	547	0	4	4	4	4	4	3.70002e-003	5.15714e-003	0.	0.	136.056	0.	0.	1.	0.	0.	0.	36.	0	
9.39347	58.8296	548	0	4	4	4	4	4	3.71002e-003	5.15714e-003	0.	0.	136.167	0.	0.	1.	0.	0.	0.	24.	0	
9.40947	62.4987	549	0	4	4	4	4	4	3.72002e-003	5.15714e-003	0.	0.	136.278	0.	0.	1.	0.	0.	0.	24.	0	
9.42647	58.817	550	0	4	4	4	4	4	3.72502e-003	5.15714e-003	0.	0.	136.333	0.	0.	1.	0.	0.	0.	12.	0	
9.44346	58.8609	551	0	4	4	4	4	4	3.73002e-003	5.15714e-003	0.	0.	136.389	0.	0.	1.	0.	0.	0.	12.	0	
9.46046	58.8223	552	0	4	4	4	4	4	3.73002e-003	5.15714e-003	0.	0.	136.389	0.	0.	1.	0.	0.	0.	-8.9407e-007	0	
9.47746	58.8317	553	0	4	4	4	4	4	3.73002e-003	5.15714e-003	0.	0.	136.389	0.	0.	1.	0.	0.	0.	-8.9407e-007	0	
9.49446	58.839	554	0	4	4	4	4	4	3.72502e-003	5.15714e-003	0.	0.	136.333	0.	0.	1.	0.	0.	0.	-12.	0	
9.51146	58.817	555	0	4	4	4	4	4	3.72002e-003	5.15714e-003	0.	0.	136.278	0.	0.	1.	0.	0.	0.	-12.	0	
9.52847	58.7889	556	0	4	4	4	4	4	3.71002e-003	5.15714e-003	0.	0.	136.167	0.	0.	1.	0.	0.	0.	-24.	0	
9.54547	58.815	557	0	4	4	4	4	4	3.70002e-003	5.15714e-003	0.	0.	136.056	0.	0.	1.	0.	0.	0.	-24.	0	
9.56147	62.5175	558	0	4	4	4	4	4	3.68502e-003	5.15714e-003	0.	0.	135.889	0.	0.	1.	0.	0.	0.	-36.	0	
9.57846	58.8306	559	0	4	4	4	4	4	3.67002e-003	5.15714e-003	0.	0.	135.722	0.	0.	1.	0.	0.	0.	-36.	0	
9.59446	62.5081	560	0	4	4	4	4	4	3.65002e-003	5.15714e-003	0.	0.	135.5	0.	0.	1.	0.	0.	0.	-48.	0	
9.61047	62.4763	561	0	4	4	4	4	4	3.63001e-003	5.15714e-003	0.	0.	135.278	0.	0.	1.	0.	0.	0.	-48.	0	
9.62748	58.7847	562	0	4	4	4	4	4	3.60501e-003	5.15714e-003	0.	0.	135.	0.	0.	1.	0.	0.	0.	-60.	0	
9.64448	58.8275	563	0	4	4	4	4	4	3.58001e-003	5.15714e-003	0.	0.	134.722	0.	0.	1.	0.	0.	0.	-60.	0	
9.66147	58.8557	564	0	4	4	4	4	4	3.55501e-003	5.15714e-003	0.	0.	134.444	0.	0.	1.	0.	0.	0.	-60.	0	
9.67847	58.8285	565	0	4	4	4	4	4	3.53e-003	5.15714e-003	0.	0.	134.167	0.	0.	1.	0.	0.	0.	-60.	0	
9.69547	58.8202	566	0	4	4	4	4	4	3.505e-003	5.15714e-003	0.	0.	133.889	0.	0.	1.	0.	0.	0.	-60.	0	
9.71247	58.8296	567	0	4	4	4	4	4	3.48e-003	5.15714e-003	0.	0.	133.611	0.	0.	1.	0.	0.	0.	-60.	0	
9.72951	58.6858	568	0	4	4	4	4	4	3.455e-003	5.15714e-003	0.	0.	133.333	0.	0.	1.	0.	0.	0.	-60.	0	
9.74651	58.816	569	0	4	4	4	4	4	3.42999e-003	5.15714e-003	0.	0.	133.056	0.	0.	1.	0.	0.	0.	-60.	0	
9.76247	62.6417	570	0	4	4	4	4	4	3.40499e-003	5.15714e-003	0.	0.	132.778	0.	0.	1.	0.	0.	0.	-60.	0	
9.77851	62.3681	571	0	4	4	4	4	4	3.37999e-003	5.15714e-003	0.	0.	132.5	0.	0.	1.	0.	0.	0.	-60.	0	
9.79547	58.9521	572	0	4	4	4	4	4	3.35499e-003	5.15714e-003	0.	0.	132.222	0.	0.	1.	0.	0.	0.	-60.	0	
9.81146	62.5435	573	0	4	4	4	4	4	3.32998e-003	5.15714e-003	0.	0.	131.944	0.	0.	1.	0.	0.	0.	-60.	0	
9.82847	58.7847	574	0	4	4	4	4	4	3.30498e-003	5.15714e-003	0.	0.	131.667	0.	0.	1.	0.	0.	0.	-60.	0	
9.84546	58.8379	575	0	4	4	4	4	4	3.27998e-003	5.15714e-003	0.	0.	131.389	0.	0.	1.	0.	0.	0.	-60.	0	
9.86247	58.8212	576	0	4	4	4	4	4	3.25498e-003	5.15714e-003	0.	0.	131.111	0.	0.	1.	0.	0.	0.	-60.	0	
9.87948	58.7743	577	0	4	4	4	4	4	3.22997e-003	5.15714e-003	0.	0.	130.833	0.	0.	1.	0.	0.	0.	-60.	0	
9.89647	58.8599	578	0	4	4	4	4	4	3.17997e-003	5.15714e-003	0.	0.	130.278	0.	0.	1.	0.	0.	0.	-60.	0	
9.91348	58.7816	579	0	4	4	4	4	4	3.15497e-003	5.15714e-003	0.	0.	130.	0.	0.	1.	0.	0.	0.	-60.	0	
9.93048	58.8191	580	0	4	4	4	4	4	3.12996e-003	5.15714e-003	0.	0.	129.722	0.	0.	1.	0.	0.	0.	-60.	0	
9.94648	62.5199	581	0	4	4	4	4	4	3.10496e-003	5.15714e-003	0.	0.	129.444	0.	0.	1.	0.	0.	0.	-60.	0	
9.96347	58.8432	582	0	4	4	4	4	4	3.07996e-003	5.15714e-003	0.	0.	129.167	0.	0.	1.	0.	0.	0.	-60.	0	
9.98047	58.8327	583	0	4	4	4	4	4	3.05496e-003	5.15714e-003	0.	0.	128.889	0.	0.	1.	0.	0.	0.	-60.	0	
9.99747	58.8306	584	0	4	4	4	4	4	3.02995e-003	5.15714e-003	0.	0.	128.611	0.	0.	1.	0.	0.	0.	-60.	0	
10.0145	58.839	585	0	4	4	4	4	4	3.00495e-003	5.15714e-003	0.	0.	128.333	0.	0.	1.	0.	0.	0.	-60.	0	
10.0315	58.7837	586	0	4	4	4	4	4	2.97995e-003	5.15714e-003	0.	0.	128.056	0.	0.	1.	0.	0.	0.	-60.	0	
10.0485	58.791	587	0	4	4	4	4	4	2.95495e-003	5.15714e-003	0.	0.	127.778	0.	0.	1.	0.	0.	0.	-60.	0	
10.0655	58.8547	588	0	4	4	4	4	4	2.92994e-003	5.15714e-003	0.	0.	127.5	0.	0.	1.	0.	0.	0.	-60.	0	
10.0825	58.8233	589	0	3	4	4	3	4	2.90994e-003	5.15714e-003	0.	0.	127.278	0.	0.	1.	0.	0.	0.	-48.	0	
10.0995	58.7951	590	0	3	4	4	3	4	2.88994e-003	5.15714e-003	0.	0.	127.056	0.	0.	1.	0.	0.	0.	-48.	0	
10.1165	58.8087	591	0	3	4	4	3	4	2.86994e-003	5.15714e-003	0.	0.	126.833	0.	0.	1.	0.	0.	0.	-48.	0	
10.1335	58.8683	592	0	3	4	4	3	4	2.84994e-003	5.15714e-003	0.	0.	126.611	0.	0.	1.	0.	0.	0.	-48.	0	
10.1505	58.8264	593	0	3	4	4	3	4	2.82993e-003	5.15714e-003	0.	0.	126.389	0.	0.	1.	0.	0.	0.	-48.	0	
10.1675	58.8108	594	0	3	4	4	3	4	2.80993e-003	5.15714e-003	0.	0.	126.167	0.	0.	1.	0.	0.	0.	-48.	0	
10.1835	62.4998	595	0	3	4	4	3	4	2.78993e-003	5.15714e-003	0.	0.	125.944	0.	0.	1.	0.	0.	0.	-48.	0	
10.2005	58.8306	596	0	3	4	4	3	4	2.76993e-003	5.15714e-003	0.	0.	125.722	0.	0.	1.	0.	0.	0.	-48.	0	
10.2175	58.7784	597	0	3	4	4	3	4	2.74993e-003	5.15714e-003	0.	0.	125.5	0.	0.	1.	0.	0.	0.	-48.	0	
10.2345	58.8672	598	0	3	4	4	3	4	2.72992e-003	5.15714e-003	0.	0.	125.278	0.	0.	1.	0.	0.	0.	-48.	0	
10.2505	62.4998	599	0	3	4	4	3	3	2.70992e-003	2.61074e-003	0.	0.	125.056	0.	0.	1.	0.	0.	0.	-48.	0	
10.2675	58.8139	600	0	3	4	4	3	3	2.70059e-003	2.61074e-003	0.	0.	124.833	0.	0.	1.	0.	0.	0.	-48.	0	
10.2845	58.8338	601	0	3	4	4	3	3	2.69047e-003	2.61074e-003	0.	0.	124.611	0.	0.	1.	0.	0.	0.	-48.	0	
10.3015	58.7816	602	0	3	4	4	3	3	2.68034e-003	2.61074e-003	0.	0.	124.389	0.	0.	1.	0.	0.	0.	-48.	0	
10.3175	62.4939	603	0	3	4	4	3	3	2.67022e-003	2.61074e-003	0.	0.	124.167	0.	0.	1.	0.	0.	0.	-48.	0	
10.3345	58.8484	604	0	3	4	4	3	3	2.66009e-003	2.61074e-003	0.	0.	123.944	0.	0.	1.	0.	0.	0.	-48.	0	
10.3515	58.8244	605	0	3	4	4	3	3	2.64996e-003	2.61074e-003	0.	0.	123.722	0.	0.	1.	0.	0.	0.	-48.	0	
10.3685	58.8139	606	0	3	4	4	3	3	2.63984e-003	2.61074e-003	0.	0.	123.5	0.	0.	1.	0.	0.	0.	-48.	0	
10.3855	58.8578	607	0	3	4	4	3	3	2.62971e-003	2.61074e-003	0.	0.	123.278	0.	0.	1.	0.	0.	0.	-48.	0	
10.4025	58.8129	608	0	3	4	4	3	3	2.61959e-003	2.61074e-003	0.	0.	123.056	0.	0.	1.	0.	0.	0.	-48.	0	
10.4195	58.8254	609	0	3	4	4	3	3	2.60946e-003	2.61074e-003	0.	0.	122.833	0.	0.	1.	0.	0.	0.	-48.	0	
10.4365	58.7732	610	0	3	3	3	3	3	2.59934e-003	2.61074e-003	0.	0.	122.611	0.	0.	1.	0.	0.	0.	-48.	0	
10.4525	62.5093	611	0	3	3	3	3	3	2.58921e-003	2.61074e-003	0.	0.	122.389	0.	0.	1.	0.	0.	0.	-48.	0	
10.4695	58.8599	612	0	3	3	3	3	3	2.57908e-003	2.61074e-003	0.	0.	122.167	0.	0.	1.	0.	0.	0.	-48.	0	
10.4865	58.8233	613	0	3	3	3	3	3	2.56896e-003	2.61074e-003	0.	0.	121.944	0.	0.	1.	0.	0.	0.	-48.	0	
10.5035	58.7962	614	0	3	3	3	3	3	2.55883e-003	2.61074e-003	0.	0.	121.722	0.	0.	1.	0.	0.	0.	-48.	0	
10.5205	58.8035	615	0	3	3	3	3	3	2.54871e-003	2.61074e-003	0.	0.	121.5	0.	0.	1.	0.	0.	0.	-48.	0	
10.5375	58.885	616	0	3	3	3	3	3	2.53858e-003	2.61074e-003	0.	0.	121.278	0.	0.	1.	0.	0.	0.	-48.	0	
10.5545	58.8296	617	0	3	3	3	3	3	2.52845e-003	2.61074e-003	0.	0.	121.056	0.	0.	1.	0.	0.	0.	-48.	0	
10.5715	58.8129	618	0	3	3	3	3	3	2.51833e-003	2.61074e-003	0.	0.	120.833	0.	0.	1.	0.	0.	0.	-48.	0	
10.5875	62.5352	619	0	3	3	3	3	3	2.51073e-003	2.61074e-003	0.	0.	120.667	0.	0.	1.	0.	0.	0.	-36.	0	
10.6045	58.7461	620	0	3	3	3	3	3	2.50314e-003	2.61074e-003	0.	0.	120.5	0.	0.	1.	0.	0.	0.	-36.	0	
10.6205	62.5317	621	0	3	3	3	3	3	2.49808e-003	2.61074e-003	0.	0.	120.389	0.	0.	1.	0.	0.	0.	-24.	0	
10.6375	58.816	622	0	3	3	3	3	3	2.49301e-003	2.61074e-003	0.	0.	120.278	0.	0.	1.	0.	0.	0.	-24.	0	
10.6535	62.5022	623	0	3	3	3	3	3	2.49048e-003	2.61074e-003	0.	0.	120.222	0.	0.	1.	0.	0.	0.	-12.	0	
10.6705	58.8035	624	0	3	3	3	3	3	2.48795e-003	2.61074e-003	0.	0.	120.167	0.	0.	1.	0.	0.	0.	-12.	0	
10.6875	58.8453	625	0	3	3	3	3	3	2.48795e-003	2.61074e-003	0.	0.	120.167	0.	0.	1.	0.	0.	0.	8.9407e-007	0	
10.7045	58.7899	626	0	3	3	3	3	3	2.48795e-003	2.61074e-003	0.	0.	120.167	0.	0.	1.	0.	0.	0.	8.9407e-007	0	
10.7205	62.54	627	0	3	3	3	3	3	2.49048e-003	2.61074e-003	0.	0.	120.222	0.	0.	1.	0.	0.	0.	12.	0	
10.7375	58.7993	628	0	3	3	3	3	3	2.49301e-003	2.61074e-003	0.	0.	120.278	0.	0.	1.	0.	0.	0.	12.	0	
10.7545	58.8683	629	0	3	3	3	3	3	2.49808e-003	2.61074e-003	0.	0.	120.389	0.	0.	1.	0.	0.	0.	24.	0	
10.7715	58.7972	630	0	3	3	3	3	3	2.50314e-003	2.61074e-003	0.	0.	120.5	0.	0.	1.	0.	0.	0.	24.	0	
10.7885	58.7691	631	0	3	3	3	3	3	2.51073e-003	2.61074e-003	0.	0.	120.667	0.	0.	1.	0.	0.	0.	36.	0	
10.8055	58.8421	632	0	3	3	3	3	3	2.51833e-003	2.61074e-003	0.	0.	120.833	0.	0.	1.	0.	0.	0.	36.	0	
10.8225	58.8557	633	0	3	3	3	3	3	2.52845e-003	2.61074e-003	0.	0.	121.056	0.	0.	1.	0.	0.	0.	48.	0	
10.8385	62.5034	634	0	3	3	3	3	3	2.53858e-003	2.61074e-003	0.	0.	121.278	0.	0.	1.	0.	0.	0.	48.	0	
10.8545	62.5022	635	0	3	3	3	3	3	2.55124e-003	2.61074e-003	0.	0.	121.556	0.	0.	1.	0.	0.	0.	60.	0	
10.8715	58.7795	636	0	3	3	3	3	3	2.56389e-003	2.61074e-003	0.	0.	121.833	0.	0.	1.	0.	0.	0.	60.	0	
10.8875	62.4928	637	0	3	3	3	3	3	2.57655e-003	2.61074e-003	0.	0.	122.111	0.	0.	1.	0.	0.	0.	60.	0	
10.9045	58.8306	638	0	3	3	3	3	3	2.58921e-003	2.61074e-003	0.	0.	122.389	0.	0.	1.	0.	0.	0.	60.	0	
10.9215	58.8275	639	0	3	3	3	3	3	2.60187e-003	2.61074e-003	0.	0.	122.667	0.	0.	1.	0.	0.	0.	60.	0	
10.9385	58.8191	640	0	3	4	4	3	3	2.61452e-003	2.61074e-003	0.	0.	122.944	0.	0.	1.	0.	0.	0.	60.	0	
10.9545	62.501	641	0	3	4	4	3	3	2.62718e-003	2.61074e-003	0.	0.	123.222	0.	0.	1.	0.	0.	0.	60.	0	
10.9715	58.8191	642	0	3	4	4	3	3	2.63984e-003	2.61074e-003	0.	0.	123.5	0.	0.	1.	0.	0.	0.	60.	0	
10.9885	58.8045	643	0	3	4	4	3	3	2.6525e-003	2.61074e-003	0.	0.	123.778	0.	0.	1.	0.	0.	0.	60.	0	
11.0055	58.8421	644	0	3	4	4	3	3	2.66515e-003	2.61074e-003	0.	0.	124.056	0.	0.	1.	0.	0.	0.	60.	0	
11.0225	58.7232	645	0	3	4	4	3	3	2.67781e-003	2.61074e-003	0.	0.	124.333	0.	0.	1.	0.	0.	0.	60.	0	
11.0395	58.9814	646	0	3	4	4	3	3	2.69047e-003	2.61074e-003	0.	0.	124.611	0.	0.	1.	0.	0.	0.	60.	0	
11.0565	58.8285	647	0	3	4	4	3	3	2.70312e-003	2.61074e-003	0.	0.	124.889	0.	0.	1.	0.	0.	0.	60.	0	
11.0735	58.7774	648	0	3	4	4	3	4	2.71578e-003	5.15714e-003	0.	0.	125.167	0.	0.	1.	0.	0.	0.	60.	0	
11.0905	58.8369	649	0	3	4	4	3	4	2.74493e-003	5.15714e-003	0.	0.	125.444	0.	0.	1.	0.	0.	0.	60.	0	
11.1075	58.7816	650	0	3	4	4	3	4	2.76993e-003	5.15714e-003	0.	0.	125.722	0.	0.	1.	0.	0.	0.	60.	0	
11.1235	62.4951	651	0	3	4	4	3	4	2.79493e-003	5.15714e-003	0.	0.	126.	0.	0.	1.	0.	0.	0.	60.	0	
11.1405	58.8651	652	0	3	4	4	3	4	2.81993e-003	5.15714e-003	0.	0.	126.278	0.	0.	1.	0.	0.	0.	60.	0	
11.1575	58.8285	653	0	3	4	4	3	4	2.84494e-003	5.15714e-003	0.	0.	126.556	0.	0.	1.	0.	0.	0.	60.	0	
11.1745	58.8233	654	0	3	4	4	3	4	2.86994e-003	5.15714e-003	0.	0.	126.833	0.	0.	1.	0.	0.	0.	60.	0	
11.1915	58.7805	655	0	3	4	4	3	4	2.89494e-003	5.15714e-003	0.	0.	127.111	0.	0.	1.	0.	0.	0.	60.	0	
11.2085	58.817	656	0	3	4	4	3	4	2.91994e-003	5.15714e-003	0.	0.	127.389	0.	0.	1.	0.	0.	0.	60.	0	
11.2255	58.8379	657	0	4	4	4	4	4	2.94495e-003	5.15714e-003	0.	0.	127.667	0.	0.	1.	0.	0.	0.	60.	0	
11.2425	58.8202	658	0	4	4	4	4	4	2.96995e-003	5.15714e-003	0.	0.	127.944	0.	0.	1.	0.	0.	0.	60.	0	
11.2595	58.8662	659	0	4	4	4	4	4	2.99495e-003	5.15714e-003	0.	0.	128.222	0.	0.	1.	0.	0.	0.	60.	0	
11.2765	58.8202	660	0	4	4	4	4	4	3.01995e-003	5.15714e-003	0.	0.	128.5	0.	0.	1.	0.	0.	0.	60.	0	
11.2935	58.8275	661	0	4	4	4	4	4	3.04496e-003	5.15714e-003	0.	0.	128.778	0.	0.	1.	0.	0.	0.	60.	0	
11.3105	58.8181	662	0	4	4	4	4	4	3.06996e-003	5.15714e-003	0.	0.	129.056	0.	0.	1.	0.	0.	0.	60.	0	
11.3275	58.7837	663	0	4	4	4	4	4	3.09496e-003	5.15714e-003	0.	0.	129.333	0.	0.	1.	0.	0.	0.	60.	0	
11.3445	58.9468	664	0	4	4	4	4	4	3.11996e-003	5.15714e-003	0.	0.	129.611	0.	0.	1.	0.	0.	0.	60.	0	
11.3615	58.7493	665	0	4	4	4	4	4	3.14497e-003	5.15714e-003	0.	0.	129.889	0.	0.	1.	0.	0.	0.	60.	0	
11.3785	58.8066	666	0	4	4	4	4	4	3.16997e-003	5.15714e-003	0.	0.	130.167	0.	0.	1.	0.	0.	0.	60.	0	
11.3955	58.8264	667	0	4	4	4	4	4	3.19497e-003	5.15714e-003	0.	0.	130.444	0.	0.	1.	0.	0.	0.	60.	0	
11.4125	58.8254	668	0	4	4	4	4	4	3.21997e-003	5.15714e-003	0.	0.	130.722	0.	0.	1.	0.	0.	0.	60.	0	
11.4295	58.816	669	0	4	4	4	4	4	3.24498e-003	5.15714e-003	0.	0.	131.	0.	0.	1.	0.	0.	0.	60.	0	
11.4465	58.8254	670	0	4	4	4	4	4	3.26998e-003	5.15714e-003	0.	0.	131.278	0.	0.	1.	0.	0.	0.	60.	0	
11.4635	58.8233	671	0	4	4	4	4	4	3.29498e-003	5.15714e-003	0.	0.	131.556	0.	0.	1.	0.	0.	0.	60.	0	
11.4805	58.8233	672	0	4	4	4	4	4	3.31998e-003	5.15714e-003	0.	0.	131.833	0.	0.	1.	0.	0.	0.	60.	0	
11.4975	58.8118	673	0	4	4	4	4	4	3.34499e-003	5.15714e-003	0.	0.	132.111	0.	0.	1.	0.	0.	0.	60.	0	
11.5145	58.7951	674	0	4	4	4	4	4	3.36999e-003	5.15714e-003	0.	0.	132.389	0.	0.	1.	0.	0.	0.	60.	0	
11.5315	58.929	675	0	4	4	4	4	4	3.39499e-003	5.15714e-003	0.	0.	132.667	0.	0.	1.	0.	0.	0.	60.	0	
11.5485	58.7513	676	0	4	4	4	4	4	3.41999e-003	5.15714e-003	0.	0.	132.944	0.	0.	1.	0.	0.	0.	60.	0	
11.5645	62.4963	677	0	4	4	4	4	4	3.47e-003	5.15714e-003	0.	0.	133.5	0.	0.	1.	0.	0.	0.	60.	0	
11.5815	58.8254	678	0	4	4	4	4	4	3.495e-003	5.15714e-003	0.	0.	133.778	0.	0.	1.	0.	0.	0.	60.	0	
11.5985	58.7628	679	0	4	4	4	4	4	3.52e-003	5.15714e-003	0.	0.	134.056	0.	0.	1.	0.	0.	0.	60.	0	
11.6145	62.5624	680	0	4	4	4	4	4	3.54501e-003	5.15714e-003	0.	0.	134.333	0.	0.	1.	0.	0.	0.	60.	0	
11.6315	58.8526	681	0	4	4	4	4	4	3.57001e-003	5.15714e-003	0.	0.	134.611	0.	0.	1.	0.	0.	0.	60.	0	
11.6485	58.791	682	0	4	4	4	4	4	3.59501e-003	5.15714e-003	0.	0.	134.889	0.	0.	1.	0.	0.	0.	60.	0	
11.6655	58.8223	683	0	4	4	4	4	4	3.62001e-003	5.15714e-003	0.	0.	135.167	0.	0.	1.	0.	0.	0.	60.	0	
11.6825	58.817	684	0	4	4	4	4	4	3.64502e-003	5.15714e-003	0.	0.	135.444	0.	0.	1.	0.	0.	0.	60.	0	
11.6995	58.8348	685	0	4	4	4	4	4	3.67002e-003	5.15714e-003	0.	0.	135.722	0.	0.	1.	0.	0.	0.	60.	0	
11.7165	58.7649	686	0	4	4	4	4	4	3.69502e-003	5.15714e-003	0.	0.	136.	0.	0.	1.	0.	0.	0.	60.	0	
11.7325	62.5246	687	0	4	4	4	4	4	3.72002e-003	5.15714e-003	0.	0.	136.278	0.	0.	1.	0.	0.	0.	60.	0	
11.7495	58.84	688	0	4	4	4	4	4	3.74503e-003	5.15714e-003	0.	0.	136.556	0.	0.	1.	0.	0.	0.	60.	0	
11.7665	58.8358	689	0	4	4	4	4	4	3.77003e-003	5.15714e-003	0.	0.	136.833	0.	0.	1.	0.	0.	0.	60.	0	
11.7835	58.7774	690	0	4	4	4	4	4	3.79503e-003	5.15714e-003	0.	0.	137.111	0.	0.	1.	0.	0.	0.	60.	0	
11.8005	58.8358	691	0	4	4	4	4	4	3.82003e-003	5.15714e-003	0.	0.	137.389	0.	0.	1.	0.	0.	0.	60.	0	
11.8175	58.8087	692	0	4	4	4	4	4	3.84504e-003	5.15714e-003	0.	0.	137.667	0.	0.	1.	0.	0.	0.	60.	0	
11.8345	58.8317	693	0	4	4	4	4	4	3.87004e-003	5.15714e-003	0.	0.	137.944	0.	0.	1.	0.	0.	0.	60.	0	
11.8515	58.8264	694	0	4	4	4	4	4	3.89504e-003	5.15714e-003	0.	0.	138.222	0.	0.	1.	0.	0.	0.	60.	0	
11.8685	58.8463	695	0	4	4	4	4	4	3.92004e-003	5.15714e-003	0.	0.	138.5	0.	0.	1.	0.	0.	0.	60.	0	
11.8855	58.8651	696	0	4	4	4	4	4	3.94505e-003	5.15714e-003	0.	0.	138.778	0.	0.	1.	0.	0.	0.	60.	0	
11.9015	62.4162	697	0	4	4	4	4	4	3.97005e-003	5.15714e-003	0.	0.	139.056	0.	0.	1.	0.	0.	0.	60.	0	
11.9185	58.8599	698	0	4	4	4	4	4	3.99505e-003	5.15714e-003	0.	0.	139.333	0.	0.	1.	0.	0.	0.	60.	0	
11.9355	58.7857	699	0	4	4	4	4	4	4.02005e-003	5.15714e-003	0.	0.	139.611	0.	0.	1.	0.	0.	0.	60.	0	
11.9525	58.863	700	0	4	4	4	4	4	4.04506e-003	5.15714e-003	0.	0.	139.889	0.	0.	1.	0.	0.	0.	60.	0	
11.9695	58.815	701	0	4	4	4	4	4	4.07006e-003	5.15714e-003	0.	0.	140.167	0.	0.	1.	0.	0.	0.	60.	0	
11.9865	58.7993	702	0	4	4	4	4	4	4.09506e-003	5.15714e-003	0.	0.	140.444	0.	0.	1.	0.	0.	0.	60.	0	
12.0035	58.8536	703	0	4	4	4	4	4	4.12006e-003	5.15714e-003	0.	0.	140.722	0.	0.	1.	0.	0.	0.	60.	0	
12.0205	58.793	704	0	4	4	4	4	4	4.14507e-003	5.15714e-003	0.	0.	141.	0.	0.	1.	0.	0.	0.	60.	0	
12.0375	58.8515	705	0	4	4	4	4	4	4.17007e-003	5.15714e-003	0.	0.	141.278	0.	0.	1.	0.	0.	0.	60.	0	
12.0545	58.8285	706	0	4	4	4	4	4	4.19507e-003	5.15714e-003	0.	0.	141.556	0.	0.	1.	0.	0.	0.	60.	0	
12.0715	58.8191	707	0	4	4	4	4	4	4.22007e-003	5.15714e-003	0.	0.	141.833	0.	0.	1.	0.	0.	0.	60.	0	
12.0885	58.7962	708	0	4	4	4	4	4	4.24508e-003	5.15714e-003	0.	0.	142.111	0.	0.	1.	0.	0.	0.	60.	0	
12.1055	58.8024	709	0	4	4	4	4	4	4.27008e-003	5.15714e-003	0.	0.	142.389	0.	0.	1.	0.	0.	0.	60.	0	
12.1225	58.8348	710	0	4	4	4	4	4	4.29508e-003	5.15714e-003	0.	0.	142.667	0.	0.	1.	0.	0.	0.	60.	0	
12.1395	58.8798	711	0	4	4	4	4	4	4.32008e-003	5.15714e-003	0.	0.	142.944	0.	0.	1.	0.	0.	0.	60.	0	
12.1565	58.7545	712	0	4	4	4	4	4	4.34509e-003	5.15714e-003	0.	0.	143.222	0.	0.	1.	0.	0.	0.	60.	0	
12.1725	62.5494	713	0	4	4	4	4	4	4.37009e-003	5.15714e-003	0.	0.	143.5	0.	0.	1.	0.	0.	0.	60.	0	
12.1895	58.8223	714	0	4	4	4	4	4	4.39509e-003	5.15714e-003	0.	0.	143.778	0.	0.	1.	0.	0.	0.	60.	0	
12.2065	58.8244	715	0	4	4	4	4	4	4.42009e-003	5.15714e-003	0.	0.	144.056	0.	0.	1.	0.	0.	0.	60.	0	
12.2235	58.8358	716	0	4	4	4	4	4	4.4451e-003	5.15714e-003	0.	0.	144.333	0.	0.	1.	0.	0.	0.	60.	0	
12.2405	58.7513	717	0	4	4	4	4	4	4.4701e-003	5.15714e-003	0.	0.	144.611	0.	0.	1.	0.	0.	0.	60.	0	
12.2575	58.8923	718	0	4	4	4	4	4	4.4951e-003	5.15714e-003	0.	0.	144.889	0.	0.	1.	0.	0.	0.	60.	0	
12.2745	58.8003	719	0	4	4	4	4	4	4.5201e-003	5.15714e-003	0.	0.	145.167	0.	0.	1.	0.	0.	0.	60.	0	
12.2915	58.8035	720	0	4	4	4	4	4	4.54511e-003	5.15714e-003	0.	0.	145.444	0.	0.	1.	0.	0.	0.	60.	0	
12.3085	58.8212	721	0	4	4	4	4	4	4.57011e-003	5.15714e-003	0.	0.	145.722	0.	0.	1.	0.	0.	0.	60.	0	
12.3255	58.8599	722	0	4	4	4	4	4	4.59511e-003	5.15714e-003	0.	0.	146.	0.	0.	1.	0.	0.	0.	60.	0	
12.3425	58.7795	723	0	4	4	4	4	4	4.62011e-003	5.15714e-003	0.	0.	146.278	0.	0.	1.	0.	0.	0.	60.	0	
12.3595	58.8568	724	0	4	4	4	4	4	4.64512e-003	5.15714e-003	0.	0.	146.556	0.	0.	1.	0.	0.	0.	60.	0	
12.3765	58.84	725	0	4	4	4	4	4	4.67012e-003	5.15714e-003	0.	0.	146.833	0.	0.	1.	0.	0.	0.	60.	0	
12.3935	58.7993	726	0	4	4	4	4	4	4.69512e-003	5.15714e-003	0.	0.	147.111	0.	0.	1.	0.	0.	0.	60.	0	
12.4105	58.8139	727	0	4	4	4	4	4	4.72012e-003	5.15714e-003	0.	0.	147.389	0.	0.	1.	0.	0.	0.	60.	0	
12.4275	58.8285	728	0	4	4	4	4	4	4.74513e-003	5.15714e-003	0.	0.	147.667	0.	0.	1.	0.	0.	0.	60.	0	
12.4435	62.5246	729	0	4	4	4	4	4	4.77013e-003	5.15714e-003	0.	0.	147.944	0.	0.	1.	0.	0.	0.	60.	0	
12.4605	58.8285	730	0	4	4	4	4	4	4.79513e-003	5.15714e-003	0.	0.	148.222	0.	0.	1.	0.	0.	0.	60.	0	
12.4775	58.8003	731	0	4	4	4	4	4	4.82013e-003	5.15714e-003	0.	0.	148.5	0.	0.	1.	0.	0.	0.	60.	0	
12.4945	58.8285	732	0	4	4	4	4	4	4.84514e-003	5.15714e-003	0.	0.	148.778	0.	0.	1.	0.	0.	0.	60.	0	
12.5115	58.8421	733	0	4	4	4	4	4	4.87014e-003	5.15714e-003	0.	0.	149.056	0.	0.	1.	0.	0.	0.	60.	0	
12.5285	58.8244	734	0	4	4	4	4	4	4.89514e-003	5.15714e-003	0.	0.	149.333	0.	0.	1.	0.	0.	0.	60.	0	
12.5455	58.7941	735	0	4	4	4	4	4	4.92014e-003	5.15714e-003	0.	0.	149.611	0.	0.	1.	0.	0.	0.	60.	0	
12.5625	58.8494	736	0	4	4	4	4	4	4.94515e-003	5.15714e-003	0.	0.	149.889	0.	0.	1.	0.	0.	0.	60.	0	
12.5795	58.8212	737	0	4	4	4	4	4	4.97015e-003	5.15714e-003	0.	0.	150.167	0.	0.	1.	0.	0.	0.	60.	0	
12.5965	58.8077	738	0	4	4	4	4	4	4.99515e-003	5.15714e-003	0.	0.	150.444	0.	0.	1.	0.	0.	0.	60.	0	
12.6135	58.8212	739	0	4	4	4	4	4	5.02015e-003	5.15714e-003	0.	0.	150.722	0.	0.	1.	0.	0.	0.	60.	0	
12.6295	62.501	740	0	4	4	4	4	4	5.04516e-003	5.15714e-003	0.	0.	151.	0.	0.	1.	0.	0.	0.	60.	0	
12.6465	58.7784	741	0	4	4	4	4	4	5.07016e-003	5.15714e-003	0.	0.	151.278	0.	0.	1.	0.	0.	0.	60.	0	
12.6635	58.9018	742	0	4	4	4	4	4	5.09516e-003	5.15714e-003	0.	0.	151.556	0.	0.	1.	0.	0.	0.	60.	0	
12.6805	58.8014	743	0	4	4	4	4	4	5.12016e-003	5.15714e-003	0.	0.	151.833	0.	0.	1.	0.	0.	0.	60.	0	
12.6975	58.8358	744	0	4	4	4	4	4	5.14517e-003	5.15714e-003	0.	0.	152.111	0.	0.	1.	0.	0.	0.	60.	0	
12.7145	58.7941	745	0	4	4	4	4	4	5.17017e-003	5.15714e-003	0.	0.	152.389	0.	0.	1.	0.	0.	0.	60.	0	
12.7315	58.791	746	0	4	4	4	4	4	5.19517e-003	5.15714e-003	0.	0.	152.667	0.	0.	1.	0.	0.	0.	60.	0	
12.7485	58.8568	747	0	4	4	4	4	4	5.22017e-003	5.15714e-003	0.	0.	152.944	0.	0.	1.	0.	0.	0.	60.	0	
12.7655	58.8191	748	0	4	4	4	4	4	5.24518e-003	5.15714e-003	0.	0.	153.222	0.	0.	1.	0.	0.	0.	60.	0	
12.7825	58.8223	749	0	4	4	4	4	4	5.27018e-003	5.15714e-003	0.	0.	153.5	0.	0.	1.	0.	0.	0.	60.	0	
12.7995	58.8358	750	0	4	4	4	4	4	5.29518e-003	5.15714e-003	0.	0.	153.778	0.	0.	1.	0.	0.	0.	60.	0	
12.8165	58.8306	751	0	4	4	4	4	4	5.32018e-003	5.15714e-003	0.	0.	154.056	0.	0.	1.	0.	0.	0.	60.	0	
12.8335	58.8097	752	0	4	4	4	4	4	5.34519e-003	5.15714e-003	0.	0.	154.333	0.	0.	1.	0.	0.	0.	60.	0	
12.8505	58.8254	753	0	4	4	4	4	4	5.37019e-003	5.15714e-003	0.	0.	154.611	0.	0.	1.	0.	0.	0.	60.	0	
12.8675	58.8066	754	0	4	4	4	4	4	5.39519e-003	5.15714e-003	0.	0.	154.889	0.	0.	1.	0.	0.	0.	60.	0	
12.8845	58.8578	755	0	4	4	4	4	4	5.42019e-003	5.15714e-003	0.	0.	155.167	0.	0.	1.	0.	0.	0.	60.	0	
12.9015	58.7607	756	0	4	4	4	4	4	5.4452e-003	5.15714e-003	0.	0.	155.444	0.	0.	1.	0.	0.	0.	60.	0	
12.9175	62.5105	757	0	4	4	4	4	4	5.4702e-003	5.15714e-003	0.	0.	155.722	0.	0.	1.	0.	0.	0.	60.	0	
12.9345	58.8233	758	0	4	4	4	4	4	5.4952e-003	5.15714e-003	0.	0.	156.	0.	0.	1.	0.	0.	0.	60.	0	
12.9515	58.8913	759	0	4	4	4	4	4	5.5202e-003	5.15714e-003	0.	0.	156.278	0.	0.	1.	0.	0.	0.	60.	0	
12.9685	58.8139	760	0	4	4	4	4	4	5.54521e-003	5.15714e-003	0.	0.	156.556	0.	0.	1.	0.	0.	0.	60.	0	
12.9855	58.7732	761	0	4	4	4	4	4	5.57021e-003	5.15714e-003	0.	0.	156.833	0.	0.	1.	0.	0.	0.	60.	0	
13.0025	58.8014	762	0	4	4	4	4	4	5.59521e-003	5.15714e-003	0.	0.	157.111	0.	0.	1.	0.	0.	0.	60.	0	
13.0195	58.8181	763	0	4	4	4	4	4	5.62021e-003	5.15714e-003	0.	0.	157.389	0.	0.	1.	0.	0.	0.	60.	0	
13.0365	58.8264	764	0	4	4	4	4	4	5.67022e-003	5.15714e-003	0.	0.	157.944	0.	0.	1.	0.	0.	0.	60.	0	
13.0535	58.817	765	0	4	4	4	4	4	5.69522e-003	5.15714e-003	0.	0.	158.222	0.	0.	1.	0.	0.	0.	60.	0	
13.0705	58.8233	766	0	4	4	4	4	4	5.72022e-003	5.15714e-003	0.	0.	158.5	0.	0.	1.	0.	0.	0.	60.	0	
13.0875	58.8651	767	0	4	4	4	4	4	5.74523e-003	5.15714e-003	0.	0.	158.778	0.	0.	1.	0.	0.	0.	60.	0	
13.1045	58.8244	768	0	4	4	4	4	4	5.79523e-003	5.15714e-003	0.	0.	159.333	0.	0.	1.	0.	0.	0.	60.	0	
13.1215	58.7618	769	0	4	4	4	4	4	5.82023e-003	5.15714e-003	0.	0.	159.611	0.	0.	1.	0.	0.	0.	60.	0	
13.1385	58.8494	770	0	4	4	4	4	4	5.84524e-003	5.15714e-003	0.	0.	159.889	0.	0.	1.	0.	0.	0.	60.	0	
13.1555	58.9018	771	0	4	4	4	4	4	5.87024e-003	5.15714e-003	0.	0.	160.167	0.	0.	1.	0.	0.	0.	60.	0	
13.1725	58.7159	772	0	4	4	4	4	4	5.89524e-003	5.15714e-003	0.	0.	160.444	0.	0.	1.	0.	0.	0.	60.	0	
13.1895	58.8588	773	0	4	4	4	4	4	5.92024e-003	5.15714e-003	0.	0.	160.722	0.	0.	1.	0.	0.	0.	60.	0	
13.2065	58.8181	774	0	4	4	4	4	4	5.94525e-003	5.15714e-003	0.	0.	161.	0.	0.	1.	0.	0.	0.	60.	0	
13.2235	58.8369	775	0	4	4	4	4	4	5.97025e-003	5.15714e-003	0.	0.	161.278	0.	0.	1.	0.	0.	0.	60.	0	
13.2405	58.8233	776	0	4	4	4	4	4	5.99525e-003	5.15714e-003	0.	0.	161.556	0.	0.	1.	0.	0.	0.	60.	0	
13.2575	58.8045	777	0	4	4	4	4	4	6.02025e-003	5.15714e-003	0.	0.	161.833	0.	0.	1.	0.	0.	0.	60.	0	
13.2745	58.816	778	0	4	4	4	4	4	6.04526e-003	5.15714e-003	0.	0.	162.111	0.	0.	1.	0.	0.	0.	60.	0	
13.2915	58.8379	779	0	4	4	4	4	4	6.07026e-003	5.15714e-003	0.	0.	162.389	0.	0.	1.	0.	0.	0.	60.	0	
13.3085	58.8118	780	0	4	4	4	4	4	6.12026e-003	5.15714e-003	0.	0.	162.944	0.	0.	1.	0.	0.	0.	60.	0	
13.3255	58.8338	781	0	4	4	4	4	4	6.14527e-003	5.15714e-003	0.	0.	163.222	0.	0.	1.	0.	0.	0.	60.	0	
13.3425	58.8515	782	0	4	4	4	4	4	6.17027e-003	5.15714e-003	0.	0.	163.5	0.	0.	1.	0.	0.	0.	60.	0	
13.3595	58.8275	783	0	4	4	4	4	4	6.19527e-003	5.15714e-003	0.	0.	163.778	0.	0.	1.	0.	0.	0.	60.	0	
13.3765	58.8212	784	0	4	5	5	4	4	6.22027e-003	5.15714e-003	0.	0.	164.056	0.	0.	1.	0.	0.	0.	60.	0	
13.3935	58.7826	785	0	4	5	5	4	4	6.27028e-003	5.15714e-003	0.	0.	164.611	0.	0.	1.	0.	0.	0.	60.	0	
13.4105	58.8275	786	0	4	5	5	4	4	6.29528e-003	5.15714e-003	0.	0.	164.889	0.	0.	1.	0.	0.	0.	60.	0	
13.4275	58.8129	787	0	4	5	5	4	4	6.32028e-003	5.15714e-003	0.	0.	165.167	0.	0.	1.	0.	0.	0.	60.	0	
13.4445	58.8244	788	0	4	5	5	4	4	6.34529e-003	5.15714e-003	0.	0.	165.444	0.	0.	1.	0.	0.	0.	60.	0	
13.4615	58.8003	789	0	4	5	5	4	4	6.37029e-003	5.15714e-003	0.	0.	165.722	0.	0.	1.	0.	0.	0.	60.	0	
13.4785	58.8588	790	0	4	5	5	4	4	6.39529e-003	5.15714e-003	0.	0.	166.	0.	0.	1.	0.	0.	0.	60.	0	
13.4955	58.8599	791	0	4	5	5	4	4	6.42029e-003	5.15714e-003	0.	0.	166.278	0.	0.	1.	0.	0.	0.	60.	0	
13.5125	58.768	792	0	4	5	5	4	5	6.4453e-003	8.62531e-003	0.	0.	166.556	0.	0.	1.	0.	0.	0.	60.	0	
13.5295	58.9363	793	0	4	5	5	4	5	6.49922e-003	8.62531e-003	0.	0.	166.833	0.	0.	1.	0.	0.	0.	60.	0	
13.5465	58.7388	794	0	4	5	5	4	5	6.54104e-003	8.62531e-003	0.	0.	167.111	0.	0.	1.	0.	0.	0.	60.	0	
13.5635	58.8317	795	0	4	5	5	4	5	6.58286e-003	8.62531e-003	0.	0.	167.389	0.	0.	1.	0.	0.	0.	60.	0	
13.5805	58.8181	796	0	4	5	5	4	5	6.66649e-003	8.62531e-003	0.	0.	167.944	0.	0.	1.	0.	0.	0.	60.	0	
13.5975	58.816	797	0	4	5	5	4	5	6.70831e-003	8.62531e-003	0.	0.	168.222	0.	0.	1.	0.	0.	0.	60.	0	
13.6145	58.8421	798	0	4	5	5	4	5	6.75012e-003	8.62531e-003	0.	0.	168.5	0.	0.	1.	0.	0.	0.	60.	0	
13.6315	58.8191	799	0	5	5	5	5	5	6.79194e-003	8.62531e-003	0.	0.	168.778	0.	0.	1.	0.	0.	0.	60.	0	
13.6485	58.8223	800	0	5	5	5	5	5	6.83376e-003	8.62531e-003	0.	0.	169.056	0.	0.	1.	0.	0.	0.	60.	0	
13.6655	58.8285	801	0	5	5	5	5	5	6.87557e-003	8.62531e-003	0.	0.	169.333	0.	0.	1.	0.	0.	0.	60.	0	
13.6825	58.8808	802	0	5	5	5	5	5	6.91739e-003	8.62531e-003	0.	0.	169.611	0.	0.	1.	0.	0.	0.	60.	0	
13.6995	58.7545	803	0	5	5	5	5	5	7.00102e-003	8.62531e-003	0.	0.	170.167	0.	0.	1.	0.	0.	0.	60.	0	
13.7165	58.8223	804	0	5	5	5	5	5	7.04284e-003	8.62531e-003	0.	0.	170.444	0.	0.	1.	0.	0.	0.	60.	0	
13.7335	58.8233	805	0	5	5	5	5	5	7.08466e-003	8.62531e-003	0.	0.	170.722	0.	0.	1.	0.	0.	0.	60.	0	
13.7505	58.84	806	0	5	5	5	5	5	7.12647e-003	8.62531e-003	0.	0.	171.	0.	0.	1.	0.	0.	0.	60.	0	
13.7675	58.7743	807	0	5	5	5	5	5	7.16829e-003	8.62531e-003	0.	0.	171.278	0.	0.	1.	0.	0.	0.	60.	0	
13.7845	58.8756	808	0	5	5	5	5	5	7.21011e-003	8.62531e-003	0.	0.	171.556	0.	0.	1.	0.	0.	0.	60.	0	
13.8015	58.8181	809	0	5	5	5	5	5	7.25192e-003	8.62531e-003	0.	0.	171.833	0.	0.	1.	0.	0.	0.	60.	0	
13.8185	58.8097	810	0	5	5	5	5	5	7.29374e-003	8.62531e-003	0.	0.	172.111	0.	0.	1.	0.	0.	0.	60.	0	
13.8355	58.8275	811	0	5	5	5	5	5	7.33556e-003	8.62531e-003	0.	0.	172.389	0.	0.	1.	0.	0.	0.	60.	0	
13.8525	58.7732	812	0	5	5	5	5	5	7.37737e-003	8.62531e-003	0.	0.	172.667	0.	0.	1.	0.	0.	0.	60.	0	
13.8695	58.8223	813	0	5	5	5	5	5	7.41919e-003	8.62531e-003	0.	0.	172.944	0.	0.	1.	0.	0.	0.	60.	0	
13.8865	58.8233	814	0	5	5	5	5	5	7.46101e-003	8.62531e-003	0.	0.	173.222	0.	0.	1.	0.	0.	0.	60.	0	
13.9035	58.862	815	0	5	5	5	5	5	7.50282e-003	8.62531e-003	0.	0.	173.5	0.	0.	1.	0.	0.	0.	60.	0	
13.9205	58.7983	816	0	5	5	5	5	5	7.54464e-003	8.62531e-003	0.	0.	173.778	0.	0.	1.	0.	0.	0.	60.	0	
13.9375	58.84	817	0	5	5	5	5	5	7.58646e-003	8.62531e-003	0.	0.	174.056	0.	0.	1.	0.	0.	0.	60.	0	
13.9545	58.839	818	0	5	5	5	5	5	7.62827e-003	8.62531e-003	0.	0.	174.333	0.	0.	1.	0.	0.	0.	60.	0	
13.9715	58.7784	819	0	5	5	5	5	5	7.67009e-003	8.62531e-003	0.	0.	174.611	0.	0.	1.	0.	0.	0.	60.	0	
13.9885	58.862	820	0	5	5	5	5	5	7.71191e-003	8.62531e-003	0.	0.	174.889	0.	0.	1.	0.	0.	0.	60.	0	
14.0055	58.7993	821	0	5	5	5	5	5	7.75372e-003	8.62531e-003	0.	0.	175.167	0.	0.	1.	0.	0.	0.	60.	0	
14.0225	58.8453	822	0	5	5	5	5	5	7.79554e-003	8.62531e-003	0.	0.	175.444	0.	0.	1.	0.	0.	0.	60.	0	
14.0395	58.8244	823	0	5	5	5	5	5	7.83736e-003	8.62531e-003	0.	0.	175.722	0.	0.	1.	0.	0.	0.	60.	0	
14.0565	58.8139	824	0	5	5	5	5	5	7.87917e-003	8.62531e-003	0.	0.	176.	0.	0.	1.	0.	0.	0.	60.	0	
14.0735	58.8223	825	0	5	5	5	5	5	7.92099e-003	8.62531e-003	0.	0.	176.278	0.	0.	1.	0.	0.	0.	60.	0	
14.0905	58.791	826	0	5	5	5	5	5	7.96281e-003	8.62531e-003	0.	0.	176.556	0.	0.	1.	0.	0.	0.	60.	0	
14.1075	58.8108	827	0	5	5	5	5	5	8.00462e-003	8.62531e-003	0.	0.	176.833	0.	0.	1.	0.	0.	0.	60.	0	
14.1245	58.8317	828	0	5	5	5	5	5	8.04644e-003	8.62531e-003	0.	0.	177.111	0.	0.	1.	0.	0.	0.	60.	0	
14.1415	58.8139	829	0	5	5	5	5	5	8.08826e-003	8.62531e-003	0.	0.	177.389	0.	0.	1.	0.	0.	0.	60.	0	
14.1585	58.8756	830	0	5	5	5	5	5	8.13007e-003	8.62531e-003	0.	0.	177.667	0.	0.	1.	0.	0.	0.	60.	0	
14.1755	58.8317	831	0	5	5	5	5	5	8.17189e-003	8.62531e-003	0.	0.	177.944	0.	0.	1.	0.	0.	0.	60.	0	
14.1926	58.718	832	0	5	5	5	5	5	8.21371e-003	8.62531e-003	0.	0.	178.222	0.	0.	1.	0.	0.	0.	60.	0	
14.2096	58.8338	833	0	5	5	5	5	5	8.25552e-003	8.62531e-003	0.	0.	178.5	0.	0.	1.	0.	0.	0.	60.	0	
14.2266	58.7764	834	0	5	5	5	5	5	8.29734e-003	8.62531e-003	0.	0.	178.778	0.	0.	1.	0.	0.	0.	60.	0	
14.2436	58.8317	835	0	5	5	5	5	5	8.33916e-003	8.62531e-003	0.	0.	179.056	0.	0.	1.	0.	0.	0.	60.	0	
14.2606	58.8233	836	0	5	5	5	5	5	8.42279e-003	8.62531e-003	0.	0.	179.611	0.	0.	1.	0.	0.	0.	60.	0	
14.2765	62.6701	837	0	5	5	5	5	5	8.46461e-003	8.62531e-003	0.	0.	179.889	0.	0.	1.	0.	0.	0.	60.	0	
14.2936	58.6743	838	0	5	5	5	5	5	8.50642e-003	8.62531e-003	0.	0.	180.167	0.	0.	1.	0.	0.	0.	60.	0	
14.3106	58.8285	839	0	5	5	5	5	5	8.54824e-003	8.62531e-003	0.	0.	180.444	0.	0.	1.	0.	0.	0.	60.	0	
14.3276	58.8254	840	0	5	5	5	5	5	8.59006e-003	8.62531e-003	0.	0.	180.722	0.	0.	1.	0.	0.	0.	60.	0	
14.3446	58.8306	841	0	5	5	5	5	5	8.67369e-003	8.62531e-003	0.	0.	181.278	0.	0.	1.	0.	0.	0.	60.	0	
14.3616	58.7451	842	0	5	5	5	5	5	8.71551e-003	8.62531e-003	0.	0.	181.556	0.	0.	1.	0.	0.	0.	60.	0	
14.3786	58.8976	843	0	5	5	5	5	5	8.75732e-003	8.62531e-003	0.	0.	181.833	0.	0.	1.	0.	0.	0.	60.	0	
14.3956	58.8181	844	0	5	5	5	5	5	8.79914e-003	8.62531e-003	0.	0.	182.111	0.	0.	1.	0.	0.	0.	60.	0	
14.4126	58.8244	845	0	5	5	5	5	5	8.84096e-003	8.62531e-003	0.	0.	182.389	0.	0.	1.	0.	0.	0.	60.	0	
14.4296	58.7701	846	0	5	5	5	5	5	8.88277e-003	8.62531e-003	0.	0.	182.667	0.	0.	1.	0.	0.	0.	60.	0	
14.4466	58.8432	847	0	5	5	5	5	5	8.92459e-003	8.62531e-003	0.	0.	182.944	0.	0.	1.	0.	0.	0.	60.	0	
14.4636	58.8139	848	0	5	5	5	5	5	8.96641e-003	8.62531e-003	0.	0.	183.222	0.	0.	1.	0.	0.	0.	60.	0	
14.4806	58.8108	849	0	5	5	5	5	5	9.00822e-003	8.62531e-003	0.	0.	183.5	0.	0.	1.	0.	0.	0.	60.	0	
14.4976	58.9321	850	0	5	5	5	5	5	9.05004e-003	8.62531e-003	0.	0.	183.778	0.	0.	1.	0.	0.	0.	60.	0	
14.5145	58.8432	851	0	5	5	5	5	5	9.09186e-003	8.62531e-003	0.	0.	184.056	0.	0.	1.	0.	0.	0.	60.	0	
14.5315	58.8494	852	0	5	5	5	5	5	9.13367e-003	8.62531e-003	0.	0.	184.333	0.	0.	1.	0.	0.	0.	60.	0	
14.5485	58.8181	853	0	5	5	5	5	5	9.17549e-003	8.62531e-003	0.	0.	184.611	0.	0.	1.	0.	0.	0.	60.	0	
14.5655	58.8244	854	0	5	5	5	5	5	9.25912e-003	8.62531e-003	0.	0.	185.167	0.	0.	1.	0.	0.	0.	60.	0	
14.5825	58.8285	855	0	5	5	5	5	5	9.30094e-003	8.62531e-003	0.	0.	185.444	0.	0.	1.	0.	0.	0.	60.	0	
14.5995	58.817	856	0	5	5	5	5	5	9.34276e-003	8.62531e-003	0.	0.	185.722	0.	0.	1.	0.	0.	0.	60.	0	
14.6165	58.8212	857	0	5	5	5	5	5	9.42639e-003	8.62531e-003	0.	0.	186.278	0.	0.	1.	0.	0.	0.	60.	0	
14.6335	58.8264	858	0	5	5	5	5	5	9.46821e-003	8.62531e-003	0.	0.	186.556	0.	0.	1.	0.	0.	0.	60.	0	
14.6496	62.4139	859	0	5	5	5	5	5	9.51002e-003	8.62531e-003	0.	0.	186.833	0.	0.	1.	0.	0.	0.	60.	0	
14.6665	58.9154	860	0	5	5	5	5	5	9.55184e-003	8.62531e-003	0.	0.	187.111	0.	0.	1.	0.	0.	0.	60.	0	
14.6835	58.816	861	0	5	5	5	5	5	9.59366e-003	8.62531e-003	0.	0.	187.389	0.	0.	1.	0.	0.	0.	60.	0	
14.7006	58.7711	862	0	5	5	5	5	5	9.63547e-003	8.62531e-003	0.	0.	187.667	0.	0.	1.	0.	0.	0.	60.	0	
14.7176	58.7889	863	0	5	5	5	5	5	9.67729e-003	8.62531e-003	0.	0.	187.944	0.	0.	1.	0.	0.	0.	60.	0	
14.7345	58.9279	864	0	5	5	5	5	5	9.76092e-003	8.62531e-003	0.	0.	188.5	0.	0.	1.	0.	0.	0.	60.	0	
14.7515	58.8003	865	0	5	5	5	5	5	9.80274e-003	8.62531e-003	0.	0.	188.778	0.	0.	1.	0.	0.	0.	60.	0	
14.7685	58.8338	866	0	5	5	5	5	5	9.84456e-003	8.62531e-003	0.	0.	189.056	0.	0.	1.	0.	0.	0.	60.	0	
14.7855	58.8056	867	0	5	5	5	5	5	9.88637e-003	8.62531e-003	0.	0.	189.333	0.	0.	1.	0.	0.	0.	60.	0	
14.8025	58.8181	868	0	5	5	5	5	5	9.92819e-003	8.62531e-003	0.	0.	189.611	0.	0.	1.	0.	0.	0.	60.	0	
14.8195	58.8358	869	0	5	5	5	5	5	1.00118e-002	8.62531e-003	0.	0.	190.167	0.	0.	1.	0.	0.	0.	60.	0	
14.8366	58.7774	870	0	5	5	5	5	5	1.00536e-002	8.62531e-003	0.	0.	190.444	0.	0.	1.	0.	0.	0.	60.	0	
14.8535	58.8588	871	0	5	5	5	5	5	1.00955e-002	8.62531e-003	0.	0.	190.722	0.	0.	1.	0.	0.	0.	60.	0	
14.8706	58.7805	872	0	5	5	5	5	5	1.01373e-002	8.62531e-003	0.	0.	191.	0.	0.	1.	0.	0.	0.	60.	0	
14.8875	58.863	873	0	5	5	5	5	5	1.02209e-002	8.62531e-003	0.	0.	191.556	0.	0.	1.	0.	0.	0.	60.	0	
14.9045	58.8077	874	0	5	5	5	5	5	1.02627e-002	8.62531e-003	0.	0.	191.833	0.	0.	1.	0.	0.	0.	60.	0	
14.9215	58.8223	875	0	5	5	5	5	5	1.03045e-002	8.62531e-003	0.	0.	192.111	0.	0.	1.	0.	0.	0.	60.	0	
14.9385	58.8223	876	0	5	5	5	5	5	1.03464e-002	8.62531e-003	0.	0.	192.389	0.	0.	1.	0.	0.	0.	60.	0	
14.9555	58.8599	877	0	5	5	5	5	5	1.03882e-002	8.62531e-003	0.	0.	192.667	0.	0.	1.	0.	0.	0.	60.	0	
14.9725	58.8077	878	0	5	5	5	5	5	1.04718e-002	8.62531e-003	0.	0.	193.222	0.	0.	1.	0.	0.	0.	60.	0	
14.9895	58.816	879	0	5	5	5	5	5	1.05136e-002	8.62531e-003	0.	0.	193.5	0.	0.	1.	0.	0.	0.	60.	0	
15.0065	58.8264	880	0	5	5	5	5	5	1.05554e-002	8.62531e-003	0.	0.	193.778	0.	0.	1.	0.	0.	0.	60.	0	
15.0236	58.7014	881	0	5	5	5	5	5	1.05973e-002	8.62531e-003	0.	0.	194.056	0.	0.	1.	0.	0.	0.	60.	0	
15.0406	58.885	882	0	5	5	5	5	5	1.06391e-002	8.62531e-003	0.	0.	194.333	0.	0.	1.	0.	0.	0.	60.	0	
15.0575	58.8819	883	0	5	5	5	5	5	1.06809e-002	8.62531e-003	0.	0.	194.611	0.	0.	1.	0.	0.	0.	60.	0	
15.0746	58.7753	884	0	5	5	5	5	5	1.07227e-002	8.62531e-003	0.	0.	194.889	0.	0.	1.	0.	0.	0.	60.	0	
15.0916	58.8484	885	0	5	5	5	5	5	1.07645e-002	8.62531e-003	0.	0.	195.167	0.	0.	1.	0.	0.	0.	60.	0	
15.1086	58.8202	886	0	5	5	5	5	5	1.08063e-002	8.62531e-003	0.	0.	195.444	0.	0.	1.	0.	0.	0.	60.	0	
15.1255	58.8588	887	0	5	5	5	5	5	1.08482e-002	8.62531e-003	0.	0.	195.722	0.	0.	1.	0.	0.	0.	60.	0	
15.1425	58.8296	888	0	5	5	5	5	5	1.089e-002	8.62531e-003	0.	0.	196.	0.	0.	1.	0.	0.	0.	60.	0	
15.1596	58.7253	889	0	5	5	5	5	5	1.09318e-002	8.62531e-003	0.	0.	196.278	0.	0.	1.	0.	0.	0.	60.	0	
15.1766	58.581	890	0	5	5	5	5	5	1.10154e-002	8.62531e-003	0.	0.	196.833	0.	0.	1.	0.	0.	0.	60.	0	
15.1936	59.0529	891	0	5	5	5	5	5	1.10572e-002	8.62531e-003	0.	0.	197.111	0.	0.	1.	0.	0.	0.	60.	0	
15.2106	58.8066	892	0	5	5	5	5	5	1.10991e-002	8.62531e-003	0.	0.	197.389	0.	0.	1.	0.	0.	0.	60.	0	
15.2276	58.8777	893	0	5	5	5	5	5	1.11409e-002	8.62531e-003	0.	0.	197.667	0.	0.	1.	0.	0.	0.	60.	0	

