Time	FPS	Frame	Crash	RB	RU	LU	LB	Dither	DAngle	swAngle	OX	OY	OZ	HX	HY	HZ	HA	Speed
Time	FPS	Frame	0	1	4	4	1	0.	1.65597e-005	0.	0.	0.	0.	0.	1.	0.	0.	0.	
Time	FPS	Frame	0	1	4	4	1	2.04958e-005	1.65597e-005	0.	0.	0.	0.	0.	1.	0.	0.	0.	
Time	FPS	Frame	0	1	4	4	1	2.04958e-005	1.65597e-005	0.	0.	0.	0.	0.	1.	0.	0.	0.	
Time	FPS	Frame	0	1	4	4	1	2.04958e-005	1.65597e-005	0.	0.	0.	0.	0.	1.	0.	0.	0.	
Time	FPS	Frame	0	1	4	4	1	2.04958e-005	1.65597e-005	0.	0.	0.	0.	0.	1.	0.	0.	0.	
Time	FPS	Frame	0	1	4	4	1	2.04958e-005	1.65597e-005	0.	0.	0.	0.	0.	1.	0.	0.	0.	
Time	FPS	Frame	0	1	4	4	1	2.04958e-005	1.65597e-005	0.	0.	0.	0.	0.	1.	0.	0.	0.	
Time	FPS	Frame	0	1	4	4	1	2.04958e-005	1.65597e-005	0.	0.	0.	0.	0.	1.	0.	0.	0.	
Time	FPS	Frame	0	1	4	4	1	2.04958e-005	1.65597e-005	0.	0.	0.	0.	0.	1.	0.	0.	0.	
Time	FPS	Frame	0	1	4	4	1	2.04958e-005	1.65597e-005	0.	0.	0.	0.	0.	1.	0.	0.	0.	
Time	FPS	Frame	0	1	4	4	1	2.04958e-005	1.65597e-005	0.	0.	0.	0.	0.	1.	0.	0.	0.	
Time	FPS	Frame	0	1	4	4	1	2.04958e-005	1.65597e-005	0.	0.	0.	0.	0.	1.	0.	0.	0.	
Time	FPS	Frame	0	1	4	4	1	2.04958e-005	1.65597e-005	0.	0.	0.	0.	0.	1.	0.	0.	0.	
Time	FPS	Frame	0	1	4	4	1	2.04958e-005	1.65597e-005	0.	0.	0.	0.	0.	1.	0.	0.	0.	
Time	FPS	Frame	0	1	4	4	1	2.04958e-005	1.65597e-005	0.	0.	0.	0.	0.	1.	0.	0.	0.	
Time	FPS	Frame	0	1	4	4	1	2.04958e-005	1.65597e-005	0.	0.	0.	0.	0.	1.	0.	0.	0.	
Time	FPS	Frame	0	1	4	4	1	2.04958e-005	1.65597e-005	0.	0.	0.	0.	0.	1.	0.	0.	0.	
Time	FPS	Frame	0	1	4	4	1	2.04958e-005	1.65597e-005	0.	0.	0.	0.	0.	1.	0.	0.	0.	
Time	FPS	Frame	0	1	4	4	1	2.04958e-005	1.65597e-005	0.	0.	0.	0.	0.	1.	0.	0.	0.	
Time	FPS	Frame	0	1	4	4	1	2.04958e-005	1.65597e-005	0.	0.	0.	0.	0.	1.	0.	0.	0.	
Time	FPS	Frame	0	1	4	4	1	2.04958e-005	1.65597e-005	0.	0.	0.	0.	0.	1.	0.	0.	0.	
Time	FPS	Frame	0	1	4	4	1	2.04958e-005	1.65597e-005	0.	0.	0.	0.	0.	1.	0.	0.	0.	
Time	FPS	Frame	0	1	4	4	1	2.04958e-005	1.65597e-005	0.	0.	0.	0.	0.	1.	0.	0.	0.	
Time	FPS	Frame	0	1	4	4	1	2.04958e-005	1.65597e-005	0.	0.	0.	0.	0.	1.	0.	0.	0.	
Time	FPS	Frame	0	1	4	4	1	2.04958e-005	1.65597e-005	0.	0.	0.	0.	0.	1.	0.	0.	0.	
Time	FPS	Frame	0	1	4	4	1	2.04958e-005	1.65597e-005	0.	0.	0.	0.	0.	1.	0.	0.	0.	
Time	FPS	Frame	0	1	4	4	1	2.04958e-005	1.65597e-005	0.	0.	0.	0.	0.	1.	0.	0.	0.	
Time	FPS	Frame	0	1	4	4	1	2.04958e-005	1.65597e-005	0.	0.	0.	0.	0.	1.	0.	0.	0.	
Time	FPS	Frame	0	1	4	4	1	2.04958e-005	1.65597e-005	0.	0.	0.	0.	0.	1.	0.	0.	0.	
Time	FPS	Frame	0	1	4	4	1	2.04958e-005	1.65597e-005	0.	0.	0.	0.	0.	1.	0.	0.	0.	
Time	FPS	Frame	0	1	4	4	1	2.04958e-005	1.65597e-005	0.	0.	0.	0.	0.	1.	0.	0.	0.	
Time	FPS	Frame	0	1	4	4	1	2.04958e-005	1.65597e-005	0.	0.	0.	0.	0.	1.	0.	0.	0.	
Time	FPS	Frame	0	1	4	4	1	2.04958e-005	1.65597e-005	0.	0.	0.	0.	0.	1.	0.	0.	0.	
Time	FPS	Frame	0	1	4	4	1	2.04958e-005	1.65597e-005	0.	0.	0.	0.	0.	1.	0.	0.	0.	
Time	FPS	Frame	0	1	4	4	1	2.04958e-005	1.65597e-005	0.	0.	0.	0.	0.	1.	0.	0.	0.	
Time	FPS	Frame	0	1	4	4	1	2.04958e-005	1.65597e-005	0.	0.	0.	0.	0.	1.	0.	0.	0.	
Time	FPS	Frame	0	1	4	4	1	2.04958e-005	1.65597e-005	0.	0.	0.	0.	0.	1.	0.	0.	0.	
Time	FPS	Frame	0	1	4	4	1	2.04958e-005	1.65597e-005	0.	0.	0.	0.	0.	1.	0.	0.	0.	
Time	FPS	Frame	0	1	4	4	1	2.04958e-005	1.65597e-005	0.	0.	0.	0.	0.	1.	0.	0.	0.	
Time	FPS	Frame	0	1	4	4	1	2.04958e-005	1.65597e-005	0.	0.	0.	0.	0.	1.	0.	0.	0.	
Time	FPS	Frame	0	1	4	4	1	2.04958e-005	1.65597e-005	0.	0.	0.	0.	0.	1.	0.	0.	0.	
Time	FPS	Frame	0	1	4	4	1	2.04958e-005	1.65597e-005	0.	0.	0.	0.	0.	1.	0.	0.	0.	
Time	FPS	Frame	0	1	4	4	1	2.04958e-005	1.65597e-005	0.	0.	0.	0.	0.	1.	0.	0.	0.	
Time	FPS	Frame	0	1	4	4	1	2.04958e-005	1.65597e-005	0.	0.	0.	0.	0.	1.	0.	0.	0.	
Time	FPS	Frame	0	1	4	4	1	2.04958e-005	1.65597e-005	0.	0.	0.	0.	0.	1.	0.	0.	0.	
Time	FPS	Frame	0	1	4	4	1	2.04958e-005	1.65597e-005	0.	0.	0.	0.	0.	1.	0.	0.	0.	
Time	FPS	Frame	0	1	4	4	1	2.04958e-005	1.65597e-005	0.	0.	0.	0.	0.	1.	0.	0.	0.	
Time	FPS	Frame	0	1	4	4	1	2.04958e-005	1.65597e-005	0.	0.	0.	0.	0.	1.	0.	0.	0.	
Time	FPS	Frame	0	1	4	4	1	2.04958e-005	1.65597e-005	0.	0.	0.	0.	0.	1.	0.	0.	0.	
Time	FPS	Frame	0	1	4	4	1	2.04958e-005	1.65597e-005	0.	0.	0.	0.	0.	1.	0.	0.	0.	
Time	FPS	Frame	0	1	4	4	1	2.04958e-005	1.65597e-005	0.	0.	0.	0.	0.	1.	0.	0.	0.	
Time	FPS	Frame	0	1	4	4	1	2.04958e-005	1.65597e-005	0.	0.	0.	0.	0.	1.	0.	0.	0.	
Time	FPS	Frame	0	1	4	4	1	2.04958e-005	1.65597e-005	0.	0.	0.	0.	0.	1.	0.	0.	0.	
Time	FPS	Frame	0	1	4	4	1	2.04958e-005	1.65597e-005	0.	0.	0.	0.	0.	1.	0.	0.	0.	
Time	FPS	Frame	0	1	4	4	1	2.04958e-005	1.65597e-005	0.	0.	0.	0.	0.	1.	0.	0.	0.	
Time	FPS	Frame	0	1	4	4	1	2.04958e-005	1.65597e-005	0.	0.	0.	0.	0.	1.	0.	0.	0.	
Time	FPS	Frame	0	1	4	4	1	2.04958e-005	1.65597e-005	0.	0.	0.	0.	0.	1.	0.	0.	0.	
Time	FPS	Frame	0	1	4	4	1	2.04958e-005	1.65597e-005	0.	0.	0.	0.	0.	1.	0.	0.	0.	
Time	FPS	Frame	0	1	4	4	1	2.04958e-005	1.65597e-005	0.	0.	0.	0.	0.	1.	0.	0.	0.	
Time	FPS	Frame	0	1	4	4	1	2.04958e-005	1.65597e-005	0.	0.	0.	0.	0.	1.	0.	0.	0.	
Time	FPS	Frame	0	1	4	4	1	2.04958e-005	1.65597e-005	0.	0.	0.	0.	0.	1.	0.	0.	0.	
Time	FPS	Frame	0	1	4	4	1	2.04958e-005	1.65597e-005	0.	0.	0.	0.	0.	1.	0.	0.	0.	
Time	FPS	Frame	0	1	4	4	1	2.04958e-005	1.65597e-005	0.	0.	0.	0.	0.	1.	0.	0.	0.	
Time	FPS	Frame	0	1	4	4	1	2.14158e-005	1.65597e-005	0.	0.	5.55556e-002	0.	0.	1.	0.	0.	5.55556e-002	
Time	FPS	Frame	0	1	4	4	1	2.23357e-005	1.65597e-005	0.	0.	0.111111	0.	0.	1.	0.	0.	5.55556e-002	
Time	FPS	Frame	0	1	4	4	1	2.32557e-005	1.65597e-005	0.	0.	0.166667	0.	0.	1.	0.	0.	5.55556e-002	
Time	FPS	Frame	0	1	4	4	1	2.41757e-005	4.55489e-005	0.	0.	0.222222	0.	0.	1.	0.	0.	5.55556e-002	
Time	FPS	Frame	0	1	4	4	1	2.68732e-005	4.55489e-005	0.	0.	0.277778	0.	0.	1.	0.	0.	5.55556e-002	
Time	FPS	Frame	0	1	4	4	1	2.94037e-005	4.55489e-005	0.	0.	0.333333	0.	0.	1.	0.	0.	5.55556e-002	
Time	FPS	Frame	0	1	5	5	1	3.19342e-005	4.55489e-005	0.	0.	0.388889	0.	0.	1.	0.	0.	5.55556e-002	
Time	FPS	Frame	0	1	5	5	1	3.44647e-005	4.55489e-005	0.	0.	0.444444	0.	0.	1.	0.	0.	5.55556e-002	
Time	FPS	Frame	0	1	5	5	1	3.69952e-005	4.55489e-005	0.	0.	0.5	0.	0.	1.	0.	0.	5.55556e-002	
Time	FPS	Frame	0	1	5	5	1	3.95257e-005	4.55489e-005	0.	0.	0.555556	0.	0.	1.	0.	0.	5.55556e-002	
Time	FPS	Frame	0	1	5	5	1	4.20562e-005	4.55489e-005	0.	0.	0.611111	0.	0.	1.	0.	0.	5.55556e-002	
Time	FPS	Frame	0	1	5	5	1	4.45867e-005	4.55489e-005	0.	0.	0.666667	0.	0.	1.	0.	0.	5.55556e-002	
Time	FPS	Frame	0	1	5	5	1	4.71172e-005	4.55489e-005	0.	0.	0.722222	0.	0.	1.	0.	0.	5.55556e-002	
Time	FPS	Frame	0	1	5	5	1	4.96477e-005	4.55489e-005	0.	0.	0.777778	0.	0.	1.	0.	0.	5.55556e-002	
Time	FPS	Frame	0	1	5	5	1	5.21782e-005	4.55489e-005	0.	0.	0.833333	0.	0.	1.	0.	0.	5.55556e-002	
Time	FPS	Frame	0	1	5	5	1	5.47087e-005	4.55489e-005	0.	0.	0.888889	0.	0.	1.	0.	0.	5.55556e-002	
Time	FPS	Frame	0	1	5	5	1	5.72392e-005	4.55489e-005	0.	0.	0.944444	0.	0.	1.	0.	0.	5.55556e-002	
Time	FPS	Frame	0	1	5	5	1	5.97697e-005	4.55489e-005	0.	0.	1.	0.	0.	1.	0.	0.	5.55556e-002	
Time	FPS	Frame	0	1	5	5	1	6.23002e-005	4.55489e-005	0.	0.	1.05556	0.	0.	1.	0.	0.	5.55556e-002	
Time	FPS	Frame	0	1	5	5	1	6.48307e-005	4.55489e-005	0.	0.	1.11111	0.	0.	1.	0.	0.	5.55556e-002	
Time	FPS	Frame	0	1	5	5	1	6.73612e-005	4.55489e-005	0.	0.	1.16667	0.	0.	1.	0.	0.	5.55556e-002	
Time	FPS	Frame	0	1	5	5	1	6.98916e-005	4.55489e-005	0.	0.	1.22222	0.	0.	1.	0.	0.	5.55556e-002	
Time	FPS	Frame	0	1	5	5	1	7.24221e-005	4.55489e-005	0.	0.	1.27778	0.	0.	1.	0.	0.	5.55556e-002	
Time	FPS	Frame	0	2	5	5	2	7.49526e-005	4.55489e-005	0.	0.	1.33333	0.	0.	1.	0.	0.	5.55556e-002	
Time	FPS	Frame	0	2	5	5	2	7.74831e-005	4.55489e-005	0.	0.	1.38889	0.	0.	1.	0.	0.	5.55556e-002	
Time	FPS	Frame	0	2	5	5	2	8.00136e-005	4.55489e-005	0.	0.	1.44444	0.	0.	1.	0.	0.	5.55556e-002	
Time	FPS	Frame	0	2	5	5	2	8.25441e-005	9.00956e-005	0.	0.	1.5	0.	0.	1.	0.	0.	5.55556e-002	
Time	FPS	Frame	0	2	5	5	2	8.87655e-005	9.00956e-005	0.	0.	1.55556	0.	0.	1.	0.	0.	5.55556e-002	
Time	FPS	Frame	0	2	6	6	2	9.37708e-005	9.00956e-005	0.	0.	1.61111	0.	0.	1.	0.	0.	5.55556e-002	
Time	FPS	Frame	0	2	6	6	2	9.87761e-005	9.00956e-005	0.	0.	1.66667	0.	0.	1.	0.	0.	5.55556e-002	
Time	FPS	Frame	0	2	6	6	2	1.08787e-004	9.00956e-005	0.	0.	1.77778	0.	0.	1.	0.	0.	0.111111	
Time	FPS	Frame	0	2	6	6	2	1.18797e-004	9.00956e-005	0.	0.	1.88889	0.	0.	1.	0.	0.	0.111111	
Time	FPS	Frame	0	2	6	6	2	1.33813e-004	9.00956e-005	0.	0.	2.05556	0.	0.	1.	0.	0.	0.166667	
Time	FPS	Frame	0	2	6	6	2	1.48829e-004	9.00956e-005	0.	0.	2.22222	0.	0.	1.	0.	0.	0.166667	
Time	FPS	Frame	0	2	6	6	2	1.6885e-004	9.00956e-005	0.	0.	2.44444	0.	0.	1.	0.	0.	0.222222	
Time	FPS	Frame	0	3	6	6	3	1.88872e-004	9.00956e-005	0.	0.	2.66667	0.	0.	1.	0.	0.	0.222222	
Time	FPS	Frame	0	3	7	7	3	2.13898e-004	1.50472e-004	0.	0.	2.94444	0.	0.	1.	0.	0.	0.277778	
Time	FPS	Frame	0	3	7	7	3	2.6978e-004	1.50472e-004	0.	0.	3.22222	0.	0.	1.	0.	0.	0.277778	
Time	FPS	Frame	0	3	7	7	3	3.11578e-004	1.50472e-004	0.	0.	3.5	0.	0.	1.	0.	0.	0.277778	
Time	FPS	Frame	0	3	7	7	3	3.53376e-004	1.50472e-004	0.	0.	3.77778	0.	0.	1.	0.	0.	0.277778	
Time	FPS	Frame	0	4	8	8	4	3.95174e-004	2.27844e-004	0.	0.	4.05556	0.	0.	1.	0.	0.	0.277778	
Time	FPS	Frame	0	4	8	8	4	4.68023e-004	2.27844e-004	0.	0.	4.33333	0.	0.	1.	0.	0.	0.277778	
Time	FPS	Frame	0	4	8	8	4	5.31313e-004	2.27844e-004	0.	0.	4.61111	0.	0.	1.	0.	0.	0.277778	
Time	FPS	Frame	0	4	8	8	4	5.94603e-004	2.27844e-004	0.	0.	4.88889	0.	0.	1.	0.	0.	0.277778	
Time	FPS	Frame	0	5	9	9	5	6.57893e-004	3.22531e-004	0.	0.	5.16667	0.	0.	1.	0.	0.	0.277778	
Time	FPS	Frame	0	5	9	9	5	7.50448e-004	3.22531e-004	0.	0.	5.44444	0.	0.	1.	0.	0.	0.277778	
Time	FPS	Frame	0	5	9	9	5	9.29632e-004	3.22531e-004	0.	0.	6.	0.	0.	1.	0.	0.	0.277778	
Time	FPS	Frame	0	5	9	9	5	1.01922e-003	3.22531e-004	0.	0.	6.27778	0.	0.	1.	0.	0.	0.277778	
Time	FPS	Frame	0	6	10	10	6	1.10882e-003	4.3567e-004	0.	0.	6.55556	0.	0.	1.	0.	0.	0.277778	
Time	FPS	Frame	0	6	10	10	6	1.25632e-003	4.3567e-004	0.	0.	6.83333	0.	0.	1.	0.	0.	0.277778	
Time	FPS	Frame	0	6	10	10	6	1.37734e-003	4.3567e-004	0.	0.	7.11111	0.	0.	1.	0.	0.	0.277778	
Time	FPS	Frame	0	6	10	10	6	1.49836e-003	4.3567e-004	0.	0.	7.38889	0.	0.	1.	0.	0.	0.277778	
Time	FPS	Frame	0	7	11	11	7	1.61938e-003	5.67626e-004	0.	0.	7.66667	0.	0.	1.	0.	0.	0.277778	
Time	FPS	Frame	0	7	11	11	7	1.80032e-003	5.67626e-004	0.	0.	7.94444	0.	0.	1.	0.	0.	0.277778	
Time	FPS	Frame	0	7	11	11	7	1.95799e-003	5.67626e-004	0.	0.	8.22222	0.	0.	1.	0.	0.	0.277778	
Time	FPS	Frame	0	7	11	11	7	2.11567e-003	5.67626e-004	0.	0.	8.5	0.	0.	1.	0.	0.	0.277778	
Time	FPS	Frame	0	8	12	12	8	2.27334e-003	7.19291e-004	0.	0.	8.77778	0.	0.	1.	0.	0.	0.277778	
Time	FPS	Frame	0	8	12	12	8	2.49369e-003	7.19291e-004	0.	0.	9.05556	0.	0.	1.	0.	0.	0.277778	
Time	FPS	Frame	0	8	12	12	8	2.6935e-003	7.19291e-004	0.	0.	9.33333	0.	0.	1.	0.	0.	0.277778	
Time	FPS	Frame	0	8	12	12	8	2.8933e-003	7.19291e-004	0.	0.	9.61111	0.	0.	1.	0.	0.	0.277778	
Time	FPS	Frame	0	9	13	13	9	3.0931e-003	8.91602e-004	0.	0.	9.88889	0.	0.	1.	0.	0.	0.277778	
Time	FPS	Frame	0	9	13	13	9	3.35998e-003	8.91602e-004	0.	0.	10.1667	0.	0.	1.	0.	0.	0.277778	
Time	FPS	Frame	0	9	13	13	9	3.60765e-003	8.91602e-004	0.	0.	10.4444	0.	0.	1.	0.	0.	0.277778	
Time	FPS	Frame	0	9	13	13	9	3.85532e-003	8.91602e-004	0.	0.	10.7222	0.	0.	1.	0.	0.	0.277778	
Time	FPS	Frame	0	10	14	14	10	4.10298e-003	1.08542e-003	0.	0.	11.	0.	0.	1.	0.	0.	0.277778	
Time	FPS	Frame	0	10	14	14	10	4.42468e-003	1.08542e-003	0.	0.	11.2778	0.	0.	1.	0.	0.	0.277778	
Time	FPS	Frame	0	10	14	14	10	4.72619e-003	1.08542e-003	0.	0.	11.5556	0.	0.	1.	0.	0.	0.277778	
Time	FPS	Frame	0	10	15	15	10	5.02769e-003	1.08542e-003	0.	0.	11.8333	0.	0.	1.	0.	0.	0.277778	
Time	FPS	Frame	0	10	15	15	10	5.3292e-003	1.30174e-003	0.	0.	12.1111	0.	0.	1.	0.	0.	0.277778	
Time	FPS	Frame	0	11	15	15	11	5.71533e-003	1.30174e-003	0.	0.	12.3889	0.	0.	1.	0.	0.	0.277778	
Time	FPS	Frame	0	11	15	15	11	6.07692e-003	1.30174e-003	0.	0.	12.6667	0.	0.	1.	0.	0.	0.277778	
Time	FPS	Frame	0	11	16	16	11	6.43852e-003	1.30174e-003	0.	0.	12.9444	0.	0.	1.	0.	0.	0.277778	
Time	FPS	Frame	0	11	16	16	11	6.80011e-003	1.54119e-003	0.	0.	13.2222	0.	0.	1.	0.	0.	0.277778	
Time	FPS	Frame	0	12	16	16	12	7.26149e-003	1.54119e-003	0.	0.	13.5	0.	0.	1.	0.	0.	0.277778	
Time	FPS	Frame	0	12	16	16	12	7.6896e-003	1.54119e-003	0.	0.	13.7778	0.	0.	1.	0.	0.	0.277778	
Time	FPS	Frame	0	12	17	17	12	8.11771e-003	1.54119e-003	0.	0.	14.0556	0.	0.	1.	0.	0.	0.277778	
Time	FPS	Frame	0	12	17	17	12	8.54582e-003	1.80493e-003	0.	0.	14.3333	0.	0.	1.	0.	0.	0.277778	
Time	FPS	Frame	0	13	17	17	13	9.09485e-003	1.80493e-003	0.	0.	14.6111	0.	0.	1.	0.	0.	0.277778	
Time	FPS	Frame	0	13	17	17	13	9.59622e-003	1.80493e-003	0.	0.	14.8889	0.	0.	1.	0.	0.	0.277778	
Time	FPS	Frame	0	13	18	18	13	1.00976e-002	1.80493e-003	0.	0.	15.1667	0.	0.	1.	0.	0.	0.277778	
Time	FPS	Frame	0	14	18	18	14	1.0599e-002	2.09398e-003	0.	0.	15.4444	0.	0.	1.	0.	0.	0.277778	
Time	FPS	Frame	0	14	18	18	14	1.12496e-002	2.09398e-003	0.	0.	15.7222	0.	0.	1.	0.	0.	0.277778	
Time	FPS	Frame	0	14	19	19	14	1.18312e-002	2.09398e-003	0.	0.	16.	0.	0.	1.	0.	0.	0.277778	
Time	FPS	Frame	0	14	19	19	14	1.24129e-002	2.40916e-003	0.	0.	16.2778	0.	0.	1.	0.	0.	0.277778	
Time	FPS	Frame	0	15	19	19	15	1.3093e-002	2.40916e-003	0.	0.	16.5556	0.	0.	1.	0.	0.	0.277778	
Time	FPS	Frame	0	15	19	19	15	1.37622e-002	2.40916e-003	0.	0.	16.8333	0.	0.	1.	0.	0.	0.277778	
Time	FPS	Frame	0	15	20	20	15	1.44314e-002	2.40916e-003	0.	0.	17.1111	0.	0.	1.	0.	0.	0.277778	
Time	FPS	Frame	0	15	20	20	15	1.51006e-002	2.75188e-003	0.	0.	17.3889	0.	0.	1.	0.	0.	0.277778	
Time	FPS	Frame	0	16	20	20	16	1.59074e-002	2.75188e-003	0.	0.	17.6667	0.	0.	1.	0.	0.	0.277778	
Time	FPS	Frame	0	16	21	21	16	1.66718e-002	2.75188e-003	0.	0.	17.9444	0.	0.	1.	0.	0.	0.277778	
Time	FPS	Frame	0	16	21	21	16	1.74362e-002	2.75188e-003	0.	0.	18.2222	0.	0.	1.	0.	0.	0.277778	
Time	FPS	Frame	0	16	21	21	16	1.82007e-002	3.12328e-003	0.	0.	18.5	0.	0.	1.	0.	0.	0.277778	
Time	FPS	Frame	0	17	21	21	17	1.91532e-002	3.12328e-003	0.	0.	18.7778	0.	0.	1.	0.	0.	0.277778	
Time	FPS	Frame	0	17	22	22	17	2.00208e-002	3.12328e-003	0.	0.	19.0556	0.	0.	1.	0.	0.	0.277778	
Time	FPS	Frame	0	17	22	22	17	2.08884e-002	3.52406e-003	0.	0.	19.3333	0.	0.	1.	0.	0.	0.277778	
Time	FPS	Frame	0	18	22	22	17	2.18959e-002	3.52406e-003	0.	0.	19.6111	0.	0.	1.	0.	0.	0.277778	
Time	FPS	Frame	0	18	23	23	18	2.28748e-002	3.52406e-003	0.	0.	19.8889	0.	0.	1.	0.	0.	0.277778	
Time	FPS	Frame	0	18	23	23	18	2.38537e-002	3.52406e-003	0.	0.	20.1667	0.	0.	1.	0.	0.	0.277778	
Time	FPS	Frame	0	18	23	23	18	2.48326e-002	3.9559e-003	0.	0.	20.4444	0.	0.	1.	0.	0.	0.277778	
Time	FPS	Frame	0	19	24	23	19	2.60208e-002	3.9559e-003	0.	0.	20.7222	0.	0.	1.	0.	0.	0.277778	
Time	FPS	Frame	0	19	24	24	19	2.71197e-002	3.9559e-003	0.	0.	21.	0.	0.	1.	0.	0.	0.277778	
Time	FPS	Frame	0	19	24	24	19	2.82186e-002	4.42e-003	0.	0.	21.2778	0.	0.	1.	0.	0.	0.277778	
Time	FPS	Frame	0	19	24	24	19	2.94834e-002	4.42e-003	0.	0.	21.5556	0.	0.	1.	0.	0.	0.277778	
Time	FPS	Frame	0	20	25	25	20	3.07112e-002	4.42e-003	0.	0.	21.8333	0.	0.	1.	0.	0.	0.277778	
Time	FPS	Frame	0	20	25	25	20	3.1939e-002	4.42e-003	0.	0.	22.1111	0.	0.	1.	0.	0.	0.277778	
Time	FPS	Frame	0	20	25	25	20	3.31667e-002	4.91747e-003	0.	0.	22.3889	0.	0.	1.	0.	0.	0.277778	
Time	FPS	Frame	0	21	26	26	21	3.46549e-002	4.91747e-003	0.	0.	22.6667	0.	0.	1.	0.	0.	0.277778	
Time	FPS	Frame	0	21	26	26	21	3.60208e-002	4.91747e-003	0.	0.	22.9444	0.	0.	1.	0.	0.	0.277778	
Time	FPS	Frame	0	21	26	26	21	3.73868e-002	5.44981e-003	0.	0.	23.2222	0.	0.	1.	0.	0.	0.277778	
Time	FPS	Frame	0	21	27	27	21	3.89795e-002	5.44981e-003	0.	0.	23.5	0.	0.	1.	0.	0.	0.277778	
Time	FPS	Frame	0	22	27	27	22	4.04933e-002	5.44981e-003	0.	0.	23.7778	0.	0.	1.	0.	0.	0.277778	
Time	FPS	Frame	0	22	27	27	22	4.20071e-002	6.01837e-003	0.	0.	24.0556	0.	0.	1.	0.	0.	0.277778	
Time	FPS	Frame	0	22	28	27	22	3.55845e-002	2.92833e-003	0.	8.11586e-003	24.3307	0.	3.09003e-003	0.999995	0.	0.	0.277778	
Time	FPS	Frame	0	23	28	28	23	3.05973e-002	7.22191e-004	0.	1.47635e-002	24.6066	0.	5.29615e-003	0.999986	0.	0.	0.277778	
Time	FPS	Frame	0	23	28	28	23	2.6659e-002	8.5289e-004	0.	2.03654e-002	24.883	0.	6.8712e-003	0.999976	0.	0.	0.277778	
Time	FPS	Frame	0	23	29	28	23	2.34684e-002	1.37114e-003	0.	2.52219e-002	25.1598	0.	7.99571e-003	0.999968	0.	0.	0.277778	
Time	FPS	Frame	0	24	29	29	23	2.03988e-002	2.45686e-003	0.	3.0288e-002	25.4366	0.	9.08139e-003	0.999959	0.	0.	0.277778	
Time	FPS	Frame	0	24	29	29	24	1.76815e-002	3.23195e-003	0.	3.48411e-002	25.7137	0.	9.85645e-003	0.999951	0.	0.	0.277778	
Time	FPS	Frame	0	24	30	29	24	1.53314e-002	3.13965e-003	0.	3.90282e-002	25.991	0.	1.04098e-002	0.999946	0.	0.	0.277778	
Time	FPS	Frame	0	25	30	30	25	1.02147e-002	4.39901e-003	0.	4.83128e-002	26.5454	0.	1.1669e-002	0.999932	0.	0.	0.277778	
Time	FPS	Frame	0	25	31	30	25	8.01009e-003	4.08721e-003	0.	5.25344e-002	26.8228	0.	1.20435e-002	0.999927	0.	0.	0.277778	
Time	FPS	Frame	0	25	31	31	25	5.34651e-003	4.71429e-003	0.	5.7521e-002	27.1	0.	1.26706e-002	0.99992	0.	0.	0.277778	
Time	FPS	Frame	0	26	31	31	26	2.86245e-003	5.16198e-003	0.	6.2212e-002	27.3774	0.	1.31182e-002	0.999914	0.	0.	0.277778	
Time	FPS	Frame	0	26	32	31	26	5.90157e-004	4.75268e-003	0.	6.66921e-002	27.6548	0.	1.34378e-002	0.99991	0.	0.	0.277778	
Time	FPS	Frame	0	26	32	32	26	2.22087e-003	5.3609e-003	0.	7.20159e-002	27.9321	0.	1.4046e-002	0.999901	0.	0.	0.277778	
Time	FPS	Frame	0	27	32	32	27	4.84897e-003	5.79512e-003	0.	7.70532e-002	28.2094	0.	1.44801e-002	0.999895	0.	0.	0.277778	
Time	FPS	Frame	0	27	33	32	27	7.27174e-003	5.33191e-003	0.	8.18861e-002	28.4869	0.	1.47901e-002	0.999891	0.	0.	0.277778	
Time	FPS	Frame	0	27	33	33	27	1.02824e-002	5.95353e-003	0.	8.76198e-002	28.7641	0.	1.54117e-002	0.999881	0.	0.	0.277778	
Time	FPS	Frame	0	28	33	33	28	1.31e-002	6.39732e-003	0.	9.3061e-002	29.0414	0.	1.58554e-002	0.999874	0.	0.	0.277778	
Time	FPS	Frame	0	28	34	34	28	1.57078e-002	5.89567e-003	0.	9.82934e-002	29.3189	0.	1.61722e-002	0.999869	0.	0.	0.277778	
Time	FPS	Frame	0	28	34	34	28	1.89338e-002	6.54222e-003	0.	0.104475	29.5961	0.	1.68186e-002	0.999859	0.	0.	0.277778	
Time	FPS	Frame	0	29	34	34	28	2.19613e-002	7.0038e-003	0.	0.110353	29.8734	0.	1.72802e-002	0.999851	0.	0.	0.277778	
Time	FPS	Frame	0	29	35	35	29	2.47707e-002	6.466e-003	0.	0.116014	30.1508	0.	1.76096e-002	0.999845	0.	0.	0.277778	
Time	FPS	Frame	0	29	35	35	29	2.8212e-002	7.14142e-003	0.	0.12267	30.428	0.	1.82849e-002	0.999833	0.	0.	0.277778	
Time	FPS	Frame	0	30	35	35	29	3.14597e-002	7.62359e-003	0.	0.129008	30.7053	0.	1.8767e-002	0.999824	0.	0.	0.277778	
Time	FPS	Frame	0	30	36	36	30	3.44796e-002	7.0516e-003	0.	0.13512	30.9827	0.	1.91112e-002	0.999817	0.	0.	0.277778	
Time	FPS	Frame	0	30	36	36	30	3.82514e-002	7.80336e-003	0.	0.142392	31.2597	0.	1.98628e-002	0.999803	0.	0.	0.277778	
Time	FPS	Frame	0	31	37	36	30	4.18256e-002	8.34007e-003	0.	0.14931	31.537	0.	2.03994e-002	0.999792	0.	0.	0.277778	
Time	FPS	Frame	0	31	37	37	31	4.51463e-002	7.75527e-003	0.	0.155976	31.8143	0.	2.07825e-002	0.999784	0.	0.	0.277778	
Time	FPS	Frame	0	31	37	37	31	4.90579e-002	8.50424e-003	0.	0.163703	32.0914	0.	2.15313e-002	0.999768	0.	0.	0.277778	
Time	FPS	Frame	0	32	38	38	31	5.28212e-002	9.03894e-003	0.	0.171079	32.3686	0.	2.20659e-002	0.999757	0.	0.	0.277778	
Time	FPS	Frame	0	32	38	38	32	5.6332e-002	8.39925e-003	0.	0.178204	32.646	0.	2.24475e-002	0.999748	0.	0.	0.277778	
Time	FPS	Frame	0	32	38	38	32	6.05094e-002	9.20663e-003	0.	0.186545	32.9229	0.	2.32547e-002	0.99973	0.	0.	0.277778	
Time	FPS	Frame	0	33	39	39	33	6.45767e-002	8.70545e-003	0.	0.194507	33.2001	0.	2.38309e-002	0.999716	0.	0.	0.277778	
Time	FPS	Frame	0	33	39	39	33	6.93279e-002	9.61821e-003	0.	0.203506	33.477	0.	2.47434e-002	0.999694	0.	0.	0.277778	
Time	FPS	Frame	0	33	40	39	33	7.37062e-002	1.02698e-002	0.	0.212077	33.7541	0.	2.53948e-002	0.999677	0.	0.	0.277778	
Time	FPS	Frame	0	34	40	40	34	7.77771e-002	9.5994e-003	0.	0.220343	34.0313	0.	2.58598e-002	0.999666	0.	0.	0.277778	
Time	FPS	Frame	0	34	40	40	34	8.25968e-002	1.0479e-002	0.	0.229817	34.3082	0.	2.67392e-002	0.999642	0.	0.	0.277778	
Time	FPS	Frame	0	34	41	41	34	8.71519e-002	1.1107e-002	0.	0.23888	34.5853	0.	2.73669e-002	0.999625	0.	0.	0.277778	
Time	FPS	Frame	0	35	41	41	35	9.14108e-002	1.03604e-002	0.	0.247649	34.8626	0.	2.78151e-002	0.999613	0.	0.	0.277778	
Time	FPS	Frame	0	35	42	41	35	9.62797e-002	1.12229e-002	0.	0.25762	35.1395	0.	2.86773e-002	0.999589	0.	0.	0.277778	
Time	FPS	Frame	0	35	42	42	35	0.101009	1.05803e-002	0.	0.267189	35.4165	0.	2.92928e-002	0.999571	0.	0.	0.277778	
Time	FPS	Frame	0	36	42	42	36	0.106428	1.15514e-002	0.	0.277852	35.6933	0.	3.02634e-002	0.999542	0.	0.	0.277778	
Time	FPS	Frame	0	36	43	43	36	0.111451	1.22447e-002	0.	0.288061	35.9703	0.	3.09564e-002	0.999521	0.	0.	0.277778	
Time	FPS	Frame	0	37	43	43	36	0.116147	1.1417e-002	0.	0.297947	36.2475	0.	3.14511e-002	0.999505	0.	0.	0.277778	
Time	FPS	Frame	0	37	44	43	37	0.121369	1.22839e-002	0.	0.308937	36.5243	0.	3.23177e-002	0.999478	0.	0.	0.277778	
Time	FPS	Frame	0	37	44	44	37	0.126401	1.15124e-002	0.	0.319523	36.8014	0.	3.29363e-002	0.999457	0.	0.	0.277778	
Time	FPS	Frame	0	38	45	44	38	0.132016	1.24448e-002	0.	0.331094	37.0781	0.	3.38682e-002	0.999426	0.	0.	0.277778	
Time	FPS	Frame	0	38	45	45	38	0.137215	1.31105e-002	0.	0.342231	37.3551	0.	3.45335e-002	0.999404	0.	0.	0.277778	
Time	FPS	Frame	0	38	45	45	38	0.1421	1.21256e-002	0.	0.353057	37.6323	0.	3.50085e-002	0.999387	0.	0.	0.277778	
Time	FPS	Frame	0	39	46	46	39	0.147372	1.29402e-002	0.	0.364897	37.9091	0.	3.58225e-002	0.999358	0.	0.	0.277778	
Time	FPS	Frame	0	39	46	46	39	0.152488	1.19885e-002	0.	0.376357	38.1862	0.	3.64037e-002	0.999337	0.	0.	0.277778	
Time	FPS	Frame	0	40	47	46	39	0.158028	1.28507e-002	0.	0.388706	38.463	0.	3.72654e-002	0.999305	0.	0.	0.277778	
Time	FPS	Frame	0	40	47	47	40	0.163208	1.34663e-002	0.	0.400654	38.74	0.	3.78805e-002	0.999282	0.	0.	0.277778	
Time	FPS	Frame	0	40	48	47	40	0.168099	1.22982e-002	0.	0.412316	39.0171	0.	3.83196e-002	0.999266	0.	0.	0.277778	
Time	FPS	Frame	0	41	48	48	41	0.173178	1.30528e-002	0.	0.424917	39.294	0.	3.90737e-002	0.999236	0.	0.	0.277778	
Time	FPS	Frame	0	41	49	48	41	0.178213	1.19046e-002	0.	0.437168	39.571	0.	3.9612e-002	0.999215	0.	0.	0.277778	
Time	FPS	Frame	0	42	49	49	41	0.183581	1.27507e-002	0.	0.450364	39.8478	0.	4.04574e-002	0.999181	0.	0.	0.277778	
Time	FPS	Frame	0	42	49	49	42	0.188703	1.1588e-002	0.	0.463167	40.1248	0.	4.1061e-002	0.999157	0.	0.	0.277778	
Time	FPS	Frame	0	42	50	50	42	0.194371	1.25237e-002	0.	0.476996	40.4014	0.	4.19958e-002	0.999118	0.	0.	0.277778	
Time	FPS	Frame	0	43	50	50	43	0.198451	1.30301e-002	0.	0.487612	40.6229	0.	4.25019e-002	0.999096	0.	0.	0.222222	
Time	FPS	Frame	0	43	51	50	43	0.202345	1.1568e-002	0.	0.498044	40.8446	0.	4.28912e-002	0.99908	0.	0.	0.222222	
Time	FPS	Frame	0	43	51	51	43	0.207032	1.24564e-002	0.	0.509826	41.0658	0.	4.37788e-002	0.999041	0.	0.	0.222222	
Time	FPS	Frame	0	44	51	51	44	0.211551	1.314e-002	0.	0.521286	41.2871	0.	4.44617e-002	0.999011	0.	0.	0.222222	
Time	FPS	Frame	0	44	52	52	44	0.215818	1.17277e-002	0.	0.532498	41.5086	0.	4.49872e-002	0.998988	0.	0.	0.222222	
Time	FPS	Frame	0	44	52	52	44	0.220739	1.27276e-002	0.	0.545026	41.7296	0.	4.5986e-002	0.998942	0.	0.	0.222222	
Time	FPS	Frame	0	45	53	53	45	0.230052	1.20604e-002	0.	0.569078	42.1723	0.	4.73458e-002	0.998879	0.	0.	0.222222	
Time	FPS	Frame	0	46	53	53	45	0.235113	1.31322e-002	0.	0.58231	42.3932	0.	4.84164e-002	0.998827	0.	0.	0.222222	
Time	FPS	Frame	0	46	54	54	46	0.240143	1.18348e-002	0.	0.595154	42.6144	0.	4.92402e-002	0.998787	0.	0.	0.222222	
Time	FPS	Frame	0	46	54	54	46	0.245877	1.3063e-002	0.	0.609199	42.8351	0.	5.04668e-002	0.998726	0.	0.	0.222222	
Time	FPS	Frame	0	47	55	54	46	0.251199	1.40081e-002	0.	0.622801	43.0561	0.	5.14107e-002	0.998678	0.	0.	0.222222	
Time	FPS	Frame	0	47	55	55	47	0.256174	1.25167e-002	0.	0.636061	43.2773	0.	5.21369e-002	0.99864	0.	0.	0.222222	
Time	FPS	Frame	0	47	55	55	47	0.261699	1.36686e-002	0.	0.650555	43.4981	0.	5.32873e-002	0.998579	0.	0.	0.222222	
Time	FPS	Frame	0	48	56	56	47	0.267006	1.4555e-002	0.	0.664633	43.7192	0.	5.41724e-002	0.998532	0.	0.	0.222222	
Time	FPS	Frame	0	48	56	56	48	0.271986	1.29186e-002	0.	0.678391	43.9404	0.	5.48534e-002	0.998494	0.	0.	0.222222	
Time	FPS	Frame	0	48	57	56	48	0.2773	1.40324e-002	0.	0.693389	44.1612	0.	5.59654e-002	0.998433	0.	0.	0.222222	
Time	FPS	Frame	0	49	57	57	48	0.279485	1.15497e-002	0.	0.70256	44.3275	0.	5.59045e-002	0.998436	0.	0.	0.166667	
Time	FPS	Frame	0	49	57	57	49	0.282768	1.20848e-002	0.	0.713196	44.4934	0.	5.64387e-002	0.998406	0.	0.	0.166667	
Time	FPS	Frame	0	49	58	57	49	0.285888	1.25263e-002	0.	0.723691	44.6594	0.	5.68795e-002	0.998381	0.	0.	0.166667	
Time	FPS	Frame	0	49	58	58	49	0.288889	1.28905e-002	0.	0.734068	44.8254	0.	5.72431e-002	0.99836	0.	0.	0.166667	
Time	FPS	Frame	0	50	58	58	50	0.29179	1.06613e-002	0.	0.744349	44.9915	0.	5.75432e-002	0.998343	0.	0.	0.166667	
Time	FPS	Frame	0	50	59	58	50	0.295363	1.14757e-002	0.	0.755946	45.1571	0.	5.83562e-002	0.998296	0.	0.	0.166667	
Time	FPS	Frame	0	51	59	59	50	0.302373	1.00626e-002	0.	0.778528	45.4886	0.	5.95802e-002	0.998224	0.	0.	0.166667	
Time	FPS	Frame	0	51	60	59	51	0.306635	1.11405e-002	0.	0.791111	45.6539	0.	6.06562e-002	0.998159	0.	0.	0.166667	
Time	FPS	Frame	0	51	60	60	51	0.310721	1.20298e-002	0.	0.803408	45.8194	0.	6.15438e-002	0.998104	0.	0.	0.166667	
Time	FPS	Frame	0	51	60	60	51	0.314565	1.00101e-002	0.	0.81547	45.985	0.	6.22762e-002	0.998059	0.	0.	0.166667	
Time	FPS	Frame	0	52	61	60	51	0.319259	1.1218e-002	0.	0.828819	46.1501	0.	6.34817e-002	0.997983	0.	0.	0.166667	
Time	FPS	Frame	0	52	61	61	52	0.323627	1.22145e-002	0.	0.841848	46.3154	0.	6.44762e-002	0.997919	0.	0.	0.166667	
Time	FPS	Frame	0	52	61	61	52	0.327723	1.01654e-002	0.	0.854613	46.4809	0.	6.52967e-002	0.997866	0.	0.	0.166667	
Time	FPS	Frame	0	53	62	61	52	0.332845	1.14946e-002	0.	0.868759	46.6459	0.	6.66229e-002	0.997778	0.	0.	0.166667	
Time	FPS	Frame	0	53	62	62	53	0.337509	1.25912e-002	0.	0.882554	46.8111	0.	6.77171e-002	0.997705	0.	0.	0.166667	
Time	FPS	Frame	0	53	62	62	53	0.341875	1.3496e-002	0.	0.89606	46.9764	0.	6.86198e-002	0.997643	0.	0.	0.166667	
Time	FPS	Frame	0	54	63	62	53	0.345994	1.12497e-002	0.	0.909327	47.142	0.	6.93645e-002	0.997591	0.	0.	0.166667	
Time	FPS	Frame	0	54	63	63	54	0.350684	1.25011e-002	0.	0.923955	47.3069	0.	7.06129e-002	0.997504	0.	0.	0.166667	
Time	FPS	Frame	0	54	64	63	54	0.355354	1.35335e-002	0.	0.938253	47.4721	0.	7.16427e-002	0.99743	0.	0.	0.166667	
Time	FPS	Frame	0	54	64	63	54	0.359743	1.1267e-002	0.	0.952279	47.6375	0.	7.24923e-002	0.997369	0.	0.	0.166667	
Time	FPS	Frame	0	55	64	64	54	0.364789	1.26451e-002	0.	0.967734	47.8023	0.	7.38667e-002	0.997268	0.	0.	0.166667	
Time	FPS	Frame	0	55	65	64	55	0.369744	1.3782e-002	0.	0.982827	47.9673	0.	7.50005e-002	0.997183	0.	0.	0.166667	
Time	FPS	Frame	0	55	65	64	55	0.37439	1.14734e-002	0.	0.997621	48.1326	0.	7.59359e-002	0.997113	0.	0.	0.166667	
Time	FPS	Frame	0	56	65	65	55	0.379633	1.2912e-002	0.	1.01379	48.2972	0.	7.73702e-002	0.997002	0.	0.	0.166667	
Time	FPS	Frame	0	56	66	65	56	0.384758	1.40989e-002	0.	1.02959	48.4622	0.	7.85535e-002	0.99691	0.	0.	0.166667	
Time	FPS	Frame	0	56	66	66	56	0.389559	1.16973e-002	0.	1.04507	48.6273	0.	7.95296e-002	0.996833	0.	0.	0.166667	
Time	FPS	Frame	0	57	66	66	56	0.394978	1.31985e-002	0.	1.06199	48.7919	0.	8.10259e-002	0.996712	0.	0.	0.166667	
Time	FPS	Frame	0	57	67	66	57	0.40028	1.44369e-002	0.	1.07851	48.9567	0.	8.22602e-002	0.996611	0.	0.	0.166667	
Time	FPS	Frame	0	57	67	67	57	0.405244	1.1943e-002	0.	1.09471	49.1217	0.	8.32785e-002	0.996526	0.	0.	0.166667	
Time	FPS	Frame	0	58	68	67	57	0.410749	1.34821e-002	0.	1.11234	49.2862	0.	8.48122e-002	0.996397	0.	0.	0.166667	
Time	FPS	Frame	0	58	68	67	58	0.416177	1.10969e-002	0.	1.12957	49.4509	0.	8.60774e-002	0.996288	0.	0.	0.166667	
Time	FPS	Frame	0	58	68	68	58	0.422584	1.28429e-002	0.	1.14817	49.6151	0.	8.78169e-002	0.996137	0.	0.	0.166667	
Time	FPS	Frame	0	59	69	68	58	0.428333	1.42835e-002	0.	1.1663	49.7795	0.	8.92518e-002	0.996009	0.	0.	0.166667	
Time	FPS	Frame	0	59	69	69	59	0.433689	1.16715e-002	0.	1.18407	49.9443	0.	9.04355e-002	0.995902	0.	0.	0.166667	
Time	FPS	Frame	0	59	70	69	59	0.439943	1.33569e-002	0.	1.20323	50.1084	0.	9.21138e-002	0.995748	0.	0.	0.166667	
Time	FPS	Frame	0	60	70	69	59	0.445652	1.47474e-002	0.	1.22196	50.2729	0.	9.34983e-002	0.995619	0.	0.	0.166667	
Time	FPS	Frame	0	60	70	70	60	0.450982	1.19449e-002	0.	1.24033	50.4376	0.	9.46405e-002	0.995512	0.	0.	0.166667	
Time	FPS	Frame	0	60	71	70	60	0.457095	1.36105e-002	0.	1.26014	50.6017	0.	9.62985e-002	0.995352	0.	0.	0.166667	
Time	FPS	Frame	0	61	71	71	60	0.462805	1.49846e-002	0.	1.27952	50.7661	0.	9.76662e-002	0.995219	0.	0.	0.166667	
Time	FPS	Frame	0	61	72	71	61	0.46814	1.20195e-002	0.	1.29854	50.9307	0.	9.87943e-002	0.995108	0.	0.	0.166667	
Time	FPS	Frame	0	61	72	71	61	0.474032	1.36642e-002	0.	1.31898	51.0948	0.	0.100431	0.994944	0.	0.	0.166667	
Time	FPS	Frame	0	62	72	72	61	0.479708	1.07679e-002	0.	1.339	51.2591	0.	0.101781	0.994807	0.	0.	0.166667	
Time	FPS	Frame	0	62	73	72	62	0.486327	1.25951e-002	0.	1.36038	51.4229	0.	0.103598	0.994619	0.	0.	0.166667	
Time	FPS	Frame	0	62	73	73	62	0.492203	1.41027e-002	0.	1.38129	51.587	0.	0.105098	0.994462	0.	0.	0.166667	
Time	FPS	Frame	0	63	74	73	62	0.497667	1.0933e-002	0.	1.4018	51.7514	0.	0.106335	0.99433	0.	0.	0.166667	
Time	FPS	Frame	0	63	74	73	63	0.503935	1.27093e-002	0.	1.42381	51.9151	0.	0.108101	0.99414	0.	0.	0.166667	
Time	FPS	Frame	0	63	75	74	63	0.509724	1.41748e-002	0.	1.44536	52.0791	0.	0.109557	0.99398	0.	0.	0.166667	
Time	FPS	Frame	0	64	75	74	63	0.515113	1.08114e-002	0.	1.46653	52.2434	0.	0.110759	0.993847	0.	0.	0.166667	
Time	FPS	Frame	0	64	75	75	64	0.521046	1.25844e-002	0.	1.48925	52.4071	0.	0.112521	0.993649	0.	0.	0.166667	
Time	FPS	Frame	0	64	76	75	64	0.526808	9.31088e-003	0.	1.51152	52.5711	0.	0.113974	0.993484	0.	0.	0.166667	
Time	FPS	Frame	0	65	76	76	64	0.533424	1.12876e-002	0.	1.53527	52.7344	0.	0.115938	0.993256	0.	0.	0.166667	
Time	FPS	Frame	0	65	77	76	65	0.539393	1.29184e-002	0.	1.5585	52.8981	0.	0.117557	0.993066	0.	0.	0.166667	
Time	FPS	Frame	0	66	77	77	65	0.544916	9.35708e-003	0.	1.58132	53.0621	0.	0.118894	0.992907	0.	0.	0.166667	
Time	FPS	Frame	0	66	78	77	66	0.551049	1.12953e-002	0.	1.60579	53.2253	0.	0.120818	0.992675	0.	0.	0.166667	
Time	FPS	Frame	0	66	78	77	66	0.556939	7.82284e-003	0.	1.62975	53.3889	0.	0.122405	0.99248	0.	0.	0.166667	
Time	FPS	Frame	0	67	79	78	66	0.56379	9.99644e-003	0.	1.65535	53.5518	0.	0.124562	0.992212	0.	0.	0.166667	
Time	FPS	Frame	0	67	79	78	67	0.569952	1.17897e-002	0.	1.6804	53.7151	0.	0.126341	0.991987	0.	0.	0.166667	
Time	FPS	Frame	0	67	80	79	67	0.575624	8.07197e-003	0.	1.70499	53.8787	0.	0.127809	0.991799	0.	0.	0.166667	
Time	FPS	Frame	0	68	80	79	67	0.58175	1.01362e-002	0.	1.73122	54.0416	0.	0.129856	0.991533	0.	0.	0.166667	
Time	FPS	Frame	0	68	80	80	68	0.58771	6.54477e-003	0.	1.75692	54.2049	0.	0.131544	0.99131	0.	0.	0.166667	
Time	FPS	Frame	0	69	81	80	68	0.594488	8.83886e-003	0.	1.78431	54.3674	0.	0.133818	0.991006	0.	0.	0.166667	
Time	FPS	Frame	0	69	81	81	69	0.600708	5.32935e-003	0.	1.81111	54.5303	0.	0.135693	0.990751	0.	0.	0.166667	
Time	FPS	Frame	0	69	82	81	69	0.608028	7.7968e-003	0.	1.83959	54.6925	0.	0.138138	0.990413	0.	0.	0.166667	
Time	FPS	Frame	0	70	82	82	69	0.614435	9.83253e-003	0.	1.86745	54.8552	0.	0.140154	0.99013	0.	0.	0.166667	
Time	FPS	Frame	0	70	83	82	70	0.620285	6.01053e-003	0.	1.89479	55.0182	0.	0.141816	0.989893	0.	0.	0.166667	
Time	FPS	Frame	0	71	83	83	70	0.626688	8.31775e-003	0.	1.92389	55.1804	0.	0.1441	0.989563	0.	0.	0.166667	
Time	FPS	Frame	0	71	84	83	71	0.632849	4.61224e-003	0.	1.95241	55.343	0.	0.145983	0.989287	0.	0.	0.166667	
Time	FPS	Frame	0	71	84	84	71	0.639764	7.12049e-003	0.	1.98267	55.5049	0.	0.148464	0.988918	0.	0.	0.166667	
Time	FPS	Frame	0	72	85	84	71	0.646144	3.47573e-003	0.	2.01231	55.6672	0.	0.15051	0.988608	0.	0.	0.166667	
Time	FPS	Frame	0	72	85	85	72	0.653469	6.13735e-003	0.	2.04367	55.8287	0.	0.153141	0.988204	0.	0.	0.166667	
Time	FPS	Frame	0	73	86	85	72	0.660004	2.519e-003	0.	2.07436	55.9907	0.	0.155311	0.987866	0.	0.	0.166667	
Time	FPS	Frame	0	73	87	86	73	0.667658	5.30085e-003	0.	2.10679	56.1519	0.	0.158058	0.98743	0.	0.	0.166667	
Time	FPS	Frame	0	73	87	86	73	0.674304	1.67174e-003	0.	2.13853	56.3136	0.	0.160324	0.987064	0.	0.	0.166667	
Time	FPS	Frame	0	74	88	87	73	0.682223	4.5528e-003	0.	2.17201	56.4745	0.	0.163167	0.986598	0.	0.	0.166667	
Time	FPS	Frame	0	74	88	87	74	0.688952	8.98601e-004	0.	2.20477	56.636	0.	0.165512	0.986208	0.	0.	0.166667	
Time	FPS	Frame	0	75	89	88	74	0.69708	3.8637e-003	0.	2.23929	56.7966	0.	0.168435	0.985713	0.	0.	0.166667	
Time	FPS	Frame	0	75	89	88	75	0.703869	6.30992e-003	0.	2.27308	56.9578	0.	0.170846	0.985298	0.	0.	0.166667	
Time	FPS	Frame	0	76	90	89	75	0.709987	2.19494e-003	0.	2.30626	57.1195	0.	0.172834	0.984951	0.	0.	0.166667	
Time	FPS	Frame	0	76	90	89	76	0.716707	4.88096e-003	0.	2.34133	57.2802	0.	0.175479	0.984483	0.	0.	0.166667	
Time	FPS	Frame	0	76	91	90	76	0.723086	8.57754e-004	0.	2.37573	57.4415	0.	0.17766	0.984092	0.	0.	0.166667	
Time	FPS	Frame	0	77	91	91	76	0.730075	3.7231e-003	0.	2.412	57.6018	0.	0.180479	0.983579	0.	0.	0.166667	
Time	FPS	Frame	0	77	92	91	77	0.736634	2.62551e-004	0.	2.44756	57.7627	0.	0.182804	0.983149	0.	0.	0.166667	
Time	FPS	Frame	0	78	93	92	77	0.743795	2.74284e-003	0.	2.48499	57.9226	0.	0.185758	0.982596	0.	0.	0.166667	
Time	FPS	Frame	0	78	93	92	78	0.750484	1.23289e-003	0.	2.52169	58.0831	0.	0.188193	0.982132	0.	0.	0.166667	
Time	FPS	Frame	0	79	94	93	78	0.757737	1.88481e-003	0.	2.56026	58.2427	0.	0.191255	0.98154	0.	0.	0.166667	
Time	FPS	Frame	0	79	94	93	79	0.764517	2.09736e-003	0.	2.59806	58.4029	0.	0.193779	0.981045	0.	0.	0.166667	
Time	FPS	Frame	0	80	95	94	79	0.771793	5.53998e-003	0.	2.63775	58.5622	0.	0.196926	0.980418	0.	0.	0.166667	
Time	FPS	Frame	0	80	96	95	80	0.780858	1.78819e-003	0.	2.67919	58.7206	0.	0.200603	0.979673	0.	0.	0.166667	
Time	FPS	Frame	0	81	96	95	80	0.788351	5.45852e-003	0.	2.71972	58.8797	0.	0.203635	0.979047	0.	0.	0.166667	
Time	FPS	Frame	0	81	97	96	81	0.797179	1.75833e-003	0.	2.76213	59.0379	0.	0.207256	0.978287	0.	0.	0.166667	
Time	FPS	Frame	0	82	97	97	81	0.804569	5.56702e-003	0.	2.80364	59.1968	0.	0.210242	0.977649	0.	0.	0.166667	
Time	FPS	Frame	0	82	98	97	82	0.813103	1.91158e-003	0.	2.84701	59.3548	0.	0.213814	0.976874	0.	0.	0.166667	
Time	FPS	Frame	0	82	99	98	82	0.820375	5.84972e-003	0.	2.88951	59.5134	0.	0.216759	0.976225	0.	0.	0.166667	
Time	FPS	Frame	0	83	99	98	83	0.828619	2.20989e-003	0.	2.9339	59.6711	0.	0.220311	0.97543	0.	0.	0.166667	
Time	FPS	Frame	0	83	100	99	83	0.83581	6.26398e-003	0.	2.97742	59.8295	0.	0.223239	0.974764	0.	0.	0.166667	
Time	FPS	Frame	0	84	101	100	84	0.843815	2.59411e-003	0.	3.02292	59.9869	0.	0.226815	0.973938	0.	0.	0.166667	
Time	FPS	Frame	0	84	101	100	84	0.851005	6.71374e-003	0.	3.06756	60.145	0.	0.229763	0.973247	0.	0.	0.166667	
Time	FPS	Frame	0	85	102	101	85	0.858676	1.02721e-002	0.	3.11414	60.302	0.	0.233344	0.972394	0.	0.	0.166667	
Time	FPS	Frame	0	86	103	102	85	0.868017	6.03783e-003	0.	3.16254	60.458	0.	0.237459	0.971398	0.	0.	0.166667	
Time	FPS	Frame	0	86	103	102	86	0.875816	9.86044e-003	0.	3.20994	60.6149	0.	0.240851	0.970562	0.	0.	0.166667	
Time	FPS	Frame	0	87	104	103	86	0.884571	5.7454e-003	0.	3.25928	60.7708	0.	0.244843	0.969563	0.	0.	0.166667	
Time	FPS	Frame	0	87	105	104	87	0.892169	9.76943e-003	0.	3.30766	60.9275	0.	0.248133	0.968726	0.	0.	0.166667	
Time	FPS	Frame	0	88	105	104	87	0.900323	1.32189e-002	0.	3.35797	61.0831	0.	0.252034	0.967718	0.	0.	0.166667	
Time	FPS	Frame	0	88	106	105	88	0.910094	8.63797e-003	0.	3.41014	61.2377	0.	0.256464	0.966554	0.	0.	0.166667	
Time	FPS	Frame	0	89	107	106	88	0.918187	1.24257e-002	0.	3.46124	61.3932	0.	0.260115	0.965578	0.	0.	0.166667	
Time	FPS	Frame	0	89	108	107	89	0.92709	8.0559e-003	0.	3.51423	61.5477	0.	0.264332	0.964432	0.	0.	0.166667	
Time	FPS	Frame	0	90	108	107	89	0.93484	1.20704e-002	0.	3.56622	61.703	0.	0.267807	0.963472	0.	0.	0.166667	
Time	FPS	Frame	0	90	109	108	90	0.943001	1.5521e-002	0.	3.62019	61.8573	0.	0.271904	0.962325	0.	0.	0.166667	
Time	FPS	Frame	0	91	110	109	91	0.952645	1.07374e-002	0.	3.67596	62.0104	0.	0.276504	0.961013	0.	0.	0.166667	
Time	FPS	Frame	0	91	110	110	91	0.960817	1.45354e-002	0.	3.73065	62.1646	0.	0.280295	0.959914	0.	0.	0.166667	
Time	FPS	Frame	0	92	111	110	92	0.969469	1.77774e-002	0.	3.78727	62.3176	0.	0.284664	0.958627	0.	0.	0.166667	
Time	FPS	Frame	0	93	112	111	92	0.979494	1.27302e-002	0.	3.84565	62.4697	0.	0.289499	0.957178	0.	0.	0.166667	
Time	FPS	Frame	0	93	113	112	93	0.98789	1.64198e-002	0.	3.9029	62.6228	0.	0.293482	0.955964	0.	0.	0.166667	
Time	FPS	Frame	0	94	113	113	93	0.99675	1.95471e-002	0.	3.96204	62.7747	0.	0.298022	0.954559	0.	0.	0.166667	
Time	FPS	Frame	0	94	114	113	94	1.0069	1.43244e-002	0.	4.02291	62.9256	0.	0.303004	0.952989	0.	0.	0.166667	
Time	FPS	Frame	0	95	115	114	95	1.0154	1.79294e-002	0.	4.08262	63.0776	0.	0.307107	0.951675	0.	0.	0.166667	
Time	FPS	Frame	0	95	116	115	95	1.02424	2.09609e-002	0.	4.14421	63.2285	0.	0.311749	0.950165	0.	0.	0.166667	
Time	FPS	Frame	0	96	117	116	96	1.03433	1.56098e-002	0.	4.20752	63.3783	0.	0.316829	0.948483	0.	0.	0.166667	
Time	FPS	Frame	0	97	117	117	96	1.04289	1.91659e-002	0.	4.26966	63.5293	0.	0.321013	0.947075	0.	0.	0.166667	
Time	FPS	Frame	0	97	118	117	97	1.05152	2.21357e-002	0.	4.33361	63.6791	0.	0.325707	0.945471	0.	0.	0.166667	
Time	FPS	Frame	0	98	119	118	98	1.06133	2.46537e-002	0.	4.39927	63.8279	0.	0.330826	0.943692	0.	0.	0.166667	
Time	FPS	Frame	0	98	120	119	98	1.07218	1.88567e-002	0.	4.46651	63.9756	0.	0.336291	0.941758	0.	0.	0.166667	
Time	FPS	Frame	0	99	121	120	99	1.08113	2.19907e-002	0.	4.53251	64.1247	0.	0.340792	0.940139	0.	0.	0.166667	
Time	FPS	Frame	0	100	122	121	100	1.09024	2.46054e-002	0.	4.60023	64.2726	0.	0.345741	0.93833	0.	0.	0.166667	
Time	FPS	Frame	0	100	122	122	100	1.10032	1.89514e-002	0.	4.66952	64.4195	0.	0.351041	0.93636	0.	0.	0.166667	
Time	FPS	Frame	0	101	123	122	101	1.10897	2.21447e-002	0.	4.73761	64.5677	0.	0.355405	0.934712	0.	0.	0.166667	
Time	FPS	Frame	0	102	124	123	102	1.11733	2.4789e-002	0.	4.80739	64.7148	0.	0.360223	0.932866	0.	0.	0.166667	
Time	FPS	Frame	0	102	125	124	102	1.12429	2.06145e-002	0.	4.85571	64.8114	0.	0.364114	0.931355	0.	0.	0.111111	
Time	FPS	Frame	0	103	125	124	103	1.1311	2.46477e-002	0.	4.90345	64.9087	0.	0.367535	0.93001	0.	0.	0.111111	
Time	FPS	Frame	0	103	126	125	103	1.13784	2.82184e-002	0.	4.95237	65.005	0.	0.371344	0.928495	0.	0.	0.111111	
Time	FPS	Frame	0	103	126	126	103	1.14586	2.37525e-002	0.	5.00241	65.1006	0.	0.375487	0.926828	0.	0.	0.111111	
Time	FPS	Frame	0	104	127	126	104	1.15297	2.73812e-002	0.	5.05183	65.1968	0.	0.379128	0.925344	0.	0.	0.111111	
Time	FPS	Frame	0	104	127	127	104	1.16058	2.30761e-002	0.	5.10236	65.2922	0.	0.383109	0.923703	0.	0.	0.111111	
Time	FPS	Frame	0	105	129	128	105	1.17353	2.34152e-002	0.	5.20172	65.485	0.	0.389684	0.920949	0.	0.	0.111111	
Time	FPS	Frame	0	106	129	129	106	1.1793	2.70034e-002	0.	5.25228	65.5807	0.	0.393141	0.919478	0.	0.	0.111111	
Time	FPS	Frame	0	106	130	129	106	1.18627	2.28768e-002	0.	5.3039	65.6757	0.	0.396932	0.917848	0.	0.	0.111111	
Time	FPS	Frame	0	107	130	130	107	1.19274	2.64657e-002	0.	5.35498	65.7712	0.	0.400265	0.9164	0.	0.	0.111111	
Time	FPS	Frame	0	107	131	130	107	1.19933	2.24608e-002	0.	5.40711	65.866	0.	0.403931	0.914789	0.	0.	0.111111	
Time	FPS	Frame	0	108	132	131	108	1.20557	2.60093e-002	0.	5.45871	65.9614	0.	0.407155	0.913359	0.	0.	0.111111	
Time	FPS	Frame	0	108	132	132	108	1.21179	2.21164e-002	0.	5.51134	66.0559	0.	0.410708	0.911767	0.	0.	0.111111	
Time	FPS	Frame	0	109	133	132	109	1.21783	2.56167e-002	0.	5.56346	66.1511	0.	0.413831	0.910354	0.	0.	0.111111	
Time	FPS	Frame	0	109	133	133	109	1.22369	2.18248e-002	0.	5.61659	66.2454	0.	0.41728	0.908778	0.	0.	0.111111	
Time	FPS	Frame	0	109	134	134	110	1.22954	2.5231e-002	0.	5.66923	66.3404	0.	0.420312	0.90738	0.	0.	0.111111	
Time	FPS	Frame	0	110	135	134	110	1.23503	2.81135e-002	0.	5.72284	66.4345	0.	0.423657	0.905823	0.	0.	0.111111	
Time	FPS	Frame	0	110	135	135	111	1.24149	2.41316e-002	0.	5.77734	66.5279	0.	0.427261	0.904128	0.	0.	0.111111	
Time	FPS	Frame	0	111	136	135	111	1.2475	2.70021e-002	0.	5.83133	66.622	0.	0.430428	0.902625	0.	0.	0.111111	
Time	FPS	Frame	0	111	136	136	112	1.25342	2.32163e-002	0.	5.88617	66.7154	0.	0.433842	0.900989	0.	0.	0.111111	
Time	FPS	Frame	0	112	137	137	112	1.25911	2.60311e-002	0.	5.94052	66.8094	0.	0.436844	0.899537	0.	0.	0.111111	
Time	FPS	Frame	0	112	138	137	113	1.26455	2.24101e-002	0.	5.99572	66.9026	0.	0.440098	0.89795	0.	0.	0.111111	
Time	FPS	Frame	0	113	138	138	113	1.26997	2.51806e-002	0.	6.05047	66.9965	0.	0.442959	0.896542	0.	0.	0.111111	
Time	FPS	Frame	0	113	139	139	114	1.27496	2.74124e-002	0.	6.10602	67.0897	0.	0.446067	0.895	0.	0.	0.111111	
Time	FPS	Frame	0	114	139	139	114	1.28072	2.37225e-002	0.	6.1623	67.1823	0.	0.449366	0.893348	0.	0.	0.111111	
Time	FPS	Frame	0	114	140	140	115	1.28614	2.59212e-002	0.	6.21812	67.2754	0.	0.452267	0.891883	0.	0.	0.111111	
Time	FPS	Frame	0	115	141	140	115	1.29134	2.24543e-002	0.	6.27464	67.368	0.	0.455356	0.890309	0.	0.	0.111111	
Time	FPS	Frame	0	116	141	141	116	1.29642	2.45917e-002	0.	6.33074	67.4612	0.	0.458072	0.888915	0.	0.	0.111111	
Time	FPS	Frame	0	116	142	142	116	1.3011	2.62381e-002	0.	6.3875	67.5538	0.	0.460973	0.887414	0.	0.	0.111111	
Time	FPS	Frame	0	117	142	142	117	1.3064	2.28142e-002	0.	6.44484	67.646	0.	0.464009	0.885831	0.	0.	0.111111	
Time	FPS	Frame	0	117	143	143	118	1.31133	2.44481e-002	0.	6.50177	67.7387	0.	0.466678	0.884427	0.	0.	0.111111	
Time	FPS	Frame	0	118	144	144	118	1.31603	2.1278e-002	0.	6.55926	67.8309	0.	0.469479	0.882944	0.	0.	0.111111	
Time	FPS	Frame	0	118	144	144	119	1.32058	2.28341e-002	0.	6.61637	67.9237	0.	0.471942	0.88163	0.	0.	0.111111	
Time	FPS	Frame	0	119	145	145	119	1.32476	2.39213e-002	0.	6.67401	68.016	0.	0.474536	0.880236	0.	0.	0.111111	
Time	FPS	Frame	0	119	145	145	120	1.32937	2.08846e-002	0.	6.73208	68.108	0.	0.477207	0.878791	0.	0.	0.111111	
Time	FPS	Frame	0	120	146	146	120	1.33368	2.19246e-002	0.	6.78979	68.2005	0.	0.479555	0.877512	0.	0.	0.111111	
Time	FPS	Frame	0	120	147	147	121	1.33772	1.91537e-002	0.	6.84792	68.2926	0.	0.481984	0.87618	0.	0.	0.111111	
Time	FPS	Frame	0	121	147	147	121	1.34163	2.01464e-002	0.	6.90573	68.3853	0.	0.484121	0.875001	0.	0.	0.111111	
Time	FPS	Frame	0	121	148	148	122	1.34516	2.06677e-002	0.	6.96392	68.4776	0.	0.486333	0.873774	0.	0.	0.111111	
Time	FPS	Frame	0	122	148	149	123	1.34899	1.81017e-002	0.	7.02241	68.5697	0.	0.488573	0.872523	0.	0.	0.111111	
Time	FPS	Frame	0	123	149	149	123	1.35257	1.85407e-002	0.	7.08061	68.6623	0.	0.490543	0.871417	0.	0.	0.111111	
Time	FPS	Frame	0	123	150	150	124	1.35586	1.62509e-002	0.	7.13906	68.7546	0.	0.492537	0.870291	0.	0.	0.111111	
Time	FPS	Frame	0	124	150	150	124	1.35905	1.66419e-002	0.	7.19726	68.8474	0.	0.494291	0.869296	0.	0.	0.111111	
Time	FPS	Frame	0	124	151	151	125	1.36187	1.66409e-002	0.	7.25569	68.94	0.	0.496068	0.868284	0.	0.	0.111111	
Time	FPS	Frame	0	125	151	151	125	1.36342	1.55418e-002	0.	7.28508	68.9861	0.	0.497022	0.867738	0.	0.	5.55556e-002	
Time	FPS	Frame	0	125	152	152	126	1.36504	1.45127e-002	0.	7.31441	69.0323	0.	0.497914	0.867226	0.	0.	5.55556e-002	
Time	FPS	Frame	0	125	152	152	126	1.36657	1.5195e-002	0.	7.34367	69.0786	0.	0.49875	0.866746	0.	0.	5.55556e-002	
Time	FPS	Frame	0	125	152	152	126	1.36799	1.42024e-002	0.	7.37303	69.1248	0.	0.49961	0.866251	0.	0.	5.55556e-002	
Time	FPS	Frame	0	126	153	153	127	1.37016	1.26706e-002	0.	7.43112	69.2181	0.	0.500936	0.865484	0.	0.	5.55556e-002	
Time	FPS	Frame	0	126	153	153	127	1.37115	1.32443e-002	0.	7.46011	69.2648	0.	0.501544	0.865132	0.	0.	5.55556e-002	
Time	FPS	Frame	0	127	153	154	127	1.37204	1.25079e-002	0.	7.48919	69.3114	0.	0.502181	0.864762	0.	0.	5.55556e-002	
Time	FPS	Frame	0	127	154	154	128	1.37303	1.18123e-002	0.	7.51824	69.3581	0.	0.502783	0.864413	0.	0.	5.55556e-002	
Time	FPS	Frame	0	127	154	154	128	1.37396	1.21764e-002	0.	7.54726	69.4049	0.	0.50335	0.864082	0.	0.	5.55556e-002	
Time	FPS	Frame	0	128	154	154	128	1.3748	1.15e-002	0.	7.57634	69.4516	0.	0.503935	0.863742	0.	0.	5.55556e-002	
Time	FPS	Frame	0	128	155	155	129	1.37571	1.08611e-002	0.	7.60539	69.4983	0.	0.504486	0.86342	0.	0.	5.55556e-002	
Time	FPS	Frame	0	128	155	155	129	1.37656	1.07799e-002	0.	7.63441	69.5451	0.	0.505007	0.863115	0.	0.	5.55556e-002	
Time	FPS	Frame	0	128	155	155	129	1.37736	1.01803e-002	0.	7.66345	69.5919	0.	0.505525	0.862812	0.	0.	5.55556e-002	
Time	FPS	Frame	0	129	156	156	129	1.37816	9.61405e-003	0.	7.69247	69.6387	0.	0.506013	0.862526	0.	0.	5.55556e-002	
Time	FPS	Frame	0	129	156	156	130	1.37892	9.33144e-003	0.	7.72146	69.6856	0.	0.506474	0.862255	0.	0.	5.55556e-002	
Time	FPS	Frame	0	129	156	156	130	1.37963	8.81367e-003	0.	7.75045	69.7325	0.	0.506921	0.861993	0.	0.	5.55556e-002	
Time	FPS	Frame	0	130	156	157	130	1.38032	8.32467e-003	0.	7.77941	69.7794	0.	0.507342	0.861745	0.	0.	5.55556e-002	
Time	FPS	Frame	0	130	157	157	131	1.38097	7.88138e-003	0.	7.80836	69.8264	0.	0.50774	0.86151	0.	0.	5.55556e-002	
Time	FPS	Frame	0	130	157	157	131	1.38159	7.44301e-003	0.	7.83728	69.8734	0.	0.508118	0.861288	0.	0.	5.55556e-002	
Time	FPS	Frame	0	131	157	158	131	1.38217	7.02899e-003	0.	7.86619	69.9204	0.	0.508474	0.861077	0.	0.	5.55556e-002	
Time	FPS	Frame	0	131	158	158	132	1.38272	6.63798e-003	0.	7.89508	69.9675	0.	0.508811	0.860878	0.	0.	5.55556e-002	
Time	FPS	Frame	0	131	158	158	132	1.38325	6.22002e-003	0.	7.92395	70.0146	0.	0.509129	0.86069	0.	0.	5.55556e-002	
Time	FPS	Frame	0	132	158	159	132	1.38374	5.87562e-003	0.	7.9528	70.0618	0.	0.509425	0.860515	0.	0.	5.55556e-002	
Time	FPS	Frame	0	132	159	159	132	1.38419	5.55036e-003	0.	7.98163	70.1089	0.	0.509705	0.860349	0.	0.	5.55556e-002	
Time	FPS	Frame	0	132	159	159	133	1.38463	5.27156e-003	0.	8.01045	70.1561	0.	0.509969	0.860193	0.	0.	5.55556e-002	
Time	FPS	Frame	0	132	159	159	133	1.38504	4.97802e-003	0.	8.03926	70.2033	0.	0.510222	0.860043	0.	0.	5.55556e-002	
Time	FPS	Frame	0	133	160	160	133	1.38543	4.70079e-003	0.	8.06806	70.2506	0.	0.51046	0.859901	0.	0.	5.55556e-002	
Time	FPS	Frame	0	133	160	160	134	1.3858	4.43954e-003	0.	8.09685	70.2978	0.	0.510685	0.859768	0.	0.	5.55556e-002	
Time	FPS	Frame	0	133	160	160	134	1.38615	4.19238e-003	0.	8.12563	70.3451	0.	0.510898	0.859641	0.	0.	5.55556e-002	
Time	FPS	Frame	0	134	161	161	134	1.38648	3.95896e-003	0.	8.15439	70.3924	0.	0.511098	0.859522	0.	0.	5.55556e-002	
Time	FPS	Frame	0	134	161	161	135	1.38679	3.73678e-003	0.	8.18314	70.4397	0.	0.511288	0.859409	0.	0.	5.55556e-002	
Time	FPS	Frame	0	134	161	161	135	1.38708	3.52979e-003	0.	8.21189	70.4871	0.	0.511466	0.859304	0.	0.	5.55556e-002	
Time	FPS	Frame	0	135	161	162	135	1.38735	3.3343e-003	0.	8.24062	70.5344	0.	0.511634	0.859204	0.	0.	5.55556e-002	
Time	FPS	Frame	0	135	162	162	136	1.38761	3.1317e-003	0.	8.26935	70.5818	0.	0.511792	0.859109	0.	0.	5.55556e-002	
Time	FPS	Frame	0	135	162	162	136	1.38786	2.95707e-003	0.	8.29806	70.6292	0.	0.511942	0.85902	0.	0.	5.55556e-002	
Time	FPS	Frame	0	136	162	163	136	1.38809	2.79215e-003	0.	8.32677	70.6766	0.	0.512084	0.858935	0.	0.	5.55556e-002	
Time	FPS	Frame	0	136	163	163	136	1.38831	2.67864e-003	0.	8.35548	70.724	0.	0.512218	0.858856	0.	0.	5.55556e-002	
Time	FPS	Frame	0	136	163	163	137	1.38852	2.53044e-003	0.	8.38418	70.7714	0.	0.512345	0.85878	0.	0.	5.55556e-002	
Time	FPS	Frame	0	136	163	163	137	1.38852	2.53044e-003	0.	8.38418	70.7714	0.	0.512345	0.85878	0.	0.	-4.13921e-009	
Time	FPS	Frame	0	136	163	163	137	1.38852	2.53044e-003	0.	8.38418	70.7714	0.	0.512345	0.85878	0.	0.	-4.13921e-009	
Time	FPS	Frame	0	136	163	163	137	1.38852	2.53044e-003	0.	8.38418	70.7714	0.	0.512345	0.85878	0.	0.	-4.13921e-009	
Time	FPS	Frame	0	136	163	163	137	1.38852	2.53044e-003	0.	8.38418	70.7714	0.	0.512345	0.85878	0.	0.	-4.13921e-009	
Time	FPS	Frame	0	136	163	163	137	1.38852	2.53044e-003	0.	8.38418	70.7714	0.	0.512345	0.85878	0.	0.	-4.13921e-009	
Time	FPS	Frame	0	136	163	163	137	1.38852	2.53044e-003	0.	8.38418	70.7714	0.	0.512345	0.85878	0.	0.	-4.13921e-009	
Time	FPS	Frame	0	136	163	163	137	1.38852	2.53044e-003	0.	8.38418	70.7714	0.	0.512345	0.85878	0.	0.	-4.13921e-009	
Time	FPS	Frame	0	136	163	163	137	1.38852	2.53044e-003	0.	8.38418	70.7714	0.	0.512345	0.85878	0.	0.	-4.13921e-009	
Time	FPS	Frame	0	136	163	163	137	1.38852	2.53044e-003	0.	8.38418	70.7714	0.	0.512345	0.85878	0.	0.	-4.13921e-009	
Time	FPS	Frame	0	136	163	163	137	1.38852	2.53044e-003	0.	8.38418	70.7714	0.	0.512345	0.85878	0.	0.	-4.13921e-009	
Time	FPS	Frame	0	136	163	163	137	1.38852	2.53044e-003	0.	8.38418	70.7714	0.	0.512345	0.85878	0.	0.	-4.13921e-009	
Time	FPS	Frame	0	136	163	163	137	1.38852	2.53044e-003	0.	8.38418	70.7714	0.	0.512345	0.85878	0.	0.	-4.13921e-009	
Time	FPS	Frame	0	136	163	163	137	1.38852	2.53044e-003	0.	8.38418	70.7714	0.	0.512345	0.85878	0.	0.	-4.13921e-009	
Time	FPS	Frame	0	136	163	163	137	1.38852	2.53044e-003	0.	8.38418	70.7714	0.	0.512345	0.85878	0.	0.	-4.13921e-009	
Time	FPS	Frame	0	136	163	163	137	1.38852	2.53044e-003	0.	8.38418	70.7714	0.	0.512345	0.85878	0.	0.	-4.13921e-009	
Time	FPS	Frame	0	136	163	163	137	1.38852	2.53044e-003	0.	8.38418	70.7714	0.	0.512345	0.85878	0.	0.	-4.13921e-009	
Time	FPS	Frame	0	136	163	163	137	1.38852	2.53044e-003	0.	8.38418	70.7714	0.	0.512345	0.85878	0.	0.	-4.13921e-009	
Time	FPS	Frame	0	136	163	163	137	1.38852	2.53044e-003	0.	8.38418	70.7714	0.	0.512345	0.85878	0.	0.	-4.13921e-009	
Time	FPS	Frame	0	136	163	163	137	1.38852	2.53044e-003	0.	8.38418	70.7714	0.	0.512345	0.85878	0.	0.	-4.13921e-009	
Time	FPS	Frame	0	136	163	163	137	1.38852	2.53044e-003	0.	8.38418	70.7714	0.	0.512345	0.85878	0.	0.	-4.13921e-009	
Time	FPS	Frame	0	136	163	163	137	1.38852	2.53044e-003	0.	8.38418	70.7714	0.	0.512345	0.85878	0.	0.	-4.13921e-009	
Time	FPS	Frame	0	136	163	163	137	1.38852	2.53044e-003	0.	8.38418	70.7714	0.	0.512345	0.85878	0.	0.	-4.13921e-009	
Time	FPS	Frame	0	136	163	163	137	1.38852	2.53044e-003	0.	8.38418	70.7714	0.	0.512345	0.85878	0.	0.	-4.13921e-009	
Time	FPS	Frame	0	136	163	163	137	1.38852	2.53044e-003	0.	8.38418	70.7714	0.	0.512345	0.85878	0.	0.	-4.13921e-009	
Time	FPS	Frame	0	136	163	163	137	1.38852	2.53044e-003	0.	8.38418	70.7714	0.	0.512345	0.85878	0.	0.	-4.13921e-009	
Time	FPS	Frame	0	136	163	163	137	1.38852	2.53044e-003	0.	8.38418	70.7714	0.	0.512345	0.85878	0.	0.	-4.13921e-009	
Time	FPS	Frame	0	136	163	163	137	1.38852	2.53044e-003	0.	8.38418	70.7714	0.	0.512345	0.85878	0.	0.	-4.13921e-009	
Time	FPS	Frame	0	136	163	163	137	1.38852	2.53044e-003	0.	8.38418	70.7714	0.	0.512345	0.85878	0.	0.	-4.13921e-009	
Time	FPS	Frame	0	136	163	163	136	1.38369	4.69837e-003	0.	8.3505	70.7247	0.	0.510482	0.859888	0.	0.	-5.55556e-002	
Time	FPS	Frame	0	136	162	163	136	1.3788	6.90836e-003	0.	8.31671	70.6779	0.	0.508544	0.861036	0.	0.	-5.55556e-002	
Time	FPS	Frame	0	135	162	162	136	1.37354	9.37312e-003	0.	8.28252	70.6311	0.	0.50642	0.862287	0.	0.	-5.55556e-002	
Time	FPS	Frame	0	135	162	162	135	1.36821	1.19337e-002	0.	8.24822	70.5843	0.	0.504211	0.863581	0.	0.	-5.55556e-002	
Time	FPS	Frame	0	134	161	161	135	1.35731	1.73755e-002	0.	8.17925	70.4905	0.	0.499519	0.866303	0.	0.	-5.55556e-002	
Time	FPS	Frame	0	134	161	161	134	1.35145	2.03742e-002	0.	8.14426	70.4436	0.	0.496919	0.867797	0.	0.	-5.55556e-002	
Time	FPS	Frame	0	134	161	160	134	1.34549	2.34912e-002	0.	8.10913	70.3966	0.	0.494214	0.869341	0.	0.	-5.55556e-002	
Time	FPS	Frame	0	133	160	160	134	1.33915	2.68574e-002	0.	8.07355	70.3497	0.	0.491284	0.870999	0.	0.	-5.55556e-002	
Time	FPS	Frame	0	133	160	160	133	1.3327	3.03545e-002	0.	8.0378	70.3026	0.	0.488236	0.872712	0.	0.	-5.55556e-002	
Time	FPS	Frame	0	133	160	159	133	1.32616	3.39869e-002	0.	8.00189	70.2555	0.	0.485062	0.87448	0.	0.	-5.55556e-002	
Time	FPS	Frame	0	132	159	159	133	1.31921	3.78915e-002	0.	7.9655	70.2083	0.	0.481644	0.876367	0.	0.	-5.55556e-002	
Time	FPS	Frame	0	132	159	159	132	1.31215	4.19478e-002	0.	7.92892	70.1611	0.	0.478085	0.878314	0.	0.	-5.55556e-002	
Time	FPS	Frame	0	132	159	158	132	1.30498	4.61336e-002	0.	7.89215	70.1137	0.	0.474379	0.880321	0.	0.	-5.55556e-002	
Time	FPS	Frame	0	131	158	158	132	1.2977	5.05081e-002	0.	7.85519	70.0663	0.	0.470524	0.882387	0.	0.	-5.55556e-002	
Time	FPS	Frame	0	131	158	158	131	1.29029	5.50529e-002	0.	7.81803	70.0188	0.	0.466509	0.884517	0.	0.	-5.55556e-002	
Time	FPS	Frame	0	131	158	157	131	1.28276	5.9823e-002	0.	7.78066	69.9711	0.	0.462327	0.886709	0.	0.	-5.55556e-002	
Time	FPS	Frame	0	131	157	157	131	1.27481	6.48634e-002	0.	7.74273	69.9233	0.	0.457852	0.889028	0.	0.	-5.55556e-002	
Time	FPS	Frame	0	130	157	157	130	1.26672	7.00998e-002	0.	7.70457	69.8755	0.	0.45319	0.891414	0.	0.	-5.55556e-002	
Time	FPS	Frame	0	130	157	156	130	1.2585	7.55213e-002	0.	7.66617	69.8274	0.	0.448334	0.893866	0.	0.	-5.55556e-002	
Time	FPS	Frame	0	130	156	156	130	1.24986	8.13022e-002	0.	7.6272	69.7793	0.	0.44316	0.896443	0.	0.	-5.55556e-002	
Time	FPS	Frame	0	129	156	155	129	1.24107	8.70556e-002	0.	7.58796	69.731	0.	0.437768	0.899088	0.	0.	-5.55556e-002	
Time	FPS	Frame	0	129	156	155	129	1.23187	9.34141e-002	0.	7.54815	69.6825	0.	0.432042	0.901853	0.	0.	-5.55556e-002	
Time	FPS	Frame	0	129	155	155	128	1.22251	0.10002	0.	7.50805	69.6338	0.	0.426075	0.904688	0.	0.	-5.55556e-002	
Time	FPS	Frame	0	128	155	154	128	1.21299	0.10636	0.	7.46764	69.585	0.	0.419857	0.90759	0.	0.	-5.55556e-002	
Time	FPS	Frame	0	128	155	154	128	1.2031	0.113592	0.	7.42667	69.5359	0.	0.413282	0.910603	0.	0.	-5.55556e-002	
Time	FPS	Frame	0	128	154	154	127	1.19302	0.121106	0.	7.38537	69.4865	0.	0.406429	0.913682	0.	0.	-5.55556e-002	
Time	FPS	Frame	0	127	154	153	127	1.18279	0.12789	0.	7.34373	69.4369	0.	0.399285	0.916827	0.	0.	-5.55556e-002	
Time	FPS	Frame	0	127	154	153	127	1.17249	0.135943	0.	7.30186	69.387	0.	0.391889	0.920013	0.	0.	-5.55556e-002	
Time	FPS	Frame	0	127	153	152	126	1.16201	0.14431	0.	7.25964	69.3368	0.	0.384178	0.923259	0.	0.	-5.55556e-002	
Time	FPS	Frame	0	127	153	152	126	1.15137	0.151725	0.	7.21705	69.2862	0.	0.376139	0.926563	0.	0.	-5.55556e-002	
Time	FPS	Frame	0	126	153	151	126	1.14039	0.160814	0.	7.17392	69.2353	0.	0.367702	0.929944	0.	0.	-5.55556e-002	
Time	FPS	Frame	0	126	152	151	125	1.12924	0.170256	0.	7.13039	69.1841	0.	0.358905	0.933374	0.	0.	-5.55556e-002	
Time	FPS	Frame	0	126	152	151	125	1.11794	0.17842	0.	7.08645	69.1324	0.	0.349732	0.93685	0.	0.	-5.55556e-002	
Time	FPS	Frame	0	125	152	150	124	1.10629	0.188654	0.	7.04198	69.0803	0.	0.340126	0.94038	0.	0.	-5.55556e-002	
Time	FPS	Frame	0	125	151	150	124	1.09438	0.197304	0.	6.99692	69.0277	0.	0.33005	0.943963	0.	0.	-5.55556e-002	
Time	FPS	Frame	0	125	151	149	124	1.08226	0.208424	0.	6.95138	68.9746	0.	0.319533	0.947575	0.	0.	-5.55556e-002	
Time	FPS	Frame	0	124	151	149	123	1.06952	0.220184	0.	6.90487	68.9209	0.	0.308368	0.951267	0.	0.	-5.55556e-002	
Time	FPS	Frame	0	124	150	148	123	1.05637	0.230139	0.	6.85753	68.8666	0.	0.296585	0.955006	0.	0.	-5.55556e-002	
Time	FPS	Frame	0	124	150	148	122	1.04393	0.242502	0.	6.81085	68.8118	0.	0.284756	0.9586	0.	0.	-5.55556e-002	
Time	FPS	Frame	0	124	149	147	122	1.03237	0.252166	0.	6.76486	68.7563	0.	0.272884	0.962047	0.	0.	-5.55556e-002	
Time	FPS	Frame	0	123	149	147	122	1.02159	0.264529	0.	6.71956	68.7003	0.	0.26097	0.965347	0.	0.	-5.55556e-002	
Time	FPS	Frame	0	123	149	146	121	1.0116	0.276892	0.	6.67496	68.6438	0.	0.249016	0.968499	0.	0.	-5.55556e-002	
Time	FPS	Frame	0	123	148	146	121	1.00248	0.286204	0.	6.63105	68.5867	0.	0.237024	0.971504	0.	0.	-5.55556e-002	
Time	FPS	Frame	0	122	148	145	121	0.994044	0.298566	0.	6.58786	68.529	0.	0.224995	0.97436	0.	0.	-5.55556e-002	
Time	FPS	Frame	0	122	148	145	120	0.986481	0.307497	0.	6.54538	68.4709	0.	0.212933	0.977067	0.	0.	-5.55556e-002	
Time	FPS	Frame	0	122	147	144	120	0.979689	0.319859	0.	6.50363	68.4122	0.	0.200837	0.979625	0.	0.	-5.55556e-002	
Time	FPS	Frame	0	122	147	144	119	0.973652	0.332222	0.	6.4626	68.353	0.	0.188712	0.982033	0.	0.	-5.55556e-002	
Time	FPS	Frame	0	121	146	143	119	0.968503	0.340871	0.	6.42231	68.2932	0.	0.176557	0.98429	0.	0.	-5.55556e-002	
Time	FPS	Frame	0	121	146	143	119	0.963983	0.353233	0.	6.38276	68.233	0.	0.164375	0.986398	0.	0.	-5.55556e-002	
Time	FPS	Frame	0	121	146	142	118	0.960345	0.361565	0.	6.34396	68.1724	0.	0.152168	0.988355	0.	0.	-5.55556e-002	
Time	FPS	Frame	0	120	145	142	118	0.957457	0.373927	0.	6.30591	68.1112	0.	0.139938	0.99016	0.	0.	-5.55556e-002	
Time	FPS	Frame	0	120	145	141	118	0.955308	0.38629	0.	6.26862	68.0496	0.	0.127687	0.991815	0.	0.	-5.55556e-002	
Time	FPS	Frame	0	120	144	141	117	0.95405	0.394305	0.	6.23209	67.9875	0.	0.115416	0.993317	0.	0.	-5.55556e-002	
Time	FPS	Frame	0	120	144	140	117	0.953376	0.406668	0.	6.19633	67.925	0.	0.103127	0.994668	0.	0.	-5.55556e-002	
Time	FPS	Frame	0	119	143	140	116	0.953585	0.414382	0.	6.16135	67.862	0.	9.08226e-002	0.995867	0.	0.	-5.55556e-002	
Time	FPS	Frame	0	119	143	139	116	0.954528	0.426744	0.	6.12715	67.7986	0.	7.85043e-002	0.996914	0.	0.	-5.55556e-002	
Time	FPS	Frame	0	119	143	139	116	0.956182	0.439107	0.	6.09374	67.7348	0.	6.6174e-002	0.997808	0.	0.	-5.55556e-002	
Time	FPS	Frame	0	118	142	138	115	0.958728	0.446557	0.	6.06112	67.6706	0.	5.38336e-002	0.99855	0.	0.	-5.55556e-002	
Time	FPS	Frame	0	118	142	138	115	0.961828	0.45892	0.	6.0293	67.6059	0.	4.1485e-002	0.999139	0.	0.	-5.55556e-002	
Time	FPS	Frame	0	118	141	137	115	0.965799	0.471283	0.	5.99827	67.5409	0.	2.91301e-002	0.999576	0.	0.	-5.55556e-002	
Time	FPS	Frame	0	118	141	137	114	0.970658	0.478455	0.	5.96805	67.4755	0.	1.67706e-002	0.999859	0.	0.	-5.55556e-002	
Time	FPS	Frame	0	117	140	136	114	0.975879	0.490818	0.	5.93865	67.4098	0.	4.40867e-003	0.99999	0.	0.	-5.55556e-002	
Time	FPS	Frame	0	117	140	136	114	0.982142	0.497733	0.	5.91006	67.3437	0.	-7.95398e-003	0.999968	0.	0.	-5.55556e-002	
Time	FPS	Frame	0	117	140	135	113	0.988955	0.510095	0.	5.88228	67.2772	0.	-2.03154e-002	0.999794	0.	0.	-5.55556e-002	
Time	FPS	Frame	0	117	139	135	113	0.996599	0.522458	0.	5.85534	67.2104	0.	-3.26737e-002	0.999466	0.	0.	-5.55556e-002	
Time	FPS	Frame	0	116	139	134	113	1.00513	0.52912	0.	5.82921	67.1433	0.	-4.50271e-002	0.998986	0.	0.	-5.55556e-002	
Time	FPS	Frame	0	116	138	134	112	1.01402	0.541482	0.	5.80393	67.0758	0.	-5.73735e-002	0.998353	0.	0.	-5.55556e-002	
Time	FPS	Frame	0	116	138	133	112	1.0239	0.547886	0.	5.77947	67.0081	0.	-6.97112e-002	0.997567	0.	0.	-5.55556e-002	
Time	FPS	Frame	0	116	137	132	112	1.03438	0.560248	0.	5.75586	66.94	0.	-8.20383e-002	0.996629	0.	0.	-5.55556e-002	
Time	FPS	Frame	0	115	137	132	111	1.0456	0.572611	0.	5.73309	66.8717	0.	-9.43527e-002	0.995539	0.	0.	-5.55556e-002	
Time	FPS	Frame	0	115	137	131	111	1.05771	0.578825	0.	5.71116	66.8031	0.	-0.106653	0.994296	0.	0.	-5.55556e-002	
Time	FPS	Frame	0	115	136	131	111	1.07022	0.591188	0.	5.69009	66.7342	0.	-0.118937	0.992902	0.	0.	-5.55556e-002	
Time	FPS	Frame	0	115	136	130	110	1.08364	0.603551	0.	5.66987	66.6651	0.	-0.131202	0.991356	0.	0.	-5.55556e-002	
Time	FPS	Frame	0	114	135	130	110	1.09794	0.609537	0.	5.65051	66.5957	0.	-0.143448	0.989658	0.	0.	-5.55556e-002	
Time	FPS	Frame	0	114	135	129	110	1.11246	0.621899	0.	5.632	66.5261	0.	-0.155671	0.987809	0.	0.	-5.55556e-002	
Time	FPS	Frame	0	114	134	129	110	1.12805	0.62769	0.	5.61436	66.4562	0.	-0.167871	0.985809	0.	0.	-5.55556e-002	
Time	FPS	Frame	0	114	134	128	109	1.14415	0.640053	0.	5.59758	66.3862	0.	-0.180045	0.983658	0.	0.	-5.55556e-002	
Time	FPS	Frame	0	114	134	128	109	1.16101	0.652416	0.	5.58167	66.3159	0.	-0.192192	0.981357	0.	0.	-5.55556e-002	
Time	FPS	Frame	0	113	133	127	109	1.17874	0.658033	0.	5.56662	66.2455	0.	-0.204309	0.978906	0.	0.	-5.55556e-002	
Time	FPS	Frame	0	113	133	127	108	1.19684	0.670396	0.	5.55245	66.1749	0.	-0.216395	0.976306	0.	0.	-5.55556e-002	
Time	FPS	Frame	0	113	132	126	108	1.21581	0.682759	0.	5.53916	66.1041	0.	-0.228448	0.973556	0.	0.	-5.55556e-002	
Time	FPS	Frame	0	113	132	126	108	1.23565	0.688193	0.	5.52674	66.0331	0.	-0.240466	0.970657	0.	0.	-5.55556e-002	
Time	FPS	Frame	0	112	131	125	108	1.25572	0.700556	0.	5.5152	65.962	0.	-0.252448	0.967611	0.	0.	-5.55556e-002	
Time	FPS	Frame	0	112	131	125	107	1.27678	0.712918	0.	5.50454	65.8908	0.	-0.26439	0.964416	0.	0.	-5.55556e-002	
Time	FPS	Frame	0	112	130	124	107	1.2987	0.718206	0.	5.49476	65.8194	0.	-0.276293	0.961074	0.	0.	-5.55556e-002	
Time	FPS	Frame	0	112	130	124	107	1.32073	0.730569	0.	5.48586	65.7479	0.	-0.288153	0.957584	0.	0.	-5.55556e-002	
Time	FPS	Frame	0	112	130	123	107	1.34385	0.742931	0.	5.47785	65.6764	0.	-0.299969	0.953949	0.	0.	-5.55556e-002	
Time	FPS	Frame	0	111	129	123	106	1.36782	0.748071	0.	5.47072	65.6047	0.	-0.311739	0.950168	0.	0.	-5.55556e-002	
Time	FPS	Frame	0	111	129	122	106	1.39179	0.760434	0.	5.46448	65.5329	0.	-0.323462	0.946241	0.	0.	-5.55556e-002	
Time	FPS	Frame	0	111	128	122	106	1.41694	0.772797	0.	5.45913	65.4611	0.	-0.335135	0.94217	0.	0.	-5.55556e-002	
Time	FPS	Frame	0	111	128	121	106	1.44293	0.777815	0.	5.45466	65.3892	0.	-0.346757	0.937955	0.	0.	-5.55556e-002	
Time	FPS	Frame	0	111	127	121	105	1.46885	0.790177	0.	5.45109	65.3173	0.	-0.358326	0.933597	0.	0.	-5.55556e-002	
Time	FPS	Frame	0	110	127	121	105	1.49599	0.80254	0.	5.4484	65.2453	0.	-0.36984	0.929096	0.	0.	-5.55556e-002	
Time	FPS	Frame	1	-1	127	120	105	1.52396	0.807435	0.	5.44661	65.1733	0.	-0.381297	0.924452	0.	0.	-5.55556e-002	
Time	FPS	Frame	1	-1	126	120	105	1.55182	0.819797	0.	5.4457	65.1012	0.	-0.392697	0.919668	0.	0.	-5.55556e-002	
Time	FPS	Frame	1	-1	126	119	104	1.58094	0.83216	0.	5.44569	65.0292	0.	-0.404036	0.914743	0.	0.	-5.55556e-002	
Time	FPS	Frame	1	-1	125	119	104	1.61086	0.836962	0.	5.44656	64.9572	0.	-0.415314	0.909678	0.	0.	-5.55556e-002	
Time	FPS	Frame	1	-1	125	118	104	1.64066	0.849324	0.	5.44833	64.8852	0.	-0.426528	0.904474	0.	0.	-5.55556e-002	
Time	FPS	Frame	1	-1	124	118	104	1.6717	0.861687	0.	5.45098	64.8132	0.	-0.437677	0.899132	0.	0.	-5.55556e-002	
Time	FPS	Frame	1	-1	124	117	103	1.70354	0.866381	0.	5.45453	64.7412	0.	-0.448759	0.893653	0.	0.	-5.55556e-002	
Time	FPS	Frame	1	-1	124	117	103	1.73528	0.878743	0.	5.45896	64.6694	0.	-0.459772	0.888037	0.	0.	-5.55556e-002	
Time	FPS	Frame	1	-1	123	116	103	1.76822	0.891106	0.	5.46429	64.5975	0.	-0.470715	0.882285	0.	0.	-5.55556e-002	
Time	FPS	Frame	1	-1	123	116	103	1.80195	0.89576	0.	5.4705	64.5258	0.	-0.481586	0.876399	0.	0.	-5.55556e-002	
Time	FPS	Frame	1	-1	122	116	103	1.83564	0.908122	0.	5.4776	64.4541	0.	-0.492384	0.870378	0.	0.	-5.55556e-002	
Time	FPS	Frame	1	-1	122	115	102	1.87045	0.920485	0.	5.48558	64.3825	0.	-0.503106	0.864224	0.	0.	-5.55556e-002	
Time	FPS	Frame	1	-1	122	115	102	1.90603	0.932848	0.	5.49445	64.311	0.	-0.513752	0.857939	0.	0.	-5.55556e-002	
Time	FPS	Frame	1	-1	121	114	102	1.94239	0.937407	0.	5.5042	64.2396	0.	-0.524319	0.851522	0.	0.	-5.55556e-002	
Time	FPS	Frame	1	-1	121	114	102	1.9783	0.94977	0.	5.51483	64.1684	0.	-0.534806	0.844975	0.	0.	-5.55556e-002	
Time	FPS	Frame	1	-1	120	113	102	2.0157	0.962133	0.	5.52634	64.0973	0.	-0.545211	0.838299	0.	0.	-5.55556e-002	
Time	FPS	Frame	1	-1	120	113	101	2.05386	0.966638	0.	5.53873	64.0263	0.	-0.555533	0.831495	0.	0.	-5.55556e-002	
Time	FPS	Frame	1	-1	120	113	101	2.09172	0.979	0.	5.552	63.9555	0.	-0.565769	0.824564	0.	0.	-5.55556e-002	
Time	FPS	Frame	1	-1	119	112	101	2.1309	0.991363	0.	5.56614	63.8849	0.	-0.57592	0.817506	0.	0.	-5.55556e-002	
Time	FPS	Frame	1	-1	119	112	101	2.17084	1.00373	0.	5.58115	63.8145	0.	-0.585982	0.810324	0.	0.	-5.55556e-002	
Time	FPS	Frame	1	-1	118	111	101	2.21151	1.0082	0.	5.59704	63.7442	0.	-0.595955	0.803018	0.	0.	-5.55556e-002	
Time	FPS	Frame	1	-1	118	111	101	2.25158	1.02057	0.	5.61379	63.6741	0.	-0.605837	0.795589	0.	0.	-5.55556e-002	
Time	FPS	Frame	1	-1	118	111	-1	2.29324	1.03293	0.	5.6314	63.6043	0.	-0.615626	0.788039	0.	0.	-5.55556e-002	
Time	FPS	Frame	1	-1	117	110	-1	2.33563	1.03738	0.	5.64988	63.5347	0.	-0.625321	0.780368	0.	0.	-5.55556e-002	
Time	FPS	Frame	1	-1	117	110	-1	2.37765	1.04974	0.	5.66922	63.4653	0.	-0.63492	0.772578	0.	0.	-5.55556e-002	
Time	FPS	Frame	1	-1	117	109	-1	2.42102	1.0621	0.	5.68941	63.3961	0.	-0.644423	0.76467	0.	0.	-5.55556e-002	
Time	FPS	Frame	1	-1	116	109	-1	2.46508	1.07446	0.	5.71045	63.3273	0.	-0.653827	0.756644	0.	0.	-5.55556e-002	
Time	FPS	Frame	1	-1	116	109	-1	2.50985	1.07889	0.	5.73235	63.2586	0.	-0.663131	0.748504	0.	0.	-5.55556e-002	
Time	FPS	Frame	1	-1	115	108	-1	2.55409	1.09125	0.	5.75509	63.1903	0.	-0.672333	0.740249	0.	0.	-5.55556e-002	
Time	FPS	Frame	1	-1	115	108	-1	2.5998	1.10361	0.	5.77868	63.1222	0.	-0.681433	0.73188	0.	0.	-5.55556e-002	
Time	FPS	Frame	1	-1	115	107	-1	2.6462	1.11598	0.	5.8031	63.0545	0.	-0.690429	0.7234	0.	0.	-5.55556e-002	
Time	FPS	Frame	1	-1	114	107	-1	2.69327	1.12834	0.	5.82836	62.987	0.	-0.699319	0.71481	0.	0.	-5.55556e-002	
Time	FPS	Frame	1	-1	114	107	-1	2.74101	1.13277	0.	5.85446	62.9199	0.	-0.708102	0.70611	0.	0.	-5.55556e-002	
Time	FPS	Frame	1	-1	114	106	-1	2.7877	1.14513	0.	5.88138	62.8531	0.	-0.716778	0.697302	0.	0.	-5.55556e-002	
Time	FPS	Frame	1	-1	113	106	-1	2.83634	1.1575	0.	5.90912	62.7866	0.	-0.725343	0.688387	0.	0.	-5.55556e-002	
Time	FPS	Frame	1	-1	113	106	-1	2.88563	1.16986	0.	5.93769	62.7205	0.	-0.733798	0.679368	0.	0.	-5.55556e-002	
Time	FPS	Frame	1	-1	113	105	-1	2.93557	1.17425	0.	5.96707	62.6547	0.	-0.74214	0.670244	0.	0.	-5.55556e-002	
Time	FPS	Frame	1	-1	112	105	-1	2.98444	1.18661	0.	5.99726	62.5893	0.	-0.75037	0.661019	0.	0.	-5.55556e-002	
Time	FPS	Frame	1	-1	112	105	-1	3.03524	1.19898	0.	6.02825	62.5243	0.	-0.758484	0.651692	0.	0.	-5.55556e-002	
Time	FPS	Frame	1	-1	112	104	-1	3.08668	1.21134	0.	6.06005	62.4596	0.	-0.766483	0.642265	0.	0.	-5.55556e-002	
Time	FPS	Frame	1	-1	111	104	-1	3.13873	1.2237	0.	6.09265	62.3954	0.	-0.774364	0.63274	0.	0.	-5.55556e-002	
Time	FPS	Frame	1	-1	111	104	-1	3.19139	1.22815	0.	6.12603	62.3316	0.	-0.782127	0.623119	0.	0.	-5.55556e-002	
Time	FPS	Frame	1	-1	111	103	-1	3.24267	1.24052	0.	6.16021	62.2682	0.	-0.78977	0.613402	0.	0.	-5.55556e-002	
Time	FPS	Frame	1	-1	110	103	-1	3.29615	1.25288	0.	6.19516	62.2052	0.	-0.797293	0.603592	0.	0.	-5.55556e-002	
Time	FPS	Frame	1	-1	110	103	-1	3.35022	1.26524	0.	6.23089	62.1426	0.	-0.804694	0.593689	0.	0.	-5.55556e-002	
Time	FPS	Frame	1	-1	110	102	-1	3.40488	1.2776	0.	6.26739	62.0805	0.	-0.811972	0.583696	0.	0.	-5.55556e-002	
Time	FPS	Frame	1	-1	109	102	-1	3.46011	1.28205	0.	6.30466	62.0189	0.	-0.819126	0.573614	0.	0.	-5.55556e-002	
Time	FPS	Frame	1	-1	109	102	-1	3.51377	1.29442	0.	6.34268	61.9577	0.	-0.826155	0.563443	0.	0.	-5.55556e-002	
Time	FPS	Frame	1	-1	109	102	-1	3.56977	1.30678	0.	6.38146	61.897	0.	-0.833057	0.553187	0.	0.	-5.55556e-002	
Time	FPS	Frame	1	-1	108	101	-1	3.62633	1.31914	0.	6.42099	61.8368	0.	-0.839832	0.542846	0.	0.	-5.55556e-002	
Time	FPS	Frame	1	-1	108	101	-1	3.68343	1.3315	0.	6.46125	61.7771	0.	-0.846479	0.532422	0.	0.	-5.55556e-002	
Time	FPS	Frame	1	-1	108	101	-1	3.74108	1.33599	0.	6.50226	61.7179	0.	-0.852996	0.521917	0.	0.	-5.55556e-002	
Time	FPS	Frame	1	-1	108	100	-1	3.79708	1.34835	0.	6.54399	61.6591	0.	-0.859383	0.511332	0.	0.	-5.55556e-002	
Time	FPS	Frame	1	-1	107	100	-1	3.85127	1.34835	0.	6.59173	61.6307	0.	-0.859383	0.511332	0.	0.	-5.55556e-002	
Time	FPS	Frame	1	-1	107	100	-1	3.90545	1.34835	0.	6.63948	61.6023	0.	-0.859383	0.511332	0.	0.	-5.55556e-002	
Time	FPS	Frame	1	-1	107	100	-1	3.95964	1.34835	0.	6.68722	61.5739	0.	-0.859383	0.511332	0.	0.	-5.55556e-002	
Time	FPS	Frame	1	-1	107	100	-1	4.01383	1.34835	0.	6.73496	61.5455	0.	-0.859383	0.511332	0.	0.	-5.55556e-002	
Time	FPS	Frame	1	-1	107	100	-1	4.06801	1.34835	0.	6.78271	61.5171	0.	-0.859383	0.511332	0.	0.	-5.55556e-002	
Time	FPS	Frame	1	-1	107	100	-1	4.1222	1.34835	0.	6.83045	61.4887	0.	-0.859383	0.511332	0.	0.	-5.55556e-002	
Time	FPS	Frame	1	-1	107	100	-1	4.17639	1.34835	0.	6.87819	61.4603	0.	-0.859383	0.511332	0.	0.	-5.55556e-002	
Time	FPS	Frame	1	-1	107	100	-1	4.23057	1.34835	0.	6.92594	61.4319	0.	-0.859383	0.511332	0.	0.	-5.55556e-002	
Time	FPS	Frame	1	-1	107	100	-1	4.28476	1.34835	0.	6.97368	61.4035	0.	-0.859383	0.511332	0.	0.	-5.55556e-002	
Time	FPS	Frame	1	-1	107	100	-1	4.33895	1.34835	0.	7.02142	61.3751	0.	-0.859383	0.511332	0.	0.	-5.55556e-002	
Time	FPS	Frame	1	-1	107	100	-1	4.39313	1.34835	0.	7.06917	61.3467	0.	-0.859383	0.511332	0.	0.	-5.55556e-002	
Time	FPS	Frame	1	-1	107	100	-1	4.44732	1.34835	0.	7.11691	61.3183	0.	-0.859383	0.511332	0.	0.	-5.55556e-002	
Time	FPS	Frame	1	-1	107	100	-1	4.50151	1.34835	0.	7.16465	61.2899	0.	-0.859383	0.511332	0.	0.	-5.55556e-002	
Time	FPS	Frame	1	-1	107	100	-1	4.55569	1.34835	0.	7.2124	61.2614	0.	-0.859383	0.511332	0.	0.	-5.55556e-002	
Time	FPS	Frame	1	-1	107	100	-1	4.60988	1.34835	0.	7.26014	61.233	0.	-0.859383	0.511332	0.	0.	-5.55556e-002	
Time	FPS	Frame	1	-1	107	100	-1	4.66407	1.34835	0.	7.30788	61.2046	0.	-0.859383	0.511332	0.	0.	-5.55556e-002	
Time	FPS	Frame	1	-1	107	100	-1	4.71825	1.34835	0.	7.35563	61.1762	0.	-0.859383	0.511332	0.	0.	-5.55556e-002	
Time	FPS	Frame	1	-1	107	100	-1	4.77244	1.34835	0.	7.40337	61.1478	0.	-0.859383	0.511332	0.	0.	-5.55556e-002	
Time	FPS	Frame	1	-1	107	100	-1	4.82663	1.34835	0.	7.45112	61.1194	0.	-0.859383	0.511332	0.	0.	-5.55556e-002	
Time	FPS	Frame	1	-1	107	100	-1	4.88081	1.34835	0.	7.49886	61.091	0.	-0.859383	0.511332	0.	0.	-5.55556e-002	
Time	FPS	Frame	1	-1	107	100	-1	4.935	1.34835	0.	7.5466	61.0626	0.	-0.859383	0.511332	0.	0.	-5.55556e-002	
Time	FPS	Frame	1	-1	107	100	-1	4.98919	1.34835	0.	7.59435	61.0342	0.	-0.859383	0.511332	0.	0.	-5.55556e-002	
Time	FPS	Frame	1	-1	107	100	-1	5.04337	1.34835	0.	7.64209	61.0058	0.	-0.859383	0.511332	0.	0.	-5.55556e-002	
Time	FPS	Frame	1	-1	107	99	-1	5.09756	1.34835	0.	7.68983	60.9774	0.	-0.859383	0.511332	0.	0.	-5.55556e-002	
Time	FPS	Frame	1	-1	107	99	-1	5.15175	1.34835	0.	7.73758	60.949	0.	-0.859383	0.511332	0.	0.	-5.55556e-002	
Time	FPS	Frame	1	-1	107	99	-1	5.20593	1.34835	0.	7.78532	60.9206	0.	-0.859383	0.511332	0.	0.	-5.55556e-002	
Time	FPS	Frame	1	-1	107	99	-1	5.26012	1.34835	0.	7.83306	60.8921	0.	-0.859383	0.511332	0.	0.	-5.55556e-002	
Time	FPS	Frame	1	-1	107	99	-1	5.31431	1.34835	0.	7.88081	60.8637	0.	-0.859383	0.511332	0.	0.	-5.55556e-002	
Time	FPS	Frame	1	-1	106	99	-1	5.36849	1.34835	0.	7.92855	60.8353	0.	-0.859383	0.511332	0.	0.	-5.55556e-002	
Time	FPS	Frame	1	-1	106	99	-1	5.42268	1.34835	0.	7.97629	60.8069	0.	-0.859383	0.511332	0.	0.	-5.55556e-002	
Time	FPS	Frame	1	-1	106	99	-1	5.47687	1.34835	0.	8.02404	60.7785	0.	-0.859383	0.511332	0.	0.	-5.55556e-002	
Time	FPS	Frame	1	-1	106	99	-1	5.53105	1.34835	0.	8.07178	60.7501	0.	-0.859383	0.511332	0.	0.	-5.55556e-002	
Time	FPS	Frame	1	-1	106	99	-1	5.58524	1.34835	0.	8.11952	60.7217	0.	-0.859383	0.511332	0.	0.	-5.55556e-002	
Time	FPS	Frame	1	-1	106	99	-1	5.63943	1.34835	0.	8.16727	60.6933	0.	-0.859383	0.511332	0.	0.	-5.55556e-002	
Time	FPS	Frame	1	-1	106	99	-1	5.69361	1.34835	0.	8.21501	60.6649	0.	-0.859383	0.511332	0.	0.	-5.55556e-002	
Time	FPS	Frame	1	-1	106	99	-1	5.7478	1.34835	0.	8.26275	60.6365	0.	-0.859383	0.511332	0.	0.	-5.55556e-002	
Time	FPS	Frame	1	-1	106	99	-1	5.80199	1.34835	0.	8.3105	60.6081	0.	-0.859383	0.511332	0.	0.	-5.55556e-002	
Time	FPS	Frame	1	-1	106	99	-1	5.85617	1.34835	0.	8.35824	60.5797	0.	-0.859383	0.511332	0.	0.	-5.55556e-002	
Time	FPS	Frame	1	-1	-1	99	-1	5.91036	1.34835	0.	8.40599	60.5513	0.	-0.859383	0.511332	0.	0.	-5.55556e-002	
Time	FPS	Frame	1	-1	-1	99	-1	5.96455	1.34835	0.	8.45373	60.5229	0.	-0.859383	0.511332	0.	0.	-5.55556e-002	
Time	FPS	Frame	1	-1	-1	99	-1	6.01873	1.34835	0.	8.50147	60.4944	0.	-0.859383	0.511332	0.	0.	-5.55556e-002	
Time	FPS	Frame	1	-1	-1	99	-1	6.07292	1.34835	0.	8.54922	60.466	0.	-0.859383	0.511332	0.	0.	-5.55556e-002	
Time	FPS	Frame	1	-1	-1	99	-1	6.12711	1.34835	0.	8.59696	60.4376	0.	-0.859383	0.511332	0.	0.	-5.55556e-002	
Time	FPS	Frame	1	-1	-1	99	-1	6.1813	1.34835	0.	8.6447	60.4092	0.	-0.859383	0.511332	0.	0.	-5.55556e-002	
Time	FPS	Frame	1	-1	-1	99	-1	6.23548	1.34835	0.	8.69245	60.3808	0.	-0.859383	0.511332	0.	0.	-5.55556e-002	
Time	FPS	Frame	0	-1	-1	-1	-1	6.28967	1.34835	0.	8.74019	60.3524	0.	-0.859383	0.511332	0.	0.	-5.55556e-002	
Time	FPS	Frame	0	-1	-1	-1	-1	6.34386	1.34835	0.	8.78793	60.324	0.	-0.859383	0.511332	0.	0.	-5.55556e-002	
Time	FPS	Frame	0	-1	-1	-1	-1	6.39804	1.34835	0.	8.83568	60.2956	0.	-0.859383	0.511332	0.	0.	-5.55556e-002	
Time	FPS	Frame	0	-1	-1	-1	-1	6.45223	1.34835	0.	8.88342	60.2672	0.	-0.859383	0.511332	0.	0.	-5.55556e-002	
Time	FPS	Frame	0	-1	-1	-1	-1	6.50642	1.34835	0.	8.93116	60.2388	0.	-0.859383	0.511332	0.	0.	-5.55556e-002	
Time	FPS	Frame	0	-1	-1	-1	-1	6.5606	1.34835	0.	8.97891	60.2104	0.	-0.859383	0.511332	0.	0.	-5.55556e-002	
Time	FPS	Frame	0	-1	-1	-1	-1	6.61479	1.34835	0.	9.02665	60.182	0.	-0.859383	0.511332	0.	0.	-5.55556e-002	
Time	FPS	Frame	0	-1	-1	-1	-1	6.66898	1.34835	0.	9.07439	60.1536	0.	-0.859383	0.511332	0.	0.	-5.55556e-002	
Time	FPS	Frame	0	-1	-1	-1	-1	6.72316	1.34835	0.	9.12214	60.1251	0.	-0.859383	0.511332	0.	0.	-5.55556e-002	
Time	FPS	Frame	0	-1	-1	-1	-1	6.77735	1.34835	0.	9.16988	60.0967	0.	-0.859383	0.511332	0.	0.	-5.55556e-002	
Time	FPS	Frame	0	-1	-1	-1	-1	6.83154	1.34835	0.	9.21763	60.0683	0.	-0.859383	0.511332	0.	0.	-5.55556e-002	
Time	FPS	Frame	0	-1	-1	-1	-1	6.88572	1.34835	0.	9.26537	60.0399	0.	-0.859383	0.511332	0.	0.	-5.55556e-002	
Time	FPS	Frame	0	-1	-1	-1	-1	6.93991	1.34835	0.	9.31311	60.0115	0.	-0.859383	0.511332	0.	0.	-5.55556e-002	
Time	FPS	Frame	0	-1	-1	-1	-1	6.9941	1.34835	0.	9.36086	59.9831	0.	-0.859383	0.511332	0.	0.	-5.55556e-002	
Time	FPS	Frame	0	-1	-1	-1	-1	7.04828	1.34835	0.	9.4086	59.9547	0.	-0.859383	0.511332	0.	0.	-5.55556e-002	
Time	FPS	Frame	0	-1	-1	-1	-1	7.15666	1.34835	0.	9.50409	59.8979	0.	-0.859383	0.511332	0.	0.	-5.55556e-002	
Time	FPS	Frame	0	-1	-1	-1	-1	7.21084	1.34835	0.	9.55183	59.8695	0.	-0.859383	0.511332	0.	0.	-5.55556e-002	
Time	FPS	Frame	0	-1	-1	-1	-1	7.26503	1.34835	0.	9.59957	59.8411	0.	-0.859383	0.511332	0.	0.	-5.55556e-002	
Time	FPS	Frame	0	-1	-1	-1	-1	7.31922	1.34835	0.	9.64732	59.8127	0.	-0.859383	0.511332	0.	0.	-5.55556e-002	
Time	FPS	Frame	0	-1	-1	-1	-1	7.3734	1.34835	0.	9.69506	59.7843	0.	-0.859383	0.511332	0.	0.	-5.55556e-002	
Time	FPS	Frame	0	-1	-1	-1	-1	7.42759	1.34835	0.	9.7428	59.7559	0.	-0.859383	0.511332	0.	0.	-5.55556e-002	
Time	FPS	Frame	0	-1	-1	-1	-1	7.48178	1.34835	0.	9.79055	59.7274	0.	-0.859383	0.511332	0.	0.	-5.55556e-002	

