Time	FPS	Frame	Crash	RB	RU	LU	LB	OC	Dither	DAngle	swAngle	OX	OY	OZ	HX	HY	HZ	HA	Speed
9.93155e-005	10068.9	1	0	1	3	3	1	2	0.	4.11431e-006	0.	0.	0.	0.	0.	1.	0.	0.	0.	
0.881628	1.13439	2	0	1	3	3	1	2	1.97704e-006	4.11431e-006	0.	0.	0.	0.	0.	1.	0.	0.	0.	
0.93599	18.3952	3	0	1	3	3	1	2	1.97704e-006	4.11431e-006	0.	0.	0.	0.	0.	1.	0.	0.	0.	
0.989116	18.8234	4	0	1	3	3	1	2	1.97704e-006	4.11431e-006	0.	0.	0.	0.	0.	1.	0.	0.	0.	
1.00589	59.603	5	0	1	3	3	1	2	1.97704e-006	4.11431e-006	0.	0.	0.	0.	0.	1.	0.	0.	0.	
1.02288	58.8658	6	0	1	3	3	1	2	1.97704e-006	4.11431e-006	0.	0.	0.	0.	0.	1.	0.	0.	0.	
1.03986	58.8878	7	0	1	3	3	1	2	1.97704e-006	4.11431e-006	0.	0.	0.	0.	0.	1.	0.	0.	0.	
1.05689	58.7364	8	0	1	3	3	1	2	1.97704e-006	4.11431e-006	0.	0.	0.	0.	0.	1.	0.	0.	0.	
1.07287	62.5706	9	0	1	3	3	1	2	1.97704e-006	4.11431e-006	0.	0.	0.	0.	0.	1.	0.	0.	0.	
1.08888	62.4621	10	0	1	3	3	1	2	1.97704e-006	4.11431e-006	0.	0.	0.	0.	0.	1.	0.	0.	0.	
1.10587	58.869	11	0	1	3	3	1	2	1.97704e-006	4.11431e-006	0.	0.	0.	0.	0.	1.	0.	0.	0.	
1.12187	62.488	12	0	1	3	3	1	2	1.97704e-006	4.11431e-006	0.	0.	0.	0.	0.	1.	0.	0.	0.	
1.13888	58.8042	13	0	1	3	3	1	2	1.97704e-006	4.11431e-006	0.	0.	0.	0.	0.	1.	0.	0.	0.	
1.15494	62.2309	14	0	1	3	3	1	2	1.97704e-006	4.11431e-006	0.	0.	0.	0.	0.	1.	0.	0.	0.	
1.17187	59.0853	15	0	1	3	3	1	2	1.97704e-006	4.11431e-006	0.	0.	0.	0.	0.	1.	0.	0.	0.	
1.18787	62.4809	16	0	1	3	3	1	2	1.97704e-006	4.11431e-006	0.	0.	0.	0.	0.	1.	0.	0.	0.	
1.20487	58.8272	17	0	1	3	3	1	2	1.97704e-006	4.11431e-006	0.	0.	0.	0.	0.	1.	0.	0.	0.	
1.22188	58.799	18	0	1	3	3	1	2	1.97704e-006	4.11431e-006	0.	0.	0.	0.	0.	1.	0.	0.	0.	
1.23889	58.7823	19	0	1	3	3	1	2	1.97704e-006	4.11431e-006	0.	0.	0.	0.	0.	1.	0.	0.	0.	
1.25588	58.8522	20	0	1	3	3	1	2	1.97704e-006	4.11431e-006	0.	0.	0.	0.	0.	1.	0.	0.	0.	
1.27288	58.8334	21	0	1	3	3	1	2	1.97704e-006	4.11431e-006	0.	0.	0.	0.	0.	1.	0.	0.	0.	
1.28998	58.4968	22	0	1	3	3	1	2	1.97704e-006	4.11431e-006	0.	0.	0.	0.	0.	1.	0.	0.	0.	
1.30688	59.1676	23	0	1	3	3	1	2	1.97704e-006	4.11431e-006	0.	0.	0.	0.	0.	1.	0.	0.	0.	
1.32408	58.1283	24	0	1	3	3	1	2	1.97704e-006	4.11431e-006	0.	0.	0.	0.	0.	1.	0.	0.	0.	
1.34088	59.5195	25	0	1	3	3	1	2	1.97704e-006	4.11431e-006	0.	0.	0.	0.	0.	1.	0.	0.	0.	
1.35693	62.2941	26	0	1	3	3	1	2	1.97704e-006	4.11431e-006	0.	0.	0.	0.	0.	1.	0.	0.	0.	
1.37389	58.9738	27	0	1	3	3	1	2	1.97704e-006	4.11431e-006	0.	0.	0.	0.	0.	1.	0.	0.	0.	
1.39066	59.6212	28	0	1	3	3	1	2	1.97704e-006	4.11431e-006	0.	0.	0.	0.	0.	1.	0.	0.	0.	
1.40788	58.0794	29	0	1	3	3	1	2	1.97704e-006	4.11431e-006	0.	0.	0.	0.	0.	1.	0.	0.	0.	
1.42489	58.7812	30	0	1	3	3	1	2	1.97704e-006	4.11431e-006	0.	0.	0.	0.	0.	1.	0.	0.	0.	
1.44088	62.534	31	0	1	3	3	1	2	1.97704e-006	4.11431e-006	0.	0.	0.	0.	0.	1.	0.	0.	0.	
1.4579	58.775	32	0	1	3	3	1	2	1.97704e-006	4.11431e-006	0.	0.	0.	0.	0.	1.	0.	0.	0.	
1.4739	62.5116	33	0	1	3	3	1	2	1.97704e-006	4.11431e-006	0.	0.	0.	0.	0.	1.	0.	0.	0.	
1.4899	62.4727	34	0	1	3	3	1	2	1.97704e-006	4.11431e-006	0.	0.	0.	0.	0.	1.	0.	0.	0.	
1.5069	58.8324	35	0	1	3	3	1	2	1.97704e-006	4.11431e-006	0.	0.	0.	0.	0.	1.	0.	0.	0.	
1.52395	58.6688	36	0	1	3	3	1	2	1.97704e-006	4.11431e-006	0.	0.	0.	0.	0.	1.	0.	0.	0.	
1.5409	58.978	37	0	1	3	3	1	2	1.97704e-006	4.11431e-006	0.	0.	0.	0.	0.	1.	0.	0.	0.	
1.55691	62.455	38	0	1	3	3	1	2	1.97704e-006	4.11431e-006	0.	0.	0.	0.	0.	1.	0.	0.	0.	
1.5739	58.8753	39	0	1	3	3	1	2	1.97704e-006	4.11431e-006	0.	0.	0.	0.	0.	1.	0.	0.	0.	
1.5899	62.4962	40	0	1	3	3	1	2	1.97704e-006	4.11431e-006	0.	0.	0.	0.	0.	1.	0.	0.	0.	
1.60691	58.7771	41	0	1	3	3	1	2	1.97704e-006	4.11431e-006	0.	0.	0.	0.	0.	1.	0.	0.	0.	
1.62289	62.5706	42	0	1	3	3	1	2	1.97704e-006	4.11431e-006	0.	0.	0.	0.	0.	1.	0.	0.	0.	
1.63892	62.3879	43	0	1	3	3	1	2	1.97704e-006	4.11431e-006	0.	0.	0.	0.	0.	1.	0.	0.	0.	
1.6559	58.892	44	0	1	3	3	1	2	1.97704e-006	4.11431e-006	0.	0.	0.	0.	0.	1.	0.	0.	0.	
1.67366	56.3208	45	0	1	3	3	1	2	1.97704e-006	4.11431e-006	0.	0.	0.	0.	0.	1.	0.	0.	0.	
1.68992	61.4813	46	0	1	3	3	1	2	1.97704e-006	4.11431e-006	0.	0.	0.	0.	0.	1.	0.	0.	0.	
1.70619	61.4836	47	0	1	3	3	1	2	1.97704e-006	4.11431e-006	0.	0.	0.	0.	0.	1.	0.	0.	0.	
1.7229	59.8442	48	0	1	3	3	1	2	1.97704e-006	4.11431e-006	0.	0.	0.	0.	0.	1.	0.	0.	0.	
1.7399	58.8198	49	0	1	3	3	1	2	1.97704e-006	4.11431e-006	0.	0.	0.	0.	0.	1.	0.	0.	0.	
1.7569	58.8084	50	0	1	3	3	1	2	1.97704e-006	4.11431e-006	0.	0.	0.	0.	0.	1.	0.	0.	0.	
1.7739	58.8397	51	0	1	3	3	1	2	1.97704e-006	4.11431e-006	0.	0.	0.	0.	0.	1.	0.	0.	0.	
1.7909	58.8011	52	0	1	3	3	1	2	1.97704e-006	4.11431e-006	0.	0.	0.	0.	0.	1.	0.	0.	0.	
1.80791	58.8073	53	0	1	3	3	1	2	1.97704e-006	4.11431e-006	0.	0.	0.	0.	0.	1.	0.	0.	0.	
1.82492	58.7937	54	0	1	3	3	1	2	1.97704e-006	4.11431e-006	0.	0.	0.	0.	0.	1.	0.	0.	0.	
1.84091	62.5151	55	0	1	3	3	1	2	1.97704e-006	4.11431e-006	0.	0.	0.	0.	0.	1.	0.	0.	0.	
1.85791	58.8533	56	0	1	3	3	1	2	1.97704e-006	4.11431e-006	0.	0.	0.	0.	0.	1.	0.	0.	0.	
1.8749	58.8292	57	0	1	3	3	1	2	1.97704e-006	4.11431e-006	0.	0.	0.	0.	0.	1.	0.	0.	0.	
1.89191	58.8146	58	0	1	3	3	1	2	1.97704e-006	4.11431e-006	0.	0.	0.	0.	0.	1.	0.	0.	0.	
1.9089	58.8313	59	0	1	3	3	1	2	1.97704e-006	4.11431e-006	0.	0.	0.	0.	0.	1.	0.	0.	0.	
1.92491	62.4727	60	0	1	3	3	1	2	1.97704e-006	4.11431e-006	0.	0.	0.	0.	0.	1.	0.	0.	0.	
1.94191	58.8376	61	0	1	3	3	1	2	1.97704e-006	4.11431e-006	0.	0.	0.	0.	0.	1.	0.	0.	0.	
1.95892	58.7771	62	0	1	3	3	1	2	1.97704e-006	4.11431e-006	0.	0.	0.	0.	0.	1.	0.	0.	0.	
1.97591	58.87	63	0	1	3	3	1	2	1.97704e-006	4.11431e-006	0.	0.	0.	0.	0.	1.	0.	0.	0.	
1.99291	58.8073	64	0	1	3	3	1	2	1.97704e-006	4.11431e-006	0.	0.	0.	0.	0.	1.	0.	0.	0.	
2.00991	58.8366	65	0	1	3	3	1	2	1.97704e-006	4.11431e-006	0.	0.	0.	0.	0.	1.	0.	0.	0.	
2.02692	58.7854	66	0	1	3	3	1	2	1.97704e-006	4.11431e-006	0.	0.	0.	0.	0.	1.	0.	0.	0.	
2.04291	62.5375	67	0	1	3	3	1	2	1.97704e-006	4.11431e-006	0.	0.	0.	0.	0.	1.	0.	0.	0.	
2.05991	58.8084	68	0	1	3	3	1	2	1.97704e-006	4.11431e-006	0.	0.	0.	0.	0.	1.	0.	0.	0.	
2.07691	58.8282	69	0	1	3	3	1	2	1.97704e-006	4.11431e-006	0.	0.	0.	0.	0.	1.	0.	0.	0.	
2.09393	58.7802	70	0	1	3	3	1	2	1.97704e-006	4.11431e-006	0.	0.	0.	0.	0.	1.	0.	0.	0.	
2.10992	62.5375	71	0	1	3	3	1	2	1.97704e-006	4.11431e-006	0.	0.	0.	0.	0.	1.	0.	0.	0.	
2.12692	58.7958	72	0	1	3	3	1	2	1.97704e-006	4.11431e-006	0.	0.	0.	0.	0.	1.	0.	0.	0.	
2.14292	62.534	73	0	1	3	3	1	2	1.97704e-006	4.11431e-006	0.	0.	0.	0.	0.	1.	0.	0.	0.	
2.15992	58.8146	74	0	1	3	3	1	2	1.97704e-006	4.11431e-006	0.	0.	0.	0.	0.	1.	0.	0.	0.	
2.17692	58.8251	75	0	1	3	3	1	2	1.97704e-006	4.11431e-006	0.	0.	0.	0.	0.	1.	0.	0.	0.	
2.19392	58.8146	76	0	1	3	3	1	2	1.97704e-006	4.11431e-006	0.	0.	0.	0.	0.	1.	0.	0.	0.	
2.21092	58.8157	77	0	1	3	3	1	2	1.97704e-006	4.11431e-006	0.	0.	0.	0.	0.	1.	0.	0.	0.	
2.22793	58.8094	78	0	1	3	3	1	2	1.97704e-006	4.11431e-006	0.	0.	0.	0.	0.	1.	0.	0.	0.	
2.24392	62.5234	79	0	1	3	3	1	2	1.97704e-006	4.11431e-006	0.	0.	0.	0.	0.	1.	0.	0.	0.	
2.26093	58.7864	80	0	1	3	3	1	2	1.97704e-006	4.11431e-006	0.	0.	0.	0.	0.	1.	0.	0.	0.	
2.27792	58.8512	81	0	1	3	3	1	2	1.97704e-006	4.11431e-006	0.	0.	0.	0.	0.	1.	0.	0.	0.	
2.29494	58.7562	82	0	1	3	3	1	2	1.97704e-006	4.11431e-006	0.	0.	0.	0.	0.	1.	0.	0.	0.	
2.31193	58.8721	83	0	1	3	3	1	2	1.97704e-006	4.11431e-006	0.	0.	0.	0.	0.	1.	0.	0.	0.	
2.32793	62.4856	84	0	1	3	3	1	2	1.97704e-006	4.11431e-006	0.	0.	0.	0.	0.	1.	0.	0.	0.	
2.34493	58.8355	85	0	1	3	3	1	2	1.97704e-006	4.11431e-006	0.	0.	0.	0.	0.	1.	0.	0.	0.	
2.36193	58.8272	86	0	1	3	3	1	2	1.97704e-006	4.11431e-006	0.	0.	0.	0.	0.	1.	0.	0.	0.	
2.37793	62.5033	87	0	1	3	3	1	2	1.97704e-006	4.11431e-006	0.	0.	0.	0.	0.	1.	0.	0.	0.	
2.39494	58.7927	88	0	1	3	3	1	2	1.97704e-006	4.11431e-006	0.	0.	0.	0.	0.	1.	0.	0.	0.	
2.41093	62.5245	89	0	1	3	3	1	2	1.97704e-006	4.11431e-006	0.	0.	0.	0.	0.	1.	0.	0.	0.	
2.42694	62.4621	90	0	1	3	3	1	2	1.97704e-006	4.11431e-006	0.	0.	0.	0.	0.	1.	0.	0.	0.	
2.44393	58.8533	91	0	1	3	3	1	2	1.97704e-006	4.11431e-006	0.	0.	0.	0.	0.	1.	0.	0.	0.	
2.45994	62.4679	92	0	1	3	3	1	2	1.97704e-006	4.11431e-006	0.	0.	0.	0.	0.	1.	0.	0.	0.	
2.47593	62.5257	93	0	1	3	3	1	2	1.97704e-006	4.11431e-006	0.	0.	0.	0.	0.	1.	0.	0.	0.	
2.49194	62.4503	94	0	1	3	3	1	2	1.97704e-006	4.11431e-006	0.	0.	0.	0.	0.	1.	0.	0.	0.	
2.50793	62.5481	95	0	1	3	3	1	2	1.97704e-006	4.11431e-006	0.	0.	0.	0.	0.	1.	0.	0.	0.	
2.52494	58.7823	96	0	1	3	3	1	2	1.97704e-006	4.11431e-006	0.	0.	0.	0.	0.	1.	0.	0.	0.	
2.54194	58.8491	97	0	1	3	3	1	2	1.97704e-006	4.11431e-006	0.	0.	0.	0.	0.	1.	0.	0.	0.	
2.55794	62.4715	98	0	1	3	3	1	2	1.97704e-006	4.11431e-006	0.	0.	0.	0.	0.	1.	0.	0.	0.	
2.57494	58.8512	99	0	1	3	3	1	2	1.97704e-006	4.11431e-006	0.	0.	0.	0.	0.	1.	0.	0.	0.	
2.59194	58.8125	100	0	1	3	3	1	2	1.97704e-006	4.11431e-006	0.	0.	0.	0.	0.	1.	0.	0.	0.	
2.60894	58.8313	101	0	1	3	3	1	2	1.97704e-006	4.11431e-006	0.	0.	0.	0.	0.	1.	0.	0.	0.	
2.62495	62.442	102	0	1	3	3	1	2	1.97704e-006	4.11431e-006	0.	0.	0.	0.	0.	1.	0.	0.	0.	
2.64194	58.8637	103	0	1	3	3	1	2	1.97704e-006	4.11431e-006	0.	0.	0.	0.	0.	1.	0.	0.	0.	
2.65795	62.4656	104	0	1	3	3	1	2	1.97704e-006	4.11431e-006	0.	0.	0.	0.	0.	1.	0.	0.	0.	
2.67394	62.534	105	0	1	3	3	1	2	1.97704e-006	4.11431e-006	0.	0.	0.	0.	0.	1.	0.	0.	0.	
2.68994	62.4868	106	0	1	3	3	1	2	1.97704e-006	4.11431e-006	0.	0.	0.	0.	0.	1.	0.	0.	0.	
2.70594	62.5057	107	0	1	3	3	1	2	1.97704e-006	4.11431e-006	0.	0.	0.	0.	0.	1.	0.	0.	0.	
2.72295	58.7979	108	0	1	3	3	1	2	1.97704e-006	4.11431e-006	0.	0.	0.	0.	0.	1.	0.	0.	0.	
2.73894	62.5222	109	0	1	3	3	1	2	1.97704e-006	4.11431e-006	0.	0.	0.	0.	0.	1.	0.	0.	0.	
2.75595	58.8178	110	0	1	3	3	1	2	1.97704e-006	4.11431e-006	0.	0.	0.	0.	0.	1.	0.	0.	0.	
2.77295	58.8219	111	0	1	3	3	1	2	1.97704e-006	4.11431e-006	0.	0.	0.	0.	0.	1.	0.	0.	0.	
2.78995	58.8178	112	0	1	3	3	1	2	1.97704e-006	4.11431e-006	0.	0.	0.	0.	0.	1.	0.	0.	0.	
2.80695	58.824	113	0	1	3	3	1	2	1.97704e-006	4.11431e-006	0.	0.	0.	0.	0.	1.	0.	0.	0.	
2.82396	58.7969	114	0	1	3	3	1	2	1.97704e-006	4.11431e-006	0.	0.	0.	0.	0.	1.	0.	0.	0.	
2.83995	62.5293	115	0	1	3	3	1	2	1.97704e-006	4.11431e-006	0.	0.	0.	0.	0.	1.	0.	0.	0.	
2.85599	62.3445	116	0	1	3	3	1	2	1.97704e-006	4.11431e-006	0.	0.	0.	0.	0.	1.	0.	0.	0.	
2.87288	59.2067	117	0	1	3	3	1	2	1.97704e-006	4.11431e-006	0.	0.	0.	0.	0.	1.	0.	0.	0.	
2.88895	62.2064	118	0	1	3	3	1	2	1.97704e-006	4.11431e-006	0.	0.	0.	0.	0.	1.	0.	0.	0.	
2.90694	55.5846	119	0	1	3	3	1	2	1.97704e-006	4.11431e-006	0.	0.	0.	0.	0.	1.	0.	0.	0.	
2.92295	62.4585	120	0	1	3	3	1	2	1.97704e-006	4.11431e-006	0.	0.	0.	0.	0.	1.	0.	0.	0.	
2.93996	58.8188	121	0	1	3	3	1	2	1.97704e-006	4.11431e-006	0.	0.	0.	0.	0.	1.	0.	0.	0.	
2.95696	58.8073	122	0	1	3	3	1	2	1.97704e-006	4.11431e-006	0.	0.	0.	0.	0.	1.	0.	0.	0.	
2.97301	62.3234	123	0	1	3	3	1	2	1.97704e-006	4.11431e-006	0.	0.	0.	0.	0.	1.	0.	0.	0.	
2.98998	58.8983	124	0	1	3	3	1	2	1.97704e-006	4.11431e-006	0.	0.	0.	0.	0.	1.	0.	0.	0.	
3.00696	58.9192	125	0	1	3	3	1	2	1.97704e-006	4.11431e-006	0.	0.	0.	0.	0.	1.	0.	0.	0.	
3.02397	58.7948	126	0	1	3	3	1	2	1.97704e-006	4.11431e-006	0.	0.	0.	0.	0.	1.	0.	0.	0.	
3.03996	62.5245	127	0	1	3	3	1	2	1.97704e-006	4.11431e-006	0.	0.	0.	0.	0.	1.	0.	0.	0.	
3.05698	58.7489	128	0	1	3	3	1	2	1.97704e-006	4.11431e-006	0.	0.	0.	0.	0.	1.	0.	0.	0.	
3.07397	58.8742	129	0	1	3	3	1	2	1.97704e-006	4.11431e-006	0.	0.	0.	0.	0.	1.	0.	0.	0.	
3.09097	58.8052	130	0	1	3	3	1	2	1.97704e-006	4.11431e-006	0.	0.	0.	0.	0.	1.	0.	0.	0.	
3.10797	58.8324	131	0	1	3	3	1	2	1.97704e-006	4.11431e-006	0.	0.	0.	0.	0.	1.	0.	0.	0.	
3.12497	58.8167	132	0	1	3	3	1	2	1.97704e-006	4.11431e-006	0.	0.	0.	0.	0.	1.	0.	0.	0.	
3.14196	58.847	133	0	1	3	3	1	2	1.97704e-006	4.11431e-006	0.	0.	0.	0.	0.	1.	0.	0.	0.	
3.15797	62.4703	134	0	1	3	3	1	2	1.97704e-006	4.11431e-006	0.	0.	0.	0.	0.	1.	0.	0.	0.	
3.17397	62.5198	135	0	1	3	3	1	2	1.97704e-006	4.11431e-006	0.	0.	0.	0.	0.	1.	0.	0.	0.	
3.19099	58.7343	136	0	1	3	3	1	2	1.97704e-006	4.11431e-006	0.	0.	0.	0.	0.	1.	0.	0.	0.	
3.20697	62.6049	137	0	1	3	3	1	2	1.97704e-006	4.11431e-006	0.	0.	0.	0.	0.	1.	0.	0.	0.	
3.22401	58.6657	138	0	1	3	3	1	2	1.97704e-006	4.11431e-006	0.	0.	0.	0.	0.	1.	0.	0.	0.	
3.24097	58.958	139	0	1	3	3	1	2	1.97704e-006	4.11431e-006	0.	0.	0.	0.	0.	1.	0.	0.	0.	
3.25798	58.7958	140	0	1	3	3	1	2	1.97704e-006	4.11431e-006	0.	0.	0.	0.	0.	1.	0.	0.	0.	
3.27497	58.8585	141	0	1	3	3	1	2	1.97704e-006	4.11431e-006	0.	0.	0.	0.	0.	1.	0.	0.	0.	
3.29198	58.7833	142	0	1	3	3	1	2	1.97704e-006	4.11431e-006	0.	0.	0.	0.	0.	1.	0.	0.	0.	
3.30797	62.5387	143	0	1	3	3	1	2	1.97704e-006	4.11431e-006	0.	0.	0.	0.	0.	1.	0.	0.	0.	
3.32498	58.7833	144	0	1	3	3	1	2	1.97704e-006	4.11431e-006	0.	0.	0.	0.	0.	1.	0.	0.	0.	
3.34197	58.8585	145	0	1	3	3	1	2	1.97704e-006	4.11431e-006	0.	0.	0.	0.	0.	1.	0.	0.	0.	
3.35898	58.8146	146	0	1	3	3	1	2	1.97704e-006	4.11431e-006	0.	0.	0.	0.	0.	1.	0.	0.	0.	
3.37497	62.5045	147	0	1	3	3	1	2	1.97704e-006	4.11431e-006	0.	0.	0.	0.	0.	1.	0.	0.	0.	
3.39198	58.8167	148	0	1	3	3	1	2	1.97704e-006	4.11431e-006	0.	0.	0.	0.	0.	1.	0.	0.	0.	
3.40898	58.823	149	0	1	3	3	1	2	1.97704e-006	4.11431e-006	0.	0.	0.	0.	0.	1.	0.	0.	0.	
3.42598	58.8157	150	0	1	3	3	1	2	1.97704e-006	4.11431e-006	0.	0.	0.	0.	0.	1.	0.	0.	0.	
3.44298	58.8251	151	0	1	3	3	1	2	1.97704e-006	4.11431e-006	0.	0.	0.	0.	0.	1.	0.	0.	0.	
3.45998	58.8136	152	0	1	3	3	1	2	1.97704e-006	4.11431e-006	0.	0.	0.	0.	0.	1.	0.	0.	0.	
3.47598	62.5092	153	0	1	3	3	1	2	1.97704e-006	4.11431e-006	0.	0.	0.	0.	0.	1.	0.	0.	0.	
3.49299	58.7864	154	0	1	3	3	1	2	1.97704e-006	4.11431e-006	0.	0.	0.	0.	0.	1.	0.	0.	0.	
3.50898	62.5399	155	0	1	3	3	1	2	1.97704e-006	4.11431e-006	0.	0.	0.	0.	0.	1.	0.	0.	0.	
3.52502	62.3269	156	0	1	3	3	1	2	1.97704e-006	4.11431e-006	0.	0.	0.	0.	0.	1.	0.	0.	0.	
3.54198	58.9654	157	0	1	3	3	1	2	1.97704e-006	4.11431e-006	0.	0.	0.	0.	0.	1.	0.	0.	0.	
3.55899	58.8178	158	0	1	3	3	1	2	1.97704e-006	4.11431e-006	0.	0.	0.	0.	0.	1.	0.	0.	0.	
3.57598	58.8303	159	0	1	3	3	1	2	1.97704e-006	4.11431e-006	0.	0.	0.	0.	0.	1.	0.	0.	0.	
3.59299	58.8115	160	0	1	3	3	1	2	1.97704e-006	4.11431e-006	0.	0.	0.	0.	0.	1.	0.	0.	0.	
3.60998	58.8292	161	0	1	3	3	1	2	1.97704e-006	4.11431e-006	0.	0.	0.	0.	0.	1.	0.	0.	0.	
3.62699	58.799	162	0	1	3	3	1	2	1.97704e-006	4.11431e-006	0.	0.	0.	0.	0.	1.	0.	0.	0.	
3.64399	58.8387	163	0	1	3	3	1	2	1.97704e-006	4.11431e-006	0.	0.	0.	0.	0.	1.	0.	0.	0.	
3.66099	58.823	164	0	1	3	3	1	2	1.97704e-006	4.11431e-006	0.	0.	0.	0.	0.	1.	0.	0.	0.	
3.67799	58.8209	165	0	1	3	3	1	2	1.97704e-006	4.11431e-006	0.	0.	0.	0.	0.	1.	0.	0.	0.	
3.695	58.8	166	0	1	3	3	1	2	1.97704e-006	4.11431e-006	0.	0.	0.	0.	0.	1.	0.	0.	0.	
3.71199	58.8439	167	0	1	3	3	1	2	1.97704e-006	4.11431e-006	0.	0.	0.	0.	0.	1.	0.	0.	0.	
3.728	62.4785	168	0	1	3	3	1	2	1.97704e-006	4.11431e-006	0.	0.	0.	0.	0.	1.	0.	0.	0.	
3.74499	58.8397	169	0	1	3	3	1	2	1.97704e-006	4.11431e-006	0.	0.	0.	0.	0.	1.	0.	0.	0.	
3.761	62.4644	170	0	1	3	3	1	2	1.97704e-006	4.11431e-006	0.	0.	0.	0.	0.	1.	0.	0.	0.	
3.77699	62.5234	171	0	1	3	3	1	2	1.97704e-006	4.11431e-006	0.	0.	0.	0.	0.	1.	0.	0.	0.	
3.794	58.799	172	0	1	3	3	1	2	1.97704e-006	4.11431e-006	0.	0.	0.	0.	0.	1.	0.	0.	0.	
3.81	62.5198	173	0	1	3	3	1	2	1.97704e-006	4.11431e-006	0.	0.	0.	0.	0.	1.	0.	0.	0.	
3.826	62.4892	174	0	1	3	3	1	2	1.97704e-006	4.11431e-006	0.	0.	0.	0.	0.	1.	0.	0.	0.	
3.842	62.5057	175	0	1	3	3	1	2	1.97704e-006	4.11431e-006	0.	0.	0.	0.	0.	1.	0.	0.	0.	
3.859	58.8125	176	0	1	3	3	1	2	1.97704e-006	4.11431e-006	0.	0.	0.	0.	0.	1.	0.	0.	0.	
3.876	58.8292	177	0	1	3	3	1	2	1.97704e-006	4.11431e-006	0.	0.	0.	0.	0.	1.	0.	0.	0.	
3.893	58.8104	178	0	1	3	3	1	2	1.97704e-006	4.11431e-006	0.	0.	0.	0.	0.	1.	0.	0.	0.	
3.91	58.8334	179	0	1	3	3	1	2	1.97704e-006	4.11431e-006	0.	0.	0.	0.	0.	1.	0.	0.	0.	
3.926	62.4785	180	0	1	3	3	1	2	1.97704e-006	4.11431e-006	0.	0.	0.	0.	0.	1.	0.	0.	0.	
3.943	58.8366	181	0	1	3	3	1	2	1.97704e-006	4.11431e-006	0.	0.	0.	0.	0.	1.	0.	0.	0.	
3.96	58.8115	182	0	1	3	3	1	2	1.97704e-006	4.11431e-006	0.	0.	0.	0.	0.	1.	0.	0.	0.	
3.977	58.8261	183	0	1	3	3	1	2	1.97704e-006	4.11431e-006	0.	0.	0.	0.	0.	1.	0.	0.	0.	
3.99302	62.4456	184	0	1	3	3	1	2	1.97704e-006	4.11431e-006	0.	0.	0.	0.	0.	1.	0.	0.	0.	
4.009	62.5529	185	0	1	3	3	1	2	1.97704e-006	4.11431e-006	0.	0.	0.	0.	0.	1.	0.	0.	0.	
4.02512	62.0409	186	0	1	3	3	1	2	1.97704e-006	4.11431e-006	0.	0.	0.	0.	0.	1.	0.	0.	0.	
4.04201	59.2279	187	0	1	3	3	1	2	1.97704e-006	4.11431e-006	0.	0.	0.	0.	0.	1.	0.	0.	0.	
4.05901	58.8146	188	0	1	3	3	1	2	1.97704e-006	4.11431e-006	0.	0.	0.	0.	0.	1.	0.	0.	0.	
4.07601	58.8313	189	0	1	3	3	1	2	1.97704e-006	4.11431e-006	0.	0.	0.	0.	0.	1.	0.	0.	0.	
4.09301	58.8063	190	0	1	3	3	1	2	1.97704e-006	4.11431e-006	0.	0.	0.	0.	0.	1.	0.	0.	0.	
4.10901	62.5151	191	0	1	3	3	1	2	1.97704e-006	4.11431e-006	0.	0.	0.	0.	0.	1.	0.	0.	0.	
4.12602	58.7979	192	0	1	3	3	1	2	1.97704e-006	4.11431e-006	0.	0.	0.	0.	0.	1.	0.	0.	0.	
4.14201	62.5186	193	0	1	3	3	1	2	1.97704e-006	4.11431e-006	0.	0.	0.	0.	0.	1.	0.	0.	0.	
4.15901	58.8104	194	0	1	3	3	1	2	1.97704e-006	4.11431e-006	0.	0.	0.	0.	0.	1.	0.	0.	0.	
4.17501	62.5057	195	0	1	3	3	1	2	1.97704e-006	4.11431e-006	0.	0.	0.	0.	0.	1.	0.	0.	0.	
4.19102	62.455	196	0	1	3	3	1	2	1.97704e-006	4.11431e-006	0.	0.	0.	0.	0.	1.	0.	0.	0.	
4.20703	62.4962	197	0	1	3	3	1	2	1.97704e-006	4.11431e-006	0.	0.	0.	0.	0.	1.	0.	0.	0.	
4.22404	58.775	198	0	1	3	3	1	2	1.97704e-006	4.11431e-006	0.	0.	0.	0.	0.	1.	0.	0.	0.	
4.24102	58.8941	199	0	1	3	3	1	2	1.97704e-006	4.11431e-006	0.	0.	0.	0.	0.	1.	0.	0.	0.	
4.25803	58.7927	200	0	1	3	3	1	2	1.97704e-006	4.11431e-006	0.	0.	0.	0.	0.	1.	0.	0.	0.	
4.27402	62.5375	201	0	1	3	3	1	2	1.97704e-006	4.11431e-006	0.	0.	0.	0.	0.	1.	0.	0.	0.	
4.29003	62.4373	202	0	1	3	3	1	2	1.97704e-006	4.11431e-006	0.	0.	0.	0.	0.	1.	0.	0.	0.	
4.30602	62.56	203	0	1	3	3	1	2	1.97704e-006	4.11431e-006	0.	0.	0.	0.	0.	1.	0.	0.	0.	
4.32302	58.8198	204	0	1	3	3	1	2	1.97704e-006	4.11431e-006	0.	0.	0.	0.	0.	1.	0.	0.	0.	
4.34002	58.8094	205	0	1	3	3	1	2	1.97704e-006	4.11431e-006	0.	0.	0.	0.	0.	1.	0.	0.	0.	
4.3576	56.8983	206	0	1	3	3	1	2	1.97704e-006	4.11431e-006	0.	0.	0.	0.	0.	1.	0.	0.	0.	
4.37402	60.8825	207	0	1	3	3	1	2	1.97704e-006	4.11431e-006	0.	0.	0.	0.	0.	1.	0.	0.	0.	
4.39228	54.783	208	0	1	3	3	1	2	1.97704e-006	4.11431e-006	0.	0.	0.	0.	0.	1.	0.	0.	0.	
4.40902	59.718	209	0	1	3	3	1	2	1.97704e-006	4.11431e-006	0.	0.	0.	0.	0.	1.	0.	0.	0.	
4.42603	58.8094	210	0	1	3	3	1	2	1.97704e-006	4.11431e-006	0.	0.	0.	0.	0.	1.	0.	0.	0.	
4.44303	58.8334	211	0	1	3	3	1	2	1.97704e-006	4.11431e-006	0.	0.	0.	0.	0.	1.	0.	0.	0.	
4.46003	58.8167	212	0	1	3	3	1	2	1.97704e-006	4.11431e-006	0.	0.	0.	0.	0.	1.	0.	0.	0.	
4.47703	58.824	213	0	1	3	3	1	2	1.97704e-006	4.11431e-006	0.	0.	0.	0.	0.	1.	0.	0.	0.	
4.49403	58.8063	214	0	1	3	3	1	2	1.97704e-006	4.11431e-006	0.	0.	0.	0.	0.	1.	0.	0.	0.	
4.51103	58.8282	215	0	1	3	3	1	2	1.97704e-006	4.11431e-006	0.	0.	0.	0.	0.	1.	0.	0.	0.	
4.52804	58.7969	216	0	1	3	3	1	2	1.97704e-006	4.11431e-006	0.	0.	0.	0.	0.	1.	0.	0.	0.	
4.54516	58.4009	217	0	1	3	3	1	2	1.97704e-006	4.11431e-006	0.	0.	0.	0.	0.	1.	0.	0.	0.	
4.56204	59.2597	218	0	1	3	3	1	2	1.97704e-006	4.11431e-006	0.	0.	0.	0.	0.	1.	0.	0.	0.	
4.57903	58.8387	219	0	1	3	3	1	2	1.97704e-006	4.11431e-006	0.	0.	0.	0.	0.	1.	0.	0.	0.	
4.59504	62.4762	220	0	1	3	3	1	2	1.97704e-006	4.11431e-006	0.	0.	0.	0.	0.	1.	0.	0.	0.	
4.61203	58.8439	221	0	1	3	3	1	2	1.97704e-006	4.11431e-006	0.	0.	0.	0.	0.	1.	0.	0.	0.	
4.62804	62.4856	222	0	1	3	3	1	2	1.97704e-006	4.11431e-006	0.	0.	0.	0.	0.	1.	0.	0.	0.	
4.64403	62.5104	223	0	1	3	3	1	2	1.97704e-006	4.11431e-006	0.	0.	0.	0.	0.	1.	0.	0.	0.	
4.66104	58.8031	224	0	1	3	3	1	2	1.97704e-006	4.11431e-006	0.	0.	0.	0.	0.	1.	0.	0.	0.	
4.67803	58.8387	225	0	1	3	3	1	2	1.97704e-006	4.11431e-006	0.	0.	0.	0.	0.	1.	0.	0.	0.	
4.69514	58.4617	226	0	1	3	3	1	2	1.97704e-006	4.11431e-006	0.	0.	0.	0.	0.	1.	0.	0.	0.	
4.71204	59.1549	227	0	1	3	3	1	2	1.97704e-006	4.11431e-006	0.	0.	0.	0.	0.	1.	0.	0.	0.	
4.72904	58.8439	228	0	1	3	3	1	2	1.97704e-006	4.11431e-006	0.	0.	0.	0.	0.	1.	0.	0.	0.	
4.74604	58.8021	229	0	1	3	3	1	2	1.97704e-006	4.11431e-006	0.	0.	0.	0.	0.	1.	0.	0.	0.	
4.76205	62.4868	230	0	1	3	3	1	2	1.97704e-006	4.11431e-006	0.	0.	0.	0.	0.	1.	0.	0.	0.	
4.77904	58.8449	231	0	1	3	3	1	2	1.97704e-006	4.11431e-006	0.	0.	0.	0.	0.	1.	0.	0.	0.	
4.79604	58.8219	232	0	1	3	3	1	2	1.97704e-006	4.11431e-006	0.	0.	0.	0.	0.	1.	0.	0.	0.	
4.81204	62.4962	233	0	1	3	3	1	2	1.97704e-006	4.11431e-006	0.	0.	0.	0.	0.	1.	0.	0.	0.	
4.82904	58.824	234	0	1	3	3	1	2	1.97704e-006	4.11431e-006	0.	0.	0.	0.	0.	1.	0.	0.	0.	
4.84604	58.8178	235	0	1	3	3	1	2	1.97704e-006	4.11431e-006	0.	0.	0.	0.	0.	1.	0.	0.	0.	
4.86205	62.4668	236	0	1	3	3	1	2	1.97704e-006	4.11431e-006	0.	0.	0.	0.	0.	1.	0.	0.	0.	
4.87805	62.5316	237	0	1	3	3	1	2	1.97704e-006	4.11431e-006	0.	0.	0.	0.	0.	1.	0.	0.	0.	
4.89505	58.8	238	0	1	3	3	1	2	1.97704e-006	4.11431e-006	0.	0.	0.	0.	0.	1.	0.	0.	0.	
4.91205	58.8355	239	0	1	3	3	1	2	1.97704e-006	4.11431e-006	0.	0.	0.	0.	0.	1.	0.	0.	0.	
4.92905	58.8146	240	0	1	3	3	1	2	1.97704e-006	4.11431e-006	0.	0.	0.	0.	0.	1.	0.	0.	0.	
4.94605	58.8324	241	0	1	3	3	1	2	1.97704e-006	4.11431e-006	0.	0.	0.	0.	0.	1.	0.	0.	0.	
4.96206	62.4621	242	0	1	3	3	1	2	1.97704e-006	4.11431e-006	0.	0.	0.	0.	0.	1.	0.	0.	0.	
4.97905	58.8512	243	0	1	3	3	1	2	1.97704e-006	4.11431e-006	0.	0.	0.	0.	0.	1.	0.	0.	0.	
4.99605	58.8188	244	0	1	3	3	1	2	1.97704e-006	4.11431e-006	0.	0.	0.	0.	0.	1.	0.	0.	0.	
5.01305	58.8146	245	0	1	3	3	1	2	1.97704e-006	4.11431e-006	0.	0.	0.	0.	0.	1.	0.	0.	0.	
5.03005	58.8292	246	0	1	3	3	1	2	1.97704e-006	4.11431e-006	0.	0.	0.	0.	0.	1.	0.	0.	0.	
5.04706	58.8094	247	0	1	3	3	1	2	1.97704e-006	4.11431e-006	0.	0.	0.	0.	0.	1.	0.	0.	0.	
5.06405	58.8355	248	0	1	3	3	1	2	1.97704e-006	4.11431e-006	0.	0.	0.	0.	0.	1.	0.	0.	0.	
5.08106	58.8063	249	0	1	3	3	1	2	1.97704e-006	4.11431e-006	0.	0.	0.	0.	0.	1.	0.	0.	0.	
5.09806	58.8303	250	0	1	3	3	1	2	1.97704e-006	4.11431e-006	0.	0.	0.	0.	0.	1.	0.	0.	0.	
5.11406	62.5033	251	0	1	3	3	1	2	1.97704e-006	4.11431e-006	0.	0.	0.	0.	0.	1.	0.	0.	0.	
5.13106	58.7937	252	0	1	3	3	1	2	1.97704e-006	4.11431e-006	0.	0.	0.	0.	0.	1.	0.	0.	0.	
5.14806	58.847	253	0	1	3	3	1	2	1.97704e-006	4.11431e-006	0.	0.	0.	0.	0.	1.	0.	0.	0.	
5.16506	58.8188	254	0	1	3	3	1	2	1.97704e-006	4.11431e-006	0.	0.	0.	0.	0.	1.	0.	0.	0.	
5.18206	58.8219	255	0	1	3	3	1	2	1.97704e-006	4.11431e-006	0.	0.	0.	0.	0.	1.	0.	0.	0.	
5.19906	58.8188	256	0	1	3	3	1	2	1.97704e-006	4.11431e-006	0.	0.	0.	0.	0.	1.	0.	0.	0.	
5.21607	58.8063	257	0	1	3	3	1	2	1.97704e-006	4.11431e-006	0.	0.	0.	0.	0.	1.	0.	0.	0.	
5.23306	58.8366	258	0	1	3	3	1	2	1.97704e-006	4.11431e-006	0.	0.	0.	0.	0.	1.	0.	0.	0.	
5.24906	62.5009	259	0	1	3	3	1	2	1.97704e-006	4.11431e-006	0.	0.	0.	0.	0.	1.	0.	0.	0.	
5.27635	36.6398	260	0	1	3	3	1	2	1.97704e-006	4.11431e-006	0.	0.	0.	0.	0.	1.	0.	0.	0.	
5.29307	59.8161	261	0	1	3	3	1	2	1.97704e-006	4.11431e-006	0.	0.	0.	0.	0.	1.	0.	0.	0.	
5.30907	62.5198	262	0	1	3	3	1	2	1.97704e-006	4.11431e-006	0.	0.	0.	0.	0.	1.	0.	0.	0.	
5.32607	58.8021	263	0	1	3	3	1	2	1.97704e-006	4.11431e-006	0.	0.	0.	0.	0.	1.	0.	0.	0.	
5.34307	58.8376	264	0	1	3	3	1	2	1.97704e-006	4.11431e-006	0.	0.	0.	0.	0.	1.	0.	0.	0.	
5.36007	58.8084	265	0	1	3	3	1	2	1.97704e-006	4.11431e-006	0.	0.	0.	0.	0.	1.	0.	0.	0.	
5.37707	58.8209	266	0	1	3	3	1	2	1.97704e-006	4.11431e-006	0.	0.	0.	0.	0.	1.	0.	0.	0.	
5.39408	58.8104	267	0	1	3	3	1	2	1.97704e-006	4.11431e-006	0.	0.	0.	0.	0.	1.	0.	0.	0.	
5.41107	58.8397	268	0	1	3	3	1	2	1.97704e-006	4.11431e-006	0.	0.	0.	0.	0.	1.	0.	0.	0.	
5.42708	62.4892	269	0	1	3	3	1	2	1.97704e-006	4.11431e-006	0.	0.	0.	0.	0.	1.	0.	0.	0.	
5.44411	58.7052	270	0	1	3	3	1	2	1.97704e-006	4.11431e-006	0.	0.	0.	0.	0.	1.	0.	0.	0.	
5.46008	62.6357	271	0	1	3	3	1	2	1.97704e-006	4.11431e-006	0.	0.	0.	0.	0.	1.	0.	0.	0.	
5.47609	62.4491	272	0	1	3	3	1	2	1.97704e-006	4.11431e-006	0.	0.	0.	0.	0.	1.	0.	0.	0.	
5.49308	58.8627	273	0	1	3	3	1	2	1.97704e-006	4.11431e-006	0.	0.	0.	0.	0.	1.	0.	0.	0.	
5.51009	58.7802	274	0	1	3	3	1	2	1.97704e-006	4.11431e-006	0.	0.	0.	0.	0.	1.	0.	0.	0.	
5.52611	62.4032	275	0	1	3	3	1	2	1.97704e-006	4.11431e-006	0.	0.	0.	0.	0.	1.	0.	0.	0.	
5.54208	62.6274	276	0	1	3	3	1	2	1.97704e-006	4.11431e-006	0.	0.	0.	0.	0.	1.	0.	0.	0.	
5.57812	27.7502	277	0	1	3	3	1	2	1.97704e-006	4.11431e-006	0.	0.	0.	0.	0.	1.	0.	0.	0.	
5.59508	58.9423	278	0	1	3	3	1	2	1.97704e-006	4.11431e-006	0.	0.	0.	0.	0.	1.	0.	0.	0.	
5.61209	58.8157	279	0	1	3	3	1	2	1.97704e-006	4.11431e-006	0.	0.	0.	0.	0.	1.	0.	0.	0.	
5.62908	58.8334	280	0	1	3	3	1	2	1.97704e-006	4.11431e-006	0.	0.	0.	0.	0.	1.	0.	0.	0.	
5.64508	62.5009	281	0	1	3	3	1	2	1.97704e-006	4.11431e-006	0.	0.	0.	0.	0.	1.	0.	0.	0.	
5.66209	58.7917	282	0	1	3	3	1	2	1.97704e-006	4.11431e-006	0.	0.	0.	0.	0.	1.	0.	0.	0.	
5.67809	62.5104	283	0	1	3	3	1	2	1.97704e-006	4.11431e-006	0.	0.	0.	0.	0.	1.	0.	0.	0.	
5.6951	58.8021	284	0	1	3	3	1	2	1.97704e-006	4.11431e-006	0.	0.	0.	0.	0.	1.	0.	0.	0.	
5.71209	58.8554	285	0	1	3	3	1	2	1.97704e-006	4.11431e-006	0.	0.	0.	0.	0.	1.	0.	0.	0.	
5.72909	58.823	286	0	1	3	3	1	2	1.97704e-006	4.11431e-006	0.	0.	0.	0.	0.	1.	0.	0.	0.	
5.7451	62.4656	287	0	1	3	3	1	2	1.97704e-006	4.11431e-006	0.	0.	0.	0.	0.	1.	0.	0.	0.	
5.7621	58.8084	288	0	1	3	3	1	2	1.97704e-006	4.11431e-006	0.	0.	0.	0.	0.	1.	0.	0.	0.	
5.77909	58.8596	289	0	1	3	3	1	2	1.97704e-006	4.11431e-006	0.	0.	0.	0.	0.	1.	0.	0.	0.	
5.7961	58.7917	290	0	1	3	3	1	2	1.97704e-006	4.11431e-006	0.	0.	0.	0.	0.	1.	0.	0.	0.	
5.81209	62.5316	291	0	1	3	3	1	2	1.97704e-006	4.11431e-006	0.	0.	0.	0.	0.	1.	0.	0.	0.	
5.8281	62.4833	292	0	1	3	3	1	2	1.97704e-006	4.11431e-006	0.	0.	0.	0.	0.	1.	0.	0.	0.	
5.8451	58.8167	293	0	1	3	3	1	2	1.97704e-006	4.11431e-006	0.	0.	0.	0.	0.	1.	0.	0.	0.	
5.8621	58.8073	294	0	1	3	3	1	2	1.97704e-006	4.11431e-006	0.	0.	0.	0.	0.	1.	0.	0.	0.	
5.87911	58.7979	295	0	1	3	3	1	2	1.97704e-006	4.11431e-006	0.	0.	0.	0.	0.	1.	0.	0.	0.	
5.89611	58.8136	296	0	1	3	3	1	2	1.97704e-006	4.11431e-006	0.	0.	0.	0.	0.	1.	0.	0.	0.	
5.91212	62.4844	297	0	1	3	3	1	2	1.97704e-006	4.11431e-006	0.	0.	0.	0.	0.	1.	0.	0.	0.	
5.92913	58.7885	298	0	1	3	3	1	2	1.97704e-006	4.11431e-006	0.	0.	0.	0.	0.	1.	0.	0.	0.	
5.94616	58.6979	299	0	1	3	3	1	2	1.97704e-006	4.11431e-006	0.	0.	0.	0.	0.	1.	0.	0.	0.	
5.96314	58.8941	300	0	1	3	3	1	2	1.97704e-006	4.11431e-006	0.	0.	0.	0.	0.	1.	0.	0.	0.	
5.97914	62.4927	301	0	1	3	3	1	2	1.97704e-006	4.11431e-006	0.	0.	0.	0.	0.	1.	0.	0.	0.	
5.99617	58.7385	302	0	1	3	3	1	2	1.97704e-006	4.11431e-006	0.	0.	0.	0.	0.	1.	0.	0.	0.	
6.01313	58.9748	303	0	1	3	3	1	2	1.97704e-006	4.11431e-006	0.	0.	0.	0.	0.	1.	0.	0.	0.	
6.03014	58.7739	304	0	1	3	3	1	2	1.97704e-006	4.11431e-006	0.	0.	0.	0.	0.	1.	0.	0.	0.	
6.04711	58.9266	305	0	1	3	3	1	2	1.97704e-006	4.11431e-006	0.	0.	0.	0.	0.	1.	0.	0.	0.	
6.06313	62.4126	306	0	1	3	3	1	2	1.97704e-006	4.11431e-006	0.	0.	0.	0.	0.	1.	0.	0.	0.	
6.08013	58.8355	307	0	1	3	3	1	2	1.97704e-006	4.11431e-006	0.	0.	0.	0.	0.	1.	0.	0.	0.	
6.09715	58.7468	308	0	1	3	3	1	2	1.97704e-006	4.11431e-006	0.	0.	0.	0.	0.	1.	0.	0.	0.	
6.11415	58.8251	309	0	1	3	3	1	2	1.97704e-006	4.11431e-006	0.	0.	0.	0.	0.	1.	0.	0.	0.	
6.13116	58.7948	310	0	1	3	3	1	2	1.97704e-006	4.11431e-006	0.	0.	0.	0.	0.	1.	0.	0.	0.	
6.14713	62.6037	311	0	1	3	3	1	2	1.97704e-006	4.11431e-006	0.	0.	0.	0.	0.	1.	0.	0.	0.	
6.16413	58.8198	312	0	1	3	3	1	2	1.97704e-006	4.11431e-006	0.	0.	0.	0.	0.	1.	0.	0.	0.	
6.18117	58.6885	313	0	1	3	3	1	2	1.97704e-006	4.11431e-006	0.	0.	0.	0.	0.	1.	0.	0.	0.	
6.19817	58.8449	314	0	1	3	3	1	2	1.97704e-006	4.11431e-006	0.	0.	0.	0.	0.	1.	0.	0.	0.	
6.21513	58.9329	315	0	1	3	3	1	2	1.97704e-006	4.11431e-006	0.	0.	0.	0.	0.	1.	0.	0.	0.	
6.23216	58.7468	316	0	1	3	3	1	2	1.97704e-006	4.11431e-006	0.	0.	0.	0.	0.	1.	0.	0.	0.	
6.24914	58.8962	317	0	1	3	3	1	2	1.97704e-006	4.11431e-006	0.	0.	0.	0.	0.	1.	0.	0.	0.	
6.26616	58.75	318	0	1	3	3	1	2	1.97704e-006	4.11431e-006	0.	0.	0.	0.	0.	1.	0.	0.	0.	
6.28314	58.8941	319	0	1	3	3	1	2	1.97704e-006	4.11431e-006	0.	0.	0.	0.	0.	1.	0.	0.	0.	
6.30014	58.8188	320	0	1	3	3	1	2	1.97704e-006	4.11431e-006	0.	0.	0.	0.	0.	1.	0.	0.	0.	
6.31714	58.823	321	0	1	3	3	1	2	1.97704e-006	4.11431e-006	0.	0.	0.	0.	0.	1.	0.	0.	0.	
6.33414	58.8125	322	0	1	3	3	1	2	1.97704e-006	4.11431e-006	0.	0.	0.	0.	0.	1.	0.	0.	0.	
6.35014	62.5045	323	0	1	3	3	1	2	1.97704e-006	4.11431e-006	0.	0.	0.	0.	0.	1.	0.	0.	0.	
6.36614	62.4939	324	0	1	3	3	1	2	1.97704e-006	4.11431e-006	0.	0.	0.	0.	0.	1.	0.	0.	0.	
6.38316	58.751	325	0	1	3	3	1	2	1.97704e-006	4.11431e-006	0.	0.	0.	0.	0.	1.	0.	0.	0.	
6.40016	58.8251	326	0	1	3	3	1	2	1.97704e-006	4.11431e-006	0.	0.	0.	0.	0.	1.	0.	0.	0.	

