Time	FPS	Frame	Crash	RB	RU	LU	LB	OC	Dither	DAngle	swAngle	OX	OY	OZ	HX	HY	HZ	HA	Speed
3.56208e-005	28073.5	1	0	1	3	3	1	2	0.	4.11431e-006	0.	0.	0.	0.	0.	1.	0.	0.	0.	
1.01901	0.981377	2	0	1	3	3	1	2	1.97704e-006	4.11431e-006	0.	0.	0.	0.	0.	1.	0.	0.	0.	
1.07121	19.1576	3	0	1	3	3	1	2	1.97704e-006	4.11431e-006	0.	0.	0.	0.	0.	1.	0.	0.	0.	
1.12085	20.1458	4	0	1	3	3	1	2	1.97704e-006	4.11431e-006	0.	0.	0.	0.	0.	1.	0.	0.	0.	
1.13789	58.6698	5	0	1	3	3	1	2	1.97704e-006	4.11431e-006	0.	0.	0.	0.	0.	1.	0.	0.	0.	
1.15491	58.7614	6	0	1	3	3	1	2	1.97704e-006	4.11431e-006	0.	0.	0.	0.	0.	1.	0.	0.	0.	
1.1719	58.8742	7	0	1	3	3	1	2	1.97704e-006	4.11431e-006	0.	0.	0.	0.	0.	1.	0.	0.	0.	
1.1889	58.8272	8	0	1	3	3	1	2	1.97704e-006	4.11431e-006	0.	0.	0.	0.	0.	1.	0.	0.	0.	
1.2059	58.8219	9	0	1	3	3	1	2	1.97704e-006	4.11431e-006	0.	0.	0.	0.	0.	1.	0.	0.	0.	
1.2229	58.8188	10	0	1	3	3	1	2	1.97704e-006	4.11431e-006	0.	0.	0.	0.	0.	1.	0.	0.	0.	
1.2399	58.8219	11	0	1	3	3	1	2	1.97704e-006	4.11431e-006	0.	0.	0.	0.	0.	1.	0.	0.	0.	
1.2569	58.823	12	0	1	3	3	1	2	1.97704e-006	4.11431e-006	0.	0.	0.	0.	0.	1.	0.	0.	0.	
1.2729	62.4974	13	0	1	3	3	1	2	1.97704e-006	4.11431e-006	0.	0.	0.	0.	0.	1.	0.	0.	0.	
1.2899	58.8198	14	0	1	3	3	1	2	1.97704e-006	4.11431e-006	0.	0.	0.	0.	0.	1.	0.	0.	0.	
1.3069	58.8219	15	0	1	3	3	1	2	1.97704e-006	4.11431e-006	0.	0.	0.	0.	0.	1.	0.	0.	0.	
1.3239	58.8167	16	0	1	3	3	1	2	1.97704e-006	4.11431e-006	0.	0.	0.	0.	0.	1.	0.	0.	0.	
1.3409	58.8251	17	0	1	3	3	1	2	1.97704e-006	4.11431e-006	0.	0.	0.	0.	0.	1.	0.	0.	0.	
1.3579	58.8167	18	0	1	3	3	1	2	1.97704e-006	4.11431e-006	0.	0.	0.	0.	0.	1.	0.	0.	0.	
1.3739	62.4998	19	0	1	3	3	1	2	1.97704e-006	4.11431e-006	0.	0.	0.	0.	0.	1.	0.	0.	0.	
1.38991	62.4927	20	0	1	3	3	1	2	1.97704e-006	4.11431e-006	0.	0.	0.	0.	0.	1.	0.	0.	0.	
1.4069	58.8251	21	0	1	3	3	1	2	1.97704e-006	4.11431e-006	0.	0.	0.	0.	0.	1.	0.	0.	0.	
1.42391	58.8188	22	0	1	3	3	1	2	1.97704e-006	4.11431e-006	0.	0.	0.	0.	0.	1.	0.	0.	0.	
1.44091	58.8198	23	0	1	3	3	1	2	1.97704e-006	4.11431e-006	0.	0.	0.	0.	0.	1.	0.	0.	0.	
1.45791	58.8198	24	0	1	3	3	1	2	1.97704e-006	4.11431e-006	0.	0.	0.	0.	0.	1.	0.	0.	0.	
1.47391	62.4974	25	0	1	3	3	1	2	1.97704e-006	4.11431e-006	0.	0.	0.	0.	0.	1.	0.	0.	0.	
1.49091	58.8251	26	0	1	3	3	1	2	1.97704e-006	4.11431e-006	0.	0.	0.	0.	0.	1.	0.	0.	0.	
1.50791	58.8209	27	0	1	3	3	1	2	1.97704e-006	4.11431e-006	0.	0.	0.	0.	0.	1.	0.	0.	0.	
1.52491	58.8073	28	0	1	3	3	1	2	1.97704e-006	4.11431e-006	0.	0.	0.	0.	0.	1.	0.	0.	0.	
1.54191	58.8282	29	0	1	3	3	1	2	1.97704e-006	4.11431e-006	0.	0.	0.	0.	0.	1.	0.	0.	0.	
1.55792	62.455	30	0	1	3	3	1	2	1.97704e-006	4.11431e-006	0.	0.	0.	0.	0.	1.	0.	0.	0.	
1.57392	62.5304	31	0	1	3	3	1	2	1.97704e-006	4.11431e-006	0.	0.	0.	0.	0.	1.	0.	0.	0.	
1.58992	62.5009	32	0	1	3	3	1	2	1.97704e-006	4.11431e-006	0.	0.	0.	0.	0.	1.	0.	0.	0.	
1.60592	62.5009	33	0	1	3	3	1	2	1.97704e-006	4.11431e-006	0.	0.	0.	0.	0.	1.	0.	0.	0.	
1.62292	58.8219	34	0	1	3	3	1	2	1.97704e-006	4.11431e-006	0.	0.	0.	0.	0.	1.	0.	0.	0.	
1.63992	58.823	35	0	1	3	3	1	2	1.97704e-006	4.11431e-006	0.	0.	0.	0.	0.	1.	0.	0.	0.	
1.65592	62.4962	36	0	1	3	3	1	2	1.97704e-006	4.11431e-006	0.	0.	0.	0.	0.	1.	0.	0.	0.	
1.67292	58.8157	37	0	1	3	3	1	2	1.97704e-006	4.11431e-006	0.	0.	0.	0.	0.	1.	0.	0.	0.	
1.68992	58.8303	38	0	1	3	3	1	2	1.97704e-006	4.11431e-006	0.	0.	0.	0.	0.	1.	0.	0.	0.	
1.70592	62.495	39	0	1	3	3	1	2	1.97704e-006	4.11431e-006	0.	0.	0.	0.	0.	1.	0.	0.	0.	
1.72292	58.8219	40	0	1	3	3	1	2	1.97704e-006	4.11431e-006	0.	0.	0.	0.	0.	1.	0.	0.	0.	
1.73892	62.4892	41	0	1	3	3	1	2	1.97704e-006	4.11431e-006	0.	0.	0.	0.	0.	1.	0.	0.	0.	
1.75592	58.8251	42	0	1	3	3	1	2	1.97704e-006	4.11431e-006	0.	0.	0.	0.	0.	1.	0.	0.	0.	
1.77192	62.5009	43	0	1	3	3	1	2	1.97704e-006	4.11431e-006	0.	0.	0.	0.	0.	1.	0.	0.	0.	
1.78892	58.8157	44	0	1	3	3	1	2	1.97704e-006	4.11431e-006	0.	0.	0.	0.	0.	1.	0.	0.	0.	
1.80492	62.4986	45	0	1	3	3	1	2	1.97704e-006	4.11431e-006	0.	0.	0.	0.	0.	1.	0.	0.	0.	
1.82192	58.8209	46	0	1	3	3	1	2	1.97704e-006	4.11431e-006	0.	0.	0.	0.	0.	1.	0.	0.	0.	
1.83893	58.823	47	0	1	3	3	1	2	1.97704e-006	4.11431e-006	0.	0.	0.	0.	0.	1.	0.	0.	0.	
1.85493	62.4986	48	0	1	3	3	1	2	1.97704e-006	4.11431e-006	0.	0.	0.	0.	0.	1.	0.	0.	0.	
1.87093	62.4939	49	0	1	3	3	1	2	1.97704e-006	4.11431e-006	0.	0.	0.	0.	0.	1.	0.	0.	0.	
1.88793	58.8219	50	0	1	3	3	1	2	1.97704e-006	4.11431e-006	0.	0.	0.	0.	0.	1.	0.	0.	0.	
1.90493	58.8219	51	0	1	3	3	1	2	1.97704e-006	4.11431e-006	0.	0.	0.	0.	0.	1.	0.	0.	0.	
1.92093	62.4927	52	0	1	3	3	1	2	1.97704e-006	4.11431e-006	0.	0.	0.	0.	0.	1.	0.	0.	0.	
1.93693	62.4998	53	0	1	3	3	1	2	1.97704e-006	4.11431e-006	0.	0.	0.	0.	0.	1.	0.	0.	0.	
1.95393	58.8146	54	0	1	3	3	1	2	1.97704e-006	4.11431e-006	0.	0.	0.	0.	0.	1.	0.	0.	0.	
1.96993	62.5068	55	0	1	3	3	1	2	1.97704e-006	4.11431e-006	0.	0.	0.	0.	0.	1.	0.	0.	0.	
1.98693	58.8146	56	0	1	3	3	1	2	1.97704e-006	4.11431e-006	0.	0.	0.	0.	0.	1.	0.	0.	0.	
2.00393	58.8261	57	0	1	3	3	1	2	1.97704e-006	4.11431e-006	0.	0.	0.	0.	0.	1.	0.	0.	0.	
2.02093	58.8198	58	0	1	3	3	1	2	1.97704e-006	4.11431e-006	0.	0.	0.	0.	0.	1.	0.	0.	0.	
2.03793	58.8198	59	0	1	3	3	1	2	1.97704e-006	4.11431e-006	0.	0.	0.	0.	0.	1.	0.	0.	0.	
2.05494	58.8198	60	0	1	3	3	1	2	1.97704e-006	4.11431e-006	0.	0.	0.	0.	0.	1.	0.	0.	0.	
2.07094	62.4998	61	0	1	3	3	1	2	1.97704e-006	4.11431e-006	0.	0.	0.	0.	0.	1.	0.	0.	0.	
2.08694	62.4892	62	0	1	3	3	1	2	1.97704e-006	4.11431e-006	0.	0.	0.	0.	0.	1.	0.	0.	0.	
2.10394	58.8272	63	0	1	3	3	1	2	1.97704e-006	4.11431e-006	0.	0.	0.	0.	0.	1.	0.	0.	0.	
2.11994	62.4974	64	0	1	3	3	1	2	1.97704e-006	4.11431e-006	0.	0.	0.	0.	0.	1.	0.	0.	0.	
2.13694	58.8209	65	0	1	3	3	1	2	1.97704e-006	4.11431e-006	0.	0.	0.	0.	0.	1.	0.	0.	0.	
2.15394	58.8198	66	0	1	3	3	1	2	1.97704e-006	4.11431e-006	0.	0.	0.	0.	0.	1.	0.	0.	0.	
2.17094	58.823	67	0	1	3	3	1	2	1.97704e-006	4.11431e-006	0.	0.	0.	0.	0.	1.	0.	0.	0.	
2.18794	58.8167	68	0	1	3	3	1	2	1.97704e-006	4.11431e-006	0.	0.	0.	0.	0.	1.	0.	0.	0.	
2.20494	58.8198	69	0	1	3	3	1	2	1.97704e-006	4.11431e-006	0.	0.	0.	0.	0.	1.	0.	0.	0.	
2.22094	62.5021	70	0	1	3	3	1	2	1.97704e-006	4.11431e-006	0.	0.	0.	0.	0.	1.	0.	0.	0.	
2.23694	62.495	71	0	1	3	3	1	2	1.97704e-006	4.11431e-006	0.	0.	0.	0.	0.	1.	0.	0.	0.	
2.25395	58.8146	72	0	1	3	3	1	2	1.97704e-006	4.11431e-006	0.	0.	0.	0.	0.	1.	0.	0.	0.	
2.27095	58.8261	73	0	1	3	3	1	2	1.97704e-006	4.11431e-006	0.	0.	0.	0.	0.	1.	0.	0.	0.	
2.28795	58.8198	74	0	1	3	3	1	2	1.97704e-006	4.11431e-006	0.	0.	0.	0.	0.	1.	0.	0.	0.	
2.30495	58.824	75	0	1	3	3	1	2	1.97704e-006	4.11431e-006	0.	0.	0.	0.	0.	1.	0.	0.	0.	
2.32095	62.495	76	0	1	3	3	1	2	1.97704e-006	4.11431e-006	0.	0.	0.	0.	0.	1.	0.	0.	0.	
2.33795	58.8178	77	0	1	3	3	1	2	1.97704e-006	4.11431e-006	0.	0.	0.	0.	0.	1.	0.	0.	0.	
2.35495	58.823	78	0	1	3	3	1	2	1.97704e-006	4.11431e-006	0.	0.	0.	0.	0.	1.	0.	0.	0.	
2.37195	58.823	79	0	1	3	3	1	2	1.97704e-006	4.11431e-006	0.	0.	0.	0.	0.	1.	0.	0.	0.	
2.38895	58.8125	80	0	1	3	3	1	2	1.97704e-006	4.11431e-006	0.	0.	0.	0.	0.	1.	0.	0.	0.	
2.40495	62.5009	81	0	1	3	3	1	2	1.97704e-006	4.11431e-006	0.	0.	0.	0.	0.	1.	0.	0.	0.	
2.42196	58.7979	82	0	1	3	3	1	2	1.97704e-006	4.11431e-006	0.	0.	0.	0.	0.	1.	0.	0.	0.	
2.43795	62.5234	83	0	1	3	3	1	2	1.97704e-006	4.11431e-006	0.	0.	0.	0.	0.	1.	0.	0.	0.	
2.45396	62.4915	84	0	1	3	3	1	2	1.97704e-006	4.11431e-006	0.	0.	0.	0.	0.	1.	0.	0.	0.	
2.47141	57.286	85	0	1	3	3	1	2	1.97704e-006	4.11431e-006	0.	0.	0.	0.	0.	1.	0.	0.	0.	
2.48796	60.4459	86	0	1	3	3	1	2	1.97704e-006	4.11431e-006	0.	0.	0.	0.	0.	1.	0.	0.	0.	
2.50496	58.823	87	0	1	3	3	1	2	1.97704e-006	4.11431e-006	0.	0.	0.	0.	0.	1.	0.	0.	0.	
2.52096	62.4939	88	0	1	3	3	1	2	1.97704e-006	4.11431e-006	0.	0.	0.	0.	0.	1.	0.	0.	0.	
2.53796	58.8251	89	0	1	3	3	1	2	1.97704e-006	4.11431e-006	0.	0.	0.	0.	0.	1.	0.	0.	0.	
2.55496	58.8198	90	0	1	3	3	1	2	1.97704e-006	4.11431e-006	0.	0.	0.	0.	0.	1.	0.	0.	0.	
2.57196	58.8219	91	0	1	3	3	1	2	1.97704e-006	4.11431e-006	0.	0.	0.	0.	0.	1.	0.	0.	0.	
2.58896	58.8178	92	0	1	3	3	1	2	1.97704e-006	4.11431e-006	0.	0.	0.	0.	0.	1.	0.	0.	0.	
2.60596	58.824	93	0	1	3	3	1	2	1.97704e-006	4.11431e-006	0.	0.	0.	0.	0.	1.	0.	0.	0.	
2.62196	62.4927	94	0	1	3	3	1	2	1.97704e-006	4.11431e-006	0.	0.	0.	0.	0.	1.	0.	0.	0.	
2.63896	58.8178	95	0	1	3	3	1	2	1.97704e-006	4.11431e-006	0.	0.	0.	0.	0.	1.	0.	0.	0.	
2.65596	58.8219	96	0	1	3	3	1	2	1.97704e-006	4.11431e-006	0.	0.	0.	0.	0.	1.	0.	0.	0.	
2.67196	62.4998	97	0	1	3	3	1	2	1.97704e-006	4.11431e-006	0.	0.	0.	0.	0.	1.	0.	0.	0.	
2.68897	58.8167	98	0	1	3	3	1	2	1.97704e-006	4.11431e-006	0.	0.	0.	0.	0.	1.	0.	0.	0.	
2.70597	58.8282	99	0	1	3	3	1	2	1.97704e-006	4.11431e-006	0.	0.	0.	0.	0.	1.	0.	0.	0.	
2.72297	58.8188	100	0	1	3	3	1	2	1.97704e-006	4.11431e-006	0.	0.	0.	0.	0.	1.	0.	0.	0.	
2.73997	58.823	101	0	1	3	3	1	2	1.97704e-006	4.11431e-006	0.	0.	0.	0.	0.	1.	0.	0.	0.	
2.75697	58.8167	102	0	1	3	3	1	2	1.97704e-006	4.11431e-006	0.	0.	0.	0.	0.	1.	0.	0.	0.	
2.77397	58.8219	103	0	1	3	3	1	2	1.97704e-006	4.11431e-006	0.	0.	0.	0.	0.	1.	0.	0.	0.	
2.79097	58.8219	104	0	1	3	3	1	2	1.97704e-006	4.11431e-006	0.	0.	0.	0.	0.	1.	0.	0.	0.	
2.80797	58.8219	105	0	1	3	3	1	2	1.97704e-006	4.11431e-006	0.	0.	0.	0.	0.	1.	0.	0.	0.	
2.82397	62.495	106	0	1	3	3	1	2	1.97704e-006	4.11431e-006	0.	0.	0.	0.	0.	1.	0.	0.	0.	
2.84097	58.8219	107	0	1	3	3	1	2	1.97704e-006	4.11431e-006	0.	0.	0.	0.	0.	1.	0.	0.	0.	
2.85797	58.8198	108	0	1	3	3	1	2	1.97704e-006	4.11431e-006	0.	0.	0.	0.	0.	1.	0.	0.	0.	
2.87497	58.8188	109	0	1	3	3	1	2	1.97704e-006	4.11431e-006	0.	0.	0.	0.	0.	1.	0.	0.	0.	
2.89197	58.823	110	0	1	3	3	1	2	1.97704e-006	4.11431e-006	0.	0.	0.	0.	0.	1.	0.	0.	0.	
2.90798	62.495	111	0	1	3	3	1	2	1.97704e-006	4.11431e-006	0.	0.	0.	0.	0.	1.	0.	0.	0.	
2.92398	62.5009	112	0	1	3	3	1	2	1.97704e-006	4.11431e-006	0.	0.	0.	0.	0.	1.	0.	0.	0.	
2.94098	58.8178	113	0	1	3	3	1	2	1.97704e-006	4.11431e-006	0.	0.	0.	0.	0.	1.	0.	0.	0.	
2.95698	62.495	114	0	1	3	3	1	2	1.97704e-006	4.11431e-006	0.	0.	0.	0.	0.	1.	0.	0.	0.	
2.97298	62.4986	115	0	1	3	3	1	2	1.97704e-006	4.11431e-006	0.	0.	0.	0.	0.	1.	0.	0.	0.	
2.98998	58.823	116	0	1	3	3	1	2	1.97704e-006	4.11431e-006	0.	0.	0.	0.	0.	1.	0.	0.	0.	
3.00698	58.8188	117	0	1	3	3	1	2	1.97704e-006	4.11431e-006	0.	0.	0.	0.	0.	1.	0.	0.	0.	
3.02398	58.823	118	0	1	3	3	1	2	1.97704e-006	4.11431e-006	0.	0.	0.	0.	0.	1.	0.	0.	0.	
3.04098	58.8209	119	0	1	3	3	1	2	1.97704e-006	4.11431e-006	0.	0.	0.	0.	0.	1.	0.	0.	0.	
3.05698	62.495	120	0	1	3	3	1	2	1.97704e-006	4.11431e-006	0.	0.	0.	0.	0.	1.	0.	0.	0.	
3.07298	62.4927	121	0	1	3	3	1	2	1.97704e-006	4.11431e-006	0.	0.	0.	0.	0.	1.	0.	0.	0.	
3.08898	62.5009	122	0	1	3	3	1	2	1.97704e-006	4.11431e-006	0.	0.	0.	0.	0.	1.	0.	0.	0.	
3.10499	62.4903	123	0	1	3	3	1	2	1.97704e-006	4.11431e-006	0.	0.	0.	0.	0.	1.	0.	0.	0.	
3.12199	58.8261	124	0	1	3	3	1	2	1.97704e-006	4.11431e-006	0.	0.	0.	0.	0.	1.	0.	0.	0.	
3.13899	58.8209	125	0	1	3	3	1	2	1.97704e-006	4.11431e-006	0.	0.	0.	0.	0.	1.	0.	0.	0.	
3.15599	58.8219	126	0	1	3	3	1	2	1.97704e-006	4.11431e-006	0.	0.	0.	0.	0.	1.	0.	0.	0.	
3.17299	58.8198	127	0	1	3	3	1	2	1.97704e-006	4.11431e-006	0.	0.	0.	0.	0.	1.	0.	0.	0.	
3.18999	58.8157	128	0	1	3	3	1	2	1.97704e-006	4.11431e-006	0.	0.	0.	0.	0.	1.	0.	0.	0.	
3.20699	58.8282	129	0	1	3	3	1	2	1.97704e-006	4.11431e-006	0.	0.	0.	0.	0.	1.	0.	0.	0.	
3.22299	62.4939	130	0	1	3	3	1	2	1.97704e-006	4.11431e-006	0.	0.	0.	0.	0.	1.	0.	0.	0.	
3.23999	58.8219	131	0	1	3	3	1	2	1.97704e-006	4.11431e-006	0.	0.	0.	0.	0.	1.	0.	0.	0.	
3.25699	58.823	132	0	1	3	3	1	2	1.97704e-006	4.11431e-006	0.	0.	0.	0.	0.	1.	0.	0.	0.	
3.27399	58.8167	133	0	1	3	3	1	2	1.97704e-006	4.11431e-006	0.	0.	0.	0.	0.	1.	0.	0.	0.	
3.29099	58.8251	134	0	1	3	3	1	2	1.97704e-006	4.11431e-006	0.	0.	0.	0.	0.	1.	0.	0.	0.	
3.30799	58.8198	135	0	1	3	3	1	2	1.97704e-006	4.11431e-006	0.	0.	0.	0.	0.	1.	0.	0.	0.	
3.325	58.8178	136	0	1	3	3	1	2	1.97704e-006	4.11431e-006	0.	0.	0.	0.	0.	1.	0.	0.	0.	
3.342	58.824	137	0	1	3	3	1	2	1.97704e-006	4.11431e-006	0.	0.	0.	0.	0.	1.	0.	0.	0.	
3.359	58.8178	138	0	1	3	3	1	2	1.97704e-006	4.11431e-006	0.	0.	0.	0.	0.	1.	0.	0.	0.	
3.376	58.824	139	0	1	3	3	1	2	1.97704e-006	4.11431e-006	0.	0.	0.	0.	0.	1.	0.	0.	0.	
3.393	58.8188	140	0	1	3	3	1	2	1.97704e-006	4.11431e-006	0.	0.	0.	0.	0.	1.	0.	0.	0.	
3.41	58.8167	141	0	1	3	3	1	2	1.97704e-006	4.11431e-006	0.	0.	0.	0.	0.	1.	0.	0.	0.	
3.427	58.8261	142	0	1	3	3	1	2	1.97704e-006	4.11431e-006	0.	0.	0.	0.	0.	1.	0.	0.	0.	
3.443	62.4915	143	0	1	3	3	1	2	1.97704e-006	4.11431e-006	0.	0.	0.	0.	0.	1.	0.	0.	0.	
3.46	58.8251	144	0	1	3	3	1	2	1.97704e-006	4.11431e-006	0.	0.	0.	0.	0.	1.	0.	0.	0.	
3.476	62.4939	145	0	1	3	3	1	2	1.97704e-006	4.11431e-006	0.	0.	0.	0.	0.	1.	0.	0.	0.	
3.493	58.8198	146	0	1	3	3	1	2	1.97704e-006	4.11431e-006	0.	0.	0.	0.	0.	1.	0.	0.	0.	
3.509	62.5009	147	0	1	3	3	1	2	1.97704e-006	4.11431e-006	0.	0.	0.	0.	0.	1.	0.	0.	0.	
3.526	58.8209	148	0	1	3	3	1	2	1.97704e-006	4.11431e-006	0.	0.	0.	0.	0.	1.	0.	0.	0.	
3.54301	58.8198	149	0	1	3	3	1	2	1.97704e-006	4.11431e-006	0.	0.	0.	0.	0.	1.	0.	0.	0.	
3.56001	58.8178	150	0	1	3	3	1	2	1.97704e-006	4.11431e-006	0.	0.	0.	0.	0.	1.	0.	0.	0.	
3.57701	58.8261	151	0	1	3	3	1	2	1.97704e-006	4.11431e-006	0.	0.	0.	0.	0.	1.	0.	0.	0.	
3.59401	58.8104	152	0	1	3	3	1	2	1.97704e-006	4.11431e-006	0.	0.	0.	0.	0.	1.	0.	0.	0.	
3.65491	16.4197	153	0	1	3	3	1	2	1.97704e-006	4.11431e-006	0.	0.	0.	0.	0.	1.	0.	0.	0.	
3.67206	58.3279	154	0	1	3	3	1	2	1.97704e-006	4.11431e-006	0.	0.	0.	0.	0.	1.	0.	0.	0.	
3.68908	58.7437	155	0	1	3	3	1	2	1.97704e-006	4.11431e-006	0.	0.	0.	0.	0.	1.	0.	0.	0.	
3.70606	58.893	156	0	1	3	3	1	2	1.97704e-006	4.11431e-006	0.	0.	0.	0.	0.	1.	0.	0.	0.	
3.72306	58.824	157	0	1	3	3	1	2	1.97704e-006	4.11431e-006	0.	0.	0.	0.	0.	1.	0.	0.	0.	
3.74006	58.8209	158	0	1	3	3	1	2	1.97704e-006	4.11431e-006	0.	0.	0.	0.	0.	1.	0.	0.	0.	
3.75608	62.4303	159	0	1	3	3	1	2	1.97704e-006	4.11431e-006	0.	0.	0.	0.	0.	1.	0.	0.	0.	
3.77309	58.7979	160	0	1	3	3	1	2	1.97704e-006	4.11431e-006	0.	0.	0.	0.	0.	1.	0.	0.	0.	
3.79008	58.8522	161	0	1	3	3	1	2	1.97704e-006	4.11431e-006	0.	0.	0.	0.	0.	1.	0.	0.	0.	
3.80706	58.8763	162	0	1	3	3	1	2	1.97704e-006	4.11431e-006	0.	0.	0.	0.	0.	1.	0.	0.	0.	
3.82307	62.4856	163	0	1	3	3	1	2	1.97704e-006	4.11431e-006	0.	0.	0.	0.	0.	1.	0.	0.	0.	
3.83906	62.5068	164	0	1	3	3	1	2	1.97704e-006	4.11431e-006	0.	0.	0.	0.	0.	1.	0.	0.	0.	
3.85608	58.7625	165	0	1	3	3	1	2	1.97704e-006	4.11431e-006	0.	0.	0.	0.	0.	1.	0.	0.	0.	
3.87207	62.5552	166	0	1	3	3	1	2	1.97704e-006	4.11431e-006	0.	0.	0.	0.	0.	1.	0.	0.	0.	
3.88807	62.4939	167	0	1	3	3	1	2	1.97704e-006	4.11431e-006	0.	0.	0.	0.	0.	1.	0.	0.	0.	
3.90507	58.823	168	0	1	3	3	1	2	1.97704e-006	4.11431e-006	0.	0.	0.	0.	0.	1.	0.	0.	0.	
3.92208	58.8031	169	0	1	3	3	1	2	1.97704e-006	4.11431e-006	0.	0.	0.	0.	0.	1.	0.	0.	0.	
3.93907	58.8387	170	0	1	3	3	1	2	1.97704e-006	4.11431e-006	0.	0.	0.	0.	0.	1.	0.	0.	0.	
3.95508	62.4503	171	0	1	3	3	1	2	1.97704e-006	4.11431e-006	0.	0.	0.	0.	0.	1.	0.	0.	0.	
3.97207	58.8878	172	0	1	3	3	1	2	1.97704e-006	4.11431e-006	0.	0.	0.	0.	0.	1.	0.	0.	0.	
3.98806	62.5375	173	0	1	3	3	1	2	1.97704e-006	4.11431e-006	0.	0.	0.	0.	0.	1.	0.	0.	0.	
4.00406	62.5033	174	0	1	3	3	1	2	1.97704e-006	4.11431e-006	0.	0.	0.	0.	0.	1.	0.	0.	0.	
4.02106	58.8219	175	0	1	3	3	1	2	1.97704e-006	4.11431e-006	0.	0.	0.	0.	0.	1.	0.	0.	0.	
4.03808	58.7531	176	0	1	3	3	1	2	1.97704e-006	4.11431e-006	0.	0.	0.	0.	0.	1.	0.	0.	0.	
4.05508	58.824	177	0	1	3	3	1	2	1.97704e-006	4.11431e-006	0.	0.	0.	0.	0.	1.	0.	0.	0.	
4.07208	58.8198	178	0	1	3	3	1	2	1.97704e-006	4.11431e-006	0.	0.	0.	0.	0.	1.	0.	0.	0.	
4.08907	58.8533	179	0	1	3	3	1	2	1.97704e-006	4.11431e-006	0.	0.	0.	0.	0.	1.	0.	0.	0.	
4.10608	58.7812	180	0	1	3	3	1	2	1.97704e-006	4.11431e-006	0.	0.	0.	0.	0.	1.	0.	0.	0.	
4.12308	58.8209	181	0	1	3	3	1	2	1.97704e-006	4.11431e-006	0.	0.	0.	0.	0.	1.	0.	0.	0.	
4.1401	58.7687	182	0	1	3	3	1	2	1.97704e-006	4.11431e-006	0.	0.	0.	0.	0.	1.	0.	0.	0.	
4.1561	62.4892	183	0	1	3	3	1	2	1.97704e-006	4.11431e-006	0.	0.	0.	0.	0.	1.	0.	0.	0.	
4.17308	58.8815	184	0	1	3	3	1	2	1.97704e-006	4.11431e-006	0.	0.	0.	0.	0.	1.	0.	0.	0.	
4.1901	58.7781	185	0	1	3	3	1	2	1.97704e-006	4.11431e-006	0.	0.	0.	0.	0.	1.	0.	0.	0.	
4.20708	58.8721	186	0	1	3	3	1	2	1.97704e-006	4.11431e-006	0.	0.	0.	0.	0.	1.	0.	0.	0.	
4.2231	62.4115	187	0	1	3	3	1	2	1.97704e-006	4.11431e-006	0.	0.	0.	0.	0.	1.	0.	0.	0.	
4.24009	58.8773	188	0	1	3	3	1	2	1.97704e-006	4.11431e-006	0.	0.	0.	0.	0.	1.	0.	0.	0.	
4.25611	62.402	189	0	1	3	3	1	2	1.97704e-006	4.11431e-006	0.	0.	0.	0.	0.	1.	0.	0.	0.	
4.2731	58.8679	190	0	1	3	3	1	2	1.97704e-006	4.11431e-006	0.	0.	0.	0.	0.	1.	0.	0.	0.	
4.2891	62.508	191	0	1	3	3	1	2	1.97704e-006	4.11431e-006	0.	0.	0.	0.	0.	1.	0.	0.	0.	
4.30611	58.7708	192	0	1	3	3	1	2	1.97704e-006	4.11431e-006	0.	0.	0.	0.	0.	1.	0.	0.	0.	
4.3231	58.8753	193	0	1	3	3	1	2	1.97704e-006	4.11431e-006	0.	0.	0.	0.	0.	1.	0.	0.	0.	
4.33909	62.5304	194	0	1	3	3	1	2	1.97704e-006	4.11431e-006	0.	0.	0.	0.	0.	1.	0.	0.	0.	
4.3561	58.8	195	0	1	3	3	1	2	1.97704e-006	4.11431e-006	0.	0.	0.	0.	0.	1.	0.	0.	0.	
4.3731	58.8031	196	0	1	3	3	1	2	1.97704e-006	4.11431e-006	0.	0.	0.	0.	0.	1.	0.	0.	0.	
4.3901	58.8366	197	0	1	3	3	1	2	1.97704e-006	4.11431e-006	0.	0.	0.	0.	0.	1.	0.	0.	0.	
4.40711	58.8084	198	0	1	3	3	1	2	1.97704e-006	4.11431e-006	0.	0.	0.	0.	0.	1.	0.	0.	0.	
4.4241	58.8397	199	0	1	3	3	1	2	1.97704e-006	4.11431e-006	0.	0.	0.	0.	0.	1.	0.	0.	0.	
4.4411	58.8407	200	0	1	3	3	1	2	1.97704e-006	4.11431e-006	0.	0.	0.	0.	0.	1.	0.	0.	0.	
4.4581	58.7979	201	0	1	3	3	1	2	1.97704e-006	4.11431e-006	0.	0.	0.	0.	0.	1.	0.	0.	0.	
4.47511	58.8094	202	0	1	3	3	1	2	1.97704e-006	4.11431e-006	0.	0.	0.	0.	0.	1.	0.	0.	0.	
4.4921	58.8449	203	0	1	3	3	1	2	1.97704e-006	4.11431e-006	0.	0.	0.	0.	0.	1.	0.	0.	0.	
4.50911	58.7958	204	0	1	3	3	1	2	1.97704e-006	4.11431e-006	0.	0.	0.	0.	0.	1.	0.	0.	0.	
4.5261	58.8606	205	0	1	3	3	1	2	1.97704e-006	4.11431e-006	0.	0.	0.	0.	0.	1.	0.	0.	0.	
4.5431	58.8251	206	0	1	3	3	1	2	1.97704e-006	4.11431e-006	0.	0.	0.	0.	0.	1.	0.	0.	0.	
4.56011	58.799	207	0	1	3	3	1	2	1.97704e-006	4.11431e-006	0.	0.	0.	0.	0.	1.	0.	0.	0.	
4.5771	58.8334	208	0	1	3	3	1	2	1.97704e-006	4.11431e-006	0.	0.	0.	0.	0.	1.	0.	0.	0.	
4.59411	58.8042	209	0	1	3	3	1	2	1.97704e-006	4.11431e-006	0.	0.	0.	0.	0.	1.	0.	0.	0.	
4.6111	58.8418	210	0	1	3	3	1	2	1.97704e-006	4.11431e-006	0.	0.	0.	0.	0.	1.	0.	0.	0.	
4.6281	58.824	211	0	1	3	3	1	2	1.97704e-006	4.11431e-006	0.	0.	0.	0.	0.	1.	0.	0.	0.	
4.64512	58.776	212	0	1	3	3	1	2	1.97704e-006	4.11431e-006	0.	0.	0.	0.	0.	1.	0.	0.	0.	
4.66213	58.7812	213	0	1	3	3	1	2	1.97704e-006	4.11431e-006	0.	0.	0.	0.	0.	1.	0.	0.	0.	
4.67912	58.8376	214	0	1	3	3	1	2	1.97704e-006	4.11431e-006	0.	0.	0.	0.	0.	1.	0.	0.	0.	
4.69612	58.846	215	0	1	3	3	1	2	1.97704e-006	4.11431e-006	0.	0.	0.	0.	0.	1.	0.	0.	0.	
4.71314	58.7416	216	0	1	3	3	1	2	1.97704e-006	4.11431e-006	0.	0.	0.	0.	0.	1.	0.	0.	0.	
4.73011	58.9444	217	0	1	3	3	1	2	1.97704e-006	4.11431e-006	0.	0.	0.	0.	0.	1.	0.	0.	0.	
4.74711	58.8188	218	0	1	3	3	1	2	1.97704e-006	4.11431e-006	0.	0.	0.	0.	0.	1.	0.	0.	0.	
4.76412	58.7718	219	0	1	3	3	1	2	1.97704e-006	4.11431e-006	0.	0.	0.	0.	0.	1.	0.	0.	0.	
4.78111	58.8627	220	0	1	3	3	1	2	1.97704e-006	4.11431e-006	0.	0.	0.	0.	0.	1.	0.	0.	0.	
4.79712	62.4515	221	0	1	3	3	1	2	1.97704e-006	4.11431e-006	0.	0.	0.	0.	0.	1.	0.	0.	0.	
4.81411	58.8596	222	0	1	3	3	1	2	1.97704e-006	4.11431e-006	0.	0.	0.	0.	0.	1.	0.	0.	0.	
4.83111	58.8292	223	0	1	3	3	1	2	1.97704e-006	4.11431e-006	0.	0.	0.	0.	0.	1.	0.	0.	0.	
4.84812	58.8063	224	0	1	3	3	1	2	1.97704e-006	4.11431e-006	0.	0.	0.	0.	0.	1.	0.	0.	0.	
4.86513	58.7927	225	0	1	3	3	1	2	1.97704e-006	4.11431e-006	0.	0.	0.	0.	0.	1.	0.	0.	0.	
4.88212	58.8491	226	0	1	3	3	1	2	1.97704e-006	4.11431e-006	0.	0.	0.	0.	0.	1.	0.	0.	0.	
4.89813	62.4538	227	0	1	3	3	1	2	1.97704e-006	4.11431e-006	0.	0.	0.	0.	0.	1.	0.	0.	0.	
4.91412	62.5529	228	0	1	3	3	1	2	1.97704e-006	4.11431e-006	0.	0.	0.	0.	0.	1.	0.	0.	0.	
4.93113	58.7854	229	0	1	3	3	1	2	1.97704e-006	4.11431e-006	0.	0.	0.	0.	0.	1.	0.	0.	0.	
4.94715	62.4232	230	0	1	3	3	1	2	1.97704e-006	4.11431e-006	0.	0.	0.	0.	0.	1.	0.	0.	0.	
4.96414	58.8658	231	0	1	3	3	1	2	1.97704e-006	4.11431e-006	0.	0.	0.	0.	0.	1.	0.	0.	0.	
4.98112	58.8763	232	0	1	3	3	1	2	1.97704e-006	4.11431e-006	0.	0.	0.	0.	0.	1.	0.	0.	0.	
4.99812	58.8188	233	0	1	3	3	1	2	1.97704e-006	4.11431e-006	0.	0.	0.	0.	0.	1.	0.	0.	0.	
5.01513	58.7781	234	0	1	3	3	1	2	1.97704e-006	4.11431e-006	0.	0.	0.	0.	0.	1.	0.	0.	0.	
5.03112	62.5517	235	0	1	3	3	1	2	1.97704e-006	4.11431e-006	0.	0.	0.	0.	0.	1.	0.	0.	0.	
5.04712	62.4903	236	0	1	3	3	1	2	1.97704e-006	4.11431e-006	0.	0.	0.	0.	0.	1.	0.	0.	0.	
5.06312	62.5021	237	0	1	3	3	1	2	1.97704e-006	4.11431e-006	0.	0.	0.	0.	0.	1.	0.	0.	0.	
5.08012	58.8251	238	0	1	3	3	1	2	1.97704e-006	4.11431e-006	0.	0.	0.	0.	0.	1.	0.	0.	0.	
5.09613	62.4738	239	0	1	3	3	1	2	1.97704e-006	4.11431e-006	0.	0.	0.	0.	0.	1.	0.	0.	0.	
5.11313	58.8355	240	0	1	3	3	1	2	1.97704e-006	4.11431e-006	0.	0.	0.	0.	0.	1.	0.	0.	0.	
5.13014	58.776	241	0	1	3	3	1	2	1.97704e-006	4.11431e-006	0.	0.	0.	0.	0.	1.	0.	0.	0.	
5.14713	58.8617	242	0	1	3	3	1	2	1.97704e-006	4.11431e-006	0.	0.	0.	0.	0.	1.	0.	0.	0.	
5.16414	58.7937	243	0	1	3	3	1	2	1.97704e-006	4.11431e-006	0.	0.	0.	0.	0.	1.	0.	0.	0.	
5.18113	58.8575	244	0	1	3	3	1	2	1.97704e-006	4.11431e-006	0.	0.	0.	0.	0.	1.	0.	0.	0.	
5.19814	58.7718	245	0	1	3	3	1	2	1.97704e-006	4.11431e-006	0.	0.	0.	0.	0.	1.	0.	0.	0.	
5.21413	62.5434	246	0	1	3	3	1	2	1.97704e-006	4.11431e-006	0.	0.	0.	0.	0.	1.	0.	0.	0.	
5.23111	58.8951	247	0	1	3	3	1	2	1.97704e-006	4.11431e-006	0.	0.	0.	0.	0.	1.	0.	0.	0.	
5.24713	62.4185	248	0	1	3	3	1	2	1.97704e-006	4.11431e-006	0.	0.	0.	0.	0.	1.	0.	0.	0.	
5.26413	58.8188	249	0	1	3	3	1	2	1.97704e-006	4.11431e-006	0.	0.	0.	0.	0.	1.	0.	0.	0.	
5.28115	58.7781	250	0	1	3	3	1	2	1.97704e-006	4.11431e-006	0.	0.	0.	0.	0.	1.	0.	0.	0.	
5.29813	58.8658	251	0	1	3	3	1	2	1.97704e-006	4.11431e-006	0.	0.	0.	0.	0.	1.	0.	0.	0.	
5.31514	58.8167	252	0	1	3	3	1	2	1.97704e-006	4.11431e-006	0.	0.	0.	0.	0.	1.	0.	0.	0.	
5.33114	62.5033	253	0	1	3	3	1	2	1.97704e-006	4.11431e-006	0.	0.	0.	0.	0.	1.	0.	0.	0.	
5.34814	58.8146	254	0	1	3	3	1	2	1.97704e-006	4.11431e-006	0.	0.	0.	0.	0.	1.	0.	0.	0.	
5.36417	62.3926	255	0	1	3	3	1	2	1.97704e-006	4.11431e-006	0.	0.	0.	0.	0.	1.	0.	0.	0.	
5.38114	58.9203	256	0	1	3	3	1	2	1.97704e-006	4.11431e-006	0.	0.	0.	0.	0.	1.	0.	0.	0.	
5.39814	58.824	257	0	1	3	3	1	2	1.97704e-006	4.11431e-006	0.	0.	0.	0.	0.	1.	0.	0.	0.	
5.41515	58.776	258	0	1	3	3	1	2	1.97704e-006	4.11431e-006	0.	0.	0.	0.	0.	1.	0.	0.	0.	
5.43214	58.8481	259	0	1	3	3	1	2	1.97704e-006	4.11431e-006	0.	0.	0.	0.	0.	1.	0.	0.	0.	
5.44812	62.5883	260	0	1	3	3	1	2	1.97704e-006	4.11431e-006	0.	0.	0.	0.	0.	1.	0.	0.	0.	
5.46416	62.3609	261	0	1	3	3	1	2	1.97704e-006	4.11431e-006	0.	0.	0.	0.	0.	1.	0.	0.	0.	
5.48014	62.5576	262	0	1	3	3	1	2	1.97704e-006	4.11431e-006	0.	0.	0.	0.	0.	1.	0.	0.	0.	
5.49716	58.7708	263	0	1	3	3	1	2	1.97704e-006	4.11431e-006	0.	0.	0.	0.	0.	1.	0.	0.	0.	
5.51313	62.6226	264	0	1	3	3	1	2	1.97704e-006	4.11431e-006	0.	0.	0.	0.	0.	1.	0.	0.	0.	
5.53016	58.7052	265	0	1	3	3	1	2	1.97704e-006	4.11431e-006	0.	0.	0.	0.	0.	1.	0.	0.	0.	
5.54716	58.8178	266	0	1	3	3	1	2	1.97704e-006	4.11431e-006	0.	0.	0.	0.	0.	1.	0.	0.	0.	
5.56416	58.8313	267	0	1	3	3	1	2	1.97704e-006	4.11431e-006	0.	0.	0.	0.	0.	1.	0.	0.	0.	
5.58115	58.8679	268	0	1	3	3	1	2	1.97704e-006	4.11431e-006	0.	0.	0.	0.	0.	1.	0.	0.	0.	
5.59715	62.4915	269	0	1	3	3	1	2	1.97704e-006	4.11431e-006	0.	0.	0.	0.	0.	1.	0.	0.	0.	
5.61415	58.8188	270	0	1	3	3	1	2	1.97704e-006	4.11431e-006	0.	0.	0.	0.	0.	1.	0.	0.	0.	
5.63115	58.8261	271	0	1	3	3	1	2	1.97704e-006	4.11431e-006	0.	0.	0.	0.	0.	1.	0.	0.	0.	
5.64714	62.5529	272	0	1	3	3	1	2	1.97704e-006	4.11431e-006	0.	0.	0.	0.	0.	1.	0.	0.	0.	
5.66415	58.7739	273	0	1	3	3	1	2	1.97704e-006	4.11431e-006	0.	0.	0.	0.	0.	1.	0.	0.	0.	
5.68115	58.8178	274	0	1	3	3	1	2	1.97704e-006	4.11431e-006	0.	0.	0.	0.	0.	1.	0.	0.	0.	
5.69815	58.824	275	0	1	3	3	1	2	1.97704e-006	4.11431e-006	0.	0.	0.	0.	0.	1.	0.	0.	0.	
5.71517	58.7781	276	0	1	3	3	1	2	1.97704e-006	4.11431e-006	0.	0.	0.	0.	0.	1.	0.	0.	0.	
5.73217	58.799	277	0	1	3	3	1	2	1.97704e-006	4.11431e-006	0.	0.	0.	0.	0.	1.	0.	0.	0.	
5.74917	58.8146	278	0	1	3	3	1	2	1.97704e-006	4.11431e-006	0.	0.	0.	0.	0.	1.	0.	0.	0.	
5.76616	58.8868	279	0	1	3	3	1	2	1.97704e-006	4.11431e-006	0.	0.	0.	0.	0.	1.	0.	0.	0.	
5.78316	58.8209	280	0	1	3	3	1	2	1.97704e-006	4.11431e-006	0.	0.	0.	0.	0.	1.	0.	0.	0.	
5.80013	58.9245	281	0	1	3	3	1	2	1.97704e-006	4.11431e-006	0.	0.	0.	0.	0.	1.	0.	0.	0.	
5.81617	62.3515	282	0	1	3	3	1	2	1.97704e-006	4.11431e-006	0.	0.	0.	0.	0.	1.	0.	0.	0.	
5.83316	58.8491	283	0	1	3	3	1	2	1.97704e-006	4.11431e-006	0.	0.	0.	0.	0.	1.	0.	0.	0.	
5.85016	58.8198	284	0	1	3	3	1	2	1.97704e-006	4.11431e-006	0.	0.	0.	0.	0.	1.	0.	0.	0.	
5.86714	58.8889	285	0	1	3	3	1	2	1.97704e-006	4.11431e-006	0.	0.	0.	0.	0.	1.	0.	0.	0.	
5.88317	62.3691	286	0	1	3	3	1	2	1.97704e-006	4.11431e-006	0.	0.	0.	0.	0.	1.	0.	0.	0.	
5.90014	58.9528	287	0	1	3	3	1	2	1.97704e-006	4.11431e-006	0.	0.	0.	0.	0.	1.	0.	0.	0.	
5.91616	62.3938	288	0	1	3	3	1	2	1.97704e-006	4.11431e-006	0.	0.	0.	0.	0.	1.	0.	0.	0.	
5.93318	58.775	289	0	1	3	3	1	2	1.97704e-006	4.11431e-006	0.	0.	0.	0.	0.	1.	0.	0.	0.	
5.95018	58.8251	290	0	1	3	3	1	2	1.97704e-006	4.11431e-006	0.	0.	0.	0.	0.	1.	0.	0.	0.	
5.96715	58.9339	291	0	1	3	3	1	2	1.97704e-006	4.11431e-006	0.	0.	0.	0.	0.	1.	0.	0.	0.	
5.98415	58.8188	292	0	1	3	3	1	2	1.97704e-006	4.11431e-006	0.	0.	0.	0.	0.	1.	0.	0.	0.	
6.00119	58.6906	293	0	1	3	3	1	2	1.97704e-006	4.11431e-006	0.	0.	0.	0.	0.	1.	0.	0.	0.	
6.01819	58.8209	294	0	1	3	3	1	2	1.97704e-006	4.11431e-006	0.	0.	0.	0.	0.	1.	0.	0.	0.	
6.03415	62.6262	295	0	1	3	3	1	2	1.97704e-006	4.11431e-006	0.	0.	0.	0.	0.	1.	0.	0.	0.	
6.05021	62.2906	296	0	1	3	3	1	2	1.97704e-006	4.11431e-006	0.	0.	0.	0.	0.	1.	0.	0.	0.	
6.06715	59.0295	297	0	1	3	3	1	2	1.97704e-006	4.11431e-006	0.	0.	0.	0.	0.	1.	0.	0.	0.	
6.08316	62.4467	298	0	1	3	3	1	2	1.97704e-006	4.11431e-006	0.	0.	0.	0.	0.	1.	0.	0.	0.	
6.10018	58.7739	299	0	1	3	3	1	2	1.97704e-006	4.11431e-006	0.	0.	0.	0.	0.	1.	0.	0.	0.	
6.11716	58.8857	300	0	1	3	3	1	2	1.97704e-006	4.11431e-006	0.	0.	0.	0.	0.	1.	0.	0.	0.	
6.13414	58.8962	301	0	1	3	3	1	2	1.97704e-006	4.11431e-006	0.	0.	0.	0.	0.	1.	0.	0.	0.	
6.15117	58.7281	302	0	1	3	3	1	2	1.97704e-006	4.11431e-006	0.	0.	0.	0.	0.	1.	0.	0.	0.	
6.16716	62.5399	303	0	1	3	3	1	2	1.97704e-006	4.11431e-006	0.	0.	0.	0.	0.	1.	0.	0.	0.	
6.18414	58.8847	304	0	1	3	3	1	2	1.97704e-006	4.11431e-006	0.	0.	0.	0.	0.	1.	0.	0.	0.	
6.20116	58.7479	305	0	1	3	3	1	2	1.97704e-006	4.11431e-006	0.	0.	0.	0.	0.	1.	0.	0.	0.	
6.21816	58.8261	306	0	1	3	3	1	2	1.97704e-006	4.11431e-006	0.	0.	0.	0.	0.	1.	0.	0.	0.	
6.23414	62.5812	307	0	1	3	3	1	2	1.97704e-006	4.11431e-006	0.	0.	0.	0.	0.	1.	0.	0.	0.	
6.25118	58.6917	308	0	1	3	3	1	2	1.97704e-006	4.11431e-006	0.	0.	0.	0.	0.	1.	0.	0.	0.	
6.26715	62.6132	309	0	1	3	3	1	2	1.97704e-006	4.11431e-006	0.	0.	0.	0.	0.	1.	0.	0.	0.	
6.28318	62.3703	310	0	1	3	3	1	2	1.97704e-006	4.11431e-006	0.	0.	0.	0.	0.	1.	0.	0.	0.	
6.29916	62.573	311	0	1	3	3	1	2	1.97704e-006	4.11431e-006	0.	0.	0.	0.	0.	1.	0.	0.	0.	
6.31618	58.7573	312	0	1	3	3	1	2	1.97704e-006	4.11431e-006	0.	0.	0.	0.	0.	1.	0.	0.	0.	
6.33316	58.8857	313	0	1	3	3	1	2	1.97704e-006	4.11431e-006	0.	0.	0.	0.	0.	1.	0.	0.	0.	
6.35018	58.7614	314	0	1	3	3	1	2	1.97704e-006	4.11431e-006	0.	0.	0.	0.	0.	1.	0.	0.	0.	
6.36717	58.8617	315	0	1	3	3	1	2	1.97704e-006	4.11431e-006	0.	0.	0.	0.	0.	1.	0.	0.	0.	
6.38416	58.8617	316	0	1	3	3	1	2	1.97704e-006	4.11431e-006	0.	0.	0.	0.	0.	1.	0.	0.	0.	
6.40015	62.5399	317	0	1	3	3	1	2	1.97704e-006	4.11431e-006	0.	0.	0.	0.	0.	1.	0.	0.	0.	
6.41617	62.4326	318	0	1	3	3	1	2	1.97704e-006	4.11431e-006	0.	0.	0.	0.	0.	1.	0.	0.	0.	
6.43317	58.8188	319	0	1	3	3	1	2	1.97704e-006	4.11431e-006	0.	0.	0.	0.	0.	1.	0.	0.	0.	
6.44915	62.5611	320	0	1	3	3	1	2	1.97704e-006	4.11431e-006	0.	0.	0.	0.	0.	1.	0.	0.	0.	
6.46517	62.4303	321	0	1	3	3	1	2	1.97704e-006	4.11431e-006	0.	0.	0.	0.	0.	1.	0.	0.	0.	
6.48219	58.7541	322	0	1	3	3	1	2	1.97704e-006	4.11431e-006	0.	0.	0.	0.	0.	1.	0.	0.	0.	
6.49919	58.8209	323	0	1	3	3	1	2	1.97704e-006	4.11431e-006	0.	0.	0.	0.	0.	1.	0.	0.	0.	
6.5152	62.4538	324	0	1	3	3	1	2	1.97704e-006	4.11431e-006	0.	0.	0.	0.	0.	1.	0.	0.	0.	
6.53217	58.9297	325	0	1	3	3	1	2	1.97704e-006	4.11431e-006	0.	0.	0.	0.	0.	1.	0.	0.	0.	
6.54919	58.752	326	0	1	3	3	1	2	1.97704e-006	4.11431e-006	0.	0.	0.	0.	0.	1.	0.	0.	0.	
6.56519	62.5021	327	0	1	3	3	1	2	1.97704e-006	4.11431e-006	0.	0.	0.	0.	0.	1.	0.	0.	0.	
6.58117	62.5694	328	0	1	3	3	1	2	1.97704e-006	4.11431e-006	0.	0.	0.	0.	0.	1.	0.	0.	0.	
6.59816	58.8815	329	0	1	3	3	1	2	1.97704e-006	4.11431e-006	0.	0.	0.	0.	0.	1.	0.	0.	0.	
6.61418	62.4256	330	0	1	3	3	1	2	1.97704e-006	4.11431e-006	0.	0.	0.	0.	0.	1.	0.	0.	0.	
6.63118	58.8219	331	0	1	3	3	1	2	1.97704e-006	4.11431e-006	0.	0.	0.	0.	0.	1.	0.	0.	0.	
6.64718	62.4962	332	0	1	3	3	1	2	1.97704e-006	4.11431e-006	0.	0.	0.	0.	0.	1.	0.	0.	0.	
6.6642	58.7573	333	0	1	3	3	1	2	1.97704e-006	4.11431e-006	0.	0.	0.	0.	0.	1.	0.	0.	0.	
6.6812	58.8198	334	0	1	3	3	1	2	1.97704e-006	4.11431e-006	0.	0.	0.	0.	0.	1.	0.	0.	0.	
6.69818	58.8972	335	0	1	3	3	1	2	1.97704e-006	4.11431e-006	0.	0.	0.	0.	0.	1.	0.	0.	0.	
6.7152	58.7395	336	0	1	3	3	1	2	1.97704e-006	4.11431e-006	0.	0.	0.	0.	0.	1.	0.	0.	0.	
6.73122	62.442	337	0	1	3	3	1	2	1.97704e-006	4.11431e-006	0.	0.	0.	0.	0.	1.	0.	0.	0.	
6.7482	58.8732	338	0	1	3	3	1	2	1.97704e-006	4.11431e-006	0.	0.	0.	0.	0.	1.	0.	0.	0.	
6.7652	58.8167	339	0	1	3	3	1	2	1.97704e-006	4.11431e-006	0.	0.	0.	0.	0.	1.	0.	0.	0.	
6.78221	58.8209	340	0	1	3	3	1	2	1.97704e-006	4.11431e-006	0.	0.	0.	0.	0.	1.	0.	0.	0.	
6.79922	58.7802	341	0	1	3	3	1	2	1.97704e-006	4.11431e-006	0.	0.	0.	0.	0.	1.	0.	0.	0.	
6.81621	58.8533	342	0	1	3	3	1	2	1.97704e-006	4.11431e-006	0.	0.	0.	0.	0.	1.	0.	0.	0.	
6.83322	58.7812	343	0	1	3	3	1	2	1.97704e-006	4.11431e-006	0.	0.	0.	0.	0.	1.	0.	0.	0.	
6.84921	62.5505	344	0	1	3	3	1	2	1.97704e-006	4.11431e-006	0.	0.	0.	0.	0.	1.	0.	0.	0.	
6.86621	58.8146	345	0	1	3	3	1	2	1.97704e-006	4.11431e-006	0.	0.	0.	0.	0.	1.	0.	0.	0.	
6.88323	58.7718	346	0	1	3	3	1	2	1.97704e-006	4.11431e-006	0.	0.	0.	0.	0.	1.	0.	0.	0.	
6.90019	58.9433	347	0	1	3	3	1	2	1.97704e-006	4.11431e-006	0.	0.	0.	0.	0.	1.	0.	0.	0.	
6.91719	58.8261	348	0	1	3	3	1	2	1.97704e-006	4.11431e-006	0.	0.	0.	0.	0.	1.	0.	0.	0.	
6.93322	62.368	349	0	1	3	3	1	2	1.97704e-006	4.11431e-006	0.	0.	0.	0.	0.	1.	0.	0.	0.	
6.95019	58.9392	350	0	1	3	3	1	2	1.97704e-006	4.11431e-006	0.	0.	0.	0.	0.	1.	0.	0.	0.	
6.96718	58.8564	351	0	1	3	3	1	2	1.97704e-006	4.11431e-006	0.	0.	0.	0.	0.	1.	0.	0.	0.	
6.98418	58.8303	352	0	1	3	3	1	2	1.97704e-006	4.11431e-006	0.	0.	0.	0.	0.	1.	0.	0.	0.	
7.00119	58.8042	353	0	1	3	3	1	2	1.97704e-006	4.11431e-006	0.	0.	0.	0.	0.	1.	0.	0.	0.	
7.01823	58.6719	354	0	1	3	3	1	2	1.97704e-006	4.11431e-006	0.	0.	0.	0.	0.	1.	0.	0.	0.	
7.0342	62.625	355	0	1	3	3	1	2	1.97704e-006	4.11431e-006	0.	0.	0.	0.	0.	1.	0.	0.	0.	
7.0512	58.8261	356	0	1	3	3	1	2	1.97704e-006	4.11431e-006	0.	0.	0.	0.	0.	1.	0.	0.	0.	
7.0672	62.4962	357	0	1	3	3	1	2	1.97704e-006	4.11431e-006	0.	0.	0.	0.	0.	1.	0.	0.	0.	
7.08421	58.7896	358	0	1	3	3	1	2	1.97704e-006	4.11431e-006	0.	0.	0.	0.	0.	1.	0.	0.	0.	
7.10118	58.9088	359	0	1	3	3	1	2	1.97704e-006	4.11431e-006	0.	0.	0.	0.	0.	1.	0.	0.	0.	
7.1182	58.7583	360	0	1	3	3	1	2	1.97704e-006	4.11431e-006	0.	0.	0.	0.	0.	1.	0.	0.	0.	
7.13421	62.4821	361	0	1	3	3	1	2	1.97704e-006	4.11431e-006	0.	0.	0.	0.	0.	1.	0.	0.	0.	
7.15019	62.5659	362	0	1	3	3	1	2	1.97704e-006	4.11431e-006	0.	0.	0.	0.	0.	1.	0.	0.	0.	
7.1662	62.4479	363	0	1	3	3	1	2	1.97704e-006	4.11431e-006	0.	0.	0.	0.	0.	1.	0.	0.	0.	
7.18321	58.8052	364	0	1	3	3	1	2	1.97704e-006	4.11431e-006	0.	0.	0.	0.	0.	1.	0.	0.	0.	
7.2002	58.847	365	0	1	3	3	1	2	1.97704e-006	4.11431e-006	0.	0.	0.	0.	0.	1.	0.	0.	0.	
7.21623	62.3938	366	0	1	3	3	1	2	1.97704e-006	4.11431e-006	0.	0.	0.	0.	0.	1.	0.	0.	0.	
7.23219	62.6522	367	0	1	3	3	1	2	1.97704e-006	4.11431e-006	0.	0.	0.	0.	0.	1.	0.	0.	0.	
7.24923	58.6906	368	0	1	3	3	1	2	1.97704e-006	4.11431e-006	0.	0.	0.	0.	0.	1.	0.	0.	0.	
7.26623	58.8303	369	0	1	3	3	1	2	1.97704e-006	4.11431e-006	0.	0.	0.	0.	0.	1.	0.	0.	0.	
7.28325	58.7468	370	0	1	3	3	1	2	1.97704e-006	4.11431e-006	0.	0.	0.	0.	0.	1.	0.	0.	0.	
7.3002	59.0011	371	0	1	3	3	1	2	1.97704e-006	4.11431e-006	0.	0.	0.	0.	0.	1.	0.	0.	0.	
7.3172	58.8167	372	0	1	3	3	1	2	1.97704e-006	4.11431e-006	0.	0.	0.	0.	0.	1.	0.	0.	0.	
7.33323	62.3715	373	0	1	3	3	1	2	1.97704e-006	4.11431e-006	0.	0.	0.	0.	0.	1.	0.	0.	0.	
7.3502	58.9371	374	0	1	3	3	1	2	1.97704e-006	4.11431e-006	0.	0.	0.	0.	0.	1.	0.	0.	0.	
7.3672	58.8209	375	0	1	3	3	1	2	1.97704e-006	4.11431e-006	0.	0.	0.	0.	0.	1.	0.	0.	0.	
7.38321	62.4738	376	0	1	3	3	1	2	1.97704e-006	4.11431e-006	0.	0.	0.	0.	0.	1.	0.	0.	0.	
7.4002	58.8428	377	0	1	3	3	1	2	1.97704e-006	4.11431e-006	0.	0.	0.	0.	0.	1.	0.	0.	0.	
7.4172	58.8209	378	0	1	3	3	1	2	1.97704e-006	4.11431e-006	0.	0.	0.	0.	0.	1.	0.	0.	0.	
7.43421	58.7812	379	0	1	3	3	1	2	1.97704e-006	4.11431e-006	0.	0.	0.	0.	0.	1.	0.	0.	0.	
7.4512	58.8753	380	0	1	3	3	1	2	1.97704e-006	4.11431e-006	0.	0.	0.	0.	0.	1.	0.	0.	0.	
7.4672	62.4797	381	0	1	3	3	1	2	1.97704e-006	4.11431e-006	0.	0.	0.	0.	0.	1.	0.	0.	0.	
7.48324	62.3738	382	0	1	3	3	1	2	1.97704e-006	4.11431e-006	0.	0.	0.	0.	0.	1.	0.	0.	0.	
7.50021	58.9287	383	0	1	3	3	1	2	1.97704e-006	4.11431e-006	0.	0.	0.	0.	0.	1.	0.	0.	0.	
7.51622	62.4432	384	0	1	3	3	1	2	1.97704e-006	4.11431e-006	0.	0.	0.	0.	0.	1.	0.	0.	0.	
7.53324	58.7645	385	0	1	3	3	1	2	1.97704e-006	4.11431e-006	0.	0.	0.	0.	0.	1.	0.	0.	0.	
7.55021	58.9245	386	0	1	3	3	1	2	1.97704e-006	4.11431e-006	0.	0.	0.	0.	0.	1.	0.	0.	0.	
7.56624	62.3715	387	0	1	3	3	1	2	1.97704e-006	4.11431e-006	0.	0.	0.	0.	0.	1.	0.	0.	0.	
7.58322	58.891	388	0	1	3	3	1	2	1.97704e-006	4.11431e-006	0.	0.	0.	0.	0.	1.	0.	0.	0.	
7.60021	58.8784	389	0	1	3	3	1	2	1.97704e-006	4.11431e-006	0.	0.	0.	0.	0.	1.	0.	0.	0.	
7.61721	58.8031	390	0	1	3	3	1	2	1.97704e-006	4.11431e-006	0.	0.	0.	0.	0.	1.	0.	0.	0.	
7.63325	62.3715	391	0	1	3	3	1	2	1.97704e-006	4.11431e-006	0.	0.	0.	0.	0.	1.	0.	0.	0.	
7.65021	58.9329	392	0	1	3	3	1	2	1.97704e-006	4.11431e-006	0.	0.	0.	0.	0.	1.	0.	0.	0.	
7.66623	62.4538	393	0	1	3	3	1	2	1.97704e-006	4.11431e-006	0.	0.	0.	0.	0.	1.	0.	0.	0.	
7.68325	58.7552	394	0	1	3	3	1	2	1.97704e-006	4.11431e-006	0.	0.	0.	0.	0.	1.	0.	0.	0.	
7.70022	58.9234	395	0	1	3	3	1	2	1.97704e-006	4.11431e-006	0.	0.	0.	0.	0.	1.	0.	0.	0.	
7.71722	58.8209	396	0	1	3	3	1	2	1.97704e-006	4.11431e-006	0.	0.	0.	0.	0.	1.	0.	0.	0.	
7.73424	58.7573	397	0	1	3	3	1	2	1.97704e-006	4.11431e-006	0.	0.	0.	0.	0.	1.	0.	0.	0.	
7.75121	58.9025	398	0	1	3	3	1	2	1.97704e-006	4.11431e-006	0.	0.	0.	0.	0.	1.	0.	0.	0.	
7.76722	62.4809	399	0	1	3	3	1	2	1.97704e-006	4.11431e-006	0.	0.	0.	0.	0.	1.	0.	0.	0.	
7.78325	62.3738	400	0	1	3	3	1	2	1.97704e-006	4.11431e-006	0.	0.	0.	0.	0.	1.	0.	0.	0.	
7.80022	58.9287	401	0	1	3	3	1	2	1.97704e-006	4.11431e-006	0.	0.	0.	0.	0.	1.	0.	0.	0.	
7.81724	58.7583	402	0	1	3	3	1	2	1.97704e-006	4.11431e-006	0.	0.	0.	0.	0.	1.	0.	0.	0.	
7.83427	58.7031	403	0	1	3	3	1	2	1.97704e-006	4.11431e-006	0.	0.	0.	0.	0.	1.	0.	0.	0.	
7.85022	62.7044	404	0	1	3	3	1	2	1.97704e-006	4.11431e-006	0.	0.	0.	0.	0.	1.	0.	0.	0.	
7.86626	62.3703	405	0	1	3	3	1	2	1.97704e-006	4.11431e-006	0.	0.	0.	0.	0.	1.	0.	0.	0.	
7.88324	58.8889	406	0	1	3	3	1	2	1.97704e-006	4.11431e-006	0.	0.	0.	0.	0.	1.	0.	0.	0.	
7.90024	58.8	407	0	1	3	3	1	2	1.97704e-006	4.11431e-006	0.	0.	0.	0.	0.	1.	0.	0.	0.	
7.91626	62.4491	408	0	1	3	3	1	2	1.97704e-006	4.11431e-006	0.	0.	0.	0.	0.	1.	0.	0.	0.	
7.93324	58.8868	409	0	1	3	3	1	2	1.97704e-006	4.11431e-006	0.	0.	0.	0.	0.	1.	0.	0.	0.	
7.95023	58.8617	410	0	1	3	3	1	2	1.97704e-006	4.11431e-006	0.	0.	0.	0.	0.	1.	0.	0.	0.	
7.96723	58.8209	411	0	1	3	3	1	2	1.97704e-006	4.11431e-006	0.	0.	0.	0.	0.	1.	0.	0.	0.	
7.98324	62.4479	412	0	1	3	3	1	2	1.97704e-006	4.11431e-006	0.	0.	0.	0.	0.	1.	0.	0.	0.	
8.00023	58.8658	413	0	1	3	3	1	2	1.97704e-006	4.11431e-006	0.	0.	0.	0.	0.	1.	0.	0.	0.	
8.01723	58.8157	414	0	1	3	3	1	2	1.97704e-006	4.11431e-006	0.	0.	0.	0.	0.	1.	0.	0.	0.	
8.03423	58.8282	415	0	1	3	3	1	2	1.97704e-006	4.11431e-006	0.	0.	0.	0.	0.	1.	0.	0.	0.	
8.05023	62.495	416	0	1	3	3	1	2	1.97704e-006	4.11431e-006	0.	0.	0.	0.	0.	1.	0.	0.	0.	
8.06723	58.8178	417	0	1	3	3	1	2	1.97704e-006	4.11431e-006	0.	0.	0.	0.	0.	1.	0.	0.	0.	
8.08424	58.7917	418	0	1	3	3	1	2	1.97704e-006	4.11431e-006	0.	0.	0.	0.	0.	1.	0.	0.	0.	
8.10023	62.5293	419	0	1	3	3	1	2	1.97704e-006	4.11431e-006	0.	0.	0.	0.	0.	1.	0.	0.	0.	
8.11723	58.823	420	0	1	3	3	1	2	1.97704e-006	4.11431e-006	0.	0.	0.	0.	0.	1.	0.	0.	0.	
8.13423	58.8334	421	0	1	3	3	1	2	1.97704e-006	4.11431e-006	0.	0.	0.	0.	0.	1.	0.	0.	0.	
8.15125	58.7583	422	0	1	3	3	1	2	1.97704e-006	4.11431e-006	0.	0.	0.	0.	0.	1.	0.	0.	0.	
8.16724	62.5505	423	0	1	3	3	1	2	1.97704e-006	4.11431e-006	0.	0.	0.	0.	0.	1.	0.	0.	0.	
8.18423	58.8345	424	0	1	3	3	1	2	1.97704e-006	4.11431e-006	0.	0.	0.	0.	0.	1.	0.	0.	0.	
8.20024	62.4797	425	0	1	3	3	1	2	1.97704e-006	4.11431e-006	0.	0.	0.	0.	0.	1.	0.	0.	0.	
8.21724	58.8209	426	0	1	3	3	1	2	1.97704e-006	4.11431e-006	0.	0.	0.	0.	0.	1.	0.	0.	0.	
8.23425	58.7833	427	0	1	3	3	1	2	1.97704e-006	4.11431e-006	0.	0.	0.	0.	0.	1.	0.	0.	0.	
8.25125	58.8146	428	0	1	3	3	1	2	1.97704e-006	4.11431e-006	0.	0.	0.	0.	0.	1.	0.	0.	0.	
8.26726	62.4774	429	0	1	3	3	1	2	1.97704e-006	4.11431e-006	0.	0.	0.	0.	0.	1.	0.	0.	0.	
8.28424	58.9004	430	0	1	3	3	1	2	1.97704e-006	4.11431e-006	0.	0.	0.	0.	0.	1.	0.	0.	0.	
8.30126	58.7593	431	0	1	3	3	1	2	1.97704e-006	4.11431e-006	0.	0.	0.	0.	0.	1.	0.	0.	0.	
8.31828	58.752	432	0	1	3	3	1	2	1.97704e-006	4.11431e-006	0.	0.	0.	0.	0.	1.	0.	0.	0.	
8.33524	58.9538	433	0	1	3	3	1	2	1.97704e-006	4.11431e-006	0.	0.	0.	0.	0.	1.	0.	0.	0.	
8.35128	62.348	434	0	1	3	3	1	2	1.97704e-006	4.11431e-006	0.	0.	0.	0.	0.	1.	0.	0.	0.	
8.36727	62.5541	435	0	1	3	3	1	2	1.97704e-006	4.11431e-006	0.	0.	0.	0.	0.	1.	0.	0.	0.	
8.38326	62.5198	436	0	1	3	3	1	2	1.97704e-006	4.11431e-006	0.	0.	0.	0.	0.	1.	0.	0.	0.	
8.40025	58.8585	437	0	1	3	3	1	2	1.97704e-006	4.11431e-006	0.	0.	0.	0.	0.	1.	0.	0.	0.	
8.41725	58.8261	438	0	1	3	3	1	2	1.97704e-006	4.11431e-006	0.	0.	0.	0.	0.	1.	0.	0.	0.	
8.43426	58.7958	439	0	1	3	3	1	2	1.97704e-006	4.11431e-006	0.	0.	0.	0.	0.	1.	0.	0.	0.	
8.45128	58.7312	440	0	1	3	3	1	2	1.97704e-006	4.11431e-006	0.	0.	0.	0.	0.	1.	0.	0.	0.	
8.46826	58.892	441	0	1	3	3	1	2	1.97704e-006	4.11431e-006	0.	0.	0.	0.	0.	1.	0.	0.	0.	
8.48425	62.5647	442	0	1	3	3	1	2	1.97704e-006	4.11431e-006	0.	0.	0.	0.	0.	1.	0.	0.	0.	
8.50025	62.4774	443	0	1	3	3	1	2	1.97704e-006	4.11431e-006	0.	0.	0.	0.	0.	1.	0.	0.	0.	
8.51725	58.8303	444	0	1	3	3	1	2	1.97704e-006	4.11431e-006	0.	0.	0.	0.	0.	1.	0.	0.	0.	
8.53427	58.7635	445	0	1	3	3	1	2	1.97704e-006	4.11431e-006	0.	0.	0.	0.	0.	1.	0.	0.	0.	
8.55027	62.4833	446	0	1	3	3	1	2	1.97704e-006	4.11431e-006	0.	0.	0.	0.	0.	1.	0.	0.	0.	
8.56726	58.8815	447	0	1	3	3	1	2	1.97704e-006	4.11431e-006	0.	0.	0.	0.	0.	1.	0.	0.	0.	
8.58329	62.3715	448	0	1	3	3	1	2	1.97704e-006	4.11431e-006	0.	0.	0.	0.	0.	1.	0.	0.	0.	
8.60028	58.8711	449	0	1	3	3	1	2	1.97704e-006	4.11431e-006	0.	0.	0.	0.	0.	1.	0.	0.	0.	
8.61627	62.5116	450	0	1	3	3	1	2	1.97704e-006	4.11431e-006	0.	0.	0.	0.	0.	1.	0.	0.	0.	
8.63227	62.4998	451	0	1	3	3	1	2	1.97704e-006	4.11431e-006	0.	0.	0.	0.	0.	1.	0.	0.	0.	
8.64929	58.7562	452	0	1	3	3	1	2	1.97704e-006	4.11431e-006	0.	0.	0.	0.	0.	1.	0.	0.	0.	
8.66631	58.7708	453	0	1	3	3	1	2	1.97704e-006	4.11431e-006	0.	0.	0.	0.	0.	1.	0.	0.	0.	
8.6823	62.5481	454	0	1	3	3	1	2	1.97704e-006	4.11431e-006	0.	0.	0.	0.	0.	1.	0.	0.	0.	
8.69931	58.7812	455	0	1	3	3	1	2	1.97704e-006	4.11431e-006	0.	0.	0.	0.	0.	1.	0.	0.	0.	
8.71631	58.8188	456	0	1	3	3	1	2	1.97704e-006	4.11431e-006	0.	0.	0.	0.	0.	1.	0.	0.	0.	
8.7333	58.8502	457	0	1	3	3	1	2	1.97704e-006	4.11431e-006	0.	0.	0.	0.	0.	1.	0.	0.	0.	
8.75028	58.9077	458	0	1	3	3	1	2	1.97704e-006	4.11431e-006	0.	0.	0.	0.	0.	1.	0.	0.	0.	
8.76727	58.846	459	0	1	3	3	1	2	1.97704e-006	4.11431e-006	0.	0.	0.	0.	0.	1.	0.	0.	0.	
8.7833	62.3891	460	0	1	3	3	1	2	1.97704e-006	4.11431e-006	0.	0.	0.	0.	0.	1.	0.	0.	0.	
8.80028	58.893	461	0	1	3	3	1	2	1.97704e-006	4.11431e-006	0.	0.	0.	0.	0.	1.	0.	0.	0.	
8.81631	62.3762	462	0	1	3	3	1	2	1.97704e-006	4.11431e-006	0.	0.	0.	0.	0.	1.	0.	0.	0.	
8.83328	58.9287	463	0	1	3	3	1	2	1.97704e-006	4.11431e-006	0.	0.	0.	0.	0.	1.	0.	0.	0.	
8.85028	58.8178	464	0	1	3	3	1	2	1.97704e-006	4.11431e-006	0.	0.	0.	0.	0.	1.	0.	0.	0.	
8.86728	58.8178	465	0	1	3	3	1	2	1.97704e-006	4.11431e-006	0.	0.	0.	0.	0.	1.	0.	0.	0.	
8.88332	62.3691	466	0	1	3	3	1	2	1.97704e-006	4.11431e-006	0.	0.	0.	0.	0.	1.	0.	0.	0.	
8.90033	58.7771	467	0	1	3	3	1	2	1.97704e-006	4.11431e-006	0.	0.	0.	0.	0.	1.	0.	0.	0.	
8.91632	62.5446	468	0	1	3	3	1	2	1.97704e-006	4.11431e-006	0.	0.	0.	0.	0.	1.	0.	0.	0.	
8.93333	58.7885	469	0	1	3	3	1	2	1.97704e-006	4.11431e-006	0.	0.	0.	0.	0.	1.	0.	0.	0.	
8.9503	58.9129	470	0	1	3	3	1	2	1.97704e-006	4.11431e-006	0.	0.	0.	0.	0.	1.	0.	0.	0.	
8.96729	58.8763	471	0	1	3	3	1	2	1.97704e-006	4.11431e-006	0.	0.	0.	0.	0.	1.	0.	0.	0.	
8.98334	62.3164	472	0	1	3	3	1	2	1.97704e-006	4.11431e-006	0.	0.	0.	0.	0.	1.	0.	0.	0.	
9.00029	58.9843	473	0	1	3	3	1	2	1.97704e-006	4.11431e-006	0.	0.	0.	0.	0.	1.	0.	0.	0.	
9.01631	62.4256	474	0	1	3	3	1	2	1.97704e-006	4.11431e-006	0.	0.	0.	0.	0.	1.	0.	0.	0.	
9.0323	62.5269	475	0	1	3	3	1	2	1.97704e-006	4.11431e-006	0.	0.	0.	0.	0.	1.	0.	0.	0.	
9.04931	58.7906	476	0	1	3	3	1	2	1.97704e-006	4.11431e-006	0.	0.	0.	0.	0.	1.	0.	0.	0.	
9.06532	62.455	477	0	1	3	3	1	2	1.97704e-006	4.11431e-006	0.	0.	0.	0.	0.	1.	0.	0.	0.	
9.08131	62.5316	478	0	1	3	3	1	2	1.97704e-006	4.11431e-006	0.	0.	0.	0.	0.	1.	0.	0.	0.	
9.09833	58.7739	479	0	1	3	3	1	2	1.97704e-006	4.11431e-006	0.	0.	0.	0.	0.	1.	0.	0.	0.	
9.1143	62.6191	480	0	1	3	3	1	2	1.97704e-006	4.11431e-006	0.	0.	0.	0.	0.	1.	0.	0.	0.	
9.13132	58.7562	481	0	1	3	3	1	2	1.97704e-006	4.11431e-006	0.	0.	0.	0.	0.	1.	0.	0.	0.	
9.14731	62.5234	482	0	1	3	3	1	2	1.97704e-006	4.11431e-006	0.	0.	0.	0.	0.	1.	0.	0.	0.	
9.16433	58.7593	483	0	1	3	3	1	2	1.97704e-006	4.11431e-006	0.	0.	0.	0.	0.	1.	0.	0.	0.	
9.18132	58.8679	484	0	1	3	3	1	2	1.97704e-006	4.11431e-006	0.	0.	0.	0.	0.	1.	0.	0.	0.	
9.19832	58.8157	485	0	1	3	3	1	2	1.97704e-006	4.11431e-006	0.	0.	0.	0.	0.	1.	0.	0.	0.	
9.21535	58.7031	486	0	1	3	3	1	2	1.97704e-006	4.11431e-006	0.	0.	0.	0.	0.	1.	0.	0.	0.	
9.23232	58.9371	487	0	1	3	3	1	2	1.97704e-006	4.11431e-006	0.	0.	0.	0.	0.	1.	0.	0.	0.	
9.24933	58.7833	488	0	1	3	3	1	2	1.97704e-006	4.11431e-006	0.	0.	0.	0.	0.	1.	0.	0.	0.	
9.26635	58.752	489	0	1	3	3	1	2	1.97704e-006	4.11431e-006	0.	0.	0.	0.	0.	1.	0.	0.	0.	
9.28332	58.9392	490	0	1	3	3	1	2	1.97704e-006	4.11431e-006	0.	0.	0.	0.	0.	1.	0.	0.	0.	
9.29932	62.495	491	0	1	3	3	1	2	1.97704e-006	4.11431e-006	0.	0.	0.	0.	0.	1.	0.	0.	0.	
9.31634	58.751	492	0	1	3	3	1	2	1.97704e-006	4.11431e-006	0.	0.	0.	0.	0.	1.	0.	0.	0.	
9.33233	62.5659	493	0	1	3	3	1	2	1.97704e-006	4.11431e-006	0.	0.	0.	0.	0.	1.	0.	0.	0.	
9.34933	58.8251	494	0	1	3	3	1	2	1.97704e-006	4.11431e-006	0.	0.	0.	0.	0.	1.	0.	0.	0.	
9.36632	58.8272	495	0	1	3	3	1	2	1.97704e-006	4.11431e-006	0.	0.	0.	0.	0.	1.	0.	0.	0.	
9.38334	58.7718	496	0	1	3	3	1	2	1.97704e-006	4.11431e-006	0.	0.	0.	0.	0.	1.	0.	0.	0.	
9.40031	58.935	497	0	1	3	3	1	2	1.97704e-006	4.11431e-006	0.	0.	0.	0.	0.	1.	0.	0.	0.	
9.41732	58.7677	498	0	1	3	3	1	2	1.97704e-006	4.11431e-006	0.	0.	0.	0.	0.	1.	0.	0.	0.	
9.43432	58.8366	499	0	1	3	3	1	2	1.97704e-006	4.11431e-006	0.	0.	0.	0.	0.	1.	0.	0.	0.	
9.45133	58.7844	500	0	1	3	3	1	2	1.97704e-006	4.11431e-006	0.	0.	0.	0.	0.	1.	0.	0.	0.	
9.46834	58.7771	501	0	1	3	3	1	2	1.97704e-006	4.11431e-006	0.	0.	0.	0.	0.	1.	0.	0.	0.	
9.48438	62.3797	502	0	1	3	3	1	2	1.97704e-006	4.11431e-006	0.	0.	0.	0.	0.	1.	0.	0.	0.	
9.50135	58.9203	503	0	1	3	3	1	2	1.97704e-006	4.11431e-006	0.	0.	0.	0.	0.	1.	0.	0.	0.	
9.51837	58.7593	504	0	1	3	3	1	2	1.97704e-006	4.11431e-006	0.	0.	0.	0.	0.	1.	0.	0.	0.	
9.53533	58.935	505	0	1	3	3	1	2	1.97704e-006	4.11431e-006	0.	0.	0.	0.	0.	1.	0.	0.	0.	
9.55235	58.7718	506	0	1	3	3	1	2	1.97704e-006	4.11431e-006	0.	0.	0.	0.	0.	1.	0.	0.	0.	
9.56943	58.5454	507	0	1	3	3	1	2	1.97704e-006	4.11431e-006	0.	0.	0.	0.	0.	1.	0.	0.	0.	
9.58635	59.1053	508	0	1	3	3	1	2	1.97704e-006	4.11431e-006	0.	0.	0.	0.	0.	1.	0.	0.	0.	
9.60234	62.5387	509	0	1	3	3	1	2	1.97704e-006	4.11431e-006	0.	0.	0.	0.	0.	1.	0.	0.	0.	
9.61935	58.7729	510	0	1	3	3	1	2	1.97704e-006	4.11431e-006	0.	0.	0.	0.	0.	1.	0.	0.	0.	
9.63636	58.8146	511	0	1	3	3	1	2	1.97704e-006	4.11431e-006	0.	0.	0.	0.	0.	1.	0.	0.	0.	
9.65235	62.5375	512	0	1	3	3	1	2	1.97704e-006	4.11431e-006	0.	0.	0.	0.	0.	1.	0.	0.	0.	
9.66938	58.7218	513	0	1	3	3	1	2	1.97704e-006	4.11431e-006	0.	0.	0.	0.	0.	1.	0.	0.	0.	
9.68635	58.9266	514	0	1	3	3	1	2	1.97704e-006	4.11431e-006	0.	0.	0.	0.	0.	1.	0.	0.	0.	
9.70337	58.7437	515	0	1	3	3	1	2	1.97704e-006	4.11431e-006	0.	0.	0.	0.	0.	1.	0.	0.	0.	
9.72037	58.8282	516	0	1	3	3	1	2	1.97704e-006	4.11431e-006	0.	0.	0.	0.	0.	1.	0.	0.	0.	
9.73735	58.8993	517	0	1	3	3	1	2	1.97704e-006	4.11431e-006	0.	0.	0.	0.	0.	1.	0.	0.	0.	
9.75435	58.823	518	0	1	3	3	1	2	1.97704e-006	4.11431e-006	0.	0.	0.	0.	0.	1.	0.	0.	0.	
9.77135	58.8261	519	0	1	3	3	1	2	1.97704e-006	4.11431e-006	0.	0.	0.	0.	0.	1.	0.	0.	0.	
9.78835	58.8063	520	0	1	3	3	1	2	1.97704e-006	4.11431e-006	0.	0.	0.	0.	0.	1.	0.	0.	0.	
9.80536	58.7823	521	0	1	3	3	1	2	1.97704e-006	4.11431e-006	0.	0.	0.	0.	0.	1.	0.	0.	0.	
9.82235	58.8753	522	0	1	3	3	1	2	1.97704e-006	4.11431e-006	0.	0.	0.	0.	0.	1.	0.	0.	0.	
9.83837	62.4232	523	0	1	3	3	1	2	1.97704e-006	4.11431e-006	0.	0.	0.	0.	0.	1.	0.	0.	0.	
9.85536	58.8355	524	0	1	3	3	1	2	1.97704e-006	4.11431e-006	0.	0.	0.	0.	0.	1.	0.	0.	0.	
9.87237	58.8146	525	0	1	3	3	1	2	1.97704e-006	4.11431e-006	0.	0.	0.	0.	0.	1.	0.	0.	0.	
9.88834	62.5919	526	0	1	3	3	1	2	1.97704e-006	4.11431e-006	0.	0.	0.	0.	0.	1.	0.	0.	0.	
9.90537	58.7302	527	0	1	3	3	1	2	1.97704e-006	4.11431e-006	0.	0.	0.	0.	0.	1.	0.	0.	0.	
9.92135	62.5694	528	0	1	3	3	1	2	1.97704e-006	4.11431e-006	0.	0.	0.	0.	0.	1.	0.	0.	0.	
9.93737	62.4385	529	0	1	3	3	1	2	1.97704e-006	4.11431e-006	0.	0.	0.	0.	0.	1.	0.	0.	0.	
9.95436	58.8522	530	0	1	3	3	1	2	1.97704e-006	4.11431e-006	0.	0.	0.	0.	0.	1.	0.	0.	0.	
9.97133	58.915	531	0	1	3	3	1	2	1.97704e-006	4.11431e-006	0.	0.	0.	0.	0.	1.	0.	0.	0.	
9.98736	62.4067	532	0	1	3	3	1	2	1.97704e-006	4.11431e-006	0.	0.	0.	0.	0.	1.	0.	0.	0.	
10.0043	58.8899	533	0	1	3	3	1	2	1.97704e-006	4.11431e-006	0.	0.	0.	0.	0.	1.	0.	0.	0.	
10.0214	58.7573	534	0	1	3	3	1	2	1.97704e-006	4.11431e-006	0.	0.	0.	0.	0.	1.	0.	0.	0.	
10.0384	58.8146	535	0	1	3	3	1	2	1.97704e-006	4.11431e-006	0.	0.	0.	0.	0.	1.	0.	0.	0.	
10.0554	58.7844	536	0	1	3	3	1	2	1.97704e-006	4.11431e-006	0.	0.	0.	0.	0.	1.	0.	0.	0.	
10.0714	62.4644	537	0	1	3	3	1	2	1.97704e-006	4.11431e-006	0.	0.	0.	0.	0.	1.	0.	0.	0.	
10.0884	58.8815	538	0	1	3	3	1	2	1.97704e-006	4.11431e-006	0.	0.	0.	0.	0.	1.	0.	0.	0.	
10.1054	58.8292	539	0	1	3	3	1	2	1.97704e-006	4.11431e-006	0.	0.	0.	0.	0.	1.	0.	0.	0.	
10.1224	58.8209	540	0	1	3	3	1	2	1.97704e-006	4.11431e-006	0.	0.	0.	0.	0.	1.	0.	0.	0.	
10.1394	58.847	541	0	1	3	3	1	2	1.97704e-006	4.11431e-006	0.	0.	0.	0.	0.	1.	0.	0.	0.	
10.1564	58.7781	542	0	1	3	3	1	2	1.97704e-006	4.11431e-006	0.	0.	0.	0.	0.	1.	0.	0.	0.	
10.1734	58.7958	543	0	1	3	3	1	2	1.97704e-006	4.11431e-006	0.	0.	0.	0.	0.	1.	0.	0.	0.	
10.1904	58.8084	544	0	1	3	3	1	2	1.97704e-006	4.11431e-006	0.	0.	0.	0.	0.	1.	0.	0.	0.	
10.2064	62.508	545	0	1	3	3	1	2	1.97704e-006	4.11431e-006	0.	0.	0.	0.	0.	1.	0.	0.	0.	
10.2234	58.8157	546	0	1	3	3	1	2	1.97704e-006	4.11431e-006	0.	0.	0.	0.	0.	1.	0.	0.	0.	
10.2394	62.4915	547	0	1	3	3	1	2	1.97704e-006	4.11431e-006	0.	0.	0.	0.	0.	1.	0.	0.	0.	
10.2564	58.8282	548	0	1	3	3	1	2	1.97704e-006	4.11431e-006	0.	0.	0.	0.	0.	1.	0.	0.	0.	
10.2724	62.5363	549	0	1	3	3	1	2	1.97704e-006	4.11431e-006	0.	0.	0.	0.	0.	1.	0.	0.	0.	
10.2894	58.7708	550	0	1	3	3	1	2	1.97704e-006	4.11431e-006	0.	0.	0.	0.	0.	1.	0.	0.	0.	
10.3054	62.4974	551	0	1	3	3	1	2	1.97704e-006	4.11431e-006	0.	0.	0.	0.	0.	1.	0.	0.	0.	
10.3224	58.8857	552	0	1	3	3	1	2	1.97704e-006	4.11431e-006	0.	0.	0.	0.	0.	1.	0.	0.	0.	
10.3394	58.8167	553	0	1	3	3	1	2	1.97704e-006	4.11431e-006	0.	0.	0.	0.	0.	1.	0.	0.	0.	

