Time	FPS	Frame	Crash	RB	RU	LU	LB	OC	Dither	DAngle	swAngle	OX	OY	OZ	HX	HY	HZ	DX	DY	DZ	HA	RHA	AccumulativeHeading(Y)	Speed	RSpeed	Dynamic
2.71665e-005	36810.	1	0	1	3	3	1	2	2.8125	-0.18037	0.	-2.8125	0.	0.	0.	1.	0.	0.	1.	0.	0.	0.	0.	0.	0.	0	
0.381408	2.62205	2	0	1	3	3	1	2	2.80887	-0.18037	0.	-2.8125	0.	0.	0.	1.	0.	0.	1.	0.	0.	0.	0.	0.	0.	0	
0.434336	18.8936	3	0	1	3	3	1	2	2.80887	-0.18037	0.	-2.8125	0.	0.	0.	1.	0.	0.	1.	0.	0.	0.	0.	0.	0.	0	
0.50245	14.6815	4	0	1	3	3	1	2	2.80887	-0.18037	0.	-2.8125	0.	0.	0.	1.	0.	0.	1.	0.	0.	0.	0.	0.	0.	0	
0.520708	54.7704	5	0	1	3	3	1	2	2.80887	-0.18037	0.	-2.8125	0.	0.	0.	1.	0.	0.	1.	0.	0.	0.	0.	0.	0.	0	
0.538226	57.0826	6	0	1	3	3	1	2	2.80887	-0.18037	0.	-2.8125	0.	0.	0.	1.	0.	0.	1.	0.	0.	0.	0.	0.	0.	0	
0.555491	57.9219	7	0	1	3	3	1	2	2.80887	-0.18037	0.	-2.8125	0.	0.	0.	1.	0.	0.	1.	0.	0.	0.	0.	0.	0.	0	
0.573531	55.4312	8	0	1	3	3	1	2	2.80887	-0.18037	0.	-2.8125	0.	0.	0.	1.	0.	0.	1.	0.	0.	0.	0.	0.	0.	0	
0.589749	61.6594	9	0	1	3	3	1	2	2.80887	-0.18037	0.	-2.8125	0.	0.	0.	1.	0.	0.	1.	0.	0.	0.	0.	0.	0.	0	
0.606763	58.7748	10	0	1	3	3	1	2	2.80887	-0.18037	0.	-2.8125	0.	0.	0.	1.	0.	0.	1.	0.	0.	0.	0.	0.	0.	0	
0.623756	58.8489	11	0	1	3	3	1	2	2.80887	-0.18037	0.	-2.8125	0.	0.	0.	1.	0.	0.	1.	0.	0.	0.	0.	0.	0.	0	
0.640847	58.5091	12	0	1	3	3	1	2	2.80887	-0.18037	0.	-2.8125	0.	0.	0.	1.	0.	0.	1.	0.	0.	0.	0.	0.	0.	0	
0.675171	29.1344	13	0	1	3	3	1	2	2.80887	-0.18037	0.	-2.8125	0.	0.	0.	1.	0.	0.	1.	0.	0.	0.	0.	0.	0.	0	
0.695967	48.0869	14	0	1	3	3	1	2	2.80887	-0.18037	0.	-2.8125	0.	0.	0.	1.	0.	0.	1.	0.	0.	0.	0.	0.	0.	0	
0.712748	59.591	15	0	1	3	3	1	2	2.80887	-0.18037	0.	-2.8125	0.	0.	0.	1.	0.	0.	1.	0.	0.	0.	0.	0.	0.	0	
0.735809	43.3637	16	0	1	3	3	1	2	2.80887	-0.18037	0.	-2.8125	0.	0.	0.	1.	0.	0.	1.	0.	0.	0.	0.	0.	0.	0	
0.755463	50.8785	17	0	1	3	3	1	2	2.80887	-0.18037	0.	-2.8125	0.	0.	0.	1.	0.	0.	1.	0.	0.	0.	0.	0.	0.	0	
0.773149	56.5438	18	0	1	3	3	1	2	2.80887	-0.18037	0.	-2.8125	0.	0.	0.	1.	0.	0.	1.	0.	0.	0.	0.	0.	0.	0	
0.790789	56.6889	19	0	1	3	3	1	2	2.80887	-0.18037	0.	-2.8125	0.	0.	0.	1.	0.	0.	1.	0.	0.	0.	0.	0.	0.	0	
0.807768	58.896	20	0	1	3	3	1	2	2.80887	-0.18037	0.	-2.8125	0.	0.	0.	1.	0.	0.	1.	0.	0.	0.	0.	0.	0.	0	
0.824763	58.8395	21	0	1	3	3	1	2	2.80887	-0.18037	0.	-2.8125	0.	0.	0.	1.	0.	0.	1.	0.	0.	0.	0.	0.	0.	0	
0.841501	59.7436	22	0	1	3	3	1	2	2.80887	-0.18037	0.	-2.8125	0.	0.	0.	1.	0.	0.	1.	0.	0.	0.	0.	0.	0.	0	
0.85876	57.9432	23	0	1	3	3	1	2	2.80887	-0.18037	0.	-2.8125	0.	0.	0.	1.	0.	0.	1.	0.	0.	0.	0.	0.	0.	0	
0.882667	41.828	24	0	1	3	3	1	2	2.80887	-0.18037	0.	-2.8125	0.	0.	0.	1.	0.	0.	1.	0.	0.	0.	0.	0.	0.	0	
0.899886	58.0762	25	0	1	3	3	1	2	2.80887	-0.18037	0.	-2.8125	0.	0.	0.	1.	0.	0.	1.	0.	0.	0.	0.	0.	0.	0	
0.922268	44.6784	26	0	1	3	3	1	2	2.80887	-0.18037	0.	-2.8125	0.	0.	0.	1.	0.	0.	1.	0.	0.	0.	0.	0.	0.	0	
0.950516	35.401	27	0	1	3	3	1	2	2.80887	-0.18037	0.	-2.8125	0.	0.	0.	1.	0.	0.	1.	0.	0.	0.	0.	0.	0.	0	
0.978106	36.2454	28	0	1	3	3	1	2	2.80887	-0.18037	0.	-2.8125	0.	0.	0.	1.	0.	0.	1.	0.	0.	0.	0.	0.	0.	0	
0.995187	58.5432	29	0	1	3	3	1	2	2.80887	-0.18037	0.	-2.8125	0.	0.	0.	1.	0.	0.	1.	0.	0.	0.	0.	0.	0.	0	
1.01176	60.3531	30	0	1	3	3	1	2	2.80887	-0.18037	0.	-2.8125	0.	0.	0.	1.	0.	0.	1.	0.	0.	0.	0.	0.	0.	0	
1.03026	54.0529	31	0	1	3	3	1	2	2.80887	-0.18037	0.	-2.8125	0.	0.	0.	1.	0.	0.	1.	0.	0.	0.	0.	0.	0.	0	
1.0702	25.0342	32	0	1	3	3	1	2	2.80887	-0.18037	0.	-2.8125	0.	0.	0.	1.	0.	0.	1.	0.	0.	0.	0.	0.	0.	0	
1.0878	56.8172	33	0	1	3	3	1	2	2.80887	-0.18037	0.	-2.8125	0.	0.	0.	1.	0.	0.	1.	0.	0.	0.	0.	0.	0.	0	
1.12603	26.1573	34	0	1	3	3	1	2	2.80887	-0.18037	0.	-2.8125	0.	0.	0.	1.	0.	0.	1.	0.	0.	0.	0.	0.	0.	0	
1.14341	57.5546	35	0	1	3	3	1	2	2.80887	-0.18037	0.	-2.8125	0.	0.	0.	1.	0.	0.	1.	0.	0.	0.	0.	0.	0.	0	

