Time	FPS	Frame	Crash	RB	RU	LU	LB	OC	Dither	DAngle	swAngle	OX	OY	OZ	HX	HY	HZ	DX	DY	DZ	HA	RHA	AccumulativeHeading(Y)	Speed	RSpeed	Dynamic
1.53944e-005	64958.8	1	0	1	3	3	1	2	2.8125	-0.18037	0.	-2.8125	0.	0.	0.	1.	0.	0.	1.	0.	0.	0.	0.	0.	0.	0	
0.828313	1.2073	2	0	1	3	3	1	2	2.80887	-0.18037	0.	-2.8125	0.	0.	0.	1.	0.	0.	1.	0.	0.	0.	0.	0.	0.	0	
0.877665	20.2629	3	0	1	3	3	1	2	2.80887	-0.18037	0.	-2.8125	0.	0.	0.	1.	0.	0.	1.	0.	0.	0.	0.	0.	0.	0	
0.90479	36.8657	4	0	1	3	3	1	2	2.80887	-0.18037	0.	-2.8125	0.	0.	0.	1.	0.	0.	1.	0.	0.	0.	0.	0.	0.	0	
0.935045	33.052	5	0	1	3	3	1	2	2.80887	-0.18037	0.	-2.8125	0.	0.	0.	1.	0.	0.	1.	0.	0.	0.	0.	0.	0.	0	
0.967413	30.895	6	0	1	3	3	1	2	2.80887	-0.18037	0.	-2.8125	0.	0.	0.	1.	0.	0.	1.	0.	0.	0.	0.	0.	0.	0	
1.00614	25.8193	7	0	1	3	3	1	2	2.80887	-0.18037	0.	-2.8125	0.	0.	0.	1.	0.	0.	1.	0.	0.	0.	0.	0.	0.	0	
1.02389	56.3639	8	0	1	3	3	1	2	2.80887	-0.18037	0.	-2.8125	0.	0.	0.	1.	0.	0.	1.	0.	0.	0.	0.	0.	0.	0	
1.04664	43.9487	9	0	1	3	3	1	2	2.80887	-0.18037	0.	-2.8125	0.	0.	0.	1.	0.	0.	1.	0.	0.	0.	0.	0.	0.	0	
1.0714	40.3879	10	0	1	3	3	1	2	2.80887	-0.18037	0.	-2.8125	0.	0.	0.	1.	0.	0.	1.	0.	0.	0.	0.	0.	0.	0	
1.10409	30.5886	11	0	1	3	3	1	2	2.80887	-0.18037	0.	-2.8125	0.	0.	0.	1.	0.	0.	1.	0.	0.	0.	0.	0.	0.	0	
1.13611	31.2355	12	0	1	3	3	1	2	2.80887	-0.18037	0.	-2.8125	0.	0.	0.	1.	0.	0.	1.	0.	0.	0.	0.	0.	0.	0	
1.16599	33.465	13	0	1	3	3	1	2	2.80887	-0.18037	0.	-2.8125	0.	0.	0.	1.	0.	0.	1.	0.	0.	0.	0.	0.	0.	0	
1.1834	57.4448	14	0	1	3	3	1	2	2.80887	-0.18037	0.	-2.8125	0.	0.	0.	1.	0.	0.	1.	0.	0.	0.	0.	0.	0.	0	
1.20586	44.5061	15	0	1	3	3	1	2	2.80887	-0.18037	0.	-2.8125	0.	0.	0.	1.	0.	0.	1.	0.	0.	0.	0.	0.	0.	0	
1.22236	60.6081	16	0	1	3	3	1	2	2.80887	-0.18037	0.	-2.8125	0.	0.	0.	1.	0.	0.	1.	0.	0.	0.	0.	0.	0.	0	
1.24529	43.6258	17	0	1	3	3	1	2	2.80887	-0.18037	0.	-2.8125	0.	0.	0.	1.	0.	0.	1.	0.	0.	0.	0.	0.	0.	0	
1.26234	58.6385	18	0	1	3	3	1	2	2.80887	-0.18037	0.	-2.8125	0.	0.	0.	1.	0.	0.	1.	0.	0.	0.	0.	0.	0.	0	
1.28525	43.6522	19	0	1	3	3	1	2	2.80887	-0.18037	0.	-2.8125	0.	0.	0.	1.	0.	0.	1.	0.	0.	0.	0.	0.	0.	0	
1.30545	49.4972	20	0	1	3	3	1	2	2.80887	-0.18037	0.	-2.8125	0.	0.	0.	1.	0.	0.	1.	0.	0.	0.	0.	0.	0.	0	
1.34881	23.0615	21	0	1	3	3	1	2	2.80887	-0.18037	0.	-2.8125	0.	0.	0.	1.	0.	0.	1.	0.	0.	0.	0.	0.	0.	0	
1.36855	50.6567	22	0	1	3	3	1	2	2.80887	-0.18037	0.	-2.8125	0.	0.	0.	1.	0.	0.	1.	0.	0.	0.	0.	0.	0.	0	
1.40638	26.4366	23	0	1	3	3	1	2	2.80887	-0.18037	0.	-2.8125	0.	0.	0.	1.	0.	0.	1.	0.	0.	0.	0.	0.	0.	0	
1.42479	54.3339	24	0	1	3	3	1	2	2.80887	-0.18037	0.	-2.8125	0.	0.	0.	1.	0.	0.	1.	0.	0.	0.	0.	0.	0.	0	
1.45184	36.9587	25	0	1	3	3	1	2	2.80887	-0.18037	0.	-2.8125	0.	0.	0.	1.	0.	0.	1.	0.	0.	0.	0.	0.	0.	0	
1.48535	29.8422	26	0	1	3	3	1	2	2.80887	-0.18037	0.	-2.8125	0.	0.	0.	1.	0.	0.	1.	0.	0.	0.	0.	0.	0.	0	
1.50241	58.6219	27	0	1	3	3	1	2	2.80887	-0.18037	0.	-2.8125	0.	0.	0.	1.	0.	0.	1.	0.	0.	0.	0.	0.	0.	0	
1.52608	42.2531	28	0	1	3	3	1	2	2.80887	-0.18037	0.	-2.8125	0.	0.	0.	1.	0.	0.	1.	0.	0.	0.	0.	0.	0.	0	
1.54342	57.6688	29	0	1	3	3	1	2	2.80887	-0.18037	0.	-2.8125	0.	0.	0.	1.	0.	0.	1.	0.	0.	0.	0.	0.	0.	0	
1.56089	57.2196	30	0	1	3	3	1	2	2.80887	-0.18037	0.	-2.8125	0.	0.	0.	1.	0.	0.	1.	0.	0.	0.	0.	0.	0.	0	
1.59659	28.017	31	0	1	3	3	1	2	2.80887	-0.18037	0.	-2.8125	0.	0.	0.	1.	0.	0.	1.	0.	0.	0.	0.	0.	0.	0	
1.6196	43.4604	32	0	1	3	3	1	2	2.80887	-0.18037	0.	-2.8125	0.	0.	0.	1.	0.	0.	1.	0.	0.	0.	0.	0.	0.	0	
1.64854	34.5504	33	0	1	3	3	1	2	2.80887	-0.18037	0.	-2.8125	0.	0.	0.	1.	0.	0.	1.	0.	0.	0.	0.	0.	0.	0	
1.6805	31.2933	34	0	1	3	3	1	2	2.80887	-0.18037	0.	-2.8125	0.	0.	0.	1.	0.	0.	1.	0.	0.	0.	0.	0.	0.	0	
1.69737	59.2489	35	0	1	3	3	1	2	2.80887	-0.18037	0.	-2.8125	0.	0.	0.	1.	0.	0.	1.	0.	0.	0.	0.	0.	0.	0	
1.72589	35.0679	36	0	1	3	3	1	2	2.80887	-0.18037	0.	-2.8125	0.	0.	0.	1.	0.	0.	1.	0.	0.	0.	0.	0.	0.	0	
1.75197	38.35	37	0	1	3	3	1	2	2.80887	-0.18037	0.	-2.8125	0.	0.	0.	1.	0.	0.	1.	0.	0.	0.	0.	0.	0.	0	
1.76952	56.955	38	0	1	3	3	1	2	2.80887	-0.18037	0.	-2.8125	0.	0.	0.	1.	0.	0.	1.	0.	0.	0.	0.	0.	0.	0	
1.80279	30.0593	39	0	1	3	3	1	2	2.80887	-0.18037	0.	-2.8125	0.	0.	0.	1.	0.	0.	1.	0.	0.	0.	0.	0.	0.	0	
1.82546	44.1161	40	0	1	3	3	1	2	2.80887	-0.18037	0.	-2.8125	0.	0.	0.	1.	0.	0.	1.	0.	0.	0.	0.	0.	0.	0	
1.84136	62.8956	41	0	1	3	3	1	2	2.80887	-0.18037	0.	-2.8125	0.	0.	0.	1.	0.	0.	1.	0.	0.	0.	0.	0.	0.	0	
1.86219	48.0012	42	0	1	3	3	1	2	2.80887	-0.18037	0.	-2.8125	0.	0.	0.	1.	0.	0.	1.	0.	0.	0.	0.	0.	0.	0	
1.87936	58.2498	43	0	1	3	3	1	2	2.80887	-0.18037	0.	-2.8125	0.	0.	0.	1.	0.	0.	1.	0.	0.	0.	0.	0.	0.	0	
1.89755	54.9667	44	0	1	3	3	1	2	2.80887	-0.18037	0.	-2.8125	0.	0.	0.	1.	0.	0.	1.	0.	0.	0.	0.	0.	0.	0	
1.92531	36.0262	45	0	1	3	3	1	2	2.80887	-0.18037	0.	-2.8125	0.	0.	0.	1.	0.	0.	1.	0.	0.	0.	0.	0.	0.	0	
1.94249	58.216	46	0	1	3	3	1	2	2.80887	-0.18037	0.	-2.8125	0.	0.	0.	1.	0.	0.	1.	0.	0.	0.	0.	0.	0.	0	
1.9601	56.7773	47	0	1	3	3	1	2	2.80887	-0.18037	0.	-2.8125	0.	0.	0.	1.	0.	0.	1.	0.	0.	0.	0.	0.	0.	0	
1.97643	61.2242	48	0	1	3	3	1	2	2.80887	-0.18037	0.	-2.8125	0.	0.	0.	1.	0.	0.	1.	0.	0.	0.	0.	0.	0.	0	
2.00352	36.9232	49	0	1	3	3	1	2	2.80887	-0.18037	0.	-2.8125	0.	0.	0.	1.	0.	0.	1.	0.	0.	0.	0.	0.	0.	0	
2.01944	62.7895	50	0	1	3	3	1	2	2.80887	-0.18037	0.	-2.8125	0.	0.	0.	1.	0.	0.	1.	0.	0.	0.	0.	0.	0.	0	
2.04839	34.5479	51	0	1	3	3	1	2	2.80887	-0.18037	0.	-2.8125	0.	0.	0.	1.	0.	0.	1.	0.	0.	0.	0.	0.	0.	0	
2.07507	37.4796	52	0	1	3	3	1	2	2.80887	-0.18037	0.	-2.8125	0.	0.	0.	1.	0.	0.	1.	0.	0.	0.	0.	0.	0.	0	
2.09288	56.148	53	0	1	3	3	1	2	2.80887	-0.18037	0.	-2.8125	0.	0.	0.	1.	0.	0.	1.	0.	0.	0.	0.	0.	0.	0	
2.11137	54.0758	54	0	1	3	3	1	2	2.80887	-0.18037	0.	-2.8125	0.	0.	0.	1.	0.	0.	1.	0.	0.	0.	0.	0.	0.	0	
2.12907	56.5013	55	0	1	3	3	1	2	2.80887	-0.18037	0.	-2.8125	0.	0.	0.	1.	0.	0.	1.	0.	0.	0.	0.	0.	0.	0	
2.14539	61.2853	56	0	1	3	3	1	2	2.80887	-0.18037	0.	-2.8125	0.	0.	0.	1.	0.	0.	1.	0.	0.	0.	0.	0.	0.	0	
2.16455	52.1692	57	0	1	3	3	1	2	2.80887	-0.18037	0.	-2.8125	0.	0.	0.	1.	0.	0.	1.	0.	0.	0.	0.	0.	0.	0	
2.18139	59.404	58	0	1	3	3	1	2	2.80887	-0.18037	0.	-2.8125	0.	0.	0.	1.	0.	0.	1.	0.	0.	0.	0.	0.	0.	0	
2.20647	39.8779	59	0	1	3	3	1	2	2.80887	-0.18037	0.	-2.8125	0.	0.	0.	1.	0.	0.	1.	0.	0.	0.	0.	0.	0.	0	
2.22365	58.2007	60	0	1	3	3	1	2	2.80887	-0.18037	0.	-2.8125	0.	0.	0.	1.	0.	0.	1.	0.	0.	0.	0.	0.	0.	0	
2.24772	41.5317	61	0	1	3	3	1	2	2.80887	-0.18037	0.	-2.8125	0.	0.	0.	1.	0.	0.	1.	0.	0.	0.	0.	0.	0.	0	
2.26608	54.4939	62	0	1	3	3	1	2	2.80887	-0.18037	0.	-2.8125	0.	0.	0.	1.	0.	0.	1.	0.	0.	0.	0.	0.	0.	0	
2.29025	41.3647	63	0	1	3	3	1	2	2.80887	-0.18037	0.	-2.8125	0.	0.	0.	1.	0.	0.	1.	0.	0.	0.	0.	0.	0.	0	
2.31897	34.8246	64	0	1	3	3	1	2	2.80887	-0.18037	0.	-2.8125	0.	0.	0.	1.	0.	0.	1.	0.	0.	0.	0.	0.	0.	0	
2.34382	40.2363	65	0	1	3	3	1	2	2.80887	-0.18037	0.	-2.8125	0.	0.	0.	1.	0.	0.	1.	0.	0.	0.	0.	0.	0.	0	
2.37454	32.5538	66	0	1	3	3	1	2	2.80887	-0.18037	0.	-2.8125	0.	0.	0.	1.	0.	0.	1.	0.	0.	0.	0.	0.	0.	0	
2.40197	36.4544	67	0	1	3	3	1	2	2.80887	-0.18037	0.	-2.8125	0.	0.	0.	1.	0.	0.	1.	0.	0.	0.	0.	0.	0.	0	
2.4184	60.8676	68	0	1	3	3	1	2	2.80887	-0.18037	0.	-2.8125	0.	0.	0.	1.	0.	0.	1.	0.	0.	0.	0.	0.	0.	0	
2.44177	42.7907	69	0	1	3	3	1	2	2.80887	-0.18037	0.	-2.8125	0.	0.	0.	1.	0.	0.	1.	0.	0.	0.	0.	0.	0.	0	
2.4593	57.0236	70	0	1	3	3	1	2	2.80887	-0.18037	0.	-2.8125	0.	0.	0.	1.	0.	0.	1.	0.	0.	0.	0.	0.	0.	0	
2.48934	33.2888	71	0	1	3	3	1	2	2.80887	-0.18037	0.	-2.8125	0.	0.	0.	1.	0.	0.	1.	0.	0.	0.	0.	0.	0.	0	
2.51152	45.0949	72	0	1	3	3	1	2	2.80887	-0.18037	0.	-2.8125	0.	0.	0.	1.	0.	0.	1.	0.	0.	0.	0.	0.	0.	0	
2.5284	59.2351	73	0	1	3	3	1	2	2.80887	-0.18037	0.	-2.8125	0.	0.	0.	1.	0.	0.	1.	0.	0.	0.	0.	0.	0.	0	
2.54547	58.5742	74	0	1	3	3	1	2	2.80887	-0.18037	0.	-2.8125	0.	0.	0.	1.	0.	0.	1.	0.	0.	0.	0.	0.	0.	0	
2.5661	48.4739	75	0	1	3	3	1	2	2.80887	-0.18037	0.	-2.8125	0.	0.	0.	1.	0.	0.	1.	0.	0.	0.	0.	0.	0.	0	
2.59739	31.967	76	0	1	3	3	1	2	2.80887	-0.18037	0.	-2.8125	0.	0.	0.	1.	0.	0.	1.	0.	0.	0.	0.	0.	0.	0	
2.61449	58.4533	77	0	1	3	3	1	2	2.80887	-0.18037	0.	-2.8125	0.	0.	0.	1.	0.	0.	1.	0.	0.	0.	0.	0.	0.	0	
2.63959	39.8506	78	0	1	3	3	1	2	2.80887	-0.18037	0.	-2.8125	0.	0.	0.	1.	0.	0.	1.	0.	0.	0.	0.	0.	0.	0	
2.65678	58.1772	79	0	1	3	3	1	2	2.80887	-0.18037	0.	-2.8125	0.	0.	0.	1.	0.	0.	1.	0.	0.	0.	0.	0.	0.	0	

