Time	FPS	Frame	Crash	RB	RU	LU	LB	Dither	DAngle	swAngle	OX	OY	OZ	HX	HY	HZ	HA	Speed
Time	FPS	Frame	0	1	4	4	1	0.	1.65597e-005	0.	0.	0.	0.	0.	1.	0.	0.	0.	
Time	FPS	Frame	0	1	4	4	1	2.04958e-005	1.65597e-005	0.	0.	0.	0.	0.	1.	0.	0.	0.	
Time	FPS	Frame	0	1	4	4	1	2.04958e-005	1.65597e-005	0.	0.	0.	0.	0.	1.	0.	0.	0.	
Time	FPS	Frame	0	1	4	4	1	2.04958e-005	1.65597e-005	0.	0.	0.	0.	0.	1.	0.	0.	0.	
Time	FPS	Frame	0	1	4	4	1	2.04958e-005	1.65597e-005	0.	0.	0.	0.	0.	1.	0.	0.	0.	
Time	FPS	Frame	0	1	4	4	1	2.04958e-005	1.65597e-005	0.	0.	0.	0.	0.	1.	0.	0.	0.	
Time	FPS	Frame	0	1	4	4	1	2.04958e-005	1.65597e-005	0.	0.	0.	0.	0.	1.	0.	0.	0.	
Time	FPS	Frame	0	1	4	4	1	2.04958e-005	1.65597e-005	0.	0.	0.	0.	0.	1.	0.	0.	0.	
Time	FPS	Frame	0	1	4	4	1	2.04958e-005	1.65597e-005	0.	0.	0.	0.	0.	1.	0.	0.	0.	
Time	FPS	Frame	0	1	4	4	1	2.04958e-005	1.65597e-005	0.	0.	0.	0.	0.	1.	0.	0.	0.	
Time	FPS	Frame	0	1	4	4	1	2.04958e-005	1.65597e-005	0.	0.	0.	0.	0.	1.	0.	0.	0.	
Time	FPS	Frame	0	1	4	4	1	2.04958e-005	1.65597e-005	0.	0.	0.	0.	0.	1.	0.	0.	0.	
Time	FPS	Frame	0	1	4	4	1	2.04958e-005	1.65597e-005	0.	0.	0.	0.	0.	1.	0.	0.	0.	
Time	FPS	Frame	0	1	4	4	1	2.04958e-005	1.65597e-005	0.	0.	0.	0.	0.	1.	0.	0.	0.	
Time	FPS	Frame	0	1	4	4	1	2.04958e-005	1.65597e-005	0.	0.	0.	0.	0.	1.	0.	0.	0.	
Time	FPS	Frame	0	1	4	4	1	2.04958e-005	1.65597e-005	0.	0.	0.	0.	0.	1.	0.	0.	0.	
Time	FPS	Frame	0	1	4	4	1	2.04958e-005	1.65597e-005	0.	0.	0.	0.	0.	1.	0.	0.	0.	
Time	FPS	Frame	0	1	4	4	1	2.04958e-005	1.65597e-005	0.	0.	0.	0.	0.	1.	0.	0.	0.	
Time	FPS	Frame	0	1	4	4	1	2.04958e-005	1.65597e-005	0.	0.	0.	0.	0.	1.	0.	0.	0.	
Time	FPS	Frame	0	1	4	4	1	2.04958e-005	1.65597e-005	0.	0.	0.	0.	0.	1.	0.	0.	0.	
Time	FPS	Frame	0	1	4	4	1	2.04958e-005	1.65597e-005	0.	0.	0.	0.	0.	1.	0.	0.	0.	
Time	FPS	Frame	0	1	4	4	1	2.04958e-005	1.65597e-005	0.	0.	0.	0.	0.	1.	0.	0.	0.	
Time	FPS	Frame	0	1	4	4	1	2.04958e-005	1.65597e-005	0.	0.	0.	0.	0.	1.	0.	0.	0.	
Time	FPS	Frame	0	1	4	4	1	2.04958e-005	1.65597e-005	0.	0.	0.	0.	0.	1.	0.	0.	0.	
Time	FPS	Frame	0	1	4	4	1	2.04958e-005	1.65597e-005	0.	0.	0.	0.	0.	1.	0.	0.	0.	
Time	FPS	Frame	0	1	4	4	1	2.04958e-005	1.65597e-005	0.	0.	0.	0.	0.	1.	0.	0.	0.	
Time	FPS	Frame	0	1	4	4	1	2.04958e-005	1.65597e-005	0.	0.	0.	0.	0.	1.	0.	0.	0.	
Time	FPS	Frame	0	1	4	4	1	2.04958e-005	1.65597e-005	0.	0.	0.	0.	0.	1.	0.	0.	0.	
Time	FPS	Frame	0	1	4	4	1	2.04958e-005	1.65597e-005	0.	0.	0.	0.	0.	1.	0.	0.	0.	
Time	FPS	Frame	0	1	4	4	1	2.04958e-005	1.65597e-005	0.	0.	0.	0.	0.	1.	0.	0.	0.	
Time	FPS	Frame	0	1	4	4	1	2.04958e-005	1.65597e-005	0.	0.	0.	0.	0.	1.	0.	0.	0.	
Time	FPS	Frame	0	1	4	4	1	2.04958e-005	1.65597e-005	0.	0.	0.	0.	0.	1.	0.	0.	0.	
Time	FPS	Frame	0	1	4	4	1	2.04958e-005	1.65597e-005	0.	0.	0.	0.	0.	1.	0.	0.	0.	
Time	FPS	Frame	0	1	4	4	1	2.04958e-005	1.65597e-005	0.	0.	0.	0.	0.	1.	0.	0.	0.	
Time	FPS	Frame	0	1	4	4	1	2.04958e-005	1.65597e-005	0.	0.	0.	0.	0.	1.	0.	0.	0.	
Time	FPS	Frame	0	1	4	4	1	2.04958e-005	1.65597e-005	0.	0.	0.	0.	0.	1.	0.	0.	0.	
Time	FPS	Frame	0	1	4	4	1	2.04958e-005	1.65597e-005	0.	0.	0.	0.	0.	1.	0.	0.	0.	
Time	FPS	Frame	0	1	4	4	1	2.04958e-005	1.65597e-005	0.	0.	0.	0.	0.	1.	0.	0.	0.	
Time	FPS	Frame	0	1	4	4	1	2.04958e-005	1.65597e-005	0.	0.	0.	0.	0.	1.	0.	0.	0.	
Time	FPS	Frame	0	1	4	4	1	2.04958e-005	1.65597e-005	0.	0.	0.	0.	0.	1.	0.	0.	0.	
Time	FPS	Frame	0	1	4	4	1	2.04958e-005	1.65597e-005	0.	0.	0.	0.	0.	1.	0.	0.	0.	
Time	FPS	Frame	0	1	4	4	1	2.04958e-005	1.65597e-005	0.	0.	0.	0.	0.	1.	0.	0.	0.	
Time	FPS	Frame	0	1	4	4	1	2.04958e-005	1.65597e-005	0.	0.	0.	0.	0.	1.	0.	0.	0.	
Time	FPS	Frame	0	1	4	4	1	2.04958e-005	1.65597e-005	0.	0.	0.	0.	0.	1.	0.	0.	0.	
Time	FPS	Frame	0	1	4	4	1	2.04958e-005	1.65597e-005	0.	0.	0.	0.	0.	1.	0.	0.	0.	
Time	FPS	Frame	0	1	4	4	1	2.04958e-005	1.65597e-005	0.	0.	0.	0.	0.	1.	0.	0.	0.	
Time	FPS	Frame	0	1	4	4	1	2.04958e-005	1.65597e-005	0.	0.	0.	0.	0.	1.	0.	0.	0.	
Time	FPS	Frame	0	1	4	4	1	2.04958e-005	1.65597e-005	0.	0.	0.	0.	0.	1.	0.	0.	0.	
Time	FPS	Frame	0	1	4	4	1	2.04958e-005	1.65597e-005	0.	0.	0.	0.	0.	1.	0.	0.	0.	
Time	FPS	Frame	0	1	4	4	1	2.04958e-005	1.65597e-005	0.	0.	0.	0.	0.	1.	0.	0.	0.	
Time	FPS	Frame	0	1	4	4	1	2.04958e-005	1.65597e-005	0.	0.	0.	0.	0.	1.	0.	0.	0.	
Time	FPS	Frame	0	1	4	4	1	2.04958e-005	1.65597e-005	0.	0.	0.	0.	0.	1.	0.	0.	0.	
Time	FPS	Frame	0	1	4	4	1	2.04958e-005	1.65597e-005	0.	0.	0.	0.	0.	1.	0.	0.	0.	
Time	FPS	Frame	0	1	4	4	1	2.04958e-005	1.65597e-005	0.	0.	0.	0.	0.	1.	0.	0.	0.	
Time	FPS	Frame	0	1	4	4	1	2.04958e-005	1.65597e-005	0.	0.	0.	0.	0.	1.	0.	0.	0.	
Time	FPS	Frame	0	1	4	4	1	2.04958e-005	1.65597e-005	0.	0.	0.	0.	0.	1.	0.	0.	0.	
Time	FPS	Frame	0	1	4	4	1	2.04958e-005	1.65597e-005	0.	0.	0.	0.	0.	1.	0.	0.	0.	
Time	FPS	Frame	0	1	4	4	1	2.04958e-005	1.65597e-005	0.	0.	0.	0.	0.	1.	0.	0.	0.	
Time	FPS	Frame	0	1	4	4	1	2.04958e-005	1.65597e-005	0.	0.	0.	0.	0.	1.	0.	0.	0.	
Time	FPS	Frame	0	1	4	4	1	2.04958e-005	1.65597e-005	0.	0.	0.	0.	0.	1.	0.	0.	0.	
Time	FPS	Frame	0	1	4	4	1	2.04958e-005	1.65597e-005	0.	0.	0.	0.	0.	1.	0.	0.	0.	
Time	FPS	Frame	0	1	4	4	1	2.04958e-005	1.65597e-005	0.	0.	0.	0.	0.	1.	0.	0.	0.	
Time	FPS	Frame	0	1	4	4	1	2.04958e-005	1.65597e-005	0.	0.	0.	0.	0.	1.	0.	0.	0.	
Time	FPS	Frame	0	1	4	4	1	2.04958e-005	1.65597e-005	0.	0.	0.	0.	0.	1.	0.	0.	0.	
Time	FPS	Frame	0	1	4	4	1	2.04958e-005	1.65597e-005	0.	0.	0.	0.	0.	1.	0.	0.	0.	
Time	FPS	Frame	0	1	4	4	1	2.04958e-005	1.65597e-005	0.	0.	0.	0.	0.	1.	0.	0.	0.	
Time	FPS	Frame	0	1	4	4	1	2.04958e-005	1.65597e-005	0.	0.	0.	0.	0.	1.	0.	0.	0.	
Time	FPS	Frame	0	1	4	4	1	2.04958e-005	1.65597e-005	0.	0.	0.	0.	0.	1.	0.	0.	0.	
Time	FPS	Frame	0	1	4	4	1	2.04958e-005	1.65597e-005	0.	0.	0.	0.	0.	1.	0.	0.	0.	
Time	FPS	Frame	0	1	4	4	1	2.04958e-005	1.65597e-005	0.	0.	0.	0.	0.	1.	0.	0.	0.	
Time	FPS	Frame	0	1	4	4	1	2.14158e-005	1.65597e-005	0.	0.	5.55556e-002	0.	0.	1.	0.	0.	5.55556e-002	
Time	FPS	Frame	0	1	4	4	1	2.23357e-005	1.65597e-005	0.	0.	0.111111	0.	0.	1.	0.	0.	5.55556e-002	
Time	FPS	Frame	0	1	4	4	1	2.32557e-005	1.65597e-005	0.	0.	0.166667	0.	0.	1.	0.	0.	5.55556e-002	
Time	FPS	Frame	0	1	4	4	1	2.41757e-005	4.55489e-005	0.	0.	0.222222	0.	0.	1.	0.	0.	5.55556e-002	
Time	FPS	Frame	0	1	4	4	1	2.68732e-005	4.55489e-005	0.	0.	0.277778	0.	0.	1.	0.	0.	5.55556e-002	
Time	FPS	Frame	0	1	4	4	1	2.94037e-005	4.55489e-005	0.	0.	0.333333	0.	0.	1.	0.	0.	5.55556e-002	
Time	FPS	Frame	0	1	5	5	1	3.19342e-005	4.55489e-005	0.	0.	0.388889	0.	0.	1.	0.	0.	5.55556e-002	
Time	FPS	Frame	0	1	5	5	1	3.69952e-005	4.55489e-005	0.	0.	0.5	0.	0.	1.	0.	0.	5.55556e-002	
Time	FPS	Frame	0	1	5	5	1	3.95257e-005	4.55489e-005	0.	0.	0.555556	0.	0.	1.	0.	0.	5.55556e-002	
Time	FPS	Frame	0	1	5	5	1	4.20562e-005	4.55489e-005	0.	0.	0.611111	0.	0.	1.	0.	0.	5.55556e-002	
Time	FPS	Frame	0	1	5	5	1	4.45867e-005	4.55489e-005	0.	0.	0.666667	0.	0.	1.	0.	0.	5.55556e-002	
Time	FPS	Frame	0	1	5	5	1	4.71172e-005	4.55489e-005	0.	0.	0.722222	0.	0.	1.	0.	0.	5.55556e-002	
Time	FPS	Frame	0	1	5	5	1	4.96477e-005	4.55489e-005	0.	0.	0.777778	0.	0.	1.	0.	0.	5.55556e-002	
Time	FPS	Frame	0	1	5	5	1	5.21782e-005	4.55489e-005	0.	0.	0.833333	0.	0.	1.	0.	0.	5.55556e-002	
Time	FPS	Frame	0	1	5	5	1	5.47087e-005	4.55489e-005	0.	0.	0.888889	0.	0.	1.	0.	0.	5.55556e-002	
Time	FPS	Frame	0	1	5	5	1	5.72392e-005	4.55489e-005	0.	0.	0.944444	0.	0.	1.	0.	0.	5.55556e-002	
Time	FPS	Frame	0	1	5	5	1	5.97697e-005	4.55489e-005	0.	0.	1.	0.	0.	1.	0.	0.	5.55556e-002	
Time	FPS	Frame	0	1	5	5	1	6.23002e-005	4.55489e-005	0.	0.	1.05556	0.	0.	1.	0.	0.	5.55556e-002	
Time	FPS	Frame	0	1	5	5	1	6.48307e-005	4.55489e-005	0.	0.	1.11111	0.	0.	1.	0.	0.	5.55556e-002	
Time	FPS	Frame	0	1	5	5	1	6.73612e-005	4.55489e-005	0.	0.	1.16667	0.	0.	1.	0.	0.	5.55556e-002	
Time	FPS	Frame	0	1	5	5	1	6.98916e-005	4.55489e-005	0.	0.	1.22222	0.	0.	1.	0.	0.	5.55556e-002	
Time	FPS	Frame	0	1	5	5	1	7.24221e-005	4.55489e-005	0.	0.	1.27778	0.	0.	1.	0.	0.	5.55556e-002	
Time	FPS	Frame	0	2	5	5	2	7.49526e-005	4.55489e-005	0.	0.	1.33333	0.	0.	1.	0.	0.	5.55556e-002	
Time	FPS	Frame	0	2	5	5	2	7.74831e-005	4.55489e-005	0.	0.	1.38889	0.	0.	1.	0.	0.	5.55556e-002	
Time	FPS	Frame	0	2	5	5	2	8.00136e-005	4.55489e-005	0.	0.	1.44444	0.	0.	1.	0.	0.	5.55556e-002	
Time	FPS	Frame	0	2	5	5	2	8.25441e-005	9.00956e-005	0.	0.	1.5	0.	0.	1.	0.	0.	5.55556e-002	
Time	FPS	Frame	0	2	5	5	2	8.87655e-005	9.00956e-005	0.	0.	1.55556	0.	0.	1.	0.	0.	5.55556e-002	
Time	FPS	Frame	0	2	6	6	2	9.37708e-005	9.00956e-005	0.	0.	1.61111	0.	0.	1.	0.	0.	5.55556e-002	
Time	FPS	Frame	0	2	6	6	2	9.87761e-005	9.00956e-005	0.	0.	1.66667	0.	0.	1.	0.	0.	5.55556e-002	
Time	FPS	Frame	0	2	6	6	2	1.03781e-004	9.00956e-005	0.	0.	1.72222	0.	0.	1.	0.	0.	5.55556e-002	
Time	FPS	Frame	0	2	6	6	2	1.08787e-004	9.00956e-005	0.	0.	1.77778	0.	0.	1.	0.	0.	5.55556e-002	
Time	FPS	Frame	0	2	6	6	2	1.13792e-004	9.00956e-005	0.	0.	1.83333	0.	0.	1.	0.	0.	5.55556e-002	
Time	FPS	Frame	0	2	6	6	2	1.18797e-004	9.00956e-005	0.	0.	1.88889	0.	0.	1.	0.	0.	5.55556e-002	
Time	FPS	Frame	0	2	6	6	2	1.23803e-004	9.00956e-005	0.	0.	1.94444	0.	0.	1.	0.	0.	5.55556e-002	
Time	FPS	Frame	0	2	6	6	2	1.28808e-004	9.00956e-005	0.	0.	2.	0.	0.	1.	0.	0.	5.55556e-002	
Time	FPS	Frame	0	2	6	6	2	1.33813e-004	9.00956e-005	0.	0.	2.05556	0.	0.	1.	0.	0.	5.55556e-002	
Time	FPS	Frame	0	2	6	6	2	1.38819e-004	9.00956e-005	0.	0.	2.11111	0.	0.	1.	0.	0.	5.55556e-002	
Time	FPS	Frame	0	2	6	6	2	1.43824e-004	9.00956e-005	0.	0.	2.16667	0.	0.	1.	0.	0.	5.55556e-002	
Time	FPS	Frame	0	2	6	6	2	1.48829e-004	9.00956e-005	0.	0.	2.22222	0.	0.	1.	0.	0.	5.55556e-002	
Time	FPS	Frame	0	2	6	6	2	1.53834e-004	9.00956e-005	0.	0.	2.27778	0.	0.	1.	0.	0.	5.55556e-002	
Time	FPS	Frame	0	2	6	6	2	1.5884e-004	9.00956e-005	0.	0.	2.33333	0.	0.	1.	0.	0.	5.55556e-002	
Time	FPS	Frame	0	2	6	6	2	1.63845e-004	9.00956e-005	0.	0.	2.38889	0.	0.	1.	0.	0.	5.55556e-002	
Time	FPS	Frame	0	2	6	6	2	1.6885e-004	9.00956e-005	0.	0.	2.44444	0.	0.	1.	0.	0.	5.55556e-002	
Time	FPS	Frame	0	2	6	6	2	1.73856e-004	9.00956e-005	0.	0.	2.5	0.	0.	1.	0.	0.	5.55556e-002	
Time	FPS	Frame	0	3	6	6	3	1.83866e-004	9.00956e-005	0.	0.	2.61111	0.	0.	1.	0.	0.	0.111111	
Time	FPS	Frame	0	3	6	6	3	1.93877e-004	1.50472e-004	0.	0.	2.72222	0.	0.	1.	0.	0.	0.111111	
Time	FPS	Frame	0	3	7	7	3	2.11264e-004	1.50472e-004	0.	0.	2.83333	0.	0.	1.	0.	0.	0.111111	
Time	FPS	Frame	0	3	7	7	3	2.27983e-004	1.50472e-004	0.	0.	2.94444	0.	0.	1.	0.	0.	0.111111	
Time	FPS	Frame	0	3	7	7	3	2.44702e-004	1.50472e-004	0.	0.	3.05556	0.	0.	1.	0.	0.	0.111111	
Time	FPS	Frame	0	3	7	7	3	2.7814e-004	1.50472e-004	0.	0.	3.27778	0.	0.	1.	0.	0.	0.111111	
Time	FPS	Frame	0	3	7	7	3	2.94859e-004	1.50472e-004	0.	0.	3.38889	0.	0.	1.	0.	0.	0.111111	
Time	FPS	Frame	0	3	7	7	3	3.11578e-004	1.50472e-004	0.	0.	3.5	0.	0.	1.	0.	0.	0.111111	
Time	FPS	Frame	0	3	7	7	3	3.28297e-004	1.50472e-004	0.	0.	3.61111	0.	0.	1.	0.	0.	0.111111	
Time	FPS	Frame	0	3	7	7	3	3.45016e-004	1.50472e-004	0.	0.	3.72222	0.	0.	1.	0.	0.	0.111111	
Time	FPS	Frame	0	4	7	7	4	3.61735e-004	1.50472e-004	0.	0.	3.83333	0.	0.	1.	0.	0.	0.111111	
Time	FPS	Frame	0	4	7	7	4	3.78455e-004	2.27844e-004	0.	0.	3.94444	0.	0.	1.	0.	0.	0.111111	
Time	FPS	Frame	0	4	8	8	4	4.04733e-004	2.27844e-004	0.	0.	4.05556	0.	0.	1.	0.	0.	0.111111	
Time	FPS	Frame	0	4	8	8	4	4.30049e-004	2.27844e-004	0.	0.	4.16667	0.	0.	1.	0.	0.	0.111111	
Time	FPS	Frame	0	4	8	8	4	4.55365e-004	2.27844e-004	0.	0.	4.27778	0.	0.	1.	0.	0.	0.111111	
Time	FPS	Frame	0	4	8	8	4	4.93339e-004	2.27844e-004	0.	0.	4.44444	0.	0.	1.	0.	0.	0.166667	
Time	FPS	Frame	0	4	8	8	4	5.31313e-004	2.27844e-004	0.	0.	4.61111	0.	0.	1.	0.	0.	0.166667	
Time	FPS	Frame	0	4	8	8	4	5.69287e-004	2.27844e-004	0.	0.	4.77778	0.	0.	1.	0.	0.	0.166667	
Time	FPS	Frame	0	4	8	8	4	6.07261e-004	2.27844e-004	0.	0.	4.94444	0.	0.	1.	0.	0.	0.166667	
Time	FPS	Frame	0	5	8	8	5	6.45235e-004	2.27844e-004	0.	0.	5.11111	0.	0.	1.	0.	0.	0.166667	
Time	FPS	Frame	0	5	9	9	5	7.21183e-004	3.22531e-004	0.	0.	5.44444	0.	0.	1.	0.	0.	0.166667	
Time	FPS	Frame	0	5	9	9	5	8.04203e-004	3.22531e-004	0.	0.	5.61111	0.	0.	1.	0.	0.	0.166667	
Time	FPS	Frame	0	5	9	9	5	8.57958e-004	3.22531e-004	0.	0.	5.77778	0.	0.	1.	0.	0.	0.166667	
Time	FPS	Frame	0	5	9	9	5	9.11713e-004	3.22531e-004	0.	0.	5.94444	0.	0.	1.	0.	0.	0.166667	
Time	FPS	Frame	0	5	9	9	5	9.65468e-004	3.22531e-004	0.	0.	6.11111	0.	0.	1.	0.	0.	0.166667	
Time	FPS	Frame	0	5	9	9	5	1.01922e-003	3.22531e-004	0.	0.	6.27778	0.	0.	1.	0.	0.	0.166667	
Time	FPS	Frame	0	6	10	10	6	1.07298e-003	4.3567e-004	0.	0.	6.44444	0.	0.	1.	0.	0.	0.166667	
Time	FPS	Frame	0	6	10	10	6	1.15951e-003	4.3567e-004	0.	0.	6.61111	0.	0.	1.	0.	0.	0.166667	
Time	FPS	Frame	0	6	10	10	6	1.23212e-003	4.3567e-004	0.	0.	6.77778	0.	0.	1.	0.	0.	0.166667	
Time	FPS	Frame	0	6	10	10	6	1.30473e-003	4.3567e-004	0.	0.	6.94444	0.	0.	1.	0.	0.	0.166667	
Time	FPS	Frame	0	6	10	10	6	1.37734e-003	4.3567e-004	0.	0.	7.11111	0.	0.	1.	0.	0.	0.166667	
Time	FPS	Frame	0	6	10	10	6	1.44995e-003	4.3567e-004	0.	0.	7.27778	0.	0.	1.	0.	0.	0.166667	
Time	FPS	Frame	0	6	11	11	6	1.52256e-003	4.3567e-004	0.	0.	7.44444	0.	0.	1.	0.	0.	0.166667	
Time	FPS	Frame	0	7	11	11	7	1.59518e-003	5.67626e-004	0.	0.	7.61111	0.	0.	1.	0.	0.	0.166667	
Time	FPS	Frame	0	7	11	11	7	1.70571e-003	5.67626e-004	0.	0.	7.77778	0.	0.	1.	0.	0.	0.166667	
Time	FPS	Frame	0	7	11	11	7	1.80032e-003	5.67626e-004	0.	0.	7.94444	0.	0.	1.	0.	0.	0.166667	
Time	FPS	Frame	0	7	11	11	7	1.89492e-003	5.67626e-004	0.	0.	8.11111	0.	0.	1.	0.	0.	0.166667	
Time	FPS	Frame	0	7	11	11	7	1.98953e-003	5.67626e-004	0.	0.	8.27778	0.	0.	1.	0.	0.	0.166667	
Time	FPS	Frame	0	7	11	11	7	2.08413e-003	5.67626e-004	0.	0.	8.44444	0.	0.	1.	0.	0.	0.166667	
Time	FPS	Frame	0	7	12	12	7	2.17874e-003	5.67626e-004	0.	0.	8.61111	0.	0.	1.	0.	0.	0.166667	
Time	FPS	Frame	0	8	12	12	8	2.27334e-003	7.19291e-004	0.	0.	8.77778	0.	0.	1.	0.	0.	0.166667	
Time	FPS	Frame	0	8	12	12	8	2.41377e-003	7.19291e-004	0.	0.	8.94444	0.	0.	1.	0.	0.	0.166667	
Time	FPS	Frame	0	8	12	12	8	2.53365e-003	7.19291e-004	0.	0.	9.11111	0.	0.	1.	0.	0.	0.166667	
Time	FPS	Frame	0	8	12	12	8	2.65354e-003	7.19291e-004	0.	0.	9.27778	0.	0.	1.	0.	0.	0.166667	
Time	FPS	Frame	0	8	12	12	8	2.77342e-003	7.19291e-004	0.	0.	9.44444	0.	0.	1.	0.	0.	0.166667	
Time	FPS	Frame	0	8	12	12	8	2.8933e-003	7.19291e-004	0.	0.	9.61111	0.	0.	1.	0.	0.	0.166667	
Time	FPS	Frame	0	8	13	13	8	3.01318e-003	8.91602e-004	0.	0.	9.77778	0.	0.	1.	0.	0.	0.166667	
Time	FPS	Frame	0	9	13	13	9	3.16185e-003	8.91602e-004	0.	0.	9.94444	0.	0.	1.	0.	0.	0.166667	
Time	FPS	Frame	0	9	13	13	9	3.31045e-003	8.91602e-004	0.	0.	10.1111	0.	0.	1.	0.	0.	0.166667	
Time	FPS	Frame	0	9	13	13	9	3.45905e-003	8.91602e-004	0.	0.	10.2778	0.	0.	1.	0.	0.	0.166667	
Time	FPS	Frame	0	9	13	13	9	3.60765e-003	8.91602e-004	0.	0.	10.4444	0.	0.	1.	0.	0.	0.166667	
Time	FPS	Frame	0	9	13	13	9	3.75625e-003	8.91602e-004	0.	0.	10.6111	0.	0.	1.	0.	0.	0.166667	
Time	FPS	Frame	0	9	14	14	9	3.90485e-003	8.91602e-004	0.	0.	10.7778	0.	0.	1.	0.	0.	0.166667	
Time	FPS	Frame	0	9	14	14	9	4.05345e-003	1.08542e-003	0.	0.	10.9444	0.	0.	1.	0.	0.	0.166667	
Time	FPS	Frame	0	10	14	14	10	4.24378e-003	1.08542e-003	0.	0.	11.1111	0.	0.	1.	0.	0.	0.166667	
Time	FPS	Frame	0	10	14	14	10	4.42468e-003	1.08542e-003	0.	0.	11.2778	0.	0.	1.	0.	0.	0.166667	
Time	FPS	Frame	0	10	14	14	10	4.60559e-003	1.08542e-003	0.	0.	11.4444	0.	0.	1.	0.	0.	0.166667	
Time	FPS	Frame	0	10	14	14	10	4.78649e-003	1.08542e-003	0.	0.	11.6111	0.	0.	1.	0.	0.	0.166667	
Time	FPS	Frame	0	10	14	14	10	4.96739e-003	1.08542e-003	0.	0.	11.7778	0.	0.	1.	0.	0.	0.166667	
Time	FPS	Frame	0	10	15	15	10	5.1483e-003	1.08542e-003	0.	0.	11.9444	0.	0.	1.	0.	0.	0.166667	
Time	FPS	Frame	0	10	15	15	10	5.3292e-003	1.30174e-003	0.	0.	12.1111	0.	0.	1.	0.	0.	0.166667	
Time	FPS	Frame	0	11	15	15	11	5.57069e-003	1.30174e-003	0.	0.	12.2778	0.	0.	1.	0.	0.	0.166667	
Time	FPS	Frame	0	11	15	15	11	5.78764e-003	1.30174e-003	0.	0.	12.4444	0.	0.	1.	0.	0.	0.166667	
Time	FPS	Frame	0	11	15	15	11	6.0046e-003	1.30174e-003	0.	0.	12.6111	0.	0.	1.	0.	0.	0.166667	
Time	FPS	Frame	0	11	15	15	11	6.22156e-003	1.30174e-003	0.	0.	12.7778	0.	0.	1.	0.	0.	0.166667	
Time	FPS	Frame	0	11	16	16	11	6.43852e-003	1.30174e-003	0.	0.	12.9444	0.	0.	1.	0.	0.	0.166667	
Time	FPS	Frame	0	11	16	16	11	6.65547e-003	1.54119e-003	0.	0.	13.1111	0.	0.	1.	0.	0.	0.166667	
Time	FPS	Frame	0	12	16	16	12	6.91901e-003	1.54119e-003	0.	0.	13.2778	0.	0.	1.	0.	0.	0.166667	
Time	FPS	Frame	0	12	16	16	12	7.17587e-003	1.54119e-003	0.	0.	13.4444	0.	0.	1.	0.	0.	0.166667	
Time	FPS	Frame	0	12	16	16	12	7.43274e-003	1.54119e-003	0.	0.	13.6111	0.	0.	1.	0.	0.	0.166667	
Time	FPS	Frame	0	12	16	16	12	7.6896e-003	1.54119e-003	0.	0.	13.7778	0.	0.	1.	0.	0.	0.166667	
Time	FPS	Frame	0	12	17	17	12	7.94647e-003	1.54119e-003	0.	0.	13.9444	0.	0.	1.	0.	0.	0.166667	
Time	FPS	Frame	0	12	17	17	12	8.20333e-003	1.54119e-003	0.	0.	14.1111	0.	0.	1.	0.	0.	0.166667	
Time	FPS	Frame	0	12	17	17	12	8.4602e-003	1.80493e-003	0.	0.	14.2778	0.	0.	1.	0.	0.	0.166667	
Time	FPS	Frame	0	13	17	17	13	8.76901e-003	1.795e-003	0.	2.50011e-005	14.4444	0.	9.93422e-006	1.	0.	0.	0.166667	
Time	FPS	Frame	0	13	17	17	13	9.04733e-003	1.78672e-003	0.	4.7491e-005	14.6111	0.	1.82127e-005	1.	0.	0.	0.166667	
Time	FPS	Frame	0	13	17	17	13	9.32775e-003	1.77982e-003	0.	6.78882e-005	14.7778	0.	2.51115e-005	1.	0.	0.	0.166667	
Time	FPS	Frame	0	13	18	18	13	9.60991e-003	1.77407e-003	0.	8.65416e-005	14.9444	0.	3.08605e-005	1.	0.	0.	0.166667	
Time	FPS	Frame	0	13	18	18	13	9.89352e-003	1.76928e-003	0.	1.03742e-004	15.1111	0.	3.56513e-005	1.	0.	0.	0.166667	
Time	FPS	Frame	0	13	18	18	13	1.01784e-002	2.05434e-003	0.	1.19731e-004	15.2777	0.	3.96436e-005	1.	0.	0.	0.166667	
Time	FPS	Frame	0	14	18	18	14	1.04118e-002	2.00284e-003	0.	2.55948e-004	15.4444	0.	9.11455e-005	1.	0.	0.	0.166667	
Time	FPS	Frame	0	14	18	18	14	1.06375e-002	1.95992e-003	0.	3.79146e-004	15.611	0.	1.34064e-004	1.	0.	0.	0.166667	
Time	FPS	Frame	0	14	18	18	14	1.08741e-002	1.92416e-003	0.	4.91495e-004	15.7776	0.	1.69829e-004	1.	0.	0.	0.166667	
Time	FPS	Frame	0	14	19	19	14	1.11197e-002	1.89435e-003	0.	5.94802e-004	15.9443	0.	1.99633e-004	1.	0.	0.	0.166667	
Time	FPS	Frame	0	14	19	19	14	1.13729e-002	1.86951e-003	0.	6.90576e-004	16.1109	0.	2.2447e-004	1.	0.	0.	0.166667	
Time	FPS	Frame	0	14	19	19	14	1.16324e-002	2.16399e-003	0.	7.80073e-004	16.2776	0.	2.45168e-004	1.	0.	0.	0.166667	
Time	FPS	Frame	0	14	19	19	14	1.18281e-002	2.09421e-003	0.	9.96522e-004	16.4442	0.	3.14944e-004	1.	0.	0.	0.166667	
Time	FPS	Frame	0	15	19	19	15	1.20307e-002	2.03607e-003	0.	1.19533e-003	16.6108	0.	3.73092e-004	1.	0.	0.	0.166667	
Time	FPS	Frame	0	15	19	19	15	1.20673e-002	1.87449e-003	0.	1.69378e-003	16.8329	0.	5.34662e-004	1.	0.	0.	0.222222	
Time	FPS	Frame	0	15	20	20	15	1.21604e-002	1.74883e-003	0.	2.13577e-003	17.055	0.	6.60329e-004	1.	0.	0.	0.222222	
Time	FPS	Frame	0	15	20	20	15	1.22975e-002	1.99381e-003	0.	2.53386e-003	17.2771	0.	7.58069e-004	1.	0.	0.	0.222222	
Time	FPS	Frame	0	15	20	20	15	1.2353e-002	1.84163e-003	0.	3.09365e-003	17.4992	0.	9.10249e-004	1.	0.	0.	0.222222	
Time	FPS	Frame	0	16	20	20	16	1.24576e-002	1.72327e-003	0.	3.60029e-003	17.7213	0.	1.02861e-003	0.999999	0.	0.	0.222222	
Time	FPS	Frame	0	16	21	21	16	1.26036e-002	1.63121e-003	0.	4.06558e-003	17.9435	0.	1.12067e-003	0.999999	0.	0.	0.222222	
Time	FPS	Frame	0	16	21	21	16	1.29851e-002	1.87531e-003	0.	4.90687e-003	18.3878	0.	1.24796e-003	0.999999	0.	0.	0.222222	
Time	FPS	Frame	0	17	21	21	17	1.31213e-002	1.74947e-003	0.	5.50776e-003	18.6099	0.	1.37381e-003	0.999999	0.	0.	0.222222	
Time	FPS	Frame	0	17	22	21	17	1.32581e-002	1.65158e-003	0.	6.06471e-003	18.8321	0.	1.47169e-003	0.999999	0.	0.	0.222222	
Time	FPS	Frame	0	17	22	22	17	1.34292e-002	1.57545e-003	0.	6.58748e-003	19.0542	0.	1.54782e-003	0.999999	0.	0.	0.222222	
Time	FPS	Frame	0	17	22	22	17	1.36269e-002	1.91702e-003	0.	7.08367e-003	19.2764	0.	1.60704e-003	0.999999	0.	0.	0.222222	
Time	FPS	Frame	0	17	22	22	17	1.3711e-002	1.78191e-003	0.	7.78814e-003	19.4985	0.	1.74215e-003	0.999998	0.	0.	0.222222	
Time	FPS	Frame	0	18	22	22	18	1.38365e-002	1.67682e-003	0.	8.44544e-003	19.7206	0.	1.84724e-003	0.999998	0.	0.	0.222222	
Time	FPS	Frame	0	18	23	23	18	1.39987e-002	1.59508e-003	0.	9.06606e-003	19.9428	0.	1.92898e-003	0.999998	0.	0.	0.222222	
Time	FPS	Frame	0	18	23	23	18	1.41896e-002	1.5315e-003	0.	9.65814e-003	20.165	0.	1.99256e-003	0.999998	0.	0.	0.222222	
Time	FPS	Frame	0	18	23	23	18	1.44027e-002	1.9139e-003	0.	1.0228e-002	20.3871	0.	2.042e-003	0.999998	0.	0.	0.222222	
Time	FPS	Frame	0	19	23	23	18	1.45467e-002	1.77948e-003	0.	1.10273e-002	20.6093	0.	2.17642e-003	0.999998	0.	0.	0.222222	
Time	FPS	Frame	0	19	24	24	19	1.4673e-002	1.67493e-003	0.	1.17797e-002	20.8314	0.	2.28097e-003	0.999997	0.	0.	0.222222	
Time	FPS	Frame	0	19	24	24	19	1.4836e-002	1.59361e-003	0.	1.24956e-002	21.0535	0.	2.36229e-003	0.999997	0.	0.	0.222222	
Time	FPS	Frame	0	19	24	24	19	1.50273e-002	1.99446e-003	0.	1.31831e-002	21.2757	0.	2.42554e-003	0.999997	0.	0.	0.222222	
Time	FPS	Frame	0	19	24	24	19	1.51146e-002	1.84213e-003	0.	1.41136e-002	21.4978	0.	2.57786e-003	0.999997	0.	0.	0.222222	
Time	FPS	Frame	0	20	25	25	20	1.52191e-002	1.72366e-003	0.	1.49909e-002	21.7199	0.	2.69634e-003	0.999996	0.	0.	0.222222	
Time	FPS	Frame	0	20	25	25	20	1.5365e-002	1.63151e-003	0.	1.58269e-002	21.9421	0.	2.78848e-003	0.999996	0.	0.	0.222222	
Time	FPS	Frame	0	20	25	25	20	1.55431e-002	2.05731e-003	0.	1.66308e-002	22.1642	0.	2.86015e-003	0.999996	0.	0.	0.222222	
Time	FPS	Frame	0	20	25	25	20	1.55827e-002	1.89102e-003	0.	1.76937e-002	22.3863	0.	3.02644e-003	0.999995	0.	0.	0.222222	
Time	FPS	Frame	0	21	26	26	20	1.567e-002	1.76168e-003	0.	1.86986e-002	22.6084	0.	3.15578e-003	0.999995	0.	0.	0.222222	
Time	FPS	Frame	0	21	26	26	21	1.58026e-002	1.66108e-003	0.	1.96583e-002	22.8305	0.	3.25638e-003	0.999995	0.	0.	0.222222	
Time	FPS	Frame	0	21	26	26	21	1.59704e-002	1.58284e-003	0.	2.0583e-002	23.0527	0.	3.33462e-003	0.999994	0.	0.	0.222222	
Time	FPS	Frame	0	21	26	26	21	1.61655e-002	2.05433e-003	0.	2.14804e-002	23.2749	0.	3.39547e-003	0.999994	0.	0.	0.222222	
Time	FPS	Frame	0	21	27	27	21	1.59644e-002	1.75726e-003	0.	2.29982e-002	23.4968	0.	3.69254e-003	0.999993	0.	0.	0.222222	
Time	FPS	Frame	0	22	27	27	22	1.56029e-002	1.46509e-003	0.	2.45693e-002	23.7188	0.	3.9847e-003	0.999992	0.	0.	0.222222	
Time	FPS	Frame	0	22	27	27	22	1.58393e-002	1.4304e-003	0.	2.55439e-002	23.941	0.	4.01939e-003	0.999992	0.	0.	0.222222	
Time	FPS	Frame	0	22	27	27	22	1.60877e-002	1.97199e-003	0.	2.65064e-002	24.1632	0.	4.04637e-003	0.999992	0.	0.	0.222222	
Time	FPS	Frame	0	22	28	28	22	1.58122e-002	1.65641e-003	0.	2.82162e-002	24.3851	0.	4.36194e-003	0.99999	0.	0.	0.222222	
Time	FPS	Frame	0	23	28	28	23	1.53817e-002	1.34612e-003	0.	2.99824e-002	24.6071	0.	4.67223e-003	0.999989	0.	0.	0.222222	
Time	FPS	Frame	0	23	28	28	23	1.48958e-002	1.04103e-003	0.	3.18042e-002	24.829	0.	4.97732e-003	0.999988	0.	0.	0.222222	
Time	FPS	Frame	0	23	28	28	23	1.43553e-002	1.34733e-003	0.	3.36806e-002	25.051	0.	5.2773e-003	0.999986	0.	0.	0.222222	
Time	FPS	Frame	0	23	29	29	23	1.3938e-002	1.03123e-003	0.	3.56649e-002	25.273	0.	5.59339e-003	0.999984	0.	0.	0.222222	
Time	FPS	Frame	0	24	29	29	24	1.33422e-002	7.10604e-004	0.	3.77311e-002	25.4949	0.	5.91402e-003	0.999983	0.	0.	0.222222	
Time	FPS	Frame	0	24	29	29	24	1.26892e-002	3.95434e-004	0.	3.98543e-002	25.7168	0.	6.22918e-003	0.999981	0.	0.	0.222222	
Time	FPS	Frame	0	24	29	29	24	1.19802e-002	7.31266e-004	0.	4.20338e-002	25.9388	0.	6.53898e-003	0.999979	0.	0.	0.222222	
Time	FPS	Frame	0	24	30	30	24	1.14063e-002	4.04902e-004	0.	4.43245e-002	26.1607	0.	6.86534e-003	0.999976	0.	0.	0.222222	
Time	FPS	Frame	0	25	30	30	25	1.0672e-002	8.44929e-005	0.	4.66724e-002	26.3827	0.	7.18574e-003	0.999974	0.	0.	0.222222	
Time	FPS	Frame	0	25	30	30	25	9.85153e-003	2.41796e-004	0.	4.91064e-002	26.6046	0.	7.51202e-003	0.999972	0.	0.	0.222222	
Time	FPS	Frame	0	25	31	30	25	8.97315e-003	1.23868e-004	0.	5.15984e-002	26.8265	0.	7.83265e-003	0.999969	0.	0.	0.222222	
Time	FPS	Frame	0	25	31	31	25	8.25185e-003	2.13827e-004	0.	5.42053e-002	27.0485	0.	8.17033e-003	0.999967	0.	0.	0.222222	
Time	FPS	Frame	0	26	31	31	25	7.35194e-003	5.45255e-004	0.	5.6871e-002	27.2704	0.	8.50175e-003	0.999964	0.	0.	0.222222	
Time	FPS	Frame	0	26	31	31	26	6.39428e-003	8.70533e-004	0.	5.95946e-002	27.4923	0.	8.82702e-003	0.999961	0.	0.	0.222222	
Time	FPS	Frame	0	26	32	32	26	5.34558e-003	4.74222e-004	0.	6.24091e-002	27.7142	0.	9.15961e-003	0.999958	0.	0.	0.222222	
Time	FPS	Frame	0	26	32	32	26	4.48762e-003	8.24431e-004	0.	6.53426e-002	27.9361	0.	9.5098e-003	0.999955	0.	0.	0.222222	
Time	FPS	Frame	0	27	32	32	26	3.42089e-003	1.16803e-003	0.	6.83368e-002	28.1581	0.	9.85339e-003	0.999951	0.	0.	0.222222	
Time	FPS	Frame	0	27	32	32	27	2.29458e-003	7.31929e-004	0.	7.13907e-002	28.38	0.	1.01905e-002	0.999948	0.	0.	0.222222	
Time	FPS	Frame	0	27	33	33	27	1.23496e-003	1.08782e-003	0.	7.45675e-002	28.6019	0.	1.05464e-002	0.999944	0.	0.	0.222222	
Time	FPS	Frame	0	27	33	33	27	5.87281e-005	1.45128e-003	0.	7.78426e-002	28.8238	0.	1.09098e-002	0.99994	0.	0.	0.222222	
Time	FPS	Frame	0	28	33	33	28	1.18023e-003	1.80776e-003	0.	8.11805e-002	29.0457	0.	1.12663e-002	0.999937	0.	0.	0.222222	
Time	FPS	Frame	0	28	34	33	28	2.48072e-003	1.33891e-003	0.	8.45801e-002	29.2676	0.	1.16159e-002	0.999933	0.	0.	0.222222	
Time	FPS	Frame	0	28	34	34	28	3.66187e-003	1.70792e-003	0.	8.81068e-002	29.4894	0.	1.19848e-002	0.999928	0.	0.	0.222222	
Time	FPS	Frame	0	28	34	34	28	4.97039e-003	2.0693e-003	0.	9.16958e-002	29.7113	0.	1.23462e-002	0.999924	0.	0.	0.222222	
Time	FPS	Frame	0	29	34	34	29	6.38298e-003	2.43998e-003	0.	9.53888e-002	29.9332	0.	1.27169e-002	0.999919	0.	0.	0.222222	
Time	FPS	Frame	0	29	35	35	29	7.85924e-003	1.9361e-003	0.	9.91456e-002	30.1551	0.	1.30803e-002	0.999914	0.	0.	0.222222	
Time	FPS	Frame	0	29	35	35	29	9.14595e-003	2.31956e-003	0.	0.103034	30.3769	0.	1.34637e-002	0.999909	0.	0.	0.222222	
Time	FPS	Frame	0	29	35	35	29	1.06262e-002	2.69496e-003	0.	0.106987	30.5988	0.	1.3839e-002	0.999904	0.	0.	0.222222	
Time	FPS	Frame	0	30	36	35	30	1.21695e-002	2.14627e-003	0.	0.111004	30.8207	0.	1.42065e-002	0.999899	0.	0.	0.222222	
Time	FPS	Frame	0	30	36	36	30	1.36846e-002	2.55365e-003	0.	0.115203	31.0425	0.	1.46139e-002	0.999893	0.	0.	0.222222	
Time	FPS	Frame	0	30	36	36	30	1.52766e-002	2.95234e-003	0.	0.119471	31.2644	0.	1.50125e-002	0.999887	0.	0.	0.222222	
Time	FPS	Frame	0	30	36	36	30	1.69353e-002	3.34251e-003	0.	0.123806	31.4862	0.	1.54026e-002	0.999881	0.	0.	0.222222	
Time	FPS	Frame	0	31	37	37	31	1.65145e-002	1.92265e-003	0.	0.126061	31.7081	0.	1.49508e-002	0.999888	0.	0.	0.222222	
Time	FPS	Frame	0	31	37	37	31	1.79272e-002	2.34581e-003	0.	0.130466	31.9299	0.	1.53739e-002	0.999882	0.	0.	0.222222	
Time	FPS	Frame	0	31	37	37	31	1.95109e-002	2.7592e-003	0.	0.13494	32.1517	0.	1.57873e-002	0.999875	0.	0.	0.222222	
Time	FPS	Frame	0	32	38	38	31	2.11618e-002	3.16305e-003	0.	0.139481	32.3735	0.	1.6191e-002	0.999869	0.	0.	0.222222	
Time	FPS	Frame	0	32	38	38	32	2.29319e-002	2.557e-003	0.	0.144142	32.5954	0.	1.66064e-002	0.999862	0.	0.	0.222222	
Time	FPS	Frame	0	32	38	38	32	2.44099e-002	2.99623e-003	0.	0.148956	32.8172	0.	1.70455e-002	0.999855	0.	0.	0.222222	
Time	FPS	Frame	0	32	39	38	32	2.61778e-002	3.42514e-003	0.	0.15384	33.039	0.	1.74744e-002	0.999847	0.	0.	0.222222	
Time	FPS	Frame	0	33	39	39	33	2.5728e-002	1.87729e-003	0.	0.156507	33.2608	0.	1.70042e-002	0.999855	0.	0.	0.222222	
Time	FPS	Frame	0	33	39	39	33	2.72227e-002	2.34436e-003	0.	0.16148	33.4826	0.	1.74712e-002	0.999847	0.	0.	0.222222	
Time	FPS	Frame	0	33	40	39	33	2.89134e-002	2.7995e-003	0.	0.166526	33.7043	0.	1.79263e-002	0.999839	0.	0.	0.222222	
Time	FPS	Frame	0	34	40	40	33	3.0733e-002	2.12992e-003	0.	0.171701	33.9261	0.	1.83922e-002	0.999831	0.	0.	0.222222	
Time	FPS	Frame	0	34	40	40	34	3.24463e-002	2.62415e-003	0.	0.177052	34.1478	0.	1.88863e-002	0.999822	0.	0.	0.222222	
Time	FPS	Frame	0	34	41	40	34	3.42665e-002	3.10556e-003	0.	0.182479	34.3696	0.	1.93677e-002	0.999812	0.	0.	0.222222	
Time	FPS	Frame	0	34	41	41	34	3.61614e-002	3.57446e-003	0.	0.187981	34.5914	0.	1.98365e-002	0.999803	0.	0.	0.222222	
Time	FPS	Frame	0	35	41	41	35	3.56594e-002	1.87605e-003	0.	0.191086	34.8131	0.	1.93331e-002	0.999813	0.	0.	0.222222	
Time	FPS	Frame	0	35	41	41	35	3.71889e-002	2.38954e-003	0.	0.196694	35.0348	0.	1.98465e-002	0.999803	0.	0.	0.222222	
Time	FPS	Frame	0	35	42	42	35	3.90021e-002	2.88845e-003	0.	0.202379	35.2566	0.	2.03453e-002	0.999793	0.	0.	0.222222	
Time	FPS	Frame	0	36	42	42	35	4.09541e-002	2.13995e-003	0.	0.208202	35.4783	0.	2.08551e-002	0.999783	0.	0.	0.222222	
Time	FPS	Frame	0	36	42	42	36	4.26847e-002	2.68251e-003	0.	0.214222	35.7	0.	2.13975e-002	0.999771	0.	0.	0.222222	
Time	FPS	Frame	0	36	43	43	36	4.46348e-002	3.2094e-003	0.	0.220323	35.9217	0.	2.19243e-002	0.99976	0.	0.	0.222222	
Time	FPS	Frame	0	36	43	43	36	4.66626e-002	2.39836e-003	0.	0.226501	36.1434	0.	2.24358e-002	0.999748	0.	0.	0.222222	
Time	FPS	Frame	0	37	43	43	37	4.85904e-002	2.97208e-003	0.	0.232951	36.365	0.	2.30094e-002	0.999735	0.	0.	0.222222	
Time	FPS	Frame	0	37	44	44	37	5.06817e-002	3.52894e-003	0.	0.239485	36.5867	0.	2.35661e-002	0.999722	0.	0.	0.222222	
Time	FPS	Frame	0	37	44	44	37	5.28544e-002	2.6789e-003	0.	0.246101	36.8083	0.	2.41064e-002	0.999709	0.	0.	0.222222	
Time	FPS	Frame	0	38	44	44	37	5.49034e-002	3.25635e-003	0.	0.252931	37.03	0.	2.46837e-002	0.999695	0.	0.	0.222222	
Time	FPS	Frame	0	38	45	45	38	5.71402e-002	3.84531e-003	0.	0.259918	37.2516	0.	2.52725e-002	0.999681	0.	0.	0.222222	
Time	FPS	Frame	0	38	45	45	38	5.94623e-002	4.41665e-003	0.	0.266991	37.4732	0.	2.58437e-002	0.999666	0.	0.	0.222222	
Time	FPS	Frame	0	39	46	45	38	5.86651e-002	2.26593e-003	0.	0.270943	37.6948	0.	2.51533e-002	0.999684	0.	0.	0.222222	
Time	FPS	Frame	0	39	46	46	39	6.04786e-002	2.89875e-003	0.	0.278146	37.9164	0.	2.57859e-002	0.999667	0.	0.	0.222222	
Time	FPS	Frame	0	39	46	46	39	6.26953e-002	3.51076e-003	0.	0.285437	38.138	0.	2.63977e-002	0.999652	0.	0.	0.222222	
Time	FPS	Frame	0	39	47	46	39	6.4996e-002	2.56934e-003	0.	0.292811	38.3596	0.	2.69893e-002	0.999636	0.	0.	0.222222	
Time	FPS	Frame	0	40	47	47	40	6.69722e-002	3.23653e-003	0.	0.300509	38.5811	0.	2.76563e-002	0.999617	0.	0.	0.222222	
Time	FPS	Frame	0	40	47	47	40	6.93482e-002	3.88138e-003	0.	0.308297	38.8027	0.	2.83009e-002	0.999599	0.	0.	0.222222	
Time	FPS	Frame	0	40	48	47	40	7.18116e-002	2.8971e-003	0.	0.316174	39.0242	0.	2.89239e-002	0.999582	0.	0.	0.222222	
Time	FPS	Frame	0	41	48	48	41	7.38547e-002	3.56568e-003	0.	0.324304	39.2457	0.	2.95922e-002	0.999562	0.	0.	0.222222	
Time	FPS	Frame	0	41	48	48	41	7.63943e-002	4.24586e-003	0.	0.332611	39.4672	0.	3.0272e-002	0.999542	0.	0.	0.222222	
Time	FPS	Frame	0	41	49	48	41	7.90252e-002	3.2159e-003	0.	0.34101	39.6887	0.	3.09287e-002	0.999522	0.	0.	0.222222	
Time	FPS	Frame	0	42	49	49	42	8.12018e-002	3.92027e-003	0.	0.349676	39.9102	0.	3.16328e-002	0.9995	0.	0.	0.222222	
Time	FPS	Frame	0	42	49	49	42	8.38137e-002	2.83124e-003	0.	0.358429	40.1317	0.	3.23101e-002	0.999478	0.	0.	0.222222	
Time	FPS	Frame	0	42	50	50	42	8.6414e-002	3.60089e-003	0.	0.367566	40.3531	0.	3.30794e-002	0.999453	0.	0.	0.222222	
Time	FPS	Frame	0	43	50	50	43	8.91152e-002	4.34091e-003	0.	0.376799	40.5745	0.	3.3819e-002	0.999428	0.	0.	0.222222	
Time	FPS	Frame	0	43	51	50	43	9.19072e-002	3.20058e-003	0.	0.386123	40.7959	0.	3.45301e-002	0.999404	0.	0.	0.222222	
Time	FPS	Frame	0	43	51	51	43	9.45264e-002	3.96761e-003	0.	0.395745	41.0173	0.	3.52967e-002	0.999377	0.	0.	0.222222	
Time	FPS	Frame	0	44	51	51	44	9.74082e-002	4.74633e-003	0.	0.405567	41.2386	0.	3.60749e-002	0.999349	0.	0.	0.222222	
Time	FPS	Frame	0	44	52	51	44	9.64953e-002	2.04419e-003	0.	0.411597	41.4601	0.	3.53115e-002	0.999376	0.	0.	0.222222	
Time	FPS	Frame	0	44	52	52	44	9.90467e-002	2.91663e-003	0.	0.42166	41.6814	0.	3.61834e-002	0.999345	0.	0.	0.222222	
Time	FPS	Frame	0	45	53	52	45	0.101838	3.75074e-003	0.	0.431819	41.9027	0.	3.7017e-002	0.999315	0.	0.	0.222222	
Time	FPS	Frame	0	45	53	53	45	0.10472	2.5197e-003	0.	0.442069	42.124	0.	3.78139e-002	0.999285	0.	0.	0.222222	
Time	FPS	Frame	0	45	53	53	45	0.107361	3.42951e-003	0.	0.452781	42.3452	0.	3.8723e-002	0.99925	0.	0.	0.222222	
Time	FPS	Frame	0	46	54	53	46	0.110356	4.29864e-003	0.	0.463591	42.5664	0.	3.95915e-002	0.999216	0.	0.	0.222222	
Time	FPS	Frame	0	46	54	54	46	0.113443	3.00677e-003	0.	0.474495	42.7877	0.	4.04211e-002	0.999183	0.	0.	0.222222	
Time	FPS	Frame	0	46	55	54	46	0.116024	3.90715e-003	0.	0.48576	43.0088	0.	4.13207e-002	0.999146	0.	0.	0.222222	
Time	FPS	Frame	0	47	55	55	47	0.119225	2.59678e-003	0.	0.497245	43.23	0.	4.22281e-002	0.999108	0.	0.	0.222222	
Time	FPS	Frame	0	47	55	55	47	0.122242	3.58086e-003	0.	0.509122	43.4511	0.	4.32113e-002	0.999066	0.	0.	0.222222	
Time	FPS	Frame	0	48	56	55	47	0.125435	4.51409e-003	0.	0.521088	43.6722	0.	4.41436e-002	0.999025	0.	0.	0.222222	
Time	FPS	Frame	0	48	56	56	48	0.128862	3.13955e-003	0.	0.533287	43.8933	0.	4.50866e-002	0.998983	0.	0.	0.222222	
Time	FPS	Frame	0	48	57	56	48	0.1319	4.16143e-003	0.	0.545893	44.1143	0.	4.61074e-002	0.998936	0.	0.	0.222222	
Time	FPS	Frame	0	49	57	57	48	0.135311	2.70796e-003	0.	0.558588	44.3354	0.	4.70745e-002	0.998891	0.	0.	0.222222	
Time	FPS	Frame	0	49	57	57	49	0.13879	3.82248e-003	0.	0.571867	44.5563	0.	4.81877e-002	0.998838	0.	0.	0.222222	
Time	FPS	Frame	0	49	58	57	49	0.142349	4.87734e-003	0.	0.585242	44.7772	0.	4.92413e-002	0.998787	0.	0.	0.222222	
Time	FPS	Frame	0	50	58	58	49	0.145996	3.34598e-003	0.	0.598707	44.9982	0.	5.02385e-002	0.998737	0.	0.	0.222222	
Time	FPS	Frame	0	50	59	58	50	0.149293	4.43575e-003	0.	0.612624	45.219	0.	5.13269e-002	0.998682	0.	0.	0.222222	
Time	FPS	Frame	0	50	59	59	50	0.153088	2.89043e-003	0.	0.626792	45.4399	0.	5.24193e-002	0.998625	0.	0.	0.222222	
Time	FPS	Frame	0	51	60	59	51	0.156825	4.08329e-003	0.	0.641451	45.6606	0.	5.36105e-002	0.998562	0.	0.	0.222222	
Time	FPS	Frame	0	51	60	60	51	0.160604	5.20121e-003	0.	0.656184	45.8814	0.	5.47268e-002	0.998501	0.	0.	0.222222	
Time	FPS	Frame	0	52	61	60	51	0.164654	3.57499e-003	0.	0.671188	46.1022	0.	5.58524e-002	0.998439	0.	0.	0.222222	
Time	FPS	Frame	0	52	61	61	52	0.168298	4.80296e-003	0.	0.686694	46.3229	0.	5.70784e-002	0.99837	0.	0.	0.222222	
Time	FPS	Frame	0	52	61	61	52	0.172316	3.08115e-003	0.	0.702274	46.5436	0.	5.82259e-002	0.998303	0.	0.	0.222222	
Time	FPS	Frame	0	53	62	61	53	0.176389	4.42355e-003	0.	0.718592	46.7641	0.	5.9566e-002	0.998224	0.	0.	0.222222	
Time	FPS	Frame	0	53	62	62	53	0.180595	5.67859e-003	0.	0.734988	46.9847	0.	6.08188e-002	0.998149	0.	0.	0.222222	
Time	FPS	Frame	0	54	63	62	53	0.184869	3.85909e-003	0.	0.751454	47.2053	0.	6.19899e-002	0.998077	0.	0.	0.222222	
Time	FPS	Frame	0	54	63	63	54	0.188782	5.23718e-003	0.	0.768694	47.4257	0.	6.33653e-002	0.99799	0.	0.	0.222222	
Time	FPS	Frame	0	54	64	63	54	0.193249	3.40566e-003	0.	0.786008	47.6462	0.	6.46495e-002	0.997908	0.	0.	0.222222	
Time	FPS	Frame	0	55	64	64	55	0.197357	4.82015e-003	0.	0.803927	47.8665	0.	6.60609e-002	0.997816	0.	0.	0.222222	
Time	FPS	Frame	0	55	65	64	55	0.202033	2.97729e-003	0.	0.82213	48.0868	0.	6.74616e-002	0.997722	0.	0.	0.222222	
Time	FPS	Frame	0	56	65	65	55	0.206563	4.51842e-003	0.	0.840987	48.3069	0.	6.89992e-002	0.997617	0.	0.	0.222222	
Time	FPS	Frame	0	56	66	65	56	0.21121	2.55653e-003	0.	0.859877	48.5272	0.	7.04145e-002	0.997518	0.	0.	0.222222	
Time	FPS	Frame	0	56	66	66	56	0.216162	4.22927e-003	0.	0.879715	48.7471	0.	7.2083e-002	0.997399	0.	0.	0.222222	
Time	FPS	Frame	0	57	67	66	57	0.221051	5.76695e-003	0.	0.899583	48.9672	0.	7.36166e-002	0.997287	0.	0.	0.222222	
Time	FPS	Frame	0	57	67	67	57	0.22596	3.66472e-003	0.	0.919479	49.1873	0.	7.50262e-002	0.997182	0.	0.	0.222222	
Time	FPS	Frame	0	58	68	67	57	0.230574	5.3496e-003	0.	0.940364	49.4071	0.	7.67063e-002	0.997054	0.	0.	0.222222	
Time	FPS	Frame	0	58	68	68	58	0.235732	3.2409e-003	0.	0.961274	49.6271	0.	7.8248e-002	0.996934	0.	0.	0.222222	
Time	FPS	Frame	0	59	69	68	58	0.240728	5.06742e-003	0.	0.983223	49.8467	0.	8.00688e-002	0.996789	0.	0.	0.222222	
Time	FPS	Frame	0	59	69	69	59	0.246151	2.94075e-003	0.	1.00519	50.0665	0.	8.17372e-002	0.996654	0.	0.	0.222222	
Time	FPS	Frame	0	60	70	69	59	0.25125	4.79774e-003	0.	1.02799	50.286	0.	8.35878e-002	0.9965	0.	0.	0.222222	
Time	FPS	Frame	0	60	70	70	60	0.256952	2.65349e-003	0.	1.05106	50.5055	0.	8.53869e-002	0.996348	0.	0.	0.222222	
Time	FPS	Frame	0	60	71	70	60	0.262422	4.65334e-003	0.	1.07501	50.7248	0.	8.73792e-002	0.996175	0.	0.	0.222222	
Time	FPS	Frame	0	61	72	71	60	0.268416	2.48677e-003	0.	1.09923	50.9441	0.	8.93039e-002	0.996004	0.	0.	0.222222	
Time	FPS	Frame	0	61	72	71	61	0.274242	4.62335e-003	0.	1.12439	51.1631	0.	9.14317e-002	0.995811	0.	0.	0.222222	
Time	FPS	Frame	0	62	73	72	61	0.28018	2.28285e-003	0.	1.14946	51.3823	0.	9.33363e-002	0.995635	0.	0.	0.222222	
Time	FPS	Frame	0	62	73	73	62	0.286345	4.56514e-003	0.	1.17586	51.6011	0.	9.56084e-002	0.995419	0.	0.	0.222222	
Time	FPS	Frame	0	63	74	73	62	0.292595	2.19077e-003	0.	1.20216	51.82	0.	9.76379e-002	0.995222	0.	0.	0.222222	
Time	FPS	Frame	0	63	74	74	63	0.299063	4.60703e-003	0.	1.22984	52.0385	0.	0.100042	0.994983	0.	0.	0.222222	
Time	FPS	Frame	0	64	75	74	63	0.305618	2.18899e-003	0.	1.2574	52.2573	0.	0.102186	0.994765	0.	0.	0.222222	
Time	FPS	Frame	0	64	75	75	64	0.312044	4.61078e-003	0.	1.28609	52.4756	0.	0.104594	0.994515	0.	0.	0.222222	
Time	FPS	Frame	0	65	76	75	64	0.318898	2.14488e-003	0.	1.31493	52.6941	0.	0.106852	0.994275	0.	0.	0.222222	
Time	FPS	Frame	0	65	77	76	65	0.325541	4.69155e-003	0.	1.34496	52.9122	0.	0.109384	0.994	0.	0.	0.222222	
Time	FPS	Frame	0	66	77	77	65	0.332679	2.15907e-003	0.	1.37511	53.1304	0.	0.111744	0.993737	0.	0.	0.222222	
Time	FPS	Frame	0	66	78	77	66	0.339475	4.81693e-003	0.	1.40648	53.3482	0.	0.114384	0.993437	0.	0.	0.222222	
Time	FPS	Frame	0	67	78	78	66	0.346881	2.2135e-003	0.	1.43796	53.5662	0.	0.116836	0.993151	0.	0.	0.222222	
Time	FPS	Frame	0	67	79	78	67	0.353765	2.26756e-004	0.	1.47069	53.7837	0.	0.119574	0.992825	0.	0.	0.222222	
Time	FPS	Frame	0	68	80	79	67	0.36223	2.99376e-003	0.	1.50515	54.0006	0.	0.12277	0.992435	0.	0.	0.222222	
Time	FPS	Frame	0	68	80	80	68	0.369958	4.49018e-004	0.	1.53916	54.2179	0.	0.125499	0.992094	0.	0.	0.222222	
Time	FPS	Frame	0	69	81	80	68	0.37838	3.68611e-003	0.	1.57496	54.4346	0.	0.12871	0.991682	0.	0.	0.222222	
Time	FPS	Frame	0	69	82	81	69	0.386276	1.0398e-003	0.	1.61029	54.6518	0.	0.131442	0.991324	0.	0.	0.222222	
Time	FPS	Frame	0	70	82	81	69	0.394621	4.30477e-003	0.	1.64745	54.8682	0.	0.134678	0.990889	0.	0.	0.222222	
Time	FPS	Frame	0	70	83	82	70	0.402693	1.57465e-003	0.	1.68412	55.0851	0.	0.137424	0.990512	0.	0.	0.222222	
Time	FPS	Frame	0	71	84	83	70	0.410929	7.31271e-004	0.	1.72268	55.3012	0.	0.140695	0.990053	0.	0.	0.222222	
Time	FPS	Frame	0	71	84	83	71	0.420688	3.02762e-003	0.	1.76306	55.5167	0.	0.144415	0.989517	0.	0.	0.222222	
Time	FPS	Frame	0	72	85	84	71	0.429574	5.11451e-004	0.	1.8029	55.7327	0.	0.147579	0.98905	0.	0.	0.222222	
Time	FPS	Frame	0	72	86	85	72	0.439105	4.23014e-003	0.	1.84468	55.9479	0.	0.151256	0.988495	0.	0.	0.222222	
Time	FPS	Frame	0	73	86	85	72	0.448074	1.54344e-003	0.	1.88584	56.1637	0.	0.154347	0.988017	0.	0.	0.222222	
Time	FPS	Frame	0	73	87	86	73	0.457293	6.97296e-004	0.	1.929	56.3787	0.	0.157985	0.987442	0.	0.	0.222222	
Time	FPS	Frame	0	74	88	87	74	0.468023	3.45496e-003	0.	1.97409	56.593	0.	0.162084	0.986777	0.	0.	0.222222	
Time	FPS	Frame	0	75	88	88	74	0.477781	9.25161e-004	0.	2.01851	56.8078	0.	0.165538	0.986203	0.	0.	0.222222	
Time	FPS	Frame	0	75	89	88	75	0.487777	4.85918e-003	0.	2.06471	57.022	0.	0.169416	0.985545	0.	0.	0.222222	
Time	FPS	Frame	0	76	90	89	75	0.497574	2.1225e-003	0.	2.11047	57.2367	0.	0.172763	0.984963	0.	0.	0.222222	
Time	FPS	Frame	0	76	91	90	76	0.507391	1.26421e-004	0.	2.15837	57.4504	0.	0.176691	0.984266	0.	0.	0.222222	
Time	FPS	Frame	0	77	91	91	76	0.51863	4.32695e-003	0.	2.20823	57.6634	0.	0.181073	0.98347	0.	0.	0.222222	
Time	FPS	Frame	0	78	92	91	77	0.529211	1.72486e-003	0.	2.25737	57.877	0.	0.184757	0.982784	0.	0.	0.222222	
Time	FPS	Frame	0	78	93	92	78	0.539449	5.62437e-004	0.	2.30829	58.0899	0.	0.188852	0.982006	0.	0.	0.222222	
Time	FPS	Frame	0	79	94	93	78	0.551621	4.28869e-003	0.	2.36172	58.3017	0.	0.193614	0.981078	0.	0.	0.222222	
Time	FPS	Frame	0	79	95	94	79	0.562911	1.76147e-003	0.	2.41423	58.5144	0.	0.197563	0.98029	0.	0.	0.222222	
Time	FPS	Frame	0	80	95	94	80	0.573788	4.43565e-004	0.	2.46859	58.7262	0.	0.201921	0.979402	0.	0.	0.222222	
Time	FPS	Frame	0	81	96	95	80	0.586572	2.07669e-003	0.	2.52549	58.9369	0.	0.206945	0.978353	0.	0.	0.222222	
Time	FPS	Frame	0	81	97	96	81	0.60106	3.61786e-003	0.	2.58479	59.1465	0.	0.212513	0.977158	0.	0.	0.222222	
Time	FPS	Frame	0	82	98	97	81	0.613616	1.33428e-003	0.	2.64268	59.3573	0.	0.216984	0.976175	0.	0.	0.222222	
Time	FPS	Frame	0	82	99	98	82	0.626165	6.20225e-004	0.	2.70251	59.5673	0.	0.221861	0.975078	0.	0.	0.222222	
Time	FPS	Frame	0	83	99	99	83	0.640528	5.03451e-003	0.	2.76491	59.776	0.	0.227372	0.973808	0.	0.	0.222222	
Time	FPS	Frame	0	84	100	99	83	0.653441	2.57395e-003	0.	2.82604	59.9859	0.	0.231845	0.972753	0.	0.	0.222222	
Time	FPS	Frame	0	84	101	100	84	0.665771	4.08189e-004	0.	2.88903	60.195	0.	0.236688	0.971586	0.	0.	0.222222	
Time	FPS	Frame	0	85	102	101	85	0.679984	1.12478e-003	0.	2.95472	60.4026	0.	0.242228	0.970219	0.	0.	0.222222	
Time	FPS	Frame	0	86	103	102	85	0.695796	2.16786e-003	0.	3.02288	60.6091	0.	0.24831	0.968681	0.	0.	0.222222	
Time	FPS	Frame	0	86	104	103	86	0.713001	4.55738e-003	0.	3.09336	60.8145	0.	0.254819	0.966989	0.	0.	0.222222	
Time	FPS	Frame	0	87	105	104	87	0.72656	2.02742e-003	0.	3.16107	61.0221	0.	0.259543	0.965731	0.	0.	0.222222	
Time	FPS	Frame	0	88	106	105	88	0.74092	2.71818e-004	0.	3.23168	61.2282	0.	0.265066	0.96423	0.	0.	0.222222	
Time	FPS	Frame	0	89	107	106	88	0.756947	9.26222e-004	0.	3.30491	61.4328	0.	0.271201	0.962523	0.	0.	0.222222	
Time	FPS	Frame	0	89	108	107	89	0.774339	1.68646e-003	0.	3.38055	61.6363	0.	0.277797	0.96064	0.	0.	0.222222	
Time	FPS	Frame	0	90	109	108	90	0.792874	5.54878e-003	0.	3.45841	61.8386	0.	0.28474	0.958605	0.	0.	0.222222	
Time	FPS	Frame	0	91	110	109	91	0.807281	2.97979e-003	0.	3.53308	62.0437	0.	0.28966	0.95713	0.	0.	0.222222	
Time	FPS	Frame	0	91	111	110	91	0.82233	1.24774e-003	0.	3.61075	62.247	0.	0.295409	0.955371	0.	0.	0.222222	
Time	FPS	Frame	0	92	112	111	92	0.838933	1.09666e-004	0.	3.69105	62.4487	0.	0.301765	0.953382	0.	0.	0.222222	
Time	FPS	Frame	0	93	113	112	93	0.856761	6.07861e-004	0.	3.77374	62.6492	0.	0.308561	0.951205	0.	0.	0.222222	
Time	FPS	Frame	0	94	114	113	94	0.87553	1.01096e-003	0.	3.8586	62.8486	0.	0.315664	0.948871	0.	0.	0.222222	
Time	FPS	Frame	0	95	115	114	94	0.895075	1.18891e-003	0.	3.9455	63.0468	0.	0.322995	0.946401	0.	0.	0.222222	
Time	FPS	Frame	0	95	116	115	95	0.915185	1.19686e-003	0.	4.0343	63.2442	0.	0.330466	0.943818	0.	0.	0.222222	
Time	FPS	Frame	0	96	117	116	96	0.935741	1.1453e-003	0.	4.12491	63.4406	0.	0.338027	0.941137	0.	0.	0.222222	
Time	FPS	Frame	0	97	118	117	97	0.956613	6.9495e-003	0.	4.21724	63.6361	0.	0.345634	0.938369	0.	0.	0.222222	
Time	FPS	Frame	0	98	119	118	98	0.973689	5.0772e-003	0.	4.30686	63.8344	0.	0.351313	0.936258	0.	0.	0.222222	
Time	FPS	Frame	0	99	120	119	99	0.989257	3.27836e-003	0.	4.39784	64.032	0.	0.357053	0.934084	0.	0.	0.222222	
Time	FPS	Frame	0	99	121	120	99	1.00615	2.15142e-003	0.	4.4914	64.2279	0.	0.363387	0.931638	0.	0.	0.222222	
Time	FPS	Frame	0	100	122	122	100	1.02394	1.48301e-003	0.	4.58717	64.4224	0.	0.370101	0.928992	0.	0.	0.222222	
Time	FPS	Frame	0	101	123	123	101	1.04225	1.09732e-003	0.	4.68488	64.6158	0.	0.377032	0.9262	0.	0.	0.222222	
Time	FPS	Frame	0	102	124	124	102	1.06086	9.23595e-004	0.	4.78434	64.8081	0.	0.384087	0.923297	0.	0.	0.222222	
Time	FPS	Frame	0	103	125	125	103	1.07959	9.0784e-004	0.	4.8854	64.9996	0.	0.391179	0.920314	0.	0.	0.222222	
Time	FPS	Frame	0	104	127	126	104	1.09828	9.39041e-004	0.	4.98794	65.1903	0.	0.398255	0.917275	0.	0.	0.222222	
Time	FPS	Frame	0	105	128	127	105	1.11681	1.03537e-003	0.	5.09187	65.3803	0.	0.405267	0.914198	0.	0.	0.222222	
Time	FPS	Frame	0	105	129	129	106	1.13509	6.19626e-003	0.	5.19709	65.5696	0.	0.412186	0.9111	0.	0.	0.222222	
Time	FPS	Frame	0	106	130	130	107	1.16117	2.15077e-003	0.	5.31103	65.7512	0.	0.422426	0.906397	0.	0.	0.222222	
Time	FPS	Frame	0	107	131	131	108	1.18244	7.11628e-004	0.	5.42163	65.9368	0.	0.430128	0.902768	0.	0.	0.222222	
Time	FPS	Frame	0	108	132	132	109	1.20221	2.23314e-004	0.	5.53254	66.1226	0.	0.437214	0.899358	0.	0.	0.222222	
Time	FPS	Frame	0	109	134	133	110	1.22076	8.47799e-004	0.	5.64396	66.3085	0.	0.44383	0.896111	0.	0.	0.222222	
Time	FPS	Frame	0	110	135	135	111	1.23825	1.2413e-003	0.	5.75597	66.4943	0.	0.450061	0.892998	0.	0.	0.222222	
Time	FPS	Frame	0	111	136	136	112	1.25484	1.51001e-003	0.	5.86866	66.68	0.	0.455985	0.889987	0.	0.	0.222222	
Time	FPS	Frame	0	112	137	137	113	1.27056	1.70677e-003	0.	5.98202	66.8655	0.	0.461624	0.887076	0.	0.	0.222222	
Time	FPS	Frame	0	113	138	138	114	1.28541	1.79811e-003	0.	6.096	67.0508	0.	0.466983	0.884266	0.	0.	0.222222	
Time	FPS	Frame	0	114	140	140	115	1.29936	3.59699e-003	0.	6.21055	67.236	0.	0.472063	0.881565	0.	0.	0.222222	
Time	FPS	Frame	0	115	141	141	116	1.31567	1.48337e-003	0.	6.32903	67.4176	0.	0.478489	0.878093	0.	0.	0.222222	
Time	FPS	Frame	0	116	142	142	117	1.3299	5.49489e-004	0.	6.44615	67.6011	0.	0.483615	0.875281	0.	0.	0.222222	
Time	FPS	Frame	0	117	143	143	118	1.34206	1.72023e-004	0.	6.56285	67.7856	0.	0.488008	0.872839	0.	0.	0.222222	
Time	FPS	Frame	0	118	144	145	119	1.35299	4.75546e-005	0.	6.67963	67.9704	0.	0.49199	0.870601	0.	0.	0.222222	
Time	FPS	Frame	0	120	146	146	120	1.36222	3.7606e-003	0.	6.79612	68.156	0.	0.495414	0.868657	0.	0.	0.222222	
Time	FPS	Frame	0	121	147	147	121	1.37021	3.2818e-003	0.	6.91329	68.3411	0.	0.498808	0.866713	0.	0.	0.222222	
Time	FPS	Frame	0	122	148	148	123	1.37625	3.55564e-003	0.	7.02914	68.5281	0.	0.501213	0.865324	0.	0.	0.222222	
Time	FPS	Frame	0	123	149	150	124	1.37628	5.75497e-003	0.	7.14142	68.7194	0.	0.501645	0.865074	0.	0.	0.222222	
Time	FPS	Frame	0	124	151	151	125	1.37701	7.17429e-003	0.	7.25467	68.9096	0.	0.502499	0.864578	0.	0.	0.222222	
Time	FPS	Frame	0	125	152	152	126	1.37819	9.56034e-003	0.	7.36868	69.0991	0.	0.503626	0.863922	0.	0.	0.222222	
Time	FPS	Frame	0	127	153	153	127	1.38003	9.00309e-003	0.	7.48388	69.2874	0.	0.505209	0.862997	0.	0.	0.222222	
Time	FPS	Frame	0	128	154	155	128	1.38225	8.31426e-003	0.	7.59921	69.4757	0.	0.506684	0.862132	0.	0.	0.222222	
Time	FPS	Frame	0	129	156	156	130	1.38421	7.27966e-003	0.	7.71458	69.6641	0.	0.508025	0.861342	0.	0.	0.222222	
Time	FPS	Frame	0	130	157	157	131	1.38589	6.22357e-003	0.	7.82984	69.8528	0.	0.509168	0.860667	0.	0.	0.222222	
Time	FPS	Frame	0	131	158	158	132	1.38725	5.08278e-003	0.	7.94494	70.0418	0.	0.510107	0.860111	0.	0.	0.222222	
Time	FPS	Frame	0	133	159	160	133	1.38829	4.27256e-003	0.	8.05978	70.2312	0.	0.510828	0.859683	0.	0.	0.222222	
Time	FPS	Frame	0	134	161	161	134	1.38903	3.61284e-003	0.	8.17447	70.4209	0.	0.511394	0.859346	0.	0.	0.222222	
Time	FPS	Frame	0	135	162	162	136	1.38954	3.0829e-003	0.	8.28902	70.6108	0.	0.511834	0.859084	0.	0.	0.222222	
Time	FPS	Frame	0	136	163	163	137	1.38987	2.73095e-003	0.	8.40346	70.8009	0.	0.512173	0.858882	0.	0.	0.222222	
Time	FPS	Frame	0	138	165	165	138	1.39007	2.39069e-003	0.	8.51784	70.9912	0.	0.512444	0.85872	0.	0.	0.222222	
Time	FPS	Frame	0	139	166	166	139	1.39017	2.13176e-003	0.	8.63214	71.1815	0.	0.512651	0.858597	0.	0.	0.222222	
Time	FPS	Frame	0	140	167	167	141	1.39016	1.97205e-003	0.	8.74639	71.3719	0.	0.512808	0.858504	0.	0.	0.222222	
Time	FPS	Frame	0	141	168	168	142	1.3901	1.84211e-003	0.	8.86061	71.5624	0.	0.512934	0.858428	0.	0.	0.222222	
Time	FPS	Frame	0	143	170	170	143	1.39	1.68425e-003	0.	8.9748	71.7529	0.	0.513036	0.858367	0.	0.	0.222222	
Time	FPS	Frame	0	144	171	171	144	1.38984	1.64254e-003	0.	9.08896	71.9435	0.	0.513107	0.858324	0.	0.	0.222222	
Time	FPS	Frame	0	145	172	172	146	1.38966	1.53315e-003	0.	9.20311	72.1341	0.	0.513171	0.858286	0.	0.	0.222222	
Time	FPS	Frame	0	147	173	173	147	1.38945	1.47349e-003	0.	9.31724	72.3247	0.	0.513214	0.858261	0.	0.	0.222222	
Time	FPS	Frame	0	148	175	175	148	1.38922	1.46465e-003	0.	9.43135	72.5154	0.	0.513245	0.858242	0.	0.	0.222222	
Time	FPS	Frame	0	149	176	176	149	1.38898	1.42662e-003	0.	9.54547	72.706	0.	0.513275	0.858224	0.	0.	0.222222	
Time	FPS	Frame	0	150	177	177	151	1.38873	1.38949e-003	0.	9.65958	72.8967	0.	0.513297	0.858211	0.	0.	0.222222	
Time	FPS	Frame	0	152	178	178	152	1.38847	1.37916e-003	0.	9.77367	73.0873	0.	0.513313	0.858202	0.	0.	0.222222	
Time	FPS	Frame	0	153	180	180	153	1.3882	1.35945e-003	0.	9.88777	73.278	0.	0.513326	0.858194	0.	0.	0.222222	
Time	FPS	Frame	0	154	181	181	154	1.38793	1.35236e-003	0.	10.0019	73.4687	0.	0.513336	0.858188	0.	0.	0.222222	
Time	FPS	Frame	0	155	182	182	156	1.38765	1.33173e-003	0.	10.116	73.6594	0.	0.513344	0.858183	0.	0.	0.222222	
Time	FPS	Frame	0	157	183	183	157	1.38737	1.35095e-003	0.	10.23	73.8501	0.	0.513348	0.85818	0.	0.	0.222222	
Time	FPS	Frame	0	158	185	185	158	1.38709	1.31094e-003	0.	10.3441	74.0408	0.	0.513356	0.858176	0.	0.	0.222222	
Time	FPS	Frame	0	159	186	186	159	1.38681	1.31051e-003	0.	10.4582	74.2315	0.	0.513357	0.858175	0.	0.	0.222222	
Time	FPS	Frame	0	161	187	187	161	1.38651	1.34842e-003	0.	10.5723	74.4222	0.	0.513357	0.858175	0.	0.	0.222222	
Time	FPS	Frame	0	162	188	188	162	1.38623	1.3037e-003	0.	10.6864	74.6129	0.	0.513364	0.858171	0.	0.	0.222222	
Time	FPS	Frame	0	163	190	190	163	1.38594	1.32867e-003	0.	10.8005	74.8036	0.	0.513364	0.858171	0.	0.	0.222222	
Time	FPS	Frame	0	164	191	191	164	1.38566	1.31032e-003	0.	10.9146	74.9943	0.	0.513368	0.858168	0.	0.	0.222222	
Time	FPS	Frame	0	166	192	192	166	1.38537	1.3043e-003	0.	11.0286	75.185	0.	0.513368	0.858168	0.	0.	0.222222	
Time	FPS	Frame	0	167	193	193	167	1.38508	1.29972e-003	0.	11.1427	75.3757	0.	0.513368	0.858168	0.	0.	0.222222	
Time	FPS	Frame	0	168	195	195	168	1.38479	1.33201e-003	0.	11.2568	75.5664	0.	0.513368	0.858168	0.	0.	0.222222	
Time	FPS	Frame	0	169	196	196	169	1.3845	1.30904e-003	0.	11.3709	75.7571	0.	0.513373	0.858166	0.	0.	0.222222	
Time	FPS	Frame	0	171	197	197	171	1.38421	1.29391e-003	0.	11.485	75.9478	0.	0.513373	0.858166	0.	0.	0.222222	
Time	FPS	Frame	0	172	198	198	172	1.38393	1.31132e-003	0.	11.5991	76.1385	0.	0.513373	0.858166	0.	0.	0.222222	
Time	FPS	Frame	0	173	200	200	173	1.38363	1.31492e-003	0.	11.7131	76.3292	0.	0.513373	0.858165	0.	0.	0.222222	
Time	FPS	Frame	0	174	201	201	174	1.38334	1.31933e-003	0.	11.8272	76.5199	0.	0.513374	0.858165	0.	0.	0.222222	
Time	FPS	Frame	0	176	202	202	176	1.38306	1.31475e-003	0.	11.9413	76.7106	0.	0.513376	0.858164	0.	0.	0.222222	
Time	FPS	Frame	0	177	203	203	177	1.38277	1.28851e-003	0.	12.0554	76.9013	0.	0.513377	0.858163	0.	0.	0.222222	
Time	FPS	Frame	0	178	205	205	178	1.38249	1.29721e-003	0.	12.1695	77.092	0.	0.513377	0.858163	0.	0.	0.222222	
Time	FPS	Frame	0	179	206	206	179	1.3822	1.31347e-003	0.	12.2836	77.2827	0.	0.513377	0.858163	0.	0.	0.222222	
Time	FPS	Frame	0	181	207	207	181	1.3819	1.31362e-003	0.	12.3977	77.4734	0.	0.513378	0.858162	0.	0.	0.222222	
Time	FPS	Frame	0	182	208	208	182	1.38162	1.2842e-003	0.	12.5117	77.6641	0.	0.513379	0.858162	0.	0.	0.222222	
Time	FPS	Frame	0	183	210	209	183	1.38133	1.29519e-003	0.	12.6258	77.8548	0.	0.513379	0.858162	0.	0.	0.222222	
Time	FPS	Frame	0	184	211	211	184	1.38104	1.29519e-003	0.	12.7399	78.0455	0.	0.513379	0.858162	0.	0.	0.222222	
Time	FPS	Frame	0	186	212	212	186	1.38076	1.31259e-003	0.	12.854	78.2362	0.	0.513379	0.858162	0.	0.	0.222222	
Time	FPS	Frame	0	187	213	213	187	1.38046	1.28981e-003	0.	12.9681	78.4269	0.	0.51338	0.858161	0.	0.	0.222222	
Time	FPS	Frame	0	188	214	214	188	1.38018	1.31408e-003	0.	13.0822	78.6176	0.	0.51338	0.858161	0.	0.	0.222222	
Time	FPS	Frame	0	189	216	216	189	1.37989	1.29784e-003	0.	13.1963	78.8083	0.	0.513381	0.858161	0.	0.	0.222222	
Time	FPS	Frame	0	191	217	217	191	1.3796	1.31937e-003	0.	13.3103	78.999	0.	0.513381	0.858161	0.	0.	0.222222	
Time	FPS	Frame	0	192	218	218	192	1.37931	1.28225e-003	0.	13.4244	79.1897	0.	0.513383	0.85816	0.	0.	0.222222	
Time	FPS	Frame	0	193	219	219	193	1.37903	1.29279e-003	0.	13.5385	79.3804	0.	0.513383	0.85816	0.	0.	0.222222	
Time	FPS	Frame	0	194	221	221	194	1.37874	1.31935e-003	0.	13.6526	79.5711	0.	0.513383	0.85816	0.	0.	0.222222	
Time	FPS	Frame	0	196	222	222	196	1.37846	1.27308e-003	0.	13.7667	79.7618	0.	0.513385	0.858159	0.	0.	0.222222	
Time	FPS	Frame	0	197	223	223	197	1.37818	1.29552e-003	0.	13.8808	79.9525	0.	0.513385	0.858159	0.	0.	0.222222	
Time	FPS	Frame	0	198	224	224	198	1.37789	1.31247e-003	0.	13.9949	80.1432	0.	0.513385	0.858159	0.	0.	0.222222	
Time	FPS	Frame	0	199	226	226	199	1.37759	1.33643e-003	0.	14.1089	80.3339	0.	0.513385	0.858158	0.	0.	0.222222	
Time	FPS	Frame	0	201	227	227	201	1.37732	1.24377e-003	0.	14.223	80.5246	0.	0.513391	0.858155	0.	0.	0.222222	
Time	FPS	Frame	0	202	228	228	202	1.37705	1.28636e-003	0.	14.3371	80.7153	0.	0.513391	0.858155	0.	0.	0.222222	
Time	FPS	Frame	0	203	229	229	203	1.37676	1.30606e-003	0.	14.4512	80.906	0.	0.513391	0.858155	0.	0.	0.222222	
Time	FPS	Frame	0	204	231	231	204	1.37646	1.2969e-003	0.	14.5653	81.0967	0.	0.513391	0.858155	0.	0.	0.222222	
Time	FPS	Frame	0	206	232	232	206	1.37618	1.2598e-003	0.	14.6794	81.2874	0.	0.513391	0.858155	0.	0.	0.222222	
Time	FPS	Frame	0	207	233	233	207	1.3759	1.29919e-003	0.	14.7935	81.4781	0.	0.513391	0.858155	0.	0.	0.222222	
Time	FPS	Frame	0	208	234	234	208	1.37561	1.31247e-003	0.	14.9076	81.6688	0.	0.513391	0.858155	0.	0.	0.222222	
Time	FPS	Frame	0	209	236	236	209	1.37532	1.26773e-003	0.	15.0216	81.8595	0.	0.513391	0.858155	0.	0.	0.222222	
Time	FPS	Frame	0	211	237	237	211	1.37504	1.29429e-003	0.	15.1357	82.0502	0.	0.513391	0.858155	0.	0.	0.222222	
Time	FPS	Frame	0	212	238	238	212	1.37475	1.29384e-003	0.	15.2498	82.2409	0.	0.513391	0.858155	0.	0.	0.222222	
Time	FPS	Frame	0	213	239	239	213	1.37446	1.26361e-003	0.	15.3639	82.4316	0.	0.513391	0.858155	0.	0.	0.222222	
Time	FPS	Frame	0	214	241	241	214	1.37419	1.28742e-003	0.	15.478	82.6223	0.	0.513391	0.858155	0.	0.	0.222222	
Time	FPS	Frame	0	216	242	242	216	1.3739	1.26773e-003	0.	15.5921	82.813	0.	0.513391	0.858155	0.	0.	0.222222	
Time	FPS	Frame	0	217	243	243	217	1.37361	1.2833e-003	0.	15.7062	83.0037	0.	0.513391	0.858155	0.	0.	0.222222	
Time	FPS	Frame	0	218	244	244	218	1.37333	1.30529e-003	0.	15.8203	83.1944	0.	0.513391	0.858155	0.	0.	0.222222	
Time	FPS	Frame	0	219	246	246	219	1.37303	1.27414e-003	0.	15.9343	83.3851	0.	0.513391	0.858155	0.	0.	0.222222	
Time	FPS	Frame	0	221	247	247	221	1.37275	1.3204e-003	0.	16.0484	83.5758	0.	0.513391	0.858155	0.	0.	0.222222	
Time	FPS	Frame	0	222	248	248	222	1.37247	1.26978e-003	0.	16.1625	83.7665	0.	0.513394	0.858153	0.	0.	0.222222	
Time	FPS	Frame	0	223	249	249	223	1.37219	1.29588e-003	0.	16.2766	83.9572	0.	0.513394	0.858153	0.	0.	0.222222	
Time	FPS	Frame	0	224	251	251	224	1.3719	1.2652e-003	0.	16.3907	84.1479	0.	0.513394	0.858153	0.	0.	0.222222	
Time	FPS	Frame	0	225	252	252	225	1.37162	1.2826e-003	0.	16.5048	84.3386	0.	0.513394	0.858153	0.	0.	0.222222	
Time	FPS	Frame	0	227	253	253	227	1.37133	1.2826e-003	0.	16.6189	84.5293	0.	0.513394	0.858153	0.	0.	0.222222	
Time	FPS	Frame	0	228	254	254	228	1.37104	1.28764e-003	0.	16.733	84.72	0.	0.513394	0.858153	0.	0.	0.222222	
Time	FPS	Frame	0	229	256	256	229	1.37076	1.2739e-003	0.	16.847	84.9107	0.	0.513394	0.858153	0.	0.	0.222222	
Time	FPS	Frame	0	230	257	257	230	1.37048	1.28947e-003	0.	16.9611	85.1014	0.	0.513394	0.858153	0.	0.	0.222222	
Time	FPS	Frame	0	232	258	258	232	1.37019	1.29817e-003	0.	17.0752	85.2921	0.	0.513394	0.858153	0.	0.	0.222222	
Time	FPS	Frame	0	233	259	259	233	1.3699	1.28031e-003	0.	17.1893	85.4828	0.	0.513394	0.858153	0.	0.	0.222222	
Time	FPS	Frame	0	234	261	261	234	1.36962	1.27161e-003	0.	17.3034	85.6735	0.	0.513394	0.858153	0.	0.	0.222222	
Time	FPS	Frame	0	235	262	262	235	1.36934	1.26291e-003	0.	17.4175	85.8642	0.	0.513394	0.858153	0.	0.	0.222222	
Time	FPS	Frame	0	237	263	263	237	1.36905	1.28489e-003	0.	17.5316	86.0549	0.	0.513394	0.858153	0.	0.	0.222222	
Time	FPS	Frame	0	238	264	264	238	1.36876	1.30962e-003	0.	17.6457	86.2456	0.	0.513394	0.858153	0.	0.	0.222222	
Time	FPS	Frame	0	239	266	265	239	1.36847	1.28017e-003	0.	17.7597	86.4363	0.	0.513394	0.858153	0.	0.	0.222222	
Time	FPS	Frame	0	240	267	267	240	1.36819	1.30032e-003	0.	17.8738	86.627	0.	0.513394	0.858153	0.	0.	0.222222	
Time	FPS	Frame	0	242	268	268	242	1.3679	1.26277e-003	0.	17.9879	86.8177	0.	0.513394	0.858153	0.	0.	0.222222	
Time	FPS	Frame	0	243	269	269	243	1.36762	1.29345e-003	0.	18.102	87.0084	0.	0.513394	0.858153	0.	0.	0.222222	
Time	FPS	Frame	0	244	270	270	244	1.36733	1.28933e-003	0.	18.2161	87.1991	0.	0.513394	0.858153	0.	0.	0.222222	
Time	FPS	Frame	0	245	272	272	245	1.36704	1.31086e-003	0.	18.3302	87.3898	0.	0.513394	0.858153	0.	0.	0.222222	
Time	FPS	Frame	0	247	273	273	247	1.36676	1.26464e-003	0.	18.4443	87.5805	0.	0.513394	0.858153	0.	0.	0.222222	
Time	FPS	Frame	0	248	274	274	248	1.36648	1.29121e-003	0.	18.5584	87.7712	0.	0.513394	0.858153	0.	0.	0.222222	
Time	FPS	Frame	0	249	275	275	249	1.36619	1.26235e-003	0.	18.6724	87.9619	0.	0.513394	0.858153	0.	0.	0.222222	
Time	FPS	Frame	0	250	277	277	250	1.36591	1.26693e-003	0.	18.7865	88.1526	0.	0.513394	0.858153	0.	0.	0.222222	
Time	FPS	Frame	0	252	278	278	252	1.36562	1.27563e-003	0.	18.9006	88.3433	0.	0.513394	0.858153	0.	0.	0.222222	
Time	FPS	Frame	0	253	279	279	253	1.36534	1.29579e-003	0.	19.0147	88.534	0.	0.513394	0.858153	0.	0.	0.222222	
Time	FPS	Frame	0	254	280	280	254	1.36505	1.2706e-003	0.	19.1288	88.7247	0.	0.513394	0.858153	0.	0.	0.222222	
Time	FPS	Frame	0	255	282	282	255	1.36477	1.27105e-003	0.	19.2429	88.9154	0.	0.513394	0.858153	0.	0.	0.222222	
Time	FPS	Frame	0	257	283	283	257	1.36448	1.30632e-003	0.	19.357	89.1061	0.	0.513394	0.858153	0.	0.	0.222222	
Time	FPS	Frame	0	258	284	284	258	1.36419	1.29304e-003	0.	19.4711	89.2968	0.	0.513394	0.858153	0.	0.	0.222222	
Time	FPS	Frame	0	259	285	285	259	1.3639	1.2738e-003	0.	19.5851	89.4875	0.	0.513394	0.858153	0.	0.	0.222222	
Time	FPS	Frame	0	260	287	287	260	1.36362	1.32144e-003	0.	19.6992	89.6782	0.	0.513394	0.858153	0.	0.	0.222222	
Time	FPS	Frame	0	262	288	288	262	1.36334	1.26005e-003	0.	19.8133	89.8689	0.	0.513396	0.858152	0.	0.	0.222222	
Time	FPS	Frame	0	263	289	289	263	1.36306	1.28157e-003	0.	19.9274	90.0596	0.	0.513396	0.858152	0.	0.	0.222222	
Time	FPS	Frame	0	264	290	290	264	1.36277	1.26188e-003	0.	20.0415	90.2503	0.	0.513396	0.858152	0.	0.	0.222222	
Time	FPS	Frame	0	265	292	292	265	1.3625	1.33654e-003	0.	20.1556	90.441	0.	0.513396	0.858152	0.	0.	0.222222	
Time	FPS	Frame	0	267	293	293	267	1.3622	1.26675e-003	0.	20.2697	90.6317	0.	0.513402	0.858148	0.	0.	0.222222	
Time	FPS	Frame	0	268	294	294	268	1.36194	1.27957e-003	0.	20.3838	90.8224	0.	0.513402	0.858148	0.	0.	0.222222	
Time	FPS	Frame	0	269	295	295	269	1.36165	1.28461e-003	0.	20.4979	91.0131	0.	0.513402	0.858148	0.	0.	0.222222	
Time	FPS	Frame	0	270	297	297	270	1.36137	1.26263e-003	0.	20.612	91.2038	0.	0.513402	0.858148	0.	0.	0.222222	
Time	FPS	Frame	0	272	298	298	272	1.36109	1.30202e-003	0.	20.726	91.3945	0.	0.513402	0.858148	0.	0.	0.222222	
Time	FPS	Frame	0	273	299	299	273	1.3608	1.27545e-003	0.	20.8401	91.5852	0.	0.513402	0.858148	0.	0.	0.222222	
Time	FPS	Frame	0	274	300	300	274	1.36052	1.26904e-003	0.	20.9542	91.7759	0.	0.513402	0.858148	0.	0.	0.222222	
Time	FPS	Frame	0	275	302	302	275	1.36024	1.25347e-003	0.	21.0683	91.9666	0.	0.513402	0.858148	0.	0.	0.222222	
Time	FPS	Frame	0	277	303	303	277	1.35996	1.29744e-003	0.	21.1824	92.1573	0.	0.513402	0.858148	0.	0.	0.222222	
Time	FPS	Frame	0	278	304	304	278	1.35967	1.29102e-003	0.	21.2965	92.348	0.	0.513402	0.858148	0.	0.	0.222222	
Time	FPS	Frame	0	279	305	305	279	1.35938	1.25347e-003	0.	21.4106	92.5387	0.	0.513402	0.858148	0.	0.	0.222222	
Time	FPS	Frame	0	280	307	307	280	1.36	9.55648e-004	0.	21.5253	92.7287	0.	0.513699	0.857971	0.	0.	0.222222	
Time	FPS	Frame	0	281	308	308	281	1.36066	5.9027e-004	0.	21.6401	92.9187	0.	0.513995	0.857793	0.	0.	0.222222	
Time	FPS	Frame	0	283	309	309	283	1.36144	2.2677e-004	0.	21.7549	93.1086	0.	0.514294	0.857614	0.	0.	0.222222	
Time	FPS	Frame	0	284	310	310	284	1.36229	9.52237e-005	0.	21.8698	93.2984	0.	0.514592	0.857435	0.	0.	0.222222	
Time	FPS	Frame	0	285	312	312	285	1.3632	4.37073e-004	0.	21.9848	93.4883	0.	0.514889	0.857257	0.	0.	0.222222	
Time	FPS	Frame	0	286	313	313	286	1.36418	8.45478e-004	0.	22.0998	93.6781	0.	0.515185	0.857079	0.	0.	0.222222	
Time	FPS	Frame	0	288	314	314	288	1.36527	1.13778e-003	0.	22.2149	93.8678	0.	0.515484	0.856899	0.	0.	0.222222	
Time	FPS	Frame	0	289	315	315	289	1.36642	1.49932e-003	0.	22.3301	94.0575	0.	0.515782	0.85672	0.	0.	0.222222	
Time	FPS	Frame	0	290	317	317	290	1.36764	1.86229e-003	0.	22.4453	94.2472	0.	0.516079	0.856541	0.	0.	0.222222	
Time	FPS	Frame	0	291	318	318	291	1.36894	2.20838e-003	0.	22.5606	94.4368	0.	0.516375	0.856363	0.	0.	0.222222	
Time	FPS	Frame	0	293	319	319	293	1.37051	2.6027e-003	0.	22.6761	94.6262	0.	0.516735	0.856145	0.	0.	0.222222	
Time	FPS	Frame	0	294	320	320	294	1.37217	3.04116e-003	0.	22.7916	94.8156	0.	0.517094	0.855929	0.	0.	0.222222	
Time	FPS	Frame	0	295	322	322	295	1.37392	3.45229e-003	0.	22.9073	95.005	0.	0.517451	0.855713	0.	0.	0.222222	
Time	FPS	Frame	0	296	323	323	296	1.37346	2.98974e-003	0.	23.021	95.1954	0.	0.517044	0.855959	0.	0.	0.222222	
Time	FPS	Frame	0	298	324	324	298	1.37525	3.40079e-003	0.	23.1367	95.3847	0.	0.517421	0.855731	0.	0.	0.222222	
Time	FPS	Frame	0	299	325	325	299	1.3748	2.95427e-003	0.	23.2504	95.5752	0.	0.517023	0.855972	0.	0.	0.222222	
Time	FPS	Frame	0	300	327	327	300	1.37664	3.39072e-003	0.	23.3661	95.7645	0.	0.517414	0.855735	0.	0.	0.222222	
Time	FPS	Frame	0	301	328	328	301	1.3762	2.93728e-003	0.	23.4799	95.9549	0.	0.517018	0.855975	0.	0.	0.222222	
Time	FPS	Frame	0	303	329	329	303	1.3781	3.41524e-003	0.	23.5956	96.1441	0.	0.517431	0.855725	0.	0.	0.222222	
Time	FPS	Frame	0	304	330	330	304	1.38009	3.90834e-003	0.	23.7115	96.3333	0.	0.517842	0.855477	0.	0.	0.222222	
Time	FPS	Frame	0	305	332	331	305	1.37947	3.34628e-003	0.	23.825	96.5238	0.	0.517347	0.855775	0.	0.	0.222222	
Time	FPS	Frame	0	306	333	333	306	1.38151	3.84814e-003	0.	23.9409	96.7129	0.	0.517777	0.855516	0.	0.	0.222222	
Time	FPS	Frame	0	308	334	334	308	1.3809	3.24633e-003	0.	24.0545	96.9033	0.	0.517294	0.855808	0.	0.	0.222222	
Time	FPS	Frame	0	309	335	335	309	1.383	3.80196e-003	0.	24.1703	97.0924	0.	0.517752	0.855531	0.	0.	0.222222	
Time	FPS	Frame	0	310	337	336	310	1.38242	3.25896e-003	0.	24.2839	97.2829	0.	0.517278	0.855817	0.	0.	0.222222	
Time	FPS	Frame	0	311	338	338	311	1.38458	3.80587e-003	0.	24.3999	97.4719	0.	0.517757	0.855528	0.	0.	0.222222	
Time	FPS	Frame	0	313	339	339	313	1.38689	4.40106e-003	0.	24.5159	97.6608	0.	0.518244	0.855233	0.	0.	0.222222	
Time	FPS	Frame	0	314	340	340	314	1.3861	3.66814e-003	0.	24.6293	97.8513	0.	0.517656	0.855589	0.	0.	0.222222	
Time	FPS	Frame	0	315	342	341	315	1.38845	4.29918e-003	0.	24.7454	98.0402	0.	0.51817	0.855277	0.	0.	0.222222	
Time	FPS	Frame	0	316	343	343	316	1.3877	3.64386e-003	0.	24.8588	98.2307	0.	0.517602	0.855621	0.	0.	0.222222	
Time	FPS	Frame	0	318	344	344	318	1.39017	4.27849e-003	0.	24.9749	98.4195	0.	0.518158	0.855285	0.	0.	0.222222	
Time	FPS	Frame	0	319	345	345	319	1.38942	3.62776e-003	0.	25.0883	98.6099	0.	0.517594	0.855627	0.	0.	0.222222	
Time	FPS	Frame	0	320	347	346	320	1.39199	4.30974e-003	0.	25.2046	98.7987	0.	0.518181	0.855271	0.	0.	0.222222	
Time	FPS	Frame	0	321	348	348	321	1.3947	4.97136e-003	0.	25.3209	98.9873	0.	0.518764	0.854917	0.	0.	0.222222	
Time	FPS	Frame	0	323	349	349	323	1.39371	4.14742e-003	0.	25.4341	99.1778	0.	0.518068	0.855339	0.	0.	0.222222	
Time	FPS	Frame	0	324	351	350	324	1.39656	4.96123e-003	0.	25.5505	99.3663	0.	0.51871	0.85495	0.	0.	0.222222	
Time	FPS	Frame	0	325	352	351	325	1.39557	4.11665e-003	0.	25.6636	99.5568	0.	0.518016	0.855371	0.	0.	0.222222	
Time	FPS	Frame	0	326	353	353	326	1.39855	4.94438e-003	0.	25.7802	99.7452	0.	0.518703	0.854955	0.	0.	0.222222	
Time	FPS	Frame	0	328	354	354	328	1.40176	5.70026e-003	0.	25.8969	99.9335	0.	0.519407	0.854527	0.	0.	0.222222	
Time	FPS	Frame	0	329	356	355	329	1.40051	4.79038e-003	0.	26.0097	100.124	0.	0.518573	0.855033	0.	0.	0.222222	
Time	FPS	Frame	0	330	357	356	330	1.40387	5.65879e-003	0.	26.1265	100.312	0.	0.519338	0.854569	0.	0.	0.222222	
Time	FPS	Frame	0	331	358	358	331	1.40264	4.70316e-003	0.	26.2394	100.503	0.	0.518512	0.85507	0.	0.	0.222222	
Time	FPS	Frame	0	333	359	359	332	1.40628	5.70539e-003	0.	26.3564	100.691	0.	0.51938	0.854544	0.	0.	0.222222	
Time	FPS	Frame	0	334	361	360	334	1.41013	6.70738e-003	0.	26.4736	100.878	0.	0.520237	0.854022	0.	0.	0.222222	
Time	FPS	Frame	0	335	362	361	335	1.40853	5.48484e-003	0.	26.586	101.069	0.	0.519212	0.854645	0.	0.	0.222222	
Time	FPS	Frame	0	336	363	363	336	1.41261	6.61622e-003	0.	26.7034	101.257	0.	0.520166	0.854065	0.	0.	0.222222	
Time	FPS	Frame	0	338	364	364	337	1.41764	8.02558e-003	0.	26.8214	101.443	0.	0.521348	0.853344	0.	0.	0.222222	
Time	FPS	Frame	0	339	366	365	339	1.41558	6.50827e-003	0.	26.9333	101.634	0.	0.520073	0.854122	0.	0.	0.222222	
Time	FPS	Frame	0	340	367	366	340	1.42101	8.07155e-003	0.	27.0516	101.821	0.	0.5214	0.853312	0.	0.	0.222222	
Time	FPS	Frame	0	341	368	368	341	1.42673	9.58469e-003	0.	27.1701	102.007	0.	0.522706	0.852513	0.	0.	0.222222	
Time	FPS	Frame	0	343	370	369	342	1.42411	7.80244e-003	0.	27.2814	102.198	0.	0.521137	0.853473	0.	0.	0.222222	
Time	FPS	Frame	0	344	371	370	344	1.43075	9.6322e-003	0.	27.4006	102.383	0.	0.522766	0.852476	0.	0.	0.222222	
Time	FPS	Frame	0	345	372	371	345	1.43768	1.13008e-002	0.	27.52	102.569	0.	0.52436	0.851497	0.	0.	0.222222	
Time	FPS	Frame	0	346	373	372	346	1.43444	7.43772e-003	0.	27.6307	102.76	0.	0.522468	0.852659	0.	0.	0.222222	
Time	FPS	Frame	0	348	374	374	347	1.44258	8.57197e-003	0.	27.7512	102.944	0.	0.524627	0.851332	0.	0.	0.222222	
Time	FPS	Frame	0	349	376	375	349	1.4517	9.6488e-003	0.	27.8727	103.127	0.	0.527016	0.849856	0.	0.	0.222222	
Time	FPS	Frame	0	350	377	376	350	1.46078	1.01638e-002	0.	27.9946	103.31	0.	0.52933	0.848416	0.	0.	0.222222	
Time	FPS	Frame	0	351	378	377	351	1.47071	7.77703e-003	0.	28.1175	103.492	0.	0.531923	0.846793	0.	0.	0.222222	
Time	FPS	Frame	0	353	379	378	352	1.48221	8.38777e-003	0.	28.2423	103.673	0.	0.535186	0.844734	0.	0.	0.222222	
Time	FPS	Frame	0	354	380	379	354	1.49366	8.40608e-003	0.	28.3676	103.853	0.	0.538321	0.84274	0.	0.	0.222222	
Time	FPS	Frame	0	355	381	381	355	1.50584	8.55287e-003	0.	28.4942	104.031	0.	0.541739	0.840547	0.	0.	0.222222	
Time	FPS	Frame	0	356	382	382	356	1.51874	3.95618e-003	0.	28.622	104.209	0.	0.54543	0.838157	0.	0.	0.222222	
Time	FPS	Frame	0	358	384	383	357	1.53294	4.2297e-003	0.	28.7521	104.384	0.	0.549827	0.835278	0.	0.	0.222222	
Time	FPS	Frame	0	359	385	384	359	1.54807	4.41445e-003	0.	28.8834	104.558	0.	0.554393	0.832255	0.	0.	0.222222	
Time	FPS	Frame	0	360	386	385	360	1.56362	4.58716e-003	0.	29.0161	104.731	0.	0.559132	0.829078	0.	0.	0.222222	
Time	FPS	Frame	0	361	387	386	361	1.57958	4.65212e-003	0.	29.1502	104.902	0.	0.564043	0.825746	0.	0.	0.222222	
Time	FPS	Frame	0	362	388	387	362	1.5959	1.68388e-003	0.	29.2856	105.072	0.	0.569121	0.822254	0.	0.	0.222222	
Time	FPS	Frame	0	364	389	388	364	1.61684	1.43544e-004	0.	29.4258	105.237	0.	0.576057	0.817409	0.	0.	0.222222	
Time	FPS	Frame	0	365	390	389	365	1.63738	1.20106e-003	0.	29.5666	105.401	0.	0.582526	0.812812	0.	0.	0.222222	
Time	FPS	Frame	0	366	391	390	366	1.65734	1.85129e-003	0.	29.7082	105.565	0.	0.588772	0.808299	0.	0.	0.222222	
Time	FPS	Frame	0	367	392	391	367	1.67695	2.19768e-003	0.	29.851	105.728	0.	0.594899	0.803801	0.	0.	0.222222	
Time	FPS	Frame	0	368	393	392	369	1.69643	2.30956e-003	0.	29.9951	105.889	0.	0.601005	0.799246	0.	0.	0.222222	
Time	FPS	Frame	0	370	394	393	370	1.71572	2.32467e-003	0.	30.1403	106.05	0.	0.607082	0.794639	0.	0.	0.222222	
Time	FPS	Frame	0	371	395	394	371	1.73509	2.22994e-003	0.	30.287	106.209	0.	0.61322	0.789912	0.	0.	0.222222	
Time	FPS	Frame	0	372	396	395	372	1.75438	2.20176e-003	0.	30.435	106.367	0.	0.619377	0.785094	0.	0.	0.222222	
Time	FPS	Frame	0	373	397	396	373	1.77366	6.2532e-003	0.	30.5844	106.524	0.	0.625554	0.780181	0.	0.	0.222222	
Time	FPS	Frame	0	374	397	397	375	1.80096	2.64213e-003	0.	30.7407	106.67	0.	0.63478	0.772693	0.	0.	0.222222	
Time	FPS	Frame	0	375	398	398	376	1.82582	9.86481e-004	0.	30.8962	106.818	0.	0.642483	0.7663	0.	0.	0.222222	
Time	FPS	Frame	0	376	399	399	377	1.84861	3.69865e-004	0.	31.0519	106.968	0.	0.649445	0.760409	0.	0.	0.222222	
Time	FPS	Frame	0	378	400	400	378	1.87017	2.17094e-004	0.	31.2082	107.117	0.	0.655991	0.754769	0.	0.	0.222222	
Time	FPS	Frame	0	379	401	401	379	1.89139	2.68368e-004	0.	31.3657	107.264	0.	0.662408	0.749143	0.	0.	0.222222	
Time	FPS	Frame	0	380	402	402	380	1.91253	3.0154e-004	0.	31.5245	107.411	0.	0.66879	0.743451	0.	0.	0.222222	
Time	FPS	Frame	0	381	403	403	382	1.9334	4.79623e-004	0.	31.6844	107.556	0.	0.675064	0.73776	0.	0.	0.222222	
Time	FPS	Frame	0	382	403	403	383	1.95419	6.18448e-004	0.	31.8456	107.7	0.	0.681293	0.732011	0.	0.	0.222222	
Time	FPS	Frame	0	383	404	404	384	1.97477	9.19674e-004	0.	32.0079	107.843	0.	0.687429	0.726252	0.	0.	0.222222	
Time	FPS	Frame	0	384	405	405	385	1.9952	1.12092e-003	0.	32.1713	107.984	0.	0.693498	0.720459	0.	0.	0.222222	
Time	FPS	Frame	0	385	406	406	386	2.01559	7.25162e-003	0.	32.3359	108.124	0.	0.699506	0.714627	0.	0.	0.222222	
Time	FPS	Frame	0	386	407	407	387	2.03157	4.24678e-003	0.	32.4983	108.269	0.	0.7035	0.710695	0.	0.	0.222222	
Time	FPS	Frame	0	387	407	408	388	2.04619	2.01992e-003	0.	32.6624	108.412	0.	0.708021	0.706191	0.	0.	0.222222	
Time	FPS	Frame	0	388	408	408	389	2.06172	3.37778e-004	0.	32.8281	108.552	0.	0.712876	0.70129	0.	0.	0.222222	
Time	FPS	Frame	0	389	409	409	390	2.07789	8.93622e-004	0.	32.9951	108.69	0.	0.717942	0.696103	0.	0.	0.222222	
Time	FPS	Frame	0	390	410	410	391	2.09503	1.67929e-003	0.	33.1637	108.826	0.	0.723262	0.690574	0.	0.	0.222222	
Time	FPS	Frame	0	391	411	411	392	2.11252	2.33394e-003	0.	33.3334	108.96	0.	0.728632	0.684906	0.	0.	0.222222	
Time	FPS	Frame	0	392	411	411	393	2.13029	2.6999e-003	0.	33.5042	109.093	0.	0.734018	0.67913	0.	0.	0.222222	
Time	FPS	Frame	0	393	412	412	394	2.14823	3.1153e-003	0.	33.6761	109.225	0.	0.739352	0.673319	0.	0.	0.222222	
Time	FPS	Frame	0	394	413	413	395	2.16626	4.74993e-003	0.	33.849	109.355	0.	0.744625	0.667483	0.	0.	0.222222	
Time	FPS	Frame	0	395	413	414	396	2.18074	1.81317e-003	0.	34.0201	109.49	0.	0.748107	0.663578	0.	0.	0.222222	
Time	FPS	Frame	0	396	414	414	397	2.19321	4.62562e-004	0.	34.1926	109.623	0.	0.75198	0.659186	0.	0.	0.222222	
Time	FPS	Frame	0	397	415	415	398	2.20659	2.16093e-003	0.	34.3663	109.754	0.	0.756103	0.654453	0.	0.	0.222222	
Time	FPS	Frame	0	398	415	416	399	2.22162	3.15358e-003	0.	34.5415	109.882	0.	0.760611	0.649207	0.	0.	0.222222	
Time	FPS	Frame	0	399	416	417	400	2.23736	3.97056e-003	0.	34.7177	110.008	0.	0.765217	0.643772	0.	0.	0.222222	
Time	FPS	Frame	0	400	417	417	401	2.25064	9.66832e-004	0.	34.8926	110.139	0.	0.768318	0.640068	0.	0.	0.222222	
Time	FPS	Frame	0	401	418	418	402	2.2616	1.37104e-003	0.	35.0687	110.268	0.	0.771772	0.635899	0.	0.	0.222222	
Time	FPS	Frame	0	401	418	419	402	2.27354	3.15285e-003	0.	35.2458	110.394	0.	0.775459	0.631398	0.	0.	0.222222	
Time	FPS	Frame	0	402	419	419	403	2.28749	3.39728e-003	0.	35.4244	110.518	0.	0.779578	0.626305	0.	0.	0.222222	
Time	FPS	Frame	0	403	420	420	404	2.2998	3.93766e-004	0.	35.6019	110.646	0.	0.782389	0.62279	0.	0.	0.222222	
Time	FPS	Frame	0	404	420	421	405	2.30957	1.98066e-003	0.	35.7805	110.771	0.	0.78553	0.618823	0.	0.	0.222222	
Time	FPS	Frame	0	405	421	421	406	2.32034	3.80279e-003	0.	35.96	110.895	0.	0.788885	0.614541	0.	0.	0.222222	
Time	FPS	Frame	0	406	421	422	407	2.33333	2.41582e-003	0.	36.141	111.016	0.	0.792691	0.609624	0.	0.	0.222222	
Time	FPS	Frame	0	406	422	422	407	2.34487	4.8562e-004	0.	36.3209	111.14	0.	0.795296	0.606222	0.	0.	0.222222	
Time	FPS	Frame	0	407	423	423	408	2.35392	2.76572e-003	0.	36.5018	111.263	0.	0.798184	0.602414	0.	0.	0.222222	
Time	FPS	Frame	0	408	423	424	409	2.36402	2.36414e-003	0.	36.6837	111.383	0.	0.801264	0.598311	0.	0.	0.222222	
Time	FPS	Frame	0	409	424	424	410	2.37482	6.15356e-004	0.	36.8651	111.506	0.	0.803651	0.595101	0.	0.	0.222222	
Time	FPS	Frame	0	410	424	425	411	2.3829	2.93034e-003	0.	37.0475	111.627	0.	0.806318	0.591482	0.	0.	0.222222	
Time	FPS	Frame	0	410	425	425	411	2.39213	1.9225e-003	0.	37.2307	111.746	0.	0.809179	0.587562	0.	0.	0.222222	
Time	FPS	Frame	0	411	426	426	412	2.40236	9.86876e-004	0.	37.4136	111.866	0.	0.811417	0.584467	0.	0.	0.222222	
Time	FPS	Frame	0	412	426	427	413	2.40979	3.30379e-003	0.	37.5974	111.985	0.	0.813913	0.580987	0.	0.	0.222222	
Time	FPS	Frame	0	413	427	427	413	2.41835	1.31506e-003	0.	37.782	112.102	0.	0.816588	0.577222	0.	0.	0.222222	
Time	FPS	Frame	0	413	427	428	414	2.42806	1.53783e-003	0.	37.9663	112.221	0.	0.818699	0.574223	0.	0.	0.222222	
Time	FPS	Frame	0	414	428	428	415	2.43505	3.75949e-003	0.	38.1514	112.338	0.	0.821055	0.57085	0.	0.	0.222222	
Time	FPS	Frame	0	415	429	429	416	2.44319	6.60665e-004	0.	38.3373	112.453	0.	0.82357	0.567215	0.	0.	0.222222	
Time	FPS	Frame	0	415	429	429	416	2.45243	2.06137e-003	0.	38.523	112.57	0.	0.825572	0.564296	0.	0.	0.222222	
Time	FPS	Frame	0	416	430	430	417	2.45917	4.28957e-003	0.	38.7094	112.685	0.	0.827794	0.561032	0.	0.	0.222222	
Time	FPS	Frame	0	417	430	431	418	2.46701	5.35556e-005	0.	38.8964	112.799	0.	0.830163	0.557521	0.	0.	0.222222	
Time	FPS	Frame	0	418	431	431	418	2.47579	2.62822e-003	0.	39.0834	112.914	0.	0.832065	0.554678	0.	0.	0.222222	
Time	FPS	Frame	0	418	431	432	419	2.48244	1.16803e-003	0.	39.271	113.027	0.	0.834165	0.551515	0.	0.	0.222222	
Time	FPS	Frame	0	419	432	432	420	2.49062	1.67944e-003	0.	39.4585	113.142	0.	0.835859	0.548944	0.	0.	0.222222	
Time	FPS	Frame	0	420	432	433	420	2.4963	3.96607e-003	0.	39.6467	113.254	0.	0.837775	0.546015	0.	0.	0.222222	
Time	FPS	Frame	0	420	433	433	421	2.50325	1.41707e-004	0.	39.8355	113.366	0.	0.839857	0.542808	0.	0.	0.222222	
Time	FPS	Frame	0	421	433	434	422	2.51114	2.76943e-003	0.	40.0243	113.478	0.	0.841525	0.540218	0.	0.	0.222222	
Time	FPS	Frame	0	421	434	434	422	2.51724	7.4865e-004	0.	40.2136	113.589	0.	0.84342	0.537254	0.	0.	0.222222	
Time	FPS	Frame	0	422	434	435	423	2.52482	1.98791e-003	0.	40.403	113.701	0.	0.844966	0.53482	0.	0.	0.222222	
Time	FPS	Frame	0	423	435	435	424	2.53027	1.3149e-003	0.	40.5929	113.811	0.	0.846728	0.532026	0.	0.	0.222222	
Time	FPS	Frame	0	423	435	436	424	2.53763	1.53117e-003	0.	40.7828	113.922	0.	0.848188	0.529696	0.	0.	0.222222	
Time	FPS	Frame	0	424	436	436	425	2.54254	3.93361e-003	0.	40.9733	114.031	0.	0.849856	0.527015	0.	0.	0.222222	
Time	FPS	Frame	0	425	436	437	425	2.54881	4.33601e-004	0.	41.1644	114.139	0.	0.851695	0.524038	0.	0.	0.222222	
Time	FPS	Frame	0	425	437	437	426	2.55604	3.10681e-003	0.	41.3554	114.248	0.	0.853184	0.52161	0.	0.	0.222222	
Time	FPS	Frame	0	426	437	438	427	2.56176	1.79273e-004	0.	41.547	114.356	0.	0.854893	0.518804	0.	0.	0.222222	
Time	FPS	Frame	0	426	438	438	427	2.56878	2.64316e-003	0.	41.7386	114.464	0.	0.856298	0.516482	0.	0.	0.222222	
Time	FPS	Frame	0	427	438	439	428	2.57407	4.96097e-004	0.	41.9308	114.57	0.	0.857915	0.513791	0.	0.	0.222222	
Time	FPS	Frame	0	428	439	439	428	2.58087	2.37529e-003	0.	42.123	114.677	0.	0.859251	0.511555	0.	0.	0.222222	
Time	FPS	Frame	0	428	439	440	429	2.58583	6.44703e-004	0.	42.3157	114.783	0.	0.860792	0.508958	0.	0.	0.222222	
Time	FPS	Frame	0	429	440	440	429	2.59245	2.26227e-003	0.	42.5084	114.89	0.	0.862073	0.506785	0.	0.	0.222222	
Time	FPS	Frame	0	429	440	441	430	2.59715	6.69867e-004	0.	42.7016	114.994	0.	0.863555	0.504255	0.	0.	0.222222	
Time	FPS	Frame	0	430	441	441	430	2.60361	2.3252e-003	0.	42.8949	115.1	0.	0.86479	0.502133	0.	0.	0.222222	
Time	FPS	Frame	0	430	441	442	431	2.60807	5.35485e-004	0.	43.0887	115.204	0.	0.866223	0.499657	0.	0.	0.222222	
Time	FPS	Frame	0	431	442	442	432	2.61436	2.40365e-003	0.	43.2825	115.309	0.	0.86742	0.497576	0.	0.	0.222222	
Time	FPS	Frame	0	431	442	442	432	2.61872	3.99551e-004	0.	43.4767	115.412	0.	0.868812	0.495143	0.	0.	0.222222	
Time	FPS	Frame	0	432	443	443	433	2.62487	2.55815e-003	0.	43.6711	115.516	0.	0.869977	0.493092	0.	0.	0.222222	
Time	FPS	Frame	0	433	443	443	433	2.62915	2.02168e-004	0.	43.8658	115.618	0.	0.871335	0.490689	0.	0.	0.222222	
Time	FPS	Frame	0	433	443	444	434	2.63514	2.7375e-003	0.	44.0607	115.721	0.	0.872467	0.488672	0.	0.	0.222222	
Time	FPS	Frame	0	434	444	444	434	2.63937	2.42688e-005	0.	44.2559	115.822	0.	0.87379	0.486303	0.	0.	0.222222	
Time	FPS	Frame	0	434	444	445	435	2.64522	2.95507e-003	0.	44.4513	115.924	0.	0.874895	0.484313	0.	0.	0.222222	
Time	FPS	Frame	0	435	445	445	435	2.64947	2.79157e-004	0.	44.647	116.025	0.	0.876188	0.48197	0.	0.	0.222222	
Time	FPS	Frame	0	435	445	445	436	2.65518	3.23228e-003	0.	44.8428	116.126	0.	0.877267	0.480003	0.	0.	0.222222	
Time	FPS	Frame	0	436	446	446	436	2.65946	5.89499e-004	0.	45.0391	116.225	0.	0.878532	0.477683	0.	0.	0.222222	
Time	FPS	Frame	0	436	446	446	437	2.66501	1.61945e-003	0.	45.2354	116.326	0.	0.879585	0.475741	0.	0.	0.222222	
Time	FPS	Frame	0	437	446	447	437	2.67044	1.48377e-003	0.	45.4318	116.426	0.	0.880522	0.474005	0.	0.	0.222222	
Time	FPS	Frame	0	437	447	447	438	2.67322	7.58193e-004	0.	45.6285	116.525	0.	0.881582	0.47203	0.	0.	0.222222	
Time	FPS	Frame	0	438	447	448	438	2.67855	2.28888e-003	0.	45.8253	116.625	0.	0.882528	0.47026	0.	0.	0.222222	
Time	FPS	Frame	0	438	448	448	439	2.68148	2.50039e-005	0.	46.0225	116.723	0.	0.88359	0.468261	0.	0.	0.222222	
Time	FPS	Frame	0	439	448	448	439	2.6867	3.00367e-003	0.	46.2197	116.822	0.	0.884539	0.466467	0.	0.	0.222222	
Time	FPS	Frame	0	439	448	449	440	2.69016	5.97386e-004	0.	46.4174	116.919	0.	0.885659	0.464337	0.	0.	0.222222	
Time	FPS	Frame	0	440	449	449	440	2.69525	3.49509e-003	0.	46.6151	117.017	0.	0.886598	0.46254	0.	0.	0.222222	
Time	FPS	Frame	0	440	449	450	440	2.69899	1.08677e-003	0.	46.8131	117.113	0.	0.88771	0.460404	0.	0.	0.222222	
Time	FPS	Frame	0	440	450	450	441	2.70393	9.30059e-004	0.	47.0113	117.21	0.	0.888637	0.458612	0.	0.	0.222222	
Time	FPS	Frame	0	441	450	450	441	2.70881	2.11133e-003	0.	47.2095	117.307	0.	0.889468	0.456998	0.	0.	0.222222	
Time	FPS	Frame	0	441	450	451	442	2.71129	5.2053e-005	0.	47.408	117.403	0.	0.890407	0.455165	0.	0.	0.222222	
Time	FPS	Frame	0	442	451	451	442	2.71606	3.02758e-003	0.	47.6067	117.5	0.	0.891251	0.453511	0.	0.	0.222222	
Time	FPS	Frame	0	442	451	451	443	2.71885	9.40508e-004	0.	47.8056	117.595	0.	0.892195	0.45165	0.	0.	0.222222	
Time	FPS	Frame	0	443	452	452	443	2.72349	9.45336e-004	0.	48.0046	117.69	0.	0.893045	0.449967	0.	0.	0.222222	
Time	FPS	Frame	0	443	452	452	444	2.72808	2.10706e-003	0.	48.2037	117.785	0.	0.893811	0.448444	0.	0.	0.222222	
Time	FPS	Frame	0	444	452	453	444	2.73014	1.66423e-004	0.	48.4031	117.88	0.	0.894679	0.446709	0.	0.	0.222222	
Time	FPS	Frame	0	444	453	453	444	2.73462	3.08518e-003	0.	48.6026	117.974	0.	0.895463	0.445136	0.	0.	0.222222	
Time	FPS	Frame	0	444	453	453	445	2.7371	1.10957e-003	0.	48.8023	118.068	0.	0.89634	0.443366	0.	0.	0.222222	
Time	FPS	Frame	0	445	453	454	445	2.74146	3.93489e-003	0.	49.0022	118.162	0.	0.897133	0.44176	0.	0.	0.222222	
Time	FPS	Frame	0	445	454	454	446	2.74437	1.93862e-003	0.	49.2023	118.255	0.	0.898013	0.439968	0.	0.	0.222222	
Time	FPS	Frame	0	446	454	454	446	2.74861	1.25173e-004	0.	49.4025	118.348	0.	0.89881	0.438339	0.	0.	0.222222	
Time	FPS	Frame	0	446	455	455	447	2.75282	3.04755e-003	0.	49.6028	118.441	0.	0.899531	0.436857	0.	0.	0.222222	
Time	FPS	Frame	0	447	455	455	447	2.75517	1.185e-003	0.	49.8034	118.533	0.	0.900343	0.435181	0.	0.	0.222222	
Time	FPS	Frame	0	447	455	455	447	2.75926	5.09874e-004	0.	50.0041	118.625	0.	0.901079	0.433655	0.	0.	0.222222	
Time	FPS	Frame	0	447	456	456	448	2.7633	2.47177e-003	0.	50.2049	118.717	0.	0.90174	0.43228	0.	0.	0.222222	
Time	FPS	Frame	0	448	456	456	448	2.76515	7.15791e-004	0.	50.4058	118.808	0.	0.902497	0.430695	0.	0.	0.222222	
Time	FPS	Frame	0	448	456	457	449	2.7691	3.54257e-003	0.	50.6069	118.9	0.	0.903186	0.42925	0.	0.	0.222222	
Time	FPS	Frame	0	449	457	457	449	2.77151	1.74738e-003	0.	50.8082	118.99	0.	0.903955	0.427628	0.	0.	0.222222	
Time	FPS	Frame	0	449	457	457	449	2.77534	1.08392e-004	0.	51.0097	119.081	0.	0.904654	0.426146	0.	0.	0.222222	
Time	FPS	Frame	0	449	457	458	450	2.7791	2.99353e-003	0.	51.2112	119.172	0.	0.905281	0.424812	0.	0.	0.222222	
Time	FPS	Frame	0	450	458	458	450	2.78113	1.29257e-003	0.	51.4129	119.262	0.	0.906003	0.423272	0.	0.	0.222222	
Time	FPS	Frame	0	450	458	458	451	2.78485	2.6287e-004	0.	51.6147	119.351	0.	0.90666	0.421862	0.	0.	0.222222	
Time	FPS	Frame	0	451	458	459	451	2.78851	2.68219e-003	0.	51.8166	119.441	0.	0.907251	0.42059	0.	0.	0.222222	
Time	FPS	Frame	0	451	459	459	451	2.79018	1.06179e-003	0.	52.0188	119.53	0.	0.907931	0.41912	0.	0.	0.222222	
Time	FPS	Frame	0	451	459	459	452	2.79376	4.22301e-004	0.	52.221	119.62	0.	0.908552	0.417772	0.	0.	0.222222	
Time	FPS	Frame	0	452	459	460	452	2.79731	2.4661e-003	0.	52.4233	119.709	0.	0.909114	0.416548	0.	0.	0.222222	
Time	FPS	Frame	0	452	460	460	452	2.79874	9.08626e-004	0.	52.6258	119.797	0.	0.909761	0.415132	0.	0.	0.222222	
Time	FPS	Frame	0	453	460	460	453	2.80211	3.66768e-003	0.	52.8283	119.886	0.	0.910337	0.413868	0.	0.	0.222222	
Time	FPS	Frame	0	453	460	461	453	2.80423	2.05948e-003	0.	53.0311	119.973	0.	0.911001	0.412404	0.	0.	0.222222	
Time	FPS	Frame	0	453	461	461	454	2.80757	5.8209e-004	0.	53.234	120.061	0.	0.91161	0.411057	0.	0.	0.222222	
Time	FPS	Frame	0	454	461	461	454	2.81086	3.412e-003	0.	53.4369	120.149	0.	0.912155	0.409845	0.	0.	0.222222	
Time	FPS	Frame	0	454	461	462	454	2.81278	1.87036e-003	0.	53.64	120.236	0.	0.912786	0.408438	0.	0.	0.222222	
Time	FPS	Frame	0	454	462	462	455	2.81602	4.52034e-004	0.	53.8433	120.323	0.	0.913364	0.407143	0.	0.	0.222222	
Time	FPS	Frame	0	455	462	462	455	2.8192	3.21661e-003	0.	54.0466	120.41	0.	0.913883	0.405978	0.	0.	0.222222	
Time	FPS	Frame	0	455	462	462	455	2.821	1.73582e-003	0.	54.2501	120.496	0.	0.914483	0.404624	0.	0.	0.222222	
Time	FPS	Frame	0	455	463	463	456	2.82401	4.18953e-004	0.	54.4536	120.582	0.	0.915015	0.40342	0.	0.	0.222222	
Time	FPS	Frame	0	456	463	463	456	2.82709	3.20147e-003	0.	54.6573	120.669	0.	0.915512	0.40229	0.	0.	0.222222	
Time	FPS	Frame	0	456	463	463	456	2.8288	1.76626e-003	0.	54.8611	120.754	0.	0.916089	0.400975	0.	0.	0.222222	
Time	FPS	Frame	0	457	464	464	457	2.8317	4.87405e-004	0.	55.065	120.84	0.	0.916601	0.399804	0.	0.	0.222222	
Time	FPS	Frame	0	457	464	464	457	2.83468	3.1755e-003	0.	55.269	120.925	0.	0.91708	0.398703	0.	0.	0.222222	
Time	FPS	Frame	0	457	464	464	458	2.83639	1.77862e-003	0.	55.4731	121.01	0.	0.917636	0.397422	0.	0.	0.222222	
Time	FPS	Frame	0	458	465	465	458	2.83919	5.36876e-004	0.	55.6773	121.095	0.	0.918129	0.396282	0.	0.	0.222222	
Time	FPS	Frame	0	458	465	465	458	2.84208	3.28665e-003	0.	55.8816	121.18	0.	0.918591	0.39521	0.	0.	0.222222	
Time	FPS	Frame	0	458	465	465	459	2.84376	1.92737e-003	0.	56.0861	121.264	0.	0.919127	0.393961	0.	0.	0.222222	
Time	FPS	Frame	0	459	465	466	459	2.84645	7.16655e-004	0.	56.2906	121.349	0.	0.919603	0.392848	0.	0.	0.222222	
Time	FPS	Frame	0	459	466	466	459	2.84922	3.36388e-003	0.	56.4952	121.433	0.	0.92005	0.391801	0.	0.	0.222222	
Time	FPS	Frame	0	459	466	466	460	2.85099	2.03573e-003	0.	56.7	121.516	0.	0.92057	0.390578	0.	0.	0.222222	
Time	FPS	Frame	0	460	466	466	460	2.85358	8.53742e-004	0.	56.9048	121.6	0.	0.921031	0.38949	0.	0.	0.222222	
Time	FPS	Frame	0	460	467	467	460	2.85625	2.59198e-004	0.	57.1097	121.683	0.	0.921464	0.388465	0.	0.	0.222222	
Time	FPS	Frame	0	460	467	467	461	2.859	2.45165e-003	0.	57.3147	121.767	0.	0.92187	0.387499	0.	0.	0.222222	
Time	FPS	Frame	0	461	467	467	461	2.85992	1.28233e-003	0.	57.5198	121.85	0.	0.922323	0.386421	0.	0.	0.222222	
Time	FPS	Frame	0	461	467	468	461	2.86247	1.802e-004	0.	57.725	121.933	0.	0.922748	0.385404	0.	0.	0.222222	
Time	FPS	Frame	0	461	468	468	461	2.86511	2.86187e-003	0.	57.9303	122.016	0.	0.923148	0.384445	0.	0.	0.222222	
Time	FPS	Frame	0	462	468	468	462	2.86615	1.70493e-003	0.	58.1357	122.098	0.	0.923592	0.383377	0.	0.	0.222222	
Time	FPS	Frame	0	462	468	468	462	2.86858	6.13421e-004	0.	58.3411	122.18	0.	0.92401	0.382369	0.	0.	0.222222	
Time	FPS	Frame	0	462	469	469	462	2.87109	3.19201e-003	0.	58.5467	122.262	0.	0.924403	0.381417	0.	0.	0.222222	
Time	FPS	Frame	0	463	469	469	463	2.87232	2.05149e-003	0.	58.7523	122.344	0.	0.924838	0.380362	0.	0.	0.222222	
Time	FPS	Frame	1	463	469	469	463	2.87464	9.74431e-004	0.	58.958	122.426	0.	0.925247	0.379366	0.	0.	0.222222	
Time	FPS	Frame	1	463	469	469	463	2.87464	9.74431e-004	0.	58.9606	122.427	0.	0.925247	0.379366	0.	0.	2.77778e-003	
Time	FPS	Frame	1	463	469	469	463	2.87463	9.74431e-004	0.	58.9632	122.428	0.	0.925247	0.379366	0.	0.	2.77778e-003	
Time	FPS	Frame	1	463	469	469	463	2.87463	9.74431e-004	0.	58.9657	122.429	0.	0.925247	0.379366	0.	0.	2.77778e-003	
Time	FPS	Frame	1	463	469	469	463	2.87463	9.74431e-004	0.	58.9683	122.43	0.	0.925247	0.379366	0.	0.	2.77778e-003	
Time	FPS	Frame	1	463	469	469	463	2.87463	9.74431e-004	0.	58.9709	122.431	0.	0.925247	0.379366	0.	0.	2.77778e-003	
Time	FPS	Frame	1	463	469	469	463	2.87462	9.74431e-004	0.	58.9735	122.432	0.	0.925247	0.379366	0.	0.	2.77778e-003	
Time	FPS	Frame	1	463	469	469	463	2.87462	9.74431e-004	0.	58.976	122.433	0.	0.925247	0.379366	0.	0.	2.77778e-003	
Time	FPS	Frame	1	463	469	469	463	2.87462	9.74431e-004	0.	58.9786	122.434	0.	0.925247	0.379366	0.	0.	2.77778e-003	
Time	FPS	Frame	1	463	469	469	463	2.87462	9.74431e-004	0.	58.9812	122.435	0.	0.925247	0.379366	0.	0.	2.77778e-003	
Time	FPS	Frame	1	463	469	469	463	2.87461	9.74431e-004	0.	58.9837	122.436	0.	0.925247	0.379366	0.	0.	2.77778e-003	
Time	FPS	Frame	1	463	469	469	463	2.87461	9.74431e-004	0.	58.9863	122.437	0.	0.925247	0.379366	0.	0.	2.77778e-003	
Time	FPS	Frame	1	463	469	469	463	2.87461	9.74431e-004	0.	58.9889	122.438	0.	0.925247	0.379366	0.	0.	2.77778e-003	
Time	FPS	Frame	1	463	469	469	463	2.87461	9.74431e-004	0.	58.9914	122.439	0.	0.925247	0.379366	0.	0.	2.77778e-003	
Time	FPS	Frame	1	463	469	469	463	2.8746	9.74431e-004	0.	58.994	122.44	0.	0.925247	0.379366	0.	0.	2.77778e-003	
Time	FPS	Frame	1	463	469	469	463	2.8746	9.74431e-004	0.	58.9966	122.441	0.	0.925247	0.379366	0.	0.	2.77778e-003	
Time	FPS	Frame	1	463	469	469	463	2.8746	9.74431e-004	0.	58.9992	122.442	0.	0.925247	0.379366	0.	0.	2.77778e-003	
Time	FPS	Frame	1	463	469	469	463	2.87459	9.74431e-004	0.	59.0017	122.444	0.	0.925247	0.379366	0.	0.	2.77778e-003	
Time	FPS	Frame	1	463	469	469	463	2.87459	9.74431e-004	0.	59.0043	122.445	0.	0.925247	0.379366	0.	0.	2.77778e-003	
Time	FPS	Frame	1	463	469	469	463	2.87459	9.74431e-004	0.	59.0069	122.446	0.	0.925247	0.379366	0.	0.	2.77778e-003	
Time	FPS	Frame	1	463	469	469	463	2.87459	9.74431e-004	0.	59.0094	122.447	0.	0.925247	0.379366	0.	0.	2.77778e-003	
Time	FPS	Frame	1	463	469	469	463	2.87458	9.74431e-004	0.	59.012	122.448	0.	0.925247	0.379366	0.	0.	2.77778e-003	
Time	FPS	Frame	1	463	469	469	463	2.87458	9.74431e-004	0.	59.0146	122.449	0.	0.925247	0.379366	0.	0.	2.77778e-003	
Time	FPS	Frame	1	463	469	469	463	2.87458	9.74431e-004	0.	59.0171	122.45	0.	0.925247	0.379366	0.	0.	2.77778e-003	
Time	FPS	Frame	1	463	469	469	463	2.87458	9.74431e-004	0.	59.0197	122.451	0.	0.925247	0.379366	0.	0.	2.77778e-003	
Time	FPS	Frame	1	463	469	469	463	2.87457	9.74431e-004	0.	59.0223	122.452	0.	0.925247	0.379366	0.	0.	2.77778e-003	
Time	FPS	Frame	1	463	469	469	463	2.87457	9.74431e-004	0.	59.0249	122.453	0.	0.925247	0.379366	0.	0.	2.77778e-003	
Time	FPS	Frame	1	463	469	469	463	2.87457	9.74431e-004	0.	59.0274	122.454	0.	0.925247	0.379366	0.	0.	2.77778e-003	
Time	FPS	Frame	1	463	469	469	463	2.87456	9.74431e-004	0.	59.03	122.455	0.	0.925247	0.379366	0.	0.	2.77778e-003	
Time	FPS	Frame	1	463	469	469	463	2.87456	9.74431e-004	0.	59.0326	122.456	0.	0.925247	0.379366	0.	0.	2.77778e-003	
Time	FPS	Frame	1	463	469	469	463	2.87456	9.74431e-004	0.	59.0351	122.457	0.	0.925247	0.379366	0.	0.	2.77778e-003	
Time	FPS	Frame	1	463	469	469	463	2.87456	9.74431e-004	0.	59.0377	122.458	0.	0.925247	0.379366	0.	0.	2.77778e-003	
Time	FPS	Frame	1	463	469	469	463	2.87455	9.74431e-004	0.	59.0403	122.459	0.	0.925247	0.379366	0.	0.	2.77778e-003	
Time	FPS	Frame	1	463	469	469	463	2.87455	9.74431e-004	0.	59.0428	122.46	0.	0.925247	0.379366	0.	0.	2.77778e-003	
Time	FPS	Frame	1	463	469	469	463	2.87455	9.74431e-004	0.	59.0454	122.461	0.	0.925247	0.379366	0.	0.	2.77778e-003	
Time	FPS	Frame	1	463	469	469	463	2.87455	9.74431e-004	0.	59.048	122.462	0.	0.925247	0.379366	0.	0.	2.77778e-003	
Time	FPS	Frame	1	463	469	469	463	2.87454	9.74431e-004	0.	59.0506	122.464	0.	0.925247	0.379366	0.	0.	2.77778e-003	
Time	FPS	Frame	1	463	469	469	463	2.87454	9.74431e-004	0.	59.0531	122.465	0.	0.925247	0.379366	0.	0.	2.77778e-003	
Time	FPS	Frame	1	463	469	469	463	2.87454	9.74431e-004	0.	59.0557	122.466	0.	0.925247	0.379366	0.	0.	2.77778e-003	
Time	FPS	Frame	1	463	469	469	463	2.87453	9.74431e-004	0.	59.0583	122.467	0.	0.925247	0.379366	0.	0.	2.77778e-003	
Time	FPS	Frame	1	463	469	469	463	2.87453	9.74431e-004	0.	59.0608	122.468	0.	0.925247	0.379366	0.	0.	2.77778e-003	
Time	FPS	Frame	1	463	469	469	463	2.87453	9.74431e-004	0.	59.0634	122.469	0.	0.925247	0.379366	0.	0.	2.77778e-003	
Time	FPS	Frame	1	463	469	469	463	2.87453	9.74431e-004	0.	59.066	122.47	0.	0.925247	0.379366	0.	0.	2.77778e-003	
Time	FPS	Frame	1	463	469	469	463	2.87452	9.74431e-004	0.	59.0686	122.471	0.	0.925247	0.379366	0.	0.	2.77778e-003	
Time	FPS	Frame	1	463	469	469	463	2.87452	9.74431e-004	0.	59.0711	122.472	0.	0.925247	0.379366	0.	0.	2.77778e-003	
Time	FPS	Frame	1	463	469	469	463	2.87452	9.74431e-004	0.	59.0737	122.473	0.	0.925247	0.379366	0.	0.	2.77778e-003	
Time	FPS	Frame	1	463	469	469	463	2.87452	9.74431e-004	0.	59.0763	122.474	0.	0.925247	0.379366	0.	0.	2.77778e-003	
Time	FPS	Frame	1	463	469	469	463	2.87451	9.74431e-004	0.	59.0788	122.475	0.	0.925247	0.379366	0.	0.	2.77778e-003	
Time	FPS	Frame	1	463	469	469	463	2.87451	9.74431e-004	0.	59.0814	122.476	0.	0.925247	0.379366	0.	0.	2.77778e-003	
Time	FPS	Frame	1	463	469	469	463	2.87451	9.74431e-004	0.	59.084	122.477	0.	0.925247	0.379366	0.	0.	2.77778e-003	
Time	FPS	Frame	1	463	469	469	463	2.8745	9.74431e-004	0.	59.0865	122.478	0.	0.925247	0.379366	0.	0.	2.77778e-003	
Time	FPS	Frame	1	463	469	469	463	2.8745	9.74431e-004	0.	59.0891	122.479	0.	0.925247	0.379366	0.	0.	2.77778e-003	
Time	FPS	Frame	1	463	469	470	463	2.8745	9.74431e-004	0.	59.0917	122.48	0.	0.925247	0.379366	0.	0.	2.77778e-003	
Time	FPS	Frame	1	463	469	470	463	2.8745	9.74431e-004	0.	59.0943	122.481	0.	0.925247	0.379366	0.	0.	2.77778e-003	
Time	FPS	Frame	1	463	469	470	463	2.87449	9.74431e-004	0.	59.0968	122.483	0.	0.925247	0.379366	0.	0.	2.77778e-003	
Time	FPS	Frame	1	463	469	470	463	2.87449	9.74431e-004	0.	59.0994	122.484	0.	0.925247	0.379366	0.	0.	2.77778e-003	
Time	FPS	Frame	1	463	469	470	463	2.87449	9.74431e-004	0.	59.102	122.485	0.	0.925247	0.379366	0.	0.	2.77778e-003	
Time	FPS	Frame	1	463	469	470	463	2.87449	9.74431e-004	0.	59.1045	122.486	0.	0.925247	0.379366	0.	0.	2.77778e-003	
Time	FPS	Frame	1	463	469	470	463	2.87448	9.74431e-004	0.	59.1071	122.487	0.	0.925247	0.379366	0.	0.	2.77778e-003	
Time	FPS	Frame	1	463	469	470	463	2.87448	9.74431e-004	0.	59.1097	122.488	0.	0.925247	0.379366	0.	0.	2.77778e-003	
Time	FPS	Frame	1	463	469	470	463	2.87448	9.74431e-004	0.	59.1122	122.489	0.	0.925247	0.379366	0.	0.	2.77778e-003	
Time	FPS	Frame	1	463	469	470	463	2.87448	9.74431e-004	0.	59.1148	122.49	0.	0.925247	0.379366	0.	0.	2.77778e-003	
Time	FPS	Frame	1	463	469	470	463	2.87447	9.74431e-004	0.	59.1174	122.491	0.	0.925247	0.379366	0.	0.	2.77778e-003	
Time	FPS	Frame	1	463	469	470	463	2.87447	9.74431e-004	0.	59.12	122.492	0.	0.925247	0.379366	0.	0.	2.77778e-003	
Time	FPS	Frame	1	463	469	470	463	2.87447	9.74431e-004	0.	59.1225	122.493	0.	0.925247	0.379366	0.	0.	2.77778e-003	
Time	FPS	Frame	1	463	469	470	463	2.87446	9.74431e-004	0.	59.1277	122.495	0.	0.925247	0.379366	0.	0.	2.77778e-003	
Time	FPS	Frame	1	463	469	470	463	2.87446	9.74431e-004	0.	59.1302	122.496	0.	0.925247	0.379366	0.	0.	2.77778e-003	
Time	FPS	Frame	1	463	469	470	463	2.87446	9.74431e-004	0.	59.1328	122.497	0.	0.925247	0.379366	0.	0.	2.77778e-003	
Time	FPS	Frame	1	463	469	470	463	2.87445	9.74431e-004	0.	59.1354	122.498	0.	0.925247	0.379366	0.	0.	2.77778e-003	
Time	FPS	Frame	1	463	469	470	463	2.87445	9.74431e-004	0.	59.1379	122.499	0.	0.925247	0.379366	0.	0.	2.77778e-003	
Time	FPS	Frame	1	463	469	470	463	2.87445	9.74431e-004	0.	59.1405	122.5	0.	0.925247	0.379366	0.	0.	2.77778e-003	
Time	FPS	Frame	1	463	469	470	463	2.87445	9.74431e-004	0.	59.1431	122.501	0.	0.925247	0.379366	0.	0.	2.77778e-003	
Time	FPS	Frame	1	463	469	470	463	2.87444	9.74431e-004	0.	59.1457	122.503	0.	0.925247	0.379366	0.	0.	2.77778e-003	

