Time	FPS	Frame	Crash	RB	RU	LU	LB	OC	Dither	CustomDither	DAngle	swAngle	OX	OY	OZ	HX	HY	HZ	DX	DY	DZ	HA	RHA	AccumulativeHeading(Y)	Speed	RSpeed	Dynamic	USRHIT	
1.90167e-005	52585.3	1	0	(0)1	(0)2	(0)2	(0)1	(0)1	0.	0.	-1.39353	0.	-2.8125	0.	0.	0.	1.	0.	0.	1.	0.	0.	0.	0.	0.	0.	0	-1	
0.166976	5.98958	2	0	(0)1	(0)2	(0)2	(0)1	(0)1	-2.75452	5.79823e-002	-1.39353	0.	-2.8125	0.	0.	0.	1.	0.	0.	1.	0.	0.	0.	0.	0.	0.	0	-1	
0.210529	22.9603	3	0	(0)1	(0)2	(0)2	(0)1	(0)1	-2.75452	5.79823e-002	-1.39353	0.	-2.8125	0.	0.	0.	1.	0.	0.	1.	0.	0.	0.	0.	0.	0.	0	-1	
0.228875	54.5086	4	0	(0)1	(0)2	(0)2	(0)1	(0)1	-2.75452	5.79823e-002	-1.39353	0.	-2.8125	0.	0.	0.	1.	0.	0.	1.	0.	0.	0.	0.	0.	0.	0	-1	
0.246883	55.531	5	0	(0)1	(0)2	(0)2	(0)1	(0)1	-2.75452	5.79823e-002	-1.39353	0.	-2.8125	0.	0.	0.	1.	0.	0.	1.	0.	0.	0.	0.	0.	0.	0	-1	
0.263755	59.2695	6	0	(0)1	(0)2	(0)2	(0)1	(0)1	-2.75452	5.79823e-002	-1.39353	0.	-2.8125	0.	0.	0.	1.	0.	0.	1.	0.	0.	0.	0.	0.	0.	0	-1	
0.279742	62.5518	7	0	(0)1	(0)2	(0)2	(0)1	(0)1	-2.75452	5.79823e-002	-1.39353	0.	-2.8125	0.	0.	0.	1.	0.	0.	1.	0.	0.	0.	0.	0.	0.	0	-1	
0.29677	58.7264	8	0	(0)1	(0)2	(0)2	(0)1	(0)1	-2.75452	5.79823e-002	-1.39353	0.	-2.8125	0.	0.	0.	1.	0.	0.	1.	0.	0.	0.	0.	0.	0.	0	-1	
0.312752	62.5684	9	0	(0)1	(0)2	(0)2	(0)1	(0)1	-2.75452	5.79823e-002	-1.39353	0.	-2.8125	0.	0.	0.	1.	0.	0.	1.	0.	0.	0.	0.	0.	0.	0	-1	
0.331918	52.1778	10	0	(0)1	(0)2	(0)2	(0)1	(0)1	-2.75452	5.79823e-002	-1.39353	0.	-2.8125	0.	0.	0.	1.	0.	0.	1.	0.	0.	0.	0.	0.	0.	0	-1	
0.34878	59.3046	11	0	(0)1	(0)2	(0)2	(0)1	(0)1	-2.75452	5.79823e-002	-1.39353	0.	-2.8125	0.	0.	0.	1.	0.	0.	1.	0.	0.	0.	0.	0.	0.	0	-1	
0.365849	58.583	12	0	(0)1	(0)2	(0)2	(0)1	(0)1	-2.75452	5.79823e-002	-1.39353	0.	-2.8125	0.	0.	0.	1.	0.	0.	1.	0.	0.	0.	0.	0.	0.	0	-1	
0.382814	58.9458	13	0	(0)1	(0)2	(0)2	(0)1	(0)1	-2.75452	5.79823e-002	-1.39353	0.	-2.8125	0.	0.	0.	1.	0.	0.	1.	0.	0.	0.	0.	0.	0.	0	-1	
0.401764	52.7704	14	0	(0)1	(0)2	(0)2	(0)1	(0)1	-2.75452	5.79823e-002	-1.39353	0.	-2.8125	0.	0.	0.	1.	0.	0.	1.	0.	0.	0.	0.	0.	0.	0	-1	
0.419046	57.8637	15	0	(0)1	(0)2	(0)2	(0)1	(0)1	-2.75452	5.79823e-002	-1.39353	0.	-2.8125	0.	0.	0.	1.	0.	0.	1.	0.	0.	0.	0.	0.	0.	0	-1	
0.437011	55.6654	16	0	(0)1	(0)2	(0)2	(0)1	(0)1	-2.75452	5.79823e-002	-1.39353	0.	-2.8125	0.	0.	0.	1.	0.	0.	1.	0.	0.	0.	0.	0.	0.	0	-1	
0.455659	53.6237	17	0	(0)1	(0)2	(0)2	(0)1	(0)1	-2.75452	5.79823e-002	-1.39353	0.	-2.8125	0.	0.	0.	1.	0.	0.	1.	0.	0.	0.	0.	0.	0.	0	-1	
0.471885	61.6291	18	0	(0)1	(0)2	(0)2	(0)1	(0)1	-2.75452	5.79823e-002	-1.39353	0.	-2.8125	0.	0.	0.	1.	0.	0.	1.	0.	0.	0.	0.	0.	0.	0	-1	
0.488766	59.2377	19	0	(0)1	(0)2	(0)2	(0)1	(0)1	-2.75452	5.79823e-002	-1.39353	0.	-2.8125	0.	0.	0.	1.	0.	0.	1.	0.	0.	0.	0.	0.	0.	0	-1	
0.505757	58.8547	20	0	(0)1	(0)2	(0)2	(0)1	(0)1	-2.75452	5.79823e-002	-1.39353	0.	-2.8125	0.	0.	0.	1.	0.	0.	1.	0.	0.	0.	0.	0.	0.	0	-1	
0.525859	49.7473	21	0	(0)1	(0)2	(0)2	(0)1	(0)1	-2.75452	5.79823e-002	-1.39353	0.	-2.8125	0.	0.	0.	1.	0.	0.	1.	0.	0.	0.	0.	0.	0.	0	-1	
0.542751	59.1986	22	0	(0)1	(0)2	(0)2	(0)1	(0)1	-2.75452	5.79823e-002	-1.39353	0.	-2.8125	0.	0.	0.	1.	0.	0.	1.	0.	0.	0.	0.	0.	0.	0	-1	
0.55975	58.8286	23	0	(0)1	(0)2	(0)2	(0)1	(0)1	-2.75452	5.79823e-002	-1.39353	0.	-2.8125	0.	0.	0.	1.	0.	0.	1.	0.	0.	0.	0.	0.	0.	0	-1	
0.576759	58.7931	24	0	(0)1	(0)2	(0)2	(0)1	(0)1	-2.75452	5.79823e-002	-1.39353	0.	-2.8125	0.	0.	0.	1.	0.	0.	1.	0.	0.	0.	0.	0.	0.	0	-1	
0.59376	58.8192	25	0	(0)1	(0)2	(0)2	(0)1	(0)1	-2.75452	5.79823e-002	-1.39353	0.	-2.8125	0.	0.	0.	1.	0.	0.	1.	0.	0.	0.	0.	0.	0.	0	-1	
0.609763	62.4893	26	0	(0)1	(0)2	(0)2	(0)1	(0)1	-2.75452	5.79823e-002	-1.39353	0.	-2.8125	0.	0.	0.	1.	0.	0.	1.	0.	0.	0.	0.	0.	0.	0	-1	
0.626777	58.7743	27	0	(0)1	(0)2	(0)2	(0)1	(0)1	-2.75452	5.79823e-002	-1.39353	0.	-2.8125	0.	0.	0.	1.	0.	0.	1.	0.	0.	0.	0.	0.	0.	0	-1	
0.64285	62.217	28	0	(0)1	(0)2	(0)2	(0)1	(0)1	-2.75452	5.79823e-002	-1.39353	0.	-2.8125	0.	0.	0.	1.	0.	0.	1.	0.	0.	0.	0.	0.	0.	0	-1	
0.659872	58.7451	29	0	(0)1	(0)2	(0)2	(0)1	(0)1	-2.75452	5.79823e-002	-1.39353	0.	-2.8125	0.	0.	0.	1.	0.	0.	1.	0.	0.	0.	0.	0.	0.	0	-1	
0.676801	59.073	30	0	(0)1	(0)2	(0)2	(0)1	(0)1	-2.75452	5.79823e-002	-1.39353	0.	-2.8125	0.	0.	0.	1.	0.	0.	1.	0.	0.	0.	0.	0.	0.	0	-1	
0.693867	58.5934	31	0	(0)1	(0)2	(0)2	(0)1	(0)1	-2.75452	5.79823e-002	-1.39353	0.	-2.8125	0.	0.	0.	1.	0.	0.	1.	0.	0.	0.	0.	0.	0.	0	-1	
0.710859	58.8536	32	0	(0)1	(0)2	(0)2	(0)1	(0)1	-2.75452	5.79823e-002	-1.39353	0.	-2.8125	0.	0.	0.	1.	0.	0.	1.	0.	0.	0.	0.	0.	0.	0	-1	
0.727762	59.1595	33	0	(0)1	(0)2	(0)2	(0)1	(0)1	-2.75452	5.79823e-002	-1.39353	0.	-2.8125	0.	0.	0.	1.	0.	0.	1.	0.	0.	0.	0.	0.	0.	0	-1	
0.744767	58.8056	34	0	(0)1	(0)2	(0)2	(0)1	(0)1	-2.75452	5.79823e-002	-1.39353	0.	-2.8125	0.	0.	0.	1.	0.	0.	1.	0.	0.	0.	0.	0.	0.	0	-1	
0.761792	58.7368	35	0	(0)1	(0)2	(0)2	(0)1	(0)1	-2.75452	5.79823e-002	-1.39353	0.	-2.8125	0.	0.	0.	1.	0.	0.	1.	0.	0.	0.	0.	0.	0.	0	-1	
0.78278	47.6473	36	0	(0)1	(0)2	(0)2	(0)1	(0)1	-2.75452	5.79823e-002	-1.39353	0.	-2.8125	0.	0.	0.	1.	0.	0.	1.	0.	0.	0.	0.	0.	0.	0	-1	
0.80225	51.36	37	0	(0)1	(0)2	(0)2	(0)1	(0)1	-2.75452	5.79823e-002	-1.39353	0.	-2.8125	0.	0.	0.	1.	0.	0.	1.	0.	0.	0.	0.	0.	0.	0	-1	
0.81882	60.3525	38	0	(0)1	(0)2	(0)2	(0)1	(0)1	-2.75452	5.79823e-002	-1.39353	0.	-2.8125	0.	0.	0.	1.	0.	0.	1.	0.	0.	0.	0.	0.	0.	0	-1	
0.835788	58.9332	39	0	(0)1	(0)2	(0)2	(0)1	(0)1	-2.75452	5.79823e-002	-1.39353	0.	-2.8125	0.	0.	0.	1.	0.	0.	1.	0.	0.	0.	0.	0.	0.	0	-1	
0.851812	62.4081	40	0	(0)1	(0)2	(0)2	(0)1	(0)1	-2.75452	5.79823e-002	-1.39353	0.	-2.8125	0.	0.	0.	1.	0.	0.	1.	0.	0.	0.	0.	0.	0.	0	-1	
0.870615	53.1829	41	0	(0)1	(0)2	(0)2	(0)1	(0)1	-2.75452	5.79823e-002	-1.39353	0.	-2.8125	0.	0.	0.	1.	0.	0.	1.	0.	0.	0.	0.	0.	0.	0	-1	
0.88689	61.4416	42	0	(0)1	(0)2	(0)2	(0)1	(0)1	-2.75452	5.79823e-002	-1.39353	0.	-2.8125	0.	0.	0.	1.	0.	0.	1.	0.	0.	0.	0.	0.	0.	0	-1	
0.903816	59.0814	43	0	(0)1	(0)2	(0)2	(0)1	(0)1	-2.75452	5.79823e-002	-1.39353	0.	-2.8125	0.	0.	0.	1.	0.	0.	1.	0.	0.	0.	0.	0.	0.	0	-1	
0.922343	53.9758	44	0	(0)1	(0)2	(0)2	(0)1	(0)1	-2.75452	5.79823e-002	-1.39353	0.	-2.8125	0.	0.	0.	1.	0.	0.	1.	0.	0.	0.	0.	0.	0.	0	-1	
0.947786	39.3033	45	0	(0)1	(0)2	(0)2	(0)1	(0)1	-2.75452	5.79823e-002	-1.39353	0.	-2.8125	0.	0.	0.	1.	0.	0.	1.	0.	0.	0.	0.	0.	0.	0	-1	
0.964869	58.5365	46	0	(0)1	(0)2	(0)2	(0)1	(0)1	-2.75452	5.79823e-002	-1.39353	0.	-2.8125	0.	0.	0.	1.	0.	0.	1.	0.	0.	0.	0.	0.	0.	0	-1	
0.981776	59.15	47	0	(0)1	(0)2	(0)2	(0)1	(0)1	-2.75452	5.79823e-002	-1.39353	0.	-2.8125	0.	0.	0.	1.	0.	0.	1.	0.	0.	0.	0.	0.	0.	0	-1	
1.0057	41.7938	48	0	(0)1	(0)2	(0)2	(0)1	(0)1	-2.75452	5.79823e-002	-1.39353	0.	-2.8125	0.	0.	0.	1.	0.	0.	1.	0.	0.	0.	0.	0.	0.	0	-1	
1.02276	58.6287	49	0	(0)1	(0)2	(0)2	(0)1	(0)1	-2.75452	5.79823e-002	-1.39353	0.	-2.8125	0.	0.	0.	1.	0.	0.	1.	0.	0.	0.	0.	0.	0.	0	-1	
1.03979	58.7211	50	0	(0)1	(0)2	(0)2	(0)1	(0)1	-2.75452	5.79823e-002	-1.39353	0.	-2.8125	0.	0.	0.	1.	0.	0.	1.	0.	0.	0.	0.	0.	0.	0	-1	
1.05679	58.8306	51	0	(0)1	(0)2	(0)2	(0)1	(0)1	-2.75452	5.79823e-002	-1.39353	0.	-2.8125	0.	0.	0.	1.	0.	0.	1.	0.	0.	0.	0.	0.	0.	0	-1	
1.07278	62.5153	52	0	(0)1	(0)2	(0)2	(0)1	(0)1	-2.75452	5.79823e-002	-1.39353	0.	-2.8125	0.	0.	0.	1.	0.	0.	1.	0.	0.	0.	0.	0.	0.	0	-1	
1.08879	62.4575	53	0	(0)1	(0)2	(0)2	(0)1	(0)1	-2.75452	5.79823e-002	-1.39353	0.	-2.8125	0.	0.	0.	1.	0.	0.	1.	0.	0.	0.	0.	0.	0.	0	-1	
1.1048	62.4681	54	0	(0)1	(0)2	(0)2	(0)1	(0)1	-2.75452	5.79823e-002	-1.39353	0.	-2.8125	0.	0.	0.	1.	0.	0.	1.	0.	0.	0.	0.	0.	0.	0	-1	
1.12183	58.7139	55	0	(0)1	(0)2	(0)2	(0)1	(0)1	-2.75452	5.79823e-002	-1.39353	0.	-2.8125	0.	0.	0.	1.	0.	0.	1.	0.	0.	0.	0.	0.	0.	0	-1	
1.13881	58.9101	56	0	(0)1	(0)2	(0)2	(0)1	(0)1	-2.75452	5.79823e-002	-1.39353	0.	-2.8125	0.	0.	0.	1.	0.	0.	1.	0.	0.	0.	0.	0.	0.	0	-1	
1.15589	58.5416	57	0	(0)1	(0)2	(0)2	(0)1	(0)1	-2.75452	5.79823e-002	-1.39353	0.	-2.8125	0.	0.	0.	1.	0.	0.	1.	0.	0.	0.	0.	0.	0.	0	-1	
1.17281	59.1183	58	0	(0)1	(0)2	(0)2	(0)1	(0)1	-2.75452	5.79823e-002	-1.39353	0.	-2.8125	0.	0.	0.	1.	0.	0.	1.	0.	0.	0.	0.	0.	0.	0	-1	
1.18985	58.6806	59	0	(0)1	(0)2	(0)2	(0)1	(0)1	-2.75452	5.79823e-002	-1.39353	0.	-2.8125	0.	0.	0.	1.	0.	0.	1.	0.	0.	0.	0.	0.	0.	0	-1	
1.20681	58.9531	60	0	(0)1	(0)2	(0)2	(0)1	(0)1	-2.75452	5.79823e-002	-1.39353	0.	-2.8125	0.	0.	0.	1.	0.	0.	1.	0.	0.	0.	0.	0.	0.	0	-1	
1.22387	58.6141	61	0	(0)1	(0)2	(0)2	(0)1	(0)1	-2.75452	5.79823e-002	-1.39353	0.	-2.8125	0.	0.	0.	1.	0.	0.	1.	0.	0.	0.	0.	0.	0.	0	-1	
1.23983	62.6749	62	0	(0)1	(0)2	(0)2	(0)1	(0)1	-2.75452	5.79823e-002	-1.39353	0.	-2.8125	0.	0.	0.	1.	0.	0.	1.	0.	0.	0.	0.	0.	0.	0	-1	
1.25681	58.8787	63	0	(0)1	(0)2	(0)2	(0)1	(0)1	-2.75452	5.79823e-002	-1.39353	0.	-2.8125	0.	0.	0.	1.	0.	0.	1.	0.	0.	0.	0.	0.	0.	0	-1	
1.27282	62.4457	64	0	(0)1	(0)2	(0)2	(0)1	(0)1	-2.75452	5.79823e-002	-1.39353	0.	-2.8125	0.	0.	0.	1.	0.	0.	1.	0.	0.	0.	0.	0.	0.	0	-1	
1.28985	58.7243	65	0	(0)1	(0)2	(0)2	(0)1	(0)1	-2.75452	5.79823e-002	-1.39353	0.	-2.8125	0.	0.	0.	1.	0.	0.	1.	0.	0.	0.	0.	0.	0.	0	-1	
1.30685	58.8338	66	0	(0)1	(0)2	(0)2	(0)1	(0)1	-2.75452	5.79823e-002	-1.39353	0.	-2.8125	0.	0.	0.	1.	0.	0.	1.	0.	0.	0.	0.	0.	0.	0	-1	
1.32278	62.783	67	0	(0)1	(0)2	(0)2	(0)1	(0)1	-2.75452	5.79823e-002	-1.39353	0.	-2.8125	0.	0.	0.	1.	0.	0.	1.	0.	0.	0.	0.	0.	0.	0	-1	
1.33979	58.7889	68	0	(0)1	(0)2	(0)2	(0)1	(0)1	-2.75452	5.79823e-002	-1.39353	0.	-2.8125	0.	0.	0.	1.	0.	0.	1.	0.	0.	0.	0.	0.	0.	0	-1	
1.35681	58.7513	69	0	(0)1	(0)2	(0)2	(0)1	(0)1	-2.75452	5.79823e-002	-1.39353	0.	-2.8125	0.	0.	0.	1.	0.	0.	1.	0.	0.	0.	0.	0.	0.	0	-1	
1.37387	58.6038	70	0	(0)1	(0)2	(0)2	(0)1	(0)1	-2.75452	5.79823e-002	-1.39353	0.	-2.8125	0.	0.	0.	1.	0.	0.	1.	0.	0.	0.	0.	0.	0.	0	-1	
1.39087	58.815	71	0	(0)1	(0)2	(0)2	(0)1	(0)1	-2.75452	5.79823e-002	-1.39353	0.	-2.8125	0.	0.	0.	1.	0.	0.	1.	0.	0.	0.	0.	0.	0.	0	-1	
1.4078	59.0803	72	0	(0)1	(0)2	(0)2	(0)1	(0)1	-2.75452	5.79823e-002	-1.39353	0.	-2.8125	0.	0.	0.	1.	0.	0.	1.	0.	0.	0.	0.	0.	0.	0	-1	
1.42382	62.4104	73	0	(0)1	(0)2	(0)2	(0)1	(0)1	-2.75452	5.79823e-002	-1.39353	0.	-2.8125	0.	0.	0.	1.	0.	0.	1.	0.	0.	0.	0.	0.	0.	0	-1	
1.43985	62.3881	74	0	(0)1	(0)2	(0)2	(0)1	(0)1	-2.75452	5.79823e-002	-1.39353	0.	-2.8125	0.	0.	0.	1.	0.	0.	1.	0.	0.	0.	0.	0.	0.	0	-1	
1.45696	58.4621	75	0	(0)1	(0)2	(0)2	(0)1	(0)1	-2.75452	5.79823e-002	-1.39353	0.	-2.8125	0.	0.	0.	1.	0.	0.	1.	0.	0.	0.	0.	0.	0.	0	-1	
1.4728	63.1083	76	0	(0)1	(0)2	(0)2	(0)1	(0)1	-2.75452	5.79823e-002	-1.39353	0.	-2.8125	0.	0.	0.	1.	0.	0.	1.	0.	0.	0.	0.	0.	0.	0	-1	
1.48985	58.6598	77	0	(0)1	(0)2	(0)2	(0)1	(0)1	-2.75452	5.79823e-002	-1.39353	0.	-2.8125	0.	0.	0.	1.	0.	0.	1.	0.	0.	0.	0.	0.	0.	0	-1	
1.50579	62.7414	78	0	(0)1	(0)2	(0)2	(0)1	(0)1	-2.75452	5.79823e-002	-1.39353	0.	-2.8125	0.	0.	0.	1.	0.	0.	1.	0.	0.	0.	0.	0.	0.	0	-1	
1.52187	62.175	79	0	(0)1	(0)2	(0)2	(0)1	(0)1	-2.75452	5.79823e-002	-1.39353	0.	-2.8125	0.	0.	0.	1.	0.	0.	1.	0.	0.	0.	0.	0.	0.	0	-1	
1.53885	58.8965	80	0	(0)1	(0)2	(0)2	(0)1	(0)1	-2.75452	5.79823e-002	-1.39353	0.	-2.8125	0.	0.	0.	1.	0.	0.	1.	0.	0.	0.	0.	0.	0.	0	-1	
1.55587	58.7764	81	0	(0)1	(0)2	(0)2	(0)1	(0)1	-2.75452	5.79823e-002	-1.39353	0.	-2.8125	0.	0.	0.	1.	0.	0.	1.	0.	0.	0.	0.	0.	0.	0	-1	
1.57328	57.4373	82	0	(0)1	(0)2	(0)2	(0)1	(0)1	-2.75452	5.79823e-002	-1.39353	0.	-2.8125	0.	0.	0.	1.	0.	0.	1.	0.	0.	0.	0.	0.	0.	0	-1	
1.58985	60.3218	83	0	(0)1	(0)2	(0)2	(0)1	(0)1	-2.75452	5.79823e-002	-1.39353	0.	-2.8125	0.	0.	0.	1.	0.	0.	1.	0.	0.	0.	0.	0.	0.	0	-1	
1.60683	58.9028	84	0	(0)1	(0)2	(0)2	(0)1	(0)1	-2.75452	5.79823e-002	-1.39353	0.	-2.8125	0.	0.	0.	1.	0.	0.	1.	0.	0.	0.	0.	0.	0.	0	-1	
1.62388	58.6422	85	0	(0)1	(0)2	(0)2	(0)1	(0)1	-2.75452	5.79823e-002	-1.39353	0.	-2.8125	0.	0.	0.	1.	0.	0.	1.	0.	0.	0.	0.	0.	0.	0	-1	
1.63983	62.6892	86	0	(0)1	(0)2	(0)2	(0)1	(0)1	-2.75452	5.79823e-002	-1.39353	0.	-2.8125	0.	0.	0.	1.	0.	0.	1.	0.	0.	0.	0.	0.	0.	0	-1	
1.65682	58.8641	87	0	(0)1	(0)2	(0)2	(0)1	(0)1	-2.75452	5.79823e-002	-1.39353	0.	-2.8125	0.	0.	0.	1.	0.	0.	1.	0.	0.	0.	0.	0.	0.	0	-1	
1.67382	58.8453	88	0	(0)1	(0)2	(0)2	(0)1	(0)1	-2.75452	5.79823e-002	-1.39353	0.	-2.8125	0.	0.	0.	1.	0.	0.	1.	0.	0.	0.	0.	0.	0.	0	-1	
1.68989	62.2276	89	0	(0)1	(0)2	(0)2	(0)1	(0)1	-2.75452	5.79823e-002	-1.39353	0.	-2.8125	0.	0.	0.	1.	0.	0.	1.	0.	0.	0.	0.	0.	0.	0	-1	
1.70684	58.9993	90	0	(0)1	(0)2	(0)2	(0)1	(0)1	-2.75452	5.79823e-002	-1.39353	0.	-2.8125	0.	0.	0.	1.	0.	0.	1.	0.	0.	0.	0.	0.	0.	0	-1	
1.72281	62.6027	91	0	(0)1	(0)2	(0)2	(0)1	(0)1	-2.75452	5.79823e-002	-1.39353	0.	-2.8125	0.	0.	0.	1.	0.	0.	1.	0.	0.	0.	0.	0.	0.	0	-1	
1.73982	58.7889	92	0	(0)1	(0)2	(0)2	(0)1	(0)1	-2.75452	5.79823e-002	-1.39353	0.	-2.8125	0.	0.	0.	1.	0.	0.	1.	0.	0.	0.	0.	0.	0.	0	-1	
1.75683	58.7774	93	0	(0)1	(0)2	(0)2	(0)1	(0)1	-2.75452	5.79823e-002	-1.39353	0.	-2.8125	0.	0.	0.	1.	0.	0.	1.	0.	0.	0.	0.	0.	0.	0	-1	
1.77389	58.6152	94	0	(0)1	(0)2	(0)2	(0)1	(0)1	-2.75452	5.79823e-002	-1.39353	0.	-2.8125	0.	0.	0.	1.	0.	0.	1.	0.	0.	0.	0.	0.	0.	0	-1	
1.78988	62.5672	95	0	(0)1	(0)2	(0)2	(0)1	(0)1	-2.75452	5.79823e-002	-1.39353	0.	-2.8125	0.	0.	0.	1.	0.	0.	1.	0.	0.	0.	0.	0.	0.	0	-1	
1.8058	62.8175	96	0	(0)1	(0)2	(0)2	(0)1	(0)1	-2.75452	5.79823e-002	-1.39353	0.	-2.8125	0.	0.	0.	1.	0.	0.	1.	0.	0.	0.	0.	0.	0.	0	-1	
1.82281	58.7795	97	0	(0)1	(0)2	(0)2	(0)1	(0)1	-2.75452	5.79823e-002	-1.39353	0.	-2.8125	0.	0.	0.	1.	0.	0.	1.	0.	0.	0.	0.	0.	0.	0	-1	
1.83879	62.5542	98	0	(0)1	(0)2	(0)2	(0)1	(0)1	-2.75452	5.79823e-002	-1.39353	0.	-2.8125	0.	0.	0.	1.	0.	0.	1.	0.	0.	0.	0.	0.	0.	0	-1	
1.8559	58.4776	99	0	(0)1	(0)2	(0)2	(0)1	(0)1	-2.75452	5.79823e-002	-1.39353	0.	-2.8125	0.	0.	0.	1.	0.	0.	1.	0.	0.	0.	0.	0.	0.	0	-1	
1.87289	58.8369	100	0	(0)1	(0)2	(0)2	(0)1	(0)1	-2.75452	5.79823e-002	-1.39353	0.	-2.8125	0.	0.	0.	1.	0.	0.	1.	0.	0.	0.	0.	0.	0.	0	-1	
1.88987	58.9091	101	0	(0)1	(0)2	(0)2	(0)1	(0)1	-2.75452	5.79823e-002	-1.39353	0.	-2.8125	0.	0.	0.	1.	0.	0.	1.	0.	0.	0.	0.	0.	0.	0	-1	
1.90691	58.6775	102	0	(0)1	(0)2	(0)2	(0)1	(0)1	-2.75452	5.79823e-002	-1.39353	0.	-2.8125	0.	0.	0.	1.	0.	0.	1.	0.	0.	0.	0.	0.	0.	0	-1	
1.92283	62.8199	103	0	(0)1	(0)2	(0)2	(0)1	(0)1	-2.75452	5.79823e-002	-1.39353	0.	-2.8125	0.	0.	0.	1.	0.	0.	1.	0.	0.	0.	0.	0.	0.	0	-1	
1.93982	58.8484	104	0	(0)1	(0)2	(0)2	(0)1	(0)1	-2.75452	5.79823e-002	-1.39353	0.	-2.8125	0.	0.	0.	1.	0.	0.	1.	0.	0.	0.	0.	0.	0.	0	-1	
1.95686	58.6806	105	0	(0)1	(0)2	(0)2	(0)1	(0)1	-2.75452	5.79823e-002	-1.39353	0.	-2.8125	0.	0.	0.	1.	0.	0.	1.	0.	0.	0.	0.	0.	0.	0	-1	
1.97383	58.9259	106	0	(0)1	(0)2	(0)2	(0)1	(0)1	-2.75452	5.79823e-002	-1.39353	0.	-2.8125	0.	0.	0.	1.	0.	0.	1.	0.	0.	0.	0.	0.	0.	0	-1	
1.98987	62.3329	107	0	(0)1	(0)2	(0)2	(0)1	(0)1	-2.75452	5.79823e-002	-1.39353	0.	-2.8125	0.	0.	0.	1.	0.	0.	1.	0.	0.	0.	0.	0.	0.	0	-1	

