Time	FPS	Frame	Crash	RB	RU	LU	LB	Dither	DAngle	swAngle	OX	OY	OZ	HX	HY	HZ	HA	Speed
4.79973e-005	20834.5	1	0	1	1	1	1	0.	0.	0.	0.	0.	0.	0.	1.	0.	0.	0.	
1.19249	0.838613	2	0	1	1	1	1	2.22045e-016	0.	0.	0.	0.	0.	0.	1.	0.	0.	0.	
1.23239	25.0627	3	0	1	1	1	1	2.22045e-016	0.	0.	0.	0.	0.	0.	1.	0.	0.	0.	
1.2842	19.3044	4	0	1	1	1	1	2.22045e-016	0.	0.	0.	0.	0.	0.	1.	0.	0.	0.	
1.29787	73.1503	5	0	1	1	1	1	2.22045e-016	0.	0.	0.	0.	0.	0.	1.	0.	0.	0.	
1.31438	60.5388	6	0	1	1	1	1	2.22045e-016	0.	0.	0.	0.	0.	0.	1.	0.	0.	0.	
1.33118	59.5303	7	0	1	1	1	1	2.22045e-016	0.	0.	0.	0.	0.	0.	1.	0.	0.	0.	
1.34919	55.5465	8	0	1	1	1	1	2.22045e-016	0.	0.	0.	0.	0.	0.	1.	0.	0.	0.	
1.36581	60.1563	9	0	1	1	1	1	2.22045e-016	0.	0.	0.	0.	0.	0.	1.	0.	0.	0.	
1.38254	59.7656	10	0	1	1	1	1	2.22045e-016	0.	0.	0.	0.	0.	0.	1.	0.	0.	0.	
1.39786	65.2849	11	0	1	1	1	1	2.22045e-016	0.	0.	0.	0.	0.	0.	1.	0.	0.	0.	
1.41498	58.397	12	0	1	1	1	1	2.22045e-016	0.	0.	0.	0.	0.	0.	1.	0.	0.	0.	
1.43109	62.0644	13	0	1	1	1	1	2.22045e-016	0.	0.	0.	0.	0.	0.	1.	0.	0.	0.	
1.44784	59.7235	14	0	1	1	1	1	2.22045e-016	0.	0.	0.	0.	0.	0.	1.	0.	0.	0.	
1.46504	58.1479	15	0	1	1	1	1	2.22045e-016	0.	0.	0.	0.	0.	0.	1.	0.	0.	0.	
1.48128	61.5466	16	0	1	1	1	1	2.22045e-016	0.	0.	0.	0.	0.	0.	1.	0.	0.	0.	
1.49913	56.0247	17	0	1	1	1	1	2.22045e-016	0.	0.	0.	0.	0.	0.	1.	0.	0.	0.	
1.51567	60.4792	18	0	1	1	1	1	2.22045e-016	0.	0.	0.	0.	0.	0.	1.	0.	0.	0.	
1.53122	64.304	19	0	1	1	1	1	2.22045e-016	0.	0.	0.	0.	0.	0.	1.	0.	0.	0.	
1.54915	55.7729	20	0	1	1	1	1	2.22045e-016	0.	0.	0.	0.	0.	0.	1.	0.	0.	0.	
1.56444	65.3957	21	0	1	1	1	1	2.22045e-016	0.	0.	0.	0.	0.	0.	1.	0.	0.	0.	
1.58113	59.8985	22	0	1	1	1	1	2.22045e-016	0.	0.	0.	0.	0.	0.	1.	0.	0.	0.	
1.5978	60.0026	23	0	1	1	1	1	2.22045e-016	0.	0.	0.	0.	0.	0.	1.	0.	0.	0.	
1.61461	59.4822	24	0	1	1	1	1	2.22045e-016	0.	0.	0.	0.	0.	0.	1.	0.	0.	0.	
1.63118	60.3502	25	0	1	1	1	1	2.22045e-016	0.	0.	0.	0.	0.	0.	1.	0.	0.	0.	
1.64793	59.7085	26	0	1	1	1	1	2.22045e-016	0.	0.	0.	0.	0.	0.	1.	0.	0.	0.	
1.66514	58.1183	27	0	1	1	1	1	2.22045e-016	0.	0.	0.	0.	0.	0.	1.	0.	0.	0.	
1.68121	62.2264	28	0	1	1	1	1	2.22045e-016	0.	0.	0.	0.	0.	0.	1.	0.	0.	0.	
1.69783	60.1683	29	0	1	1	1	1	2.22045e-016	0.	0.	0.	0.	0.	0.	1.	0.	0.	0.	
1.7146	59.6139	30	0	1	1	1	1	2.22045e-016	0.	0.	0.	0.	0.	0.	1.	0.	0.	0.	
1.73113	60.5035	31	0	1	1	1	1	2.22045e-016	0.	0.	0.	0.	0.	0.	1.	0.	0.	0.	
1.74777	60.0853	32	0	1	1	1	1	2.22045e-016	0.	0.	0.	0.	0.	0.	1.	0.	0.	0.	
1.76441	60.1191	33	0	1	1	1	1	2.22045e-016	0.	0.	0.	0.	0.	0.	1.	0.	0.	0.	
1.78123	59.4502	34	0	1	1	1	1	2.22045e-016	0.	0.	0.	0.	0.	0.	1.	0.	0.	0.	
1.79782	60.269	35	0	1	1	1	1	2.22045e-016	0.	0.	0.	0.	0.	0.	1.	0.	0.	0.	
1.81448	60.007	36	0	1	1	1	1	2.22045e-016	0.	0.	0.	0.	0.	0.	1.	0.	0.	0.	
1.83156	58.5756	37	0	1	1	1	1	2.22045e-016	0.	0.	0.	0.	0.	0.	1.	0.	0.	0.	
1.8479	61.1761	38	0	1	1	1	1	2.22045e-016	0.	0.	0.	0.	0.	0.	1.	0.	0.	0.	
1.86456	60.0157	39	0	1	1	1	1	2.22045e-016	0.	0.	0.	0.	0.	0.	1.	0.	0.	0.	
1.8824	56.0655	40	0	1	1	1	1	2.22045e-016	0.	0.	0.	0.	0.	0.	1.	0.	0.	0.	
1.89924	59.3927	41	0	1	1	1	1	2.22045e-016	0.	0.	0.	0.	0.	0.	1.	0.	0.	0.	
1.9143	66.3931	42	0	1	1	1	1	2.22045e-016	0.	0.	0.	0.	0.	0.	1.	0.	0.	0.	
1.93094	60.081	43	0	1	1	1	1	2.22045e-016	0.	0.	0.	0.	0.	0.	1.	0.	0.	0.	
1.94894	55.5773	44	0	1	1	1	1	2.22045e-016	0.	0.	0.	0.	0.	0.	1.	0.	0.	0.	
1.96465	63.6565	45	0	1	1	1	1	2.22045e-016	0.	0.	0.	0.	0.	0.	1.	0.	0.	0.	
1.98157	59.0876	46	0	1	1	1	1	2.22045e-016	0.	0.	0.	0.	0.	0.	1.	0.	0.	0.	
1.99784	61.4473	47	0	1	1	1	1	2.22045e-016	0.	0.	0.	0.	0.	0.	1.	0.	0.	0.	
2.01448	60.0995	48	0	1	1	1	1	2.22045e-016	0.	0.	0.	0.	0.	0.	1.	0.	0.	0.	
2.03112	60.1235	49	0	1	1	1	1	2.22045e-016	0.	0.	0.	0.	0.	0.	1.	0.	0.	0.	
2.04785	59.7709	50	0	1	1	1	1	2.22045e-016	0.	0.	0.	0.	0.	0.	1.	0.	0.	0.	
2.06453	59.9494	51	0	1	1	1	1	2.22045e-016	0.	0.	0.	0.	0.	0.	1.	0.	0.	0.	
2.08121	59.9266	52	0	1	1	1	1	2.22045e-016	0.	0.	0.	0.	0.	0.	1.	0.	0.	0.	
2.09895	56.3948	53	0	1	1	1	1	2.22045e-016	0.	0.	0.	0.	0.	0.	1.	0.	0.	0.	
2.11569	59.7128	54	0	1	1	1	1	2.22045e-016	0.	0.	0.	0.	0.	0.	1.	0.	0.	0.	
2.13125	64.2803	55	0	1	1	1	1	2.22045e-016	0.	0.	0.	0.	0.	0.	1.	0.	0.	0.	
2.14911	55.9849	56	0	1	1	1	1	2.22045e-016	0.	0.	0.	0.	0.	0.	1.	0.	0.	0.	
2.16448	65.0579	57	0	1	1	1	1	2.22045e-016	0.	0.	0.	0.	0.	0.	1.	0.	0.	0.	
2.18112	60.1202	58	0	1	1	1	1	2.22045e-016	0.	0.	0.	0.	0.	0.	1.	0.	0.	0.	
2.1991	55.6174	59	0	1	1	1	1	2.22045e-016	0.	0.	0.	0.	0.	0.	1.	0.	0.	0.	
2.21573	60.1257	60	0	1	1	1	1	2.22045e-016	0.	0.	0.	0.	0.	0.	1.	0.	0.	0.	
2.23106	65.2103	61	0	1	1	1	1	2.22045e-016	0.	0.	0.	0.	0.	0.	1.	0.	0.	0.	
2.2479	59.3969	62	0	1	1	1	1	2.22045e-016	0.	0.	0.	0.	0.	0.	1.	0.	0.	0.	
2.2645	60.2361	63	0	1	1	1	1	2.22045e-016	0.	0.	0.	0.	0.	0.	1.	0.	0.	0.	
2.28242	55.8133	64	0	1	1	1	1	2.22045e-016	0.	0.	0.	0.	0.	0.	1.	0.	0.	0.	
2.29766	65.5899	65	0	1	1	1	1	2.22045e-016	0.	0.	0.	0.	0.	0.	1.	0.	0.	0.	
2.31448	59.4513	66	0	1	1	1	1	2.22045e-016	0.	0.	0.	0.	0.	0.	1.	0.	0.	0.	
2.3312	59.8411	67	0	1	1	1	1	2.22045e-016	0.	0.	0.	0.	0.	0.	1.	0.	0.	0.	
2.34887	56.5739	68	0	1	1	1	1	2.22045e-016	0.	0.	0.	0.	0.	0.	1.	0.	0.	0.	
2.36449	64.0083	69	0	1	1	1	1	2.22045e-016	0.	0.	0.	0.	0.	0.	1.	0.	0.	0.	
2.38162	58.3815	70	0	1	1	1	1	2.22045e-016	0.	0.	0.	0.	0.	0.	1.	0.	0.	0.	
2.39803	60.9644	71	0	1	1	1	1	2.22045e-016	0.	0.	0.	0.	0.	0.	1.	0.	0.	0.	
2.41463	60.2208	72	0	1	1	1	1	2.22045e-016	0.	0.	0.	0.	0.	0.	1.	0.	0.	0.	
2.43246	56.074	73	0	1	1	1	1	2.22045e-016	0.	0.	0.	0.	0.	0.	1.	0.	0.	0.	
2.44831	63.0964	74	0	1	1	1	1	2.22045e-016	0.	0.	0.	0.	0.	0.	1.	0.	0.	0.	
2.46457	61.5329	75	0	1	1	1	1	2.22045e-016	0.	0.	0.	0.	0.	0.	1.	0.	0.	0.	
2.48173	58.2594	76	0	1	1	1	1	2.22045e-016	0.	0.	0.	0.	0.	0.	1.	0.	0.	0.	
2.49797	61.5809	77	0	1	1	1	1	2.22045e-016	0.	0.	0.	0.	0.	0.	1.	0.	0.	0.	
2.51454	60.3414	78	0	1	1	1	1	2.22045e-016	0.	0.	0.	0.	0.	0.	1.	0.	0.	0.	
2.53125	59.8454	79	0	1	1	1	1	2.22045e-016	0.	0.	0.	0.	0.	0.	1.	0.	0.	0.	
2.54757	61.2938	80	0	1	1	1	1	2.22045e-016	0.	0.	0.	0.	0.	0.	1.	0.	0.	0.	
2.56457	58.8169	81	0	1	1	1	1	2.22045e-016	0.	0.	0.	0.	0.	0.	1.	0.	0.	0.	
2.58117	60.2175	82	0	1	1	1	1	2.22045e-016	0.	0.	0.	0.	0.	0.	1.	0.	0.	0.	
2.59917	55.568	83	0	1	1	1	1	2.22045e-016	0.	0.	0.	0.	0.	0.	1.	0.	0.	0.	
2.61425	66.3067	84	0	1	1	1	1	2.22045e-016	0.	0.	0.	0.	0.	0.	1.	0.	0.	0.	
2.63109	59.382	85	0	1	1	1	1	2.22045e-016	0.	0.	0.	0.	0.	0.	1.	0.	0.	0.	
2.64779	59.8801	86	0	1	1	1	1	2.22045e-016	0.	0.	0.	0.	0.	0.	1.	0.	0.	0.	
2.66461	59.4598	87	0	1	1	1	1	2.22045e-016	0.	0.	0.	0.	0.	0.	1.	0.	0.	0.	
2.68109	60.6941	88	0	1	1	1	1	2.22045e-016	0.	0.	0.	0.	0.	0.	1.	0.	0.	0.	
2.69773	60.0951	89	0	1	1	1	1	2.22045e-016	0.	0.	0.	0.	0.	0.	1.	0.	0.	0.	
2.71579	55.3507	90	0	1	1	1	1	2.22045e-016	0.	0.	0.	0.	0.	0.	1.	0.	0.	0.	
2.73109	65.388	91	0	1	1	1	1	2.22045e-016	0.	0.	0.	0.	0.	0.	1.	0.	0.	0.	
2.74915	55.3609	92	0	1	1	1	1	2.22045e-016	0.	0.	0.	0.	0.	0.	1.	0.	0.	0.	
2.76459	64.7603	93	0	1	1	1	1	2.22045e-016	0.	0.	0.	0.	0.	0.	1.	0.	0.	0.	
2.78243	56.0598	94	0	1	1	1	1	2.22045e-016	0.	0.	0.	0.	0.	0.	1.	0.	0.	0.	
2.79789	64.6731	95	0	1	1	1	1	2.22045e-016	0.	0.	0.	0.	0.	0.	1.	0.	0.	0.	
2.81455	60.0157	96	0	1	1	1	1	2.22045e-016	0.	0.	0.	0.	0.	0.	1.	0.	0.	0.	
2.83123	59.9798	97	0	1	1	1	1	2.22045e-016	0.	0.	0.	0.	0.	0.	1.	0.	0.	0.	
2.84915	55.7804	98	0	1	1	1	1	2.22045e-016	0.	0.	0.	0.	0.	0.	1.	0.	0.	0.	
2.86458	64.8161	99	0	1	1	1	1	2.22045e-016	0.	0.	0.	0.	0.	0.	1.	0.	0.	0.	
2.88113	60.4416	100	0	1	1	1	1	2.22045e-016	0.	0.	0.	0.	0.	0.	1.	0.	0.	0.	
2.89784	59.8238	101	0	1	1	1	1	2.22045e-016	0.	0.	0.	0.	0.	0.	1.	0.	0.	0.	
2.91456	59.8206	102	0	1	1	1	1	2.22045e-016	0.	0.	0.	0.	0.	0.	1.	0.	0.	0.	
2.93117	60.2175	103	0	1	1	1	1	2.22045e-016	0.	0.	0.	0.	0.	0.	1.	0.	0.	0.	
2.94786	59.8876	104	0	1	1	1	1	2.22045e-016	0.	0.	0.	0.	0.	0.	1.	0.	0.	0.	
2.96433	60.7308	105	0	1	1	1	1	2.22045e-016	0.	0.	0.	0.	0.	0.	1.	0.	0.	0.	
2.98101	59.9603	106	0	1	1	1	1	2.22045e-016	0.	0.	0.	0.	0.	0.	1.	0.	0.	0.	
2.99791	59.1583	107	0	1	1	1	1	2.22045e-016	0.	0.	0.	0.	0.	0.	1.	0.	0.	0.	
3.01454	60.1301	108	0	1	1	1	1	2.22045e-016	0.	0.	0.	0.	0.	0.	1.	0.	0.	0.	
3.03252	55.6212	109	0	1	1	1	1	2.22045e-016	0.	0.	0.	0.	0.	0.	1.	0.	0.	0.	
3.04767	66.016	110	0	1	1	1	1	2.22045e-016	0.	0.	0.	0.	0.	0.	1.	0.	0.	0.	
3.06458	59.1245	111	0	1	1	1	1	2.22045e-016	0.	0.	0.	0.	0.	0.	1.	0.	0.	0.	
3.08254	55.6969	112	0	1	1	1	1	2.22045e-016	0.	0.	0.	0.	0.	0.	1.	0.	0.	0.	
3.09915	60.1716	113	0	1	1	1	1	2.22045e-016	0.	0.	0.	0.	0.	0.	1.	0.	0.	0.	
3.11548	61.2677	114	0	1	1	1	1	2.22045e-016	0.	0.	0.	0.	0.	0.	1.	0.	0.	0.	
3.13137	62.9393	115	0	1	1	1	1	2.22045e-016	0.	0.	0.	0.	0.	0.	1.	0.	0.	0.	
3.14788	60.5333	116	0	1	1	1	1	2.22045e-016	0.	0.	0.	0.	0.	0.	1.	0.	0.	0.	
3.16574	56.0048	117	0	1	1	1	1	2.22045e-016	0.	0.	0.	0.	0.	0.	1.	0.	0.	0.	
3.18126	64.4441	118	0	1	1	1	1	2.22045e-016	0.	0.	0.	0.	0.	0.	1.	0.	0.	0.	
3.19906	56.1662	119	0	1	1	1	1	2.22045e-016	0.	0.	0.	0.	0.	0.	1.	0.	0.	0.	
3.21454	64.5899	120	0	1	1	1	1	2.22045e-016	0.	0.	0.	0.	0.	0.	1.	0.	0.	0.	
3.2311	60.3876	121	0	1	1	1	1	2.22045e-016	0.	0.	0.	0.	0.	0.	1.	0.	0.	0.	
3.24909	55.609	122	0	1	1	1	1	2.22045e-016	0.	0.	0.	0.	0.	0.	1.	0.	0.	0.	
3.2658	59.8368	123	0	1	1	1	1	2.22045e-016	0.	0.	0.	0.	0.	0.	1.	0.	0.	0.	
3.28135	64.289	124	0	1	1	1	1	2.22045e-016	0.	0.	0.	0.	0.	0.	1.	0.	0.	0.	
3.29768	61.2598	125	0	1	1	1	1	2.22045e-016	0.	0.	0.	0.	0.	0.	1.	0.	0.	0.	
3.31589	54.8976	126	0	1	1	1	1	2.22045e-016	0.	0.	0.	0.	0.	0.	1.	0.	0.	0.	
3.33131	64.8618	127	0	1	1	1	1	2.22045e-016	0.	0.	0.	0.	0.	0.	1.	0.	0.	0.	
3.34909	56.2435	128	0	1	1	1	1	2.22045e-016	0.	0.	0.	0.	0.	0.	1.	0.	0.	0.	
3.36417	66.332	129	0	1	1	1	1	2.22045e-016	0.	0.	0.	0.	0.	0.	1.	0.	0.	0.	
3.38136	58.1744	130	0	1	1	1	1	2.22045e-016	0.	0.	0.	0.	0.	0.	1.	0.	0.	0.	
3.39792	60.3612	131	0	1	1	1	1	2.22045e-016	0.	0.	0.	0.	0.	0.	1.	0.	0.	0.	
3.41465	59.799	132	0	1	1	1	1	2.22045e-016	0.	0.	0.	0.	0.	0.	1.	0.	0.	0.	
3.43127	60.1486	133	0	1	1	1	1	2.22045e-016	0.	0.	0.	0.	0.	0.	1.	0.	0.	0.	
3.44906	56.2063	134	0	1	1	1	1	2.22045e-016	0.	0.	0.	0.	0.	0.	1.	0.	0.	0.	
3.46459	64.3978	135	0	1	1	1	1	2.22045e-016	0.	0.	0.	0.	0.	0.	1.	0.	0.	0.	
3.4824	56.1367	136	0	1	1	1	1	2.22045e-016	0.	0.	0.	0.	0.	0.	1.	0.	0.	0.	
3.49767	65.4914	137	0	1	1	1	1	2.22045e-016	0.	0.	0.	0.	0.	0.	1.	0.	0.	0.	
3.51504	57.5959	138	0	1	1	1	1	2.22045e-016	0.	0.	0.	0.	0.	0.	1.	0.	0.	0.	
3.53113	62.1552	139	0	1	1	1	1	2.22045e-016	0.	0.	0.	0.	0.	0.	1.	0.	0.	0.	
3.54817	58.6814	140	0	1	1	1	1	2.22045e-016	0.	0.	0.	0.	0.	0.	1.	0.	0.	0.	
3.56498	59.4737	141	0	1	1	1	1	2.22045e-016	0.	0.	0.	0.	0.	0.	1.	0.	0.	0.	
3.58125	61.4644	142	0	1	1	1	1	2.22045e-016	0.	0.	0.	0.	0.	0.	1.	0.	0.	0.	
3.59815	59.1657	143	0	1	1	1	1	2.22045e-016	0.	0.	0.	0.	0.	0.	1.	0.	0.	0.	
3.61449	61.2145	144	0	1	1	1	1	2.22045e-016	0.	0.	0.	0.	0.	0.	1.	0.	0.	0.	
3.63096	60.7064	145	0	1	1	1	1	2.22045e-016	0.	0.	0.	0.	0.	0.	1.	0.	0.	0.	
3.64778	59.4694	146	0	1	1	1	1	2.22045e-016	0.	0.	0.	0.	0.	0.	1.	0.	0.	0.	
3.66577	55.5885	147	0	1	1	1	1	2.22045e-016	0.	0.	0.	0.	0.	0.	1.	0.	0.	0.	
3.68104	65.4564	148	0	1	1	1	1	2.22045e-016	0.	0.	0.	0.	0.	0.	1.	0.	0.	0.	
3.69789	59.348	149	0	1	1	1	1	2.22045e-016	0.	0.	0.	0.	0.	0.	1.	0.	0.	0.	
3.71458	59.9418	150	0	1	1	1	1	2.22045e-016	0.	0.	0.	0.	0.	0.	1.	0.	0.	0.	
3.73239	56.1301	151	0	1	1	1	1	2.22045e-016	0.	0.	0.	0.	0.	0.	1.	0.	0.	0.	
3.74795	64.289	152	0	1	1	1	1	2.22045e-016	0.	0.	0.	0.	0.	0.	1.	0.	0.	0.	
3.76436	60.9252	153	0	1	1	1	1	2.22045e-016	0.	0.	0.	0.	0.	0.	1.	0.	0.	0.	
3.78103	59.9852	154	0	1	1	1	1	2.22045e-016	0.	0.	0.	0.	0.	0.	1.	0.	0.	0.	
3.79783	59.5303	155	0	1	1	1	1	2.22045e-016	0.	0.	0.	0.	0.	0.	1.	0.	0.	0.	
3.81427	60.8256	156	0	1	1	1	1	2.22045e-016	0.	0.	0.	0.	0.	0.	1.	0.	0.	0.	
3.83111	59.3735	157	0	1	1	1	1	2.22045e-016	0.	0.	0.	0.	0.	0.	1.	0.	0.	0.	
3.8479	59.5667	158	0	1	1	1	1	2.22045e-016	0.	0.	0.	0.	0.	0.	1.	0.	0.	0.	
3.86459	59.8985	159	0	1	1	1	1	2.22045e-016	0.	0.	0.	0.	0.	0.	1.	0.	0.	0.	
3.88225	56.6281	160	0	1	1	1	1	2.22045e-016	0.	0.	0.	0.	0.	0.	1.	0.	0.	0.	
3.8978	64.3102	161	0	1	1	1	1	2.22045e-016	0.	0.	0.	0.	0.	0.	1.	0.	0.	0.	
3.91585	55.4239	162	0	1	1	1	1	2.22045e-016	0.	0.	0.	0.	0.	0.	1.	0.	0.	0.	
3.93113	65.4073	163	0	1	1	1	1	2.22045e-016	0.	0.	0.	0.	0.	0.	1.	0.	0.	0.	
3.94774	60.2361	164	0	1	1	1	1	2.22045e-016	0.	0.	0.	0.	0.	0.	1.	0.	0.	0.	
3.9645	59.6558	165	0	1	1	1	1	2.22045e-016	0.	0.	0.	0.	0.	0.	1.	0.	0.	0.	
3.98259	55.2777	166	0	1	1	1	1	2.22045e-016	0.	0.	0.	0.	0.	0.	1.	0.	0.	0.	
3.99791	65.2849	167	0	1	1	1	1	2.22045e-016	0.	0.	0.	0.	0.	0.	1.	0.	0.	0.	
4.01463	59.7807	168	0	1	1	1	1	2.22045e-016	0.	0.	0.	0.	0.	0.	1.	0.	0.	0.	
4.0325	55.9755	169	0	1	1	1	1	2.22045e-016	0.	0.	0.	0.	0.	0.	1.	0.	0.	0.	
4.04831	63.2469	170	0	1	1	1	1	2.22045e-016	0.	0.	0.	0.	0.	0.	1.	0.	0.	0.	
4.06446	61.9344	171	0	1	1	1	1	2.22045e-016	0.	0.	0.	0.	0.	0.	1.	0.	0.	0.	
4.08105	60.2789	172	0	1	1	1	1	2.22045e-016	0.	0.	0.	0.	0.	0.	1.	0.	0.	0.	
4.09797	59.0855	173	0	1	1	1	1	2.22045e-016	0.	0.	0.	0.	0.	0.	1.	0.	0.	0.	
4.11405	62.196	174	0	1	1	1	1	2.22045e-016	0.	0.	0.	0.	0.	0.	1.	0.	0.	0.	
4.13111	58.6108	175	0	1	1	1	1	2.22045e-016	0.	0.	0.	0.	0.	0.	1.	0.	0.	0.	
4.14772	60.2033	176	0	1	1	1	1	2.22045e-016	0.	0.	0.	0.	0.	0.	1.	0.	0.	0.	
4.16456	59.3692	177	0	1	1	1	1	2.22045e-016	0.	0.	0.	0.	0.	0.	1.	0.	0.	0.	
4.18118	60.1781	178	0	1	1	1	1	2.22045e-016	0.	0.	0.	0.	0.	0.	1.	0.	0.	0.	
4.19916	55.6221	179	0	1	1	1	1	2.22045e-016	0.	0.	0.	0.	0.	0.	1.	0.	0.	0.	
4.21433	65.9018	180	0	1	1	1	1	2.22045e-016	0.	0.	0.	0.	0.	0.	1.	0.	0.	0.	
4.23125	59.116	181	0	1	1	1	1	2.22045e-016	0.	0.	0.	0.	0.	0.	1.	0.	0.	0.	
4.24786	60.1934	182	0	1	1	1	1	2.22045e-016	0.	0.	0.	0.	0.	0.	1.	0.	0.	0.	
4.26575	55.9009	183	0	1	1	1	1	2.22045e-016	0.	0.	0.	0.	0.	0.	1.	0.	0.	0.	
4.28235	60.2317	184	0	1	1	1	1	2.22045e-016	0.	0.	0.	0.	0.	0.	1.	0.	0.	0.	
4.29907	59.8357	185	0	1	1	1	1	2.22045e-016	0.	0.	0.	0.	0.	0.	1.	0.	0.	0.	
4.31448	64.8757	186	0	1	1	1	1	2.22045e-016	0.	0.	0.	0.	0.	0.	1.	0.	0.	0.	
4.33119	59.8346	187	0	1	1	1	1	2.22045e-016	0.	0.	0.	0.	0.	0.	1.	0.	0.	0.	
4.34924	55.4285	188	0	1	1	1	1	2.22045e-016	0.	0.	0.	0.	0.	0.	1.	0.	0.	0.	
4.36458	65.1834	189	0	1	1	1	1	2.22045e-016	0.	0.	0.	0.	0.	0.	1.	0.	0.	0.	
4.38253	55.7138	190	0	1	1	1	1	2.22045e-016	0.	0.	0.	0.	0.	0.	1.	0.	0.	0.	
4.39787	65.1513	191	0	1	1	1	1	2.22045e-016	0.	0.	0.	0.	0.	0.	1.	0.	0.	0.	
4.4158	55.7804	192	0	1	1	1	1	2.22045e-016	0.	0.	0.	0.	0.	0.	1.	0.	0.	0.	
4.43244	60.0842	193	0	1	1	1	1	2.22045e-016	0.	0.	0.	0.	0.	0.	1.	0.	0.	0.	
4.44851	62.2287	194	0	1	1	1	1	2.22045e-016	0.	0.	0.	0.	0.	0.	1.	0.	0.	0.	
4.46447	62.675	195	0	1	1	1	1	2.22045e-016	0.	0.	0.	0.	0.	0.	1.	0.	0.	0.	
4.48115	59.9527	196	0	1	1	1	1	2.22045e-016	0.	0.	0.	0.	0.	0.	1.	0.	0.	0.	
4.4991	55.7053	197	0	1	1	1	1	2.22045e-016	0.	0.	0.	0.	0.	0.	1.	0.	0.	0.	
4.51581	59.8411	198	0	1	1	1	1	2.22045e-016	0.	0.	0.	0.	0.	0.	1.	0.	0.	0.	
4.53245	60.1159	199	0	1	1	1	1	2.22045e-016	0.	0.	0.	0.	0.	0.	1.	0.	0.	0.	
4.54892	60.6975	200	0	1	1	1	1	2.22045e-016	0.	0.	0.	0.	0.	0.	1.	0.	0.	0.	
4.5644	64.6075	201	0	1	1	1	1	2.22045e-016	0.	0.	0.	0.	0.	0.	1.	0.	0.	0.	
4.58113	59.7699	202	0	1	1	1	1	2.22045e-016	0.	0.	0.	0.	0.	0.	1.	0.	0.	0.	
4.59902	55.899	203	0	1	1	1	1	2.22045e-016	0.	0.	0.	0.	0.	0.	1.	0.	0.	0.	
4.61436	65.1975	204	0	1	1	1	1	2.22045e-016	0.	0.	0.	0.	0.	0.	1.	0.	0.	0.	
4.63116	59.5186	205	0	1	1	1	1	2.22045e-016	0.	0.	0.	0.	0.	0.	1.	0.	0.	0.	
4.64795	59.5753	206	0	1	1	1	1	2.22045e-016	0.	0.	0.	0.	0.	0.	1.	0.	0.	0.	
4.66458	60.1279	207	0	1	1	1	1	2.22045e-016	0.	0.	0.	0.	0.	0.	1.	0.	0.	0.	
4.68115	60.3524	208	0	1	1	1	1	2.22045e-016	0.	0.	0.	0.	0.	0.	1.	0.	0.	0.	
4.69913	55.595	209	0	1	1	1	1	2.22045e-016	0.	0.	0.	0.	0.	0.	1.	0.	0.	0.	
4.7146	64.6655	210	0	1	1	1	1	2.22045e-016	0.	0.	0.	0.	0.	0.	1.	0.	0.	0.	
4.73119	60.2745	211	0	1	1	1	1	2.22045e-016	0.	0.	0.	0.	0.	0.	1.	0.	0.	0.	
4.74918	55.596	212	0	1	1	1	1	2.22045e-016	0.	0.	0.	0.	0.	0.	1.	0.	0.	0.	
4.76469	64.473	213	0	1	1	1	1	2.22045e-016	0.	0.	0.	0.	0.	0.	1.	0.	0.	0.	
4.78118	60.6363	214	0	1	1	1	1	2.22045e-016	0.	0.	0.	0.	0.	0.	1.	0.	0.	0.	
4.79788	59.8844	215	0	1	1	1	1	2.22045e-016	0.	0.	0.	0.	0.	0.	1.	0.	0.	0.	
4.81451	60.1039	216	0	1	1	1	1	2.22045e-016	0.	0.	0.	0.	0.	0.	1.	0.	0.	0.	
4.83113	60.1803	217	0	1	1	1	1	2.22045e-016	0.	0.	0.	0.	0.	0.	1.	0.	0.	0.	
4.84772	60.2887	218	0	1	1	1	1	2.22045e-016	0.	0.	0.	0.	0.	0.	1.	0.	0.	0.	
4.86445	59.7634	219	0	1	1	1	1	2.22045e-016	0.	0.	0.	0.	0.	0.	1.	0.	0.	0.	
4.88246	55.5354	220	0	1	1	1	1	2.22045e-016	0.	0.	0.	0.	0.	0.	1.	0.	0.	0.	
4.89779	65.236	221	0	1	1	1	1	2.22045e-016	0.	0.	0.	0.	0.	0.	1.	0.	0.	0.	
4.91457	59.5828	222	0	1	1	1	1	2.22045e-016	0.	0.	0.	0.	0.	0.	1.	0.	0.	0.	
4.9312	60.1202	223	0	1	1	1	1	2.22045e-016	0.	0.	0.	0.	0.	0.	1.	0.	0.	0.	
4.94914	55.741	224	0	1	1	1	1	2.22045e-016	0.	0.	0.	0.	0.	0.	1.	0.	0.	0.	
4.96442	65.4409	225	0	1	1	1	1	2.22045e-016	0.	0.	0.	0.	0.	0.	1.	0.	0.	0.	
4.98111	59.9256	226	0	1	1	1	1	2.22045e-016	0.	0.	0.	0.	0.	0.	1.	0.	0.	0.	
4.99793	59.4545	227	0	1	1	1	1	2.22045e-016	0.	0.	0.	0.	0.	0.	1.	0.	0.	0.	
5.01733	51.5376	228	0	1	1	1	1	2.22045e-016	0.	0.	0.	0.	0.	0.	1.	0.	0.	0.	
5.031	73.1568	229	0	1	1	1	1	2.22045e-016	0.	0.	0.	0.	0.	0.	1.	0.	0.	0.	
5.04815	58.3117	230	0	1	1	1	1	2.22045e-016	0.	0.	0.	0.	0.	0.	1.	0.	0.	0.	
5.0645	61.1885	231	0	1	1	1	1	2.22045e-016	0.	0.	0.	0.	0.	0.	1.	0.	0.	0.	
5.08107	60.3381	232	0	1	1	1	1	2.22045e-016	0.	0.	0.	0.	0.	0.	1.	0.	0.	0.	
5.0991	55.4452	233	0	1	1	1	1	2.22045e-016	0.	0.	0.	0.	0.	0.	1.	0.	0.	0.	
5.1145	64.9623	234	0	1	1	1	1	2.22045e-016	0.	0.	0.	0.	0.	0.	1.	0.	0.	0.	
5.13114	60.0832	235	0	1	1	1	1	2.22045e-016	0.	0.	0.	0.	0.	0.	1.	0.	0.	0.	
5.148	59.3278	236	0	1	1	1	1	2.22045e-016	0.	0.	0.	0.	0.	0.	1.	0.	0.	0.	
5.16578	56.2196	237	0	1	1	1	1	2.22045e-016	0.	0.	0.	0.	0.	0.	1.	0.	0.	0.	
5.18123	64.7249	238	0	1	1	1	1	2.22045e-016	0.	0.	0.	0.	0.	0.	1.	0.	0.	0.	
5.19784	60.2241	239	0	1	1	1	1	2.22045e-016	0.	0.	0.	0.	0.	0.	1.	0.	0.	0.	
5.2158	55.6763	240	0	1	1	1	1	2.22045e-016	0.	0.	0.	0.	0.	0.	1.	0.	0.	0.	
5.23119	64.9648	241	0	1	1	1	1	2.22045e-016	0.	0.	0.	0.	0.	0.	1.	0.	0.	0.	
5.24776	60.3546	242	0	1	1	1	1	2.22045e-016	0.	0.	0.	0.	0.	0.	1.	0.	0.	0.	
5.26426	60.6075	243	0	1	1	1	1	2.22045e-016	0.	0.	0.	0.	0.	0.	1.	0.	0.	0.	
5.28254	54.6946	244	0	1	1	1	1	2.22045e-016	0.	0.	0.	0.	0.	0.	1.	0.	0.	0.	
5.29789	65.1808	245	0	1	1	1	1	2.22045e-016	0.	0.	0.	0.	0.	0.	1.	0.	0.	0.	
5.31456	59.9592	246	0	1	1	1	1	2.22045e-016	0.	0.	0.	0.	0.	0.	1.	0.	0.	0.	
5.33111	60.4339	247	0	1	1	1	1	2.22045e-016	0.	0.	0.	0.	0.	0.	1.	0.	0.	0.	
5.34792	59.5068	248	0	1	1	1	1	2.22045e-016	0.	0.	0.	0.	0.	0.	1.	0.	0.	0.	
5.36448	60.3601	249	0	1	1	1	1	2.22045e-016	0.	0.	0.	0.	0.	0.	1.	0.	0.	0.	
5.38242	55.7588	250	0	1	1	1	1	2.22045e-016	0.	0.	0.	0.	0.	0.	1.	0.	0.	0.	
5.39811	63.7141	251	0	1	1	1	1	2.22045e-016	0.	0.	0.	0.	0.	0.	1.	0.	0.	0.	
5.41443	61.2847	252	0	1	1	1	1	2.22045e-016	0.	0.	0.	0.	0.	0.	1.	0.	0.	0.	
5.43101	60.3206	253	0	1	1	1	1	2.22045e-016	0.	0.	0.	0.	0.	0.	1.	0.	0.	0.	
5.44793	59.1002	254	0	1	1	1	1	2.22045e-016	0.	0.	0.	0.	0.	0.	1.	0.	0.	0.	
5.46574	56.1596	255	0	1	1	1	1	2.22045e-016	0.	0.	0.	0.	0.	0.	1.	0.	0.	0.	
5.48255	59.463	256	0	1	1	1	1	2.22045e-016	0.	0.	0.	0.	0.	0.	1.	0.	0.	0.	
5.49787	65.2707	257	0	1	1	1	1	2.22045e-016	0.	0.	0.	0.	0.	0.	1.	0.	0.	0.	
5.51483	58.9677	258	0	1	1	1	1	2.22045e-016	0.	0.	0.	0.	0.	0.	1.	0.	0.	0.	
5.53123	60.9914	259	0	1	1	1	1	2.22045e-016	0.	0.	0.	0.	0.	0.	1.	0.	0.	0.	
5.54913	55.8632	260	0	1	1	1	1	2.22045e-016	0.	0.	0.	0.	0.	0.	1.	0.	0.	0.	
5.56474	64.064	261	0	1	1	1	1	2.22045e-016	0.	0.	0.	0.	0.	0.	1.	0.	0.	0.	
5.58112	61.0453	262	0	1	1	1	1	2.22045e-016	0.	0.	0.	0.	0.	0.	1.	0.	0.	0.	
5.59777	60.0483	263	0	1	1	1	1	2.22045e-016	0.	0.	0.	0.	0.	0.	1.	0.	0.	0.	
5.61458	59.4972	264	0	1	1	1	1	2.22045e-016	0.	0.	0.	0.	0.	0.	1.	0.	0.	0.	
5.6324	56.1263	265	0	1	1	1	1	2.22045e-016	0.	0.	0.	0.	0.	0.	1.	0.	0.	0.	
5.648	64.0714	266	0	1	1	1	1	2.22045e-016	0.	0.	0.	0.	0.	0.	1.	0.	0.	0.	
5.66436	61.1456	267	0	1	1	1	1	2.22045e-016	0.	0.	0.	0.	0.	0.	1.	0.	0.	0.	
5.68116	59.5314	268	0	1	1	1	1	2.22045e-016	0.	0.	0.	0.	0.	0.	1.	0.	0.	0.	
5.6982	58.6762	269	0	1	1	1	1	2.22045e-016	0.	0.	0.	0.	0.	0.	1.	0.	0.	0.	
5.7143	62.0958	270	0	1	1	1	1	2.22045e-016	0.	0.	0.	0.	0.	0.	1.	0.	0.	0.	
5.7312	59.1995	271	0	1	1	1	1	2.22045e-016	0.	0.	0.	0.	0.	0.	1.	0.	0.	0.	
5.74774	60.4549	272	0	1	1	1	1	2.22045e-016	0.	0.	0.	0.	0.	0.	1.	0.	0.	0.	
5.76474	58.8085	273	0	1	1	1	1	2.22045e-016	0.	0.	0.	0.	0.	0.	1.	0.	0.	0.	
5.78116	60.9061	274	0	1	1	1	1	2.22045e-016	0.	0.	0.	0.	0.	0.	1.	0.	0.	0.	
5.79774	60.3239	275	0	1	1	1	1	2.22045e-016	0.	0.	0.	0.	0.	0.	1.	0.	0.	0.	
5.81569	55.7119	276	0	1	1	1	1	2.22045e-016	0.	0.	0.	0.	0.	0.	1.	0.	0.	0.	
5.83255	59.3044	277	0	1	1	1	1	2.22045e-016	0.	0.	0.	0.	0.	0.	1.	0.	0.	0.	
5.8479	65.159	278	0	1	1	1	1	2.22045e-016	0.	0.	0.	0.	0.	0.	1.	0.	0.	0.	
5.8645	60.2394	279	0	1	1	1	1	2.22045e-016	0.	0.	0.	0.	0.	0.	1.	0.	0.	0.	
5.88237	55.9386	280	0	1	1	1	1	2.22045e-016	0.	0.	0.	0.	0.	0.	1.	0.	0.	0.	
5.89779	64.8529	281	0	1	1	1	1	2.22045e-016	0.	0.	0.	0.	0.	0.	1.	0.	0.	0.	
5.91466	59.28	282	0	1	1	1	1	2.22045e-016	0.	0.	0.	0.	0.	0.	1.	0.	0.	0.	
5.93239	56.3938	283	0	1	1	1	1	2.22045e-016	0.	0.	0.	0.	0.	0.	1.	0.	0.	0.	
5.94787	64.6214	284	0	1	1	1	1	2.22045e-016	0.	0.	0.	0.	0.	0.	1.	0.	0.	0.	
5.96576	55.8933	285	0	1	1	1	1	2.22045e-016	0.	0.	0.	0.	0.	0.	1.	0.	0.	0.	
5.98125	64.5546	286	0	1	1	1	1	2.22045e-016	0.	0.	0.	0.	0.	0.	1.	0.	0.	0.	
5.99766	60.9229	287	0	1	1	1	1	2.22045e-016	0.	0.	0.	0.	0.	0.	1.	0.	0.	0.	
6.01461	59.0265	288	0	1	1	1	1	2.22045e-016	0.	0.	0.	0.	0.	0.	1.	0.	0.	0.	
6.0314	59.5625	289	0	1	1	1	1	2.22045e-016	0.	0.	0.	0.	0.	0.	1.	0.	0.	0.	
6.04796	60.3634	290	0	1	1	1	1	2.22045e-016	0.	0.	0.	0.	0.	0.	1.	0.	0.	0.	
6.06443	60.7175	291	0	1	1	1	1	2.22045e-016	0.	0.	0.	0.	0.	0.	1.	0.	0.	0.	
6.081	60.3447	292	0	1	1	1	1	2.22045e-016	0.	0.	0.	0.	0.	0.	1.	0.	0.	0.	
6.0978	59.5271	293	0	1	1	1	1	2.22045e-016	0.	0.	0.	0.	0.	0.	1.	0.	0.	0.	
6.11443	60.1344	294	0	1	1	1	1	2.22045e-016	0.	0.	0.	0.	0.	0.	1.	0.	0.	0.	
6.13224	56.1634	295	0	1	1	1	1	2.22045e-016	0.	0.	0.	0.	0.	0.	1.	0.	0.	0.	
6.14768	64.7477	296	0	1	1	1	1	2.22045e-016	0.	0.	0.	0.	0.	0.	1.	0.	0.	0.	
6.16451	59.4374	297	0	1	1	1	1	2.22045e-016	0.	0.	0.	0.	0.	0.	1.	0.	0.	0.	
6.18114	60.105	298	0	1	1	1	1	2.22045e-016	0.	0.	0.	0.	0.	0.	1.	0.	0.	0.	
6.19922	55.311	299	0	1	1	1	1	2.22045e-016	0.	0.	0.	0.	0.	0.	1.	0.	0.	0.	
6.21563	60.9588	300	0	1	1	1	1	2.22045e-016	0.	0.	0.	0.	0.	0.	1.	0.	0.	0.	
6.23117	64.3352	301	0	1	1	1	1	2.22045e-016	0.	0.	0.	0.	0.	0.	1.	0.	0.	0.	
6.24781	60.1039	302	0	1	1	1	1	2.22045e-016	0.	0.	0.	0.	0.	0.	1.	0.	0.	0.	
6.26467	59.3203	303	0	1	1	1	1	2.22045e-016	0.	0.	0.	0.	0.	0.	1.	0.	0.	0.	
6.28121	60.4604	304	0	1	1	1	1	2.22045e-016	0.	0.	0.	0.	0.	0.	1.	0.	0.	0.	
6.29791	59.8584	305	0	1	1	1	1	2.22045e-016	0.	0.	0.	0.	0.	0.	1.	0.	0.	0.	
6.31453	60.1803	306	0	1	1	1	1	2.22045e-016	0.	0.	0.	0.	0.	0.	1.	0.	0.	0.	
6.33108	60.4218	307	0	1	1	1	1	2.22045e-016	0.	0.	0.	0.	0.	0.	1.	0.	0.	0.	
6.34823	58.3209	308	0	1	1	1	1	2.22045e-016	0.	0.	0.	0.	0.	0.	1.	0.	0.	0.	
6.36463	60.9689	309	0	1	1	1	1	2.22045e-016	0.	0.	0.	0.	0.	0.	1.	0.	0.	0.	
6.38163	58.8065	310	0	1	1	1	1	2.22045e-016	0.	0.	0.	0.	0.	0.	1.	0.	0.	0.	
6.3979	61.461	311	0	1	1	1	1	2.22045e-016	0.	0.	0.	0.	0.	0.	1.	0.	0.	0.	
6.41596	55.3757	312	0	1	1	1	1	2.22045e-016	0.	0.	0.	0.	0.	0.	1.	0.	0.	0.	
6.43243	60.7186	313	0	1	1	1	1	2.22045e-016	0.	0.	0.	0.	0.	0.	1.	0.	0.	0.	
6.44916	59.7925	314	0	1	1	1	1	2.22045e-016	0.	0.	0.	0.	0.	0.	1.	0.	0.	0.	
6.4644	65.6172	315	0	1	1	1	1	2.22045e-016	0.	0.	0.	0.	0.	0.	1.	0.	0.	0.	
6.48231	55.8086	316	0	1	1	1	1	2.22045e-016	0.	0.	0.	0.	0.	0.	1.	0.	0.	0.	
6.49795	63.9342	317	0	1	1	1	1	2.22045e-016	0.	0.	0.	0.	0.	0.	1.	0.	0.	0.	
6.51462	59.9994	318	0	1	1	1	1	2.22045e-016	0.	0.	0.	0.	0.	0.	1.	0.	0.	0.	
6.53116	60.4659	319	0	1	1	1	1	2.22045e-016	0.	0.	0.	0.	0.	0.	1.	0.	0.	0.	
6.54772	60.3722	320	0	1	1	1	1	2.22045e-016	0.	0.	0.	0.	0.	0.	1.	0.	0.	0.	
6.56454	59.4801	321	0	1	1	1	1	2.22045e-016	0.	0.	0.	0.	0.	0.	1.	0.	0.	0.	
6.58127	59.7451	322	0	1	1	1	1	2.22045e-016	0.	0.	0.	0.	0.	0.	1.	0.	0.	0.	
6.59917	55.8792	323	0	1	1	1	1	2.22045e-016	0.	0.	0.	0.	0.	0.	1.	0.	0.	0.	
6.61576	60.2767	324	0	1	1	1	1	2.22045e-016	0.	0.	0.	0.	0.	0.	1.	0.	0.	0.	
6.63113	65.0477	325	0	1	1	1	1	2.22045e-016	0.	0.	0.	0.	0.	0.	1.	0.	0.	0.	
6.64787	59.7418	326	0	1	1	1	1	2.22045e-016	0.	0.	0.	0.	0.	0.	1.	0.	0.	0.	
6.66436	60.6319	327	0	1	1	1	1	2.22045e-016	0.	0.	0.	0.	0.	0.	1.	0.	0.	0.	
6.68104	59.9776	328	0	1	1	1	1	2.22045e-016	0.	0.	0.	0.	0.	0.	1.	0.	0.	0.	
6.69772	59.931	329	0	1	1	1	1	2.22045e-016	0.	0.	0.	0.	0.	0.	1.	0.	0.	0.	
6.71582	55.2621	330	0	1	1	1	1	2.22045e-016	0.	0.	0.	0.	0.	0.	1.	0.	0.	0.	
6.73241	60.2723	331	0	1	1	1	1	2.22045e-016	0.	0.	0.	0.	0.	0.	1.	0.	0.	0.	
6.74793	64.4454	332	0	1	1	1	1	2.22045e-016	0.	0.	0.	0.	0.	0.	1.	0.	0.	0.	
6.76447	60.4659	333	0	1	1	1	1	2.22045e-016	0.	0.	0.	0.	0.	0.	1.	0.	0.	0.	
6.78115	59.9386	334	0	1	1	1	1	2.22045e-016	0.	0.	0.	0.	0.	0.	1.	0.	0.	0.	
6.79779	60.0799	335	0	1	1	1	1	2.22045e-016	0.	0.	0.	0.	0.	0.	1.	0.	0.	0.	
6.81455	59.6794	336	0	1	1	1	1	2.22045e-016	0.	0.	0.	0.	0.	0.	1.	0.	0.	0.	
6.83118	60.129	337	0	1	1	1	1	2.22045e-016	0.	0.	0.	0.	0.	0.	1.	0.	0.	0.	
6.84783	60.0668	338	0	1	1	1	1	2.22045e-016	0.	0.	0.	0.	0.	0.	1.	0.	0.	0.	
6.86439	60.3777	339	0	1	1	1	1	2.22045e-016	0.	0.	0.	0.	0.	0.	1.	0.	0.	0.	
6.88172	57.7083	340	0	1	1	1	1	2.22045e-016	0.	0.	0.	0.	0.	0.	1.	0.	0.	0.	
6.89792	61.7324	341	0	1	1	1	1	2.22045e-016	0.	0.	0.	0.	0.	0.	1.	0.	0.	0.	
6.9158	55.9112	342	0	1	1	1	1	2.22045e-016	0.	0.	0.	0.	0.	0.	1.	0.	0.	0.	
6.9311	65.3789	343	0	1	1	1	1	2.22045e-016	0.	0.	0.	0.	0.	0.	1.	0.	0.	0.	
6.94916	55.3729	344	0	1	1	1	1	2.22045e-016	0.	0.	0.	0.	0.	0.	1.	0.	0.	0.	
6.96442	65.516	345	0	1	1	1	1	2.22045e-016	0.	0.	0.	0.	0.	0.	1.	0.	0.	0.	
6.98126	59.3927	346	0	1	1	1	1	2.22045e-016	0.	0.	0.	0.	0.	0.	1.	0.	0.	0.	
6.99916	55.8688	347	0	1	1	1	1	2.22045e-016	0.	0.	0.	0.	0.	0.	1.	0.	0.	0.	
7.01582	60.0276	348	0	1	1	1	1	2.22045e-016	0.	0.	0.	0.	0.	0.	1.	0.	0.	0.	
7.03118	65.0976	349	0	1	1	1	1	2.22045e-016	0.	0.	0.	0.	0.	0.	1.	0.	0.	0.	
7.04782	60.0984	350	0	1	1	1	1	2.22045e-016	0.	0.	0.	0.	0.	0.	1.	0.	0.	0.	
7.0645	59.9494	351	0	1	1	1	1	2.22045e-016	0.	0.	0.	0.	0.	0.	1.	0.	0.	0.	
7.0824	55.865	352	0	1	1	1	1	2.22045e-016	0.	0.	0.	0.	0.	0.	1.	0.	0.	0.	
7.09791	64.493	353	0	1	1	1	1	2.22045e-016	0.	0.	0.	0.	0.	0.	1.	0.	0.	0.	
7.11444	60.4714	354	0	1	1	1	1	2.22045e-016	0.	0.	0.	0.	0.	0.	1.	0.	0.	0.	
7.13104	60.2328	355	0	1	1	1	1	2.22045e-016	0.	0.	0.	0.	0.	0.	1.	0.	0.	0.	
7.14911	55.3424	356	0	1	1	1	1	2.22045e-016	0.	0.	0.	0.	0.	0.	1.	0.	0.	0.	
7.1658	59.9277	357	0	1	1	1	1	2.22045e-016	0.	0.	0.	0.	0.	0.	1.	0.	0.	0.	
7.18174	62.7557	358	0	1	1	1	1	2.22045e-016	0.	0.	0.	0.	0.	0.	1.	0.	0.	0.	
7.19739	63.8947	359	0	1	1	1	1	2.22045e-016	0.	0.	0.	0.	0.	0.	1.	0.	0.	0.	
7.2144	58.7585	360	0	1	1	1	1	2.22045e-016	0.	0.	0.	0.	0.	0.	1.	0.	0.	0.	
7.2313	59.1879	361	0	1	1	1	1	2.22045e-016	0.	0.	0.	0.	0.	0.	1.	0.	0.	0.	
7.24784	60.4505	362	0	1	1	1	1	2.22045e-016	0.	0.	0.	0.	0.	0.	1.	0.	0.	0.	
7.26456	59.8184	363	0	1	1	1	1	2.22045e-016	0.	0.	0.	0.	0.	0.	1.	0.	0.	0.	
7.28116	60.2482	364	0	1	1	1	1	2.22045e-016	0.	0.	0.	0.	0.	0.	1.	0.	0.	0.	
7.29786	59.8736	365	0	1	1	1	1	2.22045e-016	0.	0.	0.	0.	0.	0.	1.	0.	0.	0.	
7.31458	59.8238	366	0	1	1	1	1	2.22045e-016	0.	0.	0.	0.	0.	0.	1.	0.	0.	0.	
7.33123	60.0363	367	0	1	1	1	1	2.22045e-016	0.	0.	0.	0.	0.	0.	1.	0.	0.	0.	
7.34918	55.7194	368	0	1	1	1	1	2.22045e-016	0.	0.	0.	0.	0.	0.	1.	0.	0.	0.	
7.36457	64.9788	369	0	1	1	1	1	2.22045e-016	0.	0.	0.	0.	0.	0.	1.	0.	0.	0.	
7.38118	60.2022	370	0	1	1	1	1	2.22045e-016	0.	0.	0.	0.	0.	0.	1.	0.	0.	0.	
7.39914	55.6829	371	0	1	1	1	1	2.22045e-016	0.	0.	0.	0.	0.	0.	1.	0.	0.	0.	
7.41455	64.9024	372	0	1	1	1	1	2.22045e-016	0.	0.	0.	0.	0.	0.	1.	0.	0.	0.	
7.43118	60.1017	373	0	1	1	1	1	2.22045e-016	0.	0.	0.	0.	0.	0.	1.	0.	0.	0.	
7.44771	60.5178	374	0	1	1	1	1	2.22045e-016	0.	0.	0.	0.	0.	0.	1.	0.	0.	0.	
7.46456	59.3554	375	0	1	1	1	1	2.22045e-016	0.	0.	0.	0.	0.	0.	1.	0.	0.	0.	
7.48122	60.0157	376	0	1	1	1	1	2.22045e-016	0.	0.	0.	0.	0.	0.	1.	0.	0.	0.	
7.49896	56.365	377	0	1	1	1	1	2.22045e-016	0.	0.	0.	0.	0.	0.	1.	0.	0.	0.	
7.51577	59.4726	378	0	1	1	1	1	2.22045e-016	0.	0.	0.	0.	0.	0.	1.	0.	0.	0.	
7.53105	65.4849	379	0	1	1	1	1	2.22045e-016	0.	0.	0.	0.	0.	0.	1.	0.	0.	0.	
7.54774	59.9093	380	0	1	1	1	1	2.22045e-016	0.	0.	0.	0.	0.	0.	1.	0.	0.	0.	
7.5658	55.3766	381	0	1	1	1	1	2.22045e-016	0.	0.	0.	0.	0.	0.	1.	0.	0.	0.	
7.58174	62.7082	382	0	1	1	1	1	2.22045e-016	0.	0.	0.	0.	0.	0.	1.	0.	0.	0.	
7.5979	61.8812	383	0	1	1	1	1	2.22045e-016	0.	0.	0.	0.	0.	0.	1.	0.	0.	0.	
7.61433	60.8759	384	0	1	1	1	1	2.22045e-016	0.	0.	0.	0.	0.	0.	1.	0.	0.	0.	
7.6312	59.262	385	0	1	1	1	1	2.22045e-016	0.	0.	0.	0.	0.	0.	1.	0.	0.	0.	
7.64908	55.9263	386	0	1	1	1	1	2.22045e-016	0.	0.	0.	0.	0.	0.	1.	0.	0.	0.	
7.66581	59.7947	387	0	1	1	1	1	2.22045e-016	0.	0.	0.	0.	0.	0.	1.	0.	0.	0.	
7.68122	64.9037	388	0	1	1	1	1	2.22045e-016	0.	0.	0.	0.	0.	0.	1.	0.	0.	0.	
7.698	59.5914	389	0	1	1	1	1	2.22045e-016	0.	0.	0.	0.	0.	0.	1.	0.	0.	0.	
7.71575	56.3353	390	0	1	1	1	1	2.22045e-016	0.	0.	0.	0.	0.	0.	1.	0.	0.	0.	
7.7314	63.8762	391	0	1	1	1	1	2.22045e-016	0.	0.	0.	0.	0.	0.	1.	0.	0.	0.	
7.74782	60.9185	392	0	1	1	1	1	2.22045e-016	0.	0.	0.	0.	0.	0.	1.	0.	0.	0.	
7.76462	59.5175	393	0	1	1	1	1	2.22045e-016	0.	0.	0.	0.	0.	0.	1.	0.	0.	0.	
7.78101	61.0284	394	0	1	1	1	1	2.22045e-016	0.	0.	0.	0.	0.	0.	1.	0.	0.	0.	
7.79771	59.8649	395	0	1	1	1	1	2.22045e-016	0.	0.	0.	0.	0.	0.	1.	0.	0.	0.	
7.81453	59.4545	396	0	1	1	1	1	2.22045e-016	0.	0.	0.	0.	0.	0.	1.	0.	0.	0.	
7.83125	59.8087	397	0	1	1	1	1	2.22045e-016	0.	0.	0.	0.	0.	0.	1.	0.	0.	0.	
7.84794	59.931	398	0	1	1	1	1	2.22045e-016	0.	0.	0.	0.	0.	0.	1.	0.	0.	0.	
7.86579	56.0162	399	0	1	1	1	1	2.22045e-016	0.	0.	0.	0.	0.	0.	1.	0.	0.	0.	
7.88172	62.7676	400	0	1	1	1	1	2.22045e-016	0.	0.	0.	0.	0.	0.	1.	0.	0.	0.	
7.89778	62.2486	401	0	1	1	1	1	2.22045e-016	0.	0.	0.	0.	0.	0.	1.	0.	0.	0.	
7.91451	59.7979	402	0	1	1	1	1	2.22045e-016	0.	0.	0.	0.	0.	0.	1.	0.	0.	0.	
7.93089	61.0374	403	0	1	1	1	1	2.22045e-016	0.	0.	0.	0.	0.	0.	1.	0.	0.	0.	
7.94796	58.5808	404	0	1	1	1	1	2.22045e-016	0.	0.	0.	0.	0.	0.	1.	0.	0.	0.	
7.9646	60.1137	405	0	1	1	1	1	2.22045e-016	0.	0.	0.	0.	0.	0.	1.	0.	0.	0.	
7.98119	60.2635	406	0	1	1	1	1	2.22045e-016	0.	0.	0.	0.	0.	0.	1.	0.	0.	0.	
7.99783	60.1082	407	0	1	1	1	1	2.22045e-016	0.	0.	0.	0.	0.	0.	1.	0.	0.	0.	
8.01454	59.8346	408	0	1	1	1	1	2.22045e-016	0.	0.	0.	0.	0.	0.	1.	0.	0.	0.	
8.03132	59.6021	409	0	1	1	1	1	2.22045e-016	0.	0.	0.	0.	0.	0.	1.	0.	0.	0.	
8.04784	60.5156	410	0	1	1	1	1	2.22045e-016	0.	0.	0.	0.	0.	0.	1.	0.	0.	0.	
8.06577	55.7747	411	0	1	1	1	1	2.22045e-016	0.	0.	0.	0.	0.	0.	1.	0.	0.	0.	
8.08243	60.0113	412	0	1	1	1	1	2.22045e-016	0.	0.	0.	0.	0.	0.	1.	0.	0.	0.	
8.09782	64.9979	413	0	1	1	1	1	2.22045e-016	0.	0.	0.	0.	0.	0.	1.	0.	0.	0.	
8.1145	59.9581	414	0	1	1	1	1	2.22045e-016	0.	0.	0.	0.	0.	0.	1.	0.	0.	0.	
8.13112	60.1442	415	0	1	1	1	1	2.22045e-016	0.	0.	0.	0.	0.	0.	1.	0.	0.	0.	
8.14768	60.3843	416	0	1	1	1	1	2.22045e-016	0.	0.	0.	0.	0.	0.	1.	0.	0.	0.	
8.1645	59.4801	417	0	1	1	1	1	2.22045e-016	0.	0.	0.	0.	0.	0.	1.	0.	0.	0.	
8.1812	59.853	418	0	1	1	1	1	2.22045e-016	0.	0.	0.	0.	0.	0.	1.	0.	0.	0.	
8.19782	60.1814	419	0	1	1	1	1	2.22045e-016	0.	0.	0.	0.	0.	0.	1.	0.	0.	0.	
8.21503	58.1101	420	0	1	1	1	1	2.22045e-016	0.	0.	0.	0.	0.	0.	1.	0.	0.	0.	
8.23136	61.2202	421	0	1	1	1	1	2.22045e-016	0.	0.	0.	0.	0.	0.	1.	0.	0.	0.	
8.24809	59.7893	422	0	1	1	1	1	2.22045e-016	0.	0.	0.	0.	0.	0.	1.	0.	0.	0.	
8.26576	56.6058	423	0	1	1	1	1	2.22045e-016	0.	0.	0.	0.	0.	0.	1.	0.	0.	0.	
8.28119	64.8085	424	0	1	1	1	1	2.22045e-016	0.	0.	0.	0.	0.	0.	1.	0.	0.	0.	
8.29907	55.9075	425	0	1	1	1	1	2.22045e-016	0.	0.	0.	0.	0.	0.	1.	0.	0.	0.	
8.31449	64.8529	426	0	1	1	1	1	2.22045e-016	0.	0.	0.	0.	0.	0.	1.	0.	0.	0.	
8.33117	59.9559	427	0	1	1	1	1	2.22045e-016	0.	0.	0.	0.	0.	0.	1.	0.	0.	0.	
8.3492	55.4721	428	0	1	1	1	1	2.22045e-016	0.	0.	0.	0.	0.	0.	1.	0.	0.	0.	
8.36442	65.6875	429	0	1	1	1	1	2.22045e-016	0.	0.	0.	0.	0.	0.	1.	0.	0.	0.	
8.38124	59.4609	430	0	1	1	1	1	2.22045e-016	0.	0.	0.	0.	0.	0.	1.	0.	0.	0.	
8.39784	60.223	431	0	1	1	1	1	2.22045e-016	0.	0.	0.	0.	0.	0.	1.	0.	0.	0.	
8.41453	59.9462	432	0	1	1	1	1	2.22045e-016	0.	0.	0.	0.	0.	0.	1.	0.	0.	0.	
8.4312	59.9624	433	0	1	1	1	1	2.22045e-016	0.	0.	0.	0.	0.	0.	1.	0.	0.	0.	
8.44786	60.0472	434	0	1	1	1	1	2.22045e-016	0.	0.	0.	0.	0.	0.	1.	0.	0.	0.	
8.46445	60.2504	435	0	1	1	1	1	2.22045e-016	0.	0.	0.	0.	0.	0.	1.	0.	0.	0.	
8.48089	60.8368	436	0	1	1	1	1	2.22045e-016	0.	0.	0.	0.	0.	0.	1.	0.	0.	0.	
8.49796	58.586	437	0	1	1	1	1	2.22045e-016	0.	0.	0.	0.	0.	0.	1.	0.	0.	0.	
8.51453	60.3338	438	0	1	1	1	1	2.22045e-016	0.	0.	0.	0.	0.	0.	1.	0.	0.	0.	
8.53157	58.7095	439	0	1	1	1	1	2.22045e-016	0.	0.	0.	0.	0.	0.	1.	0.	0.	0.	
8.548	60.8748	440	0	1	1	1	1	2.22045e-016	0.	0.	0.	0.	0.	0.	1.	0.	0.	0.	
8.56451	60.5676	441	0	1	1	1	1	2.22045e-016	0.	0.	0.	0.	0.	0.	1.	0.	0.	0.	
8.58218	56.5633	442	0	1	1	1	1	2.22045e-016	0.	0.	0.	0.	0.	0.	1.	0.	0.	0.	
8.59791	63.5844	443	0	1	1	1	1	2.22045e-016	0.	0.	0.	0.	0.	0.	1.	0.	0.	0.	
8.61448	60.3414	444	0	1	1	1	1	2.22045e-016	0.	0.	0.	0.	0.	0.	1.	0.	0.	0.	
8.63122	59.7569	445	0	1	1	1	1	2.22045e-016	0.	0.	0.	0.	0.	0.	1.	0.	0.	0.	
8.64779	60.3634	446	0	1	1	1	1	2.22045e-016	0.	0.	0.	0.	0.	0.	1.	0.	0.	0.	
8.66458	59.5368	447	0	1	1	1	1	2.22045e-016	0.	0.	0.	0.	0.	0.	1.	0.	0.	0.	
8.68126	59.9418	448	0	1	1	1	1	2.22045e-016	0.	0.	0.	0.	0.	0.	1.	0.	0.	0.	
8.69768	60.914	449	0	1	1	1	1	2.22045e-016	0.	0.	0.	0.	0.	0.	1.	0.	0.	0.	
8.71452	59.398	450	0	1	1	1	1	2.22045e-016	0.	0.	0.	0.	0.	0.	1.	0.	0.	0.	
8.73082	61.3426	451	0	1	1	1	1	2.22045e-016	0.	0.	0.	0.	0.	0.	1.	0.	0.	0.	
8.74797	58.2973	452	0	1	1	1	1	2.22045e-016	0.	0.	0.	0.	0.	0.	1.	0.	0.	0.	
8.76452	60.4372	453	0	1	1	1	1	2.22045e-016	0.	0.	0.	0.	0.	0.	1.	0.	0.	0.	
8.7812	59.9451	454	0	1	1	1	1	2.22045e-016	0.	0.	0.	0.	0.	0.	1.	0.	0.	0.	
8.79794	59.7429	455	0	1	1	1	1	2.22045e-016	0.	0.	0.	0.	0.	0.	1.	0.	0.	0.	
8.81479	59.332	456	0	1	1	1	1	2.22045e-016	0.	0.	0.	0.	0.	0.	1.	0.	0.	0.	
8.83249	56.5092	457	0	1	1	1	1	2.22045e-016	0.	0.	0.	0.	0.	0.	1.	0.	0.	0.	
8.84789	64.9241	458	0	1	1	1	1	2.22045e-016	0.	0.	0.	0.	0.	0.	1.	0.	0.	0.	
8.86571	56.1215	459	0	1	1	1	1	2.22045e-016	0.	0.	0.	0.	0.	0.	1.	0.	0.	0.	
8.88132	64.0714	460	0	1	1	1	1	2.22045e-016	0.	0.	0.	0.	0.	0.	1.	0.	0.	0.	
8.89783	60.5543	461	0	1	1	1	1	2.22045e-016	0.	0.	0.	0.	0.	0.	1.	0.	0.	0.	
8.91455	59.812	462	0	1	1	1	1	2.22045e-016	0.	0.	0.	0.	0.	0.	1.	0.	0.	0.	
8.93103	60.6997	463	0	1	1	1	1	2.22045e-016	0.	0.	0.	0.	0.	0.	1.	0.	0.	0.	
8.94804	58.7741	464	0	1	1	1	1	2.22045e-016	0.	0.	0.	0.	0.	0.	1.	0.	0.	0.	
8.9657	56.6087	465	0	1	1	1	1	2.22045e-016	0.	0.	0.	0.	0.	0.	1.	0.	0.	0.	
8.98128	64.1856	466	0	1	1	1	1	2.22045e-016	0.	0.	0.	0.	0.	0.	1.	0.	0.	0.	
8.99789	60.2197	467	0	1	1	1	1	2.22045e-016	0.	0.	0.	0.	0.	0.	1.	0.	0.	0.	
9.01451	60.1563	468	0	1	1	1	1	2.22045e-016	0.	0.	0.	0.	0.	0.	1.	0.	0.	0.	
9.03121	59.9093	469	0	1	1	1	1	2.22045e-016	0.	0.	0.	0.	0.	0.	1.	0.	0.	0.	
9.04793	59.7796	470	0	1	1	1	1	2.22045e-016	0.	0.	0.	0.	0.	0.	1.	0.	0.	0.	
9.0644	60.732	471	0	1	1	1	1	2.22045e-016	0.	0.	0.	0.	0.	0.	1.	0.	0.	0.	
9.08239	55.5932	472	0	1	1	1	1	2.22045e-016	0.	0.	0.	0.	0.	0.	1.	0.	0.	0.	
9.09787	64.5886	473	0	1	1	1	1	2.22045e-016	0.	0.	0.	0.	0.	0.	1.	0.	0.	0.	
9.1145	60.1388	474	0	1	1	1	1	2.22045e-016	0.	0.	0.	0.	0.	0.	1.	0.	0.	0.	
9.13129	59.5539	475	0	1	1	1	1	2.22045e-016	0.	0.	0.	0.	0.	0.	1.	0.	0.	0.	
9.14777	60.6808	476	0	1	1	1	1	2.22045e-016	0.	0.	0.	0.	0.	0.	1.	0.	0.	0.	
9.16434	60.3403	477	0	1	1	1	1	2.22045e-016	0.	0.	0.	0.	0.	0.	1.	0.	0.	0.	
9.1813	58.9834	478	0	1	1	1	1	2.22045e-016	0.	0.	0.	0.	0.	0.	1.	0.	0.	0.	
9.19815	59.3288	479	0	1	1	1	1	2.22045e-016	0.	0.	0.	0.	0.	0.	1.	0.	0.	0.	
9.21582	56.5981	480	0	1	1	1	1	2.22045e-016	0.	0.	0.	0.	0.	0.	1.	0.	0.	0.	
9.23244	60.1716	481	0	1	1	1	1	2.22045e-016	0.	0.	0.	0.	0.	0.	1.	0.	0.	0.	
9.24786	64.8605	482	0	1	1	1	1	2.22045e-016	0.	0.	0.	0.	0.	0.	1.	0.	0.	0.	
9.26427	60.9129	483	0	1	1	1	1	2.22045e-016	0.	0.	0.	0.	0.	0.	1.	0.	0.	0.	
9.28122	59.0055	484	0	1	1	1	1	2.22045e-016	0.	0.	0.	0.	0.	0.	1.	0.	0.	0.	
9.29906	56.0465	485	0	1	1	1	1	2.22045e-016	0.	0.	0.	0.	0.	0.	1.	0.	0.	0.	
9.31449	64.8275	486	0	1	1	1	1	2.22045e-016	0.	0.	0.	0.	0.	0.	1.	0.	0.	0.	
9.33146	58.9058	487	0	1	1	1	1	2.22045e-016	0.	0.	0.	0.	0.	0.	1.	0.	0.	0.	
9.34829	59.4257	488	0	1	1	1	1	2.22045e-016	0.	0.	0.	0.	0.	0.	1.	0.	0.	0.	
9.36455	61.5009	489	0	1	1	1	1	2.22045e-016	0.	0.	0.	0.	0.	0.	1.	0.	0.	0.	
9.38246	55.8321	490	0	1	1	1	1	2.22045e-016	0.	0.	0.	0.	0.	0.	1.	0.	0.	0.	
9.39775	65.4358	491	0	1	1	1	1	2.22045e-016	0.	0.	0.	0.	0.	0.	1.	0.	0.	0.	
9.41448	59.7451	492	0	1	1	1	1	2.22045e-016	0.	0.	0.	0.	0.	0.	1.	0.	0.	0.	
9.43119	59.8444	493	0	1	1	1	1	2.22045e-016	0.	0.	0.	0.	0.	0.	1.	0.	0.	0.	
9.44786	60.0091	494	0	1	1	1	1	2.22045e-016	0.	0.	0.	0.	0.	0.	1.	0.	0.	0.	
9.46463	59.6321	495	0	1	1	1	1	2.22045e-016	0.	0.	0.	0.	0.	0.	1.	0.	0.	0.	
9.48243	56.1558	496	0	1	1	1	1	2.22045e-016	0.	0.	0.	0.	0.	0.	1.	0.	0.	0.	
9.49792	64.5886	497	0	1	1	1	1	2.22045e-016	0.	0.	0.	0.	0.	0.	1.	0.	0.	0.	
9.51488	58.9509	498	0	1	1	1	1	2.22045e-016	0.	0.	0.	0.	0.	0.	1.	0.	0.	0.	
9.5322	57.7374	499	0	1	1	1	1	2.22045e-016	0.	0.	0.	0.	0.	0.	1.	0.	0.	0.	
9.54791	63.6712	500	0	1	1	1	1	2.22045e-016	0.	0.	0.	0.	0.	0.	1.	0.	0.	0.	
9.56436	60.7776	501	0	1	1	1	1	2.22045e-016	0.	0.	0.	0.	0.	0.	1.	0.	0.	0.	
9.58133	58.9121	502	0	1	1	1	1	2.22045e-016	0.	0.	0.	0.	0.	0.	1.	0.	0.	0.	
9.59791	60.325	503	0	1	1	1	1	2.22045e-016	0.	0.	0.	0.	0.	0.	1.	0.	0.	0.	
9.61433	60.9117	504	0	1	1	1	1	2.22045e-016	0.	0.	0.	0.	0.	0.	1.	0.	0.	0.	
9.63119	59.314	505	0	1	1	1	1	2.22045e-016	0.	0.	0.	0.	0.	0.	1.	0.	0.	0.	
9.64767	60.663	506	0	1	1	1	1	2.22045e-016	0.	0.	0.	0.	0.	0.	1.	0.	0.	0.	
9.66452	59.3629	507	0	1	1	1	1	2.22045e-016	0.	0.	0.	0.	0.	0.	1.	0.	0.	0.	
9.68126	59.7343	508	0	1	1	1	1	2.22045e-016	0.	0.	0.	0.	0.	0.	1.	0.	0.	0.	
9.69792	60.0189	509	0	1	1	1	1	2.22045e-016	0.	0.	0.	0.	0.	0.	1.	0.	0.	0.	
9.71457	60.069	510	0	1	1	1	1	2.22045e-016	0.	0.	0.	0.	0.	0.	1.	0.	0.	0.	
9.73109	60.5366	511	0	1	1	1	1	2.22045e-016	0.	0.	0.	0.	0.	0.	1.	0.	0.	0.	
9.74777	59.9321	512	0	1	1	1	1	2.22045e-016	0.	0.	0.	0.	0.	0.	1.	0.	0.	0.	
9.76453	59.6773	513	0	1	1	1	1	2.22045e-016	0.	0.	0.	0.	0.	0.	1.	0.	0.	0.	
9.78125	59.8109	514	0	1	1	1	1	2.22045e-016	0.	0.	0.	0.	0.	0.	1.	0.	0.	0.	
9.79792	59.9722	515	0	1	1	1	1	2.22045e-016	0.	0.	0.	0.	0.	0.	1.	0.	0.	0.	
9.81459	60.0102	516	0	1	1	1	1	2.22045e-016	0.	0.	0.	0.	0.	0.	1.	0.	0.	0.	
9.83108	60.6142	517	0	1	1	1	1	2.22045e-016	0.	0.	0.	0.	0.	0.	1.	0.	0.	0.	
9.84773	60.0842	518	0	1	1	1	1	2.22045e-016	0.	0.	0.	0.	0.	0.	1.	0.	0.	0.	
9.86456	59.4012	519	0	1	1	1	1	2.22045e-016	0.	0.	0.	0.	0.	0.	1.	0.	0.	0.	
9.8824	56.0674	520	0	1	1	1	1	2.22045e-016	0.	0.	0.	0.	0.	0.	1.	0.	0.	0.	
9.89793	64.4003	521	0	1	1	1	1	2.22045e-016	0.	0.	0.	0.	0.	0.	1.	0.	0.	0.	
9.9144	60.7008	522	0	1	1	1	1	2.22045e-016	0.	0.	0.	0.	0.	0.	1.	0.	0.	0.	
9.93151	58.4588	523	0	1	1	1	1	2.22045e-016	0.	0.	0.	0.	0.	0.	1.	0.	0.	0.	
9.94783	61.2553	524	0	1	1	1	1	2.22045e-016	0.	0.	0.	0.	0.	0.	1.	0.	0.	0.	
9.9645	59.9766	525	0	1	1	1	1	2.22045e-016	0.	0.	0.	0.	0.	0.	1.	0.	0.	0.	
9.98122	59.8206	526	0	1	1	1	1	2.22045e-016	0.	0.	0.	0.	0.	0.	1.	0.	0.	0.	
9.99786	60.1148	527	0	1	1	1	1	2.22045e-016	0.	0.	0.	0.	0.	0.	1.	0.	0.	0.	
10.0149	58.7699	528	0	1	1	1	1	2.22045e-016	0.	0.	0.	0.	0.	0.	1.	0.	0.	0.	
10.0325	56.7795	529	0	1	1	1	1	2.22045e-016	0.	0.	0.	0.	0.	0.	1.	0.	0.	0.	
10.0479	64.9979	530	0	1	1	1	1	2.22045e-016	0.	0.	0.	0.	0.	0.	1.	0.	0.	0.	
10.0644	60.6608	531	0	1	1	1	1	2.22045e-016	0.	0.	0.	0.	0.	0.	1.	0.	0.	0.	
10.0824	55.5242	532	0	1	1	1	1	2.22045e-016	0.	0.	0.	0.	0.	0.	1.	0.	0.	0.	
10.0973	66.7894	533	0	1	1	1	1	2.22045e-016	0.	0.	0.	0.	0.	0.	1.	0.	0.	0.	
10.1145	58.363	534	0	1	1	1	1	2.22045e-016	0.	0.	0.	0.	0.	0.	1.	0.	0.	0.	
10.1325	55.3276	535	0	1	1	1	1	2.22045e-016	0.	0.	0.	0.	0.	0.	1.	0.	0.	0.	
10.1475	66.6966	536	0	1	1	1	1	2.22045e-016	0.	0.	0.	0.	0.	0.	1.	0.	0.	0.	
10.1658	54.7923	537	0	1	1	1	1	2.22045e-016	0.	0.	0.	0.	0.	0.	1.	0.	0.	0.	
10.1825	59.9353	538	0	1	1	1	1	2.22045e-016	0.	0.	0.	0.	0.	0.	1.	0.	0.	0.	
10.1977	65.4875	539	0	1	1	1	1	2.22045e-016	0.	0.	0.	0.	0.	0.	1.	0.	0.	0.	
10.2146	59.365	540	0	1	1	1	1	2.22045e-016	0.	0.	0.	0.	0.	0.	1.	0.	0.	0.	
10.2311	60.402	541	0	1	1	1	1	2.22045e-016	0.	0.	0.	0.	0.	0.	1.	0.	0.	0.	
10.2477	60.2723	542	0	1	1	1	1	2.22045e-016	0.	0.	0.	0.	0.	0.	1.	0.	0.	0.	
10.2658	55.4721	543	0	1	1	1	1	2.22045e-016	0.	0.	0.	0.	0.	0.	1.	0.	0.	0.	
10.2822	60.7453	544	0	1	1	1	1	2.22045e-016	0.	0.	0.	0.	0.	0.	1.	0.	0.	0.	
10.2979	63.8799	545	0	1	1	1	1	2.22045e-016	0.	0.	0.	0.	0.	0.	1.	0.	0.	0.	
10.3145	60.1235	546	0	1	1	1	1	2.22045e-016	0.	0.	0.	0.	0.	0.	1.	0.	0.	0.	
10.3312	59.9093	547	0	1	1	1	1	2.22045e-016	0.	0.	0.	0.	0.	0.	1.	0.	0.	0.	
10.3492	55.6894	548	0	1	1	1	1	2.22045e-016	0.	0.	0.	0.	0.	0.	1.	0.	0.	0.	
10.365	63.0351	549	0	1	1	1	1	2.22045e-016	0.	0.	0.	0.	0.	0.	1.	0.	0.	0.	
10.3811	62.272	550	0	1	1	1	1	2.22045e-016	0.	0.	0.	0.	0.	0.	1.	0.	0.	0.	
10.3978	59.7494	551	0	1	1	1	1	2.22045e-016	0.	0.	0.	0.	0.	0.	1.	0.	0.	0.	
10.4146	59.6644	552	0	1	1	1	1	2.22045e-016	0.	0.	0.	0.	0.	0.	1.	0.	0.	0.	
10.4311	60.6053	553	0	1	1	1	1	2.22045e-016	0.	0.	0.	0.	0.	0.	1.	0.	0.	0.	
10.4491	55.5121	554	0	1	1	1	1	2.22045e-016	0.	0.	0.	0.	0.	0.	1.	0.	0.	0.	
10.4648	63.7128	555	0	1	1	1	1	2.22045e-016	0.	0.	0.	0.	0.	0.	1.	0.	0.	0.	
10.4811	61.2179	556	0	1	1	1	1	2.22045e-016	0.	0.	0.	0.	0.	0.	1.	0.	0.	0.	
10.4977	60.2898	557	0	1	1	1	1	2.22045e-016	0.	0.	0.	0.	0.	0.	1.	0.	0.	0.	
10.5157	55.527	558	0	1	1	1	1	2.22045e-016	0.	0.	0.	0.	0.	0.	1.	0.	0.	0.	
10.531	65.4979	559	0	1	1	1	1	2.22045e-016	0.	0.	0.	0.	0.	0.	1.	0.	0.	0.	
10.5479	59.2334	560	0	1	1	1	1	2.22045e-016	0.	0.	0.	0.	0.	0.	1.	0.	0.	0.	
10.5645	60.2832	561	0	1	1	1	1	2.22045e-016	0.	0.	0.	0.	0.	0.	1.	0.	0.	0.	
10.5812	59.7774	562	0	1	1	1	1	2.22045e-016	0.	0.	0.	0.	0.	0.	1.	0.	0.	0.	
10.5979	59.9559	563	0	1	1	1	1	2.22045e-016	0.	0.	0.	0.	0.	0.	1.	0.	0.	0.	
10.6145	60.1093	564	0	1	1	1	1	2.22045e-016	0.	0.	0.	0.	0.	0.	1.	0.	0.	0.	
10.6311	60.3491	565	0	1	1	1	1	2.22045e-016	0.	0.	0.	0.	0.	0.	1.	0.	0.	0.	
10.6484	57.636	566	0	1	1	1	1	2.22045e-016	0.	0.	0.	0.	0.	0.	1.	0.	0.	0.	
10.6658	57.7022	567	0	1	1	1	1	2.22045e-016	0.	0.	0.	0.	0.	0.	1.	0.	0.	0.	
10.6824	60.0603	568	0	1	1	1	1	2.22045e-016	0.	0.	0.	0.	0.	0.	1.	0.	0.	0.	
10.699	60.1563	569	0	1	1	1	1	2.22045e-016	0.	0.	0.	0.	0.	0.	1.	0.	0.	0.	
10.7144	65.2322	570	0	1	1	1	1	2.22045e-016	0.	0.	0.	0.	0.	0.	1.	0.	0.	0.	
10.7314	58.7074	571	0	1	1	1	1	2.22045e-016	0.	0.	0.	0.	0.	0.	1.	0.	0.	0.	
10.7489	57.0444	572	0	1	1	1	1	2.22045e-016	0.	0.	0.	0.	0.	0.	1.	0.	0.	0.	
10.7658	59.3671	573	0	1	1	1	1	2.22045e-016	0.	0.	0.	0.	0.	0.	1.	0.	0.	0.	
10.781	65.8428	574	0	1	1	1	1	2.22045e-016	0.	0.	0.	0.	0.	0.	1.	0.	0.	0.	
10.798	58.7345	575	0	1	1	1	1	2.22045e-016	0.	0.	0.	0.	0.	0.	1.	0.	0.	0.	
10.8145	60.348	576	0	1	1	1	1	2.22045e-016	0.	0.	0.	0.	0.	0.	1.	0.	0.	0.	
10.8311	60.3272	577	0	1	1	1	1	2.22045e-016	0.	0.	0.	0.	0.	0.	1.	0.	0.	0.	
10.848	59.2768	578	0	1	1	1	1	2.22045e-016	0.	0.	0.	0.	0.	0.	1.	0.	0.	0.	
10.8659	55.8603	579	0	1	1	1	1	2.22045e-016	0.	0.	0.	0.	0.	0.	1.	0.	0.	0.	
10.8811	65.664	580	0	1	1	1	1	2.22045e-016	0.	0.	0.	0.	0.	0.	1.	0.	0.	0.	
10.8991	55.6473	581	0	1	1	1	1	2.22045e-016	0.	0.	0.	0.	0.	0.	1.	0.	0.	0.	
10.915	62.6868	582	0	1	1	1	1	2.22045e-016	0.	0.	0.	0.	0.	0.	1.	0.	0.	0.	
10.9312	61.9228	583	0	1	1	1	1	2.22045e-016	0.	0.	0.	0.	0.	0.	1.	0.	0.	0.	
10.949	56.1187	584	0	1	1	1	1	2.22045e-016	0.	0.	0.	0.	0.	0.	1.	0.	0.	0.	
10.9657	59.8184	585	0	1	1	1	1	2.22045e-016	0.	0.	0.	0.	0.	0.	1.	0.	0.	0.	
10.981	65.5367	586	0	1	1	1	1	2.22045e-016	0.	0.	0.	0.	0.	0.	1.	0.	0.	0.	
10.9991	55.1508	587	0	1	1	1	1	2.22045e-016	0.	0.	0.	0.	0.	0.	1.	0.	0.	0.	
11.0146	64.6832	588	0	1	1	1	1	2.22045e-016	0.	0.	0.	0.	0.	0.	1.	0.	0.	0.	
11.031	60.9364	589	0	1	1	1	1	2.22045e-016	0.	0.	0.	0.	0.	0.	1.	0.	0.	0.	
11.0477	59.7214	590	0	1	1	1	1	2.22045e-016	0.	0.	0.	0.	0.	0.	1.	0.	0.	0.	
11.0646	59.2758	591	0	1	1	1	1	2.22045e-016	0.	0.	0.	0.	0.	0.	1.	0.	0.	0.	
11.081	60.9801	592	0	1	1	1	1	2.22045e-016	0.	0.	0.	0.	0.	0.	1.	0.	0.	0.	
11.0977	60.0026	593	0	1	1	1	1	2.22045e-016	0.	0.	0.	0.	0.	0.	1.	0.	0.	0.	
11.1145	59.5229	594	0	1	1	1	1	2.22045e-016	0.	0.	0.	0.	0.	0.	1.	0.	0.	0.	
11.1312	59.9679	595	0	1	1	1	1	2.22045e-016	0.	0.	0.	0.	0.	0.	1.	0.	0.	0.	
11.1478	59.9321	596	0	1	1	1	1	2.22045e-016	0.	0.	0.	0.	0.	0.	1.	0.	0.	0.	
11.1645	60.0951	597	0	1	1	1	1	2.22045e-016	0.	0.	0.	0.	0.	0.	1.	0.	0.	0.	
11.1812	59.6472	598	0	1	1	1	1	2.22045e-016	0.	0.	0.	0.	0.	0.	1.	0.	0.	0.	
11.1977	60.693	599	0	1	1	1	1	2.22045e-016	0.	0.	0.	0.	0.	0.	1.	0.	0.	0.	
11.2144	59.8055	600	0	1	1	1	1	2.22045e-016	0.	0.	0.	0.	0.	0.	1.	0.	0.	0.	
11.2311	59.9407	601	0	1	1	1	1	2.22045e-016	0.	0.	0.	0.	0.	0.	1.	0.	0.	0.	
11.2479	59.6891	602	0	1	1	1	1	2.22045e-016	0.	0.	0.	0.	0.	0.	1.	0.	0.	0.	
11.2658	55.7597	603	0	1	1	1	1	2.22045e-016	0.	0.	0.	0.	0.	0.	1.	0.	0.	0.	
11.2824	60.2898	604	0	1	1	1	1	2.22045e-016	0.	0.	0.	0.	0.	0.	1.	0.	0.	0.	
11.2979	64.4003	605	0	1	1	1	1	2.22045e-016	0.	0.	0.	0.	0.	0.	1.	0.	0.	0.	
11.315	58.6409	606	0	1	1	1	1	2.22045e-016	0.	0.	0.	0.	0.	0.	1.	0.	0.	0.	
11.3326	56.6426	607	0	1	1	1	1	2.22045e-016	0.	0.	0.	0.	0.	0.	1.	0.	0.	0.	
11.3491	60.8972	608	0	1	1	1	1	2.22045e-016	0.	0.	0.	0.	0.	0.	1.	0.	0.	0.	
11.3644	64.9775	609	0	1	1	1	1	2.22045e-016	0.	0.	0.	0.	0.	0.	1.	0.	0.	0.	
11.3813	59.4108	610	0	1	1	1	1	2.22045e-016	0.	0.	0.	0.	0.	0.	1.	0.	0.	0.	
11.3977	60.9891	611	0	1	1	1	1	2.22045e-016	0.	0.	0.	0.	0.	0.	1.	0.	0.	0.	
11.4143	60.1672	612	0	1	1	1	1	2.22045e-016	0.	0.	0.	0.	0.	0.	1.	0.	0.	0.	
11.4324	55.3304	613	0	1	1	1	1	2.22045e-016	0.	0.	0.	0.	0.	0.	1.	0.	0.	0.	
11.449	60.0265	614	0	1	1	1	1	2.22045e-016	0.	0.	0.	0.	0.	0.	1.	0.	0.	0.	
11.4645	64.7882	615	0	1	1	1	1	2.22045e-016	0.	0.	0.	0.	0.	0.	1.	0.	0.	0.	
11.4811	60.269	616	0	1	1	1	1	2.22045e-016	0.	0.	0.	0.	0.	0.	1.	0.	0.	0.	
11.4979	59.5207	617	0	1	1	1	1	2.22045e-016	0.	0.	0.	0.	0.	0.	1.	0.	0.	0.	
11.5146	59.772	618	0	1	1	1	1	2.22045e-016	0.	0.	0.	0.	0.	0.	1.	0.	0.	0.	
11.5311	60.4361	619	0	1	1	1	1	2.22045e-016	0.	0.	0.	0.	0.	0.	1.	0.	0.	0.	
11.5479	59.5079	620	0	1	1	1	1	2.22045e-016	0.	0.	0.	0.	0.	0.	1.	0.	0.	0.	
11.5659	55.7588	621	0	1	1	1	1	2.22045e-016	0.	0.	0.	0.	0.	0.	1.	0.	0.	0.	
11.5823	60.9487	622	0	1	1	1	1	2.22045e-016	0.	0.	0.	0.	0.	0.	1.	0.	0.	0.	
11.5991	59.3299	623	0	1	1	1	1	2.22045e-016	0.	0.	0.	0.	0.	0.	1.	0.	0.	0.	
11.6144	65.3647	624	0	1	1	1	1	2.22045e-016	0.	0.	0.	0.	0.	0.	1.	0.	0.	0.	
11.6311	60.0734	625	0	1	1	1	1	2.22045e-016	0.	0.	0.	0.	0.	0.	1.	0.	0.	0.	
11.6478	59.9321	626	0	1	1	1	1	2.22045e-016	0.	0.	0.	0.	0.	0.	1.	0.	0.	0.	
11.6659	55.1967	627	0	1	1	1	1	2.22045e-016	0.	0.	0.	0.	0.	0.	1.	0.	0.	0.	
11.6825	60.1115	628	0	1	1	1	1	2.22045e-016	0.	0.	0.	0.	0.	0.	1.	0.	0.	0.	
11.6978	65.5731	629	0	1	1	1	1	2.22045e-016	0.	0.	0.	0.	0.	0.	1.	0.	0.	0.	
11.7145	59.6386	630	0	1	1	1	1	2.22045e-016	0.	0.	0.	0.	0.	0.	1.	0.	0.	0.	
11.7314	59.2027	631	0	1	1	1	1	2.22045e-016	0.	0.	0.	0.	0.	0.	1.	0.	0.	0.	
11.7484	58.8587	632	0	1	1	1	1	2.22045e-016	0.	0.	0.	0.	0.	0.	1.	0.	0.	0.	
11.7646	61.9599	633	0	1	1	1	1	2.22045e-016	0.	0.	0.	0.	0.	0.	1.	0.	0.	0.	
11.7825	55.8321	634	0	1	1	1	1	2.22045e-016	0.	0.	0.	0.	0.	0.	1.	0.	0.	0.	
11.7978	65.3132	635	0	1	1	1	1	2.22045e-016	0.	0.	0.	0.	0.	0.	1.	0.	0.	0.	
11.8143	60.3535	636	0	1	1	1	1	2.22045e-016	0.	0.	0.	0.	0.	0.	1.	0.	0.	0.	
11.8311	59.6902	637	0	1	1	1	1	2.22045e-016	0.	0.	0.	0.	0.	0.	1.	0.	0.	0.	
11.8482	58.5022	638	0	1	1	1	1	2.22045e-016	0.	0.	0.	0.	0.	0.	1.	0.	0.	0.	
11.8645	61.1208	639	0	1	1	1	1	2.22045e-016	0.	0.	0.	0.	0.	0.	1.	0.	0.	0.	
11.8824	56.0105	640	0	1	1	1	1	2.22045e-016	0.	0.	0.	0.	0.	0.	1.	0.	0.	0.	
11.8978	65.0618	641	0	1	1	1	1	2.22045e-016	0.	0.	0.	0.	0.	0.	1.	0.	0.	0.	
11.9159	55.2464	642	0	1	1	1	1	2.22045e-016	0.	0.	0.	0.	0.	0.	1.	0.	0.	0.	
11.9313	64.8592	643	0	1	1	1	1	2.22045e-016	0.	0.	0.	0.	0.	0.	1.	0.	0.	0.	
11.9478	60.6752	644	0	1	1	1	1	2.22045e-016	0.	0.	0.	0.	0.	0.	1.	0.	0.	0.	
11.9644	59.9668	645	0	1	1	1	1	2.22045e-016	0.	0.	0.	0.	0.	0.	1.	0.	0.	0.	
11.9812	59.7763	646	0	1	1	1	1	2.22045e-016	0.	0.	0.	0.	0.	0.	1.	0.	0.	0.	
11.9991	55.6455	647	0	1	1	1	1	2.22045e-016	0.	0.	0.	0.	0.	0.	1.	0.	0.	0.	
12.0145	65.0247	648	0	1	1	1	1	2.22045e-016	0.	0.	0.	0.	0.	0.	1.	0.	0.	0.	
12.0309	61.006	649	0	1	1	1	1	2.22045e-016	0.	0.	0.	0.	0.	0.	1.	0.	0.	0.	
12.0481	58.2317	650	0	1	1	1	1	2.22045e-016	0.	0.	0.	0.	0.	0.	1.	0.	0.	0.	
12.0645	61.0971	651	0	1	1	1	1	2.22045e-016	0.	0.	0.	0.	0.	0.	1.	0.	0.	0.	
12.0811	59.9787	652	0	1	1	1	1	2.22045e-016	0.	0.	0.	0.	0.	0.	1.	0.	0.	0.	
12.0991	55.7297	653	0	1	1	1	1	2.22045e-016	0.	0.	0.	0.	0.	0.	1.	0.	0.	0.	
12.1144	65.1155	654	0	1	1	1	1	2.22045e-016	0.	0.	0.	0.	0.	0.	1.	0.	0.	0.	
12.1311	59.9668	655	0	1	1	1	1	2.22045e-016	0.	0.	0.	0.	0.	0.	1.	0.	0.	0.	
12.1479	59.5293	656	0	1	1	1	1	2.22045e-016	0.	0.	0.	0.	0.	0.	1.	0.	0.	0.	
12.1646	59.8238	657	0	1	1	1	1	2.22045e-016	0.	0.	0.	0.	0.	0.	1.	0.	0.	0.	
12.1825	56.0959	658	0	1	1	1	1	2.22045e-016	0.	0.	0.	0.	0.	0.	1.	0.	0.	0.	
12.1979	64.8173	659	0	1	1	1	1	2.22045e-016	0.	0.	0.	0.	0.	0.	1.	0.	0.	0.	
12.2146	59.9136	660	0	1	1	1	1	2.22045e-016	0.	0.	0.	0.	0.	0.	1.	0.	0.	0.	
12.2311	60.5012	661	0	1	1	1	1	2.22045e-016	0.	0.	0.	0.	0.	0.	1.	0.	0.	0.	
12.2476	60.5344	662	0	1	1	1	1	2.22045e-016	0.	0.	0.	0.	0.	0.	1.	0.	0.	0.	
12.2643	59.9852	663	0	1	1	1	1	2.22045e-016	0.	0.	0.	0.	0.	0.	1.	0.	0.	0.	
12.2811	59.4353	664	0	1	1	1	1	2.22045e-016	0.	0.	0.	0.	0.	0.	1.	0.	0.	0.	
12.2979	59.494	665	0	1	1	1	1	2.22045e-016	0.	0.	0.	0.	0.	0.	1.	0.	0.	0.	
12.3143	61.0543	666	0	1	1	1	1	2.22045e-016	0.	0.	0.	0.	0.	0.	1.	0.	0.	0.	
12.3308	60.5599	667	0	1	1	1	1	2.22045e-016	0.	0.	0.	0.	0.	0.	1.	0.	0.	0.	
12.3492	54.4572	668	0	1	1	1	1	2.22045e-016	0.	0.	0.	0.	0.	0.	1.	0.	0.	0.	
12.3645	65.4086	669	0	1	1	1	1	2.22045e-016	0.	0.	0.	0.	0.	0.	1.	0.	0.	0.	
12.3812	59.6601	670	0	1	1	1	1	2.22045e-016	0.	0.	0.	0.	0.	0.	1.	0.	0.	0.	
12.3978	60.4913	671	0	1	1	1	1	2.22045e-016	0.	0.	0.	0.	0.	0.	1.	0.	0.	0.	
12.4157	55.5848	672	0	1	1	1	1	2.22045e-016	0.	0.	0.	0.	0.	0.	1.	0.	0.	0.	
12.4325	59.7257	673	0	1	1	1	1	2.22045e-016	0.	0.	0.	0.	0.	0.	1.	0.	0.	0.	
12.4484	63.0327	674	0	1	1	1	1	2.22045e-016	0.	0.	0.	0.	0.	0.	1.	0.	0.	0.	
12.4644	62.2744	675	0	1	1	1	1	2.22045e-016	0.	0.	0.	0.	0.	0.	1.	0.	0.	0.	
12.4823	55.8669	676	0	1	1	1	1	2.22045e-016	0.	0.	0.	0.	0.	0.	1.	0.	0.	0.	
12.4978	64.6845	677	0	1	1	1	1	2.22045e-016	0.	0.	0.	0.	0.	0.	1.	0.	0.	0.	
12.5145	59.7494	678	0	1	1	1	1	2.22045e-016	0.	0.	0.	0.	0.	0.	1.	0.	0.	0.	
12.5312	59.9766	679	0	1	1	1	1	2.22045e-016	0.	0.	0.	0.	0.	0.	1.	0.	0.	0.	
12.5478	60.1399	680	0	1	1	1	1	2.22045e-016	0.	0.	0.	0.	0.	0.	1.	0.	0.	0.	
12.5645	60.0777	681	0	1	1	1	1	2.22045e-016	0.	0.	0.	0.	0.	0.	1.	0.	0.	0.	
12.5811	59.9787	682	0	1	1	1	1	2.22045e-016	0.	0.	0.	0.	0.	0.	1.	0.	0.	0.	
12.5977	60.4284	683	0	1	1	1	1	2.22045e-016	0.	0.	0.	0.	0.	0.	1.	0.	0.	0.	
12.6145	59.5378	684	0	1	1	1	1	2.22045e-016	0.	0.	0.	0.	0.	0.	1.	0.	0.	0.	
12.6311	60.1595	685	0	1	1	1	1	2.22045e-016	0.	0.	0.	0.	0.	0.	1.	0.	0.	0.	
12.6491	55.4109	686	0	1	1	1	1	2.22045e-016	0.	0.	0.	0.	0.	0.	1.	0.	0.	0.	
12.6645	65.2476	687	0	1	1	1	1	2.22045e-016	0.	0.	0.	0.	0.	0.	1.	0.	0.	0.	
12.681	60.3722	688	0	1	1	1	1	2.22045e-016	0.	0.	0.	0.	0.	0.	1.	0.	0.	0.	
12.6978	59.5882	689	0	1	1	1	1	2.22045e-016	0.	0.	0.	0.	0.	0.	1.	0.	0.	0.	
12.7146	59.7375	690	0	1	1	1	1	2.22045e-016	0.	0.	0.	0.	0.	0.	1.	0.	0.	0.	
12.7311	60.4758	691	0	1	1	1	1	2.22045e-016	0.	0.	0.	0.	0.	0.	1.	0.	0.	0.	
12.7479	59.6547	692	0	1	1	1	1	2.22045e-016	0.	0.	0.	0.	0.	0.	1.	0.	0.	0.	
12.7646	59.556	693	0	1	1	1	1	2.22045e-016	0.	0.	0.	0.	0.	0.	1.	0.	0.	0.	
12.7876	43.4907	694	0	1	1	1	1	2.22045e-016	0.	0.	0.	0.	0.	0.	1.	0.	0.	0.	
12.7975	101.392	695	0	1	1	1	1	2.22045e-016	0.	0.	0.	0.	0.	0.	1.	0.	0.	0.	
12.8157	55.0884	696	0	1	1	1	1	2.22045e-016	0.	0.	0.	0.	0.	0.	1.	0.	0.	0.	
12.8311	64.634	697	0	1	1	1	1	2.22045e-016	0.	0.	0.	0.	0.	0.	1.	0.	0.	0.	
12.8483	58.3774	698	0	1	1	1	1	2.22045e-016	0.	0.	0.	0.	0.	0.	1.	0.	0.	0.	
12.8645	61.66	699	0	1	1	1	1	2.22045e-016	0.	0.	0.	0.	0.	0.	1.	0.	0.	0.	
12.8812	59.6773	700	0	1	1	1	1	2.22045e-016	0.	0.	0.	0.	0.	0.	1.	0.	0.	0.	
12.8977	60.5754	701	0	1	1	1	1	2.22045e-016	0.	0.	0.	0.	0.	0.	1.	0.	0.	0.	
12.9159	55.0811	702	0	1	1	1	1	2.22045e-016	0.	0.	0.	0.	0.	0.	1.	0.	0.	0.	
12.9312	65.1642	703	0	1	1	1	1	2.22045e-016	0.	0.	0.	0.	0.	0.	1.	0.	0.	0.	
12.9478	60.4185	704	0	1	1	1	1	2.22045e-016	0.	0.	0.	0.	0.	0.	1.	0.	0.	0.	
12.9645	59.9559	705	0	1	1	1	1	2.22045e-016	0.	0.	0.	0.	0.	0.	1.	0.	0.	0.	
12.9812	59.5989	706	0	1	1	1	1	2.22045e-016	0.	0.	0.	0.	0.	0.	1.	0.	0.	0.	
12.9981	59.4524	707	0	1	1	1	1	2.22045e-016	0.	0.	0.	0.	0.	0.	1.	0.	0.	0.	
13.0142	61.8304	708	0	1	1	1	1	2.22045e-016	0.	0.	0.	0.	0.	0.	1.	0.	0.	0.	
13.0326	54.5702	709	0	1	1	1	1	2.22045e-016	0.	0.	0.	0.	0.	0.	1.	0.	0.	0.	
13.0484	63.0783	710	0	1	1	1	1	2.22045e-016	0.	0.	0.	0.	0.	0.	1.	0.	0.	0.	
13.0644	62.5401	711	0	1	1	1	1	2.22045e-016	0.	0.	0.	0.	0.	0.	1.	0.	0.	0.	
13.0812	59.5539	712	0	1	1	1	1	2.22045e-016	0.	0.	0.	0.	0.	0.	1.	0.	0.	0.	
13.0975	61.2927	713	0	1	1	1	1	2.22045e-016	0.	0.	0.	0.	0.	0.	1.	0.	0.	0.	
13.1151	56.9464	714	0	1	1	1	1	2.22045e-016	0.	0.	0.	0.	0.	0.	1.	0.	0.	0.	
13.1316	60.4924	715	0	1	1	1	1	2.22045e-016	0.	0.	0.	0.	0.	0.	1.	0.	0.	0.	
13.1473	63.5222	716	0	1	1	1	1	2.22045e-016	0.	0.	0.	0.	0.	0.	1.	0.	0.	0.	
13.1643	58.9446	717	0	1	1	1	1	2.22045e-016	0.	0.	0.	0.	0.	0.	1.	0.	0.	0.	
13.1813	58.9467	718	0	1	1	1	1	2.22045e-016	0.	0.	0.	0.	0.	0.	1.	0.	0.	0.	
13.1978	60.6208	719	0	1	1	1	1	2.22045e-016	0.	0.	0.	0.	0.	0.	1.	0.	0.	0.	
13.2158	55.5624	720	0	1	1	1	1	2.22045e-016	0.	0.	0.	0.	0.	0.	1.	0.	0.	0.	
13.2312	64.9406	721	0	1	1	1	1	2.22045e-016	0.	0.	0.	0.	0.	0.	1.	0.	0.	0.	
13.2491	55.7372	722	0	1	1	1	1	2.22045e-016	0.	0.	0.	0.	0.	0.	1.	0.	0.	0.	
13.2643	65.911	723	0	1	1	1	1	2.22045e-016	0.	0.	0.	0.	0.	0.	1.	0.	0.	0.	
13.281	59.9115	724	0	1	1	1	1	2.22045e-016	0.	0.	0.	0.	0.	0.	1.	0.	0.	0.	
13.2979	59.076	725	0	1	1	1	1	2.22045e-016	0.	0.	0.	0.	0.	0.	1.	0.	0.	0.	
13.3147	59.615	726	0	1	1	1	1	2.22045e-016	0.	0.	0.	0.	0.	0.	1.	0.	0.	0.	
13.3311	60.8558	727	0	1	1	1	1	2.22045e-016	0.	0.	0.	0.	0.	0.	1.	0.	0.	0.	
13.352	47.8912	728	0	1	1	1	1	2.22045e-016	0.	0.	0.	0.	0.	0.	1.	0.	0.	0.	
13.3661	70.9172	729	0	1	1	1	1	2.22045e-016	0.	0.	0.	0.	0.	0.	1.	0.	0.	0.	
13.3812	66.1769	730	0	1	1	1	1	2.22045e-016	0.	0.	0.	0.	0.	0.	1.	0.	0.	0.	
13.3978	60.2679	731	0	1	1	1	1	2.22045e-016	0.	0.	0.	0.	0.	0.	1.	0.	0.	0.	
13.4151	57.8716	732	0	1	1	1	1	2.22045e-016	0.	0.	0.	0.	0.	0.	1.	0.	0.	0.	
13.4327	56.874	733	0	1	1	1	1	2.22045e-016	0.	0.	0.	0.	0.	0.	1.	0.	0.	0.	
13.4478	66.1281	734	0	1	1	1	1	2.22045e-016	0.	0.	0.	0.	0.	0.	1.	0.	0.	0.	
13.4657	55.7091	735	0	1	1	1	1	2.22045e-016	0.	0.	0.	0.	0.	0.	1.	0.	0.	0.	
13.4824	59.9538	736	0	1	1	1	1	2.22045e-016	0.	0.	0.	0.	0.	0.	1.	0.	0.	0.	
13.4992	59.5678	737	0	1	1	1	1	2.22045e-016	0.	0.	0.	0.	0.	0.	1.	0.	0.	0.	
13.5143	66.3984	738	0	1	1	1	1	2.22045e-016	0.	0.	0.	0.	0.	0.	1.	0.	0.	0.	
13.531	59.7472	739	0	1	1	1	1	2.22045e-016	0.	0.	0.	0.	0.	0.	1.	0.	0.	0.	
13.5476	60.314	740	0	1	1	1	1	2.22045e-016	0.	0.	0.	0.	0.	0.	1.	0.	0.	0.	
13.5643	59.8736	741	0	1	1	1	1	2.22045e-016	0.	0.	0.	0.	0.	0.	1.	0.	0.	0.	
13.581	59.7494	742	0	1	1	1	1	2.22045e-016	0.	0.	0.	0.	0.	0.	1.	0.	0.	0.	
13.5978	59.5164	743	0	1	1	1	1	2.22045e-016	0.	0.	0.	0.	0.	0.	1.	0.	0.	0.	
13.6146	59.7537	744	0	1	1	1	1	2.22045e-016	0.	0.	0.	0.	0.	0.	1.	0.	0.	0.	
13.6313	59.6386	745	0	1	1	1	1	2.22045e-016	0.	0.	0.	0.	0.	0.	1.	0.	0.	0.	
13.6492	56.019	746	0	1	1	1	1	2.22045e-016	0.	0.	0.	0.	0.	0.	1.	0.	0.	0.	
13.6643	65.8834	747	0	1	1	1	1	2.22045e-016	0.	0.	0.	0.	0.	0.	1.	0.	0.	0.	
13.6811	59.8682	748	0	1	1	1	1	2.22045e-016	0.	0.	0.	0.	0.	0.	1.	0.	0.	0.	
13.6976	60.3491	749	0	1	1	1	1	2.22045e-016	0.	0.	0.	0.	0.	0.	1.	0.	0.	0.	
13.7144	59.5582	750	0	1	1	1	1	2.22045e-016	0.	0.	0.	0.	0.	0.	1.	0.	0.	0.	
13.7316	58.0918	751	0	1	1	1	1	2.22045e-016	0.	0.	0.	0.	0.	0.	1.	0.	0.	0.	
13.7479	61.3256	752	0	1	1	1	1	2.22045e-016	0.	0.	0.	0.	0.	0.	1.	0.	0.	0.	
13.7644	60.7698	753	0	1	1	1	1	2.22045e-016	0.	0.	0.	0.	0.	0.	1.	0.	0.	0.	
13.781	60.2208	754	0	1	1	1	1	2.22045e-016	0.	0.	0.	0.	0.	0.	1.	0.	0.	0.	
13.7991	55.115	755	0	1	1	1	1	2.22045e-016	0.	0.	0.	0.	0.	0.	1.	0.	0.	0.	
13.8157	60.3557	756	0	1	1	1	1	2.22045e-016	0.	0.	0.	0.	0.	0.	1.	0.	0.	0.	
13.8313	64.2367	757	0	1	1	1	1	2.22045e-016	0.	0.	0.	0.	0.	0.	1.	0.	0.	0.	
13.8482	58.996	758	0	1	1	1	1	2.22045e-016	0.	0.	0.	0.	0.	0.	1.	0.	0.	0.	
13.8644	61.7428	759	0	1	1	1	1	2.22045e-016	0.	0.	0.	0.	0.	0.	1.	0.	0.	0.	
13.8814	59.0528	760	0	1	1	1	1	2.22045e-016	0.	0.	0.	0.	0.	0.	1.	0.	0.	0.	
13.8977	61.0723	761	0	1	1	1	1	2.22045e-016	0.	0.	0.	0.	0.	0.	1.	0.	0.	0.	
13.9158	55.4063	762	0	1	1	1	1	2.22045e-016	0.	0.	0.	0.	0.	0.	1.	0.	0.	0.	
13.9314	63.8221	763	0	1	1	1	1	2.22045e-016	0.	0.	0.	0.	0.	0.	1.	0.	0.	0.	
13.9482	59.7203	764	0	1	1	1	1	2.22045e-016	0.	0.	0.	0.	0.	0.	1.	0.	0.	0.	
13.9645	61.4496	765	0	1	1	1	1	2.22045e-016	0.	0.	0.	0.	0.	0.	1.	0.	0.	0.	
13.9816	58.2235	766	0	1	1	1	1	2.22045e-016	0.	0.	0.	0.	0.	0.	1.	0.	0.	0.	
13.9992	56.9591	767	0	1	1	1	1	2.22045e-016	0.	0.	0.	0.	0.	0.	1.	0.	0.	0.	
14.0144	65.5692	768	0	1	1	1	1	2.22045e-016	0.	0.	0.	0.	0.	0.	1.	0.	0.	0.	
14.0316	58.2399	769	0	1	1	1	1	2.22045e-016	0.	0.	0.	0.	0.	0.	1.	0.	0.	0.	
14.0483	60.0559	770	0	1	1	1	1	2.22045e-016	0.	0.	0.	0.	0.	0.	1.	0.	0.	0.	
14.0646	61.3847	771	0	1	1	1	1	2.22045e-016	0.	0.	0.	0.	0.	0.	1.	0.	0.	0.	
14.0811	60.2865	772	0	1	1	1	1	2.22045e-016	0.	0.	0.	0.	0.	0.	1.	0.	0.	0.	
14.0977	60.53	773	0	1	1	1	1	2.22045e-016	0.	0.	0.	0.	0.	0.	1.	0.	0.	0.	
14.1143	59.9527	774	0	1	1	1	1	2.22045e-016	0.	0.	0.	0.	0.	0.	1.	0.	0.	0.	
14.1311	59.8336	775	0	1	1	1	1	2.22045e-016	0.	0.	0.	0.	0.	0.	1.	0.	0.	0.	
14.1478	59.7429	776	0	1	1	1	1	2.22045e-016	0.	0.	0.	0.	0.	0.	1.	0.	0.	0.	
14.1657	55.7372	777	0	1	1	1	1	2.22045e-016	0.	0.	0.	0.	0.	0.	1.	0.	0.	0.	
14.1824	60.1923	778	0	1	1	1	1	2.22045e-016	0.	0.	0.	0.	0.	0.	1.	0.	0.	0.	
14.1978	64.8986	779	0	1	1	1	1	2.22045e-016	0.	0.	0.	0.	0.	0.	1.	0.	0.	0.	
14.2157	55.61	780	0	1	1	1	1	2.22045e-016	0.	0.	0.	0.	0.	0.	1.	0.	0.	0.	
14.2326	59.4214	781	0	1	1	1	1	2.22045e-016	0.	0.	0.	0.	0.	0.	1.	0.	0.	0.	
14.2478	65.5264	782	0	1	1	1	1	2.22045e-016	0.	0.	0.	0.	0.	0.	1.	0.	0.	0.	
14.2649	58.6596	783	0	1	1	1	1	2.22045e-016	0.	0.	0.	0.	0.	0.	1.	0.	0.	0.	
14.2815	59.9928	784	0	1	1	1	1	2.22045e-016	0.	0.	0.	0.	0.	0.	1.	0.	0.	0.	
14.2991	56.8721	785	0	1	1	1	1	2.22045e-016	0.	0.	0.	0.	0.	0.	1.	0.	0.	0.	
14.3145	65.1437	786	0	1	1	1	1	2.22045e-016	0.	0.	0.	0.	0.	0.	1.	0.	0.	0.	
14.3312	59.9852	787	0	1	1	1	1	2.22045e-016	0.	0.	0.	0.	0.	0.	1.	0.	0.	0.	
14.3501	52.8938	788	0	1	1	1	1	2.22045e-016	0.	0.	0.	0.	0.	0.	1.	0.	0.	0.	
14.3657	64.0615	789	0	1	1	1	1	2.22045e-016	0.	0.	0.	0.	0.	0.	1.	0.	0.	0.	
14.3808	66.0529	790	0	1	1	1	1	2.22045e-016	0.	0.	0.	0.	0.	0.	1.	0.	0.	0.	
14.399	54.8994	791	0	1	1	1	1	2.22045e-016	0.	0.	0.	0.	0.	0.	1.	0.	0.	0.	
14.4144	65.0158	792	0	1	1	1	1	2.22045e-016	0.	0.	0.	0.	0.	0.	1.	0.	0.	0.	
14.431	60.2284	793	0	1	1	1	1	2.22045e-016	0.	0.	0.	0.	0.	0.	1.	0.	0.	0.	
14.4491	55.2381	794	0	1	1	1	1	2.22045e-016	0.	0.	0.	0.	0.	0.	1.	0.	0.	0.	
14.4658	59.9527	795	0	1	1	1	1	2.22045e-016	0.	0.	0.	0.	0.	0.	1.	0.	0.	0.	
14.4824	60.0331	796	0	1	1	1	1	2.22045e-016	0.	0.	0.	0.	0.	0.	1.	0.	0.	0.	
14.4978	65.2502	797	0	1	1	1	1	2.22045e-016	0.	0.	0.	0.	0.	0.	1.	0.	0.	0.	
14.5146	59.5667	798	0	1	1	1	1	2.22045e-016	0.	0.	0.	0.	0.	0.	1.	0.	0.	0.	
14.5317	58.3322	799	0	1	1	1	1	2.22045e-016	0.	0.	0.	0.	0.	0.	1.	0.	0.	0.	
14.5484	59.9277	800	0	1	1	1	1	2.22045e-016	0.	0.	0.	0.	0.	0.	1.	0.	0.	0.	
14.5659	57.2495	801	0	1	1	1	1	2.22045e-016	0.	0.	0.	0.	0.	0.	1.	0.	0.	0.	
14.5808	67.038	802	0	1	1	1	1	2.22045e-016	0.	0.	0.	0.	0.	0.	1.	0.	0.	0.	
14.5979	58.4093	803	0	1	1	1	1	2.22045e-016	0.	0.	0.	0.	0.	0.	1.	0.	0.	0.	
14.6144	60.551	804	0	1	1	1	1	2.22045e-016	0.	0.	0.	0.	0.	0.	1.	0.	0.	0.	
14.6325	55.3137	805	0	1	1	1	1	2.22045e-016	0.	0.	0.	0.	0.	0.	1.	0.	0.	0.	
14.6478	65.3183	806	0	1	1	1	1	2.22045e-016	0.	0.	0.	0.	0.	0.	1.	0.	0.	0.	
14.6658	55.4712	807	0	1	1	1	1	2.22045e-016	0.	0.	0.	0.	0.	0.	1.	0.	0.	0.	
14.6824	60.1934	808	0	1	1	1	1	2.22045e-016	0.	0.	0.	0.	0.	0.	1.	0.	0.	0.	
14.6991	60.1061	809	0	1	1	1	1	2.22045e-016	0.	0.	0.	0.	0.	0.	1.	0.	0.	0.	
14.7158	59.8714	810	0	1	1	1	1	2.22045e-016	0.	0.	0.	0.	0.	0.	1.	0.	0.	0.	
14.7319	61.9923	811	0	1	1	1	1	2.22045e-016	0.	0.	0.	0.	0.	0.	1.	0.	0.	0.	

