TrialReplay

Frame:	2
1.	0.	0.	0.	
0.	1.	0.	0.	
0.	0.	1.	0.	
0.	0.	0.	1.	
Dynamic:	0	

Frame:	3
1.	0.	0.	0.	
0.	1.	0.	0.	
0.	0.	1.	0.	
0.	0.	0.	1.	
Dynamic:	0	

Frame:	4
1.	0.	0.	0.	
0.	1.	0.	0.	
0.	0.	1.	0.	
0.	0.	0.	1.	
Dynamic:	0	

Frame:	5
1.	0.	0.	0.	
0.	1.	0.	0.	
0.	0.	1.	0.	
0.	0.	0.	1.	
Dynamic:	0	

Frame:	6
1.	0.	0.	0.	
0.	1.	0.	0.	
0.	0.	1.	0.	
0.	0.	0.	1.	
Dynamic:	0	

Frame:	7
1.	0.	0.	0.	
0.	1.	0.	0.	
0.	0.	1.	0.	
0.	0.	0.	1.	
Dynamic:	0	

Frame:	8
1.	0.	0.	0.	
0.	1.	0.	0.	
0.	0.	1.	0.	
0.	0.	0.	1.	
Dynamic:	0	

Frame:	9
1.	0.	0.	0.	
0.	1.	0.	0.	
0.	0.	1.	0.	
0.	0.	0.	1.	
Dynamic:	0	

Frame:	10
1.	0.	0.	0.	
0.	1.	0.	0.	
0.	0.	1.	0.	
0.	0.	0.	1.	
Dynamic:	0	

Frame:	11
1.	0.	0.	0.	
0.	1.	0.	0.	
0.	0.	1.	0.	
0.	0.	0.	1.	
Dynamic:	0	

Frame:	12
1.	0.	0.	0.	
0.	1.	0.	0.	
0.	0.	1.	0.	
0.	0.	0.	1.	
Dynamic:	0	

Frame:	13
1.	0.	0.	0.	
0.	1.	0.	0.	
0.	0.	1.	0.	
0.	0.	0.	1.	
Dynamic:	0	

Frame:	14
1.	0.	0.	0.	
0.	1.	0.	0.	
0.	0.	1.	0.	
0.	0.	0.	1.	
Dynamic:	0	

Frame:	15
1.	0.	0.	0.	
0.	1.	0.	0.	
0.	0.	1.	0.	
0.	0.	0.	1.	
Dynamic:	0	

Frame:	16
1.	0.	0.	0.	
0.	1.	0.	0.	
0.	0.	1.	0.	
0.	0.	0.	1.	
Dynamic:	0	

Frame:	17
1.	0.	0.	0.	
0.	1.	0.	0.	
0.	0.	1.	0.	
0.	0.	0.	1.	
Dynamic:	0	

Frame:	18
1.	0.	0.	0.	
0.	1.	0.	0.	
0.	0.	1.	0.	
0.	0.	0.	1.	
Dynamic:	0	

Frame:	19
1.	0.	0.	0.	
0.	1.	0.	0.	
0.	0.	1.	0.	
0.	0.	0.	1.	
Dynamic:	0	

Frame:	20
1.	0.	0.	0.	
0.	1.	0.	0.	
0.	0.	1.	0.	
0.	0.	0.	1.	
Dynamic:	0	

Frame:	21
1.	0.	0.	0.	
0.	1.	0.	0.	
0.	0.	1.	0.	
0.	0.	0.	1.	
Dynamic:	0	

Frame:	22
1.	0.	0.	0.	
0.	1.	0.	0.	
0.	0.	1.	0.	
0.	0.	0.	1.	
Dynamic:	0	

Frame:	23
1.	0.	0.	0.	
0.	1.	0.	0.	
0.	0.	1.	0.	
0.	0.	0.	1.	
Dynamic:	0	

Frame:	24
1.	0.	0.	0.	
0.	1.	0.	0.	
0.	0.	1.	0.	
0.	0.	0.	1.	
Dynamic:	0	

Frame:	25
1.	0.	0.	0.	
0.	1.	0.	0.	
0.	0.	1.	0.	
0.	0.	0.	1.	
Dynamic:	0	

Frame:	26
1.	0.	0.	0.	
0.	1.	0.	0.	
0.	0.	1.	0.	
0.	0.	0.	1.	
Dynamic:	0	

Frame:	27
1.	0.	0.	0.	
0.	1.	0.	0.	
0.	0.	1.	0.	
0.	0.	0.	1.	
Dynamic:	0	

Frame:	28
1.	0.	0.	0.	
0.	1.	0.	0.	
0.	0.	1.	0.	
0.	0.	0.	1.	
Dynamic:	0	

Frame:	29
1.	0.	0.	0.	
0.	1.	0.	0.	
0.	0.	1.	0.	
0.	0.	0.	1.	
Dynamic:	0	

Frame:	30
1.	0.	0.	0.	
0.	1.	0.	0.	
0.	0.	1.	0.	
0.	0.	0.	1.	
Dynamic:	0	

Frame:	31
1.	0.	0.	0.	
0.	1.	0.	0.	
0.	0.	1.	0.	
0.	0.	0.	1.	
Dynamic:	0	

Frame:	32
1.	0.	0.	0.	
0.	1.	0.	0.	
0.	0.	1.	0.	
0.	0.	0.	1.	
Dynamic:	0	

Frame:	33
1.	0.	0.	0.	
0.	1.	0.	0.	
0.	0.	1.	0.	
0.	0.	0.	1.	
Dynamic:	0	

Frame:	34
1.	0.	0.	0.	
0.	1.	0.	0.	
0.	0.	1.	0.	
0.	0.	0.	1.	
Dynamic:	0	

Frame:	35
1.	0.	0.	0.	
0.	1.	0.	0.	
0.	0.	1.	0.	
0.	0.	0.	1.	
Dynamic:	0	

Frame:	36
1.	0.	0.	0.	
0.	1.	0.	0.	
0.	0.	1.	0.	
0.	0.	0.	1.	
Dynamic:	0	

Frame:	37
1.	0.	0.	0.	
0.	1.	0.	0.	
0.	0.	1.	0.	
0.	0.	0.	1.	
Dynamic:	0	

Frame:	38
1.	0.	0.	0.	
0.	1.	0.	0.	
0.	0.	1.	0.	
0.	0.	0.	1.	
Dynamic:	0	

Frame:	39
1.	0.	0.	0.	
0.	1.	0.	0.	
0.	0.	1.	0.	
0.	0.	0.	1.	
Dynamic:	0	

Frame:	40
1.	0.	0.	0.	
0.	1.	0.	0.	
0.	0.	1.	0.	
0.	0.	0.	1.	
Dynamic:	0	

Frame:	41
1.	0.	0.	0.	
0.	1.	0.	0.	
0.	0.	1.	0.	
0.	0.	0.	1.	
Dynamic:	0	

Frame:	42
1.	0.	0.	0.	
0.	1.	0.	0.	
0.	0.	1.	0.	
0.	0.	0.	1.	
Dynamic:	0	

Frame:	43
1.	0.	0.	0.	
0.	1.	0.	0.	
0.	0.	1.	0.	
0.	0.	0.	1.	
Dynamic:	0	

Frame:	44
1.	0.	0.	0.	
0.	1.	0.	0.	
0.	0.	1.	0.	
0.	0.	0.	1.	
Dynamic:	0	

Frame:	45
1.	0.	0.	0.	
0.	1.	0.	0.	
0.	0.	1.	0.	
0.	0.	0.	1.	
Dynamic:	0	

Frame:	46
1.	0.	0.	0.	
0.	1.	0.	0.	
0.	0.	1.	0.	
0.	0.	0.	1.	
Dynamic:	0	

Frame:	47
1.	0.	0.	0.	
0.	1.	0.	0.	
0.	0.	1.	0.	
0.	0.	0.	1.	
Dynamic:	0	

Frame:	48
1.	0.	0.	0.	
0.	1.	0.	0.	
0.	0.	1.	0.	
0.	0.	0.	1.	
Dynamic:	0	

Frame:	49
1.	0.	0.	0.	
0.	1.	0.	0.	
0.	0.	1.	0.	
0.	0.	0.	1.	
Dynamic:	0	

Frame:	50
1.	0.	0.	0.	
0.	1.	0.	0.	
0.	0.	1.	0.	
0.	0.	0.	1.	
Dynamic:	0	

Frame:	51
1.	0.	0.	0.	
0.	1.	0.	0.	
0.	0.	1.	0.	
0.	0.	0.	1.	
Dynamic:	0	

Frame:	52
1.	0.	0.	0.	
0.	1.	0.	0.	
0.	0.	1.	0.	
0.	0.	0.	1.	
Dynamic:	0	

Frame:	53
1.	0.	0.	0.	
0.	1.	0.	0.	
0.	0.	1.	0.	
0.	0.	0.	1.	
Dynamic:	0	

Frame:	54
1.	0.	0.	0.	
0.	1.	0.	0.	
0.	0.	1.	0.	
0.	0.	0.	1.	
Dynamic:	0	

Frame:	55
1.	0.	0.	0.	
0.	1.	0.	0.	
0.	0.	1.	0.	
0.	0.	0.	1.	
Dynamic:	0	

Frame:	56
1.	0.	0.	0.	
0.	1.	0.	0.	
0.	0.	1.	0.	
0.	0.	0.	1.	
Dynamic:	0	

Frame:	57
1.	0.	0.	0.	
0.	1.	0.	0.	
0.	0.	1.	0.	
0.	0.	0.	1.	
Dynamic:	0	

Frame:	58
1.	0.	0.	0.	
0.	1.	0.	0.	
0.	0.	1.	0.	
0.	0.	0.	1.	
Dynamic:	0	

Frame:	59
1.	0.	0.	0.	
0.	1.	0.	0.	
0.	0.	1.	0.	
0.	0.	0.	1.	
Dynamic:	0	

Frame:	60
1.	0.	0.	0.	
0.	1.	0.	0.	
0.	0.	1.	0.	
0.	0.	0.	1.	
Dynamic:	0	

Frame:	61
1.	0.	0.	0.	
0.	1.	0.	0.	
0.	0.	1.	0.	
0.	0.	0.	1.	
Dynamic:	0	

Frame:	62
1.	0.	0.	0.	
0.	1.	0.	0.	
0.	0.	1.	0.	
0.	0.	0.	1.	
Dynamic:	0	

Frame:	63
1.	0.	0.	0.	
0.	1.	0.	0.	
0.	0.	1.	0.	
0.	0.	0.	1.	
Dynamic:	0	

Frame:	64
1.	0.	0.	0.	
0.	1.	0.	0.	
0.	0.	1.	0.	
0.	0.	0.	1.	
Dynamic:	0	

Frame:	65
1.	0.	0.	0.	
0.	1.	0.	0.	
0.	0.	1.	0.	
0.	0.	0.	1.	
Dynamic:	0	

Frame:	66
1.	0.	0.	0.	
0.	1.	0.	0.	
0.	0.	1.	0.	
0.	0.	0.	1.	
Dynamic:	0	

Frame:	67
1.	0.	0.	0.	
0.	1.	0.	0.	
0.	0.	1.	0.	
0.	0.	0.	1.	
Dynamic:	0	

Frame:	68
1.	0.	0.	0.	
0.	1.	0.	0.	
0.	0.	1.	0.	
0.	0.	0.	1.	
Dynamic:	0	

Frame:	69
1.	0.	0.	0.	
0.	1.	0.	0.	
0.	0.	1.	0.	
0.	0.	0.	1.	
Dynamic:	0	

Frame:	70
1.	0.	0.	0.	
0.	1.	0.	0.	
0.	0.	1.	0.	
0.	0.	0.	1.	
Dynamic:	0	

Frame:	71
1.	0.	0.	0.	
0.	1.	0.	0.	
0.	0.	1.	0.	
0.	0.	0.	1.	
Dynamic:	0	

Frame:	72
1.	0.	0.	0.	
0.	1.	0.	0.	
0.	0.	1.	0.	
0.	0.	0.	1.	
Dynamic:	0	

Frame:	73
1.	0.	0.	0.	
0.	1.	0.	0.	
0.	0.	1.	0.	
0.	0.	0.	1.	
Dynamic:	0	

Frame:	74
1.	0.	0.	0.	
0.	1.	0.	0.	
0.	0.	1.	0.	
0.	0.	0.	1.	
Dynamic:	0	

Frame:	75
1.	0.	0.	0.	
0.	1.	0.	0.	
0.	0.	1.	0.	
0.	0.	0.	1.	
Dynamic:	0	

Frame:	76
1.	0.	0.	0.	
0.	1.	0.	0.	
0.	0.	1.	0.	
0.	0.	0.	1.	
Dynamic:	0	

Frame:	77
1.	0.	0.	0.	
0.	1.	0.	0.	
0.	0.	1.	0.	
0.	0.	0.	1.	
Dynamic:	0	

Frame:	78
1.	0.	0.	0.	
0.	1.	0.	0.	
0.	0.	1.	0.	
0.	0.	0.	1.	
Dynamic:	0	

Frame:	79
1.	0.	0.	0.	
0.	1.	0.	0.	
0.	0.	1.	0.	
0.	0.	0.	1.	
Dynamic:	0	

Frame:	80
1.	0.	0.	0.	
0.	1.	0.	0.	
0.	0.	1.	0.	
0.	0.	0.	1.	
Dynamic:	0	

Frame:	81
1.	0.	0.	0.	
0.	1.	0.	0.	
0.	0.	1.	0.	
0.	2.60425e-002	0.	1.	
Dynamic:	0	

Frame:	82
1.	0.	0.	0.	
0.	1.	0.	0.	
0.	0.	1.	0.	
0.	7.23402e-002	0.	1.	
Dynamic:	0	

Frame:	83
1.	1.37246e-004	0.	0.	
-1.37246e-004	1.	0.	0.	
0.	0.	1.	0.	
-3.2771e-004	0.136269	0.	1.	
Dynamic:	0	

Frame:	84
1.	2.71197e-004	0.	0.	
-2.71197e-004	1.	0.	0.	
0.	0.	1.	0.	
-6.4946e-004	0.185723	0.	1.	
Dynamic:	0	

Frame:	85
1.	3.35374e-004	0.	0.	
-3.35374e-004	1.	0.	0.	
0.	0.	1.	0.	
-8.17559e-004	0.229253	0.	1.	
Dynamic:	0	

Frame:	86
1.	3.87982e-004	0.	0.	
-3.87982e-004	1.	0.	0.	
0.	0.	1.	0.	
-9.74826e-004	0.278547	0.	1.	
Dynamic:	0	

Frame:	87
1.	4.15917e-004	0.	0.	
-4.15917e-004	1.	0.	0.	
0.	0.	1.	0.	
-1.06269e-003	0.304645	0.	1.	
Dynamic:	0	

Frame:	88
1.	8.90034e-004	0.	0.	
-8.90034e-004	1.	0.	0.	
0.	0.	1.	0.	
-1.77374e-003	0.320043	0.	1.	
Dynamic:	0	

Frame:	89
1.	6.3938e-004	0.	0.	
-6.3938e-004	1.	0.	0.	
0.	0.	1.	0.	
-1.52819e-003	0.331125	0.	1.	
Dynamic:	0	

Frame:	90
1.	4.59597e-004	0.	0.	
-4.59597e-004	1.	0.	0.	
0.	0.	1.	0.	
-1.38382e-003	0.330772	0.	1.	
Dynamic:	0	

Frame:	91
1.	4.52617e-004	0.	0.	
-4.52617e-004	1.	0.	0.	
0.	0.	1.	0.	
-1.39207e-003	0.333652	0.	1.	
Dynamic:	0	

Frame:	92
1.	4.41773e-004	0.	0.	
-4.41773e-004	1.	0.	0.	
0.	0.	1.	0.	
-1.39051e-003	0.333631	0.	1.	
Dynamic:	0	

Frame:	93
1.	4.46187e-004	0.	0.	
-4.46187e-004	1.	0.	0.	
0.	0.	1.	0.	
-1.44613e-003	0.345214	0.	1.	
Dynamic:	0	

Frame:	94
1.	5.91107e-004	0.	0.	
-5.91107e-004	1.	0.	0.	
0.	0.	1.	0.	
-1.4179e-003	0.35418	0.	1.	
Dynamic:	0	

Frame:	95
1.	5.09391e-004	0.	0.	
-5.09391e-004	1.	0.	0.	
0.	0.	1.	0.	
-1.57521e-003	0.368487	0.	1.	
Dynamic:	0	

Frame:	96
1.	4.9974e-004	0.	0.	
-4.9974e-004	1.	0.	0.	
0.	0.	1.	0.	
-1.60565e-003	0.37135	0.	1.	
Dynamic:	0	

Frame:	97
1.	4.86338e-004	0.	0.	
-4.86338e-004	1.	0.	0.	
0.	0.	1.	0.	
-1.62692e-003	0.371323	0.	1.	
Dynamic:	0	

Frame:	98
1.	4.73295e-004	0.	0.	
-4.73295e-004	1.	0.	0.	
0.	0.	1.	0.	
-1.65245e-003	0.371298	0.	1.	
Dynamic:	0	

Frame:	99
1.	5.22312e-004	0.	0.	
-5.22312e-004	1.	0.	0.	
0.	0.	1.	0.	
-1.53834e-003	0.371395	0.	1.	
Dynamic:	0	

Frame:	100
1.	5.08224e-004	0.	0.	
-5.08224e-004	1.	0.	0.	
0.	0.	1.	0.	
-1.57636e-003	0.371367	0.	1.	
Dynamic:	0	

Frame:	101
1.	4.94516e-004	0.	0.	
-4.94516e-004	1.	0.	0.	
0.	0.	1.	0.	
-1.61842e-003	0.371339	0.	1.	
Dynamic:	0	

Frame:	102
1.	4.81177e-004	0.	0.	
-4.81177e-004	1.	0.	0.	
0.	0.	1.	0.	
-1.66429e-003	0.371313	0.	1.	
Dynamic:	0	

Frame:	103
1.	5.30504e-004	0.	0.	
-5.30504e-004	1.	0.	0.	
0.	0.	1.	0.	
-1.47639e-003	0.371411	0.	1.	
Dynamic:	0	

Frame:	104
1.	5.16113e-004	0.	0.	
-5.16113e-004	1.	0.	0.	
0.	0.	1.	0.	
-1.53654e-003	0.371383	0.	1.	
Dynamic:	0	

Frame:	105
1.	5.02112e-004	0.	0.	
-5.02112e-004	1.	0.	0.	
0.	0.	1.	0.	
-1.60025e-003	0.371355	0.	1.	
Dynamic:	0	

Frame:	106
1.	4.88491e-004	0.	0.	
-4.88491e-004	1.	0.	0.	
0.	0.	1.	0.	
-1.66727e-003	0.371327	0.	1.	
Dynamic:	0	

Frame:	107
1.	4.75239e-004	0.	0.	
-4.75239e-004	1.	0.	0.	
0.	0.	1.	0.	
-1.73738e-003	0.371301	0.	1.	
Dynamic:	0	

Frame:	108
1.	5.2517e-004	0.	0.	
-5.2517e-004	1.	0.	0.	
0.	0.	1.	0.	
-1.45472e-003	0.371401	0.	1.	
Dynamic:	0	

Frame:	109
1.	5.10841e-004	0.	0.	
-5.10841e-004	1.	0.	0.	
0.	0.	1.	0.	
-1.54114e-003	0.371372	0.	1.	
Dynamic:	0	

Frame:	110
1.	4.96904e-004	0.	0.	
-4.96904e-004	1.	0.	0.	
0.	0.	1.	0.	
-1.63036e-003	0.371344	0.	1.	
Dynamic:	0	

Frame:	111
1.	4.83347e-004	0.	0.	
-4.83347e-004	1.	0.	0.	
0.	0.	1.	0.	
-1.72217e-003	0.371317	0.	1.	
Dynamic:	0	

Frame:	112
1.	4.72932e-004	0.	0.	
-4.72932e-004	1.	0.	0.	
0.	0.	1.	0.	
-1.79656e-003	0.371295	0.	1.	
Dynamic:	0	

Frame:	113
1.	5.20608e-004	0.	0.	
-5.20608e-004	1.	0.	0.	
0.	0.	1.	0.	
-1.43838e-003	0.371393	0.	1.	
Dynamic:	0	

Frame:	114
1.	5.06323e-004	0.	0.	
-5.06323e-004	1.	0.	0.	
0.	0.	1.	0.	
-1.55099e-003	0.371363	0.	1.	
Dynamic:	0	

Frame:	115
1.	4.92429e-004	0.	0.	
-4.92429e-004	1.	0.	0.	
0.	0.	1.	0.	
-1.66566e-003	0.371335	0.	1.	
Dynamic:	0	

Frame:	116
1.	4.81222e-004	0.	0.	
-4.81222e-004	1.	0.	0.	
0.	0.	1.	0.	
-1.76231e-003	0.371312	0.	1.	
Dynamic:	0	

Frame:	117
1.	4.69451e-004	0.	0.	
-4.69451e-004	1.	0.	0.	
0.	0.	1.	0.	
-1.86818e-003	0.371288	0.	1.	
Dynamic:	0	

Frame:	118
1.	5.16703e-004	0.	0.	
-5.16703e-004	1.	0.	0.	
0.	0.	1.	0.	
-1.4257e-003	0.371385	0.	1.	
Dynamic:	0	

Frame:	119
1.	5.02443e-004	0.	0.	
-5.02443e-004	1.	0.	0.	
0.	0.	1.	0.	
-1.56451e-003	0.371356	0.	1.	
Dynamic:	0	

Frame:	120
1.	4.88577e-004	0.	0.	
-4.88577e-004	1.	0.	0.	
0.	0.	1.	0.	
-1.70463e-003	0.371327	0.	1.	
Dynamic:	0	

Frame:	121
1.	4.78307e-004	0.	0.	
-4.78307e-004	1.	0.	0.	
0.	0.	1.	0.	
-1.81221e-003	0.371305	0.	1.	
Dynamic:	0	

Frame:	122
1.	5.26373e-004	0.	0.	
-5.26373e-004	1.	0.	0.	
0.	0.	1.	0.	
-1.2909e-003	0.371406	0.	1.	
Dynamic:	0	

Frame:	123
1.	5.11764e-004	0.	0.	
-5.11764e-004	1.	0.	0.	
0.	0.	1.	0.	
-1.45476e-003	0.371375	0.	1.	
Dynamic:	0	

Frame:	124
1.	4.97559e-004	0.	0.	
-4.97559e-004	1.	0.	0.	
0.	0.	1.	0.	
-1.61934e-003	0.371345	0.	1.	
Dynamic:	0	

Frame:	125
1.	4.8653e-004	0.	0.	
-4.8653e-004	1.	0.	0.	
0.	0.	1.	0.	
-1.75121e-003	0.371322	0.	1.	
Dynamic:	0	

Frame:	126
1.	4.74492e-004	0.	0.	
-4.74492e-004	1.	0.	0.	
0.	0.	1.	0.	
-1.89959e-003	0.371296	0.	1.	
Dynamic:	0	

Frame:	127
1.	5.221e-004	0.	0.	
-5.221e-004	1.	0.	0.	
0.	0.	1.	0.	
-1.29511e-003	0.371398	0.	1.	
Dynamic:	0	

Frame:	128
1.	5.07526e-004	0.	0.	
-5.07526e-004	1.	0.	0.	
0.	0.	1.	0.	
-1.48556e-003	0.371367	0.	1.	
Dynamic:	0	

Frame:	129
1.	4.93358e-004	0.	0.	
-4.93358e-004	1.	0.	0.	
0.	0.	1.	0.	
-1.67594e-003	0.371336	0.	1.	
Dynamic:	0	

Frame:	130
1.	4.83298e-004	0.	0.	
-4.83298e-004	1.	0.	0.	
0.	0.	1.	0.	
-1.81485e-003	0.371315	0.	1.	
Dynamic:	0	

Frame:	131
1.	5.31712e-004	0.	0.	
-5.31712e-004	1.	0.	0.	
0.	0.	1.	0.	
-1.12843e-003	0.37142	0.	1.	
Dynamic:	0	

Frame:	132
1.	5.16784e-004	0.	0.	
-5.16784e-004	1.	0.	0.	
0.	0.	1.	0.	
-1.34561e-003	0.371387	0.	1.	
Dynamic:	0	

Frame:	133
1.	5.02275e-004	0.	0.	
-5.02275e-004	1.	0.	0.	
0.	0.	1.	0.	
-1.56206e-003	0.371355	0.	1.	
Dynamic:	0	

Frame:	134
1.	4.91466e-004	0.	0.	
-4.91466e-004	1.	0.	0.	
0.	0.	1.	0.	
-1.72732e-003	0.371332	0.	1.	
Dynamic:	0	

Frame:	135
1.	4.79166e-004	0.	0.	
-4.79166e-004	1.	0.	0.	
0.	0.	1.	0.	
-1.91992e-003	0.371305	0.	1.	
Dynamic:	0	

Frame:	136
1.	5.27089e-004	0.	0.	
-5.27089e-004	1.	0.	0.	
0.	0.	1.	0.	
-1.15175e-003	0.371411	0.	1.	
Dynamic:	0	

Frame:	137
1.	5.12206e-004	0.	0.	
-5.12206e-004	1.	0.	0.	
0.	0.	1.	0.	
-1.39583e-003	0.371378	0.	1.	
Dynamic:	0	

Frame:	138
1.	4.97743e-004	0.	0.	
-4.97743e-004	1.	0.	0.	
0.	0.	1.	0.	
-1.63837e-003	0.371345	0.	1.	
Dynamic:	0	

Frame:	139
1.	4.87951e-004	0.	0.	
-4.87951e-004	1.	0.	0.	
0.	0.	1.	0.	
-1.8062e-003	0.371323	0.	1.	
Dynamic:	0	

Frame:	140
1.	5.36673e-004	0.	0.	
-5.36673e-004	1.	0.	0.	
0.	0.	1.	0.	
-9.53058e-004	0.371433	0.	1.	
Dynamic:	0	

Frame:	141
1.	5.21433e-004	0.	0.	
-5.21433e-004	1.	0.	0.	
0.	0.	1.	0.	
-1.22557e-003	0.371399	0.	1.	
Dynamic:	0	

Frame:	142
1.	5.06625e-004	0.	0.	
-5.06625e-004	1.	0.	0.	
0.	0.	1.	0.	
-1.49582e-003	0.371365	0.	1.	
Dynamic:	0	

Frame:	143
1.	4.96088e-004	0.	0.	
-4.96088e-004	1.	0.	0.	
0.	0.	1.	0.	
-1.69203e-003	0.371341	0.	1.	
Dynamic:	0	

Frame:	144
1.	4.8353e-004	0.	0.	
-4.8353e-004	1.	0.	0.	
0.	0.	1.	0.	
-1.93053e-003	0.371312	0.	1.	
Dynamic:	0	

Frame:	145
1.	5.31731e-004	0.	0.	
-5.31731e-004	1.	0.	0.	
0.	0.	1.	0.	
-9.9728e-004	0.371423	0.	1.	
Dynamic:	0	

Frame:	146
1.	5.16544e-004	0.	0.	
-5.16544e-004	1.	0.	0.	
0.	0.	1.	0.	
-1.29694e-003	0.371388	0.	1.	
Dynamic:	0	

Frame:	147
1.	5.01791e-004	0.	0.	
-5.01791e-004	1.	0.	0.	
0.	0.	1.	0.	
-1.5935e-003	0.371354	0.	1.	
Dynamic:	0	

Frame:	148
1.	4.92323e-004	0.	0.	
-4.92323e-004	1.	0.	0.	
0.	0.	1.	0.	
-1.78735e-003	0.371331	0.	1.	
Dynamic:	0	

Frame:	149
1.	5.4132e-004	0.	0.	
-5.4132e-004	1.	0.	0.	
0.	0.	1.	0.	
-7.66143e-004	0.371447	0.	1.	
Dynamic:	0	

Frame:	150
1.	5.2577e-004	0.	0.	
-5.2577e-004	1.	0.	0.	
0.	0.	1.	0.	
-1.09598e-003	0.37141	0.	1.	
Dynamic:	0	

Frame:	151
1.	5.10668e-004	0.	0.	
-5.10668e-004	1.	0.	0.	
0.	0.	1.	0.	
-1.42193e-003	0.371374	0.	1.	
Dynamic:	0	

Frame:	152
1.	5.00435e-004	0.	0.	
-5.00435e-004	1.	0.	0.	
0.	0.	1.	0.	
-1.64658e-003	0.37135	0.	1.	
Dynamic:	0	

Frame:	153
1.	4.87621e-004	0.	0.	
-4.87621e-004	1.	0.	0.	
0.	0.	1.	0.	
-1.93262e-003	0.371319	0.	1.	
Dynamic:	0	

Frame:	154
1.	5.36069e-004	0.	0.	
-5.36069e-004	1.	0.	0.	
0.	0.	1.	0.	
-8.33175e-004	0.371436	0.	1.	
Dynamic:	0	

Frame:	155
1.	5.20583e-004	0.	0.	
-5.20583e-004	1.	0.	0.	
0.	0.	1.	0.	
-1.19035e-003	0.371398	0.	1.	
Dynamic:	0	

Frame:	156
1.	5.05543e-004	0.	0.	
-5.05543e-004	1.	0.	0.	
0.	0.	1.	0.	
-1.54277e-003	0.371361	0.	1.	
Dynamic:	0	

Frame:	157
1.	4.96434e-004	0.	0.	
-4.96434e-004	1.	0.	0.	
0.	0.	1.	0.	
-1.75961e-003	0.371339	0.	1.	
Dynamic:	0	

Frame:	158
1.	5.45675e-004	0.	0.	
-5.45675e-004	1.	0.	0.	
0.	0.	1.	0.	
-5.69271e-004	0.371461	0.	1.	
Dynamic:	0	

Frame:	159
1.	5.29821e-004	0.	0.	
-5.29821e-004	1.	0.	0.	
0.	0.	1.	0.	
-9.58398e-004	0.371421	0.	1.	
Dynamic:	0	

Frame:	160
1.	5.14427e-004	0.	0.	
-5.14427e-004	1.	0.	0.	
0.	0.	1.	0.	
-1.34192e-003	0.371383	0.	1.	
Dynamic:	0	

Frame:	161
1.	5.0455e-004	0.	0.	
-5.0455e-004	1.	0.	0.	
0.	0.	1.	0.	
-1.59164e-003	0.371358	0.	1.	
Dynamic:	0	

Frame:	162
1.	4.91482e-004	0.	0.	
-4.91482e-004	1.	0.	0.	
0.	0.	1.	0.	
-1.92688e-003	0.371325	0.	1.	
Dynamic:	0	

Frame:	163
1.	5.40151e-004	0.	0.	
-5.40151e-004	1.	0.	0.	
0.	0.	1.	0.	
-6.60334e-004	0.371449	0.	1.	
Dynamic:	0	

Frame:	164
1.	5.24367e-004	0.	0.	
-5.24367e-004	1.	0.	0.	
0.	0.	1.	0.	
-1.07694e-003	0.371408	0.	1.	
Dynamic:	0	

Frame:	165
1.	5.13586e-004	0.	0.	
-5.13586e-004	1.	0.	0.	
0.	0.	1.	0.	
-1.36546e-003	0.371381	0.	1.	
Dynamic:	0	

Frame:	166
1.	5.00208e-004	0.	0.	
-5.00208e-004	1.	0.	0.	
0.	0.	1.	0.	
-1.72846e-003	0.371346	0.	1.	
Dynamic:	0	

Frame:	167
1.	5.49657e-004	0.	0.	
-5.49657e-004	1.	0.	0.	
0.	0.	1.	0.	
-3.68431e-004	0.371475	0.	1.	
Dynamic:	0	

Frame:	168
1.	5.33503e-004	0.	0.	
-5.33503e-004	1.	0.	0.	
0.	0.	1.	0.	
-8.18704e-004	0.371433	0.	1.	
Dynamic:	0	

Frame:	169
1.	5.17824e-004	0.	0.	
-5.17824e-004	1.	0.	0.	
0.	0.	1.	0.	
-1.26155e-003	0.371391	0.	1.	
Dynamic:	0	

Frame:	170
1.	5.08323e-004	0.	0.	
-5.08323e-004	1.	0.	0.	
0.	0.	1.	0.	
-1.53341e-003	0.371366	0.	1.	
Dynamic:	0	

Frame:	171
1.	5.58487e-004	0.	0.	
-5.58487e-004	1.	0.	0.	
0.	0.	1.	0.	
-7.94331e-005	0.3715	0.	1.	
Dynamic:	0	

Frame:	172
1.	5.4198e-004	0.	0.	
-5.4198e-004	1.	0.	0.	
0.	0.	1.	0.	
-5.63991e-004	0.371456	0.	1.	
Dynamic:	0	

Frame:	173
1.	5.2596e-004	0.	0.	
-5.2596e-004	1.	0.	0.	
0.	0.	1.	0.	
-1.04015e-003	0.371412	0.	1.	
Dynamic:	0	

Frame:	174
1.	5.15824e-004	0.	0.	
-5.15824e-004	1.	0.	0.	
0.	0.	1.	0.	
-1.34521e-003	0.371385	0.	1.	
Dynamic:	0	

Frame:	175
1.	5.02233e-004	0.	0.	
-5.02233e-004	1.	0.	0.	
0.	0.	1.	0.	
-1.75924e-003	0.371348	0.	1.	
Dynamic:	0	

Frame:	176
1.	5.51711e-004	0.	0.	
-5.51711e-004	1.	0.	0.	
0.	0.	1.	0.	
-2.33625e-004	0.371484	0.	1.	
Dynamic:	0	

Frame:	177
1.	5.35311e-004	0.	0.	
-5.35311e-004	1.	0.	0.	
0.	0.	1.	0.	
-7.45383e-004	0.371438	0.	1.	
Dynamic:	0	

Frame:	178
1.	5.19398e-004	0.	0.	
-5.19398e-004	1.	0.	0.	
0.	0.	1.	0.	
-1.24781e-003	0.371394	0.	1.	
Dynamic:	0	

Frame:	179
1.	5.10555e-004	0.	0.	
-5.10555e-004	1.	0.	0.	
0.	0.	1.	0.	
-1.5303e-003	0.371369	0.	1.	
Dynamic:	0	

Frame:	180
1.	5.60765e-004	0.	0.	
-5.60765e-004	1.	0.	0.	
0.	0.	1.	0.	
9.21851e-005	0.371511	0.	1.	
Dynamic:	0	

Frame:	181
1.	5.44e-004	0.	0.	
-5.44e-004	1.	0.	0.	
0.	0.	1.	0.	
-4.55753e-004	0.371463	0.	1.	
Dynamic:	0	

Frame:	182
1.	5.27737e-004	0.	0.	
-5.27737e-004	1.	0.	0.	
0.	0.	1.	0.	
-9.93327e-004	0.371417	0.	1.	
Dynamic:	0	

Frame:	183
1.	5.1821e-004	0.	0.	
-5.1821e-004	1.	0.	0.	
0.	0.	1.	0.	
-1.31172e-003	0.371389	0.	1.	
Dynamic:	0	

Frame:	184
1.	5.69084e-004	0.	0.	
-5.69084e-004	1.	0.	0.	
0.	0.	1.	0.	
4.07482e-004	0.371537	0.	1.	
Dynamic:	0	

Frame:	185
1.	5.51973e-004	0.	0.	
-5.51973e-004	1.	0.	0.	
0.	0.	1.	0.	
-1.77082e-004	0.371487	0.	1.	
Dynamic:	0	

Frame:	186
1.	5.35377e-004	0.	0.	
-5.35377e-004	1.	0.	0.	
0.	0.	1.	0.	
-7.50209e-004	0.371438	0.	1.	
Dynamic:	0	

Frame:	187
1.	5.25224e-004	0.	0.	
-5.25224e-004	1.	0.	0.	
0.	0.	1.	0.	
-1.10458e-003	0.371408	0.	1.	
Dynamic:	0	

Frame:	188
1.	5.11147e-004	0.	0.	
-5.11147e-004	1.	0.	0.	
0.	0.	1.	0.	
-1.60113e-003	0.371366	0.	1.	
Dynamic:	0	

Frame:	189
1.	5.61239e-004	0.	0.	
-5.61239e-004	1.	0.	0.	
0.	0.	1.	0.	
1.84286e-004	0.371516	0.	1.	
Dynamic:	0	

Frame:	190
1.	5.44267e-004	0.	0.	
-5.44267e-004	1.	0.	0.	
0.	0.	1.	0.	
-4.26899e-004	0.371465	0.	1.	
Dynamic:	0	

Frame:	191
1.	5.27809e-004	0.	0.	
-5.27809e-004	1.	0.	0.	
0.	0.	1.	0.	
-1.02569e-003	0.371415	0.	1.	
Dynamic:	0	

Frame:	192
1.	5.19116e-004	0.	0.	
-5.19116e-004	1.	0.	0.	
0.	0.	1.	0.	
-1.34517e-003	0.371389	0.	1.	
Dynamic:	0	

Frame:	193
1.	5.69899e-004	0.	0.	
-5.69899e-004	1.	0.	0.	
0.	0.	1.	0.	
5.39979e-004	0.371545	0.	1.	
Dynamic:	0	

Frame:	194
1.	5.52567e-004	0.	0.	
-5.52567e-004	1.	0.	0.	
0.	0.	1.	0.	
-1.09818e-004	0.371491	0.	1.	
Dynamic:	0	

Frame:	195
1.	5.35762e-004	0.	0.	
-5.35762e-004	1.	0.	0.	
0.	0.	1.	0.	
-7.46069e-004	0.371439	0.	1.	
Dynamic:	0	

Frame:	196
1.	5.26419e-004	0.	0.	
-5.26419e-004	1.	0.	0.	
0.	0.	1.	0.	
-1.10326e-003	0.371409	0.	1.	
Dynamic:	0	

Frame:	197
1.	5.77824e-004	0.	0.	
-5.77824e-004	1.	0.	0.	
0.	0.	1.	0.	
8.81011e-004	0.371572	0.	1.	
Dynamic:	0	

Frame:	198
1.	5.60151e-004	0.	0.	
-5.60151e-004	1.	0.	0.	
0.	0.	1.	0.	
1.92277e-004	0.371516	0.	1.	
Dynamic:	0	

Frame:	199
1.	5.43018e-004	0.	0.	
-5.43018e-004	1.	0.	0.	
0.	0.	1.	0.	
-4.81727e-004	0.371461	0.	1.	
Dynamic:	0	

Frame:	200
1.	5.3309e-004	0.	0.	
-5.3309e-004	1.	0.	0.	
0.	0.	1.	0.	
-8.75977e-004	0.371429	0.	1.	
Dynamic:	0	

Frame:	201
1.	5.85052e-004	0.	0.	
-5.85052e-004	1.	0.	0.	
0.	0.	1.	0.	
1.20664e-003	0.371598	0.	1.	
Dynamic:	0	

Frame:	202
1.	5.67056e-004	0.	0.	
-5.67056e-004	1.	0.	0.	
0.	0.	1.	0.	
4.78702e-004	0.371539	0.	1.	
Dynamic:	0	

Frame:	203
1.	5.49613e-004	0.	0.	
-5.49613e-004	1.	0.	0.	
0.	0.	1.	0.	
-2.33298e-004	0.371481	0.	1.	
Dynamic:	0	

Frame:	204
1.	5.39213e-004	0.	0.	
-5.39213e-004	1.	0.	0.	
0.	0.	1.	0.	
-6.61657e-004	0.371447	0.	1.	
Dynamic:	0	

Frame:	205
1.	5.91676e-004	0.	0.	
-5.91676e-004	1.	0.	0.	
0.	0.	1.	0.	
1.51864e-003	0.371622	0.	1.	
Dynamic:	0	

Frame:	206
1.	5.73372e-004	0.	0.	
-5.73372e-004	1.	0.	0.	
0.	0.	1.	0.	
7.5119e-004	0.37156	0.	1.	
Dynamic:	0	

Frame:	207
1.	5.55635e-004	0.	0.	
-5.55635e-004	1.	0.	0.	
0.	0.	1.	0.	
9.27858e-007	0.3715	0.	1.	
Dynamic:	0	

Frame:	208
1.	5.44844e-004	0.	0.	
-5.44844e-004	1.	0.	0.	
0.	0.	1.	0.	
-4.59479e-004	0.371463	0.	1.	
Dynamic:	0	

Frame:	209
1.	5.97758e-004	0.	0.	
-5.97758e-004	1.	0.	0.	
0.	0.	1.	0.	
1.81779e-003	0.371645	0.	1.	
Dynamic:	0	

Frame:	210
1.	5.79161e-004	0.	0.	
-5.79161e-004	1.	0.	0.	
0.	0.	1.	0.	
1.01054e-003	0.371581	0.	1.	
Dynamic:	0	

Frame:	211
1.	5.61142e-004	0.	0.	
-5.61142e-004	1.	0.	0.	
0.	0.	1.	0.	
2.21747e-004	0.371518	0.	1.	
Dynamic:	0	

Frame:	212
1.	5.43684e-004	0.	0.	
-5.43684e-004	1.	0.	0.	
0.	0.	1.	0.	
-5.48959e-004	0.371457	0.	1.	
Dynamic:	0	

Frame:	213
1.	5.34936e-004	0.	0.	
-5.34936e-004	1.	0.	0.	
0.	0.	1.	0.	
-9.3836e-004	0.371426	0.	1.	
Dynamic:	0	

Frame:	214
1.	5.86792e-004	0.	0.	
-5.86792e-004	1.	0.	0.	
0.	0.	1.	0.	
1.38918e-003	0.371611	0.	1.	
Dynamic:	0	

Frame:	215
1.	5.68432e-004	0.	0.	
-5.68432e-004	1.	0.	0.	
0.	0.	1.	0.	
5.58304e-004	0.371545	0.	1.	
Dynamic:	0	

Frame:	216
1.	5.50646e-004	0.	0.	
-5.50646e-004	1.	0.	0.	
0.	0.	1.	0.	
-2.53149e-004	0.371481	0.	1.	
Dynamic:	0	

Frame:	217
1.	5.41345e-004	0.	0.	
-5.41345e-004	1.	0.	0.	
0.	0.	1.	0.	
-6.80953e-004	0.371447	0.	1.	
Dynamic:	0	

Frame:	218
1.	5.93724e-004	0.	0.	
-5.93724e-004	1.	0.	0.	
0.	0.	1.	0.	
1.7475e-003	0.371639	0.	1.	
Dynamic:	0	

Frame:	219
1.	5.75041e-004	0.	0.	
-5.75041e-004	1.	0.	0.	
0.	0.	1.	0.	
8.74408e-004	0.37157	0.	1.	
Dynamic:	0	

Frame:	220
1.	5.56946e-004	0.	0.	
-5.56946e-004	1.	0.	0.	
0.	0.	1.	0.	
2.21073e-005	0.371502	0.	1.	
Dynamic:	0	

Frame:	221
1.	5.47225e-004	0.	0.	
-5.47225e-004	1.	0.	0.	
0.	0.	1.	0.	
-4.39358e-004	0.371466	0.	1.	
Dynamic:	0	

Frame:	222
1.	6.00075e-004	0.	0.	
-6.00075e-004	1.	0.	0.	
0.	0.	1.	0.	
2.08898e-003	0.371665	0.	1.	
Dynamic:	0	

Frame:	223
1.	5.81085e-004	0.	0.	
-5.81085e-004	1.	0.	0.	
0.	0.	1.	0.	
1.17347e-003	0.371593	0.	1.	
Dynamic:	0	

Frame:	224
1.	5.62696e-004	0.	0.	
-5.62696e-004	1.	0.	0.	
0.	0.	1.	0.	
2.80146e-004	0.371523	0.	1.	
Dynamic:	0	

Frame:	225
1.	5.52564e-004	0.	0.	
-5.52564e-004	1.	0.	0.	
0.	0.	1.	0.	
-2.15798e-004	0.371484	0.	1.	
Dynamic:	0	

Frame:	226
1.	6.05828e-004	0.	0.	
-6.05828e-004	1.	0.	0.	
0.	0.	1.	0.	
2.41109e-003	0.37169	0.	1.	
Dynamic:	0	

Frame:	227
1.	5.86547e-004	0.	0.	
-5.86547e-004	1.	0.	0.	
0.	0.	1.	0.	
1.45307e-003	0.371615	0.	1.	
Dynamic:	0	

Frame:	228
1.	5.6788e-004	0.	0.	
-5.6788e-004	1.	0.	0.	
0.	0.	1.	0.	
5.1864e-004	0.371542	0.	1.	
Dynamic:	0	

Frame:	229
1.	5.57458e-004	0.	0.	
-5.57458e-004	1.	0.	0.	
0.	0.	1.	0.	
-6.90273e-006	0.3715	0.	1.	
Dynamic:	0	

Frame:	230
1.	6.11091e-004	0.	0.	
-6.11091e-004	1.	0.	0.	
0.	0.	1.	0.	
2.71742e-003	0.371714	0.	1.	
Dynamic:	0	

Frame:	231
1.	5.91532e-004	0.	0.	
-5.91532e-004	1.	0.	0.	
0.	0.	1.	0.	
1.7167e-003	0.371636	0.	1.	
Dynamic:	0	

Frame:	232
1.	5.72599e-004	0.	0.	
-5.72599e-004	1.	0.	0.	
0.	0.	1.	0.	
7.41015e-004	0.371559	0.	1.	
Dynamic:	0	

Frame:	233
1.	5.61934e-004	0.	0.	
-5.61934e-004	1.	0.	0.	
0.	0.	1.	0.	
1.87447e-004	0.371516	0.	1.	
Dynamic:	0	

Frame:	234
1.	6.15894e-004	0.	0.	
-6.15894e-004	1.	0.	0.	
0.	0.	1.	0.	
3.00808e-003	0.371737	0.	1.	
Dynamic:	0	

Frame:	235
1.	5.9607e-004	0.	0.	
-5.9607e-004	1.	0.	0.	
0.	0.	1.	0.	
1.9645e-003	0.371655	0.	1.	
Dynamic:	0	

Frame:	236
1.	5.76884e-004	0.	0.	
-5.76884e-004	1.	0.	0.	
0.	0.	1.	0.	
9.47417e-004	0.371575	0.	1.	
Dynamic:	0	

Frame:	237
1.	5.66014e-004	0.	0.	
-5.66014e-004	1.	0.	0.	
0.	0.	1.	0.	
3.67201e-004	0.37153	0.	1.	
Dynamic:	0	

Frame:	238
1.	6.20262e-004	0.	0.	
-6.20262e-004	1.	0.	0.	
0.	0.	1.	0.	
3.28298e-003	0.371759	0.	1.	
Dynamic:	0	

Frame:	239
1.	6.00184e-004	0.	0.	
-6.00184e-004	1.	0.	0.	
0.	0.	1.	0.	
2.19639e-003	0.371673	0.	1.	
Dynamic:	0	

Frame:	240
1.	5.80756e-004	0.	0.	
-5.80756e-004	1.	0.	0.	
0.	0.	1.	0.	
1.1378e-003	0.37159	0.	1.	
Dynamic:	0	

Frame:	241
1.	5.69759e-004	0.	0.	
-5.69759e-004	1.	0.	0.	
0.	0.	1.	0.	
5.34574e-004	0.371543	0.	1.	
Dynamic:	0	

Frame:	242
1.	6.2426e-004	0.	0.	
-6.2426e-004	1.	0.	0.	
0.	0.	1.	0.	
3.54439e-003	0.37178	0.	1.	
Dynamic:	0	

Frame:	243
1.	6.03938e-004	0.	0.	
-6.03938e-004	1.	0.	0.	
0.	0.	1.	0.	
2.4146e-003	0.371691	0.	1.	
Dynamic:	0	

Frame:	244
1.	5.84277e-004	0.	0.	
-5.84277e-004	1.	0.	0.	
0.	0.	1.	0.	
1.31433e-003	0.371604	0.	1.	
Dynamic:	0	

Frame:	245
1.	5.7321e-004	0.	0.	
-5.7321e-004	1.	0.	0.	
0.	0.	1.	0.	
6.90908e-004	0.371555	0.	1.	
Dynamic:	0	

Frame:	246
1.	6.27934e-004	0.	0.	
-6.27934e-004	1.	0.	0.	
0.	0.	1.	0.	
3.79379e-003	0.3718	0.	1.	
Dynamic:	0	

Frame:	247
1.	6.07376e-004	0.	0.	
-6.07376e-004	1.	0.	0.	
0.	0.	1.	0.	
2.62058e-003	0.371707	0.	1.	
Dynamic:	0	

Frame:	248
1.	5.87492e-004	0.	0.	
-5.87492e-004	1.	0.	0.	
0.	0.	1.	0.	
1.47843e-003	0.371617	0.	1.	
Dynamic:	0	

Frame:	249
1.	6.50189e-004	0.	0.	
-6.50189e-004	1.	0.	0.	
0.	0.	1.	0.	
5.10284e-003	0.371903	0.	1.	
Dynamic:	0	

Frame:	250
1.	6.28783e-004	0.	0.	
-6.28783e-004	1.	0.	0.	
0.	0.	1.	0.	
3.85749e-003	0.371805	0.	1.	
Dynamic:	0	

Frame:	251
1.	6.08081e-004	0.	0.	
-6.08081e-004	1.	0.	0.	
0.	0.	1.	0.	
2.6455e-003	0.371709	0.	1.	
Dynamic:	0	

Frame:	252
1.	5.88062e-004	0.	0.	
-5.88062e-004	1.	0.	0.	
0.	0.	1.	0.	
1.46603e-003	0.371615	0.	1.	
Dynamic:	0	

Frame:	253
1.	6.51258e-004	0.	0.	
-6.51258e-004	1.	0.	0.	
0.	0.	1.	0.	
5.21252e-003	0.371912	0.	1.	
Dynamic:	0	

Frame:	254
1.	6.29695e-004	0.	0.	
-6.29695e-004	1.	0.	0.	
0.	0.	1.	0.	
3.92627e-003	0.37181	0.	1.	
Dynamic:	0	

Frame:	255
1.	6.08847e-004	0.	0.	
-6.08847e-004	1.	0.	0.	
0.	0.	1.	0.	
2.67491e-003	0.371711	0.	1.	
Dynamic:	0	

Frame:	256
1.	5.88688e-004	0.	0.	
-5.88688e-004	1.	0.	0.	
0.	0.	1.	0.	
1.45755e-003	0.371614	0.	1.	
Dynamic:	0	

Frame:	257
1.	6.52213e-004	0.	0.	
-6.52213e-004	1.	0.	0.	
0.	0.	1.	0.	
5.31721e-003	0.371921	0.	1.	
Dynamic:	0	

Frame:	258
1.	6.30497e-004	0.	0.	
-6.30497e-004	1.	0.	0.	
0.	0.	1.	0.	
3.98978e-003	0.371816	0.	1.	
Dynamic:	0	

Frame:	259
1.	6.09504e-004	0.	0.	
-6.09504e-004	1.	0.	0.	
0.	0.	1.	0.	
2.6988e-003	0.371713	0.	1.	
Dynamic:	0	

Frame:	260
1.	5.8921e-004	0.	0.	
-5.8921e-004	1.	0.	0.	
0.	0.	1.	0.	
1.44332e-003	0.371612	0.	1.	
Dynamic:	0	

Frame:	261
1.	6.53188e-004	0.	0.	
-6.53188e-004	1.	0.	0.	
0.	0.	1.	0.	
5.4249e-003	0.371931	0.	1.	
Dynamic:	0	

Frame:	262
1.	6.31317e-004	0.	0.	
-6.31317e-004	1.	0.	0.	
0.	0.	1.	0.	
4.05574e-003	0.371821	0.	1.	
Dynamic:	0	

Frame:	263
1.	6.10179e-004	0.	0.	
-6.10179e-004	1.	0.	0.	
0.	0.	1.	0.	
2.72462e-003	0.371714	0.	1.	
Dynamic:	0	

Frame:	264
1.	5.89748e-004	0.	0.	
-5.89748e-004	1.	0.	0.	
0.	0.	1.	0.	
1.43054e-003	0.37161	0.	1.	
Dynamic:	0	

Frame:	265
1.	6.54106e-004	0.	0.	
-6.54106e-004	1.	0.	0.	
0.	0.	1.	0.	
5.53072e-003	0.37194	0.	1.	
Dynamic:	0	

Frame:	266
1.	6.32082e-004	0.	0.	
-6.32082e-004	1.	0.	0.	
0.	0.	1.	0.	
4.11944e-003	0.371826	0.	1.	
Dynamic:	0	

Frame:	267
1.	6.10799e-004	0.	0.	
-6.10799e-004	1.	0.	0.	
0.	0.	1.	0.	
2.74783e-003	0.371716	0.	1.	
Dynamic:	0	

Frame:	268
1.	5.90232e-004	0.	0.	
-5.90232e-004	1.	0.	0.	
0.	0.	1.	0.	
1.41483e-003	0.371608	0.	1.	
Dynamic:	0	

Frame:	269
1.	6.55009e-004	0.	0.	
-6.55009e-004	1.	0.	0.	
0.	0.	1.	0.	
5.63719e-003	0.37195	0.	1.	
Dynamic:	0	

Frame:	270
1.	6.3283e-004	0.	0.	
-6.3283e-004	1.	0.	0.	
0.	0.	1.	0.	
4.18333e-003	0.371832	0.	1.	
Dynamic:	0	

Frame:	271
1.	6.11402e-004	0.	0.	
-6.11402e-004	1.	0.	0.	
0.	0.	1.	0.	
2.7708e-003	0.371717	0.	1.	
Dynamic:	0	

Frame:	272
1.	6.75945e-004	0.	0.	
-6.75945e-004	1.	0.	0.	
0.	0.	1.	0.	
7.04918e-003	0.372065	0.	1.	
Dynamic:	0	

Frame:	273
1.	6.52928e-004	0.	0.	
-6.52928e-004	1.	0.	0.	
0.	0.	1.	0.	
5.51499e-003	0.37194	0.	1.	
Dynamic:	0	

Frame:	274
1.	6.30695e-004	0.	0.	
-6.30695e-004	1.	0.	0.	
0.	0.	1.	0.	
4.02485e-003	0.371819	0.	1.	
Dynamic:	0	

Frame:	275
1.	6.0922e-004	0.	0.	
-6.0922e-004	1.	0.	0.	
0.	0.	1.	0.	
2.57753e-003	0.371701	0.	1.	
Dynamic:	0	

Frame:	276
1.	6.74218e-004	0.	0.	
-6.74218e-004	1.	0.	0.	
0.	0.	1.	0.	
6.98191e-003	0.37206	0.	1.	
Dynamic:	0	

Frame:	277
1.	6.51132e-004	0.	0.	
-6.51132e-004	1.	0.	0.	
0.	0.	1.	0.	
5.40905e-003	0.371932	0.	1.	
Dynamic:	0	

Frame:	278
1.	6.28836e-004	0.	0.	
-6.28836e-004	1.	0.	0.	
0.	0.	1.	0.	
3.88182e-003	0.371807	0.	1.	
Dynamic:	0	

Frame:	279
1.	6.07303e-004	0.	0.	
-6.07303e-004	1.	0.	0.	
0.	0.	1.	0.	
2.39897e-003	0.371685	0.	1.	
Dynamic:	0	

Frame:	280
1.	6.72771e-004	0.	0.	
-6.72771e-004	1.	0.	0.	
0.	0.	1.	0.	
6.93155e-003	0.372057	0.	1.	
Dynamic:	0	

Frame:	281
1.	6.49605e-004	0.	0.	
-6.49605e-004	1.	0.	0.	
0.	0.	1.	0.	
5.31915e-003	0.371925	0.	1.	
Dynamic:	0	

Frame:	282
1.	6.27237e-004	0.	0.	
-6.27237e-004	1.	0.	0.	
0.	0.	1.	0.	
3.75403e-003	0.371796	0.	1.	
Dynamic:	0	

Frame:	283
1.	6.05639e-004	0.	0.	
-6.05639e-004	1.	0.	0.	
0.	0.	1.	0.	
2.23485e-003	0.37167	0.	1.	
Dynamic:	0	

Frame:	284
1.	6.71518e-004	0.	0.	
-6.71518e-004	1.	0.	0.	
0.	0.	1.	0.	
6.89302e-003	0.372056	0.	1.	
Dynamic:	0	

Frame:	285
1.	6.48267e-004	0.	0.	
-6.48267e-004	1.	0.	0.	
0.	0.	1.	0.	
5.24039e-003	0.371919	0.	1.	
Dynamic:	0	

Frame:	286
1.	6.2582e-004	0.	0.	
-6.2582e-004	1.	0.	0.	
0.	0.	1.	0.	
3.63671e-003	0.371785	0.	1.	
Dynamic:	0	

Frame:	287
1.	6.9151e-004	0.	0.	
-6.9151e-004	1.	0.	0.	
0.	0.	1.	0.	
8.35398e-003	0.372178	0.	1.	
Dynamic:	0	

Frame:	288
1.	6.67432e-004	0.	0.	
-6.67432e-004	1.	0.	0.	
0.	0.	1.	0.	
6.61607e-003	0.372033	0.	1.	
Dynamic:	0	

Frame:	289
1.	6.44192e-004	0.	0.	
-6.44192e-004	1.	0.	0.	
0.	0.	1.	0.	
4.93011e-003	0.371892	0.	1.	
Dynamic:	0	

Frame:	290
1.	6.21762e-004	0.	0.	
-6.21762e-004	1.	0.	0.	
0.	0.	1.	0.	
3.29459e-003	0.371755	0.	1.	
Dynamic:	0	

Frame:	291
1.	6.87848e-004	0.	0.	
-6.87848e-004	1.	0.	0.	
0.	0.	1.	0.	
8.13757e-003	0.372161	0.	1.	
Dynamic:	0	

Frame:	292
1.	6.63764e-004	0.	0.	
-6.63764e-004	1.	0.	0.	
0.	0.	1.	0.	
6.36378e-003	0.372012	0.	1.	
Dynamic:	0	

Frame:	293
1.	6.40523e-004	0.	0.	
-6.40523e-004	1.	0.	0.	
0.	0.	1.	0.	
4.64353e-003	0.371868	0.	1.	
Dynamic:	0	

Frame:	294
1.	6.18097e-004	0.	0.	
-6.18097e-004	1.	0.	0.	
0.	0.	1.	0.	
2.97526e-003	0.371727	0.	1.	
Dynamic:	0	

Frame:	295
1.	6.84787e-004	0.	0.	
-6.84787e-004	1.	0.	0.	
0.	0.	1.	0.	
7.96069e-003	0.372148	0.	1.	
Dynamic:	0	

Frame:	296
1.	6.60677e-004	0.	0.	
-6.60677e-004	1.	0.	0.	
0.	0.	1.	0.	
6.14948e-003	0.371995	0.	1.	
Dynamic:	0	

Frame:	297
1.	6.37416e-004	0.	0.	
-6.37416e-004	1.	0.	0.	
0.	0.	1.	0.	
4.39348e-003	0.371846	0.	1.	
Dynamic:	0	

Frame:	298
1.	7.04795e-004	0.	0.	
-7.04795e-004	1.	0.	0.	
0.	0.	1.	0.	
9.50475e-003	0.37228	0.	1.	
Dynamic:	0	

Frame:	299
1.	6.78784e-004	0.	0.	
-6.78784e-004	1.	0.	0.	
0.	0.	1.	0.	
7.52202e-003	0.372111	0.	1.	
Dynamic:	0	

Frame:	300
1.	6.54752e-004	0.	0.	
-6.54752e-004	1.	0.	0.	
0.	0.	1.	0.	
5.68136e-003	0.371954	0.	1.	
Dynamic:	0	

Frame:	301
1.	6.31571e-004	0.	0.	
-6.31571e-004	1.	0.	0.	
0.	0.	1.	0.	
3.89734e-003	0.371802	0.	1.	
Dynamic:	0	

Frame:	302
1.	6.98464e-004	0.	0.	
-6.98464e-004	1.	0.	0.	
0.	0.	1.	0.	
9.07009e-003	0.372245	0.	1.	
Dynamic:	0	

Frame:	303
1.	6.73599e-004	0.	0.	
-6.73599e-004	1.	0.	0.	
0.	0.	1.	0.	
7.13813e-003	0.372079	0.	1.	
Dynamic:	0	

Frame:	304
1.	6.49619e-004	0.	0.	
-6.49619e-004	1.	0.	0.	
0.	0.	1.	0.	
5.26613e-003	0.371918	0.	1.	
Dynamic:	0	

Frame:	305
1.	7.1799e-004	0.	0.	
-7.1799e-004	1.	0.	0.	
0.	0.	1.	0.	
1.06286e-002	0.372381	0.	1.	
Dynamic:	0	

Frame:	306
1.	6.9059e-004	0.	0.	
-6.9059e-004	1.	0.	0.	
0.	0.	1.	0.	
8.46948e-003	0.372194	0.	1.	
Dynamic:	0	

Frame:	307
1.	6.65868e-004	0.	0.	
-6.65868e-004	1.	0.	0.	
0.	0.	1.	0.	
6.51238e-003	0.372024	0.	1.	
Dynamic:	0	

Frame:	308
1.	6.42032e-004	0.	0.	
-6.42032e-004	1.	0.	0.	
0.	0.	1.	0.	
4.61657e-003	0.37186	0.	1.	
Dynamic:	0	

Frame:	309
1.	7.09284e-004	0.	0.	
-7.09284e-004	1.	0.	0.	
0.	0.	1.	0.	
9.99009e-003	0.372327	0.	1.	
Dynamic:	0	

Frame:	310
1.	6.83753e-004	0.	0.	
-6.83753e-004	1.	0.	0.	
0.	0.	1.	0.	
7.94075e-003	0.372149	0.	1.	
Dynamic:	0	

Frame:	311
1.	6.59141e-004	0.	0.	
-6.59141e-004	1.	0.	0.	
0.	0.	1.	0.	
5.95613e-003	0.371975	0.	1.	
Dynamic:	0	

Frame:	312
1.	6.35414e-004	0.	0.	
-6.35414e-004	1.	0.	0.	
0.	0.	1.	0.	
4.03423e-003	0.371807	0.	1.	
Dynamic:	0	

Frame:	313
1.	7.03088e-004	0.	0.	
-7.03088e-004	1.	0.	0.	
0.	0.	1.	0.	
9.54088e-003	0.37229	0.	1.	
Dynamic:	0	

Frame:	314
1.	6.7764e-004	0.	0.	
-6.7764e-004	1.	0.	0.	
0.	0.	1.	0.	
7.46083e-003	0.372107	0.	1.	
Dynamic:	0	

Frame:	315
1.	6.53114e-004	0.	0.	
-6.53114e-004	1.	0.	0.	
0.	0.	1.	0.	
5.44706e-003	0.37193	0.	1.	
Dynamic:	0	

Frame:	316
1.	7.2059e-004	0.	0.	
-7.2059e-004	1.	0.	0.	
0.	0.	1.	0.	
1.1012e-002	0.372421	0.	1.	
Dynamic:	0	

Frame:	317
1.	6.94365e-004	0.	0.	
-6.94365e-004	1.	0.	0.	
0.	0.	1.	0.	
8.83951e-003	0.372229	0.	1.	
Dynamic:	0	

Frame:	318
1.	6.69094e-004	0.	0.	
-6.69094e-004	1.	0.	0.	
0.	0.	1.	0.	
6.73683e-003	0.372042	0.	1.	
Dynamic:	0	

Frame:	319
1.	6.44743e-004	0.	0.	
-6.44743e-004	1.	0.	0.	
0.	0.	1.	0.	
4.70173e-003	0.371862	0.	1.	
Dynamic:	0	

Frame:	320
1.	7.12822e-004	0.	0.	
-7.12822e-004	1.	0.	0.	
0.	0.	1.	0.	
1.04163e-002	0.372371	0.	1.	
Dynamic:	0	

Frame:	321
1.	6.86737e-004	0.	0.	
-6.86737e-004	1.	0.	0.	
0.	0.	1.	0.	
8.21713e-003	0.372174	0.	1.	
Dynamic:	0	

Frame:	322
1.	6.61606e-004	0.	0.	
-6.61606e-004	1.	0.	0.	
0.	0.	1.	0.	
6.08921e-003	0.371984	0.	1.	
Dynamic:	0	

Frame:	323
1.	7.29263e-004	0.	0.	
-7.29263e-004	1.	0.	0.	
0.	0.	1.	0.	
1.18428e-002	0.3725	0.	1.	
Dynamic:	0	

Frame:	324
1.	7.0243e-004	0.	0.	
-7.0243e-004	1.	0.	0.	
0.	0.	1.	0.	
9.55104e-003	0.372294	0.	1.	
Dynamic:	0	

Frame:	325
1.	6.76584e-004	0.	0.	
-6.76584e-004	1.	0.	0.	
0.	0.	1.	0.	
7.3341e-003	0.372094	0.	1.	
Dynamic:	0	

Frame:	326
1.	6.51689e-004	0.	0.	
-6.51689e-004	1.	0.	0.	
0.	0.	1.	0.	
5.1896e-003	0.3719	0.	1.	
Dynamic:	0	

Frame:	327
1.	7.20098e-004	0.	0.	
-7.20098e-004	1.	0.	0.	
0.	0.	1.	0.	
1.11076e-002	0.372436	0.	1.	
Dynamic:	0	

Frame:	328
1.	6.93457e-004	0.	0.	
-6.93457e-004	1.	0.	0.	
0.	0.	1.	0.	
8.79314e-003	0.372226	0.	1.	
Dynamic:	0	

Frame:	329
1.	6.67801e-004	0.	0.	
-6.67801e-004	1.	0.	0.	
0.	0.	1.	0.	
6.55488e-003	0.372023	0.	1.	
Dynamic:	0	

Frame:	330
1.	7.35878e-004	0.	0.	
-7.35878e-004	1.	0.	0.	
0.	0.	1.	0.	
1.2519e-002	0.372567	0.	1.	
Dynamic:	0	

Frame:	331
1.	7.08504e-004	0.	0.	
-7.08504e-004	1.	0.	0.	
0.	0.	1.	0.	
1.01108e-002	0.372346	0.	1.	
Dynamic:	0	

Frame:	332
1.	6.82148e-004	0.	0.	
-6.82148e-004	1.	0.	0.	
0.	0.	1.	0.	
7.78243e-003	0.372133	0.	1.	
Dynamic:	0	

Frame:	333
1.	7.52664e-004	0.	0.	
-7.52664e-004	1.	0.	0.	
0.	0.	1.	0.	
1.40379e-002	0.372708	0.	1.	
Dynamic:	0	

Frame:	334
1.	7.21805e-004	0.	0.	
-7.21805e-004	1.	0.	0.	
0.	0.	1.	0.	
1.1289e-002	0.372455	0.	1.	
Dynamic:	0	

Frame:	335
1.	6.94808e-004	0.	0.	
-6.94808e-004	1.	0.	0.	
0.	0.	1.	0.	
8.87435e-003	0.372232	0.	1.	
Dynamic:	0	

Frame:	336
1.	6.6882e-004	0.	0.	
-6.6882e-004	1.	0.	0.	
0.	0.	1.	0.	
6.54045e-003	0.372016	0.	1.	
Dynamic:	0	

Frame:	337
1.	7.37322e-004	0.	0.	
-7.37322e-004	1.	0.	0.	
0.	0.	1.	0.	
1.27176e-002	0.372589	0.	1.	
Dynamic:	0	

Frame:	338
1.	7.09594e-004	0.	0.	
-7.09594e-004	1.	0.	0.	
0.	0.	1.	0.	
1.02071e-002	0.372355	0.	1.	
Dynamic:	0	

Frame:	339
1.	6.82909e-004	0.	0.	
-6.82909e-004	1.	0.	0.	
0.	0.	1.	0.	
7.78121e-003	0.372129	0.	1.	
Dynamic:	0	

Frame:	340
1.	7.53178e-004	0.	0.	
-7.53178e-004	1.	0.	0.	
0.	0.	1.	0.	
1.41949e-002	0.372728	0.	1.	
Dynamic:	0	

Frame:	341
1.	7.22693e-004	0.	0.	
-7.22693e-004	1.	0.	0.	
0.	0.	1.	0.	
1.14013e-002	0.372467	0.	1.	
Dynamic:	0	

Frame:	342
1.	6.95367e-004	0.	0.	
-6.95367e-004	1.	0.	0.	
0.	0.	1.	0.	
8.88714e-003	0.372231	0.	1.	
Dynamic:	0	

Frame:	343
1.	6.69075e-004	0.	0.	
-6.69075e-004	1.	0.	0.	
0.	0.	1.	0.	
6.45844e-003	0.372002	0.	1.	
Dynamic:	0	

Frame:	344
1.	7.37944e-004	0.	0.	
-7.37944e-004	1.	0.	0.	
0.	0.	1.	0.	
1.28453e-002	0.372605	0.	1.	
Dynamic:	0	

Frame:	345
1.	7.09891e-004	0.	0.	
-7.09891e-004	1.	0.	0.	
0.	0.	1.	0.	
1.02334e-002	0.372358	0.	1.	
Dynamic:	0	

Frame:	346
1.	6.82904e-004	0.	0.	
-6.82904e-004	1.	0.	0.	
0.	0.	1.	0.	
7.71088e-003	0.372119	0.	1.	
Dynamic:	0	

Frame:	347
1.	7.51523e-004	0.	0.	
-7.51523e-004	1.	0.	0.	
0.	0.	1.	0.	
1.41499e-002	0.37273	0.	1.	
Dynamic:	0	

Frame:	348
1.	7.22798e-004	0.	0.	
-7.22798e-004	1.	0.	0.	
0.	0.	1.	0.	
1.1444e-002	0.372473	0.	1.	
Dynamic:	0	

Frame:	349
1.	6.95172e-004	0.	0.	
-6.95172e-004	1.	0.	0.	
0.	0.	1.	0.	
8.83134e-003	0.372223	0.	1.	
Dynamic:	0	

Frame:	350
1.	7.66199e-004	0.	0.	
-7.66199e-004	1.	0.	0.	
0.	0.	1.	0.	
1.55743e-002	0.372869	0.	1.	
Dynamic:	0	

Frame:	351
1.	7.34071e-004	0.	0.	
-7.34071e-004	1.	0.	0.	
0.	0.	1.	0.	
1.25125e-002	0.372575	0.	1.	
Dynamic:	0	

Frame:	352
1.	7.05862e-004	0.	0.	
-7.05862e-004	1.	0.	0.	
0.	0.	1.	0.	
9.81384e-003	0.372315	0.	1.	
Dynamic:	0	

Frame:	353
1.	6.78737e-004	0.	0.	
-6.78737e-004	1.	0.	0.	
0.	0.	1.	0.	
7.20895e-003	0.372064	0.	1.	
Dynamic:	0	

Frame:	354
1.	7.47853e-004	0.	0.	
-7.47853e-004	1.	0.	0.	
0.	0.	1.	0.	
1.38716e-002	0.372708	0.	1.	
Dynamic:	0	

Frame:	355
1.	7.18959e-004	0.	0.	
-7.18959e-004	1.	0.	0.	
0.	0.	1.	0.	
1.10757e-002	0.372437	0.	1.	
Dynamic:	0	

Frame:	356
1.	6.91182e-004	0.	0.	
-6.91182e-004	1.	0.	0.	
0.	0.	1.	0.	
8.37772e-003	0.372175	0.	1.	
Dynamic:	0	

Frame:	357
1.	7.59955e-004	0.	0.	
-7.59955e-004	1.	0.	0.	
0.	0.	1.	0.	
1.50827e-002	0.372828	0.	1.	
Dynamic:	0	

Frame:	358
1.	7.30436e-004	0.	0.	
-7.30436e-004	1.	0.	0.	
0.	0.	1.	0.	
1.2194e-002	0.372546	0.	1.	
Dynamic:	0	

Frame:	359
1.	7.02063e-004	0.	0.	
-7.02063e-004	1.	0.	0.	
0.	0.	1.	0.	
9.40706e-003	0.372273	0.	1.	
Dynamic:	0	

Frame:	360
1.	7.70566e-004	0.	0.	
-7.70566e-004	1.	0.	0.	
0.	0.	1.	0.	
1.61609e-002	0.372936	0.	1.	
Dynamic:	0	

Frame:	361
1.	7.40475e-004	0.	0.	
-7.40475e-004	1.	0.	0.	
0.	0.	1.	0.	
1.31831e-002	0.372643	0.	1.	
Dynamic:	0	

Frame:	362
1.	7.11558e-004	0.	0.	
-7.11558e-004	1.	0.	0.	
0.	0.	1.	0.	
1.0311e-002	0.37236	0.	1.	
Dynamic:	0	

Frame:	363
1.	6.83771e-004	0.	0.	
-6.83771e-004	1.	0.	0.	
0.	0.	1.	0.	
7.54095e-003	0.372086	0.	1.	
Dynamic:	0	

Frame:	364
1.	7.53036e-004	0.	0.	
-7.53036e-004	1.	0.	0.	
0.	0.	1.	0.	
1.44713e-002	0.372773	0.	1.	
Dynamic:	0	

Frame:	365
1.	7.23472e-004	0.	0.	
-7.23472e-004	1.	0.	0.	
0.	0.	1.	0.	
1.15024e-002	0.372478	0.	1.	
Dynamic:	0	

Frame:	366
1.	6.95068e-004	0.	0.	
-6.95068e-004	1.	0.	0.	
0.	0.	1.	0.	
8.63975e-003	0.372193	0.	1.	
Dynamic:	0	

Frame:	367
1.	7.6401e-004	0.	0.	
-7.6401e-004	1.	0.	0.	
0.	0.	1.	0.	
1.56132e-002	0.372889	0.	1.	
Dynamic:	0	

Frame:	368
1.	7.33855e-004	0.	0.	
-7.33855e-004	1.	0.	0.	
0.	0.	1.	0.	
1.2552e-002	0.372582	0.	1.	
Dynamic:	0	

Frame:	369
1.	7.04889e-004	0.	0.	
-7.04889e-004	1.	0.	0.	
0.	0.	1.	0.	
9.601e-003	0.372286	0.	1.	
Dynamic:	0	

Frame:	370
1.	7.73475e-004	0.	0.	
-7.73475e-004	1.	0.	0.	
0.	0.	1.	0.	
1.66136e-002	0.372992	0.	1.	
Dynamic:	0	

Frame:	371
1.	7.42783e-004	0.	0.	
-7.42783e-004	1.	0.	0.	
0.	0.	1.	0.	
1.34643e-002	0.372674	0.	1.	
Dynamic:	0	

Frame:	372
1.	7.13309e-004	0.	0.	
-7.13309e-004	1.	0.	0.	
0.	0.	1.	0.	
1.04292e-002	0.372367	0.	1.	
Dynamic:	0	

Frame:	373
1.	7.69603e-004	0.	0.	
-7.69603e-004	1.	0.	0.	
0.	0.	1.	0.	
1.72379e-002	0.367267	0.	1.	
Dynamic:	0	

Frame:	374
1.	7.1591e-004	0.	0.	
-7.1591e-004	1.	0.	0.	
0.	0.	1.	0.	
1.36644e-002	0.3553	0.	1.	
Dynamic:	0	

Frame:	375
1.	6.6611e-004	0.	0.	
-6.6611e-004	1.	0.	0.	
0.	0.	1.	0.	
1.04843e-002	0.343372	0.	1.	
Dynamic:	0	

Frame:	376
1.	6.26017e-004	0.	0.	
-6.26017e-004	1.	0.	0.	
0.	0.	1.	0.	
8.30752e-003	0.331546	0.	1.	
Dynamic:	0	

Frame:	377
1.	6.71797e-004	0.	0.	
-6.71797e-004	1.	0.	0.	
0.	0.	1.	0.	
1.41115e-002	0.326338	0.	1.	
Dynamic:	0	

Frame:	378
1.	6.30861e-004	0.	0.	
-6.30861e-004	1.	0.	0.	
0.	0.	1.	0.	
1.13284e-002	0.31735	0.	1.	
Dynamic:	0	

Frame:	379
1.	6.03727e-004	0.	0.	
-6.03727e-004	1.	0.	0.	
0.	0.	1.	0.	
8.97646e-003	0.314208	0.	1.	
Dynamic:	0	

Frame:	380
1.	6.65309e-004	0.	0.	
-6.65309e-004	1.	0.	0.	
0.	0.	1.	0.	
1.54859e-002	0.314878	0.	1.	
Dynamic:	0	

Frame:	381
1.	6.42678e-004	0.	0.	
-6.42678e-004	1.	0.	0.	
0.	0.	1.	0.	
1.30868e-002	0.31463	0.	1.	
Dynamic:	0	

Frame:	382
1.	6.20817e-004	0.	0.	
-6.20817e-004	1.	0.	0.	
0.	0.	1.	0.	
1.07626e-002	0.31439	0.	1.	
Dynamic:	0	

Frame:	383
1.	5.997e-004	0.	0.	
-5.997e-004	1.	0.	0.	
0.	0.	1.	0.	
8.5109e-003	0.314157	0.	1.	
Dynamic:	0	

Frame:	384
1.	6.6129e-004	0.	0.	
-6.6129e-004	1.	0.	0.	
0.	0.	1.	0.	
1.5097e-002	0.314841	0.	1.	
Dynamic:	0	

Frame:	385
1.	6.38677e-004	0.	0.	
-6.38677e-004	1.	0.	0.	
0.	0.	1.	0.	
1.2672e-002	0.314588	0.	1.	
Dynamic:	0	

Frame:	386
1.	6.16838e-004	0.	0.	
-6.16838e-004	1.	0.	0.	
0.	0.	1.	0.	
1.03232e-002	0.314343	0.	1.	
Dynamic:	0	

Frame:	387
1.	5.89843e-004	0.	0.	
-5.89843e-004	1.	0.	0.	
0.	0.	1.	0.	
8.45586e-003	0.308347	0.	1.	
Dynamic:	0	

Frame:	388
1.	6.45434e-004	0.	0.	
-6.45434e-004	1.	0.	0.	
0.	0.	1.	0.	
1.44688e-002	0.308976	0.	1.	
Dynamic:	0	

Frame:	389
1.	6.17775e-004	0.	0.	
-6.17775e-004	1.	0.	0.	
0.	0.	1.	0.	
1.19944e-002	0.305816	0.	1.	
Dynamic:	0	

Frame:	390
1.	5.85755e-004	0.	0.	
-5.85755e-004	1.	0.	0.	
0.	0.	1.	0.	
9.56654e-003	0.29976	0.	1.	
Dynamic:	0	

Frame:	391
1.	5.71836e-004	0.	0.	
-5.71836e-004	1.	0.	0.	
0.	0.	1.	0.	
8.04839e-003	0.2996	0.	1.	
Dynamic:	0	

Frame:	392
1.	6.26171e-004	0.	0.	
-6.26171e-004	1.	0.	0.	
0.	0.	1.	0.	
1.39905e-002	0.300227	0.	1.	
Dynamic:	0	

Frame:	393
1.	6.05536e-004	0.	0.	
-6.05536e-004	1.	0.	0.	
0.	0.	1.	0.	
1.17278e-002	0.299988	0.	1.	
Dynamic:	0	

Frame:	394
1.	5.8558e-004	0.	0.	
-5.8558e-004	1.	0.	0.	
0.	0.	1.	0.	
9.53378e-003	0.299755	0.	1.	
Dynamic:	0	

Frame:	395
1.	6.44938e-004	0.	0.	
-6.44938e-004	1.	0.	0.	
0.	0.	1.	0.	
1.60772e-002	0.30045	0.	1.	
Dynamic:	0	

Frame:	396
1.	6.23573e-004	0.	0.	
-6.23573e-004	1.	0.	0.	
0.	0.	1.	0.	
1.37157e-002	0.300199	0.	1.	
Dynamic:	0	

Frame:	397
1.	6.14623e-004	0.	0.	
-6.14623e-004	1.	0.	0.	
0.	0.	1.	0.	
1.16447e-002	0.305779	0.	1.	
Dynamic:	0	

Frame:	398
1.	5.99523e-004	0.	0.	
-5.99523e-004	1.	0.	0.	
0.	0.	1.	0.	
9.42563e-003	0.308442	0.	1.	
Dynamic:	0	

Frame:	399
1.	6.78331e-004	0.	0.	
-6.78331e-004	1.	0.	0.	
0.	0.	1.	0.	
1.65764e-002	0.317909	0.	1.	
Dynamic:	0	

Frame:	400
1.	7.08462e-004	0.	0.	
-7.08462e-004	1.	0.	0.	
0.	0.	1.	0.	
1.50358e-002	0.343847	0.	1.	
Dynamic:	0	

Frame:	401
1.	7.10309e-004	0.	0.	
-7.10309e-004	1.	0.	0.	
0.	0.	1.	0.	
1.25067e-002	0.358076	0.	1.	
Dynamic:	0	

Frame:	402
1.	7.10533e-004	0.	0.	
-7.10533e-004	1.	0.	0.	
0.	0.	1.	0.	
1.0335e-002	0.369443	0.	1.	
Dynamic:	0	

Frame:	403
1.	7.782e-004	0.	0.	
-7.782e-004	1.	0.	0.	
0.	0.	1.	0.	
1.74123e-002	0.373098	0.	1.	
Dynamic:	0	

Frame:	404
1.	7.45829e-004	0.	0.	
-7.45829e-004	1.	0.	0.	
0.	0.	1.	0.	
1.37522e-002	0.3727	0.	1.	
Dynamic:	0	

Frame:	405
1.	7.20366e-004	0.	0.	
-7.20366e-004	1.	0.	0.	
0.	0.	1.	0.	
1.08638e-002	0.372386	0.	1.	
Dynamic:	0	

Frame:	406
1.	7.8241e-004	0.	0.	
-7.8241e-004	1.	0.	0.	
0.	0.	1.	0.	
1.79243e-002	0.373156	0.	1.	
Dynamic:	0	

Frame:	407
1.	7.49696e-004	0.	0.	
-7.49696e-004	1.	0.	0.	
0.	0.	1.	0.	
1.41896e-002	0.372748	0.	1.	
Dynamic:	0	

Frame:	408
1.	7.23443e-004	0.	0.	
-7.23443e-004	1.	0.	0.	
0.	0.	1.	0.	
1.1183e-002	0.372418	0.	1.	
Dynamic:	0	

Frame:	409
1.	7.8559e-004	0.	0.	
-7.8559e-004	1.	0.	0.	
0.	0.	1.	0.	
1.83229e-002	0.373203	0.	1.	
Dynamic:	0	

Frame:	410
1.	7.52572e-004	0.	0.	
-7.52572e-004	1.	0.	0.	
0.	0.	1.	0.	
1.45176e-002	0.372784	0.	1.	
Dynamic:	0	

Frame:	411
1.	7.25803e-004	0.	0.	
-7.25803e-004	1.	0.	0.	
0.	0.	1.	0.	
1.14227e-002	0.372442	0.	1.	
Dynamic:	0	

Frame:	412
1.	7.87988e-004	0.	0.	
-7.87988e-004	1.	0.	0.	
0.	0.	1.	0.	
1.86347e-002	0.373241	0.	1.	
Dynamic:	0	

Frame:	413
1.	7.54699e-004	0.	0.	
-7.54699e-004	1.	0.	0.	
0.	0.	1.	0.	
1.47619e-002	0.372811	0.	1.	
Dynamic:	0	

Frame:	414
1.	7.27431e-004	0.	0.	
-7.27431e-004	1.	0.	0.	
0.	0.	1.	0.	
1.15797e-002	0.372456	0.	1.	
Dynamic:	0	

Frame:	415
1.	7.89593e-004	0.	0.	
-7.89593e-004	1.	0.	0.	
0.	0.	1.	0.	
1.88566e-002	0.373268	0.	1.	
Dynamic:	0	

Frame:	416
1.	7.56065e-004	0.	0.	
-7.56065e-004	1.	0.	0.	
0.	0.	1.	0.	
1.49196e-002	0.372828	0.	1.	
Dynamic:	0	

Frame:	417
1.	7.28409e-004	0.	0.	
-7.28409e-004	1.	0.	0.	
0.	0.	1.	0.	
1.1662e-002	0.372463	0.	1.	
Dynamic:	0	

Frame:	418
1.	7.9049e-004	0.	0.	
-7.9049e-004	1.	0.	0.	
0.	0.	1.	0.	
1.8997e-002	0.373287	0.	1.	
Dynamic:	0	

Frame:	419
1.	7.56752e-004	0.	0.	
-7.56752e-004	1.	0.	0.	
0.	0.	1.	0.	
1.49985e-002	0.372837	0.	1.	
Dynamic:	0	

Frame:	420
1.	7.28935e-004	0.	0.	
-7.28935e-004	1.	0.	0.	
0.	0.	1.	0.	
1.16917e-002	0.372463	0.	1.	
Dynamic:	0	

Frame:	421
1.	7.90893e-004	0.	0.	
-7.90893e-004	1.	0.	0.	
0.	0.	1.	0.	
1.90796e-002	0.3733	0.	1.	
Dynamic:	0	

Frame:	422
1.	7.56966e-004	0.	0.	
-7.56966e-004	1.	0.	0.	
0.	0.	1.	0.	
1.50218e-002	0.372839	0.	1.	
Dynamic:	0	

Frame:	423
1.	7.28365e-004	0.	0.	
-7.28365e-004	1.	0.	0.	
0.	0.	1.	0.	
1.15907e-002	0.372448	0.	1.	
Dynamic:	0	

Frame:	424
1.	7.90112e-004	0.	0.	
-7.90112e-004	1.	0.	0.	
0.	0.	1.	0.	
1.90206e-002	0.373297	0.	1.	
Dynamic:	0	

Frame:	425
1.	7.56046e-004	0.	0.	
-7.56046e-004	1.	0.	0.	
0.	0.	1.	0.	
1.49092e-002	0.372826	0.	1.	
Dynamic:	0	

Frame:	426
1.	7.2787e-004	0.	0.	
-7.2787e-004	1.	0.	0.	
0.	0.	1.	0.	
1.14983e-002	0.372435	0.	1.	
Dynamic:	0	

Frame:	427
1.	7.89406e-004	0.	0.	
-7.89406e-004	1.	0.	0.	
0.	0.	1.	0.	
1.89697e-002	0.373294	0.	1.	
Dynamic:	0	

Frame:	428
1.	7.55489e-004	0.	0.	
-7.55489e-004	1.	0.	0.	
0.	0.	1.	0.	
1.48394e-002	0.372818	0.	1.	
Dynamic:	0	

Frame:	429
1.	7.26316e-004	0.	0.	
-7.26316e-004	1.	0.	0.	
0.	0.	1.	0.	
1.12762e-002	0.372406	0.	1.	
Dynamic:	0	

Frame:	430
1.	7.87555e-004	0.	0.	
-7.87555e-004	1.	0.	0.	
0.	0.	1.	0.	
1.87781e-002	0.373275	0.	1.	
Dynamic:	0	

Frame:	431
1.	7.5396e-004	0.	0.	
-7.5396e-004	1.	0.	0.	
0.	0.	1.	0.	
1.46505e-002	0.372796	0.	1.	
Dynamic:	0	

Frame:	432
1.	7.24699e-004	0.	0.	
-7.24699e-004	1.	0.	0.	
0.	0.	1.	0.	
1.10448e-002	0.372376	0.	1.	
Dynamic:	0	

Frame:	433
1.	7.85637e-004	0.	0.	
-7.85637e-004	1.	0.	0.	
0.	0.	1.	0.	
1.8576e-002	0.373255	0.	1.	
Dynamic:	0	

Frame:	434
1.	7.51716e-004	0.	0.	
-7.51716e-004	1.	0.	0.	
0.	0.	1.	0.	
1.43715e-002	0.372763	0.	1.	
Dynamic:	0	

Frame:	435
1.	7.22396e-004	0.	0.	
-7.22396e-004	1.	0.	0.	
0.	0.	1.	0.	
1.07267e-002	0.372335	0.	1.	
Dynamic:	0	

Frame:	436
1.	7.82975e-004	0.	0.	
-7.82975e-004	1.	0.	0.	
0.	0.	1.	0.	
1.82793e-002	0.373224	0.	1.	
Dynamic:	0	

Frame:	437
1.	7.49269e-004	0.	0.	
-7.49269e-004	1.	0.	0.	
0.	0.	1.	0.	
1.40649e-002	0.372727	0.	1.	
Dynamic:	0	

Frame:	438
1.	7.19899e-004	0.	0.	
-7.19899e-004	1.	0.	0.	
0.	0.	1.	0.	
1.03819e-002	0.372291	0.	1.	
Dynamic:	0	

Frame:	439
1.	7.80103e-004	0.	0.	
-7.80103e-004	1.	0.	0.	
0.	0.	1.	0.	
1.79532e-002	0.373189	0.	1.	
Dynamic:	0	

Frame:	440
1.	7.461e-004	0.	0.	
-7.461e-004	1.	0.	0.	
0.	0.	1.	0.	
1.36647e-002	0.372679	0.	1.	
Dynamic:	0	

Frame:	441
1.	8.08322e-004	0.	0.	
-8.08322e-004	1.	0.	0.	
0.	0.	1.	0.	
2.15346e-002	0.373617	0.	1.	
Dynamic:	0	

Frame:	442
1.	7.70001e-004	0.	0.	
-7.70001e-004	1.	0.	0.	
0.	0.	1.	0.	
1.66739e-002	0.373036	0.	1.	
Dynamic:	0	

Frame:	443
1.	7.39517e-004	0.	0.	
-7.39517e-004	1.	0.	0.	
0.	0.	1.	0.	
1.27961e-002	0.372572	0.	1.	
Dynamic:	0	

Frame:	444
1.	8.01017e-004	0.	0.	
-8.01017e-004	1.	0.	0.	
0.	0.	1.	0.	
2.95076e-002	0.375515	0.	1.	
Dynamic:	0	

Frame:	445
1.	7.63216e-004	0.	0.	
-7.63216e-004	1.	0.	0.	
0.	0.	1.	0.	
2.61475e-002	0.375268	0.	1.	
Dynamic:	0	

Frame:	446
1.	7.32851e-004	0.	0.	
-7.32851e-004	1.	0.	0.	
0.	0.	1.	0.	
2.40263e-002	0.375202	0.	1.	
Dynamic:	0	

Frame:	447
1.	7.93632e-004	0.	0.	
-7.93632e-004	1.	0.	0.	
0.	0.	1.	0.	
3.391e-002	0.376616	0.	1.	
Dynamic:	0	

Frame:	448
1.	7.56341e-004	0.	0.	
-7.56341e-004	1.	0.	0.	
0.	0.	1.	0.	
3.02796e-002	0.376305	0.	1.	
Dynamic:	0	

Frame:	449
1.	7.26101e-004	0.	0.	
-7.26101e-004	1.	0.	0.	
0.	0.	1.	0.	
2.75478e-002	0.376103	0.	1.	
Dynamic:	0	

Frame:	450
1.	7.8114e-004	0.	0.	
-7.8114e-004	1.	0.	0.	
0.	0.	1.	0.	
3.58698e-002	0.377241	0.	1.	
Dynamic:	0	

Frame:	451
1.	7.49756e-004	0.	0.	
-7.49756e-004	1.	0.	0.	
0.	0.	1.	0.	
3.26726e-002	0.37695	0.	1.	
Dynamic:	0	

Frame:	452
1.	7.19633e-004	0.	0.	
-7.19633e-004	1.	0.	0.	
0.	0.	1.	0.	
2.99223e-002	0.376746	0.	1.	
Dynamic:	0	

Frame:	453
1.	7.74357e-004	0.	0.	
-7.74357e-004	1.	0.	0.	
0.	0.	1.	0.	
3.85567e-002	0.377961	0.	1.	
Dynamic:	0	

Frame:	454
1.	7.43093e-004	0.	0.	
-7.43093e-004	1.	0.	0.	
0.	0.	1.	0.	
3.50467e-002	0.377599	0.	1.	
Dynamic:	0	

Frame:	455
1.	7.13092e-004	0.	0.	
-7.13092e-004	1.	0.	0.	
0.	0.	1.	0.	
3.22787e-002	0.377394	0.	1.	
Dynamic:	0	

Frame:	456
1.	7.67468e-004	0.	0.	
-7.67468e-004	1.	0.	0.	
0.	0.	1.	0.	
4.06327e-002	0.378548	0.	1.	
Dynamic:	0	

Frame:	457
1.	7.36332e-004	0.	0.	
-7.36332e-004	1.	0.	0.	
0.	0.	1.	0.	
3.79858e-002	0.378392	0.	1.	
Dynamic:	0	

Frame:	458
1.	7.88987e-004	0.	0.	
-7.88987e-004	1.	0.	0.	
0.	0.	1.	0.	
4.64445e-002	0.379596	0.	1.	
Dynamic:	0	

Frame:	459
1.	7.56822e-004	0.	0.	
-7.56822e-004	1.	0.	0.	
0.	0.	1.	0.	
4.39356e-002	0.379492	0.	1.	
Dynamic:	0	

Frame:	460
1.	7.25969e-004	0.	0.	
-7.25969e-004	1.	0.	0.	
0.	0.	1.	0.	
4.18784e-002	0.379479	0.	1.	
Dynamic:	0	

Frame:	461
1.	7.78857e-004	0.	0.	
-7.78857e-004	1.	0.	0.	
0.	0.	1.	0.	
5.10168e-002	0.38084	0.	1.	
Dynamic:	0	

Frame:	462
1.	7.46952e-004	0.	0.	
-7.46952e-004	1.	0.	0.	
0.	0.	1.	0.	
4.87997e-002	0.38081	0.	1.	
Dynamic:	0	

Frame:	463
1.	7.16354e-004	0.	0.	
-7.16354e-004	1.	0.	0.	
0.	0.	1.	0.	
4.67462e-002	0.380802	0.	1.	
Dynamic:	0	

Frame:	464
1.	7.68336e-004	0.	0.	
-7.68336e-004	1.	0.	0.	
0.	0.	1.	0.	
5.61132e-002	0.382232	0.	1.	
Dynamic:	0	

Frame:	465
1.	7.36711e-004	0.	0.	
-7.36711e-004	1.	0.	0.	
0.	0.	1.	0.	
5.50703e-002	0.382491	0.	1.	
Dynamic:	0	

Frame:	466
1.	7.07363e-004	0.	0.	
-7.07363e-004	1.	0.	0.	
0.	0.	1.	0.	
5.43287e-002	0.382789	0.	1.	
Dynamic:	0	

Frame:	467
1.	7.58608e-004	0.	0.	
-7.58608e-004	1.	0.	0.	
0.	0.	1.	0.	
6.30656e-002	0.384076	0.	1.	
Dynamic:	0	

Frame:	468
1.	7.27234e-004	0.	0.	
-7.27234e-004	1.	0.	0.	
0.	0.	1.	0.	
6.08432e-002	0.384054	0.	1.	
Dynamic:	0	

Frame:	469
1.	7.77757e-004	0.	0.	
-7.77757e-004	1.	0.	0.	
0.	0.	1.	0.	
6.95189e-002	0.385336	0.	1.	
Dynamic:	0	

Frame:	470
1.	7.45437e-004	0.	0.	
-7.45437e-004	1.	0.	0.	
0.	0.	1.	0.	
6.68499e-002	0.385227	0.	1.	
Dynamic:	0	

Frame:	471
1.	7.13179e-004	0.	0.	
-7.13179e-004	1.	0.	0.	
0.	0.	1.	0.	
6.41815e-002	0.38512	0.	1.	
Dynamic:	0	

Frame:	472
1.	7.64548e-004	0.	0.	
-7.64548e-004	1.	0.	0.	
0.	0.	1.	0.	
7.27317e-002	0.386351	0.	1.	
Dynamic:	0	

Frame:	473
1.	7.32626e-004	0.	0.	
-7.32626e-004	1.	0.	0.	
0.	0.	1.	0.	
7.06707e-002	0.386396	0.	1.	
Dynamic:	0	

Frame:	474
1.	7.01436e-004	0.	0.	
-7.01436e-004	1.	0.	0.	
0.	0.	1.	0.	
6.75232e-002	0.386161	0.	1.	
Dynamic:	0	

Frame:	475
1.	7.51812e-004	0.	0.	
-7.51812e-004	1.	0.	0.	
0.	0.	1.	0.	
7.59924e-002	0.387383	0.	1.	
Dynamic:	0	

Frame:	476
1.	7.17504e-004	0.	0.	
-7.17504e-004	1.	0.	0.	
0.	0.	1.	0.	
7.20939e-002	0.387021	0.	1.	
Dynamic:	0	

Frame:	477
1.	6.90352e-004	0.	0.	
-6.90352e-004	1.	0.	0.	
0.	0.	1.	0.	
6.9475e-002	0.386855	0.	1.	
Dynamic:	0	

Frame:	478
1.	7.39786e-004	0.	0.	
-7.39786e-004	1.	0.	0.	
0.	0.	1.	0.	
7.75754e-002	0.387995	0.	1.	
Dynamic:	0	

Frame:	479
1.	7.06169e-004	0.	0.	
-7.06169e-004	1.	0.	0.	
0.	0.	1.	0.	
7.34381e-002	0.387569	0.	1.	
Dynamic:	0	

Frame:	480
1.	7.56588e-004	0.	0.	
-7.56588e-004	1.	0.	0.	
0.	0.	1.	0.	
8.05397e-002	0.388431	0.	1.	
Dynamic:	0	

Frame:	481
1.	7.19887e-004	0.	0.	
-7.19887e-004	1.	0.	0.	
0.	0.	1.	0.	
7.53564e-002	0.387802	0.	1.	
Dynamic:	0	

Frame:	482
1.	6.92389e-004	0.	0.	
-6.92389e-004	1.	0.	0.	
0.	0.	1.	0.	
7.14626e-002	0.38733	0.	1.	
Dynamic:	0	

Frame:	483
1.	7.34728e-004	0.	0.	
-7.34728e-004	1.	0.	0.	
0.	0.	1.	0.	
7.74739e-002	0.388058	0.	1.	
Dynamic:	0	

Frame:	484
1.	7.06533e-004	0.	0.	
-7.06533e-004	1.	0.	0.	
0.	0.	1.	0.	
7.34602e-002	0.387573	0.	1.	
Dynamic:	0	

Frame:	485
1.	6.7942e-004	0.	0.	
-6.7942e-004	1.	0.	0.	
0.	0.	1.	0.	
6.95903e-002	0.387105	0.	1.	
Dynamic:	0	

Frame:	486
1.	7.21263e-004	0.	0.	
-7.21263e-004	1.	0.	0.	
0.	0.	1.	0.	
7.55783e-002	0.387828	0.	1.	
Dynamic:	0	

Frame:	487
1.	6.93457e-004	0.	0.	
-6.93457e-004	1.	0.	0.	
0.	0.	1.	0.	
7.15887e-002	0.387347	0.	1.	
Dynamic:	0	

Frame:	488
1.	7.33822e-004	0.	0.	
-7.33822e-004	1.	0.	0.	
0.	0.	1.	0.	
7.71035e-002	0.38797	0.	1.	
Dynamic:	0	

Frame:	489
1.	7.05402e-004	0.	0.	
-7.05402e-004	1.	0.	0.	
0.	0.	1.	0.	
7.24205e-002	0.387325	0.	1.	
Dynamic:	0	

Frame:	490
1.	6.78082e-004	0.	0.	
-6.78082e-004	1.	0.	0.	
0.	0.	1.	0.	
6.78815e-002	0.386696	0.	1.	
Dynamic:	0	

Frame:	491
1.	7.18369e-004	0.	0.	
-7.18369e-004	1.	0.	0.	
0.	0.	1.	0.	
7.16705e-002	0.386859	0.	1.	
Dynamic:	0	

Frame:	492
1.	6.90419e-004	0.	0.	
-6.90419e-004	1.	0.	0.	
0.	0.	1.	0.	
6.58526e-002	0.385909	0.	1.	
Dynamic:	0	

Frame:	493
1.	7.29129e-004	0.	0.	
-7.29129e-004	1.	0.	0.	
0.	0.	1.	0.	
6.91508e-002	0.385968	0.	1.	
Dynamic:	0	

Frame:	494
1.	7.00631e-004	0.	0.	
-7.00631e-004	1.	0.	0.	
0.	0.	1.	0.	
6.29364e-002	0.384926	0.	1.	
Dynamic:	0	

Frame:	495
1.	6.68991e-004	0.	0.	
-6.68991e-004	1.	0.	0.	
0.	0.	1.	0.	
5.56682e-002	0.383671	0.	1.	
Dynamic:	0	

Frame:	496
1.	7.11316e-004	0.	0.	
-7.11316e-004	1.	0.	0.	
0.	0.	1.	0.	
5.89588e-002	0.383637	0.	1.	
Dynamic:	0	

Frame:	497
1.	6.78068e-004	0.	0.	
-6.78068e-004	1.	0.	0.	
0.	0.	1.	0.	
4.90856e-002	0.381722	0.	1.	
Dynamic:	0	

Frame:	498
1.	6.53812e-004	0.	0.	
-6.53812e-004	1.	0.	0.	
0.	0.	1.	0.	
4.22907e-002	0.380432	0.	1.	
Dynamic:	0	

Frame:	499
1.	6.95055e-004	0.	0.	
-6.95055e-004	1.	0.	0.	
0.	0.	1.	0.	
4.28335e-002	0.379672	0.	1.	
Dynamic:	0	

Frame:	500
1.	6.62548e-004	0.	0.	
-6.62548e-004	1.	0.	0.	
0.	0.	1.	0.	
3.42106e-002	0.378071	0.	1.	
Dynamic:	0	

Frame:	501
1.	7.04214e-004	0.	0.	
-7.04214e-004	1.	0.	0.	
0.	0.	1.	0.	
3.66009e-002	0.377789	0.	1.	
Dynamic:	0	

Frame:	502
1.	6.69438e-004	0.	0.	
-6.69438e-004	1.	0.	0.	
0.	0.	1.	0.	
2.73264e-002	0.376058	0.	1.	
Dynamic:	0	

Frame:	503
1.	6.45276e-004	0.	0.	
-6.45276e-004	1.	0.	0.	
0.	0.	1.	0.	
1.9917e-002	0.374592	0.	1.	
Dynamic:	0	

Frame:	504
1.	6.773e-004	0.	0.	
-6.773e-004	1.	0.	0.	
0.	0.	1.	0.	
2.03283e-002	0.373979	0.	1.	
Dynamic:	0	

Frame:	505
1.	6.52745e-004	0.	0.	
-6.52745e-004	1.	0.	0.	
0.	0.	1.	0.	
1.25527e-002	0.372417	0.	1.	
Dynamic:	0	

Frame:	506
1.	6.83381e-004	0.	0.	
-6.83381e-004	1.	0.	0.	
0.	0.	1.	0.	
1.36575e-002	0.372018	0.	1.	
Dynamic:	0	

Frame:	507
1.	6.58496e-004	0.	0.	
-6.58496e-004	1.	0.	0.	
0.	0.	1.	0.	
1.42857e-003	0.369238	0.	1.	
Dynamic:	0	

Frame:	508
1.	6.29312e-004	0.	0.	
-6.29312e-004	1.	0.	0.	
0.	0.	1.	0.	
-2.98473e-003	0.3687	0.	1.	
Dynamic:	0	

Frame:	509
1.	6.65041e-004	0.	0.	
-6.65041e-004	1.	0.	0.	
0.	0.	1.	0.	
2.43105e-003	0.369363	0.	1.	
Dynamic:	0	

Frame:	510
1.	6.40717e-004	0.	0.	
-6.40717e-004	1.	0.	0.	
0.	0.	1.	0.	
-1.26457e-003	0.368909	0.	1.	
Dynamic:	0	

Frame:	511
1.	6.12361e-004	0.	0.	
-6.12361e-004	1.	0.	0.	
0.	0.	1.	0.	
-5.58312e-003	0.368378	0.	1.	
Dynamic:	0	

Frame:	512
1.	6.47021e-004	0.	0.	
-6.47021e-004	1.	0.	0.	
0.	0.	1.	0.	
-2.92215e-004	0.369031	0.	1.	
Dynamic:	0	

Frame:	513
1.	6.17172e-004	0.	0.	
-6.17172e-004	1.	0.	0.	
0.	0.	1.	0.	
-4.85932e-003	0.368466	0.	1.	
Dynamic:	0	

Frame:	514
1.	6.51999e-004	0.	0.	
-6.51999e-004	1.	0.	0.	
0.	0.	1.	0.	
4.81875e-004	0.369128	0.	1.	
Dynamic:	0	

Frame:	515
1.	6.19929e-004	0.	0.	
-6.19929e-004	1.	0.	0.	
0.	0.	1.	0.	
-4.44799e-003	0.368515	0.	1.	
Dynamic:	0	

Frame:	516
1.	5.98919e-004	0.	0.	
-5.98919e-004	1.	0.	0.	
0.	0.	1.	0.	
-7.68522e-003	0.368111	0.	1.	
Dynamic:	0	

Frame:	517
1.	6.2358e-004	0.	0.	
-6.2358e-004	1.	0.	0.	
0.	0.	1.	0.	
-3.87656e-003	0.368588	0.	1.	
Dynamic:	0	

Frame:	518
1.	6.02355e-004	0.	0.	
-6.02355e-004	1.	0.	0.	
0.	0.	1.	0.	
-7.16202e-003	0.368175	0.	1.	
Dynamic:	0	

Frame:	519
1.	6.26122e-004	0.	0.	
-6.26122e-004	1.	0.	0.	
0.	0.	1.	0.	
-3.47473e-003	0.368639	0.	1.	
Dynamic:	0	

Frame:	520
1.	6.04719e-004	0.	0.	
-6.04719e-004	1.	0.	0.	
0.	0.	1.	0.	
-6.80298e-003	0.368219	0.	1.	
Dynamic:	0	

Frame:	521
1.	5.77048e-004	0.	0.	
-5.77048e-004	1.	0.	0.	
0.	0.	1.	0.	
-1.11157e-002	0.367673	0.	1.	
Dynamic:	0	

Frame:	522
1.	6.06685e-004	0.	0.	
-6.06685e-004	1.	0.	0.	
0.	0.	1.	0.	
-6.48601e-003	0.368261	0.	1.	
Dynamic:	0	

Frame:	523
1.	5.78009e-004	0.	0.	
-5.78009e-004	1.	0.	0.	
0.	0.	1.	0.	
-1.09758e-002	0.367689	0.	1.	
Dynamic:	0	

Frame:	524
1.	6.076e-004	0.	0.	
-6.076e-004	1.	0.	0.	
0.	0.	1.	0.	
-6.33208e-003	0.368282	0.	1.	
Dynamic:	0	

Frame:	525
1.	5.78118e-004	0.	0.	
-5.78118e-004	1.	0.	0.	
0.	0.	1.	0.	
-1.09693e-002	0.367689	0.	1.	
Dynamic:	0	

Frame:	526
1.	5.59683e-004	0.	0.	
-5.59683e-004	1.	0.	0.	
0.	0.	1.	0.	
-1.38754e-002	0.367316	0.	1.	
Dynamic:	0	

Frame:	527
1.	5.77877e-004	0.	0.	
-5.77877e-004	1.	0.	0.	
0.	0.	1.	0.	
-1.10007e-002	0.367686	0.	1.	
Dynamic:	0	

Frame:	528
1.	5.59373e-004	0.	0.	
-5.59373e-004	1.	0.	0.	
0.	0.	1.	0.	
-1.3931e-002	0.367307	0.	1.	
Dynamic:	0	

Frame:	529
1.	5.76467e-004	0.	0.	
-5.76467e-004	1.	0.	0.	
0.	0.	1.	0.	
-1.1218e-002	0.367659	0.	1.	
Dynamic:	0	

Frame:	530
1.	5.48906e-004	0.	0.	
-5.48906e-004	1.	0.	0.	
0.	0.	1.	0.	
-1.5602e-002	0.36709	0.	1.	
Dynamic:	0	

Frame:	531
1.	5.32483e-004	0.	0.	
-5.32483e-004	1.	0.	0.	
0.	0.	1.	0.	
-1.82201e-002	0.366749	0.	1.	
Dynamic:	0	

Frame:	532
1.	5.46858e-004	0.	0.	
-5.46858e-004	1.	0.	0.	
0.	0.	1.	0.	
-1.59234e-002	0.367049	0.	1.	
Dynamic:	0	

Frame:	533
1.	5.30429e-004	0.	0.	
-5.30429e-004	1.	0.	0.	
0.	0.	1.	0.	
-1.85542e-002	0.366704	0.	1.	
Dynamic:	0	

Frame:	534
1.	5.43845e-004	0.	0.	
-5.43845e-004	1.	0.	0.	
0.	0.	1.	0.	
-1.6401e-002	0.366987	0.	1.	
Dynamic:	0	

Frame:	535
1.	5.2744e-004	0.	0.	
-5.2744e-004	1.	0.	0.	
0.	0.	1.	0.	
-1.90397e-002	0.36664	0.	1.	
Dynamic:	0	

Frame:	536
1.	5.39982e-004	0.	0.	
-5.39982e-004	1.	0.	0.	
0.	0.	1.	0.	
-9.16817e-003	0.369205	0.	1.	
Dynamic:	0	

Frame:	537
1.	5.12877e-004	0.	0.	
-5.12877e-004	1.	0.	0.	
0.	0.	1.	0.	
-1.06385e-002	0.369479	0.	1.	
Dynamic:	0	

Frame:	538
1.	4.9835e-004	0.	0.	
-4.9835e-004	1.	0.	0.	
0.	0.	1.	0.	
-9.79746e-003	0.370106	0.	1.	
Dynamic:	0	

Frame:	539
1.	5.08056e-004	0.	0.	
-5.08056e-004	1.	0.	0.	
0.	0.	1.	0.	
-5.31462e-003	0.371171	0.	1.	
Dynamic:	0	

Frame:	540
1.	4.83682e-004	0.	0.	
-4.83682e-004	1.	0.	0.	
0.	0.	1.	0.	
-6.08203e-003	0.371587	0.	1.	
Dynamic:	0	

Frame:	541
1.	5.798e-004	0.	0.	
-5.798e-004	1.	0.	0.	
0.	0.	1.	0.	
1.27769e-002	0.374618	0.	1.	
Dynamic:	0	

Frame:	542
1.	4.75252e-004	0.	0.	
-4.75252e-004	1.	0.	0.	
0.	0.	1.	0.	
-1.68935e-003	0.373113	0.	1.	
Dynamic:	0	

Frame:	543
1.	4.52758e-004	0.	0.	
-4.52758e-004	1.	0.	0.	
0.	0.	1.	0.	
-2.7553e-003	0.373398	0.	1.	
Dynamic:	0	

Frame:	544
1.	4.92274e-004	0.	0.	
-4.92274e-004	1.	0.	0.	
0.	0.	1.	0.	
6.34064e-003	0.375041	0.	1.	
Dynamic:	0	

Frame:	545
1.	4.45763e-004	0.	0.	
-4.45763e-004	1.	0.	0.	
0.	0.	1.	0.	
2.75374e-003	0.375226	0.	1.	
Dynamic:	0	

Frame:	546
1.	6.06952e-004	0.	0.	
-6.06952e-004	1.	0.	0.	
0.	0.	1.	0.	
3.16423e-002	0.37948	0.	1.	
Dynamic:	0	

Frame:	547
1.	4.23935e-004	0.	0.	
-4.23935e-004	1.	0.	0.	
0.	0.	1.	0.	
3.7329e-003	0.376118	0.	1.	
Dynamic:	0	

Frame:	548
1.	6.77762e-004	0.	0.	
-6.77762e-004	1.	0.	0.	
0.	0.	1.	0.	
4.77856e-002	0.38237	0.	1.	
Dynamic:	0	

Frame:	549
1.	4.26731e-004	0.	0.	
-4.26731e-004	1.	0.	0.	
0.	0.	1.	0.	
7.87894e-003	0.377295	0.	1.	
Dynamic:	0	

Frame:	550
1.	3.67987e-004	0.	0.	
-3.67987e-004	1.	0.	0.	
0.	0.	1.	0.	
4.31241e-004	0.37668	0.	1.	
Dynamic:	0	

Frame:	551
1.	5.63489e-004	0.	0.	
-5.63489e-004	1.	0.	0.	
0.	0.	1.	0.	
3.38789e-002	0.381322	0.	1.	
Dynamic:	0	

Frame:	552
1.	3.54783e-004	0.	0.	
-3.54783e-004	1.	0.	0.	
0.	0.	1.	0.	
-1.0839e-004	0.376896	0.	1.	
Dynamic:	0	

Frame:	553
1.	6.44431e-004	0.	0.	
-6.44431e-004	1.	0.	0.	
0.	0.	1.	0.	
4.89578e-002	0.383599	0.	1.	
Dynamic:	0	

Frame:	554
1.	4.05746e-004	0.	0.	
-4.05746e-004	1.	0.	0.	
0.	0.	1.	0.	
8.91643e-003	0.378205	0.	1.	
Dynamic:	0	

Frame:	555
1.	2.55465e-004	0.	0.	
-2.55465e-004	1.	0.	0.	
0.	0.	1.	0.	
-1.63505e-002	0.374805	0.	1.	
Dynamic:	0	

Frame:	556
1.	5.7289e-004	0.	0.	
-5.7289e-004	1.	0.	0.	
0.	0.	1.	0.	
3.71352e-002	0.38201	0.	1.	
Dynamic:	0	

Frame:	557
1.	3.60702e-004	0.	0.	
-3.60702e-004	1.	0.	0.	
0.	0.	1.	0.	
1.30378e-003	0.377179	0.	1.	
Dynamic:	0	

Frame:	558
1.	6.17706e-004	0.	0.	
-6.17706e-004	1.	0.	0.	
0.	0.	1.	0.	
4.47978e-002	0.383046	0.	1.	
Dynamic:	0	

Frame:	559
1.	3.88919e-004	0.	0.	
-3.88919e-004	1.	0.	0.	
0.	0.	1.	0.	
5.99471e-003	0.377809	0.	1.	
Dynamic:	0	

Frame:	560
1.	6.22112e-004	0.	0.	
-6.22112e-004	1.	0.	0.	
0.	0.	1.	0.	
4.56311e-002	0.383161	0.	1.	
Dynamic:	0	

Frame:	561
1.	3.91693e-004	0.	0.	
-3.91693e-004	1.	0.	0.	
0.	0.	1.	0.	
6.38127e-003	0.377858	0.	1.	
Dynamic:	0	

Frame:	562
1.	2.46617e-004	0.	0.	
-2.46617e-004	1.	0.	0.	
0.	0.	1.	0.	
-1.86782e-002	0.374426	0.	1.	
Dynamic:	0	

Frame:	563
1.	5.23931e-004	0.	0.	
-5.23931e-004	1.	0.	0.	
0.	0.	1.	0.	
2.81882e-002	0.380659	0.	1.	
Dynamic:	0	

Frame:	564
1.	3.29877e-004	0.	0.	
-3.29877e-004	1.	0.	0.	
0.	0.	1.	0.	
-5.95195e-003	0.375893	0.	1.	
Dynamic:	0	

Frame:	565
1.	5.55051e-004	0.	0.	
-5.55051e-004	1.	0.	0.	
0.	0.	1.	0.	
3.15789e-002	0.380771	0.	1.	
Dynamic:	0	

Frame:	566
1.	3.49471e-004	0.	0.	
-3.49471e-004	1.	0.	0.	
0.	0.	1.	0.	
-5.26502e-003	0.375532	0.	1.	
Dynamic:	0	

Frame:	567
1.	5.54532e-004	0.	0.	
-5.54532e-004	1.	0.	0.	
0.	0.	1.	0.	
2.80917e-002	0.379701	0.	1.	
Dynamic:	0	

Frame:	568
1.	3.49143e-004	0.	0.	
-3.49143e-004	1.	0.	0.	
0.	0.	1.	0.	
-9.73868e-003	0.374169	0.	1.	
Dynamic:	0	

Frame:	569
1.	5.42292e-004	0.	0.	
-5.42292e-004	1.	0.	0.	
0.	0.	1.	0.	
1.99709e-002	0.377546	0.	1.	
Dynamic:	0	

Frame:	570
1.	3.41437e-004	0.	0.	
-3.41437e-004	1.	0.	0.	
0.	0.	1.	0.	
-1.80907e-002	0.37182	0.	1.	
Dynamic:	0	

Frame:	571
1.	2.14975e-004	0.	0.	
-2.14975e-004	1.	0.	0.	
0.	0.	1.	0.	
-4.29875e-002	0.367932	0.	1.	
Dynamic:	0	

Frame:	572
1.	4.38661e-004	0.	0.	
-4.38661e-004	1.	0.	0.	
0.	0.	1.	0.	
-7.45208e-003	0.372161	0.	1.	
Dynamic:	0	

Frame:	573
1.	2.76189e-004	0.	0.	
-2.76189e-004	1.	0.	0.	
0.	0.	1.	0.	
-4.10501e-002	0.366669	0.	1.	
Dynamic:	0	

Frame:	574
1.	4.58737e-004	0.	0.	
-4.58737e-004	1.	0.	0.	
0.	0.	1.	0.	
-1.2844e-002	0.369862	0.	1.	
Dynamic:	0	

Frame:	575
1.	2.88829e-004	0.	0.	
-2.88829e-004	1.	0.	0.	
0.	0.	1.	0.	
-4.64133e-002	0.36461	0.	1.	
Dynamic:	0	

Frame:	576
1.	4.59488e-004	0.	0.	
-4.59488e-004	1.	0.	0.	
0.	0.	1.	0.	
-1.93019e-002	0.367819	0.	1.	
Dynamic:	0	

Frame:	577
1.	2.89302e-004	0.	0.	
-2.89302e-004	1.	0.	0.	
0.	0.	1.	0.	
-5.96901e-002	0.360442	0.	1.	
Dynamic:	0	

Frame:	578
1.	1.8215e-004	0.	0.	
-1.8215e-004	1.	0.	0.	
0.	0.	1.	0.	
-7.86057e-002	0.35784	0.	1.	
Dynamic:	0	

Frame:	579
1.	3.65562e-004	0.	0.	
-3.65562e-004	1.	0.	0.	
0.	0.	1.	0.	
-4.61634e-002	0.362316	0.	1.	
Dynamic:	0	

Frame:	580
1.	2.30165e-004	0.	0.	
-2.30165e-004	1.	0.	0.	
0.	0.	1.	0.	
-7.01606e-002	0.358996	0.	1.	
Dynamic:	0	

Frame:	581
1.	3.8837e-004	0.	0.	
-3.8837e-004	1.	0.	0.	
0.	0.	1.	0.	
-4.20653e-002	0.362893	0.	1.	
Dynamic:	0	

Frame:	582
1.	2.44525e-004	0.	0.	
-2.44525e-004	1.	0.	0.	
0.	0.	1.	0.	
-6.76612e-002	0.359334	0.	1.	
Dynamic:	0	

Frame:	583
1.	3.75889e-004	0.	0.	
-3.75889e-004	1.	0.	0.	
0.	0.	1.	0.	
-4.42396e-002	0.362599	0.	1.	
Dynamic:	0	

Frame:	584
1.	2.36667e-004	0.	0.	
-2.36667e-004	1.	0.	0.	
0.	0.	1.	0.	
-6.91114e-002	0.359123	0.	1.	
Dynamic:	0	

Frame:	585
1.	3.60752e-004	0.	0.	
-3.60752e-004	1.	0.	0.	
0.	0.	1.	0.	
-4.68999e-002	0.362235	0.	1.	
Dynamic:	0	

Frame:	586
1.	2.27136e-004	0.	0.	
-2.27136e-004	1.	0.	0.	
0.	0.	1.	0.	
-7.08645e-002	0.358869	0.	1.	
Dynamic:	0	

Frame:	587
1.	1.43009e-004	0.	0.	
-1.43009e-004	1.	0.	0.	
0.	0.	1.	0.	
-8.5983e-002	0.356743	0.	1.	
Dynamic:	0	

Frame:	588
1.	2.75791e-004	0.	0.	
-2.75791e-004	1.	0.	0.	
0.	0.	1.	0.	
-6.20739e-002	0.360115	0.	1.	
Dynamic:	0	

Frame:	589
1.	1.73643e-004	0.	0.	
-1.73643e-004	1.	0.	0.	
0.	0.	1.	0.	
-8.0503e-002	0.357509	0.	1.	
Dynamic:	0	

Frame:	590
1.	2.83111e-004	0.	0.	
-2.83111e-004	1.	0.	0.	
0.	0.	1.	0.	
-6.07148e-002	0.360314	0.	1.	
Dynamic:	0	

Frame:	591
1.	1.78252e-004	0.	0.	
-1.78252e-004	1.	0.	0.	
0.	0.	1.	0.	
-7.9707e-002	0.357615	0.	1.	
Dynamic:	0	

Frame:	592
1.	2.66991e-004	0.	0.	
-2.66991e-004	1.	0.	0.	
0.	0.	1.	0.	
-6.36031e-002	0.359909	0.	1.	
Dynamic:	0	

Frame:	593
1.	1.68102e-004	0.	0.	
-1.68102e-004	1.	0.	0.	
0.	0.	1.	0.	
-8.15838e-002	0.357342	0.	1.	
Dynamic:	0	

Frame:	594
1.	2.44092e-004	0.	0.	
-2.44092e-004	1.	0.	0.	
0.	0.	1.	0.	
-6.77398e-002	0.359323	0.	1.	
Dynamic:	0	

Frame:	595
1.	1.53685e-004	0.	0.	
-1.53685e-004	1.	0.	0.	
0.	0.	1.	0.	
-8.42422e-002	0.356956	0.	1.	
Dynamic:	0	

Frame:	596
1.	2.17211e-004	0.	0.	
-2.17211e-004	1.	0.	0.	
0.	0.	1.	0.	
-7.26242e-002	0.358626	0.	1.	
Dynamic:	0	

Frame:	597
1.	1.3676e-004	0.	0.	
-1.3676e-004	1.	0.	0.	
0.	0.	1.	0.	
-9.54154e-002	0.353938	0.	1.	
Dynamic:	0	

Frame:	598
1.	8.61065e-005	0.	0.	
-8.61065e-005	1.	0.	0.	
0.	0.	1.	0.	
-0.106152	0.352137	0.	1.	
Dynamic:	0	

Frame:	599
1.	1.54444e-004	0.	0.	
-1.54444e-004	1.	0.	0.	
0.	0.	1.	0.	
-9.50195e-002	0.353498	0.	1.	
Dynamic:	0	

Frame:	600
1.	9.72405e-005	0.	0.	
-9.72405e-005	1.	0.	0.	
0.	0.	1.	0.	
-0.107286	0.351418	0.	1.	
Dynamic:	0	

Frame:	601
1.	1.45772e-004	0.	0.	
-1.45772e-004	1.	0.	0.	
0.	0.	1.	0.	
-9.97626e-002	0.352264	0.	1.	
Dynamic:	0	

Frame:	602
1.	9.17805e-005	0.	0.	
-9.17805e-005	1.	0.	0.	
0.	0.	1.	0.	
-0.111187	0.350347	0.	1.	
Dynamic:	0	

Frame:	603
1.	1.23684e-004	0.	0.	
-1.23684e-004	1.	0.	0.	
0.	0.	1.	0.	
-0.106712	0.350753	0.	1.	
Dynamic:	0	

Frame:	604
1.	-2.89914e-004	0.	0.	
2.89914e-004	1.	0.	0.	
0.	0.	1.	0.	
-0.185662	0.338289	0.	1.	
Dynamic:	0	

Frame:	605
1.	-3.08471e-004	0.	0.	
3.08471e-004	1.	0.	0.	
0.	0.	1.	0.	
-0.190542	0.337293	0.	1.	
Dynamic:	0	

Frame:	606
1.	3.42944e-004	0.	0.	
-3.42944e-004	1.	0.	0.	
0.	0.	1.	0.	
-7.07283e-002	0.355255	0.	1.	
Dynamic:	0	

Frame:	607
1.	-3.2056e-004	0.	0.	
3.2056e-004	1.	0.	0.	
0.	0.	1.	0.	
-0.195892	0.335935	0.	1.	
Dynamic:	0	

Frame:	608
1.	3.67954e-004	0.	0.	
-3.67954e-004	1.	0.	0.	
0.	0.	1.	0.	
-6.84079e-002	0.355216	0.	1.	
Dynamic:	0	

Frame:	609
1.	-3.21377e-004	0.	0.	
3.21377e-004	1.	0.	0.	
0.	0.	1.	0.	
-0.199157	0.334899	0.	1.	
Dynamic:	0	

Frame:	610
1.	3.56306e-004	0.	0.	
-3.56306e-004	1.	0.	0.	
0.	0.	1.	0.	
-7.35193e-002	0.353975	0.	1.	
Dynamic:	0	

Frame:	611
1.	-3.344e-004	0.	0.	
3.344e-004	1.	0.	0.	
0.	0.	1.	0.	
-0.204707	0.3335	0.	1.	
Dynamic:	0	

Frame:	612
1.	-3.41544e-004	0.	0.	
3.41544e-004	1.	0.	0.	
0.	0.	1.	0.	
-0.207487	0.332828	0.	1.	
Dynamic:	0	

Frame:	613
1.	4.66745e-004	0.	0.	
-4.66745e-004	1.	0.	0.	
0.	0.	1.	0.	
-5.62191e-002	0.356043	0.	1.	
Dynamic:	0	

Frame:	614
1.	-3.58151e-004	0.	0.	
3.58151e-004	1.	0.	0.	
0.	0.	1.	0.	
-0.212621	0.33166	0.	1.	
Dynamic:	0	

Frame:	615
1.	3.94481e-004	0.	0.	
-3.94481e-004	1.	0.	0.	
0.	0.	1.	0.	
-7.07777e-002	0.353712	0.	1.	
Dynamic:	0	

Frame:	616
1.	-3.74347e-004	0.	0.	
3.74347e-004	1.	0.	0.	
0.	0.	1.	0.	
-0.216519	0.330874	0.	1.	
Dynamic:	0	

Frame:	617
1.	-3.66773e-004	0.	0.	
3.66773e-004	1.	0.	0.	
0.	0.	1.	0.	
-0.214795	0.331198	0.	1.	
Dynamic:	0	

Frame:	618
1.	4.03497e-004	0.	0.	
-4.03497e-004	1.	0.	0.	
0.	0.	1.	0.	
-6.76746e-002	0.354473	0.	1.	
Dynamic:	0	

Frame:	619
1.	-3.84042e-004	0.	0.	
3.84042e-004	1.	0.	0.	
0.	0.	1.	0.	
-0.217196	0.330919	0.	1.	
Dynamic:	0	

Frame:	620
1.	-3.93565e-004	0.	0.	
3.93565e-004	1.	0.	0.	
0.	0.	1.	0.	
-0.217287	0.331173	0.	1.	
Dynamic:	0	

Frame:	621
1.	4.55248e-004	0.	0.	
-4.55248e-004	1.	0.	0.	
0.	0.	1.	0.	
-5.23327e-002	0.357792	0.	1.	
Dynamic:	0	

Frame:	622
1.	-4.14315e-004	0.	0.	
4.14315e-004	1.	0.	0.	
0.	0.	1.	0.	
-0.216662	0.331959	0.	1.	
Dynamic:	0	

Frame:	623
1.	-4.16532e-004	0.	0.	
4.16532e-004	1.	0.	0.	
0.	0.	1.	0.	
-0.214212	0.332804	0.	1.	
Dynamic:	0	

Frame:	624
1.	4.56133e-004	0.	0.	
-4.56133e-004	1.	0.	0.	
0.	0.	1.	0.	
-4.32228e-002	0.360706	0.	1.	
Dynamic:	0	

Frame:	625
1.	-4.16532e-004	0.	0.	
4.16532e-004	1.	0.	0.	
0.	0.	1.	0.	
-0.208188	0.334699	0.	1.	
Dynamic:	0	

Frame:	626
1.	-4.28192e-004	0.	0.	
4.28192e-004	1.	0.	0.	
0.	0.	1.	0.	
-0.206697	0.335515	0.	1.	
Dynamic:	0	

Frame:	627
1.	-4.39732e-004	0.	0.	
4.39732e-004	1.	0.	0.	
0.	0.	1.	0.	
-0.20605	0.336058	0.	1.	
Dynamic:	0	

Frame:	628
1.	4.32933e-004	0.	0.	
-4.32933e-004	1.	0.	0.	
0.	0.	1.	0.	
-2.78154e-002	0.366344	0.	1.	
Dynamic:	0	

Frame:	629
1.	-4.39732e-004	0.	0.	
4.39732e-004	1.	0.	0.	
0.	0.	1.	0.	
-0.197153	0.338875	0.	1.	
Dynamic:	0	

Frame:	630
1.	-4.51979e-004	0.	0.	
4.51979e-004	1.	0.	0.	
0.	0.	1.	0.	
-0.199531	0.338479	0.	1.	
Dynamic:	0	

Frame:	631
1.	-4.76351e-004	0.	0.	
4.76351e-004	1.	0.	0.	
0.	0.	1.	0.	
-0.204271	0.337689	0.	1.	
Dynamic:	0	

Frame:	632
1.	3.96314e-004	0.	0.	
-3.96314e-004	1.	0.	0.	
0.	0.	1.	0.	
-3.4028e-002	0.365503	0.	1.	
Dynamic:	0	

Frame:	633
1.	-4.76351e-004	0.	0.	
4.76351e-004	1.	0.	0.	
0.	0.	1.	0.	
-0.204579	0.337592	0.	1.	
Dynamic:	0	

Frame:	634
1.	-4.88262e-004	0.	0.	
4.88262e-004	1.	0.	0.	
0.	0.	1.	0.	
-0.206909	0.337202	0.	1.	
Dynamic:	0	

Frame:	635
1.	-5.13082e-004	0.	0.	
5.13082e-004	1.	0.	0.	
0.	0.	1.	0.	
-0.211772	0.336386	0.	1.	
Dynamic:	0	

Frame:	636
1.	-4.9902e-004	0.	0.	
4.9902e-004	1.	0.	0.	
0.	0.	1.	0.	
-0.209012	0.33685	0.	1.	
Dynamic:	0	

Frame:	637
1.	-5.14549e-004	0.	0.	
5.14549e-004	1.	0.	0.	
0.	0.	1.	0.	
-0.212065	0.336336	0.	1.	
Dynamic:	0	

Frame:	638
1.	3.58115e-004	0.	0.	
-3.58115e-004	1.	0.	0.	
0.	0.	1.	0.	
-3.99924e-002	0.364788	0.	1.	
Dynamic:	0	

Frame:	639
1.	-5.14549e-004	0.	0.	
5.14549e-004	1.	0.	0.	
0.	0.	1.	0.	
-0.212373	0.33624	0.	1.	
Dynamic:	0	

Frame:	640
1.	-5.3477e-004	0.	0.	
5.3477e-004	1.	0.	0.	
0.	0.	1.	0.	
-0.216371	0.335564	0.	1.	
Dynamic:	0	

Frame:	641
1.	-5.52331e-004	0.	0.	
5.52331e-004	1.	0.	0.	
0.	0.	1.	0.	
-0.219849	0.334976	0.	1.	
Dynamic:	0	

Frame:	642
1.	-5.43523e-004	0.	0.	
5.43523e-004	1.	0.	0.	
0.	0.	1.	0.	
-0.218101	0.335272	0.	1.	
Dynamic:	0	

Frame:	643
1.	-5.61319e-004	0.	0.	
5.61319e-004	1.	0.	0.	
0.	0.	1.	0.	
-0.221638	0.334672	0.	1.	
Dynamic:	0	

Frame:	644
1.	3.11345e-004	0.	0.	
-3.11345e-004	1.	0.	0.	
0.	0.	1.	0.	
-4.77387e-002	0.363769	0.	1.	
Dynamic:	0	

Frame:	645
1.	-5.61319e-004	0.	0.	
5.61319e-004	1.	0.	0.	
0.	0.	1.	0.	
-0.221947	0.334576	0.	1.	
Dynamic:	0	

Frame:	646
1.	-5.78479e-004	0.	0.	
5.78479e-004	1.	0.	0.	
0.	0.	1.	0.	
-0.225375	0.333992	0.	1.	
Dynamic:	0	

Frame:	647
1.	-5.9855e-004	0.	0.	
5.9855e-004	1.	0.	0.	
0.	0.	1.	0.	
-0.229393	0.333306	0.	1.	
Dynamic:	0	

Frame:	648
1.	-5.84113e-004	0.	0.	
5.84113e-004	1.	0.	0.	
0.	0.	1.	0.	
-0.226498	0.333801	0.	1.	
Dynamic:	0	

Frame:	649
1.	-5.84186e-004	0.	0.	
5.84186e-004	1.	0.	0.	
0.	0.	1.	0.	
-0.226506	0.3338	0.	1.	
Dynamic:	0	

Frame:	650
1.	2.88479e-004	0.	0.	
-2.88479e-004	1.	0.	0.	
0.	0.	1.	0.	
-5.04574e-002	0.363599	0.	1.	
Dynamic:	0	

Frame:	651
1.	-5.84186e-004	0.	0.	
5.84186e-004	1.	0.	0.	
0.	0.	1.	0.	
-0.226814	0.333706	0.	1.	
Dynamic:	0	

Frame:	652
1.	-6.00454e-004	0.	0.	
6.00454e-004	1.	0.	0.	
0.	0.	1.	0.	
-0.230105	0.333139	0.	1.	
Dynamic:	0	

