Time	FPS	Frame	Crash	RB	RU	LU	LB	OC	Dither	DAngle	swAngle	OX	OY	OZ	HX	HY	HZ	HA	AccumulativeHeading(Y)	Speed	Dynamic
6.70112e-005	14922.9	1	0	1	2	2	1	1	0.	3.16327e-005	0.	0.	0.	0.	0.	1.	0.	0.	0.	0.	0	
0.323815	3.08883	2	0	1	2	2	1	1	1.29742e-006	3.16327e-005	0.	0.	0.	0.	0.	1.	0.	0.	0.	0.	0	
0.349935	38.2841	3	0	1	2	2	1	1	1.29742e-006	3.16327e-005	0.	0.	0.	0.	0.	1.	0.	0.	0.	0.	0	
0.36615	61.6728	4	0	1	2	2	1	1	1.29742e-006	3.16327e-005	0.	0.	0.	0.	0.	1.	0.	0.	0.	0.	0	
0.382164	62.4424	5	0	1	2	2	1	1	1.29742e-006	3.16327e-005	0.	0.	0.	0.	0.	1.	0.	0.	0.	0.	0	
0.39915	58.8747	6	0	1	2	2	1	1	1.29742e-006	3.16327e-005	0.	0.	0.	0.	0.	1.	0.	0.	0.	0.	0	
0.416237	58.5242	7	0	1	2	2	1	1	1.29742e-006	3.16327e-005	0.	0.	0.	0.	0.	1.	0.	0.	0.	0.	0	
0.43316	59.091	8	0	1	2	2	1	1	1.29742e-006	3.16327e-005	0.	0.	0.	0.	0.	1.	0.	0.	0.	0.	0	
0.449174	62.4459	9	0	1	2	2	1	1	1.29742e-006	3.16327e-005	0.	0.	0.	0.	0.	1.	0.	0.	0.	0.	0	
0.465173	62.5025	10	0	1	2	2	1	1	1.29742e-006	3.16327e-005	0.	0.	0.	0.	0.	1.	0.	0.	0.	0.	0	
0.481199	62.3989	11	0	1	2	2	1	1	1.29742e-006	3.16327e-005	0.	0.	0.	0.	0.	1.	0.	0.	0.	0.	0	
0.4982	58.8183	12	0	1	2	2	1	1	1.29742e-006	3.16327e-005	0.	0.	0.	0.	0.	1.	0.	0.	0.	0.	0	
0.515169	58.9323	13	0	1	2	2	1	1	1.29742e-006	3.16327e-005	0.	0.	0.	0.	0.	1.	0.	0.	0.	0.	0	
0.531198	62.3859	14	0	1	2	2	1	1	1.29742e-006	3.16327e-005	0.	0.	0.	0.	0.	1.	0.	0.	0.	0.	0	
0.548205	58.7984	15	0	1	2	2	1	1	1.29742e-006	3.16327e-005	0.	0.	0.	0.	0.	1.	0.	0.	0.	0.	0	
0.565203	58.8318	16	0	1	2	2	1	1	1.29742e-006	3.16327e-005	0.	0.	0.	0.	0.	1.	0.	0.	0.	0.	0	
0.582203	58.8235	17	0	1	2	2	1	1	1.29742e-006	3.16327e-005	0.	0.	0.	0.	0.	1.	0.	0.	0.	0.	0	
0.598202	62.5048	18	0	1	2	2	1	1	1.29742e-006	3.16327e-005	0.	0.	0.	0.	0.	1.	0.	0.	0.	0.	0	
0.614161	62.6585	19	0	1	2	2	1	1	1.29742e-006	3.16327e-005	0.	0.	0.	0.	0.	1.	0.	0.	0.	0.	0	
0.631196	58.7036	20	0	1	2	2	1	1	1.29742e-006	3.16327e-005	0.	0.	0.	0.	0.	1.	0.	0.	0.	0.	0	
0.647205	62.4636	21	0	1	2	2	1	1	1.29742e-006	3.16327e-005	0.	0.	0.	0.	0.	1.	0.	0.	0.	0.	0	
0.663199	62.5237	22	0	1	2	2	1	1	1.29742e-006	3.16327e-005	0.	0.	0.	0.	0.	1.	0.	0.	0.	0.	0	
0.680198	58.8287	23	0	1	2	2	1	1	1.29742e-006	3.16327e-005	0.	0.	0.	0.	0.	1.	0.	0.	0.	0.	0	
0.696201	62.4895	24	0	1	2	2	1	1	1.29742e-006	3.16327e-005	0.	0.	0.	0.	0.	1.	0.	0.	0.	0.	0	
0.712241	62.3413	25	0	1	2	2	1	1	1.29742e-006	3.16327e-005	0.	0.	0.	0.	0.	1.	0.	0.	0.	0.	0	
0.728201	62.6585	26	0	1	2	2	1	1	1.29742e-006	3.16327e-005	0.	0.	0.	0.	0.	1.	0.	0.	0.	0.	0	
0.745204	58.811	27	0	1	2	2	1	1	1.29742e-006	3.16327e-005	0.	0.	0.	0.	0.	1.	0.	0.	0.	0.	0	
0.761204	62.5001	28	0	1	2	2	1	1	1.29742e-006	3.16327e-005	0.	0.	0.	0.	0.	1.	0.	0.	0.	0.	0	
0.778178	58.9145	29	0	1	2	2	1	1	1.29742e-006	3.16327e-005	0.	0.	0.	0.	0.	1.	0.	0.	0.	0.	0	
0.79419	62.4553	30	0	1	2	2	1	1	1.29742e-006	3.16327e-005	0.	0.	0.	0.	0.	1.	0.	0.	0.	0.	0	
0.811182	58.8486	31	0	1	2	2	1	1	1.29742e-006	3.16327e-005	0.	0.	0.	0.	0.	1.	0.	0.	0.	0.	0	
0.827185	62.4895	32	0	1	2	2	1	1	1.29742e-006	3.16327e-005	0.	0.	0.	0.	0.	1.	0.	0.	0.	0.	0	
0.844175	58.8601	33	0	1	2	2	1	1	1.29742e-006	3.16327e-005	0.	0.	0.	0.	0.	1.	0.	0.	0.	0.	0	
0.860205	62.3801	34	0	1	2	2	1	1	1.29742e-006	3.16327e-005	0.	0.	0.	0.	0.	1.	0.	0.	0.	0.	0	
0.877217	58.7849	35	0	1	2	2	1	1	1.29742e-006	3.16327e-005	0.	0.	0.	0.	0.	1.	0.	0.	0.	0.	0	
0.893216	62.5036	36	0	1	2	2	1	1	1.29742e-006	3.16327e-005	0.	0.	0.	0.	0.	1.	0.	0.	0.	0.	0	
0.910201	58.8747	37	0	1	2	2	1	1	1.29742e-006	3.16327e-005	0.	0.	0.	0.	0.	1.	0.	0.	0.	0.	0	
0.926194	62.5284	38	0	1	2	2	1	1	1.29742e-006	3.16327e-005	0.	0.	0.	0.	0.	1.	0.	0.	0.	0.	0	
0.942185	62.5319	39	0	1	2	2	1	1	1.29742e-006	3.16327e-005	0.	0.	0.	0.	0.	1.	0.	0.	0.	0.	0	
0.959192	58.8016	40	0	1	2	2	1	1	1.29742e-006	3.16327e-005	0.	0.	0.	0.	0.	1.	0.	0.	0.	0.	0	
0.975214	62.4141	41	0	1	2	2	1	1	1.29742e-006	3.16327e-005	0.	0.	0.	0.	0.	1.	0.	0.	0.	0.	0	
0.992176	58.9533	42	0	1	2	2	1	1	1.29742e-006	3.16327e-005	0.	0.	0.	0.	0.	1.	0.	0.	0.	0.	0	
1.00817	62.5378	43	0	1	2	2	1	1	1.29742e-006	3.16327e-005	0.	0.	0.	0.	0.	1.	0.	0.	0.	0.	0	
1.02518	58.7797	44	0	1	2	2	1	1	1.29742e-006	3.16327e-005	0.	0.	0.	0.	0.	1.	0.	0.	0.	0.	1	
1.04119	62.4624	45	0	1	2	2	1	1	1.29742e-006	3.16327e-005	0.	0.	0.	0.	0.	1.	0.	0.	0.	0.	1	
1.0582	58.7953	46	0	1	2	2	1	1	1.29742e-006	3.16327e-005	0.	0.	0.	0.	0.	1.	0.	0.	0.	0.	1	
1.07419	62.5225	47	0	1	2	2	1	1	1.29742e-006	3.16327e-005	0.	0.	0.	0.	0.	1.	0.	0.	0.	0.	1	
1.09118	58.8611	48	0	1	2	2	1	1	1.29742e-006	3.16327e-005	0.	0.	0.	0.	0.	1.	0.	0.	0.	0.	1	
1.10719	62.4659	49	0	1	2	2	1	1	1.29742e-006	3.16327e-005	0.	0.	0.	0.	0.	1.	0.	0.	0.	0.	1	
1.12418	58.8705	50	0	1	2	2	1	1	1.29742e-006	3.16327e-005	0.	0.	0.	0.	0.	1.	0.	0.	0.	0.	1	
1.14118	58.7953	51	0	1	2	2	1	1	1.29742e-006	3.16327e-005	0.	0.	0.	0.	0.	1.	0.	0.	0.	0.	1	
1.15719	62.4942	52	0	1	2	2	1	1	1.29742e-006	3.16327e-005	0.	0.	0.	0.	0.	1.	0.	0.	0.	0.	1	
1.17318	62.506	53	0	1	2	2	1	1	1.29742e-006	3.16327e-005	0.	0.	0.	0.	0.	1.	0.	0.	0.	0.	1	
1.19019	58.812	54	0	1	2	2	1	1	1.29742e-006	3.16327e-005	0.	0.	0.	0.	0.	1.	0.	0.	0.	0.	1	
1.2062	62.4471	55	0	1	2	2	1	1	1.29742e-006	3.16327e-005	0.	0.	0.	0.	0.	1.	0.	0.	0.	0.	1	
1.22221	62.473	56	0	1	2	2	1	1	1.29742e-006	3.16327e-005	0.	0.	0.	0.	0.	1.	0.	0.	0.	0.	1	
1.23818	62.591	57	0	1	2	2	1	1	1.29742e-006	3.16327e-005	0.	0.	0.	0.	0.	1.	0.	0.	0.	0.	1	
1.25521	58.7234	58	0	1	2	2	1	1	1.29742e-006	3.16327e-005	0.	0.	0.	0.	0.	1.	0.	0.	0.	0.	1	
1.27219	58.9145	59	0	1	2	2	1	1	1.29742e-006	3.16327e-005	0.	0.	0.	0.	0.	1.	0.	0.	0.	0.	1	
1.28818	62.5201	60	0	1	2	2	1	1	1.29742e-006	3.16327e-005	0.	0.	0.	0.	0.	1.	0.	0.	0.	0.	1	
1.30423	62.3249	61	0	1	2	2	1	1	1.29742e-006	3.16327e-005	0.	0.	0.	0.	0.	1.	0.	0.	0.	0.	1	
1.32121	58.882	62	0	1	2	2	1	1	1.29742e-006	3.16327e-005	0.	0.	0.	0.	0.	1.	0.	0.	0.	0.	1	
1.33819	58.8768	63	0	1	2	2	1	1	1.29742e-006	3.16327e-005	0.	0.	0.	0.	0.	1.	0.	0.	0.	0.	1	
1.35418	62.5579	64	0	1	2	2	1	1	1.29742e-006	3.16327e-005	0.	0.	0.	0.	0.	1.	0.	0.	0.	0.	1	
1.37119	58.7838	65	0	1	2	2	1	1	1.29742e-006	3.16327e-005	0.	0.	0.	0.	0.	1.	0.	0.	0.	0.	1	
1.3882	58.7953	66	0	1	2	2	1	1	1.29742e-006	3.16327e-005	0.	0.	0.	0.	0.	1.	0.	0.	0.	0.	1	
1.40519	58.8465	67	0	1	2	2	1	1	1.29742e-006	3.16327e-005	0.	0.	0.	0.	0.	1.	0.	0.	0.	0.	1	
1.4212	62.46	68	0	1	2	2	1	1	1.29742e-006	3.16327e-005	0.	0.	0.	0.	0.	1.	0.	0.	0.	0.	1	
1.4382	58.8318	69	0	1	2	2	1	1	1.29742e-006	3.16327e-005	0.	0.	0.	0.	0.	1.	0.	0.	0.	0.	1	
1.45418	62.591	70	0	1	2	2	1	1	1.29742e-006	3.16327e-005	0.	0.	0.	0.	0.	1.	0.	0.	0.	0.	1	
1.47119	58.7734	71	0	1	2	2	1	1	1.29742e-006	3.16327e-005	0.	0.	0.	0.	0.	1.	0.	0.	0.	0.	1	
1.48721	62.4365	72	0	1	2	2	1	1	1.29742e-006	3.16327e-005	0.	0.	0.	0.	0.	1.	0.	0.	0.	0.	1	
1.50421	58.8318	73	0	1	2	2	1	1	1.29742e-006	3.16327e-005	0.	0.	0.	0.	0.	1.	0.	0.	0.	0.	1	
1.52121	58.7953	74	0	1	2	2	1	1	1.29742e-006	3.16327e-005	0.	0.	0.	0.	0.	1.	0.	0.	0.	0.	1	
1.5372	62.565	75	0	1	2	2	1	1	1.29742e-006	3.16327e-005	0.	0.	0.	0.	0.	1.	0.	0.	0.	0.	1	
1.55418	58.8747	76	0	1	2	2	1	1	1.29742e-006	3.16327e-005	0.	0.	0.	0.	0.	1.	0.	0.	0.	0.	1	
1.57121	58.7421	77	0	1	2	2	1	1	1.29742e-006	3.16327e-005	0.	0.	0.	0.	0.	1.	0.	0.	0.	0.	1	
1.5872	62.506	78	0	1	2	2	1	1	1.29742e-006	3.16327e-005	0.	0.	0.	0.	0.	1.	0.	0.	0.	0.	1	
1.60419	58.8726	79	0	1	2	2	1	1	1.29742e-006	3.16327e-005	0.	0.	0.	0.	0.	1.	0.	0.	0.	0.	1	
1.62123	58.7026	80	0	1	2	2	1	1	1.29742e-006	3.16327e-005	0.	0.	0.	0.	0.	1.	0.	0.	0.	0.	1	
1.6372	62.5827	81	0	1	2	2	1	1	1.29742e-006	3.16327e-005	0.	0.	0.	0.	0.	1.	0.	0.	0.	0.	1	
1.6532	62.5178	82	0	1	2	2	1	1	1.29742e-006	3.16327e-005	0.	0.	0.	0.	0.	1.	0.	0.	0.	0.	1	
1.67018	58.8789	83	0	1	2	2	1	1	1.29742e-006	3.16327e-005	0.	0.	0.	0.	0.	1.	0.	0.	0.	0.	1	
1.6862	62.4318	84	0	1	2	2	1	1	1.29742e-006	3.16327e-005	0.	0.	0.	0.	0.	1.	0.	0.	0.	0.	1	
1.7032	58.8193	85	0	1	2	2	1	1	1.29742e-006	3.16327e-005	0.	0.	0.	0.	0.	1.	0.	0.	0.	0.	1	
1.72021	58.789	86	0	1	2	2	1	1	1.29742e-006	3.16327e-005	0.	0.	0.	0.	0.	1.	0.	0.	0.	0.	1	
1.7362	62.5674	87	0	1	2	2	1	1	1.29742e-006	3.16327e-005	0.	0.	0.	0.	0.	1.	0.	0.	0.	0.	1	
1.75326	58.6008	88	0	1	2	2	1	1	1.29742e-006	3.16327e-005	0.	0.	0.	0.	0.	1.	0.	0.	0.	0.	1	
1.77019	59.0784	89	0	1	2	2	1	1	1.29742e-006	3.16327e-005	0.	0.	0.	0.	0.	1.	0.	0.	0.	0.	1	
1.78722	58.7067	90	0	1	2	2	1	1	1.29742e-006	3.16327e-005	0.	0.	0.	0.	0.	1.	0.	0.	0.	0.	1	
1.8042	58.8977	91	0	1	2	2	1	1	1.29742e-006	3.16327e-005	0.	0.	0.	0.	0.	1.	0.	0.	0.	0.	1	
1.82123	58.7244	92	0	1	2	2	1	1	1.29742e-006	3.16327e-005	0.	0.	0.	0.	0.	1.	0.	0.	0.	0.	1	
1.83721	62.5591	93	0	1	2	2	1	1	1.29742e-006	3.16327e-005	0.	0.	0.	0.	0.	1.	0.	0.	0.	0.	1	
1.85321	62.4942	94	0	1	2	2	1	1	1.29742e-006	3.16327e-005	0.	0.	0.	0.	0.	1.	0.	0.	0.	0.	1	
1.8702	58.8559	95	0	1	2	2	1	1	1.29742e-006	3.16327e-005	0.	0.	0.	0.	0.	1.	0.	0.	0.	0.	1	
1.8862	62.5025	96	0	1	2	2	1	1	1.29742e-006	3.16327e-005	0.	0.	0.	0.	0.	1.	0.	0.	0.	0.	1	
1.90322	58.7567	97	0	1	2	2	1	1	1.29742e-006	3.16327e-005	0.	0.	0.	0.	0.	1.	0.	0.	0.	0.	1	
1.92022	58.8454	98	0	1	2	2	1	1	1.29742e-006	3.16327e-005	0.	0.	0.	0.	0.	1.	0.	0.	0.	0.	1	
1.93623	62.4518	99	0	1	2	2	1	1	1.29742e-006	3.16327e-005	0.	0.	0.	0.	0.	1.	0.	0.	0.	0.	1	
1.95321	58.8831	100	0	1	2	2	1	1	1.29742e-006	3.16327e-005	0.	0.	0.	0.	0.	1.	0.	0.	0.	0.	1	
1.96921	62.493	101	0	1	2	2	1	1	1.29742e-006	3.16327e-005	0.	0.	0.	0.	0.	1.	0.	0.	0.	0.	1	
1.9862	58.8831	102	0	1	2	2	1	1	1.29742e-006	3.16327e-005	0.	0.	0.	0.	0.	1.	0.	0.	0.	0.	1	
2.00322	58.7421	103	0	1	2	2	1	1	1.29742e-006	3.16327e-005	0.	0.	0.	0.	0.	1.	0.	0.	0.	0.	1	
2.02021	58.8559	104	0	1	2	2	1	1	1.29742e-006	3.16327e-005	0.	0.	0.	0.	0.	1.	0.	0.	0.	0.	1	
2.03622	62.4659	105	0	1	2	2	1	1	1.29742e-006	3.16327e-005	0.	0.	0.	0.	0.	1.	0.	0.	0.	0.	1	
2.05223	62.4706	106	0	1	2	2	1	1	1.29742e-006	3.16327e-005	0.	0.	0.	0.	0.	1.	0.	0.	0.	0.	1	
2.06922	58.8559	107	0	1	2	2	1	1	1.29742e-006	3.16327e-005	0.	0.	0.	0.	0.	1.	0.	0.	0.	0.	1	
2.0862	58.882	108	0	1	2	2	1	1	1.29742e-006	3.16327e-005	0.	0.	0.	0.	0.	1.	0.	0.	0.	0.	1	
2.10318	58.8904	109	0	1	2	2	1	1	1.29742e-006	3.16327e-005	0.	0.	0.	0.	0.	1.	0.	0.	0.	0.	1	
2.12022	58.6901	110	0	1	2	2	1	1	1.29742e-006	3.16327e-005	0.	0.	0.	0.	0.	1.	0.	0.	0.	0.	1	
2.13722	58.812	111	0	1	2	2	1	1	1.29742e-006	3.16327e-005	0.	0.	0.	0.	0.	1.	0.	0.	0.	0.	1	
2.15422	58.8245	112	0	1	2	2	1	1	1.29742e-006	3.16327e-005	0.	0.	0.	0.	0.	1.	0.	0.	0.	0.	1	
2.17022	62.4977	113	0	1	2	2	1	1	1.29742e-006	3.16327e-005	0.	0.	0.	0.	0.	1.	0.	0.	0.	0.	1	
2.18622	62.5296	114	0	1	2	2	1	1	1.29742e-006	3.16327e-005	0.	0.	0.	0.	0.	1.	0.	0.	0.	0.	1	
2.20322	58.8214	115	0	1	2	2	1	1	1.29742e-006	3.16327e-005	0.	0.	0.	0.	0.	1.	0.	0.	0.	0.	1	
2.22023	58.787	116	0	1	2	2	1	1	1.29742e-006	3.16327e-005	0.	0.	0.	0.	0.	1.	0.	0.	0.	0.	1	
2.23723	58.8298	117	0	1	2	2	1	1	1.29742e-006	3.16327e-005	0.	0.	0.	0.	0.	1.	0.	0.	0.	0.	1	
2.25321	62.5591	118	0	1	2	2	1	1	1.29742e-006	3.16327e-005	0.	0.	0.	0.	0.	1.	0.	0.	0.	0.	1	
2.26922	62.4695	119	0	1	2	2	1	1	1.29742e-006	3.16327e-005	0.	0.	0.	0.	0.	1.	0.	0.	0.	0.	1	
2.2852	62.5662	120	0	1	2	2	1	1	1.29742e-006	3.16327e-005	0.	0.	0.	0.	0.	1.	0.	0.	0.	0.	1	
2.30222	58.7651	121	0	1	2	2	1	1	1.29742e-006	3.16327e-005	0.	0.	0.	0.	0.	1.	0.	0.	0.	0.	1	
2.31822	62.4954	122	0	1	2	2	1	1	1.29742e-006	3.16327e-005	0.	0.	0.	0.	0.	1.	0.	0.	0.	0.	1	
2.33521	58.8496	123	0	1	2	2	1	1	1.29742e-006	3.16327e-005	0.	0.	0.	0.	0.	1.	0.	0.	0.	0.	1	
2.35223	58.7682	124	0	1	2	2	1	1	1.29742e-006	3.16327e-005	0.	0.	0.	0.	0.	1.	0.	0.	0.	0.	1	
2.36821	62.5816	125	0	1	2	2	1	1	1.29742e-006	3.16327e-005	0.	0.	0.	0.	0.	1.	0.	0.	0.	0.	1	
2.3842	62.5402	126	0	1	2	2	1	1	1.29742e-006	3.16327e-005	0.	0.	0.	0.	0.	1.	0.	0.	0.	0.	1	
2.40124	58.6662	127	0	1	2	2	1	1	1.29742e-006	3.16327e-005	0.	0.	0.	0.	0.	1.	0.	0.	0.	0.	1	
2.41721	62.6455	128	0	1	2	2	1	1	1.29742e-006	3.16327e-005	0.	0.	0.	0.	0.	1.	0.	0.	0.	0.	1	
2.43422	58.7661	129	0	1	2	2	1	1	1.29742e-006	3.16327e-005	0.	0.	0.	0.	0.	1.	0.	0.	0.	0.	1	
2.45023	62.4706	130	0	1	2	2	1	1	1.29742e-006	3.16327e-005	0.	0.	0.	0.	0.	1.	0.	0.	0.	0.	1	
2.46722	58.8663	131	0	1	2	2	1	1	1.29742e-006	3.16327e-005	0.	0.	0.	0.	0.	1.	0.	0.	0.	0.	1	
2.48322	62.4718	132	0	1	2	2	1	1	1.29742e-006	3.16327e-005	0.	0.	0.	0.	0.	1.	0.	0.	0.	0.	1	
2.50023	58.8204	133	0	1	2	2	1	1	1.29742e-006	3.16327e-005	0.	0.	0.	0.	0.	1.	0.	0.	0.	0.	1	
2.51623	62.493	134	0	1	2	2	1	1	1.29742e-006	3.16327e-005	0.	0.	0.	0.	0.	1.	0.	0.	0.	0.	1	
2.53221	62.5615	135	0	1	2	2	1	1	1.29742e-006	3.16327e-005	0.	0.	0.	0.	0.	1.	0.	0.	0.	0.	1	
2.54924	58.7213	136	0	1	2	2	1	1	1.29742e-006	3.16327e-005	0.	0.	0.	0.	0.	1.	0.	0.	0.	0.	1	
2.56523	62.5508	137	0	1	2	2	1	1	1.29742e-006	3.16327e-005	0.	0.	0.	0.	0.	1.	0.	0.	0.	0.	1	
2.58224	58.7765	138	0	1	2	2	1	1	1.29742e-006	3.16327e-005	0.	0.	0.	0.	0.	1.	0.	0.	0.	0.	1	
2.59921	58.9197	139	0	1	2	2	1	1	1.29742e-006	3.16327e-005	0.	0.	0.	0.	0.	1.	0.	0.	0.	0.	1	
2.6152	62.5461	140	0	1	2	2	1	1	1.29742e-006	3.16327e-005	0.	0.	0.	0.	0.	1.	0.	0.	0.	0.	1	
2.63224	58.7088	141	0	1	2	2	1	1	1.29742e-006	3.16327e-005	0.	0.	0.	0.	0.	1.	0.	0.	0.	0.	1	
2.64926	58.7286	142	0	1	2	2	1	1	1.29742e-006	3.16327e-005	0.	0.	0.	0.	0.	1.	0.	0.	0.	0.	1	
2.66522	62.6668	143	0	1	2	2	1	1	1.29742e-006	3.16327e-005	0.	0.	0.	0.	0.	1.	0.	0.	0.	0.	1	
2.68223	58.789	144	0	1	2	2	1	1	1.29742e-006	3.16327e-005	0.	0.	0.	0.	0.	1.	0.	0.	0.	0.	1	
2.69925	58.7713	145	0	1	2	2	1	1	1.29742e-006	3.16327e-005	0.	0.	0.	0.	0.	1.	0.	0.	0.	0.	1	
2.71623	58.8758	146	0	1	2	2	1	1	1.29742e-006	3.16327e-005	0.	0.	0.	0.	0.	1.	0.	0.	0.	0.	1	
2.73327	58.6995	147	0	1	2	2	1	1	1.29742e-006	3.16327e-005	0.	0.	0.	0.	0.	1.	0.	0.	0.	0.	1	
2.75023	58.9407	148	0	1	2	2	1	1	1.29742e-006	3.16327e-005	0.	0.	0.	0.	0.	1.	0.	0.	0.	0.	1	
2.76622	62.565	149	0	1	2	2	1	1	1.29742e-006	3.16327e-005	0.	0.	0.	0.	0.	1.	0.	0.	0.	0.	1	
2.78324	58.7473	150	0	1	2	2	1	1	1.29742e-006	3.16327e-005	0.	0.	0.	0.	0.	1.	0.	0.	0.	0.	1	
2.80023	58.8392	151	0	1	2	2	1	1	1.29742e-006	3.16327e-005	0.	0.	0.	0.	0.	1.	0.	0.	0.	0.	1	
2.81622	62.5438	152	0	1	2	2	1	1	1.29742e-006	3.16327e-005	0.	0.	0.	0.	0.	1.	0.	0.	0.	0.	1	
2.83323	58.7838	153	0	1	2	2	1	1	1.29742e-006	3.16327e-005	0.	0.	0.	0.	0.	1.	0.	0.	0.	0.	1	
2.85024	58.8068	154	0	1	2	2	1	1	1.29742e-006	3.16327e-005	0.	0.	0.	0.	0.	1.	0.	0.	0.	0.	1	
2.86623	62.5438	155	0	1	2	2	1	1	1.29742e-006	3.16327e-005	0.	0.	0.	0.	0.	1.	0.	0.	0.	0.	1	
2.88324	58.7661	156	0	1	2	2	1	1	1.29742e-006	3.16327e-005	0.	0.	0.	0.	0.	1.	0.	0.	0.	0.	1	
2.90024	58.8486	157	0	1	2	2	1	1	1.29742e-006	3.16327e-005	0.	0.	0.	0.	0.	1.	0.	0.	0.	0.	1	
2.91623	62.5237	158	0	1	2	2	1	1	1.29742e-006	3.16327e-005	0.	0.	0.	0.	0.	1.	0.	0.	0.	0.	1	
2.93324	58.7807	159	0	1	2	2	1	1	1.29742e-006	3.16327e-005	0.	0.	0.	0.	0.	1.	0.	0.	0.	0.	1	
2.95023	58.8622	160	0	1	2	2	1	1	1.29742e-006	3.16327e-005	0.	0.	0.	0.	0.	1.	0.	0.	0.	0.	1	
2.96625	62.4412	161	0	1	2	2	1	1	1.29742e-006	3.16327e-005	0.	0.	0.	0.	0.	1.	0.	0.	0.	0.	1	
2.98224	62.539	162	0	1	2	2	1	1	1.29742e-006	3.16327e-005	0.	0.	0.	0.	0.	1.	0.	0.	0.	0.	1	
2.99924	58.812	163	0	1	2	2	1	1	1.29742e-006	3.16327e-005	0.	0.	0.	0.	0.	1.	0.	0.	0.	0.	1	
3.01524	62.5048	164	0	1	2	2	1	1	1.29742e-006	3.16327e-005	0.	0.	0.	0.	0.	1.	0.	0.	0.	0.	1	
3.03226	58.7671	165	0	1	2	2	1	1	1.29742e-006	3.16327e-005	0.	0.	0.	0.	0.	1.	0.	0.	0.	0.	1	
3.04924	58.8799	166	0	1	2	2	1	1	1.29742e-006	3.16327e-005	0.	0.	0.	0.	0.	1.	0.	0.	0.	0.	1	
3.06523	62.5308	167	0	1	2	2	1	1	1.29742e-006	3.16327e-005	0.	0.	0.	0.	0.	1.	0.	0.	0.	0.	1	
3.08125	62.4306	168	0	1	2	2	1	1	1.29742e-006	3.16327e-005	0.	0.	0.	0.	0.	1.	0.	0.	0.	0.	1	
3.09823	58.8726	169	0	1	2	2	1	1	1.29742e-006	3.16327e-005	0.	0.	0.	0.	0.	1.	0.	0.	0.	0.	1	
3.11524	58.8162	170	0	1	2	2	1	1	1.29742e-006	3.16327e-005	0.	0.	0.	0.	0.	1.	0.	0.	0.	0.	1	
3.13223	58.8433	171	0	1	2	2	1	1	1.29742e-006	3.16327e-005	0.	0.	0.	0.	0.	1.	0.	0.	0.	0.	1	
3.14926	58.7213	172	0	1	2	2	1	1	1.29742e-006	3.16327e-005	0.	0.	0.	0.	0.	1.	0.	0.	0.	0.	1	
3.16524	62.5674	173	0	1	2	2	1	1	1.29742e-006	3.16327e-005	0.	0.	0.	0.	0.	1.	0.	0.	0.	0.	1	
3.18226	58.7765	174	0	1	2	2	1	1	1.29742e-006	3.16327e-005	0.	0.	0.	0.	0.	1.	0.	0.	0.	0.	1	
3.19927	58.7692	175	0	1	2	2	1	1	1.29742e-006	3.16327e-005	0.	0.	0.	0.	0.	1.	0.	0.	0.	0.	1	
3.21523	62.6703	176	0	1	2	2	1	1	1.29742e-006	3.16327e-005	0.	0.	0.	0.	0.	1.	0.	0.	0.	0.	1	
3.23126	62.3942	177	0	1	2	2	1	1	1.29742e-006	3.16327e-005	0.	0.	0.	0.	0.	1.	0.	0.	0.	0.	1	
3.24825	58.8475	178	0	1	2	2	1	1	1.29742e-006	3.16327e-005	0.	0.	0.	0.	0.	1.	0.	0.	0.	0.	1	
3.26425	62.5119	179	0	1	2	2	1	1	1.29742e-006	3.16327e-005	0.	0.	0.	0.	0.	1.	0.	0.	0.	0.	1	
3.28126	58.7849	180	0	1	2	2	1	1	1.29742e-006	3.16327e-005	0.	0.	0.	0.	0.	1.	0.	0.	0.	0.	1	
3.29825	58.8569	181	0	1	2	2	1	1	1.29742e-006	3.16327e-005	0.	0.	0.	0.	0.	1.	0.	0.	0.	0.	1	
3.31524	58.8339	182	0	1	2	2	1	1	1.29742e-006	3.16327e-005	0.	0.	0.	0.	0.	1.	0.	0.	0.	0.	1	
3.33225	58.7901	183	0	1	2	2	1	1	1.29742e-006	3.16327e-005	0.	0.	0.	0.	0.	1.	0.	0.	0.	0.	1	
3.34926	58.787	184	0	1	2	2	1	1	1.29742e-006	3.16327e-005	0.	0.	0.	0.	0.	1.	0.	0.	0.	0.	1	
3.36523	62.6253	185	0	1	2	2	1	1	1.29742e-006	3.16327e-005	0.	0.	0.	0.	0.	1.	0.	0.	0.	0.	1	
3.38227	58.7015	186	0	1	2	2	1	1	1.29742e-006	3.16327e-005	0.	0.	0.	0.	0.	1.	0.	0.	0.	0.	1	
3.39926	58.858	187	0	1	2	2	1	1	1.29742e-006	3.16327e-005	0.	0.	0.	0.	0.	1.	0.	0.	0.	0.	1	
3.41525	62.5249	188	0	1	2	2	1	1	1.29742e-006	3.16327e-005	0.	0.	0.	0.	0.	1.	0.	0.	0.	0.	1	
3.43225	58.8235	189	0	1	2	2	1	1	1.29742e-006	3.16327e-005	0.	0.	0.	0.	0.	1.	0.	0.	0.	0.	1	
3.44927	58.7598	190	0	1	2	2	1	1	1.29742e-006	3.16327e-005	0.	0.	0.	0.	0.	1.	0.	0.	0.	0.	1	
3.46525	62.591	191	0	1	2	2	1	1	1.29742e-006	3.16327e-005	0.	0.	0.	0.	0.	1.	0.	0.	0.	0.	1	
3.48226	58.7932	192	0	1	2	2	1	1	1.29742e-006	3.16327e-005	0.	0.	0.	0.	0.	1.	0.	0.	0.	0.	1	
3.49928	58.7546	193	0	1	2	2	1	1	1.29742e-006	3.16327e-005	0.	0.	0.	0.	0.	1.	0.	0.	0.	0.	1	
3.51526	62.5556	194	0	1	2	2	1	1	1.29742e-006	3.16327e-005	0.	0.	0.	0.	0.	1.	0.	0.	0.	0.	1	
3.53226	58.813	195	0	1	2	2	1	1	1.29742e-006	3.16327e-005	0.	0.	0.	0.	0.	1.	0.	0.	0.	0.	1	
3.54926	58.8548	196	0	1	2	2	1	1	1.29742e-006	3.16327e-005	0.	0.	0.	0.	0.	1.	0.	0.	0.	0.	1	
3.56527	62.4589	197	0	1	2	2	1	1	1.29742e-006	3.16327e-005	0.	0.	0.	0.	0.	1.	0.	0.	0.	0.	1	
3.58226	58.8423	198	0	1	2	2	1	1	1.29742e-006	3.16327e-005	0.	0.	0.	0.	0.	1.	0.	0.	0.	0.	1	
3.59926	58.8277	199	0	1	2	2	1	1	1.29742e-006	3.16327e-005	0.	0.	0.	0.	0.	1.	0.	0.	0.	0.	1	
3.61527	62.4577	200	0	1	2	2	1	1	1.29742e-006	3.16327e-005	0.	0.	0.	0.	0.	1.	0.	0.	0.	0.	1	
3.63225	58.882	201	0	1	2	2	1	1	1.29742e-006	3.16327e-005	0.	0.	0.	0.	0.	1.	0.	0.	0.	0.	1	
3.64927	58.763	202	0	1	2	2	1	1	1.29742e-006	3.16327e-005	0.	0.	0.	0.	0.	1.	0.	0.	0.	0.	1	
3.66525	62.578	203	0	1	2	2	1	1	1.29742e-006	3.16327e-005	0.	0.	0.	0.	0.	1.	0.	0.	0.	0.	1	
3.68224	58.8465	204	0	1	2	2	1	1	1.29742e-006	3.16327e-005	0.	0.	0.	0.	0.	1.	0.	0.	0.	0.	1	
3.69924	58.835	205	0	1	2	2	1	1	1.29742e-006	3.16327e-005	0.	0.	0.	0.	0.	1.	0.	0.	0.	0.	1	
3.71524	62.5072	206	0	1	2	2	1	1	1.29742e-006	3.16327e-005	0.	0.	0.	0.	0.	1.	0.	0.	0.	0.	1	
3.73225	58.7984	207	0	1	2	2	1	1	1.29742e-006	3.16327e-005	0.	0.	0.	0.	0.	1.	0.	0.	0.	0.	1	
3.74926	58.7671	208	0	1	2	2	1	1	1.29742e-006	3.16327e-005	0.	0.	0.	0.	0.	1.	0.	0.	0.	0.	1	
3.76526	62.5131	209	0	1	2	2	1	1	1.29742e-006	3.16327e-005	0.	0.	0.	0.	0.	1.	0.	0.	0.	0.	1	
3.78227	58.8016	210	0	1	2	2	1	1	1.29742e-006	3.16327e-005	0.	0.	0.	0.	0.	1.	0.	0.	0.	0.	1	
3.79926	58.8371	211	0	1	2	2	1	1	1.29742e-006	3.16327e-005	0.	0.	0.	0.	0.	1.	0.	0.	0.	0.	1	
3.81527	62.4848	212	0	1	2	2	1	1	1.29742e-006	3.16327e-005	0.	0.	0.	0.	0.	1.	0.	0.	0.	0.	1	
3.83227	58.7963	213	0	1	2	2	1	1	1.29742e-006	3.16327e-005	0.	0.	0.	0.	0.	1.	0.	0.	0.	0.	1	
3.84828	62.4918	214	0	1	2	2	1	1	1.29742e-006	3.16327e-005	0.	0.	0.	0.	0.	1.	0.	0.	0.	0.	1	
3.86429	62.46	215	0	1	2	2	1	1	1.29742e-006	3.16327e-005	0.	0.	0.	0.	0.	1.	0.	0.	0.	0.	1	
3.88129	58.8224	216	0	1	2	2	1	1	1.29742e-006	3.16327e-005	0.	0.	0.	0.	0.	1.	0.	0.	0.	0.	1	
3.89827	58.8946	217	0	1	2	2	1	1	1.29742e-006	3.16327e-005	0.	0.	0.	0.	0.	1.	0.	0.	0.	0.	1	
3.91428	62.4636	218	0	1	2	2	1	1	1.29742e-006	3.16327e-005	0.	0.	0.	0.	0.	1.	0.	0.	0.	0.	1	
3.93126	58.859	219	0	1	2	2	1	1	1.29742e-006	3.16327e-005	0.	0.	0.	0.	0.	1.	0.	0.	0.	0.	1	
3.94827	58.8193	220	0	1	2	2	1	1	1.29742e-006	3.16327e-005	0.	0.	0.	0.	0.	1.	0.	0.	0.	0.	1	
3.96428	62.4553	221	0	1	2	2	1	1	1.29742e-006	3.16327e-005	0.	0.	0.	0.	0.	1.	0.	0.	0.	0.	1	
3.98127	58.8559	222	0	1	2	2	1	1	1.29742e-006	3.16327e-005	0.	0.	0.	0.	0.	1.	0.	0.	0.	0.	1	
3.99827	58.8256	223	0	1	2	2	1	1	1.29742e-006	3.16327e-005	0.	0.	0.	0.	0.	1.	0.	0.	0.	0.	1	
4.01428	62.4647	224	0	1	2	2	1	1	1.29742e-006	3.16327e-005	0.	0.	0.	0.	0.	1.	0.	0.	0.	0.	1	
4.03127	58.8517	225	0	1	2	2	1	1	1.29742e-006	3.16327e-005	0.	0.	0.	0.	0.	1.	0.	0.	0.	0.	1	
4.04727	62.4848	226	0	1	2	2	1	1	1.29742e-006	3.16327e-005	0.	0.	0.	0.	0.	1.	0.	0.	0.	0.	1	
4.06327	62.4977	227	0	1	2	2	1	1	1.29742e-006	3.16327e-005	0.	0.	0.	0.	0.	1.	0.	0.	0.	0.	1	
4.08027	58.8329	228	0	1	2	2	1	1	1.29742e-006	3.16327e-005	0.	0.	0.	0.	0.	1.	0.	0.	0.	0.	1	
4.09728	58.7984	229	0	1	2	2	1	1	1.29742e-006	3.16327e-005	0.	0.	0.	0.	0.	1.	0.	0.	0.	0.	1	
4.11328	62.4753	230	0	1	2	2	1	1	1.29742e-006	3.16327e-005	0.	0.	0.	0.	0.	1.	0.	0.	0.	0.	1	
4.13027	58.8632	231	0	1	2	2	1	1	1.29742e-006	3.16327e-005	0.	0.	0.	0.	0.	1.	0.	0.	0.	0.	1	
4.14727	58.8256	232	0	1	2	2	1	1	1.29742e-006	3.16327e-005	0.	0.	0.	0.	0.	1.	0.	0.	0.	0.	1	
4.16326	62.5378	233	0	1	2	2	1	1	1.29742e-006	3.16327e-005	0.	0.	0.	0.	0.	1.	0.	0.	0.	0.	1	
4.18028	58.7765	234	0	1	2	2	1	1	1.29742e-006	3.16327e-005	0.	0.	0.	0.	0.	1.	0.	0.	0.	0.	1	
4.19728	58.7974	235	0	1	2	2	1	1	1.29742e-006	3.16327e-005	0.	0.	0.	0.	0.	1.	0.	0.	0.	0.	1	
4.21427	58.8538	236	0	1	2	2	1	1	1.29742e-006	3.16327e-005	0.	0.	0.	0.	0.	1.	0.	0.	0.	0.	1	
4.23319	52.8699	237	0	1	2	2	1	1	1.29742e-006	3.16327e-005	0.	0.	0.	0.	0.	1.	0.	0.	0.	0.	1	
4.25028	58.5149	238	0	1	2	2	1	1	1.29742e-006	3.16327e-005	0.	0.	0.	0.	0.	1.	0.	0.	0.	0.	1	
4.26628	62.4895	239	0	1	2	2	1	1	1.29742e-006	3.16327e-005	0.	0.	0.	0.	0.	1.	0.	0.	0.	0.	1	
4.28327	58.8674	240	0	1	2	2	1	1	1.29742e-006	3.16327e-005	0.	0.	0.	0.	0.	1.	0.	0.	0.	0.	1	
4.3003	58.7276	241	0	1	2	2	1	1	1.29742e-006	3.16327e-005	0.	0.	0.	0.	0.	1.	0.	0.	0.	0.	1	
4.3163	62.4836	242	0	1	2	2	1	1	1.29742e-006	3.16327e-005	0.	0.	0.	0.	0.	1.	0.	0.	0.	0.	1	
4.33329	58.8622	243	0	1	2	2	1	1	1.29742e-006	3.16327e-005	0.	0.	0.	0.	0.	1.	0.	0.	0.	0.	1	
4.35029	58.8256	244	0	1	2	2	1	1	1.29742e-006	3.16327e-005	0.	0.	0.	0.	0.	1.	0.	0.	0.	0.	1	
4.36628	62.5414	245	0	1	2	2	1	1	1.29742e-006	3.16327e-005	0.	0.	0.	0.	0.	1.	0.	0.	0.	0.	1	
4.38328	58.8172	246	0	1	2	2	1	1	1.29742e-006	3.16327e-005	0.	0.	0.	0.	0.	1.	0.	0.	0.	0.	1	
4.40025	58.9229	247	0	1	2	2	1	1	1.29742e-006	3.16327e-005	0.	0.	0.	0.	0.	1.	0.	0.	0.	0.	1	
4.41626	62.4506	248	0	1	2	2	1	1	1.29742e-006	3.16327e-005	0.	0.	0.	0.	0.	1.	0.	0.	0.	0.	1	
4.43327	58.8026	249	0	1	2	2	1	1	1.29742e-006	3.16327e-005	0.	0.	0.	0.	0.	1.	0.	0.	0.	0.	1	
4.4503	58.7348	250	0	1	2	2	1	1	1.29742e-006	3.16327e-005	0.	0.	0.	0.	0.	1.	0.	0.	0.	0.	1	
4.46628	62.565	251	0	1	2	2	1	1	1.29742e-006	3.16327e-005	0.	0.	0.	0.	0.	1.	0.	0.	0.	0.	1	
4.48327	58.8538	252	0	1	2	2	1	1	1.29742e-006	3.16327e-005	0.	0.	0.	0.	0.	1.	0.	0.	0.	0.	1	
4.50028	58.7911	253	0	1	2	2	1	1	1.29742e-006	3.16327e-005	0.	0.	0.	0.	0.	1.	0.	0.	0.	0.	1	
4.51629	62.4683	254	0	1	2	2	1	1	1.29742e-006	3.16327e-005	0.	0.	0.	0.	0.	1.	0.	0.	0.	0.	1	
4.5333	58.7859	255	0	1	2	2	1	1	1.29742e-006	3.16327e-005	0.	0.	0.	0.	0.	1.	0.	0.	0.	0.	1	
4.55029	58.8653	256	0	1	2	2	1	1	1.29742e-006	3.16327e-005	0.	0.	0.	0.	0.	1.	0.	0.	0.	0.	1	
4.56729	58.8151	257	0	1	2	2	1	1	1.29742e-006	3.16327e-005	0.	0.	0.	0.	0.	1.	0.	0.	0.	0.	1	
4.58429	58.813	258	0	1	2	2	1	1	1.29742e-006	3.16327e-005	0.	0.	0.	0.	0.	1.	0.	0.	0.	0.	1	
4.60129	58.8392	259	0	1	2	2	1	1	1.29742e-006	3.16327e-005	0.	0.	0.	0.	0.	1.	0.	0.	0.	0.	1	
4.61827	58.8894	260	0	1	2	2	1	1	1.29742e-006	3.16327e-005	0.	0.	0.	0.	0.	1.	0.	0.	0.	0.	1	
4.63529	58.7463	261	0	1	2	2	1	1	1.29742e-006	3.16327e-005	0.	0.	0.	0.	0.	1.	0.	0.	0.	0.	1	
4.65229	58.8371	262	0	1	2	2	1	1	1.29742e-006	3.16327e-005	0.	0.	0.	0.	0.	1.	0.	0.	0.	0.	1	
4.66928	58.8329	263	0	1	2	2	1	1	1.29742e-006	3.16327e-005	0.	0.	0.	0.	0.	1.	0.	0.	0.	0.	1	
4.68628	58.8475	264	0	1	2	2	1	1	1.29742e-006	3.16327e-005	0.	0.	0.	0.	0.	1.	0.	0.	0.	0.	1	
4.70329	58.7713	265	0	1	2	2	1	1	1.29742e-006	3.16327e-005	0.	0.	0.	0.	0.	1.	0.	0.	0.	0.	1	
4.72029	58.8298	266	0	1	2	2	1	1	1.29742e-006	3.16327e-005	0.	0.	0.	0.	0.	1.	0.	0.	0.	0.	1	
4.73729	58.8287	267	0	1	2	2	1	1	1.29742e-006	3.16327e-005	0.	0.	0.	0.	0.	1.	0.	0.	0.	0.	1	
4.7533	62.4459	268	0	1	2	2	1	1	1.29742e-006	3.16327e-005	0.	0.	0.	0.	0.	1.	0.	0.	0.	0.	1	
4.77029	58.8559	269	0	1	2	2	1	1	1.29742e-006	3.16327e-005	0.	0.	0.	0.	0.	1.	0.	0.	0.	0.	1	
4.78627	62.5922	270	0	1	2	2	1	1	1.29742e-006	3.16327e-005	0.	0.	0.	0.	0.	1.	0.	0.	0.	0.	1	
4.80326	58.8465	271	0	1	2	2	1	1	1.29742e-006	3.16327e-005	0.	0.	0.	0.	0.	1.	0.	0.	0.	0.	1	
4.81928	62.4471	272	0	1	2	2	1	1	1.29742e-006	3.16327e-005	0.	0.	0.	0.	0.	1.	0.	0.	0.	0.	1	
4.83629	58.7911	273	0	1	2	2	1	1	1.29742e-006	3.16327e-005	0.	0.	0.	0.	0.	1.	0.	0.	0.	0.	1	
4.85328	58.8475	274	0	1	2	2	1	1	1.29742e-006	3.16327e-005	0.	0.	0.	0.	0.	1.	0.	0.	0.	0.	1	
4.8693	62.4306	275	0	1	2	2	1	1	1.29742e-006	3.16327e-005	0.	0.	0.	0.	0.	1.	0.	0.	0.	0.	1	
4.8863	58.8057	276	0	1	2	2	1	1	1.29742e-006	3.16327e-005	0.	0.	0.	0.	0.	1.	0.	0.	0.	0.	1	
4.9033	58.8371	277	0	1	2	2	1	1	1.29742e-006	3.16327e-005	0.	0.	0.	0.	0.	1.	0.	0.	0.	0.	1	
4.92031	58.7859	278	0	1	2	2	1	1	1.29742e-006	3.16327e-005	0.	0.	0.	0.	0.	1.	0.	0.	0.	0.	1	
4.93729	58.904	279	0	1	2	2	1	1	1.29742e-006	3.16327e-005	0.	0.	0.	0.	0.	1.	0.	0.	0.	0.	1	
4.95431	58.7484	280	0	1	2	2	1	1	1.29742e-006	3.16327e-005	0.	0.	0.	0.	0.	1.	0.	0.	0.	0.	1	
4.97031	62.4966	281	0	1	2	2	1	1	1.29742e-006	3.16327e-005	0.	0.	0.	0.	0.	1.	0.	0.	0.	0.	1	
4.98729	58.8747	282	0	1	2	2	1	1	1.29742e-006	3.16327e-005	0.	0.	0.	0.	0.	1.	0.	0.	0.	0.	1	
5.00431	58.7744	283	0	1	2	2	1	1	1.29742e-006	3.16327e-005	0.	0.	0.	0.	0.	1.	0.	0.	0.	0.	1	
5.02129	58.8988	284	0	1	2	2	1	1	1.29742e-006	3.16327e-005	0.	0.	0.	0.	0.	1.	0.	0.	0.	0.	1	
5.03828	58.8402	285	0	1	2	2	1	1	1.29742e-006	3.16327e-005	0.	0.	0.	0.	0.	1.	0.	0.	0.	0.	1	
5.05429	62.4753	286	0	1	2	2	1	1	1.29742e-006	3.16327e-005	0.	0.	0.	0.	0.	1.	0.	0.	0.	0.	1	
5.07029	62.4848	287	0	1	2	2	1	1	1.29742e-006	3.16327e-005	0.	0.	0.	0.	0.	1.	0.	0.	0.	0.	1	
5.08729	58.8224	288	0	1	2	2	1	1	1.29742e-006	3.16327e-005	0.	0.	0.	0.	0.	1.	0.	0.	0.	0.	1	
5.10428	58.8507	289	0	1	2	2	1	1	1.29742e-006	3.16327e-005	0.	0.	0.	0.	0.	1.	0.	0.	0.	0.	1	
5.12132	58.6984	290	0	1	2	2	1	1	1.29742e-006	3.16327e-005	0.	0.	0.	0.	0.	1.	0.	0.	0.	0.	1	
5.1383	58.8894	291	0	1	2	2	1	1	1.29742e-006	3.16327e-005	0.	0.	0.	0.	0.	1.	0.	0.	0.	0.	1	
5.1553	58.8162	292	0	1	2	2	1	1	1.29742e-006	3.16327e-005	0.	0.	0.	0.	0.	1.	0.	0.	0.	0.	1	
5.17229	58.8852	293	0	1	2	2	1	1	1.29742e-006	3.16327e-005	0.	0.	0.	0.	0.	1.	0.	0.	0.	0.	1	
5.1893	58.7609	294	0	1	2	2	1	1	1.29742e-006	3.16327e-005	0.	0.	0.	0.	0.	1.	0.	0.	0.	0.	1	
5.20631	58.8162	295	0	1	2	2	1	1	1.29742e-006	3.16327e-005	0.	0.	0.	0.	0.	1.	0.	0.	0.	0.	1	
5.22332	58.7922	296	0	1	2	2	1	1	1.29742e-006	3.16327e-005	0.	0.	0.	0.	0.	1.	0.	0.	0.	0.	1	
5.24029	58.904	297	0	1	2	2	1	1	1.29742e-006	3.16327e-005	0.	0.	0.	0.	0.	1.	0.	0.	0.	0.	1	
5.25631	62.4412	298	0	1	2	2	1	1	1.29742e-006	3.16327e-005	0.	0.	0.	0.	0.	1.	0.	0.	0.	0.	1	
5.27334	58.7026	299	0	1	2	2	1	1	1.29742e-006	3.16327e-005	0.	0.	0.	0.	0.	1.	0.	0.	0.	0.	1	
5.29032	58.903	300	0	1	2	2	1	1	1.29742e-006	3.16327e-005	0.	0.	0.	0.	0.	1.	0.	0.	0.	0.	1	
5.30729	58.9166	301	0	1	2	2	1	1	1.29742e-006	3.16327e-005	0.	0.	0.	0.	0.	1.	0.	0.	0.	0.	1	
5.32331	62.4259	302	0	1	2	2	1	1	1.29742e-006	3.16327e-005	0.	0.	0.	0.	0.	1.	0.	0.	0.	0.	1	
5.34031	58.8224	303	0	1	2	2	1	1	1.29742e-006	3.16327e-005	0.	0.	0.	0.	0.	1.	0.	0.	0.	0.	1	
5.35733	58.7557	304	0	1	2	2	1	1	1.29742e-006	3.16327e-005	0.	0.	0.	0.	0.	1.	0.	0.	0.	0.	1	
5.37433	58.8329	305	0	1	2	2	1	1	1.29742e-006	3.16327e-005	0.	0.	0.	0.	0.	1.	0.	0.	0.	0.	1	
5.39133	58.8266	306	0	1	2	2	1	1	1.29742e-006	3.16327e-005	0.	0.	0.	0.	0.	1.	0.	0.	0.	0.	1	
5.40832	58.8412	307	0	1	2	2	1	1	1.29742e-006	3.16327e-005	0.	0.	0.	0.	0.	1.	0.	0.	0.	0.	1	
5.42532	58.8475	308	0	1	2	2	1	1	1.29742e-006	3.16327e-005	0.	0.	0.	0.	0.	1.	0.	0.	0.	0.	1	
5.4423	58.8894	309	0	1	2	2	1	1	1.29742e-006	3.16327e-005	0.	0.	0.	0.	0.	1.	0.	0.	0.	0.	1	
5.4593	58.8162	310	0	1	2	2	1	1	1.29742e-006	3.16327e-005	0.	0.	0.	0.	0.	1.	0.	0.	0.	0.	1	
5.47632	58.7515	311	0	1	2	2	1	1	1.29742e-006	3.16327e-005	0.	0.	0.	0.	0.	1.	0.	0.	0.	0.	1	
5.49332	58.812	312	0	1	2	2	1	1	1.29742e-006	3.16327e-005	0.	0.	0.	0.	0.	1.	0.	0.	0.	0.	1	
5.51032	58.8412	313	0	1	2	2	1	1	1.29742e-006	3.16327e-005	0.	0.	0.	0.	0.	1.	0.	0.	0.	0.	1	
5.52732	58.8329	314	0	1	2	2	1	1	1.29742e-006	3.16327e-005	0.	0.	0.	0.	0.	1.	0.	0.	0.	0.	1	
5.54434	58.7296	315	0	1	2	2	1	1	1.29742e-006	3.16327e-005	0.	0.	0.	0.	0.	1.	0.	0.	0.	0.	1	
5.56134	58.8329	316	0	1	2	2	1	1	1.29742e-006	3.16327e-005	0.	0.	0.	0.	0.	1.	0.	0.	0.	0.	1	
5.5783	58.9449	317	0	1	2	2	1	1	1.29742e-006	3.16327e-005	0.	0.	0.	0.	0.	1.	0.	0.	0.	0.	1	
5.59533	58.7515	318	0	1	2	2	1	1	1.29742e-006	3.16327e-005	0.	0.	0.	0.	0.	1.	0.	0.	0.	0.	1	
5.61234	58.7609	319	0	1	2	2	1	1	1.29742e-006	3.16327e-005	0.	0.	0.	0.	0.	1.	0.	0.	0.	0.	1	
5.62935	58.8047	320	0	1	2	2	1	1	1.29742e-006	3.16327e-005	0.	0.	0.	0.	0.	1.	0.	0.	0.	0.	1	
5.64635	58.8162	321	0	1	2	2	1	1	1.29742e-006	3.16327e-005	0.	0.	0.	0.	0.	1.	0.	0.	0.	0.	1	
5.66335	58.836	322	0	1	2	2	1	1	1.29742e-006	3.16327e-005	0.	0.	0.	0.	0.	1.	0.	0.	0.	0.	1	
5.68035	58.8235	323	0	1	2	2	1	1	1.29742e-006	3.16327e-005	0.	0.	0.	0.	0.	1.	0.	0.	0.	0.	1	
5.69734	58.8392	324	0	1	2	2	1	1	1.29742e-006	3.16327e-005	0.	0.	0.	0.	0.	1.	0.	0.	0.	0.	1	
5.71435	58.8068	325	0	1	2	2	1	1	1.29742e-006	3.16327e-005	0.	0.	0.	0.	0.	1.	0.	0.	0.	0.	1	
5.73137	58.7432	326	0	1	2	2	1	1	1.29742e-006	3.16327e-005	0.	0.	0.	0.	0.	1.	0.	0.	0.	0.	1	
5.74835	58.9009	327	0	1	2	2	1	1	1.29742e-006	3.16327e-005	0.	0.	0.	0.	0.	1.	0.	0.	0.	0.	1	
5.76534	58.8454	328	0	1	2	2	1	1	1.29742e-006	3.16327e-005	0.	0.	0.	0.	0.	1.	0.	0.	0.	0.	1	
5.78235	58.8089	329	0	1	2	2	1	1	1.29742e-006	3.16327e-005	0.	0.	0.	0.	0.	1.	0.	0.	0.	0.	1	
5.79935	58.7995	330	0	1	2	2	1	1	1.29742e-006	3.16327e-005	0.	0.	0.	0.	0.	1.	0.	0.	0.	0.	1	
5.81638	58.7338	331	0	1	2	2	1	1	1.29742e-006	3.16327e-005	0.	0.	0.	0.	0.	1.	0.	0.	0.	0.	1	
5.83338	58.8235	332	0	1	2	2	1	1	1.29742e-006	3.16327e-005	0.	0.	0.	0.	0.	1.	0.	0.	0.	0.	1	
5.85036	58.9082	333	0	1	2	2	1	1	1.29742e-006	3.16327e-005	0.	0.	0.	0.	0.	1.	0.	0.	0.	0.	1	
5.86733	58.9229	334	0	1	2	2	1	1	1.29742e-006	3.16327e-005	0.	0.	0.	0.	0.	1.	0.	0.	0.	0.	1	
5.88436	58.7244	335	0	1	2	2	1	1	1.29742e-006	3.16327e-005	0.	0.	0.	0.	0.	1.	0.	0.	0.	0.	1	
5.90033	62.5934	336	0	1	2	2	1	1	1.29742e-006	3.16327e-005	0.	0.	0.	0.	0.	1.	0.	0.	0.	0.	1	
5.91635	62.4224	337	0	1	2	2	1	1	1.29742e-006	3.16327e-005	0.	0.	0.	0.	0.	1.	0.	0.	0.	0.	1	
5.93235	62.4859	338	0	1	2	2	1	1	1.29742e-006	3.16327e-005	0.	0.	0.	0.	0.	1.	0.	0.	0.	0.	1	
5.94936	58.8026	339	0	1	2	2	1	1	1.29742e-006	3.16327e-005	0.	0.	0.	0.	0.	1.	0.	0.	0.	0.	1	
5.96636	58.8183	340	0	1	2	2	1	1	1.29742e-006	3.16327e-005	0.	0.	0.	0.	0.	1.	0.	0.	0.	0.	1	
5.98336	58.8486	341	0	1	2	2	1	1	1.29742e-006	3.16327e-005	0.	0.	0.	0.	0.	1.	0.	0.	0.	0.	1	
5.99933	62.5816	342	0	1	2	2	1	1	1.29742e-006	3.16327e-005	0.	0.	0.	0.	0.	1.	0.	0.	0.	0.	1	
6.01534	62.4706	343	0	1	2	2	1	1	1.29742e-006	3.16327e-005	0.	0.	0.	0.	0.	1.	0.	0.	0.	0.	1	
6.03139	62.3284	344	0	1	2	2	1	1	1.29742e-006	3.16327e-005	0.	0.	0.	0.	0.	1.	0.	0.	0.	0.	1	
6.04836	58.9281	345	0	1	2	2	1	1	1.29742e-006	3.16327e-005	0.	0.	0.	0.	0.	1.	0.	0.	0.	0.	1	
6.06433	62.591	346	0	1	2	2	1	1	1.29742e-006	3.16327e-005	0.	0.	0.	0.	0.	1.	0.	0.	0.	0.	1	
6.08136	58.7421	347	0	1	2	2	1	1	1.29742e-006	3.16327e-005	0.	0.	0.	0.	0.	1.	0.	0.	0.	0.	1	
6.09836	58.7932	348	0	1	2	2	1	1	1.29742e-006	3.16327e-005	0.	0.	0.	0.	0.	1.	0.	0.	0.	0.	1	
6.11433	62.6313	349	0	1	2	2	1	1	1.29742e-006	3.16327e-005	0.	0.	0.	0.	0.	1.	0.	0.	0.	0.	1	
6.13033	62.4954	350	0	1	2	2	1	1	1.29742e-006	3.16327e-005	0.	0.	0.	0.	0.	1.	0.	0.	0.	0.	1	
6.14636	62.3801	351	0	1	2	2	1	1	1.29742e-006	3.16327e-005	0.	0.	0.	0.	0.	1.	0.	0.	0.	0.	1	
6.16337	58.7963	352	0	1	2	2	1	1	1.29742e-006	3.16327e-005	0.	0.	0.	0.	0.	1.	0.	0.	0.	0.	1	
6.18037	58.8433	353	0	1	2	2	1	1	1.29742e-006	3.16327e-005	0.	0.	0.	0.	0.	1.	0.	0.	0.	0.	1	
6.19736	58.8298	354	0	1	2	2	1	1	1.29742e-006	3.16327e-005	0.	0.	0.	0.	0.	1.	0.	0.	0.	0.	1	
6.21336	62.4954	355	0	1	2	2	1	1	1.29742e-006	3.16327e-005	0.	0.	0.	0.	0.	1.	0.	0.	0.	0.	1	
6.22935	62.5686	356	0	1	2	2	1	1	1.29742e-006	3.16327e-005	0.	0.	0.	0.	0.	1.	0.	0.	0.	0.	1	
6.24637	58.7494	357	0	1	2	2	1	1	1.29742e-006	3.16327e-005	0.	0.	0.	0.	0.	1.	0.	0.	0.	0.	1	
6.26337	58.8308	358	0	1	2	2	1	1	1.29742e-006	3.16327e-005	0.	0.	0.	0.	0.	1.	0.	0.	0.	0.	1	
6.27937	62.4683	359	0	1	2	2	1	1	1.29742e-006	3.16327e-005	0.	0.	0.	0.	0.	1.	0.	0.	0.	0.	1	
6.29637	58.8266	360	0	1	2	2	1	1	1.29742e-006	3.16327e-005	0.	0.	0.	0.	0.	1.	0.	0.	0.	0.	1	
6.31338	58.8151	361	0	1	2	2	1	1	1.29742e-006	3.16327e-005	0.	0.	0.	0.	0.	1.	0.	0.	0.	0.	1	
6.32937	62.506	362	0	1	2	2	1	1	1.29742e-006	3.16327e-005	0.	0.	0.	0.	0.	1.	0.	0.	0.	0.	1	
6.34635	58.9229	363	0	1	2	2	1	1	1.29742e-006	3.16327e-005	0.	0.	0.	0.	0.	1.	0.	0.	0.	0.	1	
6.36237	62.4012	364	0	1	2	2	1	1	1.29742e-006	3.16327e-005	0.	0.	0.	0.	0.	1.	0.	0.	0.	0.	1	
6.37836	62.5284	365	0	1	2	2	1	1	1.29742e-006	3.16327e-005	0.	0.	0.	0.	0.	1.	0.	0.	0.	0.	1	
6.39536	58.8381	366	0	1	2	2	1	1	1.29742e-006	3.16327e-005	0.	0.	0.	0.	0.	1.	0.	0.	0.	0.	1	
6.41137	62.4506	367	0	1	2	2	1	1	1.29742e-006	3.16327e-005	0.	0.	0.	0.	0.	1.	0.	0.	0.	0.	1	
6.42837	58.8402	368	0	1	2	2	1	1	1.29742e-006	3.16327e-005	0.	0.	0.	0.	0.	1.	0.	0.	0.	0.	1	
6.44533	58.9543	369	0	1	2	2	1	1	1.29742e-006	3.16327e-005	0.	0.	0.	0.	0.	1.	0.	0.	0.	0.	1	
6.46138	62.2862	370	0	1	2	2	1	1	1.29742e-006	3.16327e-005	0.	0.	0.	0.	0.	1.	0.	0.	0.	0.	1	
6.47738	62.5166	371	0	1	2	2	1	1	1.29742e-006	3.16327e-005	0.	0.	0.	0.	0.	1.	0.	0.	0.	0.	1	
6.49439	58.7995	372	0	1	2	2	1	1	1.29742e-006	3.16327e-005	0.	0.	0.	0.	0.	1.	0.	0.	0.	0.	1	
6.51038	62.5296	373	0	1	2	2	1	1	1.29742e-006	3.16327e-005	0.	0.	0.	0.	0.	1.	0.	0.	0.	0.	1	
6.52738	58.8329	374	0	1	2	2	1	1	1.29742e-006	3.16327e-005	0.	0.	0.	0.	0.	1.	0.	0.	0.	0.	1	
6.54437	58.8402	375	0	1	2	2	1	1	1.29742e-006	3.16327e-005	0.	0.	0.	0.	0.	1.	0.	0.	0.	0.	1	
6.56037	62.493	376	0	1	2	2	1	1	1.29742e-006	3.16327e-005	0.	0.	0.	0.	0.	1.	0.	0.	0.	0.	1	
6.57736	58.8779	377	0	1	2	2	1	1	1.29742e-006	3.16327e-005	0.	0.	0.	0.	0.	1.	0.	0.	0.	0.	1	
6.59435	58.8392	378	0	1	2	2	1	1	1.29742e-006	3.16327e-005	0.	0.	0.	0.	0.	1.	0.	0.	0.	0.	1	
6.61036	62.4966	379	0	1	2	2	1	1	1.29742e-006	3.16327e-005	0.	0.	0.	0.	0.	1.	0.	0.	0.	0.	1	
6.62738	58.7536	380	0	1	2	2	1	1	1.29742e-006	3.16327e-005	0.	0.	0.	0.	0.	1.	0.	0.	0.	0.	1	
6.64433	58.9764	381	0	1	2	2	1	1	1.29742e-006	3.16327e-005	0.	0.	0.	0.	0.	1.	0.	0.	0.	0.	1	
6.66135	58.7598	382	0	1	2	2	1	1	1.29742e-006	3.16327e-005	0.	0.	0.	0.	0.	1.	0.	0.	0.	0.	1	
6.67837	58.7567	383	0	1	2	2	1	1	1.29742e-006	3.16327e-005	0.	0.	0.	0.	0.	1.	0.	0.	0.	0.	1	
6.69535	58.8841	384	0	1	2	2	1	1	1.29742e-006	3.16327e-005	0.	0.	0.	0.	0.	1.	0.	0.	0.	0.	1	
6.71236	58.8026	385	0	1	2	2	1	1	1.29742e-006	3.16327e-005	0.	0.	0.	0.	0.	1.	0.	0.	0.	0.	1	
6.72936	58.8298	386	0	1	2	2	1	1	1.29742e-006	3.16327e-005	0.	0.	0.	0.	0.	1.	0.	0.	0.	0.	1	
6.74536	62.4859	387	0	1	2	2	1	1	1.29742e-006	3.16327e-005	0.	0.	0.	0.	0.	1.	0.	0.	0.	0.	1	
6.76139	62.3636	388	0	1	2	2	1	1	1.29742e-006	3.16327e-005	0.	0.	0.	0.	0.	1.	0.	0.	0.	0.	1	
6.77735	62.6609	389	0	1	2	2	1	1	1.29742e-006	3.16327e-005	0.	0.	0.	0.	0.	1.	0.	0.	0.	0.	1	
6.79338	62.3953	390	0	1	2	2	1	1	1.29742e-006	3.16327e-005	0.	0.	0.	0.	0.	1.	0.	0.	0.	0.	1	
6.80936	62.5981	391	0	1	2	2	1	1	1.29742e-006	3.16327e-005	0.	0.	0.	0.	0.	1.	0.	0.	0.	0.	1	
6.82535	62.5237	392	0	1	2	2	1	1	1.29742e-006	3.16327e-005	0.	0.	0.	0.	0.	1.	0.	0.	0.	0.	1	
6.84132	62.6064	393	0	1	2	2	1	1	1.29742e-006	3.16327e-005	0.	0.	0.	0.	0.	1.	0.	0.	0.	0.	1	
6.85734	62.4471	394	0	1	2	2	1	1	1.29742e-006	3.16327e-005	0.	0.	0.	0.	0.	1.	0.	0.	0.	0.	1	
6.87335	62.4247	395	0	1	2	2	1	1	1.29742e-006	3.16327e-005	0.	0.	0.	0.	0.	1.	0.	0.	0.	0.	1	
6.88935	62.5284	396	0	1	2	2	1	1	1.29742e-006	3.16327e-005	0.	0.	0.	0.	0.	1.	0.	0.	0.	0.	1	
6.90535	62.5001	397	0	1	2	2	1	1	1.29742e-006	3.16327e-005	0.	0.	0.	0.	0.	1.	0.	0.	0.	0.	1	
6.92135	62.4742	398	0	1	2	2	1	1	1.29742e-006	3.16327e-005	0.	0.	0.	0.	0.	1.	0.	0.	0.	0.	1	
6.93735	62.5036	399	0	1	2	2	1	1	1.29742e-006	3.16327e-005	0.	0.	0.	0.	0.	1.	0.	0.	0.	0.	1	
6.95337	62.453	400	0	1	2	2	1	1	1.29742e-006	3.16327e-005	0.	0.	0.	0.	0.	1.	0.	0.	0.	0.	1	
6.97032	58.9764	401	0	1	2	2	1	1	1.29742e-006	3.16327e-005	0.	0.	0.	0.	0.	1.	0.	0.	0.	0.	1	
6.98636	62.3343	402	0	1	2	2	1	1	1.29742e-006	3.16327e-005	0.	0.	0.	0.	0.	1.	0.	0.	0.	0.	1	
7.00236	62.5319	403	0	1	2	2	1	1	1.29742e-006	3.16327e-005	0.	0.	0.	0.	0.	1.	0.	0.	0.	0.	1	
7.01935	58.8433	404	0	1	2	2	1	1	1.29742e-006	3.16327e-005	0.	0.	0.	0.	0.	1.	0.	0.	0.	0.	1	
7.03635	58.8277	405	0	1	2	2	1	1	1.29742e-006	3.16327e-005	0.	0.	0.	0.	0.	1.	0.	0.	0.	0.	1	
7.05334	58.8433	406	0	1	2	2	1	1	1.29742e-006	3.16327e-005	0.	0.	0.	0.	0.	1.	0.	0.	0.	0.	1	
7.07035	58.787	407	0	1	2	2	1	1	1.29742e-006	3.16327e-005	0.	0.	0.	0.	0.	1.	0.	0.	0.	0.	1	
7.08736	58.8047	408	0	1	2	2	1	1	1.29742e-006	3.16327e-005	0.	0.	0.	0.	0.	1.	0.	0.	0.	0.	1	
7.10436	58.8224	409	0	1	2	2	1	1	1.29742e-006	3.16327e-005	0.	0.	0.	0.	0.	1.	0.	0.	0.	0.	1	
7.12136	58.812	410	0	1	2	2	1	1	1.29742e-006	3.16327e-005	0.	0.	0.	0.	0.	1.	0.	0.	0.	0.	1	
7.13837	58.812	411	0	1	2	2	1	1	1.29742e-006	3.16327e-005	0.	0.	0.	0.	0.	1.	0.	0.	0.	0.	1	
7.15537	58.8036	412	0	1	2	2	1	1	1.29742e-006	3.16327e-005	0.	0.	0.	0.	0.	1.	0.	0.	0.	0.	1	
7.17237	58.8235	413	0	1	2	2	1	1	1.29742e-006	3.16327e-005	0.	0.	0.	0.	0.	1.	0.	0.	0.	0.	1	
7.18936	58.8538	414	0	1	2	2	1	1	1.29742e-006	3.16327e-005	0.	0.	0.	0.	0.	1.	0.	0.	0.	0.	1	
7.20636	58.8245	415	0	1	2	2	1	1	1.29742e-006	3.16327e-005	0.	0.	0.	0.	0.	1.	0.	0.	0.	0.	1	
7.22337	58.787	416	0	1	2	2	1	1	1.29742e-006	3.16327e-005	0.	0.	0.	0.	0.	1.	0.	0.	0.	0.	1	
7.24037	58.8381	417	0	1	2	2	1	1	1.29742e-006	3.16327e-005	0.	0.	0.	0.	0.	1.	0.	0.	0.	0.	1	
7.25738	58.7724	418	0	1	2	2	1	1	1.29742e-006	3.16327e-005	0.	0.	0.	0.	0.	1.	0.	0.	0.	0.	1	
7.27438	58.8412	419	0	1	2	2	1	1	1.29742e-006	3.16327e-005	0.	0.	0.	0.	0.	1.	0.	0.	0.	0.	1	
7.29138	58.8162	420	0	1	2	2	1	1	1.29742e-006	3.16327e-005	0.	0.	0.	0.	0.	1.	0.	0.	0.	0.	1	
7.30838	58.835	421	0	1	2	2	1	1	1.29742e-006	3.16327e-005	0.	0.	0.	0.	0.	1.	0.	0.	0.	0.	1	
7.32436	62.5863	422	0	1	2	2	1	1	1.29742e-006	3.16327e-005	0.	0.	0.	0.	0.	1.	0.	0.	0.	0.	1	
7.34138	58.738	423	0	1	2	2	1	1	1.29742e-006	3.16327e-005	0.	0.	0.	0.	0.	1.	0.	0.	0.	0.	1	
7.3584	58.7692	424	0	1	2	2	1	1	1.29742e-006	3.16327e-005	0.	0.	0.	0.	0.	1.	0.	0.	0.	0.	1	
7.37536	58.9459	425	0	1	2	2	1	1	1.29742e-006	3.16327e-005	0.	0.	0.	0.	0.	1.	0.	0.	0.	0.	1	
7.39238	58.7651	426	0	1	2	2	1	1	1.29742e-006	3.16327e-005	0.	0.	0.	0.	0.	1.	0.	0.	0.	0.	1	
7.40939	58.7963	427	0	1	2	2	1	1	1.29742e-006	3.16327e-005	0.	0.	0.	0.	0.	1.	0.	0.	0.	0.	1	
7.42639	58.8099	428	0	1	2	2	1	1	1.29742e-006	3.16327e-005	0.	0.	0.	0.	0.	1.	0.	0.	0.	0.	1	
7.44338	58.8538	429	0	1	2	2	1	1	1.29742e-006	3.16327e-005	0.	0.	0.	0.	0.	1.	0.	0.	0.	0.	1	
7.4604	58.7588	430	0	1	2	2	1	1	1.29742e-006	3.16327e-005	0.	0.	0.	0.	0.	1.	0.	0.	0.	0.	1	
7.47737	58.9082	431	0	1	2	2	1	1	1.29742e-006	3.16327e-005	0.	0.	0.	0.	0.	1.	0.	0.	0.	0.	1	
7.49438	58.8204	432	0	1	2	2	1	1	1.29742e-006	3.16327e-005	0.	0.	0.	0.	0.	1.	0.	0.	0.	0.	1	
7.51136	58.882	433	0	1	2	2	1	1	1.29742e-006	3.16327e-005	0.	0.	0.	0.	0.	1.	0.	0.	0.	0.	1	
7.52842	58.6205	434	0	1	2	2	1	1	1.29742e-006	3.16327e-005	0.	0.	0.	0.	0.	1.	0.	0.	0.	0.	1	
7.54537	58.9785	435	0	1	2	2	1	1	1.29742e-006	3.16327e-005	0.	0.	0.	0.	0.	1.	0.	0.	0.	0.	1	
7.56239	58.7473	436	0	1	2	2	1	1	1.29742e-006	3.16327e-005	0.	0.	0.	0.	0.	1.	0.	0.	0.	0.	1	
7.57938	58.8737	437	0	1	2	2	1	1	1.29742e-006	3.16327e-005	0.	0.	0.	0.	0.	1.	0.	0.	0.	0.	1	
7.59641	58.7328	438	0	1	2	2	1	1	1.29742e-006	3.16327e-005	0.	0.	0.	0.	0.	1.	0.	0.	0.	0.	1	
7.61338	58.9103	439	0	1	2	2	1	1	1.29742e-006	3.16327e-005	0.	0.	0.	0.	0.	1.	0.	0.	0.	0.	1	
7.62941	62.3989	440	0	1	2	2	1	1	1.29742e-006	3.16327e-005	0.	0.	0.	0.	0.	1.	0.	0.	0.	0.	1	
7.64641	58.811	441	0	1	2	2	1	1	1.29742e-006	3.16327e-005	0.	0.	0.	0.	0.	1.	0.	0.	0.	0.	1	
7.66341	58.8308	442	0	1	2	2	1	1	1.29742e-006	3.16327e-005	0.	0.	0.	0.	0.	1.	0.	0.	0.	0.	1	
7.68041	58.8371	443	0	1	2	2	1	1	1.29742e-006	3.16327e-005	0.	0.	0.	0.	0.	1.	0.	0.	0.	0.	1	
7.6974	58.8298	444	0	1	2	2	1	1	1.29742e-006	3.16327e-005	0.	0.	0.	0.	0.	1.	0.	0.	0.	0.	1	
7.71441	58.8099	445	0	1	2	2	1	1	1.29742e-006	3.16327e-005	0.	0.	0.	0.	0.	1.	0.	0.	0.	0.	1	
7.73139	58.882	446	0	1	2	2	1	1	1.29742e-006	3.16327e-005	0.	0.	0.	0.	0.	1.	0.	0.	0.	0.	1	
7.74841	58.7515	447	0	1	2	2	1	1	1.29742e-006	3.16327e-005	0.	0.	0.	0.	0.	1.	0.	0.	0.	0.	1	
7.76541	58.8423	448	0	1	2	2	1	1	1.29742e-006	3.16327e-005	0.	0.	0.	0.	0.	1.	0.	0.	0.	0.	1	
7.78241	58.813	449	0	1	2	2	1	1	1.29742e-006	3.16327e-005	0.	0.	0.	0.	0.	1.	0.	0.	0.	0.	1	
7.79942	58.8016	450	0	1	2	2	1	1	1.29742e-006	3.16327e-005	0.	0.	0.	0.	0.	1.	0.	0.	0.	0.	1	
7.81641	58.8392	451	0	1	2	2	1	1	1.29742e-006	3.16327e-005	0.	0.	0.	0.	0.	1.	0.	0.	0.	0.	1	
7.83341	58.8245	452	0	1	2	2	1	1	1.29742e-006	3.16327e-005	0.	0.	0.	0.	0.	1.	0.	0.	0.	0.	1	
7.85041	58.8151	453	0	1	2	2	1	1	1.29742e-006	3.16327e-005	0.	0.	0.	0.	0.	1.	0.	0.	0.	0.	1	
7.86738	58.9271	454	0	1	2	2	1	1	1.29742e-006	3.16327e-005	0.	0.	0.	0.	0.	1.	0.	0.	0.	0.	1	
7.88441	58.7307	455	0	1	2	2	1	1	1.29742e-006	3.16327e-005	0.	0.	0.	0.	0.	1.	0.	0.	0.	0.	1	
7.90142	58.7963	456	0	1	2	2	1	1	1.29742e-006	3.16327e-005	0.	0.	0.	0.	0.	1.	0.	0.	0.	0.	1	
7.91839	58.904	457	0	1	2	2	1	1	1.29742e-006	3.16327e-005	0.	0.	0.	0.	0.	1.	0.	0.	0.	0.	1	
7.93543	58.713	458	0	1	2	2	1	1	1.29742e-006	3.16327e-005	0.	0.	0.	0.	0.	1.	0.	0.	0.	0.	1	
7.95242	58.8632	459	0	1	2	2	1	1	1.29742e-006	3.16327e-005	0.	0.	0.	0.	0.	1.	0.	0.	0.	0.	1	
7.96937	58.9869	460	0	1	2	2	1	1	1.29742e-006	3.16327e-005	0.	0.	0.	0.	0.	1.	0.	0.	0.	0.	1	
7.98641	58.6662	461	0	1	2	2	1	1	1.29742e-006	3.16327e-005	0.	0.	0.	0.	0.	1.	0.	0.	0.	0.	1	
8.00341	58.8318	462	0	1	2	2	1	1	1.29742e-006	3.16327e-005	0.	0.	0.	0.	0.	1.	0.	0.	0.	0.	1	
8.02043	58.7734	463	0	1	2	2	1	1	1.29742e-006	3.16327e-005	0.	0.	0.	0.	0.	1.	0.	0.	0.	0.	1	
8.03742	58.836	464	0	1	2	2	1	1	1.29742e-006	3.16327e-005	0.	0.	0.	0.	0.	1.	0.	0.	0.	0.	1	
8.05442	58.8444	465	0	1	2	2	1	1	1.29742e-006	3.16327e-005	0.	0.	0.	0.	0.	1.	0.	0.	0.	0.	1	
8.07142	58.8078	466	0	1	2	2	1	1	1.29742e-006	3.16327e-005	0.	0.	0.	0.	0.	1.	0.	0.	0.	0.	1	
8.08742	62.5142	467	0	1	2	2	1	1	1.29742e-006	3.16327e-005	0.	0.	0.	0.	0.	1.	0.	0.	0.	0.	1	
8.10342	62.5036	468	0	1	2	2	1	1	1.29742e-006	3.16327e-005	0.	0.	0.	0.	0.	1.	0.	0.	0.	0.	1	
8.1204	58.8904	469	0	1	2	2	1	1	1.29742e-006	3.16327e-005	0.	0.	0.	0.	0.	1.	0.	0.	0.	0.	1	
8.13741	58.7682	470	0	1	2	2	1	1	1.29742e-006	3.16327e-005	0.	0.	0.	0.	0.	1.	0.	0.	0.	0.	1	
8.15441	58.8475	471	0	1	2	2	1	1	1.29742e-006	3.16327e-005	0.	0.	0.	0.	0.	1.	0.	0.	0.	0.	1	
8.17139	58.8611	472	0	1	2	2	1	1	1.29742e-006	3.16327e-005	0.	0.	0.	0.	0.	1.	0.	0.	0.	0.	1	
8.18838	58.8883	473	0	1	2	2	1	1	1.29742e-006	3.16327e-005	0.	0.	0.	0.	0.	1.	0.	0.	0.	0.	1	
8.2054	58.7276	474	0	1	2	2	1	1	1.29742e-006	3.16327e-005	0.	0.	0.	0.	0.	1.	0.	0.	0.	0.	1	
8.22243	58.7359	475	0	1	2	2	1	1	1.29742e-006	3.16327e-005	0.	0.	0.	0.	0.	1.	0.	0.	0.	0.	1	
8.23944	58.8005	476	0	1	2	2	1	1	1.29742e-006	3.16327e-005	0.	0.	0.	0.	0.	1.	0.	0.	0.	0.	1	
8.25644	58.8256	477	0	1	2	2	1	1	1.29742e-006	3.16327e-005	0.	0.	0.	0.	0.	1.	0.	0.	0.	0.	1	
8.27347	58.7203	478	0	1	2	2	1	1	1.29742e-006	3.16327e-005	0.	0.	0.	0.	0.	1.	0.	0.	0.	0.	1	
8.29043	58.9585	479	0	1	2	2	1	1	1.29742e-006	3.16327e-005	0.	0.	0.	0.	0.	1.	0.	0.	0.	0.	1	
8.30743	58.8026	480	0	1	2	2	1	1	1.29742e-006	3.16327e-005	0.	0.	0.	0.	0.	1.	0.	0.	0.	0.	1	
8.32342	62.5544	481	0	1	2	2	1	1	1.29742e-006	3.16327e-005	0.	0.	0.	0.	0.	1.	0.	0.	0.	0.	1	
8.34043	58.7932	482	0	1	2	2	1	1	1.29742e-006	3.16327e-005	0.	0.	0.	0.	0.	1.	0.	0.	0.	0.	1	
8.35751	58.5418	483	0	1	2	2	1	1	1.29742e-006	3.16327e-005	0.	0.	0.	0.	0.	1.	0.	0.	0.	0.	1	
8.3744	59.2083	484	0	1	2	2	1	1	1.29742e-006	3.16327e-005	0.	0.	0.	0.	0.	1.	0.	0.	0.	0.	1	
8.39142	58.7453	485	0	1	2	2	1	1	1.29742e-006	3.16327e-005	0.	0.	0.	0.	0.	1.	0.	0.	0.	0.	1	
8.40843	58.8068	486	0	1	2	2	1	1	1.29742e-006	3.16327e-005	0.	0.	0.	0.	0.	1.	0.	0.	0.	0.	1	
8.42543	58.812	487	0	1	2	2	1	1	1.29742e-006	3.16327e-005	0.	0.	0.	0.	0.	1.	0.	0.	0.	0.	1	
8.44246	58.7015	488	0	1	2	2	1	1	1.29742e-006	3.16327e-005	0.	0.	0.	0.	0.	1.	0.	0.	0.	0.	1	
8.45942	58.989	489	0	1	2	2	1	1	1.29742e-006	3.16327e-005	0.	0.	0.	0.	0.	1.	0.	0.	0.	0.	1	
8.47642	58.8298	490	0	1	2	2	1	1	1.29742e-006	3.16327e-005	0.	0.	0.	0.	0.	1.	0.	0.	0.	0.	1	
8.49343	58.7598	491	0	1	2	2	1	1	1.29742e-006	3.16327e-005	0.	0.	0.	0.	0.	1.	0.	0.	0.	0.	1	
8.51042	58.8768	492	0	1	2	2	1	1	1.29742e-006	3.16327e-005	0.	0.	0.	0.	0.	1.	0.	0.	0.	0.	1	
8.52743	58.7713	493	0	1	2	2	1	1	1.29742e-006	3.16327e-005	0.	0.	0.	0.	0.	1.	0.	0.	0.	0.	1	
8.54443	58.8287	494	0	1	2	2	1	1	1.29742e-006	3.16327e-005	0.	0.	0.	0.	0.	1.	0.	0.	0.	0.	1	
8.56143	58.8172	495	0	1	2	2	1	1	1.29742e-006	3.16327e-005	0.	0.	0.	0.	0.	1.	0.	0.	0.	0.	1	
8.57839	58.9722	496	0	1	2	2	1	1	1.29742e-006	3.16327e-005	0.	0.	0.	0.	0.	1.	0.	0.	0.	0.	1	
8.59543	58.6911	497	0	1	2	2	1	1	1.29742e-006	3.16327e-005	0.	0.	0.	0.	0.	1.	0.	0.	0.	0.	1	
8.61243	58.8256	498	0	1	2	2	1	1	1.29742e-006	3.16327e-005	0.	0.	0.	0.	0.	1.	0.	0.	0.	0.	1	
8.62844	62.4659	499	0	1	2	2	1	1	1.29742e-006	3.16327e-005	0.	0.	0.	0.	0.	1.	0.	0.	0.	0.	1	
8.64542	58.8841	500	0	1	2	2	1	1	1.29742e-006	3.16327e-005	0.	0.	0.	0.	0.	1.	0.	0.	0.	0.	1	
8.66241	58.8747	501	0	1	2	2	1	1	1.29742e-006	3.16327e-005	0.	0.	0.	0.	0.	1.	0.	0.	0.	0.	1	
8.67945	58.6683	502	0	1	2	2	1	1	1.29742e-006	3.16327e-005	0.	0.	0.	0.	0.	1.	0.	0.	0.	0.	1	
8.69643	58.8862	503	0	1	2	2	1	1	1.29742e-006	3.16327e-005	0.	0.	0.	0.	0.	1.	0.	0.	0.	0.	1	
8.71347	58.6787	504	0	1	2	2	1	1	1.29742e-006	3.16327e-005	0.	0.	0.	0.	0.	1.	0.	0.	0.	0.	1	
8.73042	59.0142	505	0	1	2	2	1	1	1.29742e-006	3.16327e-005	0.	0.	0.	0.	0.	1.	0.	0.	0.	0.	1	
8.74745	58.7088	506	0	1	2	2	1	1	1.29742e-006	3.16327e-005	0.	0.	0.	0.	0.	1.	0.	0.	0.	0.	1	
8.76442	58.947	507	0	1	2	2	1	1	1.29742e-006	3.16327e-005	0.	0.	0.	0.	0.	1.	0.	0.	0.	0.	1	
8.78139	58.9019	508	0	1	2	2	1	1	1.29742e-006	3.16327e-005	0.	0.	0.	0.	0.	1.	0.	0.	0.	0.	1	
8.79844	58.6548	509	0	1	2	2	1	1	1.29742e-006	3.16327e-005	0.	0.	0.	0.	0.	1.	0.	0.	0.	0.	1	
8.81545	58.8047	510	0	1	2	2	1	1	1.29742e-006	3.16327e-005	0.	0.	0.	0.	0.	1.	0.	0.	0.	0.	1	
8.83242	58.9051	511	0	1	2	2	1	1	1.29742e-006	3.16327e-005	0.	0.	0.	0.	0.	1.	0.	0.	0.	0.	1	
8.84945	58.7255	512	0	1	2	2	1	1	1.29742e-006	3.16327e-005	0.	0.	0.	0.	0.	1.	0.	0.	0.	0.	1	
8.86642	58.9344	513	0	1	2	2	1	1	1.29742e-006	3.16327e-005	0.	0.	0.	0.	0.	1.	0.	0.	0.	0.	1	
8.88345	58.7203	514	0	1	2	2	1	1	1.29742e-006	3.16327e-005	0.	0.	0.	0.	0.	1.	0.	0.	0.	0.	1	
8.90044	58.8475	515	0	1	2	2	1	1	1.29742e-006	3.16327e-005	0.	0.	0.	0.	0.	1.	0.	0.	0.	0.	1	
8.91744	58.8454	516	0	1	2	2	1	1	1.29742e-006	3.16327e-005	0.	0.	0.	0.	0.	1.	0.	0.	0.	0.	1	
8.93442	58.8873	517	0	1	2	2	1	1	1.29742e-006	3.16327e-005	0.	0.	0.	0.	0.	1.	0.	0.	0.	0.	1	
8.95142	58.8329	518	0	1	2	2	1	1	1.29742e-006	3.16327e-005	0.	0.	0.	0.	0.	1.	0.	0.	0.	0.	1	
8.96842	58.8172	519	0	1	2	2	1	1	1.29742e-006	3.16327e-005	0.	0.	0.	0.	0.	1.	0.	0.	0.	0.	1	
8.98545	58.7047	520	0	1	2	2	1	1	1.29742e-006	3.16327e-005	0.	0.	0.	0.	0.	1.	0.	0.	0.	0.	1	
9.00244	58.8747	521	0	1	2	2	1	1	1.29742e-006	3.16327e-005	0.	0.	0.	0.	0.	1.	0.	0.	0.	0.	1	
9.01944	58.8057	522	0	1	2	2	1	1	1.29742e-006	3.16327e-005	0.	0.	0.	0.	0.	1.	0.	0.	0.	0.	1	
9.03644	58.8193	523	0	1	2	2	1	1	1.29742e-006	3.16327e-005	0.	0.	0.	0.	0.	1.	0.	0.	0.	0.	1	
9.05341	58.9438	524	0	1	2	2	1	1	1.29742e-006	3.16327e-005	0.	0.	0.	0.	0.	1.	0.	0.	0.	0.	1	
9.07039	58.8956	525	0	1	2	2	1	1	1.29742e-006	3.16327e-005	0.	0.	0.	0.	0.	1.	0.	0.	0.	0.	1	
9.08744	58.6454	526	0	1	2	2	1	1	1.29742e-006	3.16327e-005	0.	0.	0.	0.	0.	1.	0.	0.	0.	0.	1	
9.10443	58.8465	527	0	1	2	2	1	1	1.29742e-006	3.16327e-005	0.	0.	0.	0.	0.	1.	0.	0.	0.	0.	1	
9.12145	58.7797	528	0	1	2	2	1	1	1.29742e-006	3.16327e-005	0.	0.	0.	0.	0.	1.	0.	0.	0.	0.	1	
9.13848	58.7234	529	0	1	2	2	1	1	1.29742e-006	3.16327e-005	0.	0.	0.	0.	0.	1.	0.	0.	0.	0.	1	
9.15545	58.9072	530	0	1	2	2	1	1	1.29742e-006	3.16327e-005	0.	0.	0.	0.	0.	1.	0.	0.	0.	0.	1	
9.17245	58.8277	531	0	1	2	2	1	1	1.29742e-006	3.16327e-005	0.	0.	0.	0.	0.	1.	0.	0.	0.	0.	1	
9.18945	58.8298	532	0	1	2	2	1	1	1.29742e-006	3.16327e-005	0.	0.	0.	0.	0.	1.	0.	0.	0.	0.	1	
9.20646	58.7995	533	0	1	2	2	1	1	1.29742e-006	3.16327e-005	0.	0.	0.	0.	0.	1.	0.	0.	0.	0.	1	
9.22343	58.8956	534	0	1	2	2	1	1	1.29742e-006	3.16327e-005	0.	0.	0.	0.	0.	1.	0.	0.	0.	0.	1	
9.24043	58.8433	535	0	1	2	2	1	1	1.29742e-006	3.16327e-005	0.	0.	0.	0.	0.	1.	0.	0.	0.	0.	1	
9.25745	58.7421	536	0	1	2	2	1	1	1.29742e-006	3.16327e-005	0.	0.	0.	0.	0.	1.	0.	0.	0.	0.	1	
9.27444	58.8831	537	0	1	2	2	1	1	1.29742e-006	3.16327e-005	0.	0.	0.	0.	0.	1.	0.	0.	0.	0.	1	
9.29146	58.7276	538	0	1	2	2	1	1	1.29742e-006	3.16327e-005	0.	0.	0.	0.	0.	1.	0.	0.	0.	0.	1	
9.30842	58.9806	539	0	1	2	2	1	1	1.29742e-006	3.16327e-005	0.	0.	0.	0.	0.	1.	0.	0.	0.	0.	1	
9.32545	58.7015	540	0	1	2	2	1	1	1.29742e-006	3.16327e-005	0.	0.	0.	0.	0.	1.	0.	0.	0.	0.	1	
9.34244	58.8611	541	0	1	2	2	1	1	1.29742e-006	3.16327e-005	0.	0.	0.	0.	0.	1.	0.	0.	0.	0.	1	
9.35945	58.7953	542	0	1	2	2	1	1	1.29742e-006	3.16327e-005	0.	0.	0.	0.	0.	1.	0.	0.	0.	0.	1	
9.37645	58.812	543	0	1	2	2	1	1	1.29742e-006	3.16327e-005	0.	0.	0.	0.	0.	1.	0.	0.	0.	0.	1	
9.39346	58.8068	544	0	1	2	2	1	1	1.29742e-006	3.16327e-005	0.	0.	0.	0.	0.	1.	0.	0.	0.	0.	1	
9.41044	58.8925	545	0	1	2	2	1	1	1.29742e-006	3.16327e-005	0.	0.	0.	0.	0.	1.	0.	0.	0.	0.	1	
9.42743	58.8538	546	0	1	2	2	1	1	1.29742e-006	3.16327e-005	0.	0.	0.	0.	0.	1.	0.	0.	0.	0.	1	
9.44443	58.8339	547	0	1	2	2	1	1	1.29742e-006	3.16327e-005	0.	0.	0.	0.	0.	1.	0.	0.	0.	0.	1	
9.46147	58.6652	548	0	1	2	2	1	1	1.29742e-006	3.16327e-005	0.	0.	0.	0.	0.	1.	0.	0.	0.	0.	1	
9.47845	58.8925	549	0	1	2	2	1	1	1.29742e-006	3.16327e-005	0.	0.	0.	0.	0.	1.	0.	0.	0.	0.	1	
9.49545	58.8235	550	0	1	2	2	1	1	1.29742e-006	3.16327e-005	0.	0.	0.	0.	0.	1.	0.	0.	0.	0.	1	
9.51244	58.8705	551	0	1	2	2	1	1	1.29742e-006	3.16327e-005	0.	0.	0.	0.	0.	1.	0.	0.	0.	0.	1	
9.52946	58.763	552	0	1	2	2	1	1	1.29742e-006	3.16327e-005	0.	0.	0.	0.	0.	1.	0.	0.	0.	0.	1	
9.54644	58.8726	553	0	1	2	2	1	1	1.29742e-006	3.16327e-005	0.	0.	0.	0.	0.	1.	0.	0.	0.	0.	1	
9.56346	58.7755	554	0	1	2	2	1	1	1.29742e-006	3.16327e-005	0.	0.	0.	0.	0.	1.	0.	0.	0.	0.	1	
9.58046	58.8036	555	0	1	2	2	1	1	1.29742e-006	3.16327e-005	0.	0.	0.	0.	0.	1.	0.	0.	0.	0.	1	
9.59746	58.8381	556	0	1	2	2	1	1	1.29742e-006	3.16327e-005	0.	0.	0.	0.	0.	1.	0.	0.	0.	0.	1	
9.61446	58.8183	557	0	1	2	2	1	1	1.29742e-006	3.16327e-005	0.	0.	0.	0.	0.	1.	0.	0.	0.	0.	1	
9.63153	58.5739	558	0	1	2	2	1	1	1.29742e-006	3.16327e-005	0.	0.	0.	0.	0.	1.	0.	0.	0.	0.	1	
9.64842	59.2125	559	0	1	2	2	1	1	1.29742e-006	3.16327e-005	0.	0.	0.	0.	0.	1.	0.	0.	0.	0.	1	
9.66547	58.6454	560	0	1	2	2	1	1	1.29742e-006	3.16327e-005	0.	0.	0.	0.	0.	1.	0.	0.	0.	0.	1	
9.68243	58.9554	561	0	1	2	2	1	1	1.29742e-006	3.16327e-005	0.	0.	0.	0.	0.	1.	0.	0.	0.	0.	1	
9.69946	58.7505	562	0	1	2	2	1	1	1.29742e-006	3.16327e-005	0.	0.	0.	0.	0.	1.	0.	0.	0.	0.	1	
9.71647	58.7682	563	0	1	2	2	1	1	1.29742e-006	3.16327e-005	0.	0.	0.	0.	0.	1.	0.	0.	0.	0.	1	
9.73347	58.8235	564	0	1	2	2	1	1	1.29742e-006	3.16327e-005	0.	0.	0.	0.	0.	1.	0.	0.	0.	0.	1	
9.75047	58.8266	565	0	1	2	2	1	1	1.29742e-006	3.16327e-005	0.	0.	0.	0.	0.	1.	0.	0.	0.	0.	1	
9.76747	58.8256	566	0	1	2	2	1	1	1.29742e-006	3.16327e-005	0.	0.	0.	0.	0.	1.	0.	0.	0.	0.	1	
9.78443	58.948	567	0	1	2	2	1	1	1.29742e-006	3.16327e-005	0.	0.	0.	0.	0.	1.	0.	0.	0.	0.	1	
9.80148	58.6704	568	0	1	2	2	1	1	1.29742e-006	3.16327e-005	0.	0.	0.	0.	0.	1.	0.	0.	0.	0.	1	
9.81848	58.8172	569	0	1	2	2	1	1	1.29742e-006	3.16327e-005	0.	0.	0.	0.	0.	1.	0.	0.	0.	0.	1	
9.83547	58.8527	570	0	1	2	2	1	1	1.29742e-006	3.16327e-005	0.	0.	0.	0.	0.	1.	0.	0.	0.	0.	1	
9.85248	58.7807	571	0	1	2	2	1	1	1.29742e-006	3.16327e-005	0.	0.	0.	0.	0.	1.	0.	0.	0.	0.	1	
9.86948	58.8507	572	0	1	2	2	1	1	1.29742e-006	3.16327e-005	0.	0.	0.	0.	0.	1.	0.	0.	0.	0.	1	
9.88647	58.8496	573	0	1	2	2	1	1	1.29742e-006	3.16327e-005	0.	0.	0.	0.	0.	1.	0.	0.	0.	0.	1	
9.90348	58.7755	574	0	1	2	2	1	1	1.29742e-006	3.16327e-005	0.	0.	0.	0.	0.	1.	0.	0.	0.	0.	1	
9.92048	58.8475	575	0	1	2	2	1	1	1.29742e-006	3.16327e-005	0.	0.	0.	0.	0.	1.	0.	0.	0.	0.	1	
9.93748	58.811	576	0	1	2	2	1	1	1.29742e-006	3.16327e-005	0.	0.	0.	0.	0.	1.	0.	0.	0.	0.	1	
9.95445	58.9145	577	0	1	2	2	1	1	1.29742e-006	3.16327e-005	0.	0.	0.	0.	0.	1.	0.	0.	0.	0.	1	
9.97148	58.7348	578	0	1	2	2	1	1	1.29742e-006	3.16327e-005	0.	0.	0.	0.	0.	1.	0.	0.	0.	0.	1	
9.98845	58.9218	579	0	1	2	2	1	1	1.29742e-006	3.16327e-005	0.	0.	0.	0.	0.	1.	0.	0.	0.	0.	1	
10.0055	58.7328	580	0	1	2	2	1	1	1.29742e-006	3.16327e-005	0.	0.	0.	0.	0.	1.	0.	0.	0.	0.	1	
10.0225	58.8465	581	0	1	2	2	1	1	1.29742e-006	3.16327e-005	0.	0.	0.	0.	0.	1.	0.	0.	0.	0.	1	
10.0385	62.4742	582	0	1	2	2	1	1	1.29742e-006	3.16327e-005	0.	0.	0.	0.	0.	1.	0.	0.	0.	0.	1	
10.0555	58.789	583	0	1	2	2	1	1	1.29742e-006	3.16327e-005	0.	0.	0.	0.	0.	1.	0.	0.	0.	0.	1	
10.0715	62.4177	584	0	1	2	2	1	1	1.29742e-006	3.16327e-005	0.	0.	0.	0.	0.	1.	0.	0.	0.	0.	1	
10.0875	62.6419	585	0	1	2	2	1	1	1.29742e-006	3.16327e-005	0.	0.	0.	0.	0.	1.	0.	0.	0.	0.	1	
10.1035	62.4765	586	0	1	2	2	1	1	1.29742e-006	3.16327e-005	0.	0.	0.	0.	0.	1.	0.	0.	0.	0.	1	
10.1205	58.812	587	0	1	2	2	1	1	1.29742e-006	3.16327e-005	0.	0.	0.	0.	0.	1.	0.	0.	0.	0.	1	
10.1375	58.8329	588	0	1	2	2	1	1	1.29742e-006	3.16327e-005	0.	0.	0.	0.	0.	1.	0.	0.	0.	0.	1	
10.1545	58.9208	589	0	1	2	2	1	1	1.29742e-006	3.16327e-005	0.	0.	0.	0.	0.	1.	0.	0.	0.	0.	1	
10.1715	58.7213	590	0	1	2	2	1	1	1.29742e-006	3.16327e-005	0.	0.	0.	0.	0.	1.	0.	0.	0.	0.	1	
10.1885	58.8611	591	0	1	2	2	1	1	1.29742e-006	3.16327e-005	0.	0.	0.	0.	0.	1.	0.	0.	0.	0.	1	
10.2055	58.7838	592	0	1	2	2	1	1	1.29742e-006	3.16327e-005	0.	0.	0.	0.	0.	1.	0.	0.	0.	0.	1	
10.2225	58.8162	593	0	1	2	2	1	1	1.29742e-006	3.16327e-005	0.	0.	0.	0.	0.	1.	0.	0.	0.	0.	1	
10.2395	58.8465	594	0	1	2	2	1	1	1.29742e-006	3.16327e-005	0.	0.	0.	0.	0.	1.	0.	0.	0.	0.	1	
10.2565	58.7234	595	0	1	2	2	1	1	1.29742e-006	3.16327e-005	0.	0.	0.	0.	0.	1.	0.	0.	0.	0.	1	
10.2725	62.5072	596	0	1	2	2	1	1	1.29742e-006	3.16327e-005	0.	0.	0.	0.	0.	1.	0.	0.	0.	0.	1	
10.2894	59.0468	597	0	1	2	2	1	1	1.29742e-006	3.16327e-005	0.	0.	0.	0.	0.	1.	0.	0.	0.	0.	1	
10.3055	62.3108	598	0	1	2	2	1	1	1.29742e-006	3.16327e-005	0.	0.	0.	0.	0.	1.	0.	0.	0.	0.	1	
10.3215	62.519	599	0	1	2	2	1	1	1.29742e-006	3.16327e-005	0.	0.	0.	0.	0.	1.	0.	0.	0.	0.	1	
10.3375	62.4742	600	0	1	2	2	1	1	1.29742e-006	3.16327e-005	0.	0.	0.	0.	0.	1.	0.	0.	0.	0.	1	
10.3545	58.9554	601	0	1	2	2	1	1	1.29742e-006	3.16327e-005	0.	0.	0.	0.	0.	1.	0.	0.	0.	0.	1	
10.3715	58.6392	602	0	1	2	2	1	1	1.29742e-006	3.16327e-005	0.	0.	0.	0.	0.	1.	0.	0.	0.	0.	1	
10.3885	58.8779	603	0	1	2	2	1	1	1.29742e-006	3.16327e-005	0.	0.	0.	0.	0.	1.	0.	0.	0.	0.	1	
10.4055	58.8287	604	0	1	2	2	1	1	1.29742e-006	3.16327e-005	0.	0.	0.	0.	0.	1.	0.	0.	0.	0.	1	
10.4225	58.7901	605	0	1	2	2	1	1	1.29742e-006	3.16327e-005	0.	0.	0.	0.	0.	1.	0.	0.	0.	0.	1	
10.4396	58.6153	606	0	1	2	2	1	1	1.29742e-006	3.16327e-005	0.	0.	0.	0.	0.	1.	0.	0.	0.	0.	1	
10.4565	59.0426	607	0	1	2	2	1	1	1.29742e-006	3.16327e-005	0.	0.	0.	0.	0.	1.	0.	0.	0.	0.	1	
10.4735	58.8433	608	0	1	2	2	1	1	1.29742e-006	3.16327e-005	0.	0.	0.	0.	0.	1.	0.	0.	0.	0.	1	
10.4905	58.9407	609	0	1	2	2	1	1	1.29742e-006	3.16327e-005	0.	0.	0.	0.	0.	1.	0.	0.	0.	0.	1	
10.5075	58.8329	610	0	1	2	2	1	1	1.29742e-006	3.16327e-005	0.	0.	0.	0.	0.	1.	0.	0.	0.	0.	1	
10.5245	58.7588	611	0	1	2	2	1	1	1.29742e-006	3.16327e-005	0.	0.	0.	0.	0.	1.	0.	0.	0.	0.	1	
10.5406	62.039	612	0	1	2	2	1	1	1.29742e-006	3.16327e-005	0.	0.	0.	0.	0.	1.	0.	0.	0.	0.	1	
10.5575	59.2718	613	0	1	2	2	1	1	1.29742e-006	3.16327e-005	0.	0.	0.	0.	0.	1.	0.	0.	0.	0.	1	
10.5735	62.4565	614	0	1	2	2	1	1	1.29742e-006	3.16327e-005	0.	0.	0.	0.	0.	1.	0.	0.	0.	0.	1	
10.5905	58.8412	615	0	1	2	2	1	1	1.29742e-006	3.16327e-005	0.	0.	0.	0.	0.	1.	0.	0.	0.	0.	1	
10.6075	58.8444	616	0	1	2	2	1	1	1.29742e-006	3.16327e-005	0.	0.	0.	0.	0.	1.	0.	0.	0.	0.	1	
10.6235	62.3648	617	0	1	2	2	1	1	1.29742e-006	3.16327e-005	0.	0.	0.	0.	0.	1.	0.	0.	0.	0.	1	
10.6405	58.9596	618	0	1	2	2	1	1	1.29742e-006	3.16327e-005	0.	0.	0.	0.	0.	1.	0.	0.	0.	0.	1	
10.6575	58.787	619	0	1	2	2	1	1	1.29742e-006	3.16327e-005	0.	0.	0.	0.	0.	1.	0.	0.	0.	0.	1	
10.6745	58.7703	620	0	1	2	2	1	1	1.29742e-006	3.16327e-005	0.	0.	0.	0.	0.	1.	0.	0.	0.	0.	1	
10.6915	58.8643	621	0	1	2	2	1	1	1.29742e-006	3.16327e-005	0.	0.	0.	0.	0.	1.	0.	0.	0.	0.	1	
10.7075	62.5721	622	0	1	2	2	1	1	1.29742e-006	3.16327e-005	0.	0.	0.	0.	0.	1.	0.	0.	0.	0.	1	
10.7235	62.4589	623	0	1	2	2	1	1	1.29742e-006	3.16327e-005	0.	0.	0.	0.	0.	1.	0.	0.	0.	0.	1	
10.7405	58.7151	624	0	1	2	2	1	1	1.29742e-006	3.16327e-005	0.	0.	0.	0.	0.	1.	0.	0.	0.	0.	1	
10.7565	62.5957	625	0	1	2	2	1	1	1.29742e-006	3.16327e-005	0.	0.	0.	0.	0.	1.	0.	0.	0.	0.	1	
10.7735	58.5687	626	0	1	2	2	1	1	1.29742e-006	3.16327e-005	0.	0.	0.	0.	0.	1.	0.	0.	0.	0.	1	
10.7905	58.9512	627	0	1	2	2	1	1	1.29742e-006	3.16327e-005	0.	0.	0.	0.	0.	1.	0.	0.	0.	0.	1	
10.8075	58.9124	628	0	1	2	2	1	1	1.29742e-006	3.16327e-005	0.	0.	0.	0.	0.	1.	0.	0.	0.	0.	1	
10.8245	58.8005	629	0	1	2	2	1	1	1.29742e-006	3.16327e-005	0.	0.	0.	0.	0.	1.	0.	0.	0.	0.	1	
10.8415	58.8559	630	0	1	2	2	1	1	1.29742e-006	3.16327e-005	0.	0.	0.	0.	0.	1.	0.	0.	0.	0.	1	
10.8585	58.7849	631	0	1	2	2	1	1	1.29742e-006	3.16327e-005	0.	0.	0.	0.	0.	1.	0.	0.	0.	0.	1	
10.8755	58.7755	632	0	1	2	2	1	1	1.29742e-006	3.16327e-005	0.	0.	0.	0.	0.	1.	0.	0.	0.	0.	1	
10.8925	58.8183	633	0	1	2	2	1	1	1.29742e-006	3.16327e-005	0.	0.	0.	0.	0.	1.	0.	0.	0.	0.	1	
10.9085	62.7012	634	0	1	2	2	1	1	1.29742e-006	3.16327e-005	0.	0.	0.	0.	0.	1.	0.	0.	0.	0.	1	
10.9255	58.7453	635	0	1	2	2	1	1	1.29742e-006	3.16327e-005	0.	0.	0.	0.	0.	1.	0.	0.	0.	0.	1	
10.9425	58.8172	636	0	1	2	2	1	1	1.29742e-006	3.16327e-005	0.	0.	0.	0.	0.	1.	0.	0.	0.	0.	1	
10.9595	58.7369	637	0	1	2	2	1	1	1.29742e-006	3.16327e-005	0.	0.	0.	0.	0.	1.	0.	0.	0.	0.	1	
10.9765	58.9229	638	0	1	2	2	1	1	1.29742e-006	3.16327e-005	0.	0.	0.	0.	0.	1.	0.	0.	0.	0.	1	
10.9925	62.3155	639	0	1	2	2	1	1	1.29742e-006	3.16327e-005	0.	0.	0.	0.	0.	1.	0.	0.	0.	0.	1	
11.0095	58.8831	640	0	1	2	2	1	1	1.29742e-006	3.16327e-005	0.	0.	0.	0.	0.	1.	0.	0.	0.	0.	1	
11.0265	58.9355	641	0	1	2	2	1	1	1.29742e-006	3.16327e-005	0.	0.	0.	0.	0.	1.	0.	0.	0.	0.	1	
11.0435	58.6766	642	0	1	2	2	1	1	1.29742e-006	3.16327e-005	0.	0.	0.	0.	0.	1.	0.	0.	0.	0.	1	
11.0605	58.9229	643	0	1	2	2	1	1	1.29742e-006	3.16327e-005	0.	0.	0.	0.	0.	1.	0.	0.	0.	0.	1	
11.0775	58.8653	644	0	1	2	2	1	1	1.29742e-006	3.16327e-005	0.	0.	0.	0.	0.	1.	0.	0.	0.	0.	1	
11.0945	58.74	645	0	1	2	2	1	1	1.29742e-006	3.16327e-005	0.	0.	0.	0.	0.	1.	0.	0.	0.	0.	1	
11.1115	58.8852	646	0	1	2	2	1	1	1.29742e-006	3.16327e-005	0.	0.	0.	0.	0.	1.	0.	0.	0.	0.	1	
11.1285	58.813	647	0	1	2	2	1	1	1.29742e-006	3.16327e-005	0.	0.	0.	0.	0.	1.	0.	0.	0.	0.	1	
11.1445	62.5284	648	0	1	2	2	1	1	1.29742e-006	3.16327e-005	0.	0.	0.	0.	0.	1.	0.	0.	0.	0.	1	
11.1615	58.8026	649	0	1	2	2	1	1	1.29742e-006	3.16327e-005	0.	0.	0.	0.	0.	1.	0.	0.	0.	0.	1	
11.1775	62.5048	650	0	1	2	2	1	1	1.29742e-006	3.16327e-005	0.	0.	0.	0.	0.	1.	0.	0.	0.	0.	1	
11.1945	58.8475	651	0	1	2	2	1	1	1.29742e-006	3.16327e-005	0.	0.	0.	0.	0.	1.	0.	0.	0.	0.	1	
11.2105	62.4871	652	0	1	2	2	1	1	1.29742e-006	3.16327e-005	0.	0.	0.	0.	0.	1.	0.	0.	0.	0.	1	
11.2275	58.7619	653	0	1	2	2	1	1	1.29742e-006	3.16327e-005	0.	0.	0.	0.	0.	1.	0.	0.	0.	0.	1	
11.2445	58.8423	654	0	1	2	2	1	1	1.29742e-006	3.16327e-005	0.	0.	0.	0.	0.	1.	0.	0.	0.	0.	1	
11.2605	62.5225	655	0	1	2	2	1	1	1.29742e-006	3.16327e-005	0.	0.	0.	0.	0.	1.	0.	0.	0.	0.	1	
11.2765	62.5036	656	0	1	2	2	1	1	1.29742e-006	3.16327e-005	0.	0.	0.	0.	0.	1.	0.	0.	0.	0.	1	
11.2925	62.4942	657	0	1	2	2	1	1	1.29742e-006	3.16327e-005	0.	0.	0.	0.	0.	1.	0.	0.	0.	0.	1	
11.3085	62.5934	658	0	1	2	2	1	1	1.29742e-006	3.16327e-005	0.	0.	0.	0.	0.	1.	0.	0.	0.	0.	1	
11.3255	58.7255	659	0	1	2	2	1	1	1.29742e-006	3.16327e-005	0.	0.	0.	0.	0.	1.	0.	0.	0.	0.	1	
11.3415	62.5544	660	0	1	2	2	1	1	1.29742e-006	3.16327e-005	0.	0.	0.	0.	0.	1.	0.	0.	0.	0.	1	
11.3585	58.7359	661	0	1	2	2	1	1	1.29742e-006	3.16327e-005	0.	0.	0.	0.	0.	1.	0.	0.	0.	0.	1	
11.3745	62.6265	662	0	1	2	2	1	1	1.29742e-006	3.16327e-005	0.	0.	0.	0.	0.	1.	0.	0.	0.	0.	1	
11.3915	58.6901	663	0	1	2	2	1	1	1.29742e-006	3.16327e-005	0.	0.	0.	0.	0.	1.	0.	0.	0.	0.	1	
11.4085	58.8674	664	0	1	2	2	1	1	1.29742e-006	3.16327e-005	0.	0.	0.	0.	0.	1.	0.	0.	0.	0.	1	
11.4245	62.5013	665	0	1	2	2	1	1	1.29742e-006	3.16327e-005	0.	0.	0.	0.	0.	1.	0.	0.	0.	0.	1	
11.4405	62.5816	666	0	1	2	2	1	1	1.29742e-006	3.16327e-005	0.	0.	0.	0.	0.	1.	0.	0.	0.	0.	1	
11.4575	58.7307	667	0	1	2	2	1	1	1.29742e-006	3.16327e-005	0.	0.	0.	0.	0.	1.	0.	0.	0.	0.	1	
11.4735	62.5166	668	0	1	2	2	1	1	1.29742e-006	3.16327e-005	0.	0.	0.	0.	0.	1.	0.	0.	0.	0.	1	
11.4905	58.8224	669	0	1	2	2	1	1	1.29742e-006	3.16327e-005	0.	0.	0.	0.	0.	1.	0.	0.	0.	0.	1	
11.5065	62.506	670	0	1	2	2	1	1	1.29742e-006	3.16327e-005	0.	0.	0.	0.	0.	1.	0.	0.	0.	0.	1	
11.5235	58.8496	671	0	1	2	2	1	1	1.29742e-006	3.16327e-005	0.	0.	0.	0.	0.	1.	0.	0.	0.	0.	1	
11.5405	58.8068	672	0	1	2	2	1	1	1.29742e-006	3.16327e-005	0.	0.	0.	0.	0.	1.	0.	0.	0.	0.	1	

