TrialReplay

Frame:	2
1.	0.	0.	0.	
0.	1.	0.	0.	
0.	0.	1.	0.	
0.	0.	0.	1.	
Dynamic:	0	

Frame:	3
1.	0.	0.	0.	
0.	1.	0.	0.	
0.	0.	1.	0.	
0.	0.	0.	1.	
Dynamic:	0	

Frame:	4
1.	0.	0.	0.	
0.	1.	0.	0.	
0.	0.	1.	0.	
0.	0.	0.	1.	
Dynamic:	0	

Frame:	5
1.	0.	0.	0.	
0.	1.	0.	0.	
0.	0.	1.	0.	
0.	0.	0.	1.	
Dynamic:	0	

Frame:	6
1.	0.	0.	0.	
0.	1.	0.	0.	
0.	0.	1.	0.	
0.	0.	0.	1.	
Dynamic:	0	

Frame:	7
1.	0.	0.	0.	
0.	1.	0.	0.	
0.	0.	1.	0.	
0.	0.	0.	1.	
Dynamic:	0	

Frame:	8
1.	0.	0.	0.	
0.	1.	0.	0.	
0.	0.	1.	0.	
0.	0.	0.	1.	
Dynamic:	0	

Frame:	9
1.	0.	0.	0.	
0.	1.	0.	0.	
0.	0.	1.	0.	
0.	0.	0.	1.	
Dynamic:	0	

Frame:	10
1.	0.	0.	0.	
0.	1.	0.	0.	
0.	0.	1.	0.	
0.	0.	0.	1.	
Dynamic:	0	

Frame:	11
1.	0.	0.	0.	
0.	1.	0.	0.	
0.	0.	1.	0.	
0.	0.	0.	1.	
Dynamic:	0	

Frame:	12
1.	0.	0.	0.	
0.	1.	0.	0.	
0.	0.	1.	0.	
0.	0.	0.	1.	
Dynamic:	0	

Frame:	13
1.	0.	0.	0.	
0.	1.	0.	0.	
0.	0.	1.	0.	
0.	0.	0.	1.	
Dynamic:	0	

Frame:	14
1.	0.	0.	0.	
0.	1.	0.	0.	
0.	0.	1.	0.	
0.	0.	0.	1.	
Dynamic:	0	

Frame:	15
1.	0.	0.	0.	
0.	1.	0.	0.	
0.	0.	1.	0.	
0.	0.	0.	1.	
Dynamic:	0	

Frame:	16
1.	0.	0.	0.	
0.	1.	0.	0.	
0.	0.	1.	0.	
0.	0.	0.	1.	
Dynamic:	0	

Frame:	17
1.	0.	0.	0.	
0.	1.	0.	0.	
0.	0.	1.	0.	
0.	0.	0.	1.	
Dynamic:	0	

Frame:	18
1.	0.	0.	0.	
0.	1.	0.	0.	
0.	0.	1.	0.	
0.	0.	0.	1.	
Dynamic:	0	

Frame:	19
1.	0.	0.	0.	
0.	1.	0.	0.	
0.	0.	1.	0.	
0.	0.	0.	1.	
Dynamic:	0	

Frame:	20
1.	0.	0.	0.	
0.	1.	0.	0.	
0.	0.	1.	0.	
0.	0.	0.	1.	
Dynamic:	0	

Frame:	21
1.	0.	0.	0.	
0.	1.	0.	0.	
0.	0.	1.	0.	
0.	0.	0.	1.	
Dynamic:	0	

Frame:	22
1.	0.	0.	0.	
0.	1.	0.	0.	
0.	0.	1.	0.	
0.	0.	0.	1.	
Dynamic:	0	

Frame:	23
1.	0.	0.	0.	
0.	1.	0.	0.	
0.	0.	1.	0.	
0.	0.	0.	1.	
Dynamic:	0	

Frame:	24
1.	0.	0.	0.	
0.	1.	0.	0.	
0.	0.	1.	0.	
0.	0.	0.	1.	
Dynamic:	0	

Frame:	25
1.	0.	0.	0.	
0.	1.	0.	0.	
0.	0.	1.	0.	
0.	0.	0.	1.	
Dynamic:	0	

Frame:	26
1.	0.	0.	0.	
0.	1.	0.	0.	
0.	0.	1.	0.	
0.	0.	0.	1.	
Dynamic:	0	

Frame:	27
1.	0.	0.	0.	
0.	1.	0.	0.	
0.	0.	1.	0.	
0.	0.	0.	1.	
Dynamic:	0	

Frame:	28
1.	0.	0.	0.	
0.	1.	0.	0.	
0.	0.	1.	0.	
0.	0.	0.	1.	
Dynamic:	0	

Frame:	29
1.	0.	0.	0.	
0.	1.	0.	0.	
0.	0.	1.	0.	
0.	0.	0.	1.	
Dynamic:	0	

Frame:	30
1.	0.	0.	0.	
0.	1.	0.	0.	
0.	0.	1.	0.	
0.	0.	0.	1.	
Dynamic:	0	

Frame:	31
1.	0.	0.	0.	
0.	1.	0.	0.	
0.	0.	1.	0.	
0.	0.	0.	1.	
Dynamic:	0	

Frame:	32
1.	0.	0.	0.	
0.	1.	0.	0.	
0.	0.	1.	0.	
0.	0.	0.	1.	
Dynamic:	0	

Frame:	33
1.	0.	0.	0.	
0.	1.	0.	0.	
0.	0.	1.	0.	
0.	0.	0.	1.	
Dynamic:	0	

Frame:	34
1.	0.	0.	0.	
0.	1.	0.	0.	
0.	0.	1.	0.	
0.	0.	0.	1.	
Dynamic:	0	

Frame:	35
1.	0.	0.	0.	
0.	1.	0.	0.	
0.	0.	1.	0.	
0.	0.	0.	1.	
Dynamic:	0	

Frame:	36
1.	0.	0.	0.	
0.	1.	0.	0.	
0.	0.	1.	0.	
0.	0.	0.	1.	
Dynamic:	0	

Frame:	37
1.	0.	0.	0.	
0.	1.	0.	0.	
0.	0.	1.	0.	
0.	0.	0.	1.	
Dynamic:	0	

Frame:	38
1.	0.	0.	0.	
0.	1.	0.	0.	
0.	0.	1.	0.	
0.	0.	0.	1.	
Dynamic:	0	

Frame:	39
1.	0.	0.	0.	
0.	1.	0.	0.	
0.	0.	1.	0.	
0.	0.	0.	1.	
Dynamic:	0	

Frame:	40
1.	0.	0.	0.	
0.	1.	0.	0.	
0.	0.	1.	0.	
0.	0.	0.	1.	
Dynamic:	0	

Frame:	41
1.	0.	0.	0.	
0.	1.	0.	0.	
0.	0.	1.	0.	
0.	0.	0.	1.	
Dynamic:	0	

Frame:	42
1.	0.	0.	0.	
0.	1.	0.	0.	
0.	0.	1.	0.	
0.	0.	0.	1.	
Dynamic:	0	

Frame:	43
1.	0.	0.	0.	
0.	1.	0.	0.	
0.	0.	1.	0.	
0.	0.	0.	1.	
Dynamic:	0	

Frame:	44
1.	0.	0.	0.	
0.	1.	0.	0.	
0.	0.	1.	0.	
0.	0.	0.	1.	
Dynamic:	0	

Frame:	45
1.	0.	0.	0.	
0.	1.	0.	0.	
0.	0.	1.	0.	
0.	0.	0.	1.	
Dynamic:	0	

Frame:	46
1.	0.	0.	0.	
0.	1.	0.	0.	
0.	0.	1.	0.	
0.	0.	0.	1.	
Dynamic:	0	

Frame:	47
1.	0.	0.	0.	
0.	1.	0.	0.	
0.	0.	1.	0.	
0.	0.	0.	1.	
Dynamic:	0	

Frame:	48
1.	0.	0.	0.	
0.	1.	0.	0.	
0.	0.	1.	0.	
0.	0.	0.	1.	
Dynamic:	0	

Frame:	49
1.	0.	0.	0.	
0.	1.	0.	0.	
0.	0.	1.	0.	
0.	0.	0.	1.	
Dynamic:	0	

Frame:	50
1.	0.	0.	0.	
0.	1.	0.	0.	
0.	0.	1.	0.	
0.	0.	0.	1.	
Dynamic:	0	

Frame:	51
1.	0.	0.	0.	
0.	1.	0.	0.	
0.	0.	1.	0.	
0.	0.	0.	1.	
Dynamic:	0	

Frame:	52
1.	0.	0.	0.	
0.	1.	0.	0.	
0.	0.	1.	0.	
0.	0.	0.	1.	
Dynamic:	0	

Frame:	53
1.	0.	0.	0.	
0.	1.	0.	0.	
0.	0.	1.	0.	
0.	0.	0.	1.	
Dynamic:	0	

Frame:	54
1.	0.	0.	0.	
0.	1.	0.	0.	
0.	0.	1.	0.	
0.	0.	0.	1.	
Dynamic:	0	

Frame:	55
1.	0.	0.	0.	
0.	1.	0.	0.	
0.	0.	1.	0.	
0.	0.	0.	1.	
Dynamic:	0	

Frame:	56
1.	0.	0.	0.	
0.	1.	0.	0.	
0.	0.	1.	0.	
0.	0.	0.	1.	
Dynamic:	0	

Frame:	57
1.	0.	0.	0.	
0.	1.	0.	0.	
0.	0.	1.	0.	
0.	0.	0.	1.	
Dynamic:	0	

Frame:	58
1.	0.	0.	0.	
0.	1.	0.	0.	
0.	0.	1.	0.	
0.	0.	0.	1.	
Dynamic:	0	

Frame:	59
1.	0.	0.	0.	
0.	1.	0.	0.	
0.	0.	1.	0.	
0.	0.	0.	1.	
Dynamic:	0	

Frame:	60
1.	0.	0.	0.	
0.	1.	0.	0.	
0.	0.	1.	0.	
0.	0.	0.	1.	
Dynamic:	0	

Frame:	61
1.	0.	0.	0.	
0.	1.	0.	0.	
0.	0.	1.	0.	
0.	0.	0.	1.	
Dynamic:	0	

Frame:	62
1.	0.	0.	0.	
0.	1.	0.	0.	
0.	0.	1.	0.	
0.	0.	0.	1.	
Dynamic:	0	

Frame:	63
1.	0.	0.	0.	
0.	1.	0.	0.	
0.	0.	1.	0.	
0.	0.	0.	1.	
Dynamic:	0	

Frame:	64
1.	0.	0.	0.	
0.	1.	0.	0.	
0.	0.	1.	0.	
0.	0.	0.	1.	
Dynamic:	0	

Frame:	65
1.	0.	0.	0.	
0.	1.	0.	0.	
0.	0.	1.	0.	
0.	0.	0.	1.	
Dynamic:	0	

Frame:	66
1.	0.	0.	0.	
0.	1.	0.	0.	
0.	0.	1.	0.	
0.	0.	0.	1.	
Dynamic:	0	

Frame:	67
1.	0.	0.	0.	
0.	1.	0.	0.	
0.	0.	1.	0.	
0.	0.	0.	1.	
Dynamic:	0	

Frame:	68
1.	0.	0.	0.	
0.	1.	0.	0.	
0.	0.	1.	0.	
0.	0.	0.	1.	
Dynamic:	0	

Frame:	69
1.	0.	0.	0.	
0.	1.	0.	0.	
0.	0.	1.	0.	
0.	0.	0.	1.	
Dynamic:	0	

Frame:	70
1.	0.	0.	0.	
0.	1.	0.	0.	
0.	0.	1.	0.	
0.	0.	0.	1.	
Dynamic:	0	

Frame:	71
1.	0.	0.	0.	
0.	1.	0.	0.	
0.	0.	1.	0.	
0.	0.	0.	1.	
Dynamic:	0	

Frame:	72
1.	0.	0.	0.	
0.	1.	0.	0.	
0.	0.	1.	0.	
0.	0.	0.	1.	
Dynamic:	0	

Frame:	73
1.	0.	0.	0.	
0.	1.	0.	0.	
0.	0.	1.	0.	
0.	0.	0.	1.	
Dynamic:	0	

Frame:	74
1.	0.	0.	0.	
0.	1.	0.	0.	
0.	0.	1.	0.	
0.	0.	0.	1.	
Dynamic:	0	

Frame:	75
1.	0.	0.	0.	
0.	1.	0.	0.	
0.	0.	1.	0.	
0.	0.	0.	1.	
Dynamic:	0	

Frame:	76
1.	0.	0.	0.	
0.	1.	0.	0.	
0.	0.	1.	0.	
0.	0.	0.	1.	
Dynamic:	0	

Frame:	77
1.	0.	0.	0.	
0.	1.	0.	0.	
0.	0.	1.	0.	
0.	0.	0.	1.	
Dynamic:	0	

Frame:	78
1.	0.	0.	0.	
0.	1.	0.	0.	
0.	0.	1.	0.	
0.	0.	0.	1.	
Dynamic:	0	

Frame:	79
1.	0.	0.	0.	
0.	1.	0.	0.	
0.	0.	1.	0.	
0.	0.	0.	1.	
Dynamic:	0	

Frame:	80
1.	0.	0.	0.	
0.	1.	0.	0.	
0.	0.	1.	0.	
0.	0.	0.	1.	
Dynamic:	0	

Frame:	81
1.	0.	0.	0.	
0.	1.	0.	0.	
0.	0.	1.	0.	
0.	0.	0.	1.	
Dynamic:	0	

Frame:	82
1.	0.	0.	0.	
0.	1.	0.	0.	
0.	0.	1.	0.	
0.	0.	0.	1.	
Dynamic:	0	

Frame:	83
1.	0.	0.	0.	
0.	1.	0.	0.	
0.	0.	1.	0.	
0.	0.	0.	1.	
Dynamic:	0	

Frame:	84
1.	0.	0.	0.	
0.	1.	0.	0.	
0.	0.	1.	0.	
0.	0.	0.	1.	
Dynamic:	0	

Frame:	85
1.	0.	0.	0.	
0.	1.	0.	0.	
0.	0.	1.	0.	
0.	0.	0.	1.	
Dynamic:	0	

Frame:	86
1.	0.	0.	0.	
0.	1.	0.	0.	
0.	0.	1.	0.	
0.	0.	0.	1.	
Dynamic:	0	

Frame:	87
1.	0.	0.	0.	
0.	1.	0.	0.	
0.	0.	1.	0.	
0.	0.	0.	1.	
Dynamic:	0	

Frame:	88
1.	0.	0.	0.	
0.	1.	0.	0.	
0.	0.	1.	0.	
0.	0.	0.	1.	
Dynamic:	0	

Frame:	89
1.	0.	0.	0.	
0.	1.	0.	0.	
0.	0.	1.	0.	
0.	0.	0.	1.	
Dynamic:	0	

Frame:	90
0.999997	-2.61799e-003	0.	0.	
2.61799e-003	0.999997	0.	0.	
0.	0.	1.	0.	
6.263e-003	4.11706e-002	0.	1.	
Dynamic:	0	

Frame:	91
0.999986	-5.23596e-003	0.	0.	
5.23596e-003	0.999986	0.	0.	
0.	0.	1.	0.	
1.29462e-002	0.107642	0.	1.	
Dynamic:	0	

Frame:	92
0.999969	-7.8539e-003	0.	0.	
7.8539e-003	0.999969	0.	0.	
0.	0.	1.	0.	
2.03905e-002	0.195792	0.	1.	
Dynamic:	0	

Frame:	93
0.999945	-1.04718e-002	0.	0.	
1.04718e-002	0.999945	0.	0.	
0.	0.	1.	0.	
2.9713e-002	0.330916	0.	1.	
Dynamic:	0	

Frame:	94
0.999924	-1.23624e-002	0.	0.	
1.23624e-002	0.999924	0.	0.	
0.	0.	1.	0.	
3.68058e-002	0.416017	0.	1.	
Dynamic:	0	

Frame:	95
0.999924	-1.23624e-002	0.	0.	
1.23624e-002	0.999924	0.	0.	
0.	0.	1.	0.	
3.62536e-002	0.40518	0.	1.	
Dynamic:	0	

Frame:	96
0.999924	-1.23624e-002	0.	0.	
1.23624e-002	0.999924	0.	0.	
0.	0.	1.	0.	
3.55676e-002	0.394351	0.	1.	
Dynamic:	0	

Frame:	97
0.999924	-1.23624e-002	0.	0.	
1.23624e-002	0.999924	0.	0.	
0.	0.	1.	0.	
3.33812e-002	0.365498	0.	1.	
Dynamic:	0	

Frame:	98
0.999924	-1.23624e-002	0.	0.	
1.23624e-002	0.999924	0.	0.	
0.	0.	1.	0.	
3.11561e-002	0.340277	0.	1.	
Dynamic:	0	

Frame:	99
0.999924	-1.23624e-002	0.	0.	
1.23624e-002	0.999924	0.	0.	
0.	0.	1.	0.	
3.11561e-002	0.340277	0.	1.	
Dynamic:	0	

Frame:	100
0.999924	-1.23624e-002	0.	0.	
1.23624e-002	0.999924	0.	0.	
0.	0.	1.	0.	
2.95288e-002	0.3259	0.	1.	
Dynamic:	0	

Frame:	101
0.999924	-1.23624e-002	0.	0.	
1.23624e-002	0.999924	0.	0.	
0.	0.	1.	0.	
2.95288e-002	0.3259	0.	1.	
Dynamic:	0	

Frame:	102
0.999924	-1.23624e-002	0.	0.	
1.23624e-002	0.999924	0.	0.	
0.	0.	1.	0.	
3.10155e-002	0.336649	0.	1.	
Dynamic:	0	

Frame:	103
0.999924	-1.23624e-002	0.	0.	
1.23624e-002	0.999924	0.	0.	
0.	0.	1.	0.	
3.2635e-002	0.347379	0.	1.	
Dynamic:	0	

Frame:	104
0.999924	-1.23624e-002	0.	0.	
1.23624e-002	0.999924	0.	0.	
0.	0.	1.	0.	
3.2635e-002	0.347379	0.	1.	
Dynamic:	0	

Frame:	105
0.999924	-1.23624e-002	0.	0.	
1.23624e-002	0.999924	0.	0.	
0.	0.	1.	0.	
3.07507e-002	0.336692	0.	1.	
Dynamic:	0	

Frame:	106
0.999924	-1.23624e-002	0.	0.	
1.23624e-002	0.999924	0.	0.	
0.	0.	1.	0.	
2.73904e-002	0.318922	0.	1.	
Dynamic:	0	

Frame:	107
0.999924	-1.23624e-002	0.	0.	
1.23624e-002	0.999924	0.	0.	
0.	0.	1.	0.	
2.30946e-002	0.29765	0.	1.	
Dynamic:	0	

Frame:	108
0.999924	-1.23624e-002	0.	0.	
1.23624e-002	0.999924	0.	0.	
0.	0.	1.	0.	
2.23349e-002	0.294113	0.	1.	
Dynamic:	0	

Frame:	109
0.999924	-1.23624e-002	0.	0.	
1.23624e-002	0.999924	0.	0.	
0.	0.	1.	0.	
2.23349e-002	0.294113	0.	1.	
Dynamic:	0	

Frame:	110
0.999924	-1.23624e-002	0.	0.	
1.23624e-002	0.999924	0.	0.	
0.	0.	1.	0.	
2.23349e-002	0.294113	0.	1.	
Dynamic:	0	

Frame:	111
0.999924	-1.23624e-002	0.	0.	
1.23624e-002	0.999924	0.	0.	
0.	0.	1.	0.	
2.67866e-002	0.311642	0.	1.	
Dynamic:	0	

Frame:	112
0.999924	-1.23624e-002	0.	0.	
1.23624e-002	0.999924	0.	0.	
0.	0.	1.	0.	
2.67866e-002	0.311642	0.	1.	
Dynamic:	0	

Frame:	113
0.999924	-1.23624e-002	0.	0.	
1.23624e-002	0.999924	0.	0.	
0.	0.	1.	0.	
3.06935e-002	0.325572	0.	1.	
Dynamic:	0	

Frame:	114
0.999924	-1.23624e-002	0.	0.	
1.23624e-002	0.999924	0.	0.	
0.	0.	1.	0.	
3.17132e-002	0.329043	0.	1.	
Dynamic:	0	

Frame:	115
0.999924	-1.23624e-002	0.	0.	
1.23624e-002	0.999924	0.	0.	
0.	0.	1.	0.	
3.17132e-002	0.329043	0.	1.	
Dynamic:	0	

Frame:	116
0.999924	-1.23624e-002	0.	0.	
1.23624e-002	0.999924	0.	0.	
0.	0.	1.	0.	
3.50288e-002	0.339375	0.	1.	
Dynamic:	0	

Frame:	117
0.999924	-1.23624e-002	0.	0.	
1.23624e-002	0.999924	0.	0.	
0.	0.	1.	0.	
3.96196e-002	0.353095	0.	1.	
Dynamic:	0	

Frame:	118
0.999924	-1.23624e-002	0.	0.	
1.23624e-002	0.999924	0.	0.	
0.	0.	1.	0.	
4.31896e-002	0.363342	0.	1.	
Dynamic:	0	

Frame:	119
0.999924	-1.23624e-002	0.	0.	
1.23624e-002	0.999924	0.	0.	
0.	0.	1.	0.	
4.81182e-002	0.376945	0.	1.	
Dynamic:	0	

Frame:	120
0.999924	-1.23624e-002	0.	0.	
1.23624e-002	0.999924	0.	0.	
0.	0.	1.	0.	
5.32146e-002	0.390486	0.	1.	
Dynamic:	0	

Frame:	121
0.999924	-1.23624e-002	0.	0.	
1.23624e-002	0.999924	0.	0.	
0.	0.	1.	0.	
6.11096e-002	0.410701	0.	1.	
Dynamic:	0	

Frame:	122
0.999924	-1.23624e-002	0.	0.	
1.23624e-002	0.999924	0.	0.	
0.	0.	1.	0.	
6.78966e-002	0.427464	0.	1.	
Dynamic:	0	

Frame:	123
0.999924	-1.23624e-002	0.	0.	
1.23624e-002	0.999924	0.	0.	
0.	0.	1.	0.	
7.48848e-002	0.444129	0.	1.	
Dynamic:	0	

Frame:	124
0.999924	-1.23624e-002	0.	0.	
1.23624e-002	0.999924	0.	0.	
0.	0.	1.	0.	
7.48848e-002	0.444129	0.	1.	
Dynamic:	0	

Frame:	125
0.999924	-1.23624e-002	0.	0.	
1.23624e-002	0.999924	0.	0.	
0.	0.	1.	0.	
7.48848e-002	0.444129	0.	1.	
Dynamic:	0	

Frame:	126
0.999924	-1.23624e-002	0.	0.	
1.23624e-002	0.999924	0.	0.	
0.	0.	1.	0.	
7.48848e-002	0.444129	0.	1.	
Dynamic:	0	

Frame:	127
0.999924	-1.23624e-002	0.	0.	
1.23624e-002	0.999924	0.	0.	
0.	0.	1.	0.	
7.48848e-002	0.444129	0.	1.	
Dynamic:	0	

Frame:	128
0.999924	-1.23624e-002	0.	0.	
1.23624e-002	0.999924	0.	0.	
0.	0.	1.	0.	
7.48848e-002	0.444129	0.	1.	
Dynamic:	0	

Frame:	129
0.999924	-1.23624e-002	0.	0.	
1.23624e-002	0.999924	0.	0.	
0.	0.	1.	0.	
7.48848e-002	0.444129	0.	1.	
Dynamic:	0	

Frame:	130
0.999924	-1.23624e-002	0.	0.	
1.23624e-002	0.999924	0.	0.	
0.	0.	1.	0.	
7.48848e-002	0.444129	0.	1.	
Dynamic:	0	

Frame:	131
0.999924	-1.23624e-002	0.	0.	
1.23624e-002	0.999924	0.	0.	
0.	0.	1.	0.	
7.48848e-002	0.444129	0.	1.	
Dynamic:	0	

Frame:	132
0.999924	-1.23624e-002	0.	0.	
1.23624e-002	0.999924	0.	0.	
0.	0.	1.	0.	
7.48848e-002	0.444129	0.	1.	
Dynamic:	0	

Frame:	133
0.999924	-1.23624e-002	0.	0.	
1.23624e-002	0.999924	0.	0.	
0.	0.	1.	0.	
7.48848e-002	0.444129	0.	1.	
Dynamic:	0	

Frame:	134
0.999924	-1.23624e-002	0.	0.	
1.23624e-002	0.999924	0.	0.	
0.	0.	1.	0.	
7.48848e-002	0.444129	0.	1.	
Dynamic:	0	

Frame:	135
0.999924	-1.23624e-002	0.	0.	
1.23624e-002	0.999924	0.	0.	
0.	0.	1.	0.	
7.48848e-002	0.444129	0.	1.	
Dynamic:	0	

Frame:	136
0.999924	-1.23624e-002	0.	0.	
1.23624e-002	0.999924	0.	0.	
0.	0.	1.	0.	
7.48848e-002	0.444129	0.	1.	
Dynamic:	0	

Frame:	137
0.999924	-1.23624e-002	0.	0.	
1.23624e-002	0.999924	0.	0.	
0.	0.	1.	0.	
7.48848e-002	0.444129	0.	1.	
Dynamic:	0	

Frame:	138
0.999924	-1.23624e-002	0.	0.	
1.23624e-002	0.999924	0.	0.	
0.	0.	1.	0.	
7.48848e-002	0.444129	0.	1.	
Dynamic:	0	

Frame:	139
0.999924	-1.23624e-002	0.	0.	
1.23624e-002	0.999924	0.	0.	
0.	0.	1.	0.	
7.48848e-002	0.444129	0.	1.	
Dynamic:	0	

Frame:	140
0.999924	-1.23624e-002	0.	0.	
1.23624e-002	0.999924	0.	0.	
0.	0.	1.	0.	
7.48848e-002	0.444129	0.	1.	
Dynamic:	0	

Frame:	141
0.999924	-1.23624e-002	0.	0.	
1.23624e-002	0.999924	0.	0.	
0.	0.	1.	0.	
7.48848e-002	0.444129	0.	1.	
Dynamic:	0	

Frame:	142
0.999924	-1.23624e-002	0.	0.	
1.23624e-002	0.999924	0.	0.	
0.	0.	1.	0.	
7.48848e-002	0.444129	0.	1.	
Dynamic:	0	

Frame:	143
0.999924	-1.23624e-002	0.	0.	
1.23624e-002	0.999924	0.	0.	
0.	0.	1.	0.	
7.48848e-002	0.444129	0.	1.	
Dynamic:	0	

Frame:	144
0.999924	-1.23624e-002	0.	0.	
1.23624e-002	0.999924	0.	0.	
0.	0.	1.	0.	
7.48848e-002	0.444129	0.	1.	
Dynamic:	0	

Frame:	145
0.999924	-1.23624e-002	0.	0.	
1.23624e-002	0.999924	0.	0.	
0.	0.	1.	0.	
7.48848e-002	0.444129	0.	1.	
Dynamic:	0	

Frame:	146
0.999924	-1.23624e-002	0.	0.	
1.23624e-002	0.999924	0.	0.	
0.	0.	1.	0.	
8.17778e-002	0.438679	0.	1.	
Dynamic:	0	

Frame:	147
0.999924	-1.23624e-002	0.	0.	
1.23624e-002	0.999924	0.	0.	
0.	0.	1.	0.	
8.22465e-002	0.438298	0.	1.	
Dynamic:	0	

Frame:	148
0.999924	-1.23624e-002	0.	0.	
1.23624e-002	0.999924	0.	0.	
0.	0.	1.	0.	
8.2714e-002	0.43791	0.	1.	
Dynamic:	0	

Frame:	149
0.999924	-1.23624e-002	0.	0.	
1.23624e-002	0.999924	0.	0.	
0.	0.	1.	0.	
8.36359e-002	0.437123	0.	1.	
Dynamic:	0	

Frame:	150
0.999924	-1.23624e-002	0.	0.	
1.23624e-002	0.999924	0.	0.	
0.	0.	1.	0.	
8.40902e-002	0.436726	0.	1.	
Dynamic:	0	

Frame:	151
0.999924	-1.23624e-002	0.	0.	
1.23624e-002	0.999924	0.	0.	
0.	0.	1.	0.	
8.4543e-002	0.43632	0.	1.	
Dynamic:	0	

Frame:	152
0.999924	-1.23624e-002	0.	0.	
1.23624e-002	0.999924	0.	0.	
0.	0.	1.	0.	
8.49873e-002	0.435912	0.	1.	
Dynamic:	0	

Frame:	153
0.999924	-1.23624e-002	0.	0.	
1.23624e-002	0.999924	0.	0.	
0.	0.	1.	0.	
8.54299e-002	0.435495	0.	1.	
Dynamic:	0	

Frame:	154
0.999924	-1.23624e-002	0.	0.	
1.23624e-002	0.999924	0.	0.	
0.	0.	1.	0.	
8.63015e-002	0.434653	0.	1.	
Dynamic:	0	

Frame:	155
0.999924	-1.23624e-002	0.	0.	
1.23624e-002	0.999924	0.	0.	
0.	0.	1.	0.	
8.67303e-002	0.434229	0.	1.	
Dynamic:	0	

Frame:	156
0.999924	-1.23624e-002	0.	0.	
1.23624e-002	0.999924	0.	0.	
0.	0.	1.	0.	
8.69421e-002	0.434014	0.	1.	
Dynamic:	0	

Frame:	157
0.999924	-1.23624e-002	0.	0.	
1.23624e-002	0.999924	0.	0.	
0.	0.	1.	0.	
8.69421e-002	0.434014	0.	1.	
Dynamic:	0	

Frame:	158
0.999924	-1.23624e-002	0.	0.	
1.23624e-002	0.999924	0.	0.	
0.	0.	1.	0.	
8.65293e-002	0.434454	0.	1.	
Dynamic:	0	

Frame:	159
0.999924	-1.23624e-002	0.	0.	
1.23624e-002	0.999924	0.	0.	
0.	0.	1.	0.	
8.61188e-002	0.434903	0.	1.	
Dynamic:	0	

Frame:	160
0.999924	-1.23624e-002	0.	0.	
1.23624e-002	0.999924	0.	0.	
0.	0.	1.	0.	
8.5516e-002	0.435578	0.	1.	
Dynamic:	0	

Frame:	161
0.999924	-1.23624e-002	0.	0.	
1.23624e-002	0.999924	0.	0.	
0.	0.	1.	0.	
8.43212e-002	0.43695	0.	1.	
Dynamic:	0	

Frame:	162
0.999924	-1.23624e-002	0.	0.	
1.23624e-002	0.999924	0.	0.	
0.	0.	1.	0.	
8.29481e-002	0.438568	0.	1.	
Dynamic:	0	

Frame:	163
0.999924	-1.23624e-002	0.	0.	
1.23624e-002	0.999924	0.	0.	
0.	0.	1.	0.	
7.67666e-002	0.446033	0.	1.	
Dynamic:	0	

Frame:	164
0.999953	-9.7446e-003	0.	0.	
9.7446e-003	0.999953	0.	0.	
0.	0.	1.	0.	
0.13663	0.412874	0.	1.	
Dynamic:	0	

Frame:	165
0.999975	-7.1267e-003	0.	0.	
7.1267e-003	0.999975	0.	0.	
0.	0.	1.	0.	
0.197334	0.378922	0.	1.	
Dynamic:	0	

Frame:	166
0.999985	-5.4513e-003	0.	0.	
5.4513e-003	0.999985	0.	0.	
0.	0.	1.	0.	
0.236706	0.356666	0.	1.	
Dynamic:	0	

Frame:	167
0.999967	-8.06923e-003	0.	0.	
8.06923e-003	0.999967	0.	0.	
0.	0.	1.	0.	
0.169118	0.399361	0.	1.	
Dynamic:	0	

Frame:	168
0.999957	-9.32441e-003	0.	0.	
9.32441e-003	0.999957	0.	0.	
0.	0.	1.	0.	
0.136578	0.42015	0.	1.	
Dynamic:	0	

Frame:	169
0.999978	-6.7065e-003	0.	0.	
6.7065e-003	0.999978	0.	0.	
0.	0.	1.	0.	
0.197759	0.385791	0.	1.	
Dynamic:	0	

Frame:	170
0.999985	-5.45845e-003	0.	0.	
5.45845e-003	0.999985	0.	0.	
0.	0.	1.	0.	
0.226737	0.369834	0.	1.	
Dynamic:	0	

Frame:	171
0.999989	-4.61569e-003	0.	0.	
4.61569e-003	0.999989	0.	0.	
0.	0.	1.	0.	
0.245994	0.359574	0.	1.	
Dynamic:	0	

Frame:	172
0.999992	-3.90305e-003	0.	0.	
3.90305e-003	0.999992	0.	0.	
0.	0.	1.	0.	
0.262405	0.350794	0.	1.	
Dynamic:	0	

Frame:	173
0.999979	-6.52101e-003	0.	0.	
6.52101e-003	0.999979	0.	0.	
0.	0.	1.	0.	
0.194178	0.394129	0.	1.	
Dynamic:	0	

Frame:	174
0.999978	-6.58677e-003	0.	0.	
6.58677e-003	0.999978	0.	0.	
0.	0.	1.	0.	
0.190921	0.397417	0.	1.	
Dynamic:	0	

Frame:	175
0.999985	-5.42805e-003	0.	0.	
5.42805e-003	0.999985	0.	0.	
0.	0.	1.	0.	
0.219953	0.379979	0.	1.	
Dynamic:	0	

Frame:	176
0.999989	-4.61308e-003	0.	0.	
4.61308e-003	0.999989	0.	0.	
0.	0.	1.	0.	
0.23942	0.369205	0.	1.	
Dynamic:	0	

Frame:	177
0.999992	-3.92047e-003	0.	0.	
3.92047e-003	0.999992	0.	0.	
0.	0.	1.	0.	
0.256389	0.359521	0.	1.	
Dynamic:	0	

Frame:	178
0.999994	-3.33185e-003	0.	0.	
3.33185e-003	0.999994	0.	0.	
0.	0.	1.	0.	
0.270937	0.35118	0.	1.	
Dynamic:	0	

Frame:	179
0.999982	-5.94981e-003	0.	0.	
5.94981e-003	0.999982	0.	0.	
0.	0.	1.	0.	
0.198192	0.400214	0.	1.	
Dynamic:	0	

Frame:	180
0.999984	-5.686e-003	0.	0.	
5.686e-003	0.999984	0.	0.	
0.	0.	1.	0.	
0.203965	0.397639	0.	1.	
Dynamic:	0	

Frame:	181
0.999989	-4.77553e-003	0.	0.	
4.77553e-003	0.999989	0.	0.	
0.	0.	1.	0.	
0.228003	0.382633	0.	1.	
Dynamic:	0	

Frame:	182
0.999992	-4.07733e-003	0.	0.	
4.07733e-003	0.999992	0.	0.	
0.	0.	1.	0.	
0.246518	0.371112	0.	1.	
Dynamic:	0	

Frame:	183
0.999994	-3.4812e-003	0.	0.	
3.4812e-003	0.999994	0.	0.	
0.	0.	1.	0.	
0.262186	0.361589	0.	1.	
Dynamic:	0	

Frame:	184
0.999996	-2.97224e-003	0.	0.	
2.97224e-003	0.999996	0.	0.	
0.	0.	1.	0.	
0.275696	0.353329	0.	1.	
Dynamic:	0	

Frame:	185
1.	-3.54247e-004	0.	0.	
3.54247e-004	1.	0.	0.	
0.	0.	1.	0.	
0.350725	0.302623	0.	1.	
Dynamic:	0	

Frame:	186
0.999996	-2.97224e-003	0.	0.	
2.97224e-003	0.999996	0.	0.	
0.	0.	1.	0.	
0.272675	0.357852	0.	1.	
Dynamic:	0	

Frame:	187
0.999984	-5.59021e-003	0.	0.	
5.59021e-003	0.999984	0.	0.	
0.	0.	1.	0.	
0.193677	0.414743	0.	1.	
Dynamic:	0	

Frame:	188
0.99999	-4.51758e-003	0.	0.	
4.51758e-003	0.99999	0.	0.	
0.	0.	1.	0.	
0.224964	0.39325	0.	1.	
Dynamic:	0	

Frame:	189
0.999992	-3.87351e-003	0.	0.	
3.87351e-003	0.999992	0.	0.	
0.	0.	1.	0.	
0.243799	0.380387	0.	1.	
Dynamic:	0	

Frame:	190
0.999994	-3.32125e-003	0.	0.	
3.32125e-003	0.999994	0.	0.	
0.	0.	1.	0.	
0.259566	0.370091	0.	1.	
Dynamic:	0	

Frame:	191
0.999996	-2.84774e-003	0.	0.	
2.84774e-003	0.999996	0.	0.	
0.	0.	1.	0.	
0.273546	0.360584	0.	1.	
Dynamic:	0	

Frame:	192
0.999985	-5.46571e-003	0.	0.	
5.46571e-003	0.999985	0.	0.	
0.	0.	1.	0.	
0.19164	0.420678	0.	1.	
Dynamic:	0	

Frame:	193
0.999987	-5.10768e-003	0.	0.	
5.10768e-003	0.999987	0.	0.	
0.	0.	1.	0.	
0.202415	0.413203	0.	1.	
Dynamic:	0	

Frame:	194
0.999992	-3.87509e-003	0.	0.	
3.87509e-003	0.999992	0.	0.	
0.	0.	1.	0.	
0.241022	0.385148	0.	1.	
Dynamic:	0	

Frame:	195
0.999994	-3.33558e-003	0.	0.	
3.33558e-003	0.999994	0.	0.	
0.	0.	1.	0.	
0.257987	0.372867	0.	1.	
Dynamic:	0	

Frame:	196
0.999996	-2.87118e-003	0.	0.	
2.87118e-003	0.999996	0.	0.	
0.	0.	1.	0.	
0.272992	0.361683	0.	1.	
Dynamic:	0	

Frame:	197
0.999997	-2.47143e-003	0.	0.	
2.47143e-003	0.999997	0.	0.	
0.	0.	1.	0.	
0.286028	0.351916	0.	1.	
Dynamic:	0	

Frame:	198
0.999987	-5.08941e-003	0.	0.	
5.08941e-003	0.999987	0.	0.	
0.	0.	1.	0.	
0.199962	0.416943	0.	1.	
Dynamic:	0	

Frame:	199
0.99999	-4.42698e-003	0.	0.	
4.42698e-003	0.99999	0.	0.	
0.	0.	1.	0.	
0.221915	0.400223	0.	1.	
Dynamic:	0	

Frame:	200
0.999994	-3.44085e-003	0.	0.	
3.44085e-003	0.999994	0.	0.	
0.	0.	1.	0.	
0.254899	0.374996	0.	1.	
Dynamic:	0	

Frame:	201
0.999996	-2.97237e-003	0.	0.	
2.97237e-003	0.999996	0.	0.	
0.	0.	1.	0.	
0.270711	0.362849	0.	1.	
Dynamic:	0	

Frame:	202
0.999997	-2.56767e-003	0.	0.	
2.56767e-003	0.999997	0.	0.	
0.	0.	1.	0.	
0.284491	0.352211	0.	1.	
Dynamic:	0	

Frame:	203
0.999997	-2.30429e-003	0.	0.	
2.30429e-003	0.999997	0.	0.	
0.	0.	1.	0.	
0.293536	0.345192	0.	1.	
Dynamic:	0	

Frame:	204
0.999988	-4.92227e-003	0.	0.	
4.92227e-003	0.999988	0.	0.	
0.	0.	1.	0.	
0.202973	0.416039	0.	1.	
Dynamic:	0	

Frame:	205
0.999992	-3.90572e-003	0.	0.	
3.90572e-003	0.999992	0.	0.	
0.	0.	1.	0.	
0.238402	0.38812	0.	1.	
Dynamic:	0	

Frame:	206
0.999995	-3.07656e-003	0.	0.	
3.07656e-003	0.999995	0.	0.	
0.	0.	1.	0.	
0.267553	0.365064	0.	1.	
Dynamic:	0	

Frame:	207
0.999996	-2.66635e-003	0.	0.	
2.66635e-003	0.999996	0.	0.	
0.	0.	1.	0.	
0.282097	0.353511	0.	1.	
Dynamic:	0	

Frame:	208
0.999998	-2.2315e-003	0.	0.	
2.2315e-003	0.999998	0.	0.	
0.	0.	1.	0.	
0.29764	0.341107	0.	1.	
Dynamic:	0	

Frame:	209
0.999998	-2.08418e-003	0.	0.	
2.08418e-003	0.999998	0.	0.	
0.	0.	1.	0.	
0.302947	0.33685	0.	1.	
Dynamic:	0	

Frame:	210
1.	5.33814e-004	0.	0.	
-5.33814e-004	1.	0.	0.	
0.	0.	1.	0.	
0.39729	0.259935	0.	1.	
Dynamic:	0	

Frame:	211
0.999998	-2.08418e-003	0.	0.	
2.08418e-003	0.999998	0.	0.	
0.	0.	1.	0.	
0.302227	0.337841	0.	1.	
Dynamic:	0	

Frame:	212
0.999989	-4.70216e-003	0.	0.	
4.70216e-003	0.999989	0.	0.	
0.	0.	1.	0.	
0.205841	0.416575	0.	1.	
Dynamic:	0	

Frame:	213
0.999995	-3.03797e-003	0.	0.	
3.03797e-003	0.999995	0.	0.	
0.	0.	1.	0.	
0.267543	0.365863	0.	1.	
Dynamic:	0	

Frame:	214
0.999997	-2.64073e-003	0.	0.	
2.64073e-003	0.999997	0.	0.	
0.	0.	1.	0.	
0.282392	0.353622	0.	1.	
Dynamic:	0	

Frame:	215
0.999997	-2.29543e-003	0.	0.	
2.29543e-003	0.999997	0.	0.	
0.	0.	1.	0.	
0.295397	0.342855	0.	1.	
Dynamic:	0	

Frame:	216
0.999998	-1.97071e-003	0.	0.	
1.97071e-003	0.999998	0.	0.	
0.	0.	1.	0.	
0.307718	0.332609	0.	1.	
Dynamic:	0	

Frame:	217
0.999989	-4.58869e-003	0.	0.	
4.58869e-003	0.999989	0.	0.	
0.	0.	1.	0.	
0.207771	0.416332	0.	1.	
Dynamic:	0	

Frame:	218
0.999993	-3.73698e-003	0.	0.	
3.73698e-003	0.999993	0.	0.	
0.	0.	1.	0.	
0.240491	0.388738	0.	1.	
Dynamic:	0	

Frame:	219
0.999997	-2.58386e-003	0.	0.	
2.58386e-003	0.999997	0.	0.	
0.	0.	1.	0.	
0.285136	0.35098	0.	1.	
Dynamic:	0	

Frame:	220
0.999997	-2.25207e-003	0.	0.	
2.25207e-003	0.999997	0.	0.	
0.	0.	1.	0.	
0.298078	0.339997	0.	1.	
Dynamic:	0	

Frame:	221
0.999998	-1.86274e-003	0.	0.	
1.86274e-003	0.999998	0.	0.	
0.	0.	1.	0.	
0.313372	0.326965	0.	1.	
Dynamic:	0	

Frame:	222
0.999998	-1.74415e-003	0.	0.	
1.74415e-003	0.999998	0.	0.	
0.	0.	1.	0.	
0.318063	0.32295	0.	1.	
Dynamic:	0	

Frame:	223
0.999999	-1.63311e-003	0.	0.	
1.63311e-003	0.999999	0.	0.	
0.	0.	1.	0.	
0.322614	0.318876	0.	1.	
Dynamic:	0	

Frame:	224
0.999991	-4.25109e-003	0.	0.	
4.25109e-003	0.999991	0.	0.	
0.	0.	1.	0.	
0.218171	0.40883	0.	1.	
Dynamic:	0	

Frame:	225
0.999997	-2.49603e-003	0.	0.	
2.49603e-003	0.999997	0.	0.	
0.	0.	1.	0.	
0.289515	0.345896	0.	1.	
Dynamic:	0	

Frame:	226
0.999998	-1.88918e-003	0.	0.	
1.88918e-003	0.999998	0.	0.	
0.	0.	1.	0.	
0.31554	0.321389	0.	1.	
Dynamic:	0	

Frame:	227
0.999998	-1.77083e-003	0.	0.	
1.77083e-003	0.999998	0.	0.	
0.	0.	1.	0.	
0.321511	0.314686	0.	1.	
Dynamic:	0	

Frame:	228
0.999999	-1.6599e-003	0.	0.	
1.6599e-003	0.999999	0.	0.	
0.	0.	1.	0.	
0.327582	0.30738	0.	1.	
Dynamic:	0	

Frame:	229
0.999999	-1.55592e-003	0.	0.	
1.55592e-003	0.999999	0.	0.	
0.	0.	1.	0.	
0.333512	0.300009	0.	1.	
Dynamic:	0	

Frame:	230
0.999991	-4.1739e-003	0.	0.	
4.1739e-003	0.999991	0.	0.	
0.	0.	1.	0.	
0.227473	0.390918	0.	1.	
Dynamic:	0	

Frame:	231
0.999997	-2.58981e-003	0.	0.	
2.58981e-003	0.999997	0.	0.	
0.	0.	1.	0.	
0.29525	0.328007	0.	1.	
Dynamic:	0	

Frame:	232
0.999998	-1.75338e-003	0.	0.	
1.75338e-003	0.999998	0.	0.	
0.	0.	1.	0.	
0.332387	0.291975	0.	1.	
Dynamic:	0	

Frame:	233
0.999999	-1.64516e-003	0.	0.	
1.64516e-003	0.999999	0.	0.	
0.	0.	1.	0.	
0.339048	0.283155	0.	1.	
Dynamic:	0	

Frame:	234
0.999999	-1.54362e-003	0.	0.	
1.54362e-003	0.999999	0.	0.	
0.	0.	1.	0.	
0.345197	0.275097	0.	1.	
Dynamic:	0	

Frame:	235
0.999999	-1.44834e-003	0.	0.	
1.44834e-003	0.999999	0.	0.	
0.	0.	1.	0.	
0.351338	0.266687	0.	1.	
Dynamic:	0	

Frame:	236
0.999999	-1.35894e-003	0.	0.	
1.35894e-003	0.999999	0.	0.	
0.	0.	1.	0.	
0.357239	0.258467	0.	1.	
Dynamic:	0	

Frame:	237
0.999999	1.25905e-003	0.	0.	
-1.25905e-003	0.999999	0.	0.	
0.	0.	1.	0.	
0.47056	0.148502	0.	1.	
Dynamic:	0	

Frame:	238
0.999999	-1.35894e-003	0.	0.	
1.35894e-003	0.999999	0.	0.	
0.	0.	1.	0.	
0.36496	0.240771	0.	1.	
Dynamic:	0	

Frame:	239
0.999993	-3.72225e-003	0.	0.	
3.72225e-003	0.999993	0.	0.	
0.	0.	1.	0.	
0.262189	0.337013	0.	1.	
Dynamic:	0	

Frame:	240
0.999998	-1.99894e-003	0.	0.	
1.99894e-003	0.999998	0.	0.	
0.	0.	1.	0.	
0.337424	0.266077	0.	1.	
Dynamic:	0	

Frame:	241
0.999999	-1.57199e-003	0.	0.	
1.57199e-003	0.999999	0.	0.	
0.	0.	1.	0.	
0.356161	0.248342	0.	1.	
Dynamic:	0	

Frame:	242
0.999999	-1.47627e-003	0.	0.	
1.47627e-003	0.999999	0.	0.	
0.	0.	1.	0.	
0.36038	0.244326	0.	1.	
Dynamic:	0	

Frame:	243
0.999999	-1.38638e-003	0.	0.	
1.38638e-003	0.999999	0.	0.	
0.	0.	1.	0.	
0.368404	0.231044	0.	1.	
Dynamic:	0	

Frame:	244
0.999999	-1.30196e-003	0.	0.	
1.30196e-003	0.999999	0.	0.	
0.	0.	1.	0.	
0.373104	0.225201	0.	1.	
Dynamic:	0	

Frame:	245
0.999999	-1.22268e-003	0.	0.	
1.22268e-003	0.999999	0.	0.	
0.	0.	1.	0.	
0.377469	0.21982	0.	1.	
Dynamic:	0	

Frame:	246
0.999994	-3.35624e-003	0.	0.	
3.35624e-003	0.999994	0.	0.	
0.	0.	1.	0.	
0.282734	0.311402	0.	1.	
Dynamic:	0	

Frame:	247
0.999998	-1.80238e-003	0.	0.	
1.80238e-003	0.999998	0.	0.	
0.	0.	1.	0.	
0.353297	0.240835	0.	1.	
Dynamic:	0	

Frame:	248
0.999999	-1.43365e-003	0.	0.	
1.43365e-003	0.999999	0.	0.	
0.	0.	1.	0.	
0.370387	0.223291	0.	1.	
Dynamic:	0	

Frame:	249
0.999999	-1.34742e-003	0.	0.	
1.34742e-003	0.999999	0.	0.	
0.	0.	1.	0.	
0.374754	0.218294	0.	1.	
Dynamic:	0	

Frame:	250
0.999999	-1.26637e-003	0.	0.	
1.26637e-003	0.999999	0.	0.	
0.	0.	1.	0.	
0.378782	0.213774	0.	1.	
Dynamic:	0	

Frame:	251
0.999999	-1.1902e-003	0.	0.	
1.1902e-003	0.999999	0.	0.	
0.	0.	1.	0.	
0.38283	0.208883	0.	1.	
Dynamic:	0	

Frame:	252
0.999999	-1.11861e-003	0.	0.	
1.11861e-003	0.999999	0.	0.	
0.	0.	1.	0.	
0.386449	0.204729	0.	1.	
Dynamic:	0	

Frame:	253
0.999999	1.39311e-003	0.	0.	
-1.39311e-003	0.999999	0.	0.	
0.	0.	1.	0.	
0.499891	8.6105e-002	0.	1.	
Dynamic:	0	

Frame:	254
0.999999	-1.22489e-003	0.	0.	
1.22489e-003	0.999999	0.	0.	
0.	0.	1.	0.	
0.381635	0.209716	0.	1.	
Dynamic:	0	

Frame:	255
0.999995	-3.18602e-003	0.	0.	
3.18602e-003	0.999995	0.	0.	
0.	0.	1.	0.	
0.291495	0.302287	0.	1.	
Dynamic:	0	

Frame:	256
0.999999	-1.71097e-003	0.	0.	
1.71097e-003	0.999999	0.	0.	
0.	0.	1.	0.	
0.359868	0.231086	0.	1.	
Dynamic:	0	

Frame:	257
0.999999	-1.31519e-003	0.	0.	
1.31519e-003	0.999999	0.	0.	
0.	0.	1.	0.	
0.378374	0.211616	0.	1.	
Dynamic:	0	

Frame:	258
0.999999	-1.23695e-003	0.	0.	
1.23695e-003	0.999999	0.	0.	
0.	0.	1.	0.	
0.382135	0.20751	0.	1.	
Dynamic:	0	

Frame:	259
0.999999	-1.16336e-003	0.	0.	
1.16336e-003	0.999999	0.	0.	
0.	0.	1.	0.	
0.385802	0.203319	0.	1.	
Dynamic:	0	

Frame:	260
0.999999	-1.09416e-003	0.	0.	
1.09416e-003	0.999999	0.	0.	
0.	0.	1.	0.	
0.389163	0.199589	0.	1.	
Dynamic:	0	

Frame:	261
0.999999	-1.02347e-003	0.	0.	
1.02347e-003	0.999999	0.	0.	
0.	0.	1.	0.	
0.392602	0.195759	0.	1.	
Dynamic:	0	

Frame:	262
0.999999	1.2e-003	0.	0.	
-1.2e-003	0.999999	0.	0.	
0.	0.	1.	0.	
0.495827	8.24916e-002	0.	1.	
Dynamic:	0	

Frame:	263
0.999999	-1.41799e-003	0.	0.	
1.41799e-003	0.999999	0.	0.	
0.	0.	1.	0.	
0.3736	0.216899	0.	1.	
Dynamic:	0	

Frame:	264
0.999996	-2.81043e-003	0.	0.	
2.81043e-003	0.999996	0.	0.	
0.	0.	1.	0.	
0.307526	0.288732	0.	1.	
Dynamic:	0	

Frame:	265
0.999999	-1.50926e-003	0.	0.	
1.50926e-003	0.999999	0.	0.	
0.	0.	1.	0.	
0.369452	0.221031	0.	1.	
Dynamic:	0	

Frame:	266
0.999999	-1.19997e-003	0.	0.	
1.19997e-003	0.999999	0.	0.	
0.	0.	1.	0.	
0.384229	0.204813	0.	1.	
Dynamic:	0	

Frame:	267
0.999999	-1.12928e-003	0.	0.	
1.12928e-003	0.999999	0.	0.	
0.	0.	1.	0.	
0.387617	0.201076	0.	1.	
Dynamic:	0	

Frame:	268
0.999999	-1.06276e-003	0.	0.	
1.06276e-003	0.999999	0.	0.	
0.	0.	1.	0.	
0.390815	0.19753	0.	1.	
Dynamic:	0	

Frame:	269
1.	-9.7531e-004	0.	0.	
9.7531e-004	1.	0.	0.	
0.	0.	1.	0.	
0.395031	0.19283	0.	1.	
Dynamic:	0	

Frame:	270
1.	-9.37169e-004	0.	0.	
9.37169e-004	1.	0.	0.	
0.	0.	1.	0.	
0.396876	0.190764	0.	1.	
Dynamic:	0	

Frame:	271
0.999999	1.06357e-003	0.	0.	
-1.06357e-003	0.999999	0.	0.	
0.	0.	1.	0.	
0.492336	8.09203e-002	0.	1.	
Dynamic:	0	

Frame:	272
0.999999	-1.55442e-003	0.	0.	
1.55442e-003	0.999999	0.	0.	
0.	0.	1.	0.	
0.366585	0.225646	0.	1.	
Dynamic:	0	

Frame:	273
0.999997	-2.46004e-003	0.	0.	
2.46004e-003	0.999997	0.	0.	
0.	0.	1.	0.	
0.322463	0.275962	0.	1.	
Dynamic:	0	

Frame:	274
0.999999	-1.3211e-003	0.	0.	
1.3211e-003	0.999999	0.	0.	
0.	0.	1.	0.	
0.378118	0.212185	0.	1.	
Dynamic:	0	

Frame:	275
0.999999	-1.09537e-003	0.	0.	
1.09537e-003	0.999999	0.	0.	
0.	0.	1.	0.	
0.389188	0.199452	0.	1.	
Dynamic:	0	

Frame:	276
0.999999	-1.03139e-003	0.	0.	
1.03139e-003	0.999999	0.	0.	
0.	0.	1.	0.	
0.392334	0.195815	0.	1.	
Dynamic:	0	

Frame:	277
1.	-9.29471e-004	0.	0.	
9.29471e-004	1.	0.	0.	
0.	0.	1.	0.	
0.397362	0.189977	0.	1.	
Dynamic:	0	

Frame:	278
1.	-8.93413e-004	0.	0.	
8.93413e-004	1.	0.	0.	
0.	0.	1.	0.	
0.399145	0.187896	0.	1.	
Dynamic:	0	

Frame:	279
1.	-8.58754e-004	0.	0.	
8.58754e-004	1.	0.	0.	
0.	0.	1.	0.	
0.400865	0.18588	0.	1.	
Dynamic:	0	

Frame:	280
1.	9.34941e-004	0.	0.	
-9.34941e-004	1.	0.	0.	
0.	0.	1.	0.	
0.488694	8.02801e-002	0.	1.	
Dynamic:	0	

Frame:	281
1.	-8.61709e-004	0.	0.	
8.61709e-004	1.	0.	0.	
0.	0.	1.	0.	
0.400475	0.186849	0.	1.	
Dynamic:	0	

Frame:	282
0.999997	-2.51411e-003	0.	0.	
2.51411e-003	0.999997	0.	0.	
0.	0.	1.	0.	
0.317915	0.285222	0.	1.	
Dynamic:	0	

Frame:	283
0.999999	-1.35014e-003	0.	0.	
1.35014e-003	0.999999	0.	0.	
0.	0.	1.	0.	
0.376211	0.215396	0.	1.	
Dynamic:	0	

Frame:	284
0.999999	-1.01369e-003	0.	0.	
1.01369e-003	0.999999	0.	0.	
0.	0.	1.	0.	
0.393121	0.195076	0.	1.	
Dynamic:	0	

Frame:	285
1.	-8.94165e-004	0.	0.	
8.94165e-004	1.	0.	0.	
0.	0.	1.	0.	
0.399147	0.187805	0.	1.	
Dynamic:	0	

Frame:	286
1.	-8.59712e-004	0.	0.	
8.59712e-004	1.	0.	0.	
0.	0.	1.	0.	
0.400888	0.185694	0.	1.	
Dynamic:	0	

Frame:	287
1.	-8.26588e-004	0.	0.	
8.26588e-004	1.	0.	0.	
0.	0.	1.	0.	
0.402567	0.18365	0.	1.	
Dynamic:	0	

Frame:	288
1.	-7.94739e-004	0.	0.	
7.94739e-004	1.	0.	0.	
0.	0.	1.	0.	
0.404186	0.181671	0.	1.	
Dynamic:	0	

Frame:	289
1.	-7.64118e-004	0.	0.	
7.64118e-004	1.	0.	0.	
0.	0.	1.	0.	
0.405746	0.179754	0.	1.	
Dynamic:	0	

Frame:	290
0.999999	1.0789e-003	0.	0.	
-1.0789e-003	0.999999	0.	0.	
0.	0.	1.	0.	
0.498277	6.30239e-002	0.	1.	
Dynamic:	0	

Frame:	291
0.999999	-1.53909e-003	0.	0.	
1.53909e-003	0.999999	0.	0.	
0.	0.	1.	0.	
0.365833	0.229787	0.	1.	
Dynamic:	0	

Frame:	292
0.999998	-1.8123e-003	0.	0.	
1.8123e-003	0.999998	0.	0.	
0.	0.	1.	0.	
0.351822	0.247266	0.	1.	
Dynamic:	0	

Frame:	293
1.	-9.73247e-004	0.	0.	
9.73247e-004	1.	0.	0.	
0.	0.	1.	0.	
0.394979	0.193225	0.	1.	
Dynamic:	0	

Frame:	294
1.	-8.42854e-004	0.	0.	
8.42854e-004	1.	0.	0.	
0.	0.	1.	0.	
0.401809	0.184488	0.	1.	
Dynamic:	0	

Frame:	295
1.	-8.10562e-004	0.	0.	
8.10562e-004	1.	0.	0.	
0.	0.	1.	0.	
0.40348	0.18238	0.	1.	
Dynamic:	0	

Frame:	296
1.	-7.79507e-004	0.	0.	
7.79507e-004	1.	0.	0.	
0.	0.	1.	0.	
0.405398	0.179483	0.	1.	
Dynamic:	0	

Frame:	297
1.	-7.49643e-004	0.	0.	
7.49643e-004	1.	0.	0.	
0.	0.	1.	0.	
0.407053	0.177224	0.	1.	
Dynamic:	0	

Frame:	298
1.	-7.20922e-004	0.	0.	
7.20922e-004	1.	0.	0.	
0.	0.	1.	0.	
0.408651	0.175027	0.	1.	
Dynamic:	0	

Frame:	299
1.	7.02793e-004	0.	0.	
-7.02793e-004	1.	0.	0.	
0.	0.	1.	0.	
0.482187	7.86489e-002	0.	1.	
Dynamic:	0	

Frame:	300
0.999998	-1.9152e-003	0.	0.	
1.9152e-003	0.999998	0.	0.	
0.	0.	1.	0.	
0.346376	0.255163	0.	1.	
Dynamic:	0	

Frame:	301
0.999999	-1.5479e-003	0.	0.	
1.5479e-003	0.999999	0.	0.	
0.	0.	1.	0.	
0.365838	0.229616	0.	1.	
Dynamic:	0	

Frame:	302
1.	-8.31258e-004	0.	0.	
8.31258e-004	1.	0.	0.	
0.	0.	1.	0.	
0.403629	0.180305	0.	1.	
Dynamic:	0	

Frame:	303
1.	-7.68513e-004	0.	0.	
7.68513e-004	1.	0.	0.	
0.	0.	1.	0.	
0.407141	0.175412	0.	1.	
Dynamic:	0	

Frame:	304
1.	-7.39202e-004	0.	0.	
7.39202e-004	1.	0.	0.	
0.	0.	1.	0.	
0.408991	0.172528	0.	1.	
Dynamic:	0	

Frame:	305
1.	-7.11008e-004	0.	0.	
7.11008e-004	1.	0.	0.	
0.	0.	1.	0.	
0.410686	0.169988	0.	1.	
Dynamic:	0	

Frame:	306
1.	-6.8389e-004	0.	0.	
6.8389e-004	1.	0.	0.	
0.	0.	1.	0.	
0.412427	0.167226	0.	1.	
Dynamic:	0	

Frame:	307
1.	-6.39381e-004	0.	0.	
6.39381e-004	1.	0.	0.	
0.	0.	1.	0.	
0.414896	0.163798	0.	1.	
Dynamic:	0	

Frame:	308
1.	-6.21119e-004	0.	0.	
6.21119e-004	1.	0.	0.	
0.	0.	1.	0.	
0.416069	0.16193	0.	1.	
Dynamic:	0	

Frame:	309
1.	8.99245e-004	0.	0.	
-8.99245e-004	1.	0.	0.	
0.	0.	1.	0.	
0.496207	5.21778e-002	0.	1.	
Dynamic:	0	

Frame:	310
0.999999	-1.71875e-003	0.	0.	
1.71875e-003	0.999999	0.	0.	
0.	0.	1.	0.	
0.357413	0.240781	0.	1.	
Dynamic:	0	

Frame:	311
0.999999	-1.25743e-003	0.	0.	
1.25743e-003	0.999999	0.	0.	
0.	0.	1.	0.	
0.382259	0.207066	0.	1.	
Dynamic:	0	

Frame:	312
1.	-7.24057e-004	0.	0.	
7.24057e-004	1.	0.	0.	
0.	0.	1.	0.	
0.41115	0.167615	0.	1.	
Dynamic:	0	

Frame:	313
1.	-6.96534e-004	0.	0.	
6.96534e-004	1.	0.	0.	
0.	0.	1.	0.	
0.412634	0.165597	0.	1.	
Dynamic:	0	

Frame:	314
1.	-6.70057e-004	0.	0.	
6.70057e-004	1.	0.	0.	
0.	0.	1.	0.	
0.414065	0.163644	0.	1.	
Dynamic:	0	

Frame:	315
1.	-6.15508e-004	0.	0.	
6.15508e-004	1.	0.	0.	
0.	0.	1.	0.	
0.41702	0.159595	0.	1.	
Dynamic:	0	

Frame:	316
1.	-5.97976e-004	0.	0.	
5.97976e-004	1.	0.	0.	
0.	0.	1.	0.	
0.417972	0.158286	0.	1.	
Dynamic:	0	

Frame:	317
1.	-5.80944e-004	0.	0.	
5.80944e-004	1.	0.	0.	
0.	0.	1.	0.	
0.418898	0.157007	0.	1.	
Dynamic:	0	

Frame:	318
1.	-5.64397e-004	0.	0.	
5.64397e-004	1.	0.	0.	
0.	0.	1.	0.	
0.4198	0.155756	0.	1.	
Dynamic:	0	

Frame:	319
1.	8.0296e-004	0.	0.	
-8.0296e-004	1.	0.	0.	
0.	0.	1.	0.	
0.493267	5.14231e-002	0.	1.	
Dynamic:	0	

Frame:	320
0.999998	-1.81503e-003	0.	0.	
1.81503e-003	0.999998	0.	0.	
0.	0.	1.	0.	
0.351253	0.252047	0.	1.	
Dynamic:	0	

Frame:	321
0.999999	-1.0068e-003	0.	0.	
1.0068e-003	0.999999	0.	0.	
0.	0.	1.	0.	
0.39553	0.189842	0.	1.	
Dynamic:	0	

Frame:	322
1.	-6.08984e-004	0.	0.	
6.08984e-004	1.	0.	0.	
0.	0.	1.	0.	
0.417386	0.159058	0.	1.	
Dynamic:	0	

Frame:	323
1.	-5.91666e-004	0.	0.	
5.91666e-004	1.	0.	0.	
0.	0.	1.	0.	
0.41834	0.157711	0.	1.	
Dynamic:	0	

Frame:	324
1.	-5.74841e-004	0.	0.	
5.74841e-004	1.	0.	0.	
0.	0.	1.	0.	
0.419268	0.156394	0.	1.	
Dynamic:	0	

Frame:	325
1.	-5.58494e-004	0.	0.	
5.58494e-004	1.	0.	0.	
0.	0.	1.	0.	
0.420172	0.155107	0.	1.	
Dynamic:	0	

Frame:	326
1.	-5.42611e-004	0.	0.	
5.42611e-004	1.	0.	0.	
0.	0.	1.	0.	
0.420956	0.154135	0.	1.	
Dynamic:	0	

Frame:	327
1.	-5.27181e-004	0.	0.	
5.27181e-004	1.	0.	0.	
0.	0.	1.	0.	
0.421715	0.153197	0.	1.	
Dynamic:	0	

Frame:	328
1.	-5.12189e-004	0.	0.	
5.12189e-004	1.	0.	0.	
0.	0.	1.	0.	
0.422358	0.152569	0.	1.	
Dynamic:	0	

Frame:	329
1.	6.90552e-004	0.	0.	
-6.90552e-004	1.	0.	0.	
0.	0.	1.	0.	
0.488153	5.59656e-002	0.	1.	
Dynamic:	0	

Frame:	330
1.	-5.17261e-004	0.	0.	
5.17261e-004	1.	0.	0.	
0.	0.	1.	0.	
0.42146	0.154956	0.	1.	
Dynamic:	0	

Frame:	331
0.999999	-1.42151e-003	0.	0.	
1.42151e-003	0.999999	0.	0.	
0.	0.	1.	0.	
0.370693	0.229183	0.	1.	
Dynamic:	0	

Frame:	332
1.	-7.63385e-004	0.	0.	
7.63385e-004	1.	0.	0.	
0.	0.	1.	0.	
0.407187	0.176428	0.	1.	
Dynamic:	0	

Frame:	333
1.	-5.46273e-004	0.	0.	
5.46273e-004	1.	0.	0.	
0.	0.	1.	0.	
0.418908	0.15999	0.	1.	
Dynamic:	0	

Frame:	334
1.	-5.30746e-004	0.	0.	
5.30746e-004	1.	0.	0.	
0.	0.	1.	0.	
0.419496	0.159568	0.	1.	
Dynamic:	0	

Frame:	335
1.	-5.1566e-004	0.	0.	
5.1566e-004	1.	0.	0.	
0.	0.	1.	0.	
0.419967	0.159463	0.	1.	
Dynamic:	0	

Frame:	336
1.	-5.01003e-004	0.	0.	
5.01003e-004	1.	0.	0.	
0.	0.	1.	0.	
0.420511	0.1591	0.	1.	
Dynamic:	0	

Frame:	337
1.	-4.64505e-004	0.	0.	
4.64505e-004	1.	0.	0.	
0.	0.	1.	0.	
0.4222	0.157181	0.	1.	
Dynamic:	0	

Frame:	338
1.	-4.53936e-004	0.	0.	
4.53936e-004	1.	0.	0.	
0.	0.	1.	0.	
0.422327	0.157725	0.	1.	
Dynamic:	0	

Frame:	339
1.	-4.43607e-004	0.	0.	
4.43607e-004	1.	0.	0.	
0.	0.	1.	0.	
0.422537	0.157998	0.	1.	
Dynamic:	0	

Frame:	340
1.	6.08192e-004	0.	0.	
-6.08192e-004	1.	0.	0.	
0.	0.	1.	0.	
0.481292	6.86788e-002	0.	1.	
Dynamic:	0	

Frame:	341
0.999999	-1.47045e-003	0.	0.	
1.47045e-003	0.999999	0.	0.	
0.	0.	1.	0.	
0.363121	0.248723	0.	1.	
Dynamic:	0	

Frame:	342
1.	-7.89665e-004	0.	0.	
7.89665e-004	1.	0.	0.	
0.	0.	1.	0.	
0.401592	0.19135	0.	1.	
Dynamic:	0	

Frame:	343
1.	-4.61535e-004	0.	0.	
4.61535e-004	1.	0.	0.	
0.	0.	1.	0.	
0.420041	0.164016	0.	1.	
Dynamic:	0	

Frame:	344
1.	-4.5102e-004	0.	0.	
4.5102e-004	1.	0.	0.	
0.	0.	1.	0.	
0.420177	0.164538	0.	1.	
Dynamic:	0	

Frame:	345
1.	-4.40745e-004	0.	0.	
4.40745e-004	1.	0.	0.	
0.	0.	1.	0.	
0.420113	0.165654	0.	1.	
Dynamic:	0	

Frame:	346
1.	-4.30703e-004	0.	0.	
4.30703e-004	1.	0.	0.	
0.	0.	1.	0.	
0.420133	0.166495	0.	1.	
Dynamic:	0	

Frame:	347
1.	-4.20891e-004	0.	0.	
4.20891e-004	1.	0.	0.	
0.	0.	1.	0.	
0.42014	0.167357	0.	1.	
Dynamic:	0	

Frame:	348
1.	-4.11302e-004	0.	0.	
4.11302e-004	1.	0.	0.	
0.	0.	1.	0.	
0.419764	0.169383	0.	1.	
Dynamic:	0	

Frame:	349
1.	-4.01931e-004	0.	0.	
4.01931e-004	1.	0.	0.	
0.	0.	1.	0.	
0.419656	0.170563	0.	1.	
Dynamic:	0	

Frame:	350
0.999999	-1.18055e-003	0.	0.	
1.18055e-003	0.999999	0.	0.	
0.	0.	1.	0.	
0.371786	0.248373	0.	1.	
Dynamic:	0	

Frame:	351
1.	-6.3398e-004	0.	0.	
6.3398e-004	1.	0.	0.	
0.	0.	1.	0.	
0.403698	0.198972	0.	1.	
Dynamic:	0	

Frame:	352
1.	-4.07683e-004	0.	0.	
4.07683e-004	1.	0.	0.	
0.	0.	1.	0.	
0.41695	0.178424	0.	1.	
Dynamic:	0	

Frame:	353
1.	-3.7088e-004	0.	0.	
3.7088e-004	1.	0.	0.	
0.	0.	1.	0.	
0.419111	0.175066	0.	1.	
Dynamic:	0	

Frame:	354
1.	-3.63805e-004	0.	0.	
3.63805e-004	1.	0.	0.	
0.	0.	1.	0.	
0.419528	0.174417	0.	1.	
Dynamic:	0	

Frame:	355
1.	-3.56866e-004	0.	0.	
3.56866e-004	1.	0.	0.	
0.	0.	1.	0.	
0.419937	0.173778	0.	1.	
Dynamic:	0	

Frame:	356
1.	-3.50059e-004	0.	0.	
3.50059e-004	1.	0.	0.	
0.	0.	1.	0.	
0.42034	0.173148	0.	1.	
Dynamic:	0	

Frame:	357
1.	-3.43382e-004	0.	0.	
3.43382e-004	1.	0.	0.	
0.	0.	1.	0.	
0.420735	0.172527	0.	1.	
Dynamic:	0	

Frame:	358
1.	-3.36832e-004	0.	0.	
3.36832e-004	1.	0.	0.	
0.	0.	1.	0.	
0.421125	0.171915	0.	1.	
Dynamic:	0	

Frame:	359
0.999999	-1.10613e-003	0.	0.	
1.10613e-003	0.999999	0.	0.	
0.	0.	1.	0.	
0.375329	0.244154	0.	1.	
Dynamic:	0	

Frame:	360
1.	-5.94019e-004	0.	0.	
5.94019e-004	1.	0.	0.	
0.	0.	1.	0.	
0.40588	0.195836	0.	1.	
Dynamic:	0	

Frame:	361
1.	-3.19002e-004	0.	0.	
3.19002e-004	1.	0.	0.	
0.	0.	1.	0.	
0.422335	0.169772	0.	1.	
Dynamic:	0	

Frame:	362
1.	-2.9687e-004	0.	0.	
2.9687e-004	1.	0.	0.	
0.	0.	1.	0.	
0.423663	0.167665	0.	1.	
Dynamic:	0	

Frame:	363
1.	-2.9198e-004	0.	0.	
2.9198e-004	1.	0.	0.	
0.	0.	1.	0.	
0.423957	0.167198	0.	1.	
Dynamic:	0	

Frame:	364
1.	0.	0.	0.	
0.	1.	0.	0.	
0.	0.	1.	0.	
0.441558	0.139146	0.	1.	
Dynamic:	0	

Frame:	365
1.	0.	0.	0.	
0.	1.	0.	0.	
0.	0.	1.	0.	
0.441558	0.139146	0.	1.	
Dynamic:	0	

Frame:	366
1.	0.	0.	0.	
0.	1.	0.	0.	
0.	0.	1.	0.	
0.441558	0.139146	0.	1.	
Dynamic:	0	

Frame:	367
1.	0.	0.	0.	
0.	1.	0.	0.	
0.	0.	1.	0.	
0.441558	0.139146	0.	1.	
Dynamic:	0	

Frame:	368
0.999999	-1.62622e-003	0.	0.	
1.62622e-003	0.999999	0.	0.	
0.	0.	1.	0.	
0.34273	0.298323	0.	1.	
Dynamic:	0	

Frame:	369
1.	-8.73318e-004	0.	0.	
8.73318e-004	1.	0.	0.	
0.	0.	1.	0.	
0.388557	0.224275	0.	1.	
Dynamic:	0	

Frame:	370
1.	-4.68992e-004	0.	0.	
4.68992e-004	1.	0.	0.	
0.	0.	1.	0.	
0.413246	0.184345	0.	1.	
Dynamic:	0	

Frame:	371
1.	-2.51859e-004	0.	0.	
2.51859e-004	1.	0.	0.	
0.	0.	1.	0.	
0.426541	0.16281	0.	1.	
Dynamic:	0	

Frame:	372
1.	-1.35254e-004	0.	0.	
1.35254e-004	1.	0.	0.	
0.	0.	1.	0.	
0.433699	0.151195	0.	1.	
Dynamic:	0	

Frame:	373
1.	-7.26346e-005	0.	0.	
7.26346e-005	1.	0.	0.	
0.	0.	1.	0.	
0.437552	0.14493	0.	1.	
Dynamic:	0	

Frame:	374
1.	-3.90065e-005	0.	0.	
3.90065e-005	1.	0.	0.	
0.	0.	1.	0.	
0.439626	0.141551	0.	1.	
Dynamic:	0	

Frame:	375
1.	-2.09474e-005	0.	0.	
2.09474e-005	1.	0.	0.	
0.	0.	1.	0.	
0.440743	0.139728	0.	1.	
Dynamic:	0	

Frame:	376
0.999999	-1.53419e-003	0.	0.	
1.53419e-003	0.999999	0.	0.	
0.	0.	1.	0.	
0.347109	0.293195	0.	1.	
Dynamic:	0	

Frame:	377
1.	-8.23893e-004	0.	0.	
8.23893e-004	1.	0.	0.	
0.	0.	1.	0.	
0.391128	0.220828	0.	1.	
Dynamic:	0	

Frame:	378
1.	-4.4245e-004	0.	0.	
4.4245e-004	1.	0.	0.	
0.	0.	1.	0.	
0.41484	0.181809	0.	1.	
Dynamic:	0	

Frame:	379
1.	-2.37606e-004	0.	0.	
2.37606e-004	1.	0.	0.	
0.	0.	1.	0.	
0.427608	0.160769	0.	1.	
Dynamic:	0	

Frame:	380
1.	-1.276e-004	0.	0.	
1.276e-004	1.	0.	0.	
0.	0.	1.	0.	
0.434482	0.149422	0.	1.	
Dynamic:	0	

Frame:	381
1.	-6.85239e-005	0.	0.	
6.85239e-005	1.	0.	0.	
0.	0.	1.	0.	
0.438182	0.143302	0.	1.	
Dynamic:	0	

Frame:	382
1.	-3.67989e-005	0.	0.	
3.67989e-005	1.	0.	0.	
0.	0.	1.	0.	
0.440173	0.140002	0.	1.	
Dynamic:	0	

Frame:	383
1.	-1.97619e-005	0.	0.	
1.97619e-005	1.	0.	0.	
0.	0.	1.	0.	
0.441245	0.138222	0.	1.	
Dynamic:	0	

Frame:	384
1.	-1.06126e-005	0.	0.	
1.06126e-005	1.	0.	0.	
0.	0.	1.	0.	
0.441822	0.137263	0.	1.	
Dynamic:	0	

Frame:	385
0.999999	-1.3287e-003	0.	0.	
1.3287e-003	0.999999	0.	0.	
0.	0.	1.	0.	
0.358633	0.276178	0.	1.	
Dynamic:	0	

Frame:	386
1.	-7.13542e-004	0.	0.	
7.13542e-004	1.	0.	0.	
0.	0.	1.	0.	
0.397518	0.211059	0.	1.	
Dynamic:	0	

Frame:	387
1.	-3.83188e-004	0.	0.	
3.83188e-004	1.	0.	0.	
0.	0.	1.	0.	
0.418462	0.175953	0.	1.	
Dynamic:	0	

Frame:	388
1.	-2.05781e-004	0.	0.	
2.05781e-004	1.	0.	0.	
0.	0.	1.	0.	
0.429738	0.157024	0.	1.	
Dynamic:	0	

Frame:	389
1.	-1.10509e-004	0.	0.	
1.10509e-004	1.	0.	0.	
0.	0.	1.	0.	
0.435807	0.146818	0.	1.	
Dynamic:	0	

Frame:	390
1.	-5.93459e-005	0.	0.	
5.93459e-005	1.	0.	0.	
0.	0.	1.	0.	
0.439074	0.141314	0.	1.	
Dynamic:	0	

Frame:	391
1.	-3.18701e-005	0.	0.	
3.18701e-005	1.	0.	0.	
0.	0.	1.	0.	
0.440832	0.138347	0.	1.	
Dynamic:	0	

Frame:	392
1.	-1.7115e-005	0.	0.	
1.7115e-005	1.	0.	0.	
0.	0.	1.	0.	
0.441779	0.136747	0.	1.	
Dynamic:	0	

Frame:	393
1.	-9.19113e-006	0.	0.	
9.19113e-006	1.	0.	0.	
0.	0.	1.	0.	
0.442288	0.135884	0.	1.	
Dynamic:	0	

Frame:	394
0.999999	-1.10557e-003	0.	0.	
1.10557e-003	0.999999	0.	0.	
0.	0.	1.	0.	
0.364839	0.253699	0.	1.	
Dynamic:	0	

Frame:	395
1.	-5.94631e-004	0.	0.	
5.94631e-004	1.	0.	0.	
0.	0.	1.	0.	
0.394303	0.196534	0.	1.	
Dynamic:	0	

Frame:	396
1.	-3.10983e-004	0.	0.	
3.10983e-004	1.	0.	0.	
0.	0.	1.	0.	
0.402244	0.162123	0.	1.	
Dynamic:	0	

Frame:	397
1.	-1.66137e-004	0.	0.	
1.66137e-004	1.	0.	0.	
0.	0.	1.	0.	
0.404702	0.144002	0.	1.	
Dynamic:	0	

Frame:	398
1.	-8.44037e-005	0.	0.	
8.44037e-005	1.	0.	0.	
0.	0.	1.	0.	
0.39962	0.131785	0.	1.	
Dynamic:	0	

Frame:	399
1.	-4.28802e-005	0.	0.	
4.28802e-005	1.	0.	0.	
0.	0.	1.	0.	
0.395396	0.125064	0.	1.	
Dynamic:	0	

Frame:	400
1.	-1.4055e-005	0.	0.	
1.4055e-005	1.	0.	0.	
0.	0.	1.	0.	
0.383424	0.117656	0.	1.	
Dynamic:	0	

Frame:	401
1.	0.	0.	0.	
0.	1.	0.	0.	
0.	0.	1.	0.	
0.367029	0.110849	0.	1.	
Dynamic:	0	

Frame:	402
1.	0.	0.	0.	
0.	1.	0.	0.	
0.	0.	1.	0.	
0.342791	0.103529	0.	1.	
Dynamic:	0	

Frame:	403
1.	-5.83337e-004	0.	0.	
5.83337e-004	1.	0.	0.	
0.	0.	1.	0.	
0.266495	0.157999	0.	1.	
Dynamic:	0	

Frame:	404
1.	-3.19418e-004	0.	0.	
3.19418e-004	1.	0.	0.	
0.	0.	1.	0.	
0.249166	0.117641	0.	1.	
Dynamic:	0	

Frame:	405
1.	-1.6928e-004	0.	0.	
1.6928e-004	1.	0.	0.	
0.	0.	1.	0.	
0.227856	9.11919e-002	0.	1.	
Dynamic:	0	

Frame:	406
1.	-7.85776e-005	0.	0.	
7.85776e-005	1.	0.	0.	
0.	0.	1.	0.	
0.206112	7.25209e-002	0.	1.	
Dynamic:	0	

Frame:	407
1.	-3.51445e-006	0.	0.	
3.51445e-006	1.	0.	0.	
0.	0.	1.	0.	
0.176419	5.35314e-002	0.	1.	
Dynamic:	0	

Frame:	408
1.	0.	0.	0.	
0.	1.	0.	0.	
0.	0.	1.	0.	
0.128158	3.85448e-002	0.	1.	
Dynamic:	0	

Frame:	409
1.	0.	0.	0.	
0.	1.	0.	0.	
0.	0.	1.	0.	
8.31298e-002	2.5002e-002	0.	1.	
Dynamic:	0	

Frame:	410
1.	0.	0.	0.	
0.	1.	0.	0.	
0.	0.	1.	0.	
4.84924e-002	1.45845e-002	0.	1.	
Dynamic:	0	

Frame:	411
1.	0.	0.	0.	
0.	1.	0.	0.	
0.	0.	1.	0.	
2.77099e-002	8.33401e-003	0.	1.	
Dynamic:	0	

Frame:	412
1.	0.	0.	0.	
0.	1.	0.	0.	
0.	0.	1.	0.	
0.	0.	0.	1.	
Dynamic:	0	

Frame:	413
1.	0.	0.	0.	
0.	1.	0.	0.	
0.	0.	1.	0.	
0.	0.	0.	1.	
Dynamic:	0	

Frame:	414
1.	0.	0.	0.	
0.	1.	0.	0.	
0.	0.	1.	0.	
0.	0.	0.	1.	
Dynamic:	0	

Frame:	415
1.	0.	0.	0.	
0.	1.	0.	0.	
0.	0.	1.	0.	
0.	0.	0.	1.	
Dynamic:	0	

Frame:	416
1.	0.	0.	0.	
0.	1.	0.	0.	
0.	0.	1.	0.	
0.	0.	0.	1.	
Dynamic:	0	

Frame:	417
1.	0.	0.	0.	
0.	1.	0.	0.	
0.	0.	1.	0.	
0.	0.	0.	1.	
Dynamic:	0	

Frame:	418
1.	0.	0.	0.	
0.	1.	0.	0.	
0.	0.	1.	0.	
0.	0.	0.	1.	
Dynamic:	0	

Frame:	419
1.	0.	0.	0.	
0.	1.	0.	0.	
0.	0.	1.	0.	
0.	0.	0.	1.	
Dynamic:	0	

Frame:	420
1.	0.	0.	0.	
0.	1.	0.	0.	
0.	0.	1.	0.	
0.	0.	0.	1.	
Dynamic:	0	

Frame:	421
1.	0.	0.	0.	
0.	1.	0.	0.	
0.	0.	1.	0.	
0.	0.	0.	1.	
Dynamic:	0	

Frame:	422
1.	0.	0.	0.	
0.	1.	0.	0.	
0.	0.	1.	0.	
0.	0.	0.	1.	
Dynamic:	0	

Frame:	423
1.	0.	0.	0.	
0.	1.	0.	0.	
0.	0.	1.	0.	
0.	0.	0.	1.	
Dynamic:	0	

Frame:	424
1.	0.	0.	0.	
0.	1.	0.	0.	
0.	0.	1.	0.	
0.	0.	0.	1.	
Dynamic:	0	

Frame:	425
1.	0.	0.	0.	
0.	1.	0.	0.	
0.	0.	1.	0.	
0.	0.	0.	1.	
Dynamic:	0	

Frame:	426
1.	0.	0.	0.	
0.	1.	0.	0.	
0.	0.	1.	0.	
0.	0.	0.	1.	
Dynamic:	0	

Frame:	427
1.	0.	0.	0.	
0.	1.	0.	0.	
0.	0.	1.	0.	
0.	0.	0.	1.	
Dynamic:	0	

Frame:	428
1.	0.	0.	0.	
0.	1.	0.	0.	
0.	0.	1.	0.	
0.	0.	0.	1.	
Dynamic:	0	

Frame:	429
1.	0.	0.	0.	
0.	1.	0.	0.	
0.	0.	1.	0.	
0.	0.	0.	1.	
Dynamic:	0	

Frame:	430
1.	0.	0.	0.	
0.	1.	0.	0.	
0.	0.	1.	0.	
0.	0.	0.	1.	
Dynamic:	0	

Frame:	431
1.	0.	0.	0.	
0.	1.	0.	0.	
0.	0.	1.	0.	
0.	0.	0.	1.	
Dynamic:	0	

Frame:	432
1.	0.	0.	0.	
0.	1.	0.	0.	
0.	0.	1.	0.	
0.	0.	0.	1.	
Dynamic:	0	

Frame:	433
1.	0.	0.	0.	
0.	1.	0.	0.	
0.	0.	1.	0.	
0.	0.	0.	1.	
Dynamic:	0	

Frame:	434
1.	0.	0.	0.	
0.	1.	0.	0.	
0.	0.	1.	0.	
0.	0.	0.	1.	
Dynamic:	0	

Frame:	435
1.	0.	0.	0.	
0.	1.	0.	0.	
0.	0.	1.	0.	
0.	0.	0.	1.	
Dynamic:	0	

Frame:	436
1.	0.	0.	0.	
0.	1.	0.	0.	
0.	0.	1.	0.	
0.	0.	0.	1.	
Dynamic:	0	

Frame:	437
1.	0.	0.	0.	
0.	1.	0.	0.	
0.	0.	1.	0.	
0.	0.	0.	1.	
Dynamic:	0	

Frame:	438
1.	0.	0.	0.	
0.	1.	0.	0.	
0.	0.	1.	0.	
0.	0.	0.	1.	
Dynamic:	0	

Frame:	439
1.	0.	0.	0.	
0.	1.	0.	0.	
0.	0.	1.	0.	
0.	0.	0.	1.	
Dynamic:	0	

Frame:	440
1.	0.	0.	0.	
0.	1.	0.	0.	
0.	0.	1.	0.	
0.	0.	0.	1.	
Dynamic:	0	

Frame:	441
1.	0.	0.	0.	
0.	1.	0.	0.	
0.	0.	1.	0.	
0.	0.	0.	1.	
Dynamic:	0	

Frame:	442
1.	0.	0.	0.	
0.	1.	0.	0.	
0.	0.	1.	0.	
0.	0.	0.	1.	
Dynamic:	0	

Frame:	443
1.	0.	0.	0.	
0.	1.	0.	0.	
0.	0.	1.	0.	
0.	0.	0.	1.	
Dynamic:	0	

Frame:	444
1.	0.	0.	0.	
0.	1.	0.	0.	
0.	0.	1.	0.	
0.	0.	0.	1.	
Dynamic:	0	

Frame:	445
1.	0.	0.	0.	
0.	1.	0.	0.	
0.	0.	1.	0.	
0.	0.	0.	1.	
Dynamic:	0	

Frame:	446
1.	0.	0.	0.	
0.	1.	0.	0.	
0.	0.	1.	0.	
0.	0.	0.	1.	
Dynamic:	0	

Frame:	447
1.	0.	0.	0.	
0.	1.	0.	0.	
0.	0.	1.	0.	
0.	0.	0.	1.	
Dynamic:	0	

Frame:	448
1.	0.	0.	0.	
0.	1.	0.	0.	
0.	0.	1.	0.	
0.	0.	0.	1.	
Dynamic:	0	

Frame:	449
1.	0.	0.	0.	
0.	1.	0.	0.	
0.	0.	1.	0.	
0.	0.	0.	1.	
Dynamic:	0	

Frame:	450
1.	0.	0.	0.	
0.	1.	0.	0.	
0.	0.	1.	0.	
0.	0.	0.	1.	
Dynamic:	0	

Frame:	451
1.	0.	0.	0.	
0.	1.	0.	0.	
0.	0.	1.	0.	
0.	0.	0.	1.	
Dynamic:	0	

Frame:	452
1.	0.	0.	0.	
0.	1.	0.	0.	
0.	0.	1.	0.	
0.	0.	0.	1.	
Dynamic:	0	

Frame:	453
1.	0.	0.	0.	
0.	1.	0.	0.	
0.	0.	1.	0.	
0.	0.	0.	1.	
Dynamic:	0	

Frame:	454
1.	0.	0.	0.	
0.	1.	0.	0.	
0.	0.	1.	0.	
0.	0.	0.	1.	
Dynamic:	0	

Frame:	455
1.	0.	0.	0.	
0.	1.	0.	0.	
0.	0.	1.	0.	
0.	0.	0.	1.	
Dynamic:	0	

Frame:	456
1.	0.	0.	0.	
0.	1.	0.	0.	
0.	0.	1.	0.	
0.	0.	0.	1.	
Dynamic:	0	

Frame:	457
1.	0.	0.	0.	
0.	1.	0.	0.	
0.	0.	1.	0.	
0.	0.	0.	1.	
Dynamic:	0	

Frame:	458
1.	0.	0.	0.	
0.	1.	0.	0.	
0.	0.	1.	0.	
0.	0.	0.	1.	
Dynamic:	0	

Frame:	459
1.	0.	0.	0.	
0.	1.	0.	0.	
0.	0.	1.	0.	
0.	0.	0.	1.	
Dynamic:	0	

Frame:	460
1.	0.	0.	0.	
0.	1.	0.	0.	
0.	0.	1.	0.	
0.	0.	0.	1.	
Dynamic:	0	

Frame:	461
1.	0.	0.	0.	
0.	1.	0.	0.	
0.	0.	1.	0.	
0.	0.	0.	1.	
Dynamic:	0	

Frame:	462
1.	0.	0.	0.	
0.	1.	0.	0.	
0.	0.	1.	0.	
0.	0.	0.	1.	
Dynamic:	0	

Frame:	463
1.	0.	0.	0.	
0.	1.	0.	0.	
0.	0.	1.	0.	
0.	0.	0.	1.	
Dynamic:	0	

Frame:	464
1.	0.	0.	0.	
0.	1.	0.	0.	
0.	0.	1.	0.	
0.	0.	0.	1.	
Dynamic:	0	

Frame:	465
1.	0.	0.	0.	
0.	1.	0.	0.	
0.	0.	1.	0.	
0.	0.	0.	1.	
Dynamic:	0	

Frame:	466
1.	0.	0.	0.	
0.	1.	0.	0.	
0.	0.	1.	0.	
0.	0.	0.	1.	
Dynamic:	0	

Frame:	467
1.	0.	0.	0.	
0.	1.	0.	0.	
0.	0.	1.	0.	
0.	0.	0.	1.	
Dynamic:	0	

Frame:	468
1.	0.	0.	0.	
0.	1.	0.	0.	
0.	0.	1.	0.	
0.	0.	0.	1.	
Dynamic:	0	

Frame:	469
1.	0.	0.	0.	
0.	1.	0.	0.	
0.	0.	1.	0.	
0.	0.	0.	1.	
Dynamic:	0	

Frame:	470
1.	0.	0.	0.	
0.	1.	0.	0.	
0.	0.	1.	0.	
0.	0.	0.	1.	
Dynamic:	0	

Frame:	471
1.	0.	0.	0.	
0.	1.	0.	0.	
0.	0.	1.	0.	
0.	0.	0.	1.	
Dynamic:	0	

Frame:	472
1.	0.	0.	0.	
0.	1.	0.	0.	
0.	0.	1.	0.	
0.	0.	0.	1.	
Dynamic:	0	

Frame:	473
1.	0.	0.	0.	
0.	1.	0.	0.	
0.	0.	1.	0.	
0.	0.	0.	1.	
Dynamic:	0	

Frame:	474
1.	0.	0.	0.	
0.	1.	0.	0.	
0.	0.	1.	0.	
0.	0.	0.	1.	
Dynamic:	0	

Frame:	475
1.	0.	0.	0.	
0.	1.	0.	0.	
0.	0.	1.	0.	
0.	0.	0.	1.	
Dynamic:	0	

Frame:	476
1.	0.	0.	0.	
0.	1.	0.	0.	
0.	0.	1.	0.	
0.	0.	0.	1.	
Dynamic:	0	

Frame:	477
1.	0.	0.	0.	
0.	1.	0.	0.	
0.	0.	1.	0.	
0.	0.	0.	1.	
Dynamic:	0	

Frame:	478
1.	0.	0.	0.	
0.	1.	0.	0.	
0.	0.	1.	0.	
0.	0.	0.	1.	
Dynamic:	0	

Frame:	479
1.	0.	0.	0.	
0.	1.	0.	0.	
0.	0.	1.	0.	
0.	0.	0.	1.	
Dynamic:	0	

Frame:	480
1.	0.	0.	0.	
0.	1.	0.	0.	
0.	0.	1.	0.	
0.	0.	0.	1.	
Dynamic:	0	

Frame:	481
1.	0.	0.	0.	
0.	1.	0.	0.	
0.	0.	1.	0.	
0.	0.	0.	1.	
Dynamic:	0	

Frame:	482
1.	0.	0.	0.	
0.	1.	0.	0.	
0.	0.	1.	0.	
0.	0.	0.	1.	
Dynamic:	0	

Frame:	483
1.	0.	0.	0.	
0.	1.	0.	0.	
0.	0.	1.	0.	
0.	0.	0.	1.	
Dynamic:	0	

Frame:	484
1.	0.	0.	0.	
0.	1.	0.	0.	
0.	0.	1.	0.	
0.	0.	0.	1.	
Dynamic:	0	

Frame:	485
1.	0.	0.	0.	
0.	1.	0.	0.	
0.	0.	1.	0.	
0.	0.	0.	1.	
Dynamic:	0	

Frame:	486
1.	0.	0.	0.	
0.	1.	0.	0.	
0.	0.	1.	0.	
0.	0.	0.	1.	
Dynamic:	0	

Frame:	487
1.	0.	0.	0.	
0.	1.	0.	0.	
0.	0.	1.	0.	
0.	0.	0.	1.	
Dynamic:	0	

Frame:	488
1.	0.	0.	0.	
0.	1.	0.	0.	
0.	0.	1.	0.	
0.	0.	0.	1.	
Dynamic:	0	

Frame:	489
1.	0.	0.	0.	
0.	1.	0.	0.	
0.	0.	1.	0.	
0.	0.	0.	1.	
Dynamic:	0	

Frame:	490
1.	0.	0.	0.	
0.	1.	0.	0.	
0.	0.	1.	0.	
0.	0.	0.	1.	
Dynamic:	0	

Frame:	491
1.	0.	0.	0.	
0.	1.	0.	0.	
0.	0.	1.	0.	
0.	0.	0.	1.	
Dynamic:	0	

Frame:	492
1.	0.	0.	0.	
0.	1.	0.	0.	
0.	0.	1.	0.	
0.	0.	0.	1.	
Dynamic:	0	

Frame:	493
1.	0.	0.	0.	
0.	1.	0.	0.	
0.	0.	1.	0.	
0.	0.	0.	1.	
Dynamic:	0	

Frame:	494
1.	0.	0.	0.	
0.	1.	0.	0.	
0.	0.	1.	0.	
0.	0.	0.	1.	
Dynamic:	0	

Frame:	495
1.	0.	0.	0.	
0.	1.	0.	0.	
0.	0.	1.	0.	
0.	0.	0.	1.	
Dynamic:	0	

Frame:	496
1.	0.	0.	0.	
0.	1.	0.	0.	
0.	0.	1.	0.	
0.	0.	0.	1.	
Dynamic:	0	

Frame:	497
1.	0.	0.	0.	
0.	1.	0.	0.	
0.	0.	1.	0.	
0.	0.	0.	1.	
Dynamic:	0	

Frame:	498
1.	0.	0.	0.	
0.	1.	0.	0.	
0.	0.	1.	0.	
0.	0.	0.	1.	
Dynamic:	0	

Frame:	499
1.	0.	0.	0.	
0.	1.	0.	0.	
0.	0.	1.	0.	
0.	0.	0.	1.	
Dynamic:	0	

Frame:	500
1.	0.	0.	0.	
0.	1.	0.	0.	
0.	0.	1.	0.	
0.	0.	0.	1.	
Dynamic:	0	

Frame:	501
1.	0.	0.	0.	
0.	1.	0.	0.	
0.	0.	1.	0.	
0.	0.	0.	1.	
Dynamic:	0	

Frame:	502
1.	0.	0.	0.	
0.	1.	0.	0.	
0.	0.	1.	0.	
0.	0.	0.	1.	
Dynamic:	0	

Frame:	503
1.	0.	0.	0.	
0.	1.	0.	0.	
0.	0.	1.	0.	
0.	0.	0.	1.	
Dynamic:	0	

Frame:	504
1.	0.	0.	0.	
0.	1.	0.	0.	
0.	0.	1.	0.	
0.	0.	0.	1.	
Dynamic:	0	

Frame:	505
1.	0.	0.	0.	
0.	1.	0.	0.	
0.	0.	1.	0.	
0.	0.	0.	1.	
Dynamic:	0	

Frame:	506
1.	0.	0.	0.	
0.	1.	0.	0.	
0.	0.	1.	0.	
0.	0.	0.	1.	
Dynamic:	0	

Frame:	507
1.	0.	0.	0.	
0.	1.	0.	0.	
0.	0.	1.	0.	
0.	0.	0.	1.	
Dynamic:	0	

Frame:	508
1.	0.	0.	0.	
0.	1.	0.	0.	
0.	0.	1.	0.	
0.	0.	0.	1.	
Dynamic:	0	

Frame:	509
1.	0.	0.	0.	
0.	1.	0.	0.	
0.	0.	1.	0.	
0.	0.	0.	1.	
Dynamic:	0	

Frame:	510
1.	0.	0.	0.	
0.	1.	0.	0.	
0.	0.	1.	0.	
0.	0.	0.	1.	
Dynamic:	0	

Frame:	511
1.	0.	0.	0.	
0.	1.	0.	0.	
0.	0.	1.	0.	
0.	0.	0.	1.	
Dynamic:	0	

Frame:	512
1.	0.	0.	0.	
0.	1.	0.	0.	
0.	0.	1.	0.	
0.	0.	0.	1.	
Dynamic:	0	

Frame:	513
1.	0.	0.	0.	
0.	1.	0.	0.	
0.	0.	1.	0.	
0.	0.	0.	1.	
Dynamic:	0	

Frame:	514
1.	0.	0.	0.	
0.	1.	0.	0.	
0.	0.	1.	0.	
0.	0.	0.	1.	
Dynamic:	0	

Frame:	515
1.	0.	0.	0.	
0.	1.	0.	0.	
0.	0.	1.	0.	
0.	0.	0.	1.	
Dynamic:	0	

Frame:	516
1.	0.	0.	0.	
0.	1.	0.	0.	
0.	0.	1.	0.	
0.	0.	0.	1.	
Dynamic:	0	

Frame:	517
1.	0.	0.	0.	
0.	1.	0.	0.	
0.	0.	1.	0.	
0.	0.	0.	1.	
Dynamic:	0	

Frame:	518
1.	0.	0.	0.	
0.	1.	0.	0.	
0.	0.	1.	0.	
0.	0.	0.	1.	
Dynamic:	0	

Frame:	519
1.	0.	0.	0.	
0.	1.	0.	0.	
0.	0.	1.	0.	
0.	0.	0.	1.	
Dynamic:	0	

Frame:	520
1.	0.	0.	0.	
0.	1.	0.	0.	
0.	0.	1.	0.	
0.	0.	0.	1.	
Dynamic:	0	

Frame:	521
1.	0.	0.	0.	
0.	1.	0.	0.	
0.	0.	1.	0.	
0.	0.	0.	1.	
Dynamic:	0	

Frame:	522
1.	0.	0.	0.	
0.	1.	0.	0.	
0.	0.	1.	0.	
0.	0.	0.	1.	
Dynamic:	0	

Frame:	523
1.	0.	0.	0.	
0.	1.	0.	0.	
0.	0.	1.	0.	
0.	0.	0.	1.	
Dynamic:	0	

Frame:	524
1.	0.	0.	0.	
0.	1.	0.	0.	
0.	0.	1.	0.	
0.	0.	0.	1.	
Dynamic:	0	

Frame:	525
1.	0.	0.	0.	
0.	1.	0.	0.	
0.	0.	1.	0.	
0.	0.	0.	1.	
Dynamic:	0	

Frame:	526
1.	0.	0.	0.	
0.	1.	0.	0.	
0.	0.	1.	0.	
0.	0.	0.	1.	
Dynamic:	0	

Frame:	527
1.	0.	0.	0.	
0.	1.	0.	0.	
0.	0.	1.	0.	
0.	0.	0.	1.	
Dynamic:	0	

Frame:	528
1.	0.	0.	0.	
0.	1.	0.	0.	
0.	0.	1.	0.	
0.	0.	0.	1.	
Dynamic:	0	

Frame:	529
1.	0.	0.	0.	
0.	1.	0.	0.	
0.	0.	1.	0.	
0.	0.	0.	1.	
Dynamic:	0	

Frame:	530
1.	0.	0.	0.	
0.	1.	0.	0.	
0.	0.	1.	0.	
0.	0.	0.	1.	
Dynamic:	0	

Frame:	531
1.	0.	0.	0.	
0.	1.	0.	0.	
0.	0.	1.	0.	
0.	0.	0.	1.	
Dynamic:	0	

Frame:	532
1.	0.	0.	0.	
0.	1.	0.	0.	
0.	0.	1.	0.	
0.	0.	0.	1.	
Dynamic:	0	

Frame:	533
1.	0.	0.	0.	
0.	1.	0.	0.	
0.	0.	1.	0.	
0.	0.	0.	1.	
Dynamic:	0	

Frame:	534
1.	0.	0.	0.	
0.	1.	0.	0.	
0.	0.	1.	0.	
0.	0.	0.	1.	
Dynamic:	0	

Frame:	535
1.	0.	0.	0.	
0.	1.	0.	0.	
0.	0.	1.	0.	
0.	0.	0.	1.	
Dynamic:	0	

Frame:	536
1.	0.	0.	0.	
0.	1.	0.	0.	
0.	0.	1.	0.	
0.	0.	0.	1.	
Dynamic:	0	

Frame:	537
1.	0.	0.	0.	
0.	1.	0.	0.	
0.	0.	1.	0.	
0.	0.	0.	1.	
Dynamic:	0	

Frame:	538
1.	0.	0.	0.	
0.	1.	0.	0.	
0.	0.	1.	0.	
0.	0.	0.	1.	
Dynamic:	0	

Frame:	539
1.	0.	0.	0.	
0.	1.	0.	0.	
0.	0.	1.	0.	
0.	0.	0.	1.	
Dynamic:	0	

Frame:	540
1.	0.	0.	0.	
0.	1.	0.	0.	
0.	0.	1.	0.	
0.	0.	0.	1.	
Dynamic:	0	

Frame:	541
1.	0.	0.	0.	
0.	1.	0.	0.	
0.	0.	1.	0.	
0.	0.	0.	1.	
Dynamic:	0	

Frame:	542
1.	0.	0.	0.	
0.	1.	0.	0.	
0.	0.	1.	0.	
0.	0.	0.	1.	
Dynamic:	0	

Frame:	543
1.	0.	0.	0.	
0.	1.	0.	0.	
0.	0.	1.	0.	
0.	0.	0.	1.	
Dynamic:	0	

Frame:	544
1.	0.	0.	0.	
0.	1.	0.	0.	
0.	0.	1.	0.	
0.	0.	0.	1.	
Dynamic:	0	

Frame:	545
1.	0.	0.	0.	
0.	1.	0.	0.	
0.	0.	1.	0.	
0.	0.	0.	1.	
Dynamic:	0	

Frame:	546
1.	0.	0.	0.	
0.	1.	0.	0.	
0.	0.	1.	0.	
0.	0.	0.	1.	
Dynamic:	0	

Frame:	547
1.	0.	0.	0.	
0.	1.	0.	0.	
0.	0.	1.	0.	
0.	0.	0.	1.	
Dynamic:	0	

Frame:	548
1.	0.	0.	0.	
0.	1.	0.	0.	
0.	0.	1.	0.	
0.	0.	0.	1.	
Dynamic:	0	

Frame:	549
1.	0.	0.	0.	
0.	1.	0.	0.	
0.	0.	1.	0.	
0.	0.	0.	1.	
Dynamic:	0	

Frame:	550
1.	0.	0.	0.	
0.	1.	0.	0.	
0.	0.	1.	0.	
0.	0.	0.	1.	
Dynamic:	0	

Frame:	551
1.	0.	0.	0.	
0.	1.	0.	0.	
0.	0.	1.	0.	
0.	0.	0.	1.	
Dynamic:	0	

Frame:	552
1.	0.	0.	0.	
0.	1.	0.	0.	
0.	0.	1.	0.	
0.	0.	0.	1.	
Dynamic:	0	

Frame:	553
1.	0.	0.	0.	
0.	1.	0.	0.	
0.	0.	1.	0.	
0.	0.	0.	1.	
Dynamic:	0	

Frame:	554
1.	0.	0.	0.	
0.	1.	0.	0.	
0.	0.	1.	0.	
0.	0.	0.	1.	
Dynamic:	0	

Frame:	555
1.	0.	0.	0.	
0.	1.	0.	0.	
0.	0.	1.	0.	
0.	0.	0.	1.	
Dynamic:	0	

Frame:	556
1.	0.	0.	0.	
0.	1.	0.	0.	
0.	0.	1.	0.	
0.	0.	0.	1.	
Dynamic:	0	

Frame:	557
1.	0.	0.	0.	
0.	1.	0.	0.	
0.	0.	1.	0.	
0.	0.	0.	1.	
Dynamic:	0	

Frame:	558
1.	0.	0.	0.	
0.	1.	0.	0.	
0.	0.	1.	0.	
0.	0.	0.	1.	
Dynamic:	0	

Frame:	559
1.	0.	0.	0.	
0.	1.	0.	0.	
0.	0.	1.	0.	
0.	0.	0.	1.	
Dynamic:	0	

Frame:	560
1.	0.	0.	0.	
0.	1.	0.	0.	
0.	0.	1.	0.	
0.	0.	0.	1.	
Dynamic:	0	

Frame:	561
1.	0.	0.	0.	
0.	1.	0.	0.	
0.	0.	1.	0.	
0.	0.	0.	1.	
Dynamic:	0	

Frame:	562
1.	0.	0.	0.	
0.	1.	0.	0.	
0.	0.	1.	0.	
0.	0.	0.	1.	
Dynamic:	0	

Frame:	563
1.	0.	0.	0.	
0.	1.	0.	0.	
0.	0.	1.	0.	
0.	0.	0.	1.	
Dynamic:	0	

Frame:	564
1.	0.	0.	0.	
0.	1.	0.	0.	
0.	0.	1.	0.	
0.	0.	0.	1.	
Dynamic:	0	

Frame:	565
1.	0.	0.	0.	
0.	1.	0.	0.	
0.	0.	1.	0.	
0.	0.	0.	1.	
Dynamic:	0	

Frame:	566
1.	0.	0.	0.	
0.	1.	0.	0.	
0.	0.	1.	0.	
0.	0.	0.	1.	
Dynamic:	0	

Frame:	567
1.	0.	0.	0.	
0.	1.	0.	0.	
0.	0.	1.	0.	
0.	0.	0.	1.	
Dynamic:	0	

Frame:	568
1.	0.	0.	0.	
0.	1.	0.	0.	
0.	0.	1.	0.	
0.	0.	0.	1.	
Dynamic:	0	

Frame:	569
1.	0.	0.	0.	
0.	1.	0.	0.	
0.	0.	1.	0.	
0.	0.	0.	1.	
Dynamic:	0	

Frame:	570
1.	0.	0.	0.	
0.	1.	0.	0.	
0.	0.	1.	0.	
0.	0.	0.	1.	
Dynamic:	0	

Frame:	571
1.	0.	0.	0.	
0.	1.	0.	0.	
0.	0.	1.	0.	
0.	0.	0.	1.	
Dynamic:	0	

Frame:	572
1.	0.	0.	0.	
0.	1.	0.	0.	
0.	0.	1.	0.	
0.	0.	0.	1.	
Dynamic:	0	

Frame:	573
1.	0.	0.	0.	
0.	1.	0.	0.	
0.	0.	1.	0.	
0.	0.	0.	1.	
Dynamic:	0	

Frame:	574
1.	0.	0.	0.	
0.	1.	0.	0.	
0.	0.	1.	0.	
0.	0.	0.	1.	
Dynamic:	0	

Frame:	575
1.	0.	0.	0.	
0.	1.	0.	0.	
0.	0.	1.	0.	
0.	0.	0.	1.	
Dynamic:	0	

Frame:	576
1.	0.	0.	0.	
0.	1.	0.	0.	
0.	0.	1.	0.	
0.	0.	0.	1.	
Dynamic:	0	

Frame:	577
1.	0.	0.	0.	
0.	1.	0.	0.	
0.	0.	1.	0.	
0.	0.	0.	1.	
Dynamic:	0	

Frame:	578
1.	0.	0.	0.	
0.	1.	0.	0.	
0.	0.	1.	0.	
0.	0.	0.	1.	
Dynamic:	0	

Frame:	579
1.	0.	0.	0.	
0.	1.	0.	0.	
0.	0.	1.	0.	
0.	0.	0.	1.	
Dynamic:	0	

Frame:	580
1.	0.	0.	0.	
0.	1.	0.	0.	
0.	0.	1.	0.	
0.	0.	0.	1.	
Dynamic:	0	

Frame:	581
1.	0.	0.	0.	
0.	1.	0.	0.	
0.	0.	1.	0.	
0.	0.	0.	1.	
Dynamic:	0	

Frame:	582
1.	0.	0.	0.	
0.	1.	0.	0.	
0.	0.	1.	0.	
0.	0.	0.	1.	
Dynamic:	0	

Frame:	583
1.	0.	0.	0.	
0.	1.	0.	0.	
0.	0.	1.	0.	
0.	0.	0.	1.	
Dynamic:	0	

Frame:	584
1.	0.	0.	0.	
0.	1.	0.	0.	
0.	0.	1.	0.	
0.	0.	0.	1.	
Dynamic:	0	

Frame:	585
1.	0.	0.	0.	
0.	1.	0.	0.	
0.	0.	1.	0.	
0.	0.	0.	1.	
Dynamic:	0	

Frame:	586
1.	0.	0.	0.	
0.	1.	0.	0.	
0.	0.	1.	0.	
0.	0.	0.	1.	
Dynamic:	0	

Frame:	587
1.	0.	0.	0.	
0.	1.	0.	0.	
0.	0.	1.	0.	
0.	0.	0.	1.	
Dynamic:	0	

Frame:	588
1.	0.	0.	0.	
0.	1.	0.	0.	
0.	0.	1.	0.	
0.	0.	0.	1.	
Dynamic:	0	

Frame:	589
1.	0.	0.	0.	
0.	1.	0.	0.	
0.	0.	1.	0.	
0.	0.	0.	1.	
Dynamic:	0	

Frame:	590
1.	0.	0.	0.	
0.	1.	0.	0.	
0.	0.	1.	0.	
0.	0.	0.	1.	
Dynamic:	0	

Frame:	591
1.	0.	0.	0.	
0.	1.	0.	0.	
0.	0.	1.	0.	
0.	0.	0.	1.	
Dynamic:	0	

Frame:	592
1.	0.	0.	0.	
0.	1.	0.	0.	
0.	0.	1.	0.	
0.	0.	0.	1.	
Dynamic:	0	

Frame:	593
1.	0.	0.	0.	
0.	1.	0.	0.	
0.	0.	1.	0.	
0.	0.	0.	1.	
Dynamic:	0	

Frame:	594
1.	0.	0.	0.	
0.	1.	0.	0.	
0.	0.	1.	0.	
0.	0.	0.	1.	
Dynamic:	0	

Frame:	595
1.	0.	0.	0.	
0.	1.	0.	0.	
0.	0.	1.	0.	
0.	0.	0.	1.	
Dynamic:	0	

Frame:	596
1.	0.	0.	0.	
0.	1.	0.	0.	
0.	0.	1.	0.	
0.	0.	0.	1.	
Dynamic:	0	

Frame:	597
1.	0.	0.	0.	
0.	1.	0.	0.	
0.	0.	1.	0.	
0.	0.	0.	1.	
Dynamic:	0	

Frame:	598
1.	0.	0.	0.	
0.	1.	0.	0.	
0.	0.	1.	0.	
0.	0.	0.	1.	
Dynamic:	0	

Frame:	599
1.	0.	0.	0.	
0.	1.	0.	0.	
0.	0.	1.	0.	
0.	0.	0.	1.	
Dynamic:	0	

Frame:	600
1.	0.	0.	0.	
0.	1.	0.	0.	
0.	0.	1.	0.	
0.	0.	0.	1.	
Dynamic:	0	

Frame:	601
1.	0.	0.	0.	
0.	1.	0.	0.	
0.	0.	1.	0.	
0.	0.	0.	1.	
Dynamic:	0	

Frame:	602
1.	0.	0.	0.	
0.	1.	0.	0.	
0.	0.	1.	0.	
0.	0.	0.	1.	
Dynamic:	0	

Frame:	603
1.	0.	0.	0.	
0.	1.	0.	0.	
0.	0.	1.	0.	
0.	0.	0.	1.	
Dynamic:	0	

Frame:	604
1.	0.	0.	0.	
0.	1.	0.	0.	
0.	0.	1.	0.	
0.	0.	0.	1.	
Dynamic:	0	

Frame:	605
1.	0.	0.	0.	
0.	1.	0.	0.	
0.	0.	1.	0.	
0.	0.	0.	1.	
Dynamic:	0	

Frame:	606
1.	0.	0.	0.	
0.	1.	0.	0.	
0.	0.	1.	0.	
0.	0.	0.	1.	
Dynamic:	0	

Frame:	607
1.	0.	0.	0.	
0.	1.	0.	0.	
0.	0.	1.	0.	
0.	0.	0.	1.	
Dynamic:	0	

Frame:	608
1.	0.	0.	0.	
0.	1.	0.	0.	
0.	0.	1.	0.	
0.	0.	0.	1.	
Dynamic:	0	

Frame:	609
1.	0.	0.	0.	
0.	1.	0.	0.	
0.	0.	1.	0.	
0.	0.	0.	1.	
Dynamic:	0	

Frame:	610
1.	0.	0.	0.	
0.	1.	0.	0.	
0.	0.	1.	0.	
0.	0.	0.	1.	
Dynamic:	0	

Frame:	611
1.	0.	0.	0.	
0.	1.	0.	0.	
0.	0.	1.	0.	
0.	0.	0.	1.	
Dynamic:	0	

Frame:	612
1.	0.	0.	0.	
0.	1.	0.	0.	
0.	0.	1.	0.	
0.	0.	0.	1.	
Dynamic:	0	

Frame:	613
1.	0.	0.	0.	
0.	1.	0.	0.	
0.	0.	1.	0.	
0.	0.	0.	1.	
Dynamic:	0	

Frame:	614
1.	0.	0.	0.	
0.	1.	0.	0.	
0.	0.	1.	0.	
0.	0.	0.	1.	
Dynamic:	0	

Frame:	615
1.	0.	0.	0.	
0.	1.	0.	0.	
0.	0.	1.	0.	
0.	0.	0.	1.	
Dynamic:	0	

Frame:	616
1.	0.	0.	0.	
0.	1.	0.	0.	
0.	0.	1.	0.	
0.	0.	0.	1.	
Dynamic:	0	

Frame:	617
1.	0.	0.	0.	
0.	1.	0.	0.	
0.	0.	1.	0.	
0.	0.	0.	1.	
Dynamic:	0	

Frame:	618
1.	0.	0.	0.	
0.	1.	0.	0.	
0.	0.	1.	0.	
0.	0.	0.	1.	
Dynamic:	0	

Frame:	619
1.	0.	0.	0.	
0.	1.	0.	0.	
0.	0.	1.	0.	
0.	0.	0.	1.	
Dynamic:	0	

Frame:	620
1.	0.	0.	0.	
0.	1.	0.	0.	
0.	0.	1.	0.	
0.	0.	0.	1.	
Dynamic:	0	

Frame:	621
1.	0.	0.	0.	
0.	1.	0.	0.	
0.	0.	1.	0.	
0.	0.	0.	1.	
Dynamic:	0	

Frame:	622
1.	0.	0.	0.	
0.	1.	0.	0.	
0.	0.	1.	0.	
0.	0.	0.	1.	
Dynamic:	0	

Frame:	623
1.	0.	0.	0.	
0.	1.	0.	0.	
0.	0.	1.	0.	
0.	0.	0.	1.	
Dynamic:	0	

Frame:	624
1.	0.	0.	0.	
0.	1.	0.	0.	
0.	0.	1.	0.	
0.	0.	0.	1.	
Dynamic:	0	

Frame:	625
1.	0.	0.	0.	
0.	1.	0.	0.	
0.	0.	1.	0.	
0.	0.	0.	1.	
Dynamic:	0	

Frame:	626
1.	0.	0.	0.	
0.	1.	0.	0.	
0.	0.	1.	0.	
0.	0.	0.	1.	
Dynamic:	0	

Frame:	627
1.	0.	0.	0.	
0.	1.	0.	0.	
0.	0.	1.	0.	
0.	0.	0.	1.	
Dynamic:	0	

Frame:	628
1.	0.	0.	0.	
0.	1.	0.	0.	
0.	0.	1.	0.	
0.	0.	0.	1.	
Dynamic:	0	

Frame:	629
1.	0.	0.	0.	
0.	1.	0.	0.	
0.	0.	1.	0.	
0.	0.	0.	1.	
Dynamic:	0	

Frame:	630
1.	0.	0.	0.	
0.	1.	0.	0.	
0.	0.	1.	0.	
0.	0.	0.	1.	
Dynamic:	0	

Frame:	631
1.	0.	0.	0.	
0.	1.	0.	0.	
0.	0.	1.	0.	
0.	0.	0.	1.	
Dynamic:	0	

Frame:	632
1.	0.	0.	0.	
0.	1.	0.	0.	
0.	0.	1.	0.	
0.	0.	0.	1.	
Dynamic:	0	

Frame:	633
1.	0.	0.	0.	
0.	1.	0.	0.	
0.	0.	1.	0.	
0.	0.	0.	1.	
Dynamic:	0	

Frame:	634
1.	0.	0.	0.	
0.	1.	0.	0.	
0.	0.	1.	0.	
0.	0.	0.	1.	
Dynamic:	0	

Frame:	635
1.	0.	0.	0.	
0.	1.	0.	0.	
0.	0.	1.	0.	
0.	0.	0.	1.	
Dynamic:	0	

Frame:	636
1.	0.	0.	0.	
0.	1.	0.	0.	
0.	0.	1.	0.	
0.	0.	0.	1.	
Dynamic:	0	

Frame:	637
1.	0.	0.	0.	
0.	1.	0.	0.	
0.	0.	1.	0.	
0.	0.	0.	1.	
Dynamic:	0	

Frame:	638
1.	0.	0.	0.	
0.	1.	0.	0.	
0.	0.	1.	0.	
0.	0.	0.	1.	
Dynamic:	0	

Frame:	639
1.	0.	0.	0.	
0.	1.	0.	0.	
0.	0.	1.	0.	
0.	0.	0.	1.	
Dynamic:	0	

Frame:	640
1.	0.	0.	0.	
0.	1.	0.	0.	
0.	0.	1.	0.	
0.	0.	0.	1.	
Dynamic:	0	

Frame:	641
1.	0.	0.	0.	
0.	1.	0.	0.	
0.	0.	1.	0.	
0.	0.	0.	1.	
Dynamic:	0	

Frame:	642
1.	0.	0.	0.	
0.	1.	0.	0.	
0.	0.	1.	0.	
0.	0.	0.	1.	
Dynamic:	0	

Frame:	643
1.	0.	0.	0.	
0.	1.	0.	0.	
0.	0.	1.	0.	
0.	0.	0.	1.	
Dynamic:	0	

Frame:	644
1.	0.	0.	0.	
0.	1.	0.	0.	
0.	0.	1.	0.	
0.	0.	0.	1.	
Dynamic:	0	

Frame:	645
1.	0.	0.	0.	
0.	1.	0.	0.	
0.	0.	1.	0.	
0.	0.	0.	1.	
Dynamic:	0	

Frame:	646
1.	0.	0.	0.	
0.	1.	0.	0.	
0.	0.	1.	0.	
0.	0.	0.	1.	
Dynamic:	0	

Frame:	647
1.	0.	0.	0.	
0.	1.	0.	0.	
0.	0.	1.	0.	
0.	0.	0.	1.	
Dynamic:	0	

Frame:	648
1.	0.	0.	0.	
0.	1.	0.	0.	
0.	0.	1.	0.	
0.	0.	0.	1.	
Dynamic:	0	

Frame:	649
1.	0.	0.	0.	
0.	1.	0.	0.	
0.	0.	1.	0.	
0.	0.	0.	1.	
Dynamic:	0	

Frame:	650
1.	0.	0.	0.	
0.	1.	0.	0.	
0.	0.	1.	0.	
0.	0.	0.	1.	
Dynamic:	0	

Frame:	651
1.	0.	0.	0.	
0.	1.	0.	0.	
0.	0.	1.	0.	
0.	0.	0.	1.	
Dynamic:	0	

Frame:	652
1.	0.	0.	0.	
0.	1.	0.	0.	
0.	0.	1.	0.	
0.	0.	0.	1.	
Dynamic:	0	

Frame:	653
1.	0.	0.	0.	
0.	1.	0.	0.	
0.	0.	1.	0.	
0.	0.	0.	1.	
Dynamic:	0	

Frame:	654
1.	0.	0.	0.	
0.	1.	0.	0.	
0.	0.	1.	0.	
0.	0.	0.	1.	
Dynamic:	0	

Frame:	655
1.	0.	0.	0.	
0.	1.	0.	0.	
0.	0.	1.	0.	
0.	0.	0.	1.	
Dynamic:	0	

Frame:	656
1.	0.	0.	0.	
0.	1.	0.	0.	
0.	0.	1.	0.	
0.	0.	0.	1.	
Dynamic:	0	

Frame:	657
1.	0.	0.	0.	
0.	1.	0.	0.	
0.	0.	1.	0.	
0.	0.	0.	1.	
Dynamic:	0	

Frame:	658
1.	0.	0.	0.	
0.	1.	0.	0.	
0.	0.	1.	0.	
0.	0.	0.	1.	
Dynamic:	0	

Frame:	659
1.	0.	0.	0.	
0.	1.	0.	0.	
0.	0.	1.	0.	
0.	0.	0.	1.	
Dynamic:	0	

Frame:	660
1.	0.	0.	0.	
0.	1.	0.	0.	
0.	0.	1.	0.	
0.	0.	0.	1.	
Dynamic:	0	

Frame:	661
1.	0.	0.	0.	
0.	1.	0.	0.	
0.	0.	1.	0.	
0.	0.	0.	1.	
Dynamic:	0	

Frame:	662
1.	0.	0.	0.	
0.	1.	0.	0.	
0.	0.	1.	0.	
0.	0.	0.	1.	
Dynamic:	0	

Frame:	663
1.	0.	0.	0.	
0.	1.	0.	0.	
0.	0.	1.	0.	
0.	0.	0.	1.	
Dynamic:	0	

Frame:	664
1.	0.	0.	0.	
0.	1.	0.	0.	
0.	0.	1.	0.	
0.	0.	0.	1.	
Dynamic:	0	

Frame:	665
1.	0.	0.	0.	
0.	1.	0.	0.	
0.	0.	1.	0.	
0.	0.	0.	1.	
Dynamic:	0	

Frame:	666
1.	0.	0.	0.	
0.	1.	0.	0.	
0.	0.	1.	0.	
0.	0.	0.	1.	
Dynamic:	0	

Frame:	667
1.	0.	0.	0.	
0.	1.	0.	0.	
0.	0.	1.	0.	
0.	0.	0.	1.	
Dynamic:	0	

Frame:	668
1.	0.	0.	0.	
0.	1.	0.	0.	
0.	0.	1.	0.	
0.	0.	0.	1.	
Dynamic:	0	

Frame:	669
1.	0.	0.	0.	
0.	1.	0.	0.	
0.	0.	1.	0.	
0.	0.	0.	1.	
Dynamic:	0	

Frame:	670
1.	0.	0.	0.	
0.	1.	0.	0.	
0.	0.	1.	0.	
0.	0.	0.	1.	
Dynamic:	0	

Frame:	671
1.	0.	0.	0.	
0.	1.	0.	0.	
0.	0.	1.	0.	
0.	0.	0.	1.	
Dynamic:	0	

Frame:	672
1.	0.	0.	0.	
0.	1.	0.	0.	
0.	0.	1.	0.	
0.	0.	0.	1.	
Dynamic:	0	

Frame:	673
1.	0.	0.	0.	
0.	1.	0.	0.	
0.	0.	1.	0.	
0.	0.	0.	1.	
Dynamic:	0	

Frame:	674
1.	0.	0.	0.	
0.	1.	0.	0.	
0.	0.	1.	0.	
0.	0.	0.	1.	
Dynamic:	0	

Frame:	675
1.	0.	0.	0.	
0.	1.	0.	0.	
0.	0.	1.	0.	
0.	0.	0.	1.	
Dynamic:	0	

Frame:	676
1.	0.	0.	0.	
0.	1.	0.	0.	
0.	0.	1.	0.	
0.	0.	0.	1.	
Dynamic:	0	

Frame:	677
1.	0.	0.	0.	
0.	1.	0.	0.	
0.	0.	1.	0.	
0.	0.	0.	1.	
Dynamic:	0	

Frame:	678
1.	0.	0.	0.	
0.	1.	0.	0.	
0.	0.	1.	0.	
0.	0.	0.	1.	
Dynamic:	0	

Frame:	679
1.	0.	0.	0.	
0.	1.	0.	0.	
0.	0.	1.	0.	
0.	0.	0.	1.	
Dynamic:	0	

Frame:	680
1.	0.	0.	0.	
0.	1.	0.	0.	
0.	0.	1.	0.	
0.	0.	0.	1.	
Dynamic:	0	

Frame:	681
1.	0.	0.	0.	
0.	1.	0.	0.	
0.	0.	1.	0.	
0.	0.	0.	1.	
Dynamic:	0	

Frame:	682
1.	0.	0.	0.	
0.	1.	0.	0.	
0.	0.	1.	0.	
0.	0.	0.	1.	
Dynamic:	0	

Frame:	683
1.	0.	0.	0.	
0.	1.	0.	0.	
0.	0.	1.	0.	
0.	0.	0.	1.	
Dynamic:	0	

Frame:	684
1.	0.	0.	0.	
0.	1.	0.	0.	
0.	0.	1.	0.	
0.	0.	0.	1.	
Dynamic:	0	

Frame:	685
1.	0.	0.	0.	
0.	1.	0.	0.	
0.	0.	1.	0.	
0.	0.	0.	1.	
Dynamic:	0	

Frame:	686
1.	0.	0.	0.	
0.	1.	0.	0.	
0.	0.	1.	0.	
0.	0.	0.	1.	
Dynamic:	0	

Frame:	687
1.	0.	0.	0.	
0.	1.	0.	0.	
0.	0.	1.	0.	
0.	0.	0.	1.	
Dynamic:	0	

Frame:	688
1.	0.	0.	0.	
0.	1.	0.	0.	
0.	0.	1.	0.	
0.	0.	0.	1.	
Dynamic:	0	

Frame:	689
1.	0.	0.	0.	
0.	1.	0.	0.	
0.	0.	1.	0.	
0.	0.	0.	1.	
Dynamic:	0	

Frame:	690
1.	0.	0.	0.	
0.	1.	0.	0.	
0.	0.	1.	0.	
0.	0.	0.	1.	
Dynamic:	0	

Frame:	691
1.	0.	0.	0.	
0.	1.	0.	0.	
0.	0.	1.	0.	
0.	0.	0.	1.	
Dynamic:	0	

Frame:	692
1.	0.	0.	0.	
0.	1.	0.	0.	
0.	0.	1.	0.	
0.	0.	0.	1.	
Dynamic:	0	

Frame:	693
1.	0.	0.	0.	
0.	1.	0.	0.	
0.	0.	1.	0.	
0.	0.	0.	1.	
Dynamic:	0	

Frame:	694
1.	0.	0.	0.	
0.	1.	0.	0.	
0.	0.	1.	0.	
0.	0.	0.	1.	
Dynamic:	0	

Frame:	695
1.	0.	0.	0.	
0.	1.	0.	0.	
0.	0.	1.	0.	
0.	0.	0.	1.	
Dynamic:	0	

Frame:	696
1.	0.	0.	0.	
0.	1.	0.	0.	
0.	0.	1.	0.	
0.	0.	0.	1.	
Dynamic:	0	

Frame:	697
1.	0.	0.	0.	
0.	1.	0.	0.	
0.	0.	1.	0.	
0.	0.	0.	1.	
Dynamic:	0	

Frame:	698
1.	0.	0.	0.	
0.	1.	0.	0.	
0.	0.	1.	0.	
0.	0.	0.	1.	
Dynamic:	0	

Frame:	699
1.	0.	0.	0.	
0.	1.	0.	0.	
0.	0.	1.	0.	
0.	0.	0.	1.	
Dynamic:	0	

Frame:	700
1.	0.	0.	0.	
0.	1.	0.	0.	
0.	0.	1.	0.	
0.	0.	0.	1.	
Dynamic:	0	

Frame:	701
1.	0.	0.	0.	
0.	1.	0.	0.	
0.	0.	1.	0.	
0.	0.	0.	1.	
Dynamic:	0	

Frame:	702
1.	0.	0.	0.	
0.	1.	0.	0.	
0.	0.	1.	0.	
0.	0.	0.	1.	
Dynamic:	0	

Frame:	703
1.	0.	0.	0.	
0.	1.	0.	0.	
0.	0.	1.	0.	
0.	0.	0.	1.	
Dynamic:	0	

Frame:	704
1.	0.	0.	0.	
0.	1.	0.	0.	
0.	0.	1.	0.	
0.	0.	0.	1.	
Dynamic:	0	

Frame:	705
1.	0.	0.	0.	
0.	1.	0.	0.	
0.	0.	1.	0.	
0.	0.	0.	1.	
Dynamic:	0	

Frame:	706
1.	0.	0.	0.	
0.	1.	0.	0.	
0.	0.	1.	0.	
0.	0.	0.	1.	
Dynamic:	0	

Frame:	707
1.	0.	0.	0.	
0.	1.	0.	0.	
0.	0.	1.	0.	
0.	0.	0.	1.	
Dynamic:	0	

Frame:	708
1.	0.	0.	0.	
0.	1.	0.	0.	
0.	0.	1.	0.	
0.	0.	0.	1.	
Dynamic:	0	

Frame:	709
1.	0.	0.	0.	
0.	1.	0.	0.	
0.	0.	1.	0.	
0.	0.	0.	1.	
Dynamic:	0	

Frame:	710
1.	0.	0.	0.	
0.	1.	0.	0.	
0.	0.	1.	0.	
0.	0.	0.	1.	
Dynamic:	0	

Frame:	711
1.	0.	0.	0.	
0.	1.	0.	0.	
0.	0.	1.	0.	
0.	0.	0.	1.	
Dynamic:	0	

Frame:	712
1.	0.	0.	0.	
0.	1.	0.	0.	
0.	0.	1.	0.	
0.	0.	0.	1.	
Dynamic:	0	

Frame:	713
1.	0.	0.	0.	
0.	1.	0.	0.	
0.	0.	1.	0.	
0.	0.	0.	1.	
Dynamic:	0	

Frame:	714
1.	0.	0.	0.	
0.	1.	0.	0.	
0.	0.	1.	0.	
0.	0.	0.	1.	
Dynamic:	0	

Frame:	715
1.	0.	0.	0.	
0.	1.	0.	0.	
0.	0.	1.	0.	
0.	0.	0.	1.	
Dynamic:	0	

Frame:	716
1.	0.	0.	0.	
0.	1.	0.	0.	
0.	0.	1.	0.	
0.	0.	0.	1.	
Dynamic:	0	

Frame:	717
1.	0.	0.	0.	
0.	1.	0.	0.	
0.	0.	1.	0.	
0.	0.	0.	1.	
Dynamic:	0	

Frame:	718
1.	0.	0.	0.	
0.	1.	0.	0.	
0.	0.	1.	0.	
0.	0.	0.	1.	
Dynamic:	0	

Frame:	719
1.	0.	0.	0.	
0.	1.	0.	0.	
0.	0.	1.	0.	
0.	0.	0.	1.	
Dynamic:	0	

Frame:	720
1.	0.	0.	0.	
0.	1.	0.	0.	
0.	0.	1.	0.	
0.	0.	0.	1.	
Dynamic:	0	

Frame:	721
1.	0.	0.	0.	
0.	1.	0.	0.	
0.	0.	1.	0.	
0.	0.	0.	1.	
Dynamic:	0	

Frame:	722
1.	0.	0.	0.	
0.	1.	0.	0.	
0.	0.	1.	0.	
0.	0.	0.	1.	
Dynamic:	0	

Frame:	723
1.	0.	0.	0.	
0.	1.	0.	0.	
0.	0.	1.	0.	
0.	0.	0.	1.	
Dynamic:	0	

Frame:	724
1.	0.	0.	0.	
0.	1.	0.	0.	
0.	0.	1.	0.	
0.	0.	0.	1.	
Dynamic:	0	

Frame:	725
1.	0.	0.	0.	
0.	1.	0.	0.	
0.	0.	1.	0.	
0.	0.	0.	1.	
Dynamic:	0	

Frame:	726
1.	0.	0.	0.	
0.	1.	0.	0.	
0.	0.	1.	0.	
0.	0.	0.	1.	
Dynamic:	0	

Frame:	727
1.	0.	0.	0.	
0.	1.	0.	0.	
0.	0.	1.	0.	
0.	0.	0.	1.	
Dynamic:	0	

Frame:	728
1.	0.	0.	0.	
0.	1.	0.	0.	
0.	0.	1.	0.	
0.	0.	0.	1.	
Dynamic:	0	

Frame:	729
1.	0.	0.	0.	
0.	1.	0.	0.	
0.	0.	1.	0.	
0.	0.	0.	1.	
Dynamic:	0	

Frame:	730
1.	0.	0.	0.	
0.	1.	0.	0.	
0.	0.	1.	0.	
0.	0.	0.	1.	
Dynamic:	0	

Frame:	731
1.	0.	0.	0.	
0.	1.	0.	0.	
0.	0.	1.	0.	
0.	0.	0.	1.	
Dynamic:	0	

Frame:	732
1.	0.	0.	0.	
0.	1.	0.	0.	
0.	0.	1.	0.	
0.	0.	0.	1.	
Dynamic:	0	

Frame:	733
1.	0.	0.	0.	
0.	1.	0.	0.	
0.	0.	1.	0.	
0.	0.	0.	1.	
Dynamic:	0	

Frame:	734
1.	0.	0.	0.	
0.	1.	0.	0.	
0.	0.	1.	0.	
0.	0.	0.	1.	
Dynamic:	0	

Frame:	735
1.	0.	0.	0.	
0.	1.	0.	0.	
0.	0.	1.	0.	
0.	0.	0.	1.	
Dynamic:	0	

Frame:	736
1.	0.	0.	0.	
0.	1.	0.	0.	
0.	0.	1.	0.	
0.	0.	0.	1.	
Dynamic:	0	

Frame:	737
1.	0.	0.	0.	
0.	1.	0.	0.	
0.	0.	1.	0.	
0.	0.	0.	1.	
Dynamic:	0	

Frame:	738
1.	0.	0.	0.	
0.	1.	0.	0.	
0.	0.	1.	0.	
0.	0.	0.	1.	
Dynamic:	0	

Frame:	739
1.	0.	0.	0.	
0.	1.	0.	0.	
0.	0.	1.	0.	
0.	0.	0.	1.	
Dynamic:	0	

Frame:	740
1.	0.	0.	0.	
0.	1.	0.	0.	
0.	0.	1.	0.	
0.	0.	0.	1.	
Dynamic:	0	

Frame:	741
1.	0.	0.	0.	
0.	1.	0.	0.	
0.	0.	1.	0.	
0.	0.	0.	1.	
Dynamic:	0	

Frame:	742
1.	0.	0.	0.	
0.	1.	0.	0.	
0.	0.	1.	0.	
0.	0.	0.	1.	
Dynamic:	0	

Frame:	743
1.	0.	0.	0.	
0.	1.	0.	0.	
0.	0.	1.	0.	
0.	0.	0.	1.	
Dynamic:	0	

Frame:	744
1.	0.	0.	0.	
0.	1.	0.	0.	
0.	0.	1.	0.	
0.	0.	0.	1.	
Dynamic:	0	

Frame:	745
1.	0.	0.	0.	
0.	1.	0.	0.	
0.	0.	1.	0.	
0.	0.	0.	1.	
Dynamic:	0	

Frame:	746
1.	0.	0.	0.	
0.	1.	0.	0.	
0.	0.	1.	0.	
0.	0.	0.	1.	
Dynamic:	0	

Frame:	747
1.	0.	0.	0.	
0.	1.	0.	0.	
0.	0.	1.	0.	
0.	0.	0.	1.	
Dynamic:	0	

Frame:	748
1.	0.	0.	0.	
0.	1.	0.	0.	
0.	0.	1.	0.	
0.	0.	0.	1.	
Dynamic:	0	

Frame:	749
1.	0.	0.	0.	
0.	1.	0.	0.	
0.	0.	1.	0.	
0.	0.	0.	1.	
Dynamic:	0	

Frame:	750
1.	0.	0.	0.	
0.	1.	0.	0.	
0.	0.	1.	0.	
0.	0.	0.	1.	
Dynamic:	0	

Frame:	751
1.	0.	0.	0.	
0.	1.	0.	0.	
0.	0.	1.	0.	
0.	0.	0.	1.	
Dynamic:	0	

Frame:	752
1.	0.	0.	0.	
0.	1.	0.	0.	
0.	0.	1.	0.	
0.	0.	0.	1.	
Dynamic:	0	

Frame:	753
1.	0.	0.	0.	
0.	1.	0.	0.	
0.	0.	1.	0.	
0.	0.	0.	1.	
Dynamic:	0	

Frame:	754
1.	0.	0.	0.	
0.	1.	0.	0.	
0.	0.	1.	0.	
0.	0.	0.	1.	
Dynamic:	0	

Frame:	755
1.	0.	0.	0.	
0.	1.	0.	0.	
0.	0.	1.	0.	
0.	0.	0.	1.	
Dynamic:	0	

Frame:	756
1.	0.	0.	0.	
0.	1.	0.	0.	
0.	0.	1.	0.	
0.	0.	0.	1.	
Dynamic:	0	

Frame:	757
1.	0.	0.	0.	
0.	1.	0.	0.	
0.	0.	1.	0.	
0.	0.	0.	1.	
Dynamic:	0	

Frame:	758
1.	0.	0.	0.	
0.	1.	0.	0.	
0.	0.	1.	0.	
0.	0.	0.	1.	
Dynamic:	0	

Frame:	759
1.	0.	0.	0.	
0.	1.	0.	0.	
0.	0.	1.	0.	
0.	0.	0.	1.	
Dynamic:	0	

Frame:	760
1.	0.	0.	0.	
0.	1.	0.	0.	
0.	0.	1.	0.	
0.	0.	0.	1.	
Dynamic:	0	

Frame:	761
1.	0.	0.	0.	
0.	1.	0.	0.	
0.	0.	1.	0.	
0.	0.	0.	1.	
Dynamic:	0	

Frame:	762
1.	0.	0.	0.	
0.	1.	0.	0.	
0.	0.	1.	0.	
0.	0.	0.	1.	
Dynamic:	0	

Frame:	763
1.	0.	0.	0.	
0.	1.	0.	0.	
0.	0.	1.	0.	
0.	0.	0.	1.	
Dynamic:	0	

Frame:	764
1.	0.	0.	0.	
0.	1.	0.	0.	
0.	0.	1.	0.	
0.	0.	0.	1.	
Dynamic:	0	

Frame:	765
1.	0.	0.	0.	
0.	1.	0.	0.	
0.	0.	1.	0.	
0.	0.	0.	1.	
Dynamic:	0	

Frame:	766
1.	0.	0.	0.	
0.	1.	0.	0.	
0.	0.	1.	0.	
0.	0.	0.	1.	
Dynamic:	0	

Frame:	767
1.	0.	0.	0.	
0.	1.	0.	0.	
0.	0.	1.	0.	
0.	0.	0.	1.	
Dynamic:	0	

Frame:	768
1.	0.	0.	0.	
0.	1.	0.	0.	
0.	0.	1.	0.	
0.	0.	0.	1.	
Dynamic:	0	

Frame:	769
1.	0.	0.	0.	
0.	1.	0.	0.	
0.	0.	1.	0.	
0.	0.	0.	1.	
Dynamic:	0	

Frame:	770
1.	0.	0.	0.	
0.	1.	0.	0.	
0.	0.	1.	0.	
0.	0.	0.	1.	
Dynamic:	0	

Frame:	771
1.	0.	0.	0.	
0.	1.	0.	0.	
0.	0.	1.	0.	
0.	0.	0.	1.	
Dynamic:	0	

Frame:	772
1.	0.	0.	0.	
0.	1.	0.	0.	
0.	0.	1.	0.	
0.	0.	0.	1.	
Dynamic:	0	

Frame:	773
1.	0.	0.	0.	
0.	1.	0.	0.	
0.	0.	1.	0.	
0.	0.	0.	1.	
Dynamic:	0	

Frame:	774
1.	0.	0.	0.	
0.	1.	0.	0.	
0.	0.	1.	0.	
0.	0.	0.	1.	
Dynamic:	0	

Frame:	775
1.	0.	0.	0.	
0.	1.	0.	0.	
0.	0.	1.	0.	
0.	0.	0.	1.	
Dynamic:	0	

Frame:	776
1.	0.	0.	0.	
0.	1.	0.	0.	
0.	0.	1.	0.	
0.	0.	0.	1.	
Dynamic:	0	

Frame:	777
1.	0.	0.	0.	
0.	1.	0.	0.	
0.	0.	1.	0.	
0.	0.	0.	1.	
Dynamic:	0	

Frame:	778
1.	0.	0.	0.	
0.	1.	0.	0.	
0.	0.	1.	0.	
0.	0.	0.	1.	
Dynamic:	0	

Frame:	779
1.	0.	0.	0.	
0.	1.	0.	0.	
0.	0.	1.	0.	
0.	0.	0.	1.	
Dynamic:	0	

Frame:	780
1.	0.	0.	0.	
0.	1.	0.	0.	
0.	0.	1.	0.	
0.	0.	0.	1.	
Dynamic:	0	

Frame:	781
1.	0.	0.	0.	
0.	1.	0.	0.	
0.	0.	1.	0.	
0.	0.	0.	1.	
Dynamic:	0	

Frame:	782
1.	0.	0.	0.	
0.	1.	0.	0.	
0.	0.	1.	0.	
0.	0.	0.	1.	
Dynamic:	0	

Frame:	783
1.	0.	0.	0.	
0.	1.	0.	0.	
0.	0.	1.	0.	
0.	0.	0.	1.	
Dynamic:	0	

Frame:	784
1.	0.	0.	0.	
0.	1.	0.	0.	
0.	0.	1.	0.	
0.	0.	0.	1.	
Dynamic:	0	

Frame:	785
1.	0.	0.	0.	
0.	1.	0.	0.	
0.	0.	1.	0.	
0.	0.	0.	1.	
Dynamic:	0	

Frame:	786
1.	0.	0.	0.	
0.	1.	0.	0.	
0.	0.	1.	0.	
0.	0.	0.	1.	
Dynamic:	0	

Frame:	787
1.	0.	0.	0.	
0.	1.	0.	0.	
0.	0.	1.	0.	
0.	0.	0.	1.	
Dynamic:	0	

Frame:	788
1.	0.	0.	0.	
0.	1.	0.	0.	
0.	0.	1.	0.	
0.	0.	0.	1.	
Dynamic:	0	

Frame:	789
1.	0.	0.	0.	
0.	1.	0.	0.	
0.	0.	1.	0.	
0.	0.	0.	1.	
Dynamic:	0	

Frame:	790
1.	0.	0.	0.	
0.	1.	0.	0.	
0.	0.	1.	0.	
0.	0.	0.	1.	
Dynamic:	0	

Frame:	791
1.	0.	0.	0.	
0.	1.	0.	0.	
0.	0.	1.	0.	
0.	0.	0.	1.	
Dynamic:	0	

Frame:	792
1.	0.	0.	0.	
0.	1.	0.	0.	
0.	0.	1.	0.	
0.	0.	0.	1.	
Dynamic:	0	

Frame:	793
1.	0.	0.	0.	
0.	1.	0.	0.	
0.	0.	1.	0.	
0.	0.	0.	1.	
Dynamic:	0	

Frame:	794
1.	0.	0.	0.	
0.	1.	0.	0.	
0.	0.	1.	0.	
0.	0.	0.	1.	
Dynamic:	0	

Frame:	795
1.	0.	0.	0.	
0.	1.	0.	0.	
0.	0.	1.	0.	
0.	0.	0.	1.	
Dynamic:	0	

Frame:	796
1.	0.	0.	0.	
0.	1.	0.	0.	
0.	0.	1.	0.	
0.	0.	0.	1.	
Dynamic:	0	

Frame:	797
1.	0.	0.	0.	
0.	1.	0.	0.	
0.	0.	1.	0.	
0.	0.	0.	1.	
Dynamic:	0	

Frame:	798
1.	0.	0.	0.	
0.	1.	0.	0.	
0.	0.	1.	0.	
0.	0.	0.	1.	
Dynamic:	0	

Frame:	799
1.	0.	0.	0.	
0.	1.	0.	0.	
0.	0.	1.	0.	
0.	0.	0.	1.	
Dynamic:	0	

Frame:	800
1.	0.	0.	0.	
0.	1.	0.	0.	
0.	0.	1.	0.	
0.	0.	0.	1.	
Dynamic:	0	

Frame:	801
1.	0.	0.	0.	
0.	1.	0.	0.	
0.	0.	1.	0.	
0.	0.	0.	1.	
Dynamic:	0	

Frame:	802
1.	0.	0.	0.	
0.	1.	0.	0.	
0.	0.	1.	0.	
0.	0.	0.	1.	
Dynamic:	0	

Frame:	803
1.	0.	0.	0.	
0.	1.	0.	0.	
0.	0.	1.	0.	
0.	0.	0.	1.	
Dynamic:	0	

Frame:	804
1.	0.	0.	0.	
0.	1.	0.	0.	
0.	0.	1.	0.	
0.	0.	0.	1.	
Dynamic:	0	

Frame:	805
1.	0.	0.	0.	
0.	1.	0.	0.	
0.	0.	1.	0.	
0.	0.	0.	1.	
Dynamic:	0	

Frame:	806
1.	0.	0.	0.	
0.	1.	0.	0.	
0.	0.	1.	0.	
0.	0.	0.	1.	
Dynamic:	0	

Frame:	807
1.	0.	0.	0.	
0.	1.	0.	0.	
0.	0.	1.	0.	
0.	0.	0.	1.	
Dynamic:	0	

Frame:	808
1.	0.	0.	0.	
0.	1.	0.	0.	
0.	0.	1.	0.	
0.	0.	0.	1.	
Dynamic:	0	

Frame:	809
1.	0.	0.	0.	
0.	1.	0.	0.	
0.	0.	1.	0.	
0.	0.	0.	1.	
Dynamic:	0	

Frame:	810
1.	0.	0.	0.	
0.	1.	0.	0.	
0.	0.	1.	0.	
0.	0.	0.	1.	
Dynamic:	0	

Frame:	811
1.	0.	0.	0.	
0.	1.	0.	0.	
0.	0.	1.	0.	
0.	0.	0.	1.	
Dynamic:	0	

Frame:	812
1.	0.	0.	0.	
0.	1.	0.	0.	
0.	0.	1.	0.	
0.	0.	0.	1.	
Dynamic:	0	

Frame:	813
1.	0.	0.	0.	
0.	1.	0.	0.	
0.	0.	1.	0.	
0.	0.	0.	1.	
Dynamic:	0	

Frame:	814
1.	0.	0.	0.	
0.	1.	0.	0.	
0.	0.	1.	0.	
0.	0.	0.	1.	
Dynamic:	0	

Frame:	815
1.	0.	0.	0.	
0.	1.	0.	0.	
0.	0.	1.	0.	
0.	0.	0.	1.	
Dynamic:	0	

Frame:	816
1.	0.	0.	0.	
0.	1.	0.	0.	
0.	0.	1.	0.	
0.	0.	0.	1.	
Dynamic:	0	

Frame:	817
1.	0.	0.	0.	
0.	1.	0.	0.	
0.	0.	1.	0.	
0.	0.	0.	1.	
Dynamic:	0	

Frame:	818
1.	0.	0.	0.	
0.	1.	0.	0.	
0.	0.	1.	0.	
0.	0.	0.	1.	
Dynamic:	0	

Frame:	819
1.	0.	0.	0.	
0.	1.	0.	0.	
0.	0.	1.	0.	
0.	0.	0.	1.	
Dynamic:	0	

Frame:	820
1.	0.	0.	0.	
0.	1.	0.	0.	
0.	0.	1.	0.	
0.	0.	0.	1.	
Dynamic:	0	

Frame:	821
1.	0.	0.	0.	
0.	1.	0.	0.	
0.	0.	1.	0.	
0.	0.	0.	1.	
Dynamic:	0	

Frame:	822
1.	0.	0.	0.	
0.	1.	0.	0.	
0.	0.	1.	0.	
0.	0.	0.	1.	
Dynamic:	0	

Frame:	823
1.	0.	0.	0.	
0.	1.	0.	0.	
0.	0.	1.	0.	
0.	0.	0.	1.	
Dynamic:	0	

Frame:	824
1.	0.	0.	0.	
0.	1.	0.	0.	
0.	0.	1.	0.	
0.	0.	0.	1.	
Dynamic:	0	

Frame:	825
1.	0.	0.	0.	
0.	1.	0.	0.	
0.	0.	1.	0.	
0.	0.	0.	1.	
Dynamic:	0	

Frame:	826
1.	0.	0.	0.	
0.	1.	0.	0.	
0.	0.	1.	0.	
0.	0.	0.	1.	
Dynamic:	0	

Frame:	827
1.	0.	0.	0.	
0.	1.	0.	0.	
0.	0.	1.	0.	
0.	0.	0.	1.	
Dynamic:	0	

Frame:	828
1.	0.	0.	0.	
0.	1.	0.	0.	
0.	0.	1.	0.	
0.	0.	0.	1.	
Dynamic:	0	

Frame:	829
1.	0.	0.	0.	
0.	1.	0.	0.	
0.	0.	1.	0.	
0.	0.	0.	1.	
Dynamic:	0	

Frame:	830
1.	0.	0.	0.	
0.	1.	0.	0.	
0.	0.	1.	0.	
0.	0.	0.	1.	
Dynamic:	0	

Frame:	831
1.	0.	0.	0.	
0.	1.	0.	0.	
0.	0.	1.	0.	
0.	0.	0.	1.	
Dynamic:	0	

Frame:	832
1.	0.	0.	0.	
0.	1.	0.	0.	
0.	0.	1.	0.	
0.	0.	0.	1.	
Dynamic:	0	

Frame:	833
1.	0.	0.	0.	
0.	1.	0.	0.	
0.	0.	1.	0.	
0.	0.	0.	1.	
Dynamic:	0	

Frame:	834
1.	0.	0.	0.	
0.	1.	0.	0.	
0.	0.	1.	0.	
0.	0.	0.	1.	
Dynamic:	0	

Frame:	835
1.	0.	0.	0.	
0.	1.	0.	0.	
0.	0.	1.	0.	
0.	0.	0.	1.	
Dynamic:	0	

Frame:	836
1.	0.	0.	0.	
0.	1.	0.	0.	
0.	0.	1.	0.	
0.	0.	0.	1.	
Dynamic:	0	

Frame:	837
1.	0.	0.	0.	
0.	1.	0.	0.	
0.	0.	1.	0.	
0.	0.	0.	1.	
Dynamic:	0	

Frame:	838
1.	0.	0.	0.	
0.	1.	0.	0.	
0.	0.	1.	0.	
0.	0.	0.	1.	
Dynamic:	0	

Frame:	839
1.	0.	0.	0.	
0.	1.	0.	0.	
0.	0.	1.	0.	
0.	0.	0.	1.	
Dynamic:	0	

Frame:	840
1.	0.	0.	0.	
0.	1.	0.	0.	
0.	0.	1.	0.	
0.	0.	0.	1.	
Dynamic:	0	

Frame:	841
1.	0.	0.	0.	
0.	1.	0.	0.	
0.	0.	1.	0.	
0.	0.	0.	1.	
Dynamic:	0	

Frame:	842
1.	0.	0.	0.	
0.	1.	0.	0.	
0.	0.	1.	0.	
0.	0.	0.	1.	
Dynamic:	0	

Frame:	843
1.	0.	0.	0.	
0.	1.	0.	0.	
0.	0.	1.	0.	
0.	0.	0.	1.	
Dynamic:	0	

Frame:	844
1.	0.	0.	0.	
0.	1.	0.	0.	
0.	0.	1.	0.	
0.	0.	0.	1.	
Dynamic:	0	

Frame:	845
1.	0.	0.	0.	
0.	1.	0.	0.	
0.	0.	1.	0.	
0.	0.	0.	1.	
Dynamic:	0	

Frame:	846
1.	0.	0.	0.	
0.	1.	0.	0.	
0.	0.	1.	0.	
0.	0.	0.	1.	
Dynamic:	0	

Frame:	847
1.	0.	0.	0.	
0.	1.	0.	0.	
0.	0.	1.	0.	
0.	0.	0.	1.	
Dynamic:	0	

Frame:	848
1.	0.	0.	0.	
0.	1.	0.	0.	
0.	0.	1.	0.	
0.	0.	0.	1.	
Dynamic:	0	

Frame:	849
1.	0.	0.	0.	
0.	1.	0.	0.	
0.	0.	1.	0.	
0.	0.	0.	1.	
Dynamic:	0	

Frame:	850
1.	0.	0.	0.	
0.	1.	0.	0.	
0.	0.	1.	0.	
0.	0.	0.	1.	
Dynamic:	0	

Frame:	851
1.	0.	0.	0.	
0.	1.	0.	0.	
0.	0.	1.	0.	
0.	0.	0.	1.	
Dynamic:	0	

Frame:	852
1.	0.	0.	0.	
0.	1.	0.	0.	
0.	0.	1.	0.	
0.	0.	0.	1.	
Dynamic:	0	

Frame:	853
1.	0.	0.	0.	
0.	1.	0.	0.	
0.	0.	1.	0.	
0.	0.	0.	1.	
Dynamic:	0	

Frame:	854
1.	0.	0.	0.	
0.	1.	0.	0.	
0.	0.	1.	0.	
0.	0.	0.	1.	
Dynamic:	0	

Frame:	855
1.	0.	0.	0.	
0.	1.	0.	0.	
0.	0.	1.	0.	
0.	0.	0.	1.	
Dynamic:	0	

Frame:	856
1.	0.	0.	0.	
0.	1.	0.	0.	
0.	0.	1.	0.	
0.	0.	0.	1.	
Dynamic:	0	

Frame:	857
1.	0.	0.	0.	
0.	1.	0.	0.	
0.	0.	1.	0.	
0.	0.	0.	1.	
Dynamic:	0	

Frame:	858
1.	0.	0.	0.	
0.	1.	0.	0.	
0.	0.	1.	0.	
0.	0.	0.	1.	
Dynamic:	0	

Frame:	859
1.	0.	0.	0.	
0.	1.	0.	0.	
0.	0.	1.	0.	
0.	0.	0.	1.	
Dynamic:	0	

Frame:	860
1.	0.	0.	0.	
0.	1.	0.	0.	
0.	0.	1.	0.	
0.	0.	0.	1.	
Dynamic:	0	

Frame:	861
1.	0.	0.	0.	
0.	1.	0.	0.	
0.	0.	1.	0.	
0.	0.	0.	1.	
Dynamic:	0	

Frame:	862
1.	0.	0.	0.	
0.	1.	0.	0.	
0.	0.	1.	0.	
0.	0.	0.	1.	
Dynamic:	0	

Frame:	863
1.	0.	0.	0.	
0.	1.	0.	0.	
0.	0.	1.	0.	
0.	0.	0.	1.	
Dynamic:	0	

Frame:	864
1.	0.	0.	0.	
0.	1.	0.	0.	
0.	0.	1.	0.	
0.	0.	0.	1.	
Dynamic:	0	

Frame:	865
1.	0.	0.	0.	
0.	1.	0.	0.	
0.	0.	1.	0.	
0.	0.	0.	1.	
Dynamic:	0	

Frame:	866
1.	0.	0.	0.	
0.	1.	0.	0.	
0.	0.	1.	0.	
0.	0.	0.	1.	
Dynamic:	0	

Frame:	867
1.	0.	0.	0.	
0.	1.	0.	0.	
0.	0.	1.	0.	
0.	0.	0.	1.	
Dynamic:	0	

Frame:	868
1.	0.	0.	0.	
0.	1.	0.	0.	
0.	0.	1.	0.	
0.	0.	0.	1.	
Dynamic:	0	

Frame:	869
1.	0.	0.	0.	
0.	1.	0.	0.	
0.	0.	1.	0.	
0.	0.	0.	1.	
Dynamic:	0	

Frame:	870
1.	0.	0.	0.	
0.	1.	0.	0.	
0.	0.	1.	0.	
0.	0.	0.	1.	
Dynamic:	0	

Frame:	871
1.	0.	0.	0.	
0.	1.	0.	0.	
0.	0.	1.	0.	
0.	0.	0.	1.	
Dynamic:	0	

Frame:	872
1.	0.	0.	0.	
0.	1.	0.	0.	
0.	0.	1.	0.	
0.	0.	0.	1.	
Dynamic:	0	

Frame:	873
1.	0.	0.	0.	
0.	1.	0.	0.	
0.	0.	1.	0.	
0.	0.	0.	1.	
Dynamic:	0	

Frame:	874
1.	0.	0.	0.	
0.	1.	0.	0.	
0.	0.	1.	0.	
0.	0.	0.	1.	
Dynamic:	0	

Frame:	875
1.	0.	0.	0.	
0.	1.	0.	0.	
0.	0.	1.	0.	
0.	0.	0.	1.	
Dynamic:	0	

Frame:	876
1.	0.	0.	0.	
0.	1.	0.	0.	
0.	0.	1.	0.	
0.	0.	0.	1.	
Dynamic:	0	

Frame:	877
1.	0.	0.	0.	
0.	1.	0.	0.	
0.	0.	1.	0.	
0.	0.	0.	1.	
Dynamic:	0	

Frame:	878
1.	0.	0.	0.	
0.	1.	0.	0.	
0.	0.	1.	0.	
0.	0.	0.	1.	
Dynamic:	0	

Frame:	879
1.	0.	0.	0.	
0.	1.	0.	0.	
0.	0.	1.	0.	
0.	0.	0.	1.	
Dynamic:	0	

Frame:	880
1.	0.	0.	0.	
0.	1.	0.	0.	
0.	0.	1.	0.	
0.	0.	0.	1.	
Dynamic:	0	

Frame:	881
1.	0.	0.	0.	
0.	1.	0.	0.	
0.	0.	1.	0.	
0.	0.	0.	1.	
Dynamic:	0	

Frame:	882
1.	0.	0.	0.	
0.	1.	0.	0.	
0.	0.	1.	0.	
0.	0.	0.	1.	
Dynamic:	0	

Frame:	883
1.	0.	0.	0.	
0.	1.	0.	0.	
0.	0.	1.	0.	
0.	0.	0.	1.	
Dynamic:	0	

Frame:	884
1.	0.	0.	0.	
0.	1.	0.	0.	
0.	0.	1.	0.	
0.	0.	0.	1.	
Dynamic:	0	

Frame:	885
1.	0.	0.	0.	
0.	1.	0.	0.	
0.	0.	1.	0.	
0.	0.	0.	1.	
Dynamic:	0	

Frame:	886
1.	0.	0.	0.	
0.	1.	0.	0.	
0.	0.	1.	0.	
0.	0.	0.	1.	
Dynamic:	0	

Frame:	887
1.	0.	0.	0.	
0.	1.	0.	0.	
0.	0.	1.	0.	
0.	0.	0.	1.	
Dynamic:	0	

Frame:	888
1.	0.	0.	0.	
0.	1.	0.	0.	
0.	0.	1.	0.	
0.	0.	0.	1.	
Dynamic:	0	

Frame:	889
1.	0.	0.	0.	
0.	1.	0.	0.	
0.	0.	1.	0.	
0.	0.	0.	1.	
Dynamic:	0	

Frame:	890
1.	0.	0.	0.	
0.	1.	0.	0.	
0.	0.	1.	0.	
0.	0.	0.	1.	
Dynamic:	0	

Frame:	891
1.	0.	0.	0.	
0.	1.	0.	0.	
0.	0.	1.	0.	
0.	0.	0.	1.	
Dynamic:	0	

Frame:	892
1.	0.	0.	0.	
0.	1.	0.	0.	
0.	0.	1.	0.	
0.	0.	0.	1.	
Dynamic:	0	

Frame:	893
1.	0.	0.	0.	
0.	1.	0.	0.	
0.	0.	1.	0.	
0.	0.	0.	1.	
Dynamic:	0	

Frame:	894
1.	0.	0.	0.	
0.	1.	0.	0.	
0.	0.	1.	0.	
0.	0.	0.	1.	
Dynamic:	0	

Frame:	895
1.	0.	0.	0.	
0.	1.	0.	0.	
0.	0.	1.	0.	
0.	0.	0.	1.	
Dynamic:	0	

Frame:	896
1.	0.	0.	0.	
0.	1.	0.	0.	
0.	0.	1.	0.	
0.	0.	0.	1.	
Dynamic:	0	

Frame:	897
1.	0.	0.	0.	
0.	1.	0.	0.	
0.	0.	1.	0.	
0.	0.	0.	1.	
Dynamic:	0	

Frame:	898
1.	0.	0.	0.	
0.	1.	0.	0.	
0.	0.	1.	0.	
0.	0.	0.	1.	
Dynamic:	0	

Frame:	899
1.	0.	0.	0.	
0.	1.	0.	0.	
0.	0.	1.	0.	
0.	0.	0.	1.	
Dynamic:	0	

Frame:	900
1.	0.	0.	0.	
0.	1.	0.	0.	
0.	0.	1.	0.	
0.	0.	0.	1.	
Dynamic:	0	

Frame:	901
1.	0.	0.	0.	
0.	1.	0.	0.	
0.	0.	1.	0.	
0.	0.	0.	1.	
Dynamic:	0	

Frame:	902
1.	0.	0.	0.	
0.	1.	0.	0.	
0.	0.	1.	0.	
0.	0.	0.	1.	
Dynamic:	0	

Frame:	903
1.	0.	0.	0.	
0.	1.	0.	0.	
0.	0.	1.	0.	
0.	0.	0.	1.	
Dynamic:	0	

Frame:	904
1.	0.	0.	0.	
0.	1.	0.	0.	
0.	0.	1.	0.	
0.	0.	0.	1.	
Dynamic:	0	

Frame:	905
1.	0.	0.	0.	
0.	1.	0.	0.	
0.	0.	1.	0.	
0.	0.	0.	1.	
Dynamic:	0	

Frame:	906
1.	0.	0.	0.	
0.	1.	0.	0.	
0.	0.	1.	0.	
0.	0.	0.	1.	
Dynamic:	0	

Frame:	907
1.	0.	0.	0.	
0.	1.	0.	0.	
0.	0.	1.	0.	
0.	0.	0.	1.	
Dynamic:	0	

Frame:	908
1.	0.	0.	0.	
0.	1.	0.	0.	
0.	0.	1.	0.	
0.	0.	0.	1.	
Dynamic:	0	

Frame:	909
1.	0.	0.	0.	
0.	1.	0.	0.	
0.	0.	1.	0.	
0.	0.	0.	1.	
Dynamic:	0	

Frame:	910
1.	0.	0.	0.	
0.	1.	0.	0.	
0.	0.	1.	0.	
0.	0.	0.	1.	
Dynamic:	0	

Frame:	911
1.	0.	0.	0.	
0.	1.	0.	0.	
0.	0.	1.	0.	
0.	0.	0.	1.	
Dynamic:	0	

Frame:	912
1.	0.	0.	0.	
0.	1.	0.	0.	
0.	0.	1.	0.	
0.	0.	0.	1.	
Dynamic:	0	

Frame:	913
1.	0.	0.	0.	
0.	1.	0.	0.	
0.	0.	1.	0.	
0.	0.	0.	1.	
Dynamic:	0	

Frame:	914
1.	0.	0.	0.	
0.	1.	0.	0.	
0.	0.	1.	0.	
0.	0.	0.	1.	
Dynamic:	0	

Frame:	915
1.	0.	0.	0.	
0.	1.	0.	0.	
0.	0.	1.	0.	
0.	0.	0.	1.	
Dynamic:	0	

Frame:	916
1.	0.	0.	0.	
0.	1.	0.	0.	
0.	0.	1.	0.	
0.	0.	0.	1.	
Dynamic:	0	

Frame:	917
1.	0.	0.	0.	
0.	1.	0.	0.	
0.	0.	1.	0.	
0.	0.	0.	1.	
Dynamic:	0	

Frame:	918
1.	0.	0.	0.	
0.	1.	0.	0.	
0.	0.	1.	0.	
0.	0.	0.	1.	
Dynamic:	0	

Frame:	919
1.	0.	0.	0.	
0.	1.	0.	0.	
0.	0.	1.	0.	
0.	0.	0.	1.	
Dynamic:	0	

Frame:	920
1.	0.	0.	0.	
0.	1.	0.	0.	
0.	0.	1.	0.	
0.	0.	0.	1.	
Dynamic:	0	

Frame:	921
1.	0.	0.	0.	
0.	1.	0.	0.	
0.	0.	1.	0.	
0.	0.	0.	1.	
Dynamic:	0	

Frame:	922
1.	0.	0.	0.	
0.	1.	0.	0.	
0.	0.	1.	0.	
0.	0.	0.	1.	
Dynamic:	0	

Frame:	923
1.	0.	0.	0.	
0.	1.	0.	0.	
0.	0.	1.	0.	
0.	0.	0.	1.	
Dynamic:	0	

Frame:	924
1.	0.	0.	0.	
0.	1.	0.	0.	
0.	0.	1.	0.	
0.	0.	0.	1.	
Dynamic:	0	

Frame:	925
1.	0.	0.	0.	
0.	1.	0.	0.	
0.	0.	1.	0.	
0.	0.	0.	1.	
Dynamic:	0	

Frame:	926
1.	0.	0.	0.	
0.	1.	0.	0.	
0.	0.	1.	0.	
0.	0.	0.	1.	
Dynamic:	0	

Frame:	927
1.	0.	0.	0.	
0.	1.	0.	0.	
0.	0.	1.	0.	
0.	0.	0.	1.	
Dynamic:	0	

Frame:	928
1.	0.	0.	0.	
0.	1.	0.	0.	
0.	0.	1.	0.	
0.	0.	0.	1.	
Dynamic:	0	

Frame:	929
1.	0.	0.	0.	
0.	1.	0.	0.	
0.	0.	1.	0.	
0.	0.	0.	1.	
Dynamic:	0	

Frame:	930
1.	0.	0.	0.	
0.	1.	0.	0.	
0.	0.	1.	0.	
0.	0.	0.	1.	
Dynamic:	0	

Frame:	931
1.	0.	0.	0.	
0.	1.	0.	0.	
0.	0.	1.	0.	
0.	0.	0.	1.	
Dynamic:	0	

Frame:	932
1.	0.	0.	0.	
0.	1.	0.	0.	
0.	0.	1.	0.	
0.	0.	0.	1.	
Dynamic:	0	

Frame:	933
1.	0.	0.	0.	
0.	1.	0.	0.	
0.	0.	1.	0.	
0.	0.	0.	1.	
Dynamic:	0	

Frame:	934
1.	0.	0.	0.	
0.	1.	0.	0.	
0.	0.	1.	0.	
0.	0.	0.	1.	
Dynamic:	0	

Frame:	935
1.	0.	0.	0.	
0.	1.	0.	0.	
0.	0.	1.	0.	
0.	0.	0.	1.	
Dynamic:	0	

Frame:	936
1.	0.	0.	0.	
0.	1.	0.	0.	
0.	0.	1.	0.	
0.	0.	0.	1.	
Dynamic:	0	

Frame:	937
1.	0.	0.	0.	
0.	1.	0.	0.	
0.	0.	1.	0.	
0.	0.	0.	1.	
Dynamic:	0	

Frame:	938
1.	0.	0.	0.	
0.	1.	0.	0.	
0.	0.	1.	0.	
0.	0.	0.	1.	
Dynamic:	0	

Frame:	939
1.	0.	0.	0.	
0.	1.	0.	0.	
0.	0.	1.	0.	
0.	0.	0.	1.	
Dynamic:	0	

