TrialReplay

Frame:	2
1.	0.	0.	0.	
0.	1.	0.	0.	
0.	0.	1.	0.	
0.	0.	0.	1.	
Dynamic:	0	

Frame:	3
1.	0.	0.	0.	
0.	1.	0.	0.	
0.	0.	1.	0.	
0.	0.	0.	1.	
Dynamic:	0	

Frame:	4
1.	0.	0.	0.	
0.	1.	0.	0.	
0.	0.	1.	0.	
0.	0.	0.	1.	
Dynamic:	0	

Frame:	5
1.	0.	0.	0.	
0.	1.	0.	0.	
0.	0.	1.	0.	
0.	0.	0.	1.	
Dynamic:	0	

Frame:	6
1.	0.	0.	0.	
0.	1.	0.	0.	
0.	0.	1.	0.	
0.	0.	0.	1.	
Dynamic:	0	

Frame:	7
1.	0.	0.	0.	
0.	1.	0.	0.	
0.	0.	1.	0.	
0.	0.	0.	1.	
Dynamic:	0	

Frame:	8
1.	0.	0.	0.	
0.	1.	0.	0.	
0.	0.	1.	0.	
0.	0.	0.	1.	
Dynamic:	0	

Frame:	9
1.	0.	0.	0.	
0.	1.	0.	0.	
0.	0.	1.	0.	
0.	0.	0.	1.	
Dynamic:	0	

Frame:	10
1.	0.	0.	0.	
0.	1.	0.	0.	
0.	0.	1.	0.	
0.	0.	0.	1.	
Dynamic:	0	

Frame:	11
1.	0.	0.	0.	
0.	1.	0.	0.	
0.	0.	1.	0.	
0.	0.	0.	1.	
Dynamic:	0	

Frame:	12
1.	0.	0.	0.	
0.	1.	0.	0.	
0.	0.	1.	0.	
0.	0.	0.	1.	
Dynamic:	0	

Frame:	13
1.	0.	0.	0.	
0.	1.	0.	0.	
0.	0.	1.	0.	
0.	0.	0.	1.	
Dynamic:	0	

Frame:	14
1.	0.	0.	0.	
0.	1.	0.	0.	
0.	0.	1.	0.	
0.	0.	0.	1.	
Dynamic:	0	

Frame:	15
1.	0.	0.	0.	
0.	1.	0.	0.	
0.	0.	1.	0.	
0.	0.	0.	1.	
Dynamic:	0	

Frame:	16
1.	0.	0.	0.	
0.	1.	0.	0.	
0.	0.	1.	0.	
0.	0.	0.	1.	
Dynamic:	0	

Frame:	17
1.	0.	0.	0.	
0.	1.	0.	0.	
0.	0.	1.	0.	
0.	0.	0.	1.	
Dynamic:	0	

Frame:	18
1.	0.	0.	0.	
0.	1.	0.	0.	
0.	0.	1.	0.	
0.	0.	0.	1.	
Dynamic:	0	

Frame:	19
1.	0.	0.	0.	
0.	1.	0.	0.	
0.	0.	1.	0.	
0.	0.	0.	1.	
Dynamic:	0	

Frame:	20
1.	0.	0.	0.	
0.	1.	0.	0.	
0.	0.	1.	0.	
0.	0.	0.	1.	
Dynamic:	0	

Frame:	21
1.	0.	0.	0.	
0.	1.	0.	0.	
0.	0.	1.	0.	
0.	0.	0.	1.	
Dynamic:	0	

Frame:	22
1.	0.	0.	0.	
0.	1.	0.	0.	
0.	0.	1.	0.	
0.	0.	0.	1.	
Dynamic:	0	

Frame:	23
1.	0.	0.	0.	
0.	1.	0.	0.	
0.	0.	1.	0.	
0.	0.	0.	1.	
Dynamic:	0	

Frame:	24
1.	0.	0.	0.	
0.	1.	0.	0.	
0.	0.	1.	0.	
0.	0.	0.	1.	
Dynamic:	0	

Frame:	25
1.	0.	0.	0.	
0.	1.	0.	0.	
0.	0.	1.	0.	
0.	0.	0.	1.	
Dynamic:	0	

Frame:	26
1.	0.	0.	0.	
0.	1.	0.	0.	
0.	0.	1.	0.	
0.	0.	0.	1.	
Dynamic:	0	

Frame:	27
1.	0.	0.	0.	
0.	1.	0.	0.	
0.	0.	1.	0.	
0.	0.	0.	1.	
Dynamic:	0	

Frame:	28
1.	0.	0.	0.	
0.	1.	0.	0.	
0.	0.	1.	0.	
0.	0.	0.	1.	
Dynamic:	0	

Frame:	29
1.	0.	0.	0.	
0.	1.	0.	0.	
0.	0.	1.	0.	
0.	0.	0.	1.	
Dynamic:	0	

Frame:	30
1.	0.	0.	0.	
0.	1.	0.	0.	
0.	0.	1.	0.	
0.	0.	0.	1.	
Dynamic:	0	

Frame:	31
1.	0.	0.	0.	
0.	1.	0.	0.	
0.	0.	1.	0.	
0.	0.	0.	1.	
Dynamic:	0	

Frame:	32
1.	0.	0.	0.	
0.	1.	0.	0.	
0.	0.	1.	0.	
0.	0.	0.	1.	
Dynamic:	0	

Frame:	33
1.	0.	0.	0.	
0.	1.	0.	0.	
0.	0.	1.	0.	
0.	0.	0.	1.	
Dynamic:	0	

Frame:	34
1.	0.	0.	0.	
0.	1.	0.	0.	
0.	0.	1.	0.	
0.	0.	0.	1.	
Dynamic:	0	

Frame:	35
1.	0.	0.	0.	
0.	1.	0.	0.	
0.	0.	1.	0.	
0.	0.	0.	1.	
Dynamic:	0	

Frame:	36
1.	0.	0.	0.	
0.	1.	0.	0.	
0.	0.	1.	0.	
0.	0.	0.	1.	
Dynamic:	0	

Frame:	37
1.	0.	0.	0.	
0.	1.	0.	0.	
0.	0.	1.	0.	
0.	0.	0.	1.	
Dynamic:	0	

Frame:	38
1.	0.	0.	0.	
0.	1.	0.	0.	
0.	0.	1.	0.	
0.	0.	0.	1.	
Dynamic:	0	

Frame:	39
1.	0.	0.	0.	
0.	1.	0.	0.	
0.	0.	1.	0.	
0.	0.	0.	1.	
Dynamic:	0	

Frame:	40
1.	0.	0.	0.	
0.	1.	0.	0.	
0.	0.	1.	0.	
0.	0.	0.	1.	
Dynamic:	0	

Frame:	41
1.	0.	0.	0.	
0.	1.	0.	0.	
0.	0.	1.	0.	
0.	0.	0.	1.	
Dynamic:	0	

Frame:	42
1.	0.	0.	0.	
0.	1.	0.	0.	
0.	0.	1.	0.	
0.	0.	0.	1.	
Dynamic:	0	

Frame:	43
1.	0.	0.	0.	
0.	1.	0.	0.	
0.	0.	1.	0.	
0.	0.	0.	1.	
Dynamic:	0	

Frame:	44
1.	0.	0.	0.	
0.	1.	0.	0.	
0.	0.	1.	0.	
0.	0.	0.	1.	
Dynamic:	0	

Frame:	45
1.	0.	0.	0.	
0.	1.	0.	0.	
0.	0.	1.	0.	
0.	0.	0.	1.	
Dynamic:	0	

Frame:	46
1.	0.	0.	0.	
0.	1.	0.	0.	
0.	0.	1.	0.	
0.	0.	0.	1.	
Dynamic:	0	

Frame:	47
1.	0.	0.	0.	
0.	1.	0.	0.	
0.	0.	1.	0.	
0.	0.	0.	1.	
Dynamic:	0	

Frame:	48
1.	0.	0.	0.	
0.	1.	0.	0.	
0.	0.	1.	0.	
0.	0.	0.	1.	
Dynamic:	0	

Frame:	49
1.	0.	0.	0.	
0.	1.	0.	0.	
0.	0.	1.	0.	
0.	0.	0.	1.	
Dynamic:	0	

Frame:	50
1.	0.	0.	0.	
0.	1.	0.	0.	
0.	0.	1.	0.	
0.	0.	0.	1.	
Dynamic:	0	

Frame:	51
1.	0.	0.	0.	
0.	1.	0.	0.	
0.	0.	1.	0.	
0.	0.	0.	1.	
Dynamic:	0	

Frame:	52
1.	0.	0.	0.	
0.	1.	0.	0.	
0.	0.	1.	0.	
0.	0.	0.	1.	
Dynamic:	0	

Frame:	53
1.	0.	0.	0.	
0.	1.	0.	0.	
0.	0.	1.	0.	
0.	0.	0.	1.	
Dynamic:	0	

Frame:	54
1.	0.	0.	0.	
0.	1.	0.	0.	
0.	0.	1.	0.	
0.	0.	0.	1.	
Dynamic:	0	

Frame:	55
1.	0.	0.	0.	
0.	1.	0.	0.	
0.	0.	1.	0.	
0.	0.	0.	1.	
Dynamic:	0	

Frame:	56
1.	0.	0.	0.	
0.	1.	0.	0.	
0.	0.	1.	0.	
0.	0.	0.	1.	
Dynamic:	0	

Frame:	57
1.	0.	0.	0.	
0.	1.	0.	0.	
0.	0.	1.	0.	
0.	0.	0.	1.	
Dynamic:	0	

Frame:	58
1.	0.	0.	0.	
0.	1.	0.	0.	
0.	0.	1.	0.	
0.	0.	0.	1.	
Dynamic:	0	

Frame:	59
1.	0.	0.	0.	
0.	1.	0.	0.	
0.	0.	1.	0.	
0.	0.	0.	1.	
Dynamic:	0	

Frame:	60
1.	0.	0.	0.	
0.	1.	0.	0.	
0.	0.	1.	0.	
0.	0.	0.	1.	
Dynamic:	0	

Frame:	61
1.	0.	0.	0.	
0.	1.	0.	0.	
0.	0.	1.	0.	
0.	0.	0.	1.	
Dynamic:	0	

Frame:	62
1.	0.	0.	0.	
0.	1.	0.	0.	
0.	0.	1.	0.	
0.	0.	0.	1.	
Dynamic:	0	

Frame:	63
1.	0.	0.	0.	
0.	1.	0.	0.	
0.	0.	1.	0.	
0.	0.	0.	1.	
Dynamic:	0	

Frame:	64
1.	0.	0.	0.	
0.	1.	0.	0.	
0.	0.	1.	0.	
0.	0.	0.	1.	
Dynamic:	0	

Frame:	65
1.	0.	0.	0.	
0.	1.	0.	0.	
0.	0.	1.	0.	
0.	0.	0.	1.	
Dynamic:	0	

Frame:	66
1.	0.	0.	0.	
0.	1.	0.	0.	
0.	0.	1.	0.	
0.	0.	0.	1.	
Dynamic:	0	

Frame:	67
1.	0.	0.	0.	
0.	1.	0.	0.	
0.	0.	1.	0.	
0.	0.	0.	1.	
Dynamic:	0	

Frame:	68
1.	0.	0.	0.	
0.	1.	0.	0.	
0.	0.	1.	0.	
0.	0.	0.	1.	
Dynamic:	0	

Frame:	69
1.	0.	0.	0.	
0.	1.	0.	0.	
0.	0.	1.	0.	
0.	0.	0.	1.	
Dynamic:	0	

Frame:	70
1.	0.	0.	0.	
0.	1.	0.	0.	
0.	0.	1.	0.	
0.	0.	0.	1.	
Dynamic:	0	

Frame:	71
1.	0.	0.	0.	
0.	1.	0.	0.	
0.	0.	1.	0.	
0.	0.	0.	1.	
Dynamic:	0	

Frame:	72
1.	0.	0.	0.	
0.	1.	0.	0.	
0.	0.	1.	0.	
0.	0.	0.	1.	
Dynamic:	0	

Frame:	73
1.	0.	0.	0.	
0.	1.	0.	0.	
0.	0.	1.	0.	
0.	0.	0.	1.	
Dynamic:	0	

Frame:	74
1.	0.	0.	0.	
0.	1.	0.	0.	
0.	0.	1.	0.	
0.	0.	0.	1.	
Dynamic:	0	

Frame:	75
1.	0.	0.	0.	
0.	1.	0.	0.	
0.	0.	1.	0.	
0.	0.	0.	1.	
Dynamic:	0	

Frame:	76
1.	0.	0.	0.	
0.	1.	0.	0.	
0.	0.	1.	0.	
0.	0.	0.	1.	
Dynamic:	0	

Frame:	77
1.	0.	0.	0.	
0.	1.	0.	0.	
0.	0.	1.	0.	
0.	0.	0.	1.	
Dynamic:	0	

Frame:	78
1.	0.	0.	0.	
0.	1.	0.	0.	
0.	0.	1.	0.	
0.	0.	0.	1.	
Dynamic:	0	

Frame:	79
1.	0.	0.	0.	
0.	1.	0.	0.	
0.	0.	1.	0.	
0.	0.	0.	1.	
Dynamic:	0	

Frame:	80
1.	0.	0.	0.	
0.	1.	0.	0.	
0.	0.	1.	0.	
0.	0.	0.	1.	
Dynamic:	0	

Frame:	81
1.	0.	0.	0.	
0.	1.	0.	0.	
0.	0.	1.	0.	
0.	0.	0.	1.	
Dynamic:	0	

Frame:	82
1.	0.	0.	0.	
0.	1.	0.	0.	
0.	0.	1.	0.	
0.	0.	0.	1.	
Dynamic:	0	

Frame:	83
1.	0.	0.	0.	
0.	1.	0.	0.	
0.	0.	1.	0.	
0.	0.	0.	1.	
Dynamic:	0	

Frame:	84
1.	0.	0.	0.	
0.	1.	0.	0.	
0.	0.	1.	0.	
0.	0.	0.	1.	
Dynamic:	0	

Frame:	85
1.	0.	0.	0.	
0.	1.	0.	0.	
0.	0.	1.	0.	
0.	0.	0.	1.	
Dynamic:	0	

Frame:	86
1.	0.	0.	0.	
0.	1.	0.	0.	
0.	0.	1.	0.	
0.	0.	0.	1.	
Dynamic:	0	

Frame:	87
1.	0.	0.	0.	
0.	1.	0.	0.	
0.	0.	1.	0.	
0.	0.	0.	1.	
Dynamic:	0	

Frame:	88
1.	0.	0.	0.	
0.	1.	0.	0.	
0.	0.	1.	0.	
0.	0.	0.	1.	
Dynamic:	0	

Frame:	89
1.	0.	0.	0.	
0.	1.	0.	0.	
0.	0.	1.	0.	
0.	0.	0.	1.	
Dynamic:	0	

Frame:	90
1.	0.	0.	0.	
0.	1.	0.	0.	
0.	0.	1.	0.	
0.	0.	0.	1.	
Dynamic:	0	

Frame:	91
1.	0.	0.	0.	
0.	1.	0.	0.	
0.	0.	1.	0.	
0.	0.	0.	1.	
Dynamic:	0	

Frame:	92
1.	0.	0.	0.	
0.	1.	0.	0.	
0.	0.	1.	0.	
0.	0.	0.	1.	
Dynamic:	0	

Frame:	93
1.	0.	0.	0.	
0.	1.	0.	0.	
0.	0.	1.	0.	
0.	0.	0.	1.	
Dynamic:	0	

Frame:	94
1.	0.	0.	0.	
0.	1.	0.	0.	
0.	0.	1.	0.	
0.	0.	0.	1.	
Dynamic:	0	

Frame:	95
1.	0.	0.	0.	
0.	1.	0.	0.	
0.	0.	1.	0.	
0.	0.	0.	1.	
Dynamic:	0	

Frame:	96
1.	0.	0.	0.	
0.	1.	0.	0.	
0.	0.	1.	0.	
0.	0.	0.	1.	
Dynamic:	0	

Frame:	97
1.	0.	0.	0.	
0.	1.	0.	0.	
0.	0.	1.	0.	
0.	0.	0.	1.	
Dynamic:	0	

Frame:	98
1.	0.	0.	0.	
0.	1.	0.	0.	
0.	0.	1.	0.	
0.	0.	0.	1.	
Dynamic:	0	

Frame:	99
1.	0.	0.	0.	
0.	1.	0.	0.	
0.	0.	1.	0.	
0.	0.	0.	1.	
Dynamic:	0	

Frame:	100
1.	0.	0.	0.	
0.	1.	0.	0.	
0.	0.	1.	0.	
0.	0.	0.	1.	
Dynamic:	0	

Frame:	101
1.	0.	0.	0.	
0.	1.	0.	0.	
0.	0.	1.	0.	
0.	0.	0.	1.	
Dynamic:	0	

Frame:	102
1.	0.	0.	0.	
0.	1.	0.	0.	
0.	0.	1.	0.	
0.	0.	0.	1.	
Dynamic:	0	

Frame:	103
1.	0.	0.	0.	
0.	1.	0.	0.	
0.	0.	1.	0.	
0.	0.	0.	1.	
Dynamic:	0	

Frame:	104
1.	0.	0.	0.	
0.	1.	0.	0.	
0.	0.	1.	0.	
0.	0.	0.	1.	
Dynamic:	0	

Frame:	105
1.	0.	0.	0.	
0.	1.	0.	0.	
0.	0.	1.	0.	
0.	0.	0.	1.	
Dynamic:	0	

Frame:	106
1.	0.	0.	0.	
0.	1.	0.	0.	
0.	0.	1.	0.	
0.	0.	0.	1.	
Dynamic:	0	

Frame:	107
1.	0.	0.	0.	
0.	1.	0.	0.	
0.	0.	1.	0.	
0.	0.	0.	1.	
Dynamic:	0	

Frame:	108
1.	0.	0.	0.	
0.	1.	0.	0.	
0.	0.	1.	0.	
0.	0.	0.	1.	
Dynamic:	0	

Frame:	109
1.	0.	0.	0.	
0.	1.	0.	0.	
0.	0.	1.	0.	
0.	0.	0.	1.	
Dynamic:	0	

Frame:	110
1.	0.	0.	0.	
0.	1.	0.	0.	
0.	0.	1.	0.	
0.	0.	0.	1.	
Dynamic:	0	

Frame:	111
1.	0.	0.	0.	
0.	1.	0.	0.	
0.	0.	1.	0.	
0.	0.	0.	1.	
Dynamic:	0	

Frame:	112
1.	0.	0.	0.	
0.	1.	0.	0.	
0.	0.	1.	0.	
0.	0.	0.	1.	
Dynamic:	0	

Frame:	113
1.	0.	0.	0.	
0.	1.	0.	0.	
0.	0.	1.	0.	
0.	0.	0.	1.	
Dynamic:	0	

Frame:	114
1.	0.	0.	0.	
0.	1.	0.	0.	
0.	0.	1.	0.	
0.	0.	0.	1.	
Dynamic:	0	

Frame:	115
1.	0.	0.	0.	
0.	1.	0.	0.	
0.	0.	1.	0.	
0.	0.	0.	1.	
Dynamic:	0	

Frame:	116
1.	0.	0.	0.	
0.	1.	0.	0.	
0.	0.	1.	0.	
0.	0.	0.	1.	
Dynamic:	0	

Frame:	117
1.	0.	0.	0.	
0.	1.	0.	0.	
0.	0.	1.	0.	
0.	0.	0.	1.	
Dynamic:	0	

Frame:	118
1.	0.	0.	0.	
0.	1.	0.	0.	
0.	0.	1.	0.	
0.	0.	0.	1.	
Dynamic:	0	

Frame:	119
1.	0.	0.	0.	
0.	1.	0.	0.	
0.	0.	1.	0.	
0.	0.	0.	1.	
Dynamic:	0	

Frame:	120
1.	0.	0.	0.	
0.	1.	0.	0.	
0.	0.	1.	0.	
0.	0.	0.	1.	
Dynamic:	0	

Frame:	121
1.	0.	0.	0.	
0.	1.	0.	0.	
0.	0.	1.	0.	
0.	0.	0.	1.	
Dynamic:	0	

Frame:	122
1.	0.	0.	0.	
0.	1.	0.	0.	
0.	0.	1.	0.	
0.	0.	0.	1.	
Dynamic:	0	

Frame:	123
1.	0.	0.	0.	
0.	1.	0.	0.	
0.	0.	1.	0.	
0.	0.	0.	1.	
Dynamic:	0	

Frame:	124
1.	0.	0.	0.	
0.	1.	0.	0.	
0.	0.	1.	0.	
0.	0.	0.	1.	
Dynamic:	0	

Frame:	125
1.	0.	0.	0.	
0.	1.	0.	0.	
0.	0.	1.	0.	
0.	0.	0.	1.	
Dynamic:	0	

Frame:	126
1.	0.	0.	0.	
0.	1.	0.	0.	
0.	0.	1.	0.	
0.	0.	0.	1.	
Dynamic:	0	

Frame:	127
1.	0.	0.	0.	
0.	1.	0.	0.	
0.	0.	1.	0.	
0.	0.	0.	1.	
Dynamic:	0	

Frame:	128
1.	0.	0.	0.	
0.	1.	0.	0.	
0.	0.	1.	0.	
0.	0.	0.	1.	
Dynamic:	0	

Frame:	129
1.	0.	0.	0.	
0.	1.	0.	0.	
0.	0.	1.	0.	
0.	0.	0.	1.	
Dynamic:	0	

Frame:	130
1.	0.	0.	0.	
0.	1.	0.	0.	
0.	0.	1.	0.	
0.	0.	0.	1.	
Dynamic:	0	

Frame:	131
1.	0.	0.	0.	
0.	1.	0.	0.	
0.	0.	1.	0.	
0.	0.	0.	1.	
Dynamic:	0	

Frame:	132
1.	0.	0.	0.	
0.	1.	0.	0.	
0.	0.	1.	0.	
0.	0.	0.	1.	
Dynamic:	0	

Frame:	133
1.	0.	0.	0.	
0.	1.	0.	0.	
0.	0.	1.	0.	
0.	0.	0.	1.	
Dynamic:	0	

Frame:	134
1.	0.	0.	0.	
0.	1.	0.	0.	
0.	0.	1.	0.	
0.	0.	0.	1.	
Dynamic:	0	

Frame:	135
1.	0.	0.	0.	
0.	1.	0.	0.	
0.	0.	1.	0.	
0.	0.	0.	1.	
Dynamic:	0	

Frame:	136
1.	0.	0.	0.	
0.	1.	0.	0.	
0.	0.	1.	0.	
0.	0.	0.	1.	
Dynamic:	0	

Frame:	137
1.	0.	0.	0.	
0.	1.	0.	0.	
0.	0.	1.	0.	
0.	0.	0.	1.	
Dynamic:	0	

Frame:	138
1.	0.	0.	0.	
0.	1.	0.	0.	
0.	0.	1.	0.	
0.	0.	0.	1.	
Dynamic:	0	

Frame:	139
1.	0.	0.	0.	
0.	1.	0.	0.	
0.	0.	1.	0.	
0.	0.	0.	1.	
Dynamic:	0	

Frame:	140
1.	0.	0.	0.	
0.	1.	0.	0.	
0.	0.	1.	0.	
0.	0.	0.	1.	
Dynamic:	0	

Frame:	141
1.	0.	0.	0.	
0.	1.	0.	0.	
0.	0.	1.	0.	
0.	0.	0.	1.	
Dynamic:	0	

Frame:	142
1.	0.	0.	0.	
0.	1.	0.	0.	
0.	0.	1.	0.	
0.	0.	0.	1.	
Dynamic:	0	

Frame:	143
1.	0.	0.	0.	
0.	1.	0.	0.	
0.	0.	1.	0.	
0.	0.	0.	1.	
Dynamic:	0	

Frame:	144
1.	0.	0.	0.	
0.	1.	0.	0.	
0.	0.	1.	0.	
0.	0.	0.	1.	
Dynamic:	0	

Frame:	145
1.	0.	0.	0.	
0.	1.	0.	0.	
0.	0.	1.	0.	
0.	0.	0.	1.	
Dynamic:	0	

Frame:	146
1.	0.	0.	0.	
0.	1.	0.	0.	
0.	0.	1.	0.	
0.	0.	0.	1.	
Dynamic:	0	

Frame:	147
1.	0.	0.	0.	
0.	1.	0.	0.	
0.	0.	1.	0.	
0.	0.	0.	1.	
Dynamic:	0	

Frame:	148
1.	0.	0.	0.	
0.	1.	0.	0.	
0.	0.	1.	0.	
0.	0.	0.	1.	
Dynamic:	0	

Frame:	149
1.	0.	0.	0.	
0.	1.	0.	0.	
0.	0.	1.	0.	
0.	0.	0.	1.	
Dynamic:	0	

Frame:	150
1.	0.	0.	0.	
0.	1.	0.	0.	
0.	0.	1.	0.	
0.	0.	0.	1.	
Dynamic:	0	

Frame:	151
1.	0.	0.	0.	
0.	1.	0.	0.	
0.	0.	1.	0.	
0.	0.	0.	1.	
Dynamic:	0	

Frame:	152
1.	0.	0.	0.	
0.	1.	0.	0.	
0.	0.	1.	0.	
0.	0.	0.	1.	
Dynamic:	0	

Frame:	153
1.	0.	0.	0.	
0.	1.	0.	0.	
0.	0.	1.	0.	
0.	0.	0.	1.	
Dynamic:	0	

Frame:	154
1.	0.	0.	0.	
0.	1.	0.	0.	
0.	0.	1.	0.	
0.	0.	0.	1.	
Dynamic:	0	

Frame:	155
1.	0.	0.	0.	
0.	1.	0.	0.	
0.	0.	1.	0.	
0.	0.	0.	1.	
Dynamic:	0	

Frame:	156
1.	0.	0.	0.	
0.	1.	0.	0.	
0.	0.	1.	0.	
0.	0.	0.	1.	
Dynamic:	0	

Frame:	157
1.	0.	0.	0.	
0.	1.	0.	0.	
0.	0.	1.	0.	
0.	0.	0.	1.	
Dynamic:	0	

Frame:	158
1.	0.	0.	0.	
0.	1.	0.	0.	
0.	0.	1.	0.	
0.	0.	0.	1.	
Dynamic:	0	

Frame:	159
1.	0.	0.	0.	
0.	1.	0.	0.	
0.	0.	1.	0.	
0.	0.	0.	1.	
Dynamic:	0	

Frame:	160
1.	0.	0.	0.	
0.	1.	0.	0.	
0.	0.	1.	0.	
0.	0.	0.	1.	
Dynamic:	0	

Frame:	161
1.	0.	0.	0.	
0.	1.	0.	0.	
0.	0.	1.	0.	
0.	0.	0.	1.	
Dynamic:	0	

Frame:	162
1.	0.	0.	0.	
0.	1.	0.	0.	
0.	0.	1.	0.	
0.	0.	0.	1.	
Dynamic:	0	

Frame:	163
1.	0.	0.	0.	
0.	1.	0.	0.	
0.	0.	1.	0.	
0.	0.	0.	1.	
Dynamic:	0	

Frame:	164
1.	0.	0.	0.	
0.	1.	0.	0.	
0.	0.	1.	0.	
0.	0.	0.	1.	
Dynamic:	0	

Frame:	165
1.	0.	0.	0.	
0.	1.	0.	0.	
0.	0.	1.	0.	
0.	0.	0.	1.	
Dynamic:	0	

Frame:	166
1.	0.	0.	0.	
0.	1.	0.	0.	
0.	0.	1.	0.	
0.	0.	0.	1.	
Dynamic:	0	

Frame:	167
1.	0.	0.	0.	
0.	1.	0.	0.	
0.	0.	1.	0.	
0.	0.	0.	1.	
Dynamic:	0	

Frame:	168
1.	0.	0.	0.	
0.	1.	0.	0.	
0.	0.	1.	0.	
0.	0.	0.	1.	
Dynamic:	0	

Frame:	169
1.	0.	0.	0.	
0.	1.	0.	0.	
0.	0.	1.	0.	
0.	0.	0.	1.	
Dynamic:	0	

Frame:	170
1.	0.	0.	0.	
0.	1.	0.	0.	
0.	0.	1.	0.	
0.	0.	0.	1.	
Dynamic:	0	

Frame:	171
1.	0.	0.	0.	
0.	1.	0.	0.	
0.	0.	1.	0.	
0.	0.	0.	1.	
Dynamic:	0	

Frame:	172
1.	0.	0.	0.	
0.	1.	0.	0.	
0.	0.	1.	0.	
0.	0.	0.	1.	
Dynamic:	0	

Frame:	173
1.	0.	0.	0.	
0.	1.	0.	0.	
0.	0.	1.	0.	
0.	0.	0.	1.	
Dynamic:	0	

Frame:	174
1.	0.	0.	0.	
0.	1.	0.	0.	
0.	0.	1.	0.	
0.	0.	0.	1.	
Dynamic:	0	

Frame:	175
1.	0.	0.	0.	
0.	1.	0.	0.	
0.	0.	1.	0.	
0.	0.	0.	1.	
Dynamic:	0	

Frame:	176
1.	0.	0.	0.	
0.	1.	0.	0.	
0.	0.	1.	0.	
0.	0.	0.	1.	
Dynamic:	0	

Frame:	177
1.	0.	0.	0.	
0.	1.	0.	0.	
0.	0.	1.	0.	
0.	0.	0.	1.	
Dynamic:	0	

Frame:	178
1.	0.	0.	0.	
0.	1.	0.	0.	
0.	0.	1.	0.	
0.	0.	0.	1.	
Dynamic:	0	

Frame:	179
1.	0.	0.	0.	
0.	1.	0.	0.	
0.	0.	1.	0.	
0.	0.	0.	1.	
Dynamic:	0	

Frame:	180
1.	0.	0.	0.	
0.	1.	0.	0.	
0.	0.	1.	0.	
0.	0.	0.	1.	
Dynamic:	0	

Frame:	181
1.	0.	0.	0.	
0.	1.	0.	0.	
0.	0.	1.	0.	
0.	0.	0.	1.	
Dynamic:	0	

Frame:	182
1.	0.	0.	0.	
0.	1.	0.	0.	
0.	0.	1.	0.	
0.	0.	0.	1.	
Dynamic:	0	

Frame:	183
1.	0.	0.	0.	
0.	1.	0.	0.	
0.	0.	1.	0.	
0.	0.	0.	1.	
Dynamic:	0	

Frame:	184
1.	0.	0.	0.	
0.	1.	0.	0.	
0.	0.	1.	0.	
0.	0.	0.	1.	
Dynamic:	0	

Frame:	185
1.	0.	0.	0.	
0.	1.	0.	0.	
0.	0.	1.	0.	
0.	0.	0.	1.	
Dynamic:	0	

Frame:	186
1.	0.	0.	0.	
0.	1.	0.	0.	
0.	0.	1.	0.	
0.	0.	0.	1.	
Dynamic:	0	

Frame:	187
1.	0.	0.	0.	
0.	1.	0.	0.	
0.	0.	1.	0.	
0.	0.	0.	1.	
Dynamic:	0	

Frame:	188
1.	0.	0.	0.	
0.	1.	0.	0.	
0.	0.	1.	0.	
0.	0.	0.	1.	
Dynamic:	0	

Frame:	189
1.	0.	0.	0.	
0.	1.	0.	0.	
0.	0.	1.	0.	
0.	0.	0.	1.	
Dynamic:	0	

Frame:	190
1.	0.	0.	0.	
0.	1.	0.	0.	
0.	0.	1.	0.	
0.	0.	0.	1.	
Dynamic:	0	

Frame:	191
1.	0.	0.	0.	
0.	1.	0.	0.	
0.	0.	1.	0.	
0.	0.	0.	1.	
Dynamic:	0	

Frame:	192
1.	0.	0.	0.	
0.	1.	0.	0.	
0.	0.	1.	0.	
0.	0.	0.	1.	
Dynamic:	0	

Frame:	193
1.	0.	0.	0.	
0.	1.	0.	0.	
0.	0.	1.	0.	
0.	0.	0.	1.	
Dynamic:	0	

Frame:	194
1.	0.	0.	0.	
0.	1.	0.	0.	
0.	0.	1.	0.	
0.	0.	0.	1.	
Dynamic:	0	

Frame:	195
1.	0.	0.	0.	
0.	1.	0.	0.	
0.	0.	1.	0.	
0.	0.	0.	1.	
Dynamic:	0	

Frame:	196
1.	0.	0.	0.	
0.	1.	0.	0.	
0.	0.	1.	0.	
0.	0.	0.	1.	
Dynamic:	0	

Frame:	197
1.	0.	0.	0.	
0.	1.	0.	0.	
0.	0.	1.	0.	
0.	0.	0.	1.	
Dynamic:	0	

Frame:	198
1.	0.	0.	0.	
0.	1.	0.	0.	
0.	0.	1.	0.	
0.	0.	0.	1.	
Dynamic:	0	

Frame:	199
1.	0.	0.	0.	
0.	1.	0.	0.	
0.	0.	1.	0.	
0.	0.	0.	1.	
Dynamic:	0	

Frame:	200
1.	0.	0.	0.	
0.	1.	0.	0.	
0.	0.	1.	0.	
0.	0.	0.	1.	
Dynamic:	0	

Frame:	201
1.	0.	0.	0.	
0.	1.	0.	0.	
0.	0.	1.	0.	
0.	0.	0.	1.	
Dynamic:	0	

Frame:	202
1.	0.	0.	0.	
0.	1.	0.	0.	
0.	0.	1.	0.	
0.	0.	0.	1.	
Dynamic:	0	

Frame:	203
1.	0.	0.	0.	
0.	1.	0.	0.	
0.	0.	1.	0.	
0.	0.	0.	1.	
Dynamic:	0	

Frame:	204
1.	0.	0.	0.	
0.	1.	0.	0.	
0.	0.	1.	0.	
0.	0.	0.	1.	
Dynamic:	0	

Frame:	205
1.	0.	0.	0.	
0.	1.	0.	0.	
0.	0.	1.	0.	
0.	0.	0.	1.	
Dynamic:	0	

Frame:	206
1.	0.	0.	0.	
0.	1.	0.	0.	
0.	0.	1.	0.	
0.	0.	0.	1.	
Dynamic:	0	

Frame:	207
1.	0.	0.	0.	
0.	1.	0.	0.	
0.	0.	1.	0.	
0.	0.	0.	1.	
Dynamic:	0	

Frame:	208
1.	0.	0.	0.	
0.	1.	0.	0.	
0.	0.	1.	0.	
0.	0.	0.	1.	
Dynamic:	0	

Frame:	209
1.	0.	0.	0.	
0.	1.	0.	0.	
0.	0.	1.	0.	
0.	0.	0.	1.	
Dynamic:	0	

Frame:	210
1.	0.	0.	0.	
0.	1.	0.	0.	
0.	0.	1.	0.	
0.	0.	0.	1.	
Dynamic:	0	

Frame:	211
1.	0.	0.	0.	
0.	1.	0.	0.	
0.	0.	1.	0.	
0.	0.	0.	1.	
Dynamic:	0	

Frame:	212
1.	0.	0.	0.	
0.	1.	0.	0.	
0.	0.	1.	0.	
0.	0.	0.	1.	
Dynamic:	0	

Frame:	213
1.	0.	0.	0.	
0.	1.	0.	0.	
0.	0.	1.	0.	
0.	0.	0.	1.	
Dynamic:	0	

Frame:	214
1.	0.	0.	0.	
0.	1.	0.	0.	
0.	0.	1.	0.	
0.	0.	0.	1.	
Dynamic:	0	

Frame:	215
1.	0.	0.	0.	
0.	1.	0.	0.	
0.	0.	1.	0.	
0.	0.	0.	1.	
Dynamic:	0	

Frame:	216
1.	0.	0.	0.	
0.	1.	0.	0.	
0.	0.	1.	0.	
0.	0.	0.	1.	
Dynamic:	0	

Frame:	217
1.	0.	0.	0.	
0.	1.	0.	0.	
0.	0.	1.	0.	
0.	0.	0.	1.	
Dynamic:	0	

Frame:	218
1.	0.	0.	0.	
0.	1.	0.	0.	
0.	0.	1.	0.	
0.	0.	0.	1.	
Dynamic:	0	

Frame:	219
1.	0.	0.	0.	
0.	1.	0.	0.	
0.	0.	1.	0.	
0.	0.	0.	1.	
Dynamic:	0	

Frame:	220
1.	0.	0.	0.	
0.	1.	0.	0.	
0.	0.	1.	0.	
0.	0.	0.	1.	
Dynamic:	0	

Frame:	221
1.	0.	0.	0.	
0.	1.	0.	0.	
0.	0.	1.	0.	
0.	0.	0.	1.	
Dynamic:	0	

Frame:	222
1.	0.	0.	0.	
0.	1.	0.	0.	
0.	0.	1.	0.	
0.	0.	0.	1.	
Dynamic:	0	

Frame:	223
1.	0.	0.	0.	
0.	1.	0.	0.	
0.	0.	1.	0.	
0.	0.	0.	1.	
Dynamic:	0	

Frame:	224
1.	0.	0.	0.	
0.	1.	0.	0.	
0.	0.	1.	0.	
0.	0.	0.	1.	
Dynamic:	0	

Frame:	225
1.	0.	0.	0.	
0.	1.	0.	0.	
0.	0.	1.	0.	
0.	0.	0.	1.	
Dynamic:	0	

Frame:	226
1.	0.	0.	0.	
0.	1.	0.	0.	
0.	0.	1.	0.	
0.	0.	0.	1.	
Dynamic:	0	

Frame:	227
1.	0.	0.	0.	
0.	1.	0.	0.	
0.	0.	1.	0.	
0.	0.	0.	1.	
Dynamic:	0	

Frame:	228
1.	0.	0.	0.	
0.	1.	0.	0.	
0.	0.	1.	0.	
0.	0.	0.	1.	
Dynamic:	0	

Frame:	229
1.	0.	0.	0.	
0.	1.	0.	0.	
0.	0.	1.	0.	
0.	0.	0.	1.	
Dynamic:	0	

Frame:	230
1.	0.	0.	0.	
0.	1.	0.	0.	
0.	0.	1.	0.	
0.	0.	0.	1.	
Dynamic:	0	

Frame:	231
1.	0.	0.	0.	
0.	1.	0.	0.	
0.	0.	1.	0.	
0.	0.	0.	1.	
Dynamic:	0	

Frame:	232
1.	0.	0.	0.	
0.	1.	0.	0.	
0.	0.	1.	0.	
0.	0.	0.	1.	
Dynamic:	0	

Frame:	233
1.	0.	0.	0.	
0.	1.	0.	0.	
0.	0.	1.	0.	
0.	0.	0.	1.	
Dynamic:	0	

Frame:	234
1.	0.	0.	0.	
0.	1.	0.	0.	
0.	0.	1.	0.	
0.	0.	0.	1.	
Dynamic:	0	

Frame:	235
1.	0.	0.	0.	
0.	1.	0.	0.	
0.	0.	1.	0.	
0.	0.	0.	1.	
Dynamic:	0	

Frame:	236
1.	0.	0.	0.	
0.	1.	0.	0.	
0.	0.	1.	0.	
0.	0.	0.	1.	
Dynamic:	0	

Frame:	237
1.	0.	0.	0.	
0.	1.	0.	0.	
0.	0.	1.	0.	
0.	0.	0.	1.	
Dynamic:	0	

Frame:	238
1.	0.	0.	0.	
0.	1.	0.	0.	
0.	0.	1.	0.	
0.	0.	0.	1.	
Dynamic:	0	

Frame:	239
1.	0.	0.	0.	
0.	1.	0.	0.	
0.	0.	1.	0.	
0.	0.	0.	1.	
Dynamic:	0	

Frame:	240
1.	0.	0.	0.	
0.	1.	0.	0.	
0.	0.	1.	0.	
0.	0.	0.	1.	
Dynamic:	0	

Frame:	241
1.	0.	0.	0.	
0.	1.	0.	0.	
0.	0.	1.	0.	
0.	0.	0.	1.	
Dynamic:	0	

Frame:	242
1.	0.	0.	0.	
0.	1.	0.	0.	
0.	0.	1.	0.	
0.	0.	0.	1.	
Dynamic:	0	

Frame:	243
1.	0.	0.	0.	
0.	1.	0.	0.	
0.	0.	1.	0.	
0.	0.	0.	1.	
Dynamic:	0	

Frame:	244
1.	0.	0.	0.	
0.	1.	0.	0.	
0.	0.	1.	0.	
0.	0.	0.	1.	
Dynamic:	0	

Frame:	245
1.	0.	0.	0.	
0.	1.	0.	0.	
0.	0.	1.	0.	
0.	0.	0.	1.	
Dynamic:	0	

Frame:	246
1.	0.	0.	0.	
0.	1.	0.	0.	
0.	0.	1.	0.	
0.	0.	0.	1.	
Dynamic:	0	

Frame:	247
1.	0.	0.	0.	
0.	1.	0.	0.	
0.	0.	1.	0.	
0.	0.	0.	1.	
Dynamic:	0	

Frame:	248
1.	0.	0.	0.	
0.	1.	0.	0.	
0.	0.	1.	0.	
0.	0.	0.	1.	
Dynamic:	0	

Frame:	249
1.	0.	0.	0.	
0.	1.	0.	0.	
0.	0.	1.	0.	
0.	0.	0.	1.	
Dynamic:	0	

Frame:	250
1.	0.	0.	0.	
0.	1.	0.	0.	
0.	0.	1.	0.	
0.	0.	0.	1.	
Dynamic:	0	

Frame:	251
1.	0.	0.	0.	
0.	1.	0.	0.	
0.	0.	1.	0.	
0.	0.	0.	1.	
Dynamic:	0	

Frame:	252
1.	0.	0.	0.	
0.	1.	0.	0.	
0.	0.	1.	0.	
0.	0.	0.	1.	
Dynamic:	0	

Frame:	253
1.	0.	0.	0.	
0.	1.	0.	0.	
0.	0.	1.	0.	
0.	0.	0.	1.	
Dynamic:	0	

Frame:	254
1.	0.	0.	0.	
0.	1.	0.	0.	
0.	0.	1.	0.	
0.	0.	0.	1.	
Dynamic:	0	

Frame:	255
1.	0.	0.	0.	
0.	1.	0.	0.	
0.	0.	1.	0.	
0.	0.	0.	1.	
Dynamic:	0	

Frame:	256
1.	0.	0.	0.	
0.	1.	0.	0.	
0.	0.	1.	0.	
0.	0.	0.	1.	
Dynamic:	0	

Frame:	257
1.	0.	0.	0.	
0.	1.	0.	0.	
0.	0.	1.	0.	
0.	0.	0.	1.	
Dynamic:	0	

Frame:	258
1.	0.	0.	0.	
0.	1.	0.	0.	
0.	0.	1.	0.	
0.	0.	0.	1.	
Dynamic:	0	

Frame:	259
1.	0.	0.	0.	
0.	1.	0.	0.	
0.	0.	1.	0.	
0.	0.	0.	1.	
Dynamic:	0	

Frame:	260
1.	0.	0.	0.	
0.	1.	0.	0.	
0.	0.	1.	0.	
0.	0.	0.	1.	
Dynamic:	0	

Frame:	261
1.	0.	0.	0.	
0.	1.	0.	0.	
0.	0.	1.	0.	
0.	0.	0.	1.	
Dynamic:	0	

Frame:	262
1.	0.	0.	0.	
0.	1.	0.	0.	
0.	0.	1.	0.	
0.	0.	0.	1.	
Dynamic:	0	

Frame:	263
1.	0.	0.	0.	
0.	1.	0.	0.	
0.	0.	1.	0.	
0.	0.	0.	1.	
Dynamic:	0	

Frame:	264
1.	0.	0.	0.	
0.	1.	0.	0.	
0.	0.	1.	0.	
0.	0.	0.	1.	
Dynamic:	0	

Frame:	265
1.	0.	0.	0.	
0.	1.	0.	0.	
0.	0.	1.	0.	
0.	0.	0.	1.	
Dynamic:	0	

Frame:	266
1.	0.	0.	0.	
0.	1.	0.	0.	
0.	0.	1.	0.	
0.	0.	0.	1.	
Dynamic:	0	

Frame:	267
1.	0.	0.	0.	
0.	1.	0.	0.	
0.	0.	1.	0.	
0.	0.	0.	1.	
Dynamic:	0	

Frame:	268
1.	0.	0.	0.	
0.	1.	0.	0.	
0.	0.	1.	0.	
0.	0.	0.	1.	
Dynamic:	0	

Frame:	269
1.	0.	0.	0.	
0.	1.	0.	0.	
0.	0.	1.	0.	
0.	0.	0.	1.	
Dynamic:	0	

Frame:	270
1.	0.	0.	0.	
0.	1.	0.	0.	
0.	0.	1.	0.	
0.	0.	0.	1.	
Dynamic:	0	

Frame:	271
1.	0.	0.	0.	
0.	1.	0.	0.	
0.	0.	1.	0.	
0.	0.	0.	1.	
Dynamic:	0	

Frame:	272
1.	0.	0.	0.	
0.	1.	0.	0.	
0.	0.	1.	0.	
0.	0.	0.	1.	
Dynamic:	0	

Frame:	273
1.	0.	0.	0.	
0.	1.	0.	0.	
0.	0.	1.	0.	
0.	0.	0.	1.	
Dynamic:	0	

Frame:	274
1.	0.	0.	0.	
0.	1.	0.	0.	
0.	0.	1.	0.	
0.	0.	0.	1.	
Dynamic:	0	

Frame:	275
1.	0.	0.	0.	
0.	1.	0.	0.	
0.	0.	1.	0.	
0.	0.	0.	1.	
Dynamic:	0	

Frame:	276
1.	0.	0.	0.	
0.	1.	0.	0.	
0.	0.	1.	0.	
0.	0.	0.	1.	
Dynamic:	0	

Frame:	277
1.	0.	0.	0.	
0.	1.	0.	0.	
0.	0.	1.	0.	
0.	0.	0.	1.	
Dynamic:	0	

Frame:	278
1.	0.	0.	0.	
0.	1.	0.	0.	
0.	0.	1.	0.	
0.	0.	0.	1.	
Dynamic:	0	

Frame:	279
1.	0.	0.	0.	
0.	1.	0.	0.	
0.	0.	1.	0.	
0.	0.	0.	1.	
Dynamic:	0	

Frame:	280
1.	0.	0.	0.	
0.	1.	0.	0.	
0.	0.	1.	0.	
0.	0.	0.	1.	
Dynamic:	0	

Frame:	281
1.	0.	0.	0.	
0.	1.	0.	0.	
0.	0.	1.	0.	
0.	0.	0.	1.	
Dynamic:	0	

Frame:	282
1.	0.	0.	0.	
0.	1.	0.	0.	
0.	0.	1.	0.	
0.	0.	0.	1.	
Dynamic:	0	

Frame:	283
1.	0.	0.	0.	
0.	1.	0.	0.	
0.	0.	1.	0.	
0.	0.	0.	1.	
Dynamic:	0	

Frame:	284
1.	0.	0.	0.	
0.	1.	0.	0.	
0.	0.	1.	0.	
0.	0.	0.	1.	
Dynamic:	0	

Frame:	285
1.	0.	0.	0.	
0.	1.	0.	0.	
0.	0.	1.	0.	
0.	0.	0.	1.	
Dynamic:	0	

Frame:	286
1.	0.	0.	0.	
0.	1.	0.	0.	
0.	0.	1.	0.	
0.	0.	0.	1.	
Dynamic:	0	

Frame:	287
1.	0.	0.	0.	
0.	1.	0.	0.	
0.	0.	1.	0.	
0.	0.	0.	1.	
Dynamic:	0	

Frame:	288
1.	0.	0.	0.	
0.	1.	0.	0.	
0.	0.	1.	0.	
0.	0.	0.	1.	
Dynamic:	0	

Frame:	289
1.	0.	0.	0.	
0.	1.	0.	0.	
0.	0.	1.	0.	
0.	0.	0.	1.	
Dynamic:	0	

Frame:	290
1.	0.	0.	0.	
0.	1.	0.	0.	
0.	0.	1.	0.	
0.	0.	0.	1.	
Dynamic:	0	

Frame:	291
1.	0.	0.	0.	
0.	1.	0.	0.	
0.	0.	1.	0.	
0.	0.	0.	1.	
Dynamic:	0	

Frame:	292
1.	0.	0.	0.	
0.	1.	0.	0.	
0.	0.	1.	0.	
0.	0.	0.	1.	
Dynamic:	0	

Frame:	293
1.	0.	0.	0.	
0.	1.	0.	0.	
0.	0.	1.	0.	
0.	0.	0.	1.	
Dynamic:	0	

Frame:	294
1.	0.	0.	0.	
0.	1.	0.	0.	
0.	0.	1.	0.	
0.	0.	0.	1.	
Dynamic:	0	

Frame:	295
1.	0.	0.	0.	
0.	1.	0.	0.	
0.	0.	1.	0.	
0.	0.	0.	1.	
Dynamic:	0	

Frame:	296
1.	0.	0.	0.	
0.	1.	0.	0.	
0.	0.	1.	0.	
0.	0.	0.	1.	
Dynamic:	0	

Frame:	297
1.	0.	0.	0.	
0.	1.	0.	0.	
0.	0.	1.	0.	
0.	0.	0.	1.	
Dynamic:	0	

Frame:	298
1.	0.	0.	0.	
0.	1.	0.	0.	
0.	0.	1.	0.	
0.	0.	0.	1.	
Dynamic:	0	

Frame:	299
1.	0.	0.	0.	
0.	1.	0.	0.	
0.	0.	1.	0.	
0.	0.	0.	1.	
Dynamic:	0	

Frame:	300
1.	0.	0.	0.	
0.	1.	0.	0.	
0.	0.	1.	0.	
0.	0.	0.	1.	
Dynamic:	0	

Frame:	301
1.	0.	0.	0.	
0.	1.	0.	0.	
0.	0.	1.	0.	
0.	0.	0.	1.	
Dynamic:	0	

Frame:	302
1.	0.	0.	0.	
0.	1.	0.	0.	
0.	0.	1.	0.	
0.	0.	0.	1.	
Dynamic:	0	

Frame:	303
1.	0.	0.	0.	
0.	1.	0.	0.	
0.	0.	1.	0.	
0.	0.	0.	1.	
Dynamic:	0	

Frame:	304
1.	0.	0.	0.	
0.	1.	0.	0.	
0.	0.	1.	0.	
0.	0.	0.	1.	
Dynamic:	0	

Frame:	305
1.	0.	0.	0.	
0.	1.	0.	0.	
0.	0.	1.	0.	
0.	0.	0.	1.	
Dynamic:	0	

Frame:	306
1.	0.	0.	0.	
0.	1.	0.	0.	
0.	0.	1.	0.	
0.	0.	0.	1.	
Dynamic:	0	

Frame:	307
1.	0.	0.	0.	
0.	1.	0.	0.	
0.	0.	1.	0.	
0.	0.	0.	1.	
Dynamic:	0	

Frame:	308
1.	0.	0.	0.	
0.	1.	0.	0.	
0.	0.	1.	0.	
0.	0.	0.	1.	
Dynamic:	0	

Frame:	309
1.	0.	0.	0.	
0.	1.	0.	0.	
0.	0.	1.	0.	
0.	0.	0.	1.	
Dynamic:	0	

Frame:	310
1.	0.	0.	0.	
0.	1.	0.	0.	
0.	0.	1.	0.	
0.	0.	0.	1.	
Dynamic:	0	

Frame:	311
1.	0.	0.	0.	
0.	1.	0.	0.	
0.	0.	1.	0.	
0.	0.	0.	1.	
Dynamic:	0	

Frame:	312
1.	0.	0.	0.	
0.	1.	0.	0.	
0.	0.	1.	0.	
0.	0.	0.	1.	
Dynamic:	0	

Frame:	313
1.	0.	0.	0.	
0.	1.	0.	0.	
0.	0.	1.	0.	
0.	0.	0.	1.	
Dynamic:	0	

Frame:	314
1.	0.	0.	0.	
0.	1.	0.	0.	
0.	0.	1.	0.	
0.	0.	0.	1.	
Dynamic:	0	

Frame:	315
1.	0.	0.	0.	
0.	1.	0.	0.	
0.	0.	1.	0.	
0.	0.	0.	1.	
Dynamic:	0	

Frame:	316
1.	0.	0.	0.	
0.	1.	0.	0.	
0.	0.	1.	0.	
0.	0.	0.	1.	
Dynamic:	0	

Frame:	317
1.	0.	0.	0.	
0.	1.	0.	0.	
0.	0.	1.	0.	
0.	0.	0.	1.	
Dynamic:	0	

Frame:	318
1.	0.	0.	0.	
0.	1.	0.	0.	
0.	0.	1.	0.	
0.	0.	0.	1.	
Dynamic:	0	

Frame:	319
1.	0.	0.	0.	
0.	1.	0.	0.	
0.	0.	1.	0.	
0.	0.	0.	1.	
Dynamic:	0	

Frame:	320
1.	0.	0.	0.	
0.	1.	0.	0.	
0.	0.	1.	0.	
0.	0.	0.	1.	
Dynamic:	0	

Frame:	321
1.	0.	0.	0.	
0.	1.	0.	0.	
0.	0.	1.	0.	
0.	0.	0.	1.	
Dynamic:	0	

Frame:	322
1.	0.	0.	0.	
0.	1.	0.	0.	
0.	0.	1.	0.	
0.	0.	0.	1.	
Dynamic:	0	

Frame:	323
1.	0.	0.	0.	
0.	1.	0.	0.	
0.	0.	1.	0.	
0.	0.	0.	1.	
Dynamic:	0	

Frame:	324
1.	0.	0.	0.	
0.	1.	0.	0.	
0.	0.	1.	0.	
0.	0.	0.	1.	
Dynamic:	0	

Frame:	325
1.	0.	0.	0.	
0.	1.	0.	0.	
0.	0.	1.	0.	
0.	0.	0.	1.	
Dynamic:	0	

Frame:	326
1.	0.	0.	0.	
0.	1.	0.	0.	
0.	0.	1.	0.	
0.	0.	0.	1.	
Dynamic:	0	

Frame:	327
1.	0.	0.	0.	
0.	1.	0.	0.	
0.	0.	1.	0.	
0.	0.	0.	1.	
Dynamic:	0	

Frame:	328
1.	0.	0.	0.	
0.	1.	0.	0.	
0.	0.	1.	0.	
0.	0.	0.	1.	
Dynamic:	0	

Frame:	329
1.	0.	0.	0.	
0.	1.	0.	0.	
0.	0.	1.	0.	
0.	0.	0.	1.	
Dynamic:	0	

Frame:	330
1.	0.	0.	0.	
0.	1.	0.	0.	
0.	0.	1.	0.	
0.	0.	0.	1.	
Dynamic:	0	

Frame:	331
1.	0.	0.	0.	
0.	1.	0.	0.	
0.	0.	1.	0.	
0.	0.	0.	1.	
Dynamic:	0	

Frame:	332
1.	0.	0.	0.	
0.	1.	0.	0.	
0.	0.	1.	0.	
0.	0.	0.	1.	
Dynamic:	0	

Frame:	333
1.	0.	0.	0.	
0.	1.	0.	0.	
0.	0.	1.	0.	
0.	0.	0.	1.	
Dynamic:	0	

Frame:	334
1.	0.	0.	0.	
0.	1.	0.	0.	
0.	0.	1.	0.	
0.	0.	0.	1.	
Dynamic:	0	

Frame:	335
1.	0.	0.	0.	
0.	1.	0.	0.	
0.	0.	1.	0.	
0.	0.	0.	1.	
Dynamic:	0	

Frame:	336
1.	0.	0.	0.	
0.	1.	0.	0.	
0.	0.	1.	0.	
0.	0.	0.	1.	
Dynamic:	0	

Frame:	337
1.	0.	0.	0.	
0.	1.	0.	0.	
0.	0.	1.	0.	
0.	0.	0.	1.	
Dynamic:	0	

Frame:	338
1.	0.	0.	0.	
0.	1.	0.	0.	
0.	0.	1.	0.	
0.	0.	0.	1.	
Dynamic:	0	

Frame:	339
1.	0.	0.	0.	
0.	1.	0.	0.	
0.	0.	1.	0.	
0.	0.	0.	1.	
Dynamic:	0	

Frame:	340
1.	0.	0.	0.	
0.	1.	0.	0.	
0.	0.	1.	0.	
0.	0.	0.	1.	
Dynamic:	0	

Frame:	341
1.	0.	0.	0.	
0.	1.	0.	0.	
0.	0.	1.	0.	
0.	0.	0.	1.	
Dynamic:	0	

Frame:	342
1.	0.	0.	0.	
0.	1.	0.	0.	
0.	0.	1.	0.	
0.	0.	0.	1.	
Dynamic:	0	

Frame:	343
1.	0.	0.	0.	
0.	1.	0.	0.	
0.	0.	1.	0.	
0.	0.	0.	1.	
Dynamic:	0	

Frame:	344
1.	0.	0.	0.	
0.	1.	0.	0.	
0.	0.	1.	0.	
0.	0.	0.	1.	
Dynamic:	0	

Frame:	345
1.	0.	0.	0.	
0.	1.	0.	0.	
0.	0.	1.	0.	
0.	0.	0.	1.	
Dynamic:	0	

Frame:	346
1.	0.	0.	0.	
0.	1.	0.	0.	
0.	0.	1.	0.	
0.	0.	0.	1.	
Dynamic:	0	

Frame:	347
1.	0.	0.	0.	
0.	1.	0.	0.	
0.	0.	1.	0.	
0.	0.	0.	1.	
Dynamic:	0	

Frame:	348
1.	0.	0.	0.	
0.	1.	0.	0.	
0.	0.	1.	0.	
0.	6.07657e-002	0.	1.	
Dynamic:	0	

Frame:	349
1.	2.1923e-004	0.	0.	
-2.1923e-004	1.	0.	0.	
0.	0.	1.	0.	
-5.37439e-004	0.162472	0.	1.	
Dynamic:	0	

Frame:	350
1.	4.29477e-004	0.	0.	
-4.29477e-004	1.	0.	0.	
0.	0.	1.	0.	
-1.07331e-003	0.246799	0.	1.	
Dynamic:	0	

Frame:	351
1.	5.91433e-004	0.	0.	
-5.91433e-004	1.	0.	0.	
0.	0.	1.	0.	
-1.55076e-003	0.35418	0.	1.	
Dynamic:	0	

Frame:	352
1.	4.7264e-004	0.	0.	
-4.7264e-004	1.	0.	0.	
0.	0.	1.	0.	
-1.31725e-003	0.34816	0.	1.	
Dynamic:	0	

Frame:	353
1.	4.4937e-004	0.	0.	
-4.4937e-004	1.	0.	0.	
0.	0.	1.	0.	
-1.2629e-003	0.339434	0.	1.	
Dynamic:	0	

Frame:	354
1.	7.48208e-004	0.	0.	
-7.48208e-004	1.	0.	0.	
0.	0.	1.	0.	
-1.60775e-003	0.337127	0.	1.	
Dynamic:	0	

Frame:	355
1.	4.97066e-004	0.	0.	
-4.97066e-004	1.	0.	0.	
0.	0.	1.	0.	
-1.39587e-003	0.336633	0.	1.	
Dynamic:	0	

Frame:	356
1.	4.67603e-004	0.	0.	
-4.67603e-004	1.	0.	0.	
0.	0.	1.	0.	
-1.40334e-003	0.342363	0.	1.	
Dynamic:	0	

Frame:	357
1.	4.7157e-004	0.	0.	
-4.7157e-004	1.	0.	0.	
0.	0.	1.	0.	
-1.45433e-003	0.353945	0.	1.	
Dynamic:	0	

Frame:	358
1.	4.74652e-004	0.	0.	
-4.74652e-004	1.	0.	0.	
0.	0.	1.	0.	
-1.50961e-003	0.365525	0.	1.	
Dynamic:	0	

Frame:	359
1.	6.55246e-004	0.	0.	
-6.55246e-004	1.	0.	0.	
0.	0.	1.	0.	
-1.44693e-003	0.371657	0.	1.	
Dynamic:	0	

Frame:	360
1.	5.13185e-004	0.	0.	
-5.13185e-004	1.	0.	0.	
0.	0.	1.	0.	
-1.57291e-003	0.371377	0.	1.	
Dynamic:	0	

Frame:	361
1.	4.99422e-004	0.	0.	
-4.99422e-004	1.	0.	0.	
0.	0.	1.	0.	
-1.59021e-003	0.371349	0.	1.	
Dynamic:	0	

Frame:	362
1.	4.86028e-004	0.	0.	
-4.86028e-004	1.	0.	0.	
0.	0.	1.	0.	
-1.61201e-003	0.371323	0.	1.	
Dynamic:	0	

Frame:	363
1.	4.72993e-004	0.	0.	
-4.72993e-004	1.	0.	0.	
0.	0.	1.	0.	
-1.63806e-003	0.371297	0.	1.	
Dynamic:	0	

Frame:	364
1.	5.22017e-004	0.	0.	
-5.22017e-004	1.	0.	0.	
0.	0.	1.	0.	
-1.52195e-003	0.371394	0.	1.	
Dynamic:	0	

Frame:	365
1.	5.07937e-004	0.	0.	
-5.07937e-004	1.	0.	0.	
0.	0.	1.	0.	
-1.56051e-003	0.371366	0.	1.	
Dynamic:	0	

Frame:	366
1.	4.94236e-004	0.	0.	
-4.94236e-004	1.	0.	0.	
0.	0.	1.	0.	
-1.60311e-003	0.371339	0.	1.	
Dynamic:	0	

Frame:	367
1.	4.80905e-004	0.	0.	
-4.80905e-004	1.	0.	0.	
0.	0.	1.	0.	
-1.64949e-003	0.371313	0.	1.	
Dynamic:	0	

Frame:	368
1.	5.30238e-004	0.	0.	
-5.30238e-004	1.	0.	0.	
0.	0.	1.	0.	
-1.45957e-003	0.371411	0.	1.	
Dynamic:	0	

Frame:	369
1.	5.15854e-004	0.	0.	
-5.15854e-004	1.	0.	0.	
0.	0.	1.	0.	
-1.52027e-003	0.371382	0.	1.	
Dynamic:	0	

Frame:	370
1.	5.0186e-004	0.	0.	
-5.0186e-004	1.	0.	0.	
0.	0.	1.	0.	
-1.58451e-003	0.371354	0.	1.	
Dynamic:	0	

Frame:	371
1.	4.88246e-004	0.	0.	
-4.88246e-004	1.	0.	0.	
0.	0.	1.	0.	
-1.65205e-003	0.371327	0.	1.	
Dynamic:	0	

Frame:	372
1.	4.75001e-004	0.	0.	
-4.75001e-004	1.	0.	0.	
0.	0.	1.	0.	
-1.72267e-003	0.3713	0.	1.	
Dynamic:	0	

Frame:	373
1.	5.24937e-004	0.	0.	
-5.24937e-004	1.	0.	0.	
0.	0.	1.	0.	
-1.43795e-003	0.371401	0.	1.	
Dynamic:	0	

Frame:	374
1.	5.10614e-004	0.	0.	
-5.10614e-004	1.	0.	0.	
0.	0.	1.	0.	
-1.52491e-003	0.371372	0.	1.	
Dynamic:	0	

Frame:	375
1.	4.96683e-004	0.	0.	
-4.96683e-004	1.	0.	0.	
0.	0.	1.	0.	
-1.61466e-003	0.371344	0.	1.	
Dynamic:	0	

Frame:	376
1.	4.83132e-004	0.	0.	
-4.83132e-004	1.	0.	0.	
0.	0.	1.	0.	
-1.70698e-003	0.371316	0.	1.	
Dynamic:	0	

Frame:	377
1.	4.72746e-004	0.	0.	
-4.72746e-004	1.	0.	0.	
0.	0.	1.	0.	
-1.78158e-003	0.371295	0.	1.	
Dynamic:	0	

Frame:	378
1.	5.20403e-004	0.	0.	
-5.20403e-004	1.	0.	0.	
0.	0.	1.	0.	
-1.42162e-003	0.371392	0.	1.	
Dynamic:	0	

Frame:	379
1.	5.06123e-004	0.	0.	
-5.06123e-004	1.	0.	0.	
0.	0.	1.	0.	
-1.53477e-003	0.371363	0.	1.	
Dynamic:	0	

Frame:	380
1.	4.92235e-004	0.	0.	
-4.92235e-004	1.	0.	0.	
0.	0.	1.	0.	
-1.64995e-003	0.371335	0.	1.	
Dynamic:	0	

Frame:	381
1.	4.81054e-004	0.	0.	
-4.81054e-004	1.	0.	0.	
0.	0.	1.	0.	
-1.74683e-003	0.371312	0.	1.	
Dynamic:	0	

Frame:	382
1.	5.29473e-004	0.	0.	
-5.29473e-004	1.	0.	0.	
0.	0.	1.	0.	
-1.30938e-003	0.371412	0.	1.	
Dynamic:	0	

Frame:	383
1.	5.14861e-004	0.	0.	
-5.14861e-004	1.	0.	0.	
0.	0.	1.	0.	
-1.44681e-003	0.371381	0.	1.	
Dynamic:	0	

Frame:	384
1.	5.00652e-004	0.	0.	
-5.00652e-004	1.	0.	0.	
0.	0.	1.	0.	
-1.5857e-003	0.371352	0.	1.	
Dynamic:	0	

Frame:	385
1.	4.86836e-004	0.	0.	
-4.86836e-004	1.	0.	0.	
0.	0.	1.	0.	
-1.72588e-003	0.371323	0.	1.	
Dynamic:	0	

Frame:	386
1.	4.76797e-004	0.	0.	
-4.76797e-004	1.	0.	0.	
0.	0.	1.	0.	
-1.83144e-003	0.371302	0.	1.	
Dynamic:	0	

Frame:	387
1.	5.24712e-004	0.	0.	
-5.24712e-004	1.	0.	0.	
0.	0.	1.	0.	
-1.30983e-003	0.371402	0.	1.	
Dynamic:	0	

Frame:	388
1.	5.10149e-004	0.	0.	
-5.10149e-004	1.	0.	0.	
0.	0.	1.	0.	
-1.47376e-003	0.371372	0.	1.	
Dynamic:	0	

Frame:	389
1.	4.95989e-004	0.	0.	
-4.95989e-004	1.	0.	0.	
0.	0.	1.	0.	
-1.63839e-003	0.371342	0.	1.	
Dynamic:	0	

Frame:	390
1.	4.85169e-004	0.	0.	
-4.85169e-004	1.	0.	0.	
0.	0.	1.	0.	
-1.7682e-003	0.371319	0.	1.	
Dynamic:	0	

Frame:	391
1.	4.73165e-004	0.	0.	
-4.73165e-004	1.	0.	0.	
0.	0.	1.	0.	
-1.91666e-003	0.371293	0.	1.	
Dynamic:	0	

Frame:	392
1.	5.2064e-004	0.	0.	
-5.2064e-004	1.	0.	0.	
0.	0.	1.	0.	
-1.31195e-003	0.371395	0.	1.	
Dynamic:	0	

Frame:	393
1.	5.06106e-004	0.	0.	
-5.06106e-004	1.	0.	0.	
0.	0.	1.	0.	
-1.50245e-003	0.371364	0.	1.	
Dynamic:	0	

Frame:	394
1.	4.91978e-004	0.	0.	
-4.91978e-004	1.	0.	0.	
0.	0.	1.	0.	
-1.69287e-003	0.371333	0.	1.	
Dynamic:	0	

Frame:	395
1.	4.82102e-004	0.	0.	
-4.82102e-004	1.	0.	0.	
0.	0.	1.	0.	
-1.82964e-003	0.371312	0.	1.	
Dynamic:	0	

Frame:	396
1.	5.30396e-004	0.	0.	
-5.30396e-004	1.	0.	0.	
0.	0.	1.	0.	
-1.14296e-003	0.371417	0.	1.	
Dynamic:	0	

Frame:	397
1.	5.15505e-004	0.	0.	
-5.15505e-004	1.	0.	0.	
0.	0.	1.	0.	
-1.36021e-003	0.371384	0.	1.	
Dynamic:	0	

Frame:	398
1.	5.01032e-004	0.	0.	
-5.01032e-004	1.	0.	0.	
0.	0.	1.	0.	
-1.57671e-003	0.371353	0.	1.	
Dynamic:	0	

Frame:	399
1.	4.90389e-004	0.	0.	
-4.90389e-004	1.	0.	0.	
0.	0.	1.	0.	
-1.73986e-003	0.371329	0.	1.	
Dynamic:	0	

Frame:	400
1.	4.78117e-004	0.	0.	
-4.78117e-004	1.	0.	0.	
0.	0.	1.	0.	
-1.93253e-003	0.371302	0.	1.	
Dynamic:	0	

Frame:	401
1.	5.25934e-004	0.	0.	
-5.25934e-004	1.	0.	0.	
0.	0.	1.	0.	
-1.16411e-003	0.371408	0.	1.	
Dynamic:	0	

Frame:	402
1.	5.11084e-004	0.	0.	
-5.11084e-004	1.	0.	0.	
0.	0.	1.	0.	
-1.40825e-003	0.371375	0.	1.	
Dynamic:	0	

Frame:	403
1.	4.96653e-004	0.	0.	
-4.96653e-004	1.	0.	0.	
0.	0.	1.	0.	
-1.65084e-003	0.371343	0.	1.	
Dynamic:	0	

Frame:	404
1.	4.87007e-004	0.	0.	
-4.87007e-004	1.	0.	0.	
0.	0.	1.	0.	
-1.81657e-003	0.371321	0.	1.	
Dynamic:	0	

Frame:	405
1.	5.35635e-004	0.	0.	
-5.35635e-004	1.	0.	0.	
0.	0.	1.	0.	
-9.6311e-004	0.371431	0.	1.	
Dynamic:	0	

Frame:	406
1.	5.20424e-004	0.	0.	
-5.20424e-004	1.	0.	0.	
0.	0.	1.	0.	
-1.23571e-003	0.371396	0.	1.	
Dynamic:	0	

Frame:	407
1.	5.05644e-004	0.	0.	
-5.05644e-004	1.	0.	0.	
0.	0.	1.	0.	
-1.50604e-003	0.371363	0.	1.	
Dynamic:	0	

Frame:	408
1.	4.95239e-004	0.	0.	
-4.95239e-004	1.	0.	0.	
0.	0.	1.	0.	
-1.70023e-003	0.371339	0.	1.	
Dynamic:	0	

Frame:	409
1.	4.82702e-004	0.	0.	
-4.82702e-004	1.	0.	0.	
0.	0.	1.	0.	
-1.93882e-003	0.37131	0.	1.	
Dynamic:	0	

Frame:	410
1.	5.30821e-004	0.	0.	
-5.30821e-004	1.	0.	0.	
0.	0.	1.	0.	
-1.00522e-003	0.371421	0.	1.	
Dynamic:	0	

Frame:	411
1.	5.1566e-004	0.	0.	
-5.1566e-004	1.	0.	0.	
0.	0.	1.	0.	
-1.30498e-003	0.371386	0.	1.	
Dynamic:	0	

Frame:	412
1.	5.00932e-004	0.	0.	
-5.00932e-004	1.	0.	0.	
0.	0.	1.	0.	
-1.60163e-003	0.371352	0.	1.	
Dynamic:	0	

Frame:	413
1.	4.91579e-004	0.	0.	
-4.91579e-004	1.	0.	0.	
0.	0.	1.	0.	
-1.7935e-003	0.37133	0.	1.	
Dynamic:	0	

Frame:	414
1.	5.40502e-004	0.	0.	
-5.40502e-004	1.	0.	0.	
0.	0.	1.	0.	
-7.71856e-004	0.371445	0.	1.	
Dynamic:	0	

Frame:	415
1.	5.24976e-004	0.	0.	
-5.24976e-004	1.	0.	0.	
0.	0.	1.	0.	
-1.10182e-003	0.371408	0.	1.	
Dynamic:	0	

Frame:	416
1.	5.09896e-004	0.	0.	
-5.09896e-004	1.	0.	0.	
0.	0.	1.	0.	
-1.42789e-003	0.371372	0.	1.	
Dynamic:	0	

Frame:	417
1.	4.99767e-004	0.	0.	
-4.99767e-004	1.	0.	0.	
0.	0.	1.	0.	
-1.65067e-003	0.371348	0.	1.	
Dynamic:	0	

Frame:	418
1.	4.8697e-004	0.	0.	
-4.8697e-004	1.	0.	0.	
0.	0.	1.	0.	
-1.93685e-003	0.371317	0.	1.	
Dynamic:	0	

Frame:	419
1.	5.35354e-004	0.	0.	
-5.35354e-004	1.	0.	0.	
0.	0.	1.	0.	
-8.36919e-004	0.371434	0.	1.	
Dynamic:	0	

Frame:	420
1.	5.19888e-004	0.	0.	
-5.19888e-004	1.	0.	0.	
0.	0.	1.	0.	
-1.19424e-003	0.371397	0.	1.	
Dynamic:	0	

Frame:	421
1.	5.04868e-004	0.	0.	
-5.04868e-004	1.	0.	0.	
0.	0.	1.	0.	
-1.5468e-003	0.37136	0.	1.	
Dynamic:	0	

Frame:	422
1.	4.95849e-004	0.	0.	
-4.95849e-004	1.	0.	0.	
0.	0.	1.	0.	
-1.76184e-003	0.371338	0.	1.	
Dynamic:	0	

Frame:	423
1.	5.45033e-004	0.	0.	
-5.45033e-004	1.	0.	0.	
0.	0.	1.	0.	
-5.70917e-004	0.37146	0.	1.	
Dynamic:	0	

Frame:	424
1.	5.29197e-004	0.	0.	
-5.29197e-004	1.	0.	0.	
0.	0.	1.	0.	
-9.60228e-004	0.37142	0.	1.	
Dynamic:	0	

Frame:	425
1.	5.13821e-004	0.	0.	
-5.13821e-004	1.	0.	0.	
0.	0.	1.	0.	
-1.34392e-003	0.371382	0.	1.	
Dynamic:	0	

Frame:	426
1.	5.04026e-004	0.	0.	
-5.04026e-004	1.	0.	0.	
0.	0.	1.	0.	
-1.59198e-003	0.371357	0.	1.	
Dynamic:	0	

Frame:	427
1.	4.90972e-004	0.	0.	
-4.90972e-004	1.	0.	0.	
0.	0.	1.	0.	
-1.9274e-003	0.371324	0.	1.	
Dynamic:	0	

Frame:	428
1.	5.3959e-004	0.	0.	
-5.3959e-004	1.	0.	0.	
0.	0.	1.	0.	
-6.602e-004	0.371448	0.	1.	
Dynamic:	0	

Frame:	429
1.	5.23822e-004	0.	0.	
-5.23822e-004	1.	0.	0.	
0.	0.	1.	0.	
-1.07701e-003	0.371407	0.	1.	
Dynamic:	0	

Frame:	430
1.	5.13115e-004	0.	0.	
-5.13115e-004	1.	0.	0.	
0.	0.	1.	0.	
-1.364e-003	0.37138	0.	1.	
Dynamic:	0	

Frame:	431
1.	4.99749e-004	0.	0.	
-4.99749e-004	1.	0.	0.	
0.	0.	1.	0.	
-1.72721e-003	0.371345	0.	1.	
Dynamic:	0	

Frame:	432
1.	5.49152e-004	0.	0.	
-5.49152e-004	1.	0.	0.	
0.	0.	1.	0.	
-3.6643e-004	0.371474	0.	1.	
Dynamic:	0	

Frame:	433
1.	5.33013e-004	0.	0.	
-5.33013e-004	1.	0.	0.	
0.	0.	1.	0.	
-8.16943e-004	0.371432	0.	1.	
Dynamic:	0	

Frame:	434
1.	5.17348e-004	0.	0.	
-5.17348e-004	1.	0.	0.	
0.	0.	1.	0.	
-1.26001e-003	0.37139	0.	1.	
Dynamic:	0	

Frame:	435
1.	5.07912e-004	0.	0.	
-5.07912e-004	1.	0.	0.	
0.	0.	1.	0.	
-1.53042e-003	0.371365	0.	1.	
Dynamic:	0	

Frame:	436
1.	5.58035e-004	0.	0.	
-5.58035e-004	1.	0.	0.	
0.	0.	1.	0.	
-7.55965e-005	0.371499	0.	1.	
Dynamic:	0	

Frame:	437
1.	5.41542e-004	0.	0.	
-5.41542e-004	1.	0.	0.	
0.	0.	1.	0.	
-5.6043e-004	0.371455	0.	1.	
Dynamic:	0	

Frame:	438
1.	5.25535e-004	0.	0.	
-5.25535e-004	1.	0.	0.	
0.	0.	1.	0.	
-1.03686e-003	0.371411	0.	1.	
Dynamic:	0	

Frame:	439
1.	5.15456e-004	0.	0.	
-5.15456e-004	1.	0.	0.	
0.	0.	1.	0.	
-1.34059e-003	0.371384	0.	1.	
Dynamic:	0	

Frame:	440
1.	5.01875e-004	0.	0.	
-5.01875e-004	1.	0.	0.	
0.	0.	1.	0.	
-1.75487e-003	0.371347	0.	1.	
Dynamic:	0	

Frame:	441
1.	5.51318e-004	0.	0.	
-5.51318e-004	1.	0.	0.	
0.	0.	1.	0.	
-2.28349e-004	0.371483	0.	1.	
Dynamic:	0	

Frame:	442
1.	5.34929e-004	0.	0.	
-5.34929e-004	1.	0.	0.	
0.	0.	1.	0.	
-7.40405e-004	0.371438	0.	1.	
Dynamic:	0	

Frame:	443
1.	5.19027e-004	0.	0.	
-5.19027e-004	1.	0.	0.	
0.	0.	1.	0.	
-1.24312e-003	0.371393	0.	1.	
Dynamic:	0	

Frame:	444
1.	5.10234e-004	0.	0.	
-5.10234e-004	1.	0.	0.	
0.	0.	1.	0.	
-1.52436e-003	0.371369	0.	1.	
Dynamic:	0	

Frame:	445
1.	5.60413e-004	0.	0.	
-5.60413e-004	1.	0.	0.	
0.	0.	1.	0.	
9.91333e-005	0.37151	0.	1.	
Dynamic:	0	

Frame:	446
1.	5.43659e-004	0.	0.	
-5.43659e-004	1.	0.	0.	
0.	0.	1.	0.	
-4.49139e-004	0.371463	0.	1.	
Dynamic:	0	

Frame:	447
1.	5.27405e-004	0.	0.	
-5.27405e-004	1.	0.	0.	
0.	0.	1.	0.	
-9.87033e-004	0.371416	0.	1.	
Dynamic:	0	

Frame:	448
1.	5.17924e-004	0.	0.	
-5.17924e-004	1.	0.	0.	
0.	0.	1.	0.	
-1.30432e-003	0.371389	0.	1.	
Dynamic:	0	

Frame:	449
1.	5.6877e-004	0.	0.	
-5.6877e-004	1.	0.	0.	
0.	0.	1.	0.	
4.15997e-004	0.371536	0.	1.	
Dynamic:	0	

Frame:	450
1.	5.51668e-004	0.	0.	
-5.51668e-004	1.	0.	0.	
0.	0.	1.	0.	
-1.68936e-004	0.371486	0.	1.	
Dynamic:	0	

Frame:	451
1.	5.35081e-004	0.	0.	
-5.35081e-004	1.	0.	0.	
0.	0.	1.	0.	
-7.42418e-004	0.371438	0.	1.	
Dynamic:	0	

Frame:	452
1.	5.24968e-004	0.	0.	
-5.24968e-004	1.	0.	0.	
0.	0.	1.	0.	
-1.0958e-003	0.371408	0.	1.	
Dynamic:	0	

Frame:	453
1.	5.76414e-004	0.	0.	
-5.76414e-004	1.	0.	0.	
0.	0.	1.	0.	
7.20939e-004	0.371561	0.	1.	
Dynamic:	0	

Frame:	454
1.	5.58984e-004	0.	0.	
-5.58984e-004	1.	0.	0.	
0.	0.	1.	0.	
9.897e-005	0.371509	0.	1.	
Dynamic:	0	

Frame:	455
1.	5.42081e-004	0.	0.	
-5.42081e-004	1.	0.	0.	
0.	0.	1.	0.	
-5.10443e-004	0.371458	0.	1.	
Dynamic:	0	

Frame:	456
1.	5.31453e-004	0.	0.	
-5.31453e-004	1.	0.	0.	
0.	0.	1.	0.	
-8.97522e-004	0.371425	0.	1.	
Dynamic:	0	

Frame:	457
1.	5.17128e-004	0.	0.	
-5.17128e-004	1.	0.	0.	
0.	0.	1.	0.	
-1.4246e-003	0.371382	0.	1.	
Dynamic:	0	

Frame:	458
1.	5.67716e-004	0.	0.	
-5.67716e-004	1.	0.	0.	
0.	0.	1.	0.	
4.55377e-004	0.371537	0.	1.	
Dynamic:	0	

Frame:	459
1.	5.50451e-004	0.	0.	
-5.50451e-004	1.	0.	0.	
0.	0.	1.	0.	
-1.9263e-004	0.371484	0.	1.	
Dynamic:	0	

Frame:	460
1.	5.3371e-004	0.	0.	
-5.3371e-004	1.	0.	0.	
0.	0.	1.	0.	
-8.27121e-004	0.371432	0.	1.	
Dynamic:	0	

Frame:	461
1.	5.24646e-004	0.	0.	
-5.24646e-004	1.	0.	0.	
0.	0.	1.	0.	
-1.17404e-003	0.371403	0.	1.	
Dynamic:	0	

Frame:	462
1.	5.75877e-004	0.	0.	
-5.75877e-004	1.	0.	0.	
0.	0.	1.	0.	
8.05627e-004	0.371565	0.	1.	
Dynamic:	0	

Frame:	463
1.	5.58264e-004	0.	0.	
-5.58264e-004	1.	0.	0.	
0.	0.	1.	0.	
1.185e-004	0.371509	0.	1.	
Dynamic:	0	

Frame:	464
1.	5.41189e-004	0.	0.	
-5.41189e-004	1.	0.	0.	
0.	0.	1.	0.	
-5.53924e-004	0.371454	0.	1.	
Dynamic:	0	

Frame:	465
1.	5.31509e-004	0.	0.	
-5.31509e-004	1.	0.	0.	
0.	0.	1.	0.	
-9.38695e-004	0.371423	0.	1.	
Dynamic:	0	

Frame:	466
1.	5.83317e-004	0.	0.	
-5.83317e-004	1.	0.	0.	
0.	0.	1.	0.	
1.13985e-003	0.371592	0.	1.	
Dynamic:	0	

Frame:	467
1.	5.65374e-004	0.	0.	
-5.65374e-004	1.	0.	0.	
0.	0.	1.	0.	
4.13336e-004	0.371533	0.	1.	
Dynamic:	0	

Frame:	468
1.	5.47983e-004	0.	0.	
-5.47983e-004	1.	0.	0.	
0.	0.	1.	0.	
-2.97255e-004	0.371475	0.	1.	
Dynamic:	0	

Frame:	469
1.	5.37805e-004	0.	0.	
-5.37805e-004	1.	0.	0.	
0.	0.	1.	0.	
-7.16895e-004	0.371442	0.	1.	
Dynamic:	0	

Frame:	470
1.	5.90131e-004	0.	0.	
-5.90131e-004	1.	0.	0.	
0.	0.	1.	0.	
1.45982e-003	0.371617	0.	1.	
Dynamic:	0	

Frame:	471
1.	5.71875e-004	0.	0.	
-5.71875e-004	1.	0.	0.	
0.	0.	1.	0.	
6.93641e-004	0.371555	0.	1.	
Dynamic:	0	

Frame:	472
1.	5.54184e-004	0.	0.	
-5.54184e-004	1.	0.	0.	
0.	0.	1.	0.	
-5.53773e-005	0.371495	0.	1.	
Dynamic:	0	

Frame:	473
1.	5.43591e-004	0.	0.	
-5.43591e-004	1.	0.	0.	
0.	0.	1.	0.	
-5.07781e-004	0.371459	0.	1.	
Dynamic:	0	

Frame:	474
1.	5.96383e-004	0.	0.	
-5.96383e-004	1.	0.	0.	
0.	0.	1.	0.	
1.76638e-003	0.371641	0.	1.	
Dynamic:	0	

Frame:	475
1.	5.77828e-004	0.	0.	
-5.77828e-004	1.	0.	0.	
0.	0.	1.	0.	
9.6024e-004	0.371576	0.	1.	
Dynamic:	0	

Frame:	476
1.	5.59851e-004	0.	0.	
-5.59851e-004	1.	0.	0.	
0.	0.	1.	0.	
1.72535e-004	0.371514	0.	1.	
Dynamic:	0	

Frame:	477
1.	5.48899e-004	0.	0.	
-5.48899e-004	1.	0.	0.	
0.	0.	1.	0.	
-3.11383e-004	0.371475	0.	1.	
Dynamic:	0	

Frame:	478
1.	6.02109e-004	0.	0.	
-6.02109e-004	1.	0.	0.	
0.	0.	1.	0.	
2.0594e-003	0.371663	0.	1.	
Dynamic:	0	

Frame:	479
1.	5.83269e-004	0.	0.	
-5.83269e-004	1.	0.	0.	
0.	0.	1.	0.	
1.21303e-003	0.371596	0.	1.	
Dynamic:	0	

Frame:	480
1.	5.65019e-004	0.	0.	
-5.65019e-004	1.	0.	0.	
0.	0.	1.	0.	
3.86407e-004	0.371531	0.	1.	
Dynamic:	0	

Frame:	481
1.	5.4734e-004	0.	0.	
-5.4734e-004	1.	0.	0.	
0.	0.	1.	0.	
-4.20889e-004	0.371467	0.	1.	
Dynamic:	0	

Frame:	482
1.	6.07538e-004	0.	0.	
-6.07538e-004	1.	0.	0.	
0.	0.	1.	0.	
2.35023e-003	0.371686	0.	1.	
Dynamic:	0	

Frame:	483
1.	5.88421e-004	0.	0.	
-5.88421e-004	1.	0.	0.	
0.	0.	1.	0.	
1.46312e-003	0.371616	0.	1.	
Dynamic:	0	

Frame:	484
1.	5.69905e-004	0.	0.	
-5.69905e-004	1.	0.	0.	
0.	0.	1.	0.	
5.97083e-004	0.371548	0.	1.	
Dynamic:	0	

Frame:	485
1.	5.51971e-004	0.	0.	
-5.51971e-004	1.	0.	0.	
0.	0.	1.	0.	
-2.48329e-004	0.371481	0.	1.	
Dynamic:	0	

Frame:	486
1.	5.4293e-004	0.	0.	
-5.4293e-004	1.	0.	0.	
0.	0.	1.	0.	
-6.77885e-004	0.371447	0.	1.	
Dynamic:	0	

Frame:	487
1.	5.95365e-004	0.	0.	
-5.95365e-004	1.	0.	0.	
0.	0.	1.	0.	
1.83273e-003	0.371645	0.	1.	
Dynamic:	0	

Frame:	488
1.	5.76524e-004	0.	0.	
-5.76524e-004	1.	0.	0.	
0.	0.	1.	0.	
9.23645e-004	0.371573	0.	1.	
Dynamic:	0	

Frame:	489
1.	5.58279e-004	0.	0.	
-5.58279e-004	1.	0.	0.	
0.	0.	1.	0.	
3.6592e-005	0.371503	0.	1.	
Dynamic:	0	

Frame:	490
1.	5.48751e-004	0.	0.	
-5.48751e-004	1.	0.	0.	
0.	0.	1.	0.	
-4.30158e-004	0.371467	0.	1.	
Dynamic:	0	

Frame:	491
1.	6.01648e-004	0.	0.	
-6.01648e-004	1.	0.	0.	
0.	0.	1.	0.	
2.18074e-003	0.371672	0.	1.	
Dynamic:	0	

Frame:	492
1.	5.825e-004	0.	0.	
-5.825e-004	1.	0.	0.	
0.	0.	1.	0.	
1.22856e-003	0.371597	0.	1.	
Dynamic:	0	

Frame:	493
1.	5.63962e-004	0.	0.	
-5.63962e-004	1.	0.	0.	
0.	0.	1.	0.	
2.99828e-004	0.371524	0.	1.	
Dynamic:	0	

Frame:	494
1.	5.54076e-004	0.	0.	
-5.54076e-004	1.	0.	0.	
0.	0.	1.	0.	
-1.99051e-004	0.371485	0.	1.	
Dynamic:	0	

Frame:	495
1.	6.07384e-004	0.	0.	
-6.07384e-004	1.	0.	0.	
0.	0.	1.	0.	
2.5109e-003	0.371698	0.	1.	
Dynamic:	0	

Frame:	496
1.	5.87944e-004	0.	0.	
-5.87944e-004	1.	0.	0.	
0.	0.	1.	0.	
1.51546e-003	0.37162	0.	1.	
Dynamic:	0	

Frame:	497
1.	5.69126e-004	0.	0.	
-5.69126e-004	1.	0.	0.	
0.	0.	1.	0.	
5.44939e-004	0.371543	0.	1.	
Dynamic:	0	

Frame:	498
1.	5.58937e-004	0.	0.	
-5.58937e-004	1.	0.	0.	
0.	0.	1.	0.	
1.56816e-005	0.371502	0.	1.	
Dynamic:	0	

Frame:	499
1.	6.1261e-004	0.	0.	
-6.1261e-004	1.	0.	0.	
0.	0.	1.	0.	
2.82344e-003	0.371722	0.	1.	
Dynamic:	0	

Frame:	500
1.	5.92891e-004	0.	0.	
-5.92891e-004	1.	0.	0.	
0.	0.	1.	0.	
1.78463e-003	0.371641	0.	1.	
Dynamic:	0	

Frame:	501
1.	5.73807e-004	0.	0.	
-5.73807e-004	1.	0.	0.	
0.	0.	1.	0.	
7.72199e-004	0.371561	0.	1.	
Dynamic:	0	

Frame:	502
1.	5.6336e-004	0.	0.	
-5.6336e-004	1.	0.	0.	
0.	0.	1.	0.	
2.14111e-004	0.371517	0.	1.	
Dynamic:	0	

Frame:	503
1.	6.17354e-004	0.	0.	
-6.17354e-004	1.	0.	0.	
0.	0.	1.	0.	
3.1184e-003	0.371746	0.	1.	
Dynamic:	0	

Frame:	504
1.	5.9737e-004	0.	0.	
-5.9737e-004	1.	0.	0.	
0.	0.	1.	0.	
2.0361e-003	0.37166	0.	1.	
Dynamic:	0	

Frame:	505
1.	5.78032e-004	0.	0.	
-5.78032e-004	1.	0.	0.	
0.	0.	1.	0.	
9.81687e-004	0.371578	0.	1.	
Dynamic:	0	

Frame:	506
1.	5.6741e-004	0.	0.	
-5.6741e-004	1.	0.	0.	
0.	0.	1.	0.	
3.98572e-004	0.371532	0.	1.	
Dynamic:	0	

Frame:	507
1.	6.21686e-004	0.	0.	
-6.21686e-004	1.	0.	0.	
0.	0.	1.	0.	
3.39817e-003	0.371768	0.	1.	
Dynamic:	0	

Frame:	508
1.	6.01448e-004	0.	0.	
-6.01448e-004	1.	0.	0.	
0.	0.	1.	0.	
2.27222e-003	0.371679	0.	1.	
Dynamic:	0	

Frame:	509
1.	5.81869e-004	0.	0.	
-5.81869e-004	1.	0.	0.	
0.	0.	1.	0.	
1.1757e-003	0.371593	0.	1.	
Dynamic:	0	

Frame:	510
1.	6.44356e-004	0.	0.	
-6.44356e-004	1.	0.	0.	
0.	0.	1.	0.	
4.69827e-003	0.37187	0.	1.	
Dynamic:	0	

Frame:	511
1.	6.23261e-004	0.	0.	
-6.23261e-004	1.	0.	0.	
0.	0.	1.	0.	
3.50131e-003	0.371776	0.	1.	
Dynamic:	0	

Frame:	512
1.	6.02857e-004	0.	0.	
-6.02857e-004	1.	0.	0.	
0.	0.	1.	0.	
2.33601e-003	0.371684	0.	1.	
Dynamic:	0	

Frame:	513
1.	5.8312e-004	0.	0.	
-5.8312e-004	1.	0.	0.	
0.	0.	1.	0.	
1.20157e-003	0.371594	0.	1.	
Dynamic:	0	

Frame:	514
1.	6.45937e-004	0.	0.	
-6.45937e-004	1.	0.	0.	
0.	0.	1.	0.	
4.8354e-003	0.371882	0.	1.	
Dynamic:	0	

Frame:	515
1.	6.2467e-004	0.	0.	
-6.2467e-004	1.	0.	0.	
0.	0.	1.	0.	
3.59734e-003	0.371784	0.	1.	
Dynamic:	0	

Frame:	516
1.	6.04104e-004	0.	0.	
-6.04104e-004	1.	0.	0.	
0.	0.	1.	0.	
2.39245e-003	0.371688	0.	1.	
Dynamic:	0	

Frame:	517
1.	5.84215e-004	0.	0.	
-5.84215e-004	1.	0.	0.	
0.	0.	1.	0.	
1.21989e-003	0.371595	0.	1.	
Dynamic:	0	

Frame:	518
1.	6.47517e-004	0.	0.	
-6.47517e-004	1.	0.	0.	
0.	0.	1.	0.	
4.9752e-003	0.371893	0.	1.	
Dynamic:	0	

Frame:	519
1.	6.26078e-004	0.	0.	
-6.26078e-004	1.	0.	0.	
0.	0.	1.	0.	
3.69547e-003	0.371792	0.	1.	
Dynamic:	0	

Frame:	520
1.	6.0535e-004	0.	0.	
-6.0535e-004	1.	0.	0.	
0.	0.	1.	0.	
2.45046e-003	0.371693	0.	1.	
Dynamic:	0	

Frame:	521
1.	5.85307e-004	0.	0.	
-5.85307e-004	1.	0.	0.	
0.	0.	1.	0.	
1.23929e-003	0.371596	0.	1.	
Dynamic:	0	

Frame:	522
1.	6.48925e-004	0.	0.	
-6.48925e-004	1.	0.	0.	
0.	0.	1.	0.	
5.10719e-003	0.371904	0.	1.	
Dynamic:	0	

Frame:	523
1.	6.27319e-004	0.	0.	
-6.27319e-004	1.	0.	0.	
0.	0.	1.	0.	
3.78558e-003	0.371799	0.	1.	
Dynamic:	0	

Frame:	524
1.	6.06432e-004	0.	0.	
-6.06432e-004	1.	0.	0.	
0.	0.	1.	0.	
2.50026e-003	0.371696	0.	1.	
Dynamic:	0	

Frame:	525
1.	5.8624e-004	0.	0.	
-5.8624e-004	1.	0.	0.	
0.	0.	1.	0.	
1.2503e-003	0.371597	0.	1.	
Dynamic:	0	

Frame:	526
1.	6.50301e-004	0.	0.	
-6.50301e-004	1.	0.	0.	
0.	0.	1.	0.	
5.23961e-003	0.371916	0.	1.	
Dynamic:	0	

Frame:	527
1.	6.28527e-004	0.	0.	
-6.28527e-004	1.	0.	0.	
0.	0.	1.	0.	
3.87562e-003	0.371806	0.	1.	
Dynamic:	0	

Frame:	528
1.	6.07482e-004	0.	0.	
-6.07482e-004	1.	0.	0.	
0.	0.	1.	0.	
2.54954e-003	0.3717	0.	1.	
Dynamic:	0	

Frame:	529
1.	5.87141e-004	0.	0.	
-5.87141e-004	1.	0.	0.	
0.	0.	1.	0.	
1.26037e-003	0.371597	0.	1.	
Dynamic:	0	

Frame:	530
1.	6.51573e-004	0.	0.	
-6.51573e-004	1.	0.	0.	
0.	0.	1.	0.	
5.36779e-003	0.371927	0.	1.	
Dynamic:	0	

Frame:	531
1.	6.29633e-004	0.	0.	
-6.29633e-004	1.	0.	0.	
0.	0.	1.	0.	
3.9611e-003	0.371814	0.	1.	
Dynamic:	0	

Frame:	532
1.	6.08432e-004	0.	0.	
-6.08432e-004	1.	0.	0.	
0.	0.	1.	0.	
2.59395e-003	0.371703	0.	1.	
Dynamic:	0	

Frame:	533
1.	5.87946e-004	0.	0.	
-5.87946e-004	1.	0.	0.	
0.	0.	1.	0.	
1.26529e-003	0.371596	0.	1.	
Dynamic:	0	

Frame:	534
1.	6.52788e-004	0.	0.	
-6.52788e-004	1.	0.	0.	
0.	0.	1.	0.	
5.49447e-003	0.371938	0.	1.	
Dynamic:	0	

Frame:	535
1.	6.30684e-004	0.	0.	
-6.30684e-004	1.	0.	0.	
0.	0.	1.	0.	
4.04465e-003	0.371821	0.	1.	
Dynamic:	0	

Frame:	536
1.	6.09328e-004	0.	0.	
-6.09328e-004	1.	0.	0.	
0.	0.	1.	0.	
2.63604e-003	0.371706	0.	1.	
Dynamic:	0	

Frame:	537
1.	6.7393e-004	0.	0.	
-6.7393e-004	1.	0.	0.	
0.	0.	1.	0.	
6.92094e-003	0.372054	0.	1.	
Dynamic:	0	

Frame:	538
1.	6.50982e-004	0.	0.	
-6.50982e-004	1.	0.	0.	
0.	0.	1.	0.	
5.39039e-003	0.37193	0.	1.	
Dynamic:	0	

Frame:	539
1.	6.28815e-004	0.	0.	
-6.28815e-004	1.	0.	0.	
0.	0.	1.	0.	
3.9038e-003	0.371809	0.	1.	
Dynamic:	0	

Frame:	540
1.	6.07404e-004	0.	0.	
-6.07404e-004	1.	0.	0.	
0.	0.	1.	0.	
2.45994e-003	0.371691	0.	1.	
Dynamic:	0	

Frame:	541
1.	6.72454e-004	0.	0.	
-6.72454e-004	1.	0.	0.	
0.	0.	1.	0.	
6.87046e-003	0.372051	0.	1.	
Dynamic:	0	

Frame:	542
1.	6.49428e-004	0.	0.	
-6.49428e-004	1.	0.	0.	
0.	0.	1.	0.	
5.30078e-003	0.371923	0.	1.	
Dynamic:	0	

Frame:	543
1.	6.27191e-004	0.	0.	
-6.27191e-004	1.	0.	0.	
0.	0.	1.	0.	
3.77666e-003	0.371798	0.	1.	
Dynamic:	0	

Frame:	544
1.	6.05715e-004	0.	0.	
-6.05715e-004	1.	0.	0.	
0.	0.	1.	0.	
2.29682e-003	0.371677	0.	1.	
Dynamic:	0	

Frame:	545
1.	6.71227e-004	0.	0.	
-6.71227e-004	1.	0.	0.	
0.	0.	1.	0.	
6.83521e-003	0.37205	0.	1.	
Dynamic:	0	

Frame:	546
1.	6.48115e-004	0.	0.	
-6.48115e-004	1.	0.	0.	
0.	0.	1.	0.	
5.22558e-003	0.371917	0.	1.	
Dynamic:	0	

Frame:	547
1.	6.25798e-004	0.	0.	
-6.25798e-004	1.	0.	0.	
0.	0.	1.	0.	
3.66316e-003	0.371788	0.	1.	
Dynamic:	0	

Frame:	548
1.	6.92516e-004	0.	0.	
-6.92516e-004	1.	0.	0.	
0.	0.	1.	0.	
8.3587e-003	0.372176	0.	1.	
Dynamic:	0	

Frame:	549
1.	6.67113e-004	0.	0.	
-6.67113e-004	1.	0.	0.	
0.	0.	1.	0.	
6.56155e-003	0.372027	0.	1.	
Dynamic:	0	

Frame:	550
1.	6.44014e-004	0.	0.	
-6.44014e-004	1.	0.	0.	
0.	0.	1.	0.	
4.91883e-003	0.371891	0.	1.	
Dynamic:	0	

Frame:	551
1.	6.21714e-004	0.	0.	
-6.21714e-004	1.	0.	0.	
0.	0.	1.	0.	
3.32477e-003	0.371759	0.	1.	
Dynamic:	0	

Frame:	552
1.	6.87524e-004	0.	0.	
-6.87524e-004	1.	0.	0.	
0.	0.	1.	0.	
8.05331e-003	0.372152	0.	1.	
Dynamic:	0	

Frame:	553
1.	6.63585e-004	0.	0.	
-6.63585e-004	1.	0.	0.	
0.	0.	1.	0.	
6.32445e-003	0.372008	0.	1.	
Dynamic:	0	

Frame:	554
1.	6.4048e-004	0.	0.	
-6.4048e-004	1.	0.	0.	
0.	0.	1.	0.	
4.64727e-003	0.371868	0.	1.	
Dynamic:	0	

Frame:	555
1.	6.18179e-004	0.	0.	
-6.18179e-004	1.	0.	0.	
0.	0.	1.	0.	
3.02029e-003	0.371732	0.	1.	
Dynamic:	0	

Frame:	556
1.	6.8437e-004	0.	0.	
-6.8437e-004	1.	0.	0.	
0.	0.	1.	0.	
7.87366e-003	0.372139	0.	1.	
Dynamic:	0	

Frame:	557
1.	6.60408e-004	0.	0.	
-6.60408e-004	1.	0.	0.	
0.	0.	1.	0.	
6.10787e-003	0.371991	0.	1.	
Dynamic:	0	

Frame:	558
1.	6.37285e-004	0.	0.	
-6.37285e-004	1.	0.	0.	
0.	0.	1.	0.	
4.39539e-003	0.371846	0.	1.	
Dynamic:	0	

Frame:	559
1.	6.14971e-004	0.	0.	
-6.14971e-004	1.	0.	0.	
0.	0.	1.	0.	
2.73466e-003	0.371706	0.	1.	
Dynamic:	0	

Frame:	560
1.	6.81754e-004	0.	0.	
-6.81754e-004	1.	0.	0.	
0.	0.	1.	0.	
7.7297e-003	0.372128	0.	1.	
Dynamic:	0	

Frame:	561
1.	6.57751e-004	0.	0.	
-6.57751e-004	1.	0.	0.	
0.	0.	1.	0.	
5.92554e-003	0.371976	0.	1.	
Dynamic:	0	

Frame:	562
1.	6.34593e-004	0.	0.	
-6.34593e-004	1.	0.	0.	
0.	0.	1.	0.	
4.17639e-003	0.371827	0.	1.	
Dynamic:	0	

Frame:	563
1.	7.00998e-004	0.	0.	
-7.00998e-004	1.	0.	0.	
0.	0.	1.	0.	
9.2164e-003	0.372256	0.	1.	
Dynamic:	0	

Frame:	564
1.	6.7618e-004	0.	0.	
-6.7618e-004	1.	0.	0.	
0.	0.	1.	0.	
7.32363e-003	0.372095	0.	1.	
Dynamic:	0	

Frame:	565
1.	6.5224e-004	0.	0.	
-6.5224e-004	1.	0.	0.	
0.	0.	1.	0.	
5.48907e-003	0.371938	0.	1.	
Dynamic:	0	

Frame:	566
1.	6.29148e-004	0.	0.	
-6.29148e-004	1.	0.	0.	
0.	0.	1.	0.	
3.71096e-003	0.371786	0.	1.	
Dynamic:	0	

Frame:	567
1.	6.96114e-004	0.	0.	
-6.96114e-004	1.	0.	0.	
0.	0.	1.	0.	
8.89204e-003	0.37223	0.	1.	
Dynamic:	0	

Frame:	568
1.	6.71332e-004	0.	0.	
-6.71332e-004	1.	0.	0.	
0.	0.	1.	0.	
6.96559e-003	0.372064	0.	1.	
Dynamic:	0	

Frame:	569
1.	6.47433e-004	0.	0.	
-6.47433e-004	1.	0.	0.	
0.	0.	1.	0.	
5.09892e-003	0.371904	0.	1.	
Dynamic:	0	

Frame:	570
1.	7.15574e-004	0.	0.	
-7.15574e-004	1.	0.	0.	
0.	0.	1.	0.	
1.04461e-002	0.372365	0.	1.	
Dynamic:	0	

Frame:	571
1.	6.88556e-004	0.	0.	
-6.88556e-004	1.	0.	0.	
0.	0.	1.	0.	
8.31604e-003	0.372181	0.	1.	
Dynamic:	0	

Frame:	572
1.	6.63908e-004	0.	0.	
-6.63908e-004	1.	0.	0.	
0.	0.	1.	0.	
6.3637e-003	0.372012	0.	1.	
Dynamic:	0	

Frame:	573
1.	6.40142e-004	0.	0.	
-6.40142e-004	1.	0.	0.	
0.	0.	1.	0.	
4.47252e-003	0.371848	0.	1.	
Dynamic:	0	

Frame:	574
1.	7.07451e-004	0.	0.	
-7.07451e-004	1.	0.	0.	
0.	0.	1.	0.	
9.85334e-003	0.372316	0.	1.	
Dynamic:	0	

Frame:	575
1.	6.81986e-004	0.	0.	
-6.81986e-004	1.	0.	0.	
0.	0.	1.	0.	
7.80828e-003	0.372137	0.	1.	
Dynamic:	0	

Frame:	576
1.	6.57438e-004	0.	0.	
-6.57438e-004	1.	0.	0.	
0.	0.	1.	0.	
5.8278e-003	0.371964	0.	1.	
Dynamic:	0	

Frame:	577
1.	7.26328e-004	0.	0.	
-7.26328e-004	1.	0.	0.	
0.	0.	1.	0.	
1.14109e-002	0.372453	0.	1.	
Dynamic:	0	

Frame:	578
1.	6.98147e-004	0.	0.	
-6.98147e-004	1.	0.	0.	
0.	0.	1.	0.	
9.11666e-003	0.372252	0.	1.	
Dynamic:	0	

Frame:	579
1.	6.72878e-004	0.	0.	
-6.72878e-004	1.	0.	0.	
0.	0.	1.	0.	
7.05022e-003	0.37207	0.	1.	
Dynamic:	0	

Frame:	580
1.	6.48523e-004	0.	0.	
-6.48523e-004	1.	0.	0.	
0.	0.	1.	0.	
5.04962e-003	0.371894	0.	1.	
Dynamic:	0	

Frame:	581
1.	7.16141e-004	0.	0.	
-7.16141e-004	1.	0.	0.	
0.	0.	1.	0.	
1.06289e-002	0.372387	0.	1.	
Dynamic:	0	

Frame:	582
1.	6.90078e-004	0.	0.	
-6.90078e-004	1.	0.	0.	
0.	0.	1.	0.	
8.46884e-003	0.372195	0.	1.	
Dynamic:	0	

Frame:	583
1.	6.64964e-004	0.	0.	
-6.64964e-004	1.	0.	0.	
0.	0.	1.	0.	
6.37814e-003	0.37201	0.	1.	
Dynamic:	0	

Frame:	584
1.	7.34333e-004	0.	0.	
-7.34333e-004	1.	0.	0.	
0.	0.	1.	0.	
1.21783e-002	0.372526	0.	1.	
Dynamic:	0	

Frame:	585
1.	7.05541e-004	0.	0.	
-7.05541e-004	1.	0.	0.	
0.	0.	1.	0.	
9.76042e-003	0.37231	0.	1.	
Dynamic:	0	

Frame:	586
1.	6.79723e-004	0.	0.	
-6.79723e-004	1.	0.	0.	
0.	0.	1.	0.	
7.58268e-003	0.372116	0.	1.	
Dynamic:	0	

Frame:	587
1.	6.54849e-004	0.	0.	
-6.54849e-004	1.	0.	0.	
0.	0.	1.	0.	
5.47549e-003	0.371927	0.	1.	
Dynamic:	0	

Frame:	588
1.	7.22717e-004	0.	0.	
-7.22717e-004	1.	0.	0.	
0.	0.	1.	0.	
1.12498e-002	0.372445	0.	1.	
Dynamic:	0	

Frame:	589
1.	6.96125e-004	0.	0.	
-6.96125e-004	1.	0.	0.	
0.	0.	1.	0.	
8.97754e-003	0.372241	0.	1.	
Dynamic:	0	

Frame:	590
1.	6.70511e-004	0.	0.	
-6.70511e-004	1.	0.	0.	
0.	0.	1.	0.	
6.77947e-003	0.372043	0.	1.	
Dynamic:	0	

Frame:	591
1.	7.40141e-004	0.	0.	
-7.40141e-004	1.	0.	0.	
0.	0.	1.	0.	
1.27804e-002	0.372585	0.	1.	
Dynamic:	0	

Frame:	592
1.	7.10944e-004	0.	0.	
-7.10944e-004	1.	0.	0.	
0.	0.	1.	0.	
1.02534e-002	0.372356	0.	1.	
Dynamic:	0	

Frame:	593
1.	6.84641e-004	0.	0.	
-6.84641e-004	1.	0.	0.	
0.	0.	1.	0.	
7.96729e-003	0.372149	0.	1.	
Dynamic:	0	

Frame:	594
1.	6.59312e-004	0.	0.	
-6.59312e-004	1.	0.	0.	
0.	0.	1.	0.	
5.75647e-003	0.371947	0.	1.	
Dynamic:	0	

Frame:	595
1.	7.27658e-004	0.	0.	
-7.27658e-004	1.	0.	0.	
0.	0.	1.	0.	
1.17469e-002	0.372494	0.	1.	
Dynamic:	0	

Frame:	596
1.	7.0059e-004	0.	0.	
-7.0059e-004	1.	0.	0.	
0.	0.	1.	0.	
9.3645e-003	0.372276	0.	1.	
Dynamic:	0	

Frame:	597
1.	6.74528e-004	0.	0.	
-6.74528e-004	1.	0.	0.	
0.	0.	1.	0.	
7.06113e-003	0.372065	0.	1.	
Dynamic:	0	

Frame:	598
1.	7.44257e-004	0.	0.	
-7.44257e-004	1.	0.	0.	
0.	0.	1.	0.	
1.32495e-002	0.372633	0.	1.	
Dynamic:	0	

Frame:	599
1.	7.14743e-004	0.	0.	
-7.14743e-004	1.	0.	0.	
0.	0.	1.	0.	
1.06193e-002	0.372391	0.	1.	
Dynamic:	0	

Frame:	600
1.	6.8801e-004	0.	0.	
-6.8801e-004	1.	0.	0.	
0.	0.	1.	0.	
8.2272e-003	0.37217	0.	1.	
Dynamic:	0	

Frame:	601
1.	6.62277e-004	0.	0.	
-6.62277e-004	1.	0.	0.	
0.	0.	1.	0.	
5.9151e-003	0.371956	0.	1.	
Dynamic:	0	

Frame:	602
1.	7.30989e-004	0.	0.	
-7.30989e-004	1.	0.	0.	
0.	0.	1.	0.	
1.2114e-002	0.372531	0.	1.	
Dynamic:	0	

Frame:	603
1.	7.03499e-004	0.	0.	
-7.03499e-004	1.	0.	0.	
0.	0.	1.	0.	
9.62393e-003	0.3723	0.	1.	
Dynamic:	0	

Frame:	604
1.	6.77043e-004	0.	0.	
-6.77043e-004	1.	0.	0.	
0.	0.	1.	0.	
7.21782e-003	0.372076	0.	1.	
Dynamic:	0	

Frame:	605
1.	7.45495e-004	0.	0.	
-7.45495e-004	1.	0.	0.	
0.	0.	1.	0.	
1.34684e-002	0.37266	0.	1.	
Dynamic:	0	

Frame:	606
1.	7.17307e-004	0.	0.	
-7.17307e-004	1.	0.	0.	
0.	0.	1.	0.	
1.08842e-002	0.372418	0.	1.	
Dynamic:	0	

Frame:	607
1.	6.90186e-004	0.	0.	
-6.90186e-004	1.	0.	0.	
0.	0.	1.	0.	
8.3877e-003	0.372183	0.	1.	
Dynamic:	0	

Frame:	608
1.	6.64089e-004	0.	0.	
-6.64089e-004	1.	0.	0.	
0.	0.	1.	0.	
5.97606e-003	0.371956	0.	1.	
Dynamic:	0	

Frame:	609
1.	7.33121e-004	0.	0.	
-7.33121e-004	1.	0.	0.	
0.	0.	1.	0.	
1.23808e-002	0.37256	0.	1.	
Dynamic:	0	

Frame:	610
1.	7.05251e-004	0.	0.	
-7.05251e-004	1.	0.	0.	
0.	0.	1.	0.	
9.7848e-003	0.372315	0.	1.	
Dynamic:	0	

Frame:	611
1.	6.7844e-004	0.	0.	
-6.7844e-004	1.	0.	0.	
0.	0.	1.	0.	
7.2777e-003	0.372077	0.	1.	
Dynamic:	0	

Frame:	612
1.	7.47206e-004	0.	0.	
-7.47206e-004	1.	0.	0.	
0.	0.	1.	0.	
1.37332e-002	0.372691	0.	1.	
Dynamic:	0	

Frame:	613
1.	7.18646e-004	0.	0.	
-7.18646e-004	1.	0.	0.	
0.	0.	1.	0.	
1.10417e-002	0.372434	0.	1.	
Dynamic:	0	

Frame:	614
1.	6.91178e-004	0.	0.	
-6.91178e-004	1.	0.	0.	
0.	0.	1.	0.	
8.44297e-003	0.372186	0.	1.	
Dynamic:	0	

Frame:	615
1.	7.59653e-004	0.	0.	
-7.59653e-004	1.	0.	0.	
0.	0.	1.	0.	
1.49464e-002	0.372809	0.	1.	
Dynamic:	0	

Frame:	616
1.	7.30461e-004	0.	0.	
-7.30461e-004	1.	0.	0.	
0.	0.	1.	0.	
1.21632e-002	0.372542	0.	1.	
Dynamic:	0	

Frame:	617
1.	7.02391e-004	0.	0.	
-7.02391e-004	1.	0.	0.	
0.	0.	1.	0.	
9.47666e-003	0.372283	0.	1.	
Dynamic:	0	

Frame:	618
1.	6.75399e-004	0.	0.	
-6.75399e-004	1.	0.	0.	
0.	0.	1.	0.	
6.88351e-003	0.372033	0.	1.	
Dynamic:	0	

Frame:	619
1.	7.44626e-004	0.	0.	
-7.44626e-004	1.	0.	0.	
0.	0.	1.	0.	
1.35596e-002	0.372679	0.	1.	
Dynamic:	0	

Frame:	620
1.	7.15857e-004	0.	0.	
-7.15857e-004	1.	0.	0.	
0.	0.	1.	0.	
1.07746e-002	0.372409	0.	1.	
Dynamic:	0	

Frame:	621
1.	6.882e-004	0.	0.	
-6.882e-004	1.	0.	0.	
0.	0.	1.	0.	
8.08719e-003	0.372148	0.	1.	
Dynamic:	0	

Frame:	622
1.	7.57072e-004	0.	0.	
-7.57072e-004	1.	0.	0.	
0.	0.	1.	0.	
1.48047e-002	0.372802	0.	1.	
Dynamic:	0	

Frame:	623
1.	7.27665e-004	0.	0.	
-7.27665e-004	1.	0.	0.	
0.	0.	1.	0.	
1.19257e-002	0.372521	0.	1.	
Dynamic:	0	

Frame:	624
1.	6.994e-004	0.	0.	
-6.994e-004	1.	0.	0.	
0.	0.	1.	0.	
9.14823e-003	0.372249	0.	1.	
Dynamic:	0	

Frame:	625
1.	7.67993e-004	0.	0.	
-7.67993e-004	1.	0.	0.	
0.	0.	1.	0.	
1.59137e-002	0.372913	0.	1.	
Dynamic:	0	

Frame:	626
1.	7.38002e-004	0.	0.	
-7.38002e-004	1.	0.	0.	
0.	0.	1.	0.	
1.29446e-002	0.372621	0.	1.	
Dynamic:	0	

Frame:	627
1.	7.09182e-004	0.	0.	
-7.09182e-004	1.	0.	0.	
0.	0.	1.	0.	
1.0081e-002	0.372338	0.	1.	
Dynamic:	0	

Frame:	628
1.	7.77586e-004	0.	0.	
-7.77586e-004	1.	0.	0.	
0.	0.	1.	0.	
1.69028e-002	0.373013	0.	1.	
Dynamic:	0	

Frame:	629
1.	7.47058e-004	0.	0.	
-7.47058e-004	1.	0.	0.	
0.	0.	1.	0.	
1.38471e-002	0.37271	0.	1.	
Dynamic:	0	

Frame:	630
1.	7.17728e-004	0.	0.	
-7.17728e-004	1.	0.	0.	
0.	0.	1.	0.	
1.09007e-002	0.372417	0.	1.	
Dynamic:	0	

Frame:	631
1.	6.89549e-004	0.	0.	
-6.89549e-004	1.	0.	0.	
0.	0.	1.	0.	
8.05961e-003	0.372134	0.	1.	
Dynamic:	0	

Frame:	632
1.	7.5868e-004	0.	0.	
-7.5868e-004	1.	0.	0.	
0.	0.	1.	0.	
1.50549e-002	0.372833	0.	1.	
Dynamic:	0	

Frame:	633
1.	7.28735e-004	0.	0.	
-7.28735e-004	1.	0.	0.	
0.	0.	1.	0.	
1.20138e-002	0.372528	0.	1.	
Dynamic:	0	

Frame:	634
1.	6.99971e-004	0.	0.	
-6.99971e-004	1.	0.	0.	
0.	0.	1.	0.	
9.08227e-003	0.372234	0.	1.	
Dynamic:	0	

Frame:	635
1.	7.68726e-004	0.	0.	
-7.68726e-004	1.	0.	0.	
0.	0.	1.	0.	
1.61148e-002	0.372942	0.	1.	
Dynamic:	0	

Frame:	636
1.	7.38223e-004	0.	0.	
-7.38223e-004	1.	0.	0.	
0.	0.	1.	0.	
1.29837e-002	0.372626	0.	1.	
Dynamic:	0	

Frame:	637
1.	7.0893e-004	0.	0.	
-7.0893e-004	1.	0.	0.	
0.	0.	1.	0.	
9.96609e-003	0.37232	0.	1.	
Dynamic:	0	

Frame:	638
1.	7.77591e-004	0.	0.	
-7.77591e-004	1.	0.	0.	
0.	0.	1.	0.	
1.70642e-002	0.37304	0.	1.	
Dynamic:	0	

Frame:	639
1.	7.46572e-004	0.	0.	
-7.46572e-004	1.	0.	0.	
0.	0.	1.	0.	
1.38461e-002	0.372713	0.	1.	
Dynamic:	0	

Frame:	640
1.	7.1679e-004	0.	0.	
-7.1679e-004	1.	0.	0.	
0.	0.	1.	0.	
1.07456e-002	0.372397	0.	1.	
Dynamic:	0	

Frame:	641
1.	7.8504e-004	0.	0.	
-7.8504e-004	1.	0.	0.	
0.	0.	1.	0.	
1.78759e-002	0.373126	0.	1.	
Dynamic:	0	

Frame:	642
1.	7.53558e-004	0.	0.	
-7.53558e-004	1.	0.	0.	
0.	0.	1.	0.	
1.45754e-002	0.372788	0.	1.	
Dynamic:	0	

Frame:	643
1.	7.23338e-004	0.	0.	
-7.23338e-004	1.	0.	0.	
0.	0.	1.	0.	
1.13962e-002	0.372461	0.	1.	
Dynamic:	0	

Frame:	644
1.	7.01723e-004	0.	0.	
-7.01723e-004	1.	0.	0.	
0.	0.	1.	0.	
9.11428e-003	0.372226	0.	1.	
Dynamic:	0	

Frame:	645
1.	7.63254e-004	0.	0.	
-7.63254e-004	1.	0.	0.	
0.	0.	1.	0.	
1.56324e-002	0.372899	0.	1.	
Dynamic:	0	

Frame:	646
1.	7.32484e-004	0.	0.	
-7.32484e-004	1.	0.	0.	
0.	0.	1.	0.	
1.23617e-002	0.37256	0.	1.	
Dynamic:	0	

Frame:	647
1.	7.09414e-004	0.	0.	
-7.09414e-004	1.	0.	0.	
0.	0.	1.	0.	
9.901e-003	0.372305	0.	1.	
Dynamic:	0	

Frame:	648
1.	7.71462e-004	0.	0.	
-7.71462e-004	1.	0.	0.	
0.	0.	1.	0.	
1.65418e-002	0.372996	0.	1.	
Dynamic:	0	

Frame:	649
1.	7.40197e-004	0.	0.	
-7.40197e-004	1.	0.	0.	
0.	0.	1.	0.	
1.31842e-002	0.372646	0.	1.	
Dynamic:	0	

Frame:	650
1.	7.10199e-004	0.	0.	
-7.10199e-004	1.	0.	0.	
0.	0.	1.	0.	
9.95178e-003	0.372308	0.	1.	
Dynamic:	0	

Frame:	651
1.	7.78641e-004	0.	0.	
-7.78641e-004	1.	0.	0.	
0.	0.	1.	0.	
1.73516e-002	0.373083	0.	1.	
Dynamic:	0	

Frame:	652
1.	7.46919e-004	0.	0.	
-7.46919e-004	1.	0.	0.	
0.	0.	1.	0.	
1.39103e-002	0.372722	0.	1.	
Dynamic:	0	

Frame:	653
1.	7.16489e-004	0.	0.	
-7.16489e-004	1.	0.	0.	
0.	0.	1.	0.	
1.05982e-002	0.372373	0.	1.	
Dynamic:	0	

Frame:	654
1.	7.8472e-004	0.	0.	
-7.8472e-004	1.	0.	0.	
0.	0.	1.	0.	
1.80497e-002	0.37316	0.	1.	
Dynamic:	0	

Frame:	655
1.	7.52583e-004	0.	0.	
-7.52583e-004	1.	0.	0.	
0.	0.	1.	0.	
1.45283e-002	0.372787	0.	1.	
Dynamic:	0	

Frame:	656
1.	7.21762e-004	0.	0.	
-7.21762e-004	1.	0.	0.	
0.	0.	1.	0.	
1.11398e-002	0.372427	0.	1.	
Dynamic:	0	

Frame:	657
1.	7.89889e-004	0.	0.	
-7.89889e-004	1.	0.	0.	
0.	0.	1.	0.	
1.86545e-002	0.373227	0.	1.	
Dynamic:	0	

Frame:	658
1.	7.57371e-004	0.	0.	
-7.57371e-004	1.	0.	0.	
0.	0.	1.	0.	
1.50558e-002	0.372843	0.	1.	
Dynamic:	0	

Frame:	659
1.	7.26192e-004	0.	0.	
-7.26192e-004	1.	0.	0.	
0.	0.	1.	0.	
1.15939e-002	0.372473	0.	1.	
Dynamic:	0	

Frame:	660
1.	7.93581e-004	0.	0.	
-7.93581e-004	1.	0.	0.	
0.	0.	1.	0.	
1.91008e-002	0.373278	0.	1.	
Dynamic:	0	

Frame:	661
1.	7.60741e-004	0.	0.	
-7.60741e-004	1.	0.	0.	
0.	0.	1.	0.	
1.54306e-002	0.372883	0.	1.	
Dynamic:	0	

Frame:	662
1.	7.2926e-004	0.	0.	
-7.2926e-004	1.	0.	0.	
0.	0.	1.	0.	
1.19009e-002	0.372503	0.	1.	
Dynamic:	0	

Frame:	663
1.	7.96993e-004	0.	0.	
-7.96993e-004	1.	0.	0.	
0.	0.	1.	0.	
1.95199e-002	0.373326	0.	1.	
Dynamic:	0	

Frame:	664
1.	7.6384e-004	0.	0.	
-7.6384e-004	1.	0.	0.	
0.	0.	1.	0.	
1.57786e-002	0.372921	0.	1.	
Dynamic:	0	

Frame:	665
1.	7.32067e-004	0.	0.	
-7.32067e-004	1.	0.	0.	
0.	0.	1.	0.	
1.21814e-002	0.37253	0.	1.	
Dynamic:	0	

Frame:	666
1.	7.99273e-004	0.	0.	
-7.99273e-004	1.	0.	0.	
0.	0.	1.	0.	
1.98145e-002	0.373361	0.	1.	
Dynamic:	0	

Frame:	667
1.	7.65853e-004	0.	0.	
-7.65853e-004	1.	0.	0.	
0.	0.	1.	0.	
1.60066e-002	0.372946	0.	1.	
Dynamic:	0	

Frame:	668
1.	7.33831e-004	0.	0.	
-7.33831e-004	1.	0.	0.	
0.	0.	1.	0.	
1.23464e-002	0.372545	0.	1.	
Dynamic:	0	

Frame:	669
1.	8.00715e-004	0.	0.	
-8.00715e-004	1.	0.	0.	
0.	0.	1.	0.	
2.00158e-002	0.373387	0.	1.	
Dynamic:	0	

Frame:	670
1.	7.67062e-004	0.	0.	
-7.67062e-004	1.	0.	0.	
0.	0.	1.	0.	
1.61447e-002	0.372961	0.	1.	
Dynamic:	0	

Frame:	671
1.	7.34823e-004	0.	0.	
-7.34823e-004	1.	0.	0.	
0.	0.	1.	0.	
1.24245e-002	0.37255	0.	1.	
Dynamic:	0	

Frame:	672
1.	8.01559e-004	0.	0.	
-8.01559e-004	1.	0.	0.	
0.	0.	1.	0.	
2.01496e-002	0.373405	0.	1.	
Dynamic:	0	

Frame:	673
1.	7.67697e-004	0.	0.	
-7.67697e-004	1.	0.	0.	
0.	0.	1.	0.	
1.62175e-002	0.372969	0.	1.	
Dynamic:	0	

Frame:	674
1.	7.38525e-004	0.	0.	
-7.38525e-004	1.	0.	0.	
0.	0.	1.	0.	
1.28195e-002	0.372591	0.	1.	
Dynamic:	0	

Frame:	675
1.	8.01634e-004	0.	0.	
-8.01634e-004	1.	0.	0.	
0.	0.	1.	0.	
2.01936e-002	0.373413	0.	1.	
Dynamic:	0	

Frame:	676
1.	7.67595e-004	0.	0.	
-7.67595e-004	1.	0.	0.	
0.	0.	1.	0.	
1.62039e-002	0.372967	0.	1.	
Dynamic:	0	

Frame:	677
1.	7.38248e-004	0.	0.	
-7.38248e-004	1.	0.	0.	
0.	0.	1.	0.	
1.27535e-002	0.372581	0.	1.	
Dynamic:	0	

Frame:	678
1.	8.01167e-004	0.	0.	
-8.01167e-004	1.	0.	0.	
0.	0.	1.	0.	
2.01738e-002	0.373414	0.	1.	
Dynamic:	0	

Frame:	679
1.	7.66974e-004	0.	0.	
-7.66974e-004	1.	0.	0.	
0.	0.	1.	0.	
1.61289e-002	0.372958	0.	1.	
Dynamic:	0	

Frame:	680
1.	7.37655e-004	0.	0.	
-7.37655e-004	1.	0.	0.	
0.	0.	1.	0.	
1.26499e-002	0.372566	0.	1.	
Dynamic:	0	

Frame:	681
1.	8.00354e-004	0.	0.	
-8.00354e-004	1.	0.	0.	
0.	0.	1.	0.	
2.01125e-002	0.37341	0.	1.	
Dynamic:	0	

Frame:	682
1.	7.66021e-004	0.	0.	
-7.66021e-004	1.	0.	0.	
0.	0.	1.	0.	
1.60137e-002	0.372945	0.	1.	
Dynamic:	0	

Frame:	683
1.	7.36088e-004	0.	0.	
-7.36088e-004	1.	0.	0.	
0.	0.	1.	0.	
1.24293e-002	0.372538	0.	1.	
Dynamic:	0	

Frame:	684
1.	7.98489e-004	0.	0.	
-7.98489e-004	1.	0.	0.	
0.	0.	1.	0.	
1.99243e-002	0.373392	0.	1.	
Dynamic:	0	

Frame:	685
1.	7.64063e-004	0.	0.	
-7.64063e-004	1.	0.	0.	
0.	0.	1.	0.	
1.57768e-002	0.372918	0.	1.	
Dynamic:	0	

Frame:	686
1.	7.34705e-004	0.	0.	
-7.34705e-004	1.	0.	0.	
0.	0.	1.	0.	
1.22294e-002	0.372511	0.	1.	
Dynamic:	0	

Frame:	687
1.	7.96819e-004	0.	0.	
-7.96819e-004	1.	0.	0.	
0.	0.	1.	0.	
1.97575e-002	0.373376	0.	1.	
Dynamic:	0	

Frame:	688
1.	7.62291e-004	0.	0.	
-7.62291e-004	1.	0.	0.	
0.	0.	1.	0.	
1.55602e-002	0.372893	0.	1.	
Dynamic:	0	

Frame:	689
1.	7.32374e-004	0.	0.	
-7.32374e-004	1.	0.	0.	
0.	0.	1.	0.	
1.19126e-002	0.372472	0.	1.	
Dynamic:	0	

Frame:	690
1.	7.94123e-004	0.	0.	
-7.94123e-004	1.	0.	0.	
0.	0.	1.	0.	
1.94636e-002	0.373346	0.	1.	
Dynamic:	0	

Frame:	691
1.	7.59557e-004	0.	0.	
-7.59557e-004	1.	0.	0.	
0.	0.	1.	0.	
1.52243e-002	0.372854	0.	1.	
Dynamic:	0	

Frame:	692
1.	7.3008e-004	0.	0.	
-7.3008e-004	1.	0.	0.	
0.	0.	1.	0.	
1.15983e-002	0.372432	0.	1.	
Dynamic:	0	

Frame:	693
1.	7.9147e-004	0.	0.	
-7.9147e-004	1.	0.	0.	
0.	0.	1.	0.	
1.9172e-002	0.373315	0.	1.	
Dynamic:	0	

Frame:	694
1.	7.56686e-004	0.	0.	
-7.56686e-004	1.	0.	0.	
0.	0.	1.	0.	
1.48682e-002	0.372812	0.	1.	
Dynamic:	0	

Frame:	695
1.	7.27173e-004	0.	0.	
-7.27173e-004	1.	0.	0.	
0.	0.	1.	0.	
1.12057e-002	0.372383	0.	1.	
Dynamic:	0	

Frame:	696
1.	7.88152e-004	0.	0.	
-7.88152e-004	1.	0.	0.	
0.	0.	1.	0.	
1.87949e-002	0.373275	0.	1.	
Dynamic:	0	

Frame:	697
1.	7.53679e-004	0.	0.	
-7.53679e-004	1.	0.	0.	
0.	0.	1.	0.	
1.44921e-002	0.372768	0.	1.	
Dynamic:	0	

Frame:	698
1.	7.24136e-004	0.	0.	
-7.24136e-004	1.	0.	0.	
0.	0.	1.	0.	
1.07939e-002	0.372331	0.	1.	
Dynamic:	0	

Frame:	699
1.	7.84695e-004	0.	0.	
-7.84695e-004	1.	0.	0.	
0.	0.	1.	0.	
1.83965e-002	0.373231	0.	1.	
Dynamic:	0	

Frame:	700
1.	7.50011e-004	0.	0.	
-7.50011e-004	1.	0.	0.	
0.	0.	1.	0.	
1.40297e-002	0.372713	0.	1.	
Dynamic:	0	

Frame:	701
1.	7.20465e-004	0.	0.	
-7.20465e-004	1.	0.	0.	
0.	0.	1.	0.	
1.02991e-002	0.372269	0.	1.	
Dynamic:	0	

Frame:	702
1.	7.80549e-004	0.	0.	
-7.80549e-004	1.	0.	0.	
0.	0.	1.	0.	
1.79073e-002	0.373177	0.	1.	
Dynamic:	0	

Frame:	703
1.	7.46353e-004	0.	0.	
-7.46353e-004	1.	0.	0.	
0.	0.	1.	0.	
1.35649e-002	0.372657	0.	1.	
Dynamic:	0	

Frame:	704
1.	7.16805e-004	0.	0.	
-7.16805e-004	1.	0.	0.	
0.	0.	1.	0.	
9.80202e-003	0.372206	0.	1.	
Dynamic:	0	

Frame:	705
1.	7.73164e-004	0.	0.	
-7.73164e-004	1.	0.	0.	
0.	0.	1.	0.	
1.69995e-002	0.373071	0.	1.	
Dynamic:	0	

Frame:	706
1.	7.42403e-004	0.	0.	
-7.42403e-004	1.	0.	0.	
0.	0.	1.	0.	
1.306e-002	0.372596	0.	1.	
Dynamic:	0	

Frame:	707
1.	7.12866e-004	0.	0.	
-7.12866e-004	1.	0.	0.	
0.	0.	1.	0.	
9.26656e-003	0.372138	0.	1.	
Dynamic:	0	

Frame:	708
1.	7.68787e-004	0.	0.	
-7.68787e-004	1.	0.	0.	
0.	0.	1.	0.	
1.64688e-002	0.37301	0.	1.	
Dynamic:	0	

Frame:	709
1.	7.3805e-004	0.	0.	
-7.3805e-004	1.	0.	0.	
0.	0.	1.	0.	
1.24989e-002	0.372528	0.	1.	
Dynamic:	0	

Frame:	710
1.	7.08542e-004	0.	0.	
-7.08542e-004	1.	0.	0.	
0.	0.	1.	0.	
8.67718e-003	0.372063	0.	1.	
Dynamic:	0	

Frame:	711
1.	7.642e-004	0.	0.	
-7.642e-004	1.	0.	0.	
0.	0.	1.	0.	
1.59058e-002	0.372945	0.	1.	
Dynamic:	0	

Frame:	712
1.	7.33497e-004	0.	0.	
-7.33497e-004	1.	0.	0.	
0.	0.	1.	0.	
1.19071e-002	0.372456	0.	1.	
Dynamic:	0	

Frame:	713
1.	7.9399e-004	0.	0.	
-7.9399e-004	1.	0.	0.	
0.	0.	1.	0.	
1.98073e-002	0.373425	0.	1.	
Dynamic:	0	

Frame:	714
1.	7.55673e-004	0.	0.	
-7.55673e-004	1.	0.	0.	
0.	0.	1.	0.	
1.47894e-002	0.372808	0.	1.	
Dynamic:	0	

Frame:	715
1.	7.25163e-004	0.	0.	
-7.25163e-004	1.	0.	0.	
0.	0.	1.	0.	
1.0783e-002	0.372314	0.	1.	
Dynamic:	0	

Frame:	716
1.	7.79109e-004	0.	0.	
-7.79109e-004	1.	0.	0.	
0.	0.	1.	0.	
1.78865e-002	0.373192	0.	1.	
Dynamic:	0	

Frame:	717
1.	7.475e-004	0.	0.	
-7.475e-004	1.	0.	0.	
0.	0.	1.	0.	
1.37128e-002	0.372675	0.	1.	
Dynamic:	0	

Frame:	718
1.	7.17173e-004	0.	0.	
-7.17173e-004	1.	0.	0.	
0.	0.	1.	0.	
9.69761e-003	0.372176	0.	1.	
Dynamic:	0	

Frame:	719
1.	7.70517e-004	0.	0.	
-7.70517e-004	1.	0.	0.	
0.	0.	1.	0.	
1.67795e-002	0.373058	0.	1.	
Dynamic:	0	

Frame:	720
1.	7.39105e-004	0.	0.	
-7.39105e-004	1.	0.	0.	
0.	0.	1.	0.	
1.2598e-002	0.372536	0.	1.	
Dynamic:	0	

Frame:	721
1.	7.10632e-004	0.	0.	
-7.10632e-004	1.	0.	0.	
0.	0.	1.	0.	
8.79729e-003	0.372061	0.	1.	
Dynamic:	0	

Frame:	722
1.	7.62408e-004	0.	0.	
-7.62408e-004	1.	0.	0.	
0.	0.	1.	0.	
1.57271e-002	0.37293	0.	1.	
Dynamic:	0	

Frame:	723
1.	7.31177e-004	0.	0.	
-7.31177e-004	1.	0.	0.	
0.	0.	1.	0.	
1.15359e-002	0.372403	0.	1.	
Dynamic:	0	

Frame:	724
1.	7.02649e-004	0.	0.	
-7.02649e-004	1.	0.	0.	
0.	0.	1.	0.	
7.6971e-003	0.371919	0.	1.	
Dynamic:	0	

Frame:	725
1.	7.53699e-004	0.	0.	
-7.53699e-004	1.	0.	0.	
0.	0.	1.	0.	
1.45848e-002	0.372789	0.	1.	
Dynamic:	0	

Frame:	726
1.	7.22676e-004	0.	0.	
-7.22676e-004	1.	0.	0.	
0.	0.	1.	0.	
1.0388e-002	0.372258	0.	1.	
Dynamic:	0	

Frame:	727
1.	7.74342e-004	0.	0.	
-7.74342e-004	1.	0.	0.	
0.	0.	1.	0.	
1.7396e-002	0.373147	0.	1.	
Dynamic:	0	

Frame:	728
1.	7.42317e-004	0.	0.	
-7.42317e-004	1.	0.	0.	
0.	0.	1.	0.	
1.30405e-002	0.372593	0.	1.	
Dynamic:	0	

Frame:	729
1.	7.11342e-004	0.	0.	
-7.11342e-004	1.	0.	0.	
0.	0.	1.	0.	
8.81678e-003	0.372054	0.	1.	
Dynamic:	0	

Frame:	730
1.	7.62725e-004	0.	0.	
-7.62725e-004	1.	0.	0.	
0.	0.	1.	0.	
1.5842e-002	0.372953	0.	1.	
Dynamic:	0	

Frame:	731
1.	7.3103e-004	0.	0.	
-7.3103e-004	1.	0.	0.	
0.	0.	1.	0.	
1.14972e-002	0.372396	0.	1.	
Dynamic:	0	

Frame:	732
1.	7.00722e-004	0.	0.	
-7.00722e-004	1.	0.	0.	
0.	0.	1.	0.	
7.33175e-003	0.371861	0.	1.	
Dynamic:	0	

Frame:	733
1.	7.51194e-004	0.	0.	
-7.51194e-004	1.	0.	0.	
0.	0.	1.	0.	
1.42866e-002	0.372756	0.	1.	
Dynamic:	0	

Frame:	734
1.	7.17486e-004	0.	0.	
-7.17486e-004	1.	0.	0.	
0.	0.	1.	0.	
9.62966e-003	0.372155	0.	1.	
Dynamic:	0	

Frame:	735
1.	6.90462e-004	0.	0.	
-6.90462e-004	1.	0.	0.	
0.	0.	1.	0.	
5.88638e-003	0.371671	0.	1.	
Dynamic:	0	

Frame:	736
1.	7.40051e-004	0.	0.	
-7.40051e-004	1.	0.	0.	
0.	0.	1.	0.	
1.27731e-002	0.372564	0.	1.	
Dynamic:	0	

Frame:	737
1.	7.07339e-004	0.	0.	
-7.07339e-004	1.	0.	0.	
0.	0.	1.	0.	
8.21839e-003	0.371972	0.	1.	
Dynamic:	0	

Frame:	738
1.	7.57989e-004	0.	0.	
-7.57989e-004	1.	0.	0.	
0.	0.	1.	0.	
1.52889e-002	0.372893	0.	1.	
Dynamic:	0	

Frame:	739
1.	7.21898e-004	0.	0.	
-7.21898e-004	1.	0.	0.	
0.	0.	1.	0.	
1.02379e-002	0.372233	0.	1.	
Dynamic:	0	

Frame:	740
1.	6.94452e-004	0.	0.	
-6.94452e-004	1.	0.	0.	
0.	0.	1.	0.	
6.38678e-003	0.371729	0.	1.	
Dynamic:	0	

Frame:	741
1.	7.44034e-004	0.	0.	
-7.44034e-004	1.	0.	0.	
0.	0.	1.	0.	
1.33616e-002	0.372645	0.	1.	
Dynamic:	0	

Frame:	742
1.	7.09042e-004	0.	0.	
-7.09042e-004	1.	0.	0.	
0.	0.	1.	0.	
8.42657e-003	0.371995	0.	1.	
Dynamic:	0	

Frame:	743
1.	6.81958e-004	0.	0.	
-6.81958e-004	1.	0.	0.	
0.	0.	1.	0.	
4.59725e-003	0.37149	0.	1.	
Dynamic:	0	

Frame:	744
1.	7.24649e-004	0.	0.	
-7.24649e-004	1.	0.	0.	
0.	0.	1.	0.	
1.06486e-002	0.37229	0.	1.	
Dynamic:	0	

Frame:	745
1.	6.96841e-004	0.	0.	
-6.96841e-004	1.	0.	0.	
0.	0.	1.	0.	
6.69685e-003	0.371766	0.	1.	
Dynamic:	0	

Frame:	746
1.	7.46302e-004	0.	0.	
-7.46302e-004	1.	0.	0.	
0.	0.	1.	0.	
1.37433e-002	0.372703	0.	1.	
Dynamic:	0	

Frame:	747
1.	7.09321e-004	0.	0.	
-7.09321e-004	1.	0.	0.	
0.	0.	1.	0.	
8.46163e-003	0.371999	0.	1.	
Dynamic:	0	

Frame:	748
1.	6.81975e-004	0.	0.	
-6.81975e-004	1.	0.	0.	
0.	0.	1.	0.	
4.54616e-003	0.371477	0.	1.	
Dynamic:	0	

Frame:	749
1.	7.22733e-004	0.	0.	
-7.22733e-004	1.	0.	0.	
0.	0.	1.	0.	
1.03965e-002	0.372259	0.	1.	
Dynamic:	0	

Frame:	750
1.	6.94741e-004	0.	0.	
-6.94741e-004	1.	0.	0.	
0.	0.	1.	0.	
6.36861e-003	0.371719	0.	1.	
Dynamic:	0	

Frame:	751
1.	6.6614e-004	0.	0.	
-6.6614e-004	1.	0.	0.	
0.	0.	1.	0.	
2.24267e-003	0.371164	0.	1.	
Dynamic:	0	

Frame:	752
1.	7.08539e-004	0.	0.	
-7.08539e-004	1.	0.	0.	
0.	0.	1.	0.	
8.37426e-003	0.371991	0.	1.	
Dynamic:	0	

Frame:	753
1.	6.80972e-004	0.	0.	
-6.80972e-004	1.	0.	0.	
0.	0.	1.	0.	
4.37772e-003	0.371451	0.	1.	
Dynamic:	0	

Frame:	754
1.	7.20008e-004	0.	0.	
-7.20008e-004	1.	0.	0.	
0.	0.	1.	0.	
1.00508e-002	0.372219	0.	1.	
Dynamic:	0	

Frame:	755
1.	6.91867e-004	0.	0.	
-6.91867e-004	1.	0.	0.	
0.	0.	1.	0.	
5.95097e-003	0.371663	0.	1.	
Dynamic:	0	

Frame:	756
1.	6.61318e-004	0.	0.	
-6.61318e-004	1.	0.	0.	
0.	0.	1.	0.	
1.48931e-003	0.371056	0.	1.	
Dynamic:	0	

Frame:	757
1.	7.03157e-004	0.	0.	
-7.03157e-004	1.	0.	0.	
0.	0.	1.	0.	
7.61486e-003	0.371891	0.	1.	
Dynamic:	0	

Frame:	758
1.	6.70926e-004	0.	0.	
-6.70926e-004	1.	0.	0.	
0.	0.	1.	0.	
2.88449e-003	0.371244	0.	1.	
Dynamic:	0	

Frame:	759
1.	7.13248e-004	0.	0.	
-7.13248e-004	1.	0.	0.	
0.	0.	1.	0.	
9.11103e-003	0.372097	0.	1.	
Dynamic:	0	

Frame:	760
1.	6.7847e-004	0.	0.	
-6.7847e-004	1.	0.	0.	
0.	0.	1.	0.	
3.98194e-003	0.371393	0.	1.	
Dynamic:	0	

Frame:	761
1.	6.54091e-004	0.	0.	
-6.54091e-004	1.	0.	0.	
0.	0.	1.	0.	
3.77799e-004	0.370897	0.	1.	
Dynamic:	0	

Frame:	762
1.	6.95225e-004	0.	0.	
-6.95225e-004	1.	0.	0.	
0.	0.	1.	0.	
6.47367e-003	0.371738	0.	1.	
Dynamic:	0	

Frame:	763
1.	6.61573e-004	0.	0.	
-6.61573e-004	1.	0.	0.	
0.	0.	1.	0.	
1.47462e-003	0.371047	0.	1.	
Dynamic:	0	

Frame:	764
1.	6.37695e-004	0.	0.	
-6.37695e-004	1.	0.	0.	
0.	0.	1.	0.	
-2.0811e-003	0.370554	0.	1.	
Dynamic:	0	

Frame:	765
1.	6.69959e-004	0.	0.	
-6.69959e-004	1.	0.	0.	
0.	0.	1.	0.	
2.73495e-003	0.371223	0.	1.	
Dynamic:	0	

Frame:	766
1.	6.45671e-004	0.	0.	
-6.45671e-004	1.	0.	0.	
0.	0.	1.	0.	
-8.99202e-004	0.370717	0.	1.	
Dynamic:	0	

Frame:	767
1.	6.76533e-004	0.	0.	
-6.76533e-004	1.	0.	0.	
0.	0.	1.	0.	
3.72952e-003	0.371363	0.	1.	
Dynamic:	0	

Frame:	768
1.	6.51898e-004	0.	0.	
-6.51898e-004	1.	0.	0.	
0.	0.	1.	0.	
2.5871e-005	0.370845	0.	1.	
Dynamic:	0	

Frame:	769
1.	6.23471e-004	0.	0.	
-6.23471e-004	1.	0.	0.	
0.	0.	1.	0.	
-4.25792e-003	0.370245	0.	1.	
Dynamic:	0	

Frame:	770
1.	6.58868e-004	0.	0.	
-6.58868e-004	1.	0.	0.	
0.	0.	1.	0.	
1.08897e-003	0.370996	0.	1.	
Dynamic:	0	

Frame:	771
1.	6.28425e-004	0.	0.	
-6.28425e-004	1.	0.	0.	
0.	0.	1.	0.	
-3.52047e-003	0.370347	0.	1.	
Dynamic:	0	

Frame:	772
1.	6.63994e-004	0.	0.	
-6.63994e-004	1.	0.	0.	
0.	0.	1.	0.	
1.8778e-003	0.371109	0.	1.	
Dynamic:	0	

Frame:	773
1.	6.32192e-004	0.	0.	
-6.32192e-004	1.	0.	0.	
0.	0.	1.	0.	
-2.96018e-003	0.370424	0.	1.	
Dynamic:	0	

Frame:	774
1.	6.10858e-004	0.	0.	
-6.10858e-004	1.	0.	0.	
0.	0.	1.	0.	
-6.21312e-003	0.369963	0.	1.	
Dynamic:	0	

Frame:	775
1.	6.45329e-004	0.	0.	
-6.45329e-004	1.	0.	0.	
0.	0.	1.	0.	
-9.44707e-004	0.370712	0.	1.	
Dynamic:	0	

Frame:	776
1.	6.14028e-004	0.	0.	
-6.14028e-004	1.	0.	0.	
0.	0.	1.	0.	
-5.7399e-003	0.370029	0.	1.	
Dynamic:	0	

Frame:	777
1.	6.48569e-004	0.	0.	
-6.48569e-004	1.	0.	0.	
0.	0.	1.	0.	
-4.36041e-004	0.370786	0.	1.	
Dynamic:	0	

Frame:	778
1.	6.16165e-004	0.	0.	
-6.16165e-004	1.	0.	0.	
0.	0.	1.	0.	
-5.42329e-003	0.370073	0.	1.	
Dynamic:	0	

Frame:	779
1.	5.95192e-004	0.	0.	
-5.95192e-004	1.	0.	0.	
0.	0.	1.	0.	
-8.65864e-003	0.369609	0.	1.	
Dynamic:	0	

Frame:	780
1.	6.19172e-004	0.	0.	
-6.19172e-004	1.	0.	0.	
0.	0.	1.	0.	
-4.95076e-003	0.370142	0.	1.	
Dynamic:	0	

Frame:	781
1.	5.98007e-004	0.	0.	
-5.98007e-004	1.	0.	0.	
0.	0.	1.	0.	
-8.23092e-003	0.369669	0.	1.	
Dynamic:	0	

Frame:	782
1.	6.19984e-004	0.	0.	
-6.19984e-004	1.	0.	0.	
0.	0.	1.	0.	
-4.8171e-003	0.370162	0.	1.	
Dynamic:	0	

Frame:	783
1.	5.89889e-004	0.	0.	
-5.89889e-004	1.	0.	0.	
0.	0.	1.	0.	
-9.50267e-003	0.369484	0.	1.	
Dynamic:	0	

Frame:	784
1.	5.71158e-004	0.	0.	
-5.71158e-004	1.	0.	0.	
0.	0.	1.	0.	
-1.24256e-002	0.369061	0.	1.	
Dynamic:	0	

Frame:	785
1.	5.90831e-004	0.	0.	
-5.90831e-004	1.	0.	0.	
0.	0.	1.	0.	
-9.34871e-003	0.369508	0.	1.	
Dynamic:	0	

Frame:	786
1.	5.7199e-004	0.	0.	
-5.7199e-004	1.	0.	0.	
0.	0.	1.	0.	
-1.23021e-002	0.369078	0.	1.	
Dynamic:	0	

Frame:	787
1.	5.89843e-004	0.	0.	
-5.89843e-004	1.	0.	0.	
0.	0.	1.	0.	
-9.49726e-003	0.369487	0.	1.	
Dynamic:	0	

Frame:	788
1.	5.70955e-004	0.	0.	
-5.70955e-004	1.	0.	0.	
0.	0.	1.	0.	
-1.24715e-002	0.369052	0.	1.	
Dynamic:	0	

Frame:	789
1.	5.44585e-004	0.	0.	
-5.44585e-004	1.	0.	0.	
0.	0.	1.	0.	
-1.66334e-002	0.368443	0.	1.	
Dynamic:	0	

Frame:	790
1.	5.70214e-004	0.	0.	
-5.70214e-004	1.	0.	0.	
0.	0.	1.	0.	
-1.25794e-002	0.369038	0.	1.	
Dynamic:	0	

Frame:	791
1.	5.43275e-004	0.	0.	
-5.43275e-004	1.	0.	0.	
0.	0.	1.	0.	
-1.68503e-002	0.36841	0.	1.	
Dynamic:	0	

Frame:	792
1.	5.68761e-004	0.	0.	
-5.68761e-004	1.	0.	0.	
0.	0.	1.	0.	
-1.28006e-002	0.369007	0.	1.	
Dynamic:	0	

Frame:	793
1.	5.40283e-004	0.	0.	
-5.40283e-004	1.	0.	0.	
0.	0.	1.	0.	
-1.73358e-002	0.368337	0.	1.	
Dynamic:	0	

Frame:	794
1.	5.15465e-004	0.	0.	
-5.15465e-004	1.	0.	0.	
0.	0.	1.	0.	
-2.1297e-002	0.36775	0.	1.	
Dynamic:	0	

Frame:	795
1.	5.37893e-004	0.	0.	
-5.37893e-004	1.	0.	0.	
0.	0.	1.	0.	
-1.77093e-002	0.368282	0.	1.	
Dynamic:	0	

Frame:	796
1.	5.12416e-004	0.	0.	
-5.12416e-004	1.	0.	0.	
0.	0.	1.	0.	
-2.17937e-002	0.367675	0.	1.	
Dynamic:	0	

Frame:	797
1.	5.34641e-004	0.	0.	
-5.34641e-004	1.	0.	0.	
0.	0.	1.	0.	
-1.82227e-002	0.368207	0.	1.	
Dynamic:	0	

Frame:	798
1.	5.08034e-004	0.	0.	
-5.08034e-004	1.	0.	0.	
0.	0.	1.	0.	
-2.25073e-002	0.367568	0.	1.	
Dynamic:	0	

Frame:	799
1.	4.84158e-004	0.	0.	
-4.84158e-004	1.	0.	0.	
0.	0.	1.	0.	
-2.63605e-002	0.366991	0.	1.	
Dynamic:	0	

Frame:	800
1.	5.03734e-004	0.	0.	
-5.03734e-004	1.	0.	0.	
0.	0.	1.	0.	
-2.31942e-002	0.367466	0.	1.	
Dynamic:	0	

Frame:	801
1.	4.79737e-004	0.	0.	
-4.79737e-004	1.	0.	0.	
0.	0.	1.	0.	
-2.7084e-002	0.366881	0.	1.	
Dynamic:	0	

Frame:	802
1.	5.26574e-004	0.	0.	
-5.26574e-004	1.	0.	0.	
0.	0.	1.	0.	
-1.94753e-002	0.368027	0.	1.	
Dynamic:	0	

Frame:	803
1.	4.72826e-004	0.	0.	
-4.72826e-004	1.	0.	0.	
0.	0.	1.	0.	
-2.82259e-002	0.366707	0.	1.	
Dynamic:	0	

Frame:	804
1.	4.50532e-004	0.	0.	
-4.50532e-004	1.	0.	0.	
0.	0.	1.	0.	
-3.18635e-002	0.366157	0.	1.	
Dynamic:	0	

Frame:	805
1.	4.60486e-004	0.	0.	
-4.60486e-004	1.	0.	0.	
0.	0.	1.	0.	
-3.02358e-002	0.366403	0.	1.	
Dynamic:	0	

Frame:	806
1.	4.44391e-004	0.	0.	
-4.44391e-004	1.	0.	0.	
0.	0.	1.	0.	
-3.28733e-002	0.366003	0.	1.	
Dynamic:	0	

Frame:	807
1.	5.87446e-004	0.	0.	
-5.87446e-004	1.	0.	0.	
0.	0.	1.	0.	
-9.38001e-003	0.369578	0.	1.	
Dynamic:	0	

Frame:	808
1.	4.23135e-004	0.	0.	
-4.23135e-004	1.	0.	0.	
0.	0.	1.	0.	
-3.64224e-002	0.365455	0.	1.	
Dynamic:	0	

Frame:	809
1.	6.65777e-004	0.	0.	
-6.65777e-004	1.	0.	0.	
0.	0.	1.	0.	
3.59757e-003	0.371571	0.	1.	
Dynamic:	0	

Frame:	810
1.	4.19185e-004	0.	0.	
-4.19185e-004	1.	0.	0.	
0.	0.	1.	0.	
-3.71614e-002	0.365329	0.	1.	
Dynamic:	0	

Frame:	811
1.	3.6772e-004	0.	0.	
-3.6772e-004	1.	0.	0.	
0.	0.	1.	0.	
-4.56865e-002	0.364022	0.	1.	
Dynamic:	0	

Frame:	812
1.	5.58837e-004	0.	0.	
-5.58837e-004	1.	0.	0.	
0.	0.	1.	0.	
-1.39609e-002	0.368898	0.	1.	
Dynamic:	0	

Frame:	813
1.	3.51854e-004	0.	0.	
-3.51854e-004	1.	0.	0.	
0.	0.	1.	0.	
-4.83936e-002	0.363596	0.	1.	
Dynamic:	0	

Frame:	814
1.	6.42587e-004	0.	0.	
-6.42587e-004	1.	0.	0.	
0.	0.	1.	0.	
7.41202e-005	0.371076	0.	1.	
Dynamic:	0	

Frame:	815
1.	4.04584e-004	0.	0.	
-4.04584e-004	1.	0.	0.	
0.	0.	1.	0.	
-3.96872e-002	0.364926	0.	1.	
Dynamic:	0	

Frame:	816
1.	6.66778e-004	0.	0.	
-6.66778e-004	1.	0.	0.	
0.	0.	1.	0.	
4.20848e-003	0.37173	0.	1.	
Dynamic:	0	

Frame:	817
1.	4.19816e-004	0.	0.	
-4.19816e-004	1.	0.	0.	
0.	0.	1.	0.	
-3.72247e-002	0.365294	0.	1.	
Dynamic:	0	

Frame:	818
1.	2.64324e-004	0.	0.	
-2.64324e-004	1.	0.	0.	
0.	0.	1.	0.	
-6.33677e-002	0.361231	0.	1.	
Dynamic:	0	

Frame:	819
1.	5.57024e-004	0.	0.	
-5.57024e-004	1.	0.	0.	
0.	0.	1.	0.	
-1.40526e-002	0.368915	0.	1.	
Dynamic:	0	

Frame:	820
1.	3.50713e-004	0.	0.	
-3.50713e-004	1.	0.	0.	
0.	0.	1.	0.	
-4.88855e-002	0.363475	0.	1.	
Dynamic:	0	

Frame:	821
1.	5.98057e-004	0.	0.	
-5.98057e-004	1.	0.	0.	
0.	0.	1.	0.	
-7.03736e-003	0.370025	0.	1.	
Dynamic:	0	

Frame:	822
1.	3.76547e-004	0.	0.	
-3.76547e-004	1.	0.	0.	
0.	0.	1.	0.	
-4.45929e-002	0.364135	0.	1.	
Dynamic:	0	

Frame:	823
1.	6.05738e-004	0.	0.	
-6.05738e-004	1.	0.	0.	
0.	0.	1.	0.	
-5.65393e-003	0.370254	0.	1.	
Dynamic:	0	

Frame:	824
1.	3.81384e-004	0.	0.	
-3.81384e-004	1.	0.	0.	
0.	0.	1.	0.	
-4.38506e-002	0.364239	0.	1.	
Dynamic:	0	

Frame:	825
1.	2.40126e-004	0.	0.	
-2.40126e-004	1.	0.	0.	
0.	0.	1.	0.	
-6.79506e-002	0.360441	0.	1.	
Dynamic:	0	

Frame:	826
1.	4.98543e-004	0.	0.	
-4.98543e-004	1.	0.	0.	
0.	0.	1.	0.	
-2.3771e-002	0.36742	0.	1.	
Dynamic:	0	

Frame:	827
1.	3.13892e-004	0.	0.	
-3.13892e-004	1.	0.	0.	
0.	0.	1.	0.	
-5.54046e-002	0.362412	0.	1.	
Dynamic:	0	

Frame:	828
1.	5.32131e-004	0.	0.	
-5.32131e-004	1.	0.	0.	
0.	0.	1.	0.	
-1.79397e-002	0.368356	0.	1.	
Dynamic:	0	

Frame:	829
1.	3.35039e-004	0.	0.	
-3.35039e-004	1.	0.	0.	
0.	0.	1.	0.	
-5.18439e-002	0.362966	0.	1.	
Dynamic:	0	

Frame:	830
1.	5.33412e-004	0.	0.	
-5.33412e-004	1.	0.	0.	
0.	0.	1.	0.	
-1.76492e-002	0.368412	0.	1.	
Dynamic:	0	

Frame:	831
1.	3.35846e-004	0.	0.	
-3.35846e-004	1.	0.	0.	
0.	0.	1.	0.	
-5.17748e-002	0.362966	0.	1.	
Dynamic:	0	

Frame:	832
1.	2.11455e-004	0.	0.	
-2.11455e-004	1.	0.	0.	
0.	0.	1.	0.	
-7.33054e-002	0.359527	0.	1.	
Dynamic:	0	

Frame:	833
1.	4.36445e-004	0.	0.	
-4.36445e-004	1.	0.	0.	
0.	0.	1.	0.	
-3.4283e-002	0.365774	0.	1.	
Dynamic:	0	

Frame:	834
1.	2.74794e-004	0.	0.	
-2.74794e-004	1.	0.	0.	
0.	0.	1.	0.	
-6.23769e-002	0.361267	0.	1.	
Dynamic:	0	

Frame:	835
1.	4.57859e-004	0.	0.	
-4.57859e-004	1.	0.	0.	
0.	0.	1.	0.	
-3.04967e-002	0.366392	0.	1.	
Dynamic:	0	

Frame:	836
1.	2.88276e-004	0.	0.	
-2.88276e-004	1.	0.	0.	
0.	0.	1.	0.	
-6.00889e-002	0.361626	0.	1.	
Dynamic:	0	

Frame:	837
1.	4.5914e-004	0.	0.	
-4.5914e-004	1.	0.	0.	
0.	0.	1.	0.	
-3.02127e-002	0.366447	0.	1.	
Dynamic:	0	

Frame:	838
1.	2.89083e-004	0.	0.	
-2.89083e-004	1.	0.	0.	
0.	0.	1.	0.	
-6.00079e-002	0.36163	0.	1.	
Dynamic:	0	

Frame:	839
1.	1.82012e-004	0.	0.	
-1.82012e-004	1.	0.	0.	
0.	0.	1.	0.	
-7.88058e-002	0.358588	0.	1.	
Dynamic:	0	

Frame:	840
1.	3.65475e-004	0.	0.	
-3.65475e-004	1.	0.	0.	
0.	0.	1.	0.	
-4.65316e-002	0.363822	0.	1.	
Dynamic:	0	

Frame:	841
1.	2.3011e-004	0.	0.	
-2.3011e-004	1.	0.	0.	
0.	0.	1.	0.	
-7.03923e-002	0.359944	0.	1.	
Dynamic:	0	

Frame:	842
1.	3.88335e-004	0.	0.	
-3.88335e-004	1.	0.	0.	
0.	0.	1.	0.	
-4.24462e-002	0.364495	0.	1.	
Dynamic:	0	

Frame:	843
1.	2.44503e-004	0.	0.	
-2.44503e-004	1.	0.	0.	
0.	0.	1.	0.	
-6.7901e-002	0.360342	0.	1.	
Dynamic:	0	

Frame:	844
1.	3.75876e-004	0.	0.	
-3.75876e-004	1.	0.	0.	
0.	0.	1.	0.	
-4.46048e-002	0.364149	0.	1.	
Dynamic:	0	

Frame:	845
1.	2.36658e-004	0.	0.	
-2.36658e-004	1.	0.	0.	
0.	0.	1.	0.	
-6.93412e-002	0.360099	0.	1.	
Dynamic:	0	

Frame:	846
1.	3.60747e-004	0.	0.	
-3.60747e-004	1.	0.	0.	
0.	0.	1.	0.	
-4.7249e-002	0.363723	0.	1.	
Dynamic:	0	

Frame:	847
1.	2.27133e-004	0.	0.	
-2.27133e-004	1.	0.	0.	
0.	0.	1.	0.	
-7.10843e-002	0.359806	0.	1.	
Dynamic:	0	

Frame:	848
1.	3.28757e-004	0.	0.	
-3.28757e-004	1.	0.	0.	
0.	0.	1.	0.	
-5.29197e-002	0.362796	0.	1.	
Dynamic:	0	

Frame:	849
1.	2.06992e-004	0.	0.	
-2.06992e-004	1.	0.	0.	
0.	0.	1.	0.	
-7.47274e-002	0.3592	0.	1.	
Dynamic:	0	

Frame:	850
1.	1.30326e-004	0.	0.	
-1.30326e-004	1.	0.	0.	
0.	0.	1.	0.	
-8.84853e-002	0.356929	0.	1.	
Dynamic:	0	

Frame:	851
1.	2.55837e-004	0.	0.	
-2.55837e-004	1.	0.	0.	
0.	0.	1.	0.	
-6.59178e-002	0.360662	0.	1.	
Dynamic:	0	

Frame:	852
1.	1.6108e-004	0.	0.	
-1.6108e-004	1.	0.	0.	
0.	0.	1.	0.	
-8.2989e-002	0.357833	0.	1.	
Dynamic:	0	

Frame:	853
1.	2.56179e-004	0.	0.	
-2.56179e-004	1.	0.	0.	
0.	0.	1.	0.	
-6.58226e-002	0.360683	0.	1.	
Dynamic:	0	

Frame:	854
1.	1.61295e-004	0.	0.	
-1.61295e-004	1.	0.	0.	
0.	0.	1.	0.	
-8.29836e-002	0.357829	0.	1.	
Dynamic:	0	

Frame:	855
1.	2.39806e-004	0.	0.	
-2.39806e-004	1.	0.	0.	
0.	0.	1.	0.	
-6.87561e-002	0.360199	0.	1.	
Dynamic:	0	

Frame:	856
1.	1.50987e-004	0.	0.	
-1.50987e-004	1.	0.	0.	
0.	0.	1.	0.	
-8.4883e-002	0.357507	0.	1.	
Dynamic:	0	

Frame:	857
1.	2.15512e-004	0.	0.	
-2.15512e-004	1.	0.	0.	
0.	0.	1.	0.	
-7.31445e-002	0.35947	0.	1.	
Dynamic:	0	

Frame:	858
1.	1.3569e-004	0.	0.	
-1.3569e-004	1.	0.	0.	
0.	0.	1.	0.	
-8.7694e-002	0.357033	0.	1.	
Dynamic:	0	

Frame:	859
1.	8.54329e-005	0.	0.	
-8.54329e-005	1.	0.	0.	
0.	0.	1.	0.	
-9.68725e-002	0.355494	0.	1.	
Dynamic:	0	

Frame:	860
1.	1.54019e-004	0.	0.	
-1.54019e-004	1.	0.	0.	
0.	0.	1.	0.	
-8.43223e-002	0.357603	0.	1.	
Dynamic:	0	

Frame:	861
1.	9.69735e-005	0.	0.	
-9.69735e-005	1.	0.	0.	
0.	0.	1.	0.	
-9.47809e-002	0.355843	0.	1.	
Dynamic:	0	

Frame:	862
1.	1.45604e-004	0.	0.	
-1.45604e-004	1.	0.	0.	
0.	0.	1.	0.	
-8.58481e-002	0.357348	0.	1.	
Dynamic:	0	

Frame:	863
1.	9.16746e-005	0.	0.	
-9.16746e-005	1.	0.	0.	
0.	0.	1.	0.	
-9.57732e-002	0.355672	0.	1.	
Dynamic:	0	

Frame:	864
1.	1.23617e-004	0.	0.	
-1.23617e-004	1.	0.	0.	
0.	0.	1.	0.	
-8.98832e-002	0.356669	0.	1.	
Dynamic:	0	

Frame:	865
1.	-2.89916e-004	0.	0.	
2.89916e-004	1.	0.	0.	
0.	0.	1.	0.	
-0.166135	0.34327	0.	1.	
Dynamic:	0	

Frame:	866
1.	-3.08473e-004	0.	0.	
3.08473e-004	1.	0.	0.	
0.	0.	1.	0.	
-0.16956	0.342658	0.	1.	
Dynamic:	0	

Frame:	867
1.	3.42903e-004	0.	0.	
-3.42903e-004	1.	0.	0.	
0.	0.	1.	0.	
-4.89188e-002	0.363682	0.	1.	
Dynamic:	0	

Frame:	868
1.	-3.20561e-004	0.	0.	
3.20561e-004	1.	0.	0.	
0.	0.	1.	0.	
-0.17203	0.342184	0.	1.	
Dynamic:	0	

Frame:	869
1.	3.67929e-004	0.	0.	
-3.67929e-004	1.	0.	0.	
0.	0.	1.	0.	
-4.40264e-002	0.364552	0.	1.	
Dynamic:	0	

Frame:	870
1.	-3.33775e-004	0.	0.	
3.33775e-004	1.	0.	0.	
0.	0.	1.	0.	
-0.174731	0.341665	0.	1.	
Dynamic:	0	

Frame:	871
1.	3.60882e-004	0.	0.	
-3.60882e-004	1.	0.	0.	
0.	0.	1.	0.	
-4.50957e-002	0.364406	0.	1.	
Dynamic:	0	

Frame:	872
1.	-3.34261e-004	0.	0.	
3.34261e-004	1.	0.	0.	
0.	0.	1.	0.	
-0.175066	0.341571	0.	1.	
Dynamic:	0	

Frame:	873
1.	3.43073e-004	0.	0.	
-3.43073e-004	1.	0.	0.	
0.	0.	1.	0.	
-4.8191e-002	0.36391	0.	1.	
Dynamic:	0	

Frame:	874
1.	-3.47791e-004	0.	0.	
3.47791e-004	1.	0.	0.	
0.	0.	1.	0.	
-0.177841	0.341037	0.	1.	
Dynamic:	0	

Frame:	875
1.	-3.55483e-004	0.	0.	
3.55483e-004	1.	0.	0.	
0.	0.	1.	0.	
-0.179285	0.340775	0.	1.	
Dynamic:	0	

Frame:	876
1.	4.44442e-004	0.	0.	
-4.44442e-004	1.	0.	0.	
0.	0.	1.	0.	
-2.85812e-002	0.36737	0.	1.	
Dynamic:	0	

Frame:	877
1.	-3.72628e-004	0.	0.	
3.72628e-004	1.	0.	0.	
0.	0.	1.	0.	
-0.182799	0.3401	0.	1.	
Dynamic:	0	

Frame:	878
1.	3.70346e-004	0.	0.	
-3.70346e-004	1.	0.	0.	
0.	0.	1.	0.	
-4.2321e-002	0.36503	0.	1.	
Dynamic:	0	

Frame:	879
1.	-3.89336e-004	0.	0.	
3.89336e-004	1.	0.	0.	
0.	0.	1.	0.	
-0.186222	0.339441	0.	1.	
Dynamic:	0	

Frame:	880
1.	-3.81105e-004	0.	0.	
3.81105e-004	1.	0.	0.	
0.	0.	1.	0.	
-0.184662	0.339725	0.	1.	
Dynamic:	0	

Frame:	881
1.	-3.90555e-004	0.	0.	
3.90555e-004	1.	0.	0.	
0.	0.	1.	0.	
-0.186456	0.339398	0.	1.	
Dynamic:	0	

Frame:	882
1.	4.8211e-004	0.	0.	
-4.8211e-004	1.	0.	0.	
0.	0.	1.	0.	
-2.02034e-002	0.369004	0.	1.	
Dynamic:	0	

Frame:	883
1.	-3.90555e-004	0.	0.	
3.90555e-004	1.	0.	0.	
0.	0.	1.	0.	
-0.186764	0.3393	0.	1.	
Dynamic:	0	

Frame:	884
1.	-4.14704e-004	0.	0.	
4.14704e-004	1.	0.	0.	
0.	0.	1.	0.	
-0.191375	0.338456	0.	1.	
Dynamic:	0	

Frame:	885
1.	-4.25395e-004	0.	0.	
4.25395e-004	1.	0.	0.	
0.	0.	1.	0.	
-0.19342	0.338081	0.	1.	
Dynamic:	0	

Frame:	886
1.	4.47269e-004	0.	0.	
-4.47269e-004	1.	0.	0.	
0.	0.	1.	0.	
-2.59536e-002	0.368129	0.	1.	
Dynamic:	0	

Frame:	887
1.	-4.25395e-004	0.	0.	
4.25395e-004	1.	0.	0.	
0.	0.	1.	0.	
-0.193728	0.337984	0.	1.	
Dynamic:	0	

Frame:	888
1.	-4.37395e-004	0.	0.	
4.37395e-004	1.	0.	0.	
0.	0.	1.	0.	
-0.196036	0.337559	0.	1.	
Dynamic:	0	

Frame:	889
1.	4.35269e-004	0.	0.	
-4.35269e-004	1.	0.	0.	
0.	0.	1.	0.	
-2.76522e-002	0.367917	0.	1.	
Dynamic:	0	

Frame:	890
1.	-4.37395e-004	0.	0.	
4.37395e-004	1.	0.	0.	
0.	0.	1.	0.	
-0.196344	0.337461	0.	1.	
Dynamic:	0	

Frame:	891
1.	-4.60854e-004	0.	0.	
4.60854e-004	1.	0.	0.	
0.	0.	1.	0.	
-0.200882	0.336623	0.	1.	
Dynamic:	0	

Frame:	892
1.	-4.73833e-004	0.	0.	
4.73833e-004	1.	0.	0.	
0.	0.	1.	0.	
-0.203397	0.336158	0.	1.	
Dynamic:	0	

Frame:	893
1.	3.98832e-004	0.	0.	
-3.98832e-004	1.	0.	0.	
0.	0.	1.	0.	
-3.37986e-002	0.366958	0.	1.	
Dynamic:	0	

Frame:	894
1.	-4.73833e-004	0.	0.	
4.73833e-004	1.	0.	0.	
0.	0.	1.	0.	
-0.203704	0.336061	0.	1.	
Dynamic:	0	

Frame:	895
1.	-4.85808e-004	0.	0.	
4.85808e-004	1.	0.	0.	
0.	0.	1.	0.	
-0.206038	0.335628	0.	1.	
Dynamic:	0	

Frame:	896
1.	-5.10689e-004	0.	0.	
5.10689e-004	1.	0.	0.	
0.	0.	1.	0.	
-0.210894	0.334725	0.	1.	
Dynamic:	0	

Frame:	897
1.	-4.96692e-004	0.	0.	
4.96692e-004	1.	0.	0.	
0.	0.	1.	0.	
-0.208157	0.335234	0.	1.	
Dynamic:	0	

Frame:	898
1.	-5.12149e-004	0.	0.	
5.12149e-004	1.	0.	0.	
0.	0.	1.	0.	
-0.211185	0.33467	0.	1.	
Dynamic:	0	

Frame:	899
1.	3.60515e-004	0.	0.	
-3.60515e-004	1.	0.	0.	
0.	0.	1.	0.	
-3.97575e-002	0.366108	0.	1.	
Dynamic:	0	

Frame:	900
1.	-5.12149e-004	0.	0.	
5.12149e-004	1.	0.	0.	
0.	0.	1.	0.	
-0.211493	0.334574	0.	1.	
Dynamic:	0	

Frame:	901
1.	-5.32574e-004	0.	0.	
5.32574e-004	1.	0.	0.	
0.	0.	1.	0.	
-0.215516	0.333822	0.	1.	
Dynamic:	0	

Frame:	902
1.	-5.50062e-004	0.	0.	
5.50062e-004	1.	0.	0.	
0.	0.	1.	0.	
-0.218967	0.333176	0.	1.	
Dynamic:	0	

Frame:	903
1.	-5.41452e-004	0.	0.	
5.41452e-004	1.	0.	0.	
0.	0.	1.	0.	
-0.217264	0.333495	0.	1.	
Dynamic:	0	

Frame:	904
1.	-5.59181e-004	0.	0.	
5.59181e-004	1.	0.	0.	
0.	0.	1.	0.	
-0.220775	0.332836	0.	1.	
Dynamic:	0	

Frame:	905
1.	3.13484e-004	0.	0.	
-3.13484e-004	1.	0.	0.	
0.	0.	1.	0.	
-4.75207e-002	0.36492	0.	1.	
Dynamic:	0	

Frame:	906
1.	-5.59181e-004	0.	0.	
5.59181e-004	1.	0.	0.	
0.	0.	1.	0.	
-0.221084	0.33274	0.	1.	
Dynamic:	0	

Frame:	907
1.	-5.76535e-004	0.	0.	
5.76535e-004	1.	0.	0.	
0.	0.	1.	0.	
-0.224538	0.33209	0.	1.	
Dynamic:	0	

Frame:	908
1.	-5.96538e-004	0.	0.	
5.96538e-004	1.	0.	0.	
0.	0.	1.	0.	
-0.228528	0.331338	0.	1.	
Dynamic:	0	

Frame:	909
1.	-5.82288e-004	0.	0.	
5.82288e-004	1.	0.	0.	
0.	0.	1.	0.	
-0.225681	0.331875	0.	1.	
Dynamic:	0	

Frame:	910
1.	-6.02435e-004	0.	0.	
6.02435e-004	1.	0.	0.	
0.	0.	1.	0.	
-0.229713	0.331113	0.	1.	
Dynamic:	0	

Frame:	911
1.	-5.8236e-004	0.	0.	
5.8236e-004	1.	0.	0.	
0.	0.	1.	0.	
-0.225688	0.331874	0.	1.	
Dynamic:	0	

Frame:	912
1.	-6.08562e-004	0.	0.	
6.08562e-004	1.	0.	0.	
0.	0.	1.	0.	
-0.230951	0.330878	0.	1.	
Dynamic:	0	

Frame:	913
1.	-5.88236e-004	0.	0.	
5.88236e-004	1.	0.	0.	
0.	0.	1.	0.	
-0.226861	0.331653	0.	1.	
Dynamic:	0	

Frame:	914
1.	-6.13732e-004	0.	0.	
6.13732e-004	1.	0.	0.	
0.	0.	1.	0.	
-0.232	0.330678	0.	1.	
Dynamic:	0	

Frame:	915
1.	-5.93187e-004	0.	0.	
5.93187e-004	1.	0.	0.	
0.	0.	1.	0.	
-0.227852	0.331466	0.	1.	
Dynamic:	0	

Frame:	916
1.	-6.18272e-004	0.	0.	
6.18272e-004	1.	0.	0.	
0.	0.	1.	0.	
-0.232925	0.330502	0.	1.	
Dynamic:	0	

Frame:	917
1.	-5.97529e-004	0.	0.	
5.97529e-004	1.	0.	0.	
0.	0.	1.	0.	
-0.228722	0.331301	0.	1.	
Dynamic:	0	

Frame:	918
1.	-6.22609e-004	0.	0.	
6.22609e-004	1.	0.	0.	
0.	0.	1.	0.	
-0.233813	0.330332	0.	1.	
Dynamic:	0	

Frame:	919
1.	-6.01674e-004	0.	0.	
6.01674e-004	1.	0.	0.	
0.	0.	1.	0.	
-0.229556	0.331143	0.	1.	
Dynamic:	0	

Frame:	920
1.	-6.26333e-004	0.	0.	
6.26333e-004	1.	0.	0.	
0.	0.	1.	0.	
-0.234579	0.330185	0.	1.	
Dynamic:	0	

Frame:	921
1.	-6.05226e-004	0.	0.	
6.05226e-004	1.	0.	0.	
0.	0.	1.	0.	
-0.230272	0.331008	0.	1.	
Dynamic:	0	

Frame:	922
1.	-6.29612e-004	0.	0.	
6.29612e-004	1.	0.	0.	
0.	0.	1.	0.	
-0.235257	0.330054	0.	1.	
Dynamic:	0	

Frame:	923
1.	-6.08347e-004	0.	0.	
6.08347e-004	1.	0.	0.	
0.	0.	1.	0.	
-0.230903	0.330888	0.	1.	
Dynamic:	0	

Frame:	924
1.	-6.33076e-004	0.	0.	
6.33076e-004	1.	0.	0.	
0.	0.	1.	0.	
-0.235975	0.329916	0.	1.	
Dynamic:	0	

Frame:	925
1.	-6.11647e-004	0.	0.	
6.11647e-004	1.	0.	0.	
0.	0.	1.	0.	
-0.231572	0.33076	0.	1.	
Dynamic:	0	

Frame:	926
1.	-6.3386e-004	0.	0.	
6.3386e-004	1.	0.	0.	
0.	0.	1.	0.	
-0.236144	0.329883	0.	1.	
Dynamic:	0	

Frame:	927
1.	-6.13974e-004	0.	0.	
6.13974e-004	1.	0.	0.	
0.	0.	1.	0.	
-0.232044	0.330671	0.	1.	
Dynamic:	0	

Frame:	928
1.	-6.36218e-004	0.	0.	
6.36218e-004	1.	0.	0.	
0.	0.	1.	0.	
-0.236638	0.329787	0.	1.	
Dynamic:	0	

Frame:	929
1.	-6.1597e-004	0.	0.	
6.1597e-004	1.	0.	0.	
0.	0.	1.	0.	
-0.232449	0.330593	0.	1.	
Dynamic:	0	

Frame:	930
1.	-6.38236e-004	0.	0.	
6.38236e-004	1.	0.	0.	
0.	0.	1.	0.	
-0.237063	0.329704	0.	1.	
Dynamic:	0	

Frame:	931
1.	-6.17814e-004	0.	0.	
6.17814e-004	1.	0.	0.	
0.	0.	1.	0.	
-0.232824	0.330522	0.	1.	
Dynamic:	0	

Frame:	932
1.	-6.40095e-004	0.	0.	
6.40095e-004	1.	0.	0.	
0.	0.	1.	0.	
-0.237457	0.329627	0.	1.	
Dynamic:	0	

Frame:	933
1.	-6.19462e-004	0.	0.	
6.19462e-004	1.	0.	0.	
0.	0.	1.	0.	
-0.233159	0.330458	0.	1.	
Dynamic:	0	

Frame:	934
1.	-6.41748e-004	0.	0.	
6.41748e-004	1.	0.	0.	
0.	0.	1.	0.	
-0.237809	0.329559	0.	1.	
Dynamic:	0	

Frame:	935
1.	-6.20396e-004	0.	0.	
6.20396e-004	1.	0.	0.	
0.	0.	1.	0.	
-0.233346	0.330422	0.	1.	
Dynamic:	0	

Frame:	936
1.	-6.42666e-004	0.	0.	
6.42666e-004	1.	0.	0.	
0.	0.	1.	0.	
-0.238009	0.329519	0.	1.	
Dynamic:	0	

Frame:	937
1.	-6.21425e-004	0.	0.	
6.21425e-004	1.	0.	0.	
0.	0.	1.	0.	
-0.233554	0.330383	0.	1.	
Dynamic:	0	

Frame:	938
1.	-6.4368e-004	0.	0.	
6.4368e-004	1.	0.	0.	
0.	0.	1.	0.	
-0.238229	0.329476	0.	1.	
Dynamic:	0	

Frame:	939
1.	-6.22288e-004	0.	0.	
6.22288e-004	1.	0.	0.	
0.	0.	1.	0.	
-0.233728	0.33035	0.	1.	
Dynamic:	0	

Frame:	940
1.	-6.44519e-004	0.	0.	
6.44519e-004	1.	0.	0.	
0.	0.	1.	0.	
-0.238414	0.329439	0.	1.	
Dynamic:	0	

Frame:	941
1.	-6.2246e-004	0.	0.	
6.2246e-004	1.	0.	0.	
0.	0.	1.	0.	
-0.233756	0.330345	0.	1.	
Dynamic:	0	

Frame:	942
1.	-6.44469e-004	0.	0.	
6.44469e-004	1.	0.	0.	
0.	0.	1.	0.	
-0.238411	0.329439	0.	1.	
Dynamic:	0	

Frame:	943
1.	-6.22227e-004	0.	0.	
6.22227e-004	1.	0.	0.	
0.	0.	1.	0.	
-0.233699	0.330357	0.	1.	
Dynamic:	0	

Frame:	944
1.	-6.44974e-004	0.	0.	
6.44974e-004	1.	0.	0.	
0.	0.	1.	0.	
-0.238526	0.329416	0.	1.	
Dynamic:	0	

Frame:	945
1.	-6.22668e-004	0.	0.	
6.22668e-004	1.	0.	0.	
0.	0.	1.	0.	
-0.233785	0.330341	0.	1.	
Dynamic:	0	

Frame:	946
1.	-6.44194e-004	0.	0.	
6.44194e-004	1.	0.	0.	
0.	0.	1.	0.	
-0.238368	0.329446	0.	1.	
Dynamic:	0	

Frame:	947
1.	-6.21868e-004	0.	0.	
6.21868e-004	1.	0.	0.	
0.	0.	1.	0.	
-0.233606	0.330376	0.	1.	
Dynamic:	0	

Frame:	948
1.	-6.44029e-004	0.	0.	
6.44029e-004	1.	0.	0.	
0.	0.	1.	0.	
-0.238341	0.329451	0.	1.	
Dynamic:	0	

Frame:	949
1.	-6.21662e-004	0.	0.	
6.21662e-004	1.	0.	0.	
0.	0.	1.	0.	
-0.233554	0.330387	0.	1.	
Dynamic:	0	

Frame:	950
1.	-6.43211e-004	0.	0.	
6.43211e-004	1.	0.	0.	
0.	0.	1.	0.	
-0.238174	0.329483	0.	1.	
Dynamic:	0	

Frame:	951
1.	-6.20826e-004	0.	0.	
6.20826e-004	1.	0.	0.	
0.	0.	1.	0.	
-0.233367	0.330425	0.	1.	
Dynamic:	0	

Frame:	952
1.	-6.42142e-004	0.	0.	
6.42142e-004	1.	0.	0.	
0.	0.	1.	0.	
-0.237952	0.329525	0.	1.	
Dynamic:	0	

Frame:	953
1.	-6.19749e-004	0.	0.	
6.19749e-004	1.	0.	0.	
0.	0.	1.	0.	
-0.233128	0.330472	0.	1.	
Dynamic:	0	

Frame:	954
1.	-6.41204e-004	0.	0.	
6.41204e-004	1.	0.	0.	
0.	0.	1.	0.	
-0.237757	0.329563	0.	1.	
Dynamic:	0	

Frame:	955
1.	-6.18797e-004	0.	0.	
6.18797e-004	1.	0.	0.	
0.	0.	1.	0.	
-0.232914	0.330515	0.	1.	
Dynamic:	0	

Frame:	956
1.	-6.40053e-004	0.	0.	
6.40053e-004	1.	0.	0.	
0.	0.	1.	0.	
-0.237516	0.32961	0.	1.	
Dynamic:	0	

Frame:	957
1.	-6.1764e-004	0.	0.	
6.1764e-004	1.	0.	0.	
0.	0.	1.	0.	
-0.232656	0.330566	0.	1.	
Dynamic:	0	

Frame:	958
1.	-6.38078e-004	0.	0.	
6.38078e-004	1.	0.	0.	
0.	0.	1.	0.	
-0.237095	0.329692	0.	1.	
Dynamic:	0	

Frame:	959
1.	-6.15689e-004	0.	0.	
6.15689e-004	1.	0.	0.	
0.	0.	1.	0.	
-0.232224	0.330652	0.	1.	
Dynamic:	0	

Frame:	960
1.	-6.36964e-004	0.	0.	
6.36964e-004	1.	0.	0.	
0.	0.	1.	0.	
-0.23686	0.329738	0.	1.	
Dynamic:	0	

Frame:	961
1.	-6.14569e-004	0.	0.	
6.14569e-004	1.	0.	0.	
0.	0.	1.	0.	
-0.231972	0.330702	0.	1.	
Dynamic:	0	

Frame:	962
1.	-6.34945e-004	0.	0.	
6.34945e-004	1.	0.	0.	
0.	0.	1.	0.	
-0.236427	0.329823	0.	1.	
Dynamic:	0	

Frame:	963
1.	-6.13377e-004	0.	0.	
6.13377e-004	1.	0.	0.	
0.	0.	1.	0.	
-0.231704	0.330756	0.	1.	
Dynamic:	0	

Frame:	964
1.	-6.33281e-004	0.	0.	
6.33281e-004	1.	0.	0.	
0.	0.	1.	0.	
-0.23607	0.329893	0.	1.	
Dynamic:	0	

Frame:	965
1.	-6.11332e-004	0.	0.	
6.11332e-004	1.	0.	0.	
0.	0.	1.	0.	
-0.231247	0.330847	0.	1.	
Dynamic:	0	

Frame:	966
1.	-6.31125e-004	0.	0.	
6.31125e-004	1.	0.	0.	
0.	0.	1.	0.	
-0.235603	0.329985	0.	1.	
Dynamic:	0	

Frame:	967
1.	-6.08936e-004	0.	0.	
6.08936e-004	1.	0.	0.	
0.	0.	1.	0.	
-0.230712	0.330953	0.	1.	
Dynamic:	0	

Frame:	968
1.	-6.28606e-004	0.	0.	
6.28606e-004	1.	0.	0.	
0.	0.	1.	0.	
-0.235055	0.330093	0.	1.	
Dynamic:	0	

Frame:	969
1.	-6.48028e-004	0.	0.	
6.48028e-004	1.	0.	0.	
0.	0.	1.	0.	
-0.23935	0.329241	0.	1.	
Dynamic:	0	

Frame:	970
1.	-5.66421e-004	0.	0.	
5.66421e-004	1.	0.	0.	
0.	0.	1.	0.	
-0.212312	0.299292	0.	1.	
Dynamic:	0	

Frame:	971
1.	-4.89596e-004	0.	0.	
4.89596e-004	1.	0.	0.	
0.	0.	1.	0.	
-0.181101	0.249555	0.	1.	
Dynamic:	0	

Frame:	972
1.	-3.19234e-004	0.	0.	
3.19234e-004	1.	0.	0.	
0.	0.	1.	0.	
-0.119418	0.167605	0.	1.	
Dynamic:	0	

Frame:	973
1.	0.	0.	0.	
0.	1.	0.	0.	
0.	0.	1.	0.	
-2.97919e-002	0.111844	0.	1.	
Dynamic:	0	

Frame:	974
1.	0.	0.	0.	
0.	1.	0.	0.	
0.	0.	1.	0.	
-1.26616e-002	4.75339e-002	0.	1.	
Dynamic:	0	

Frame:	975
1.	0.	0.	0.	
0.	1.	0.	0.	
0.	0.	1.	0.	
0.	0.	0.	1.	
Dynamic:	0	

Frame:	976
1.	0.	0.	0.	
0.	1.	0.	0.	
0.	0.	1.	0.	
0.	0.	0.	1.	
Dynamic:	0	

Frame:	977
1.	0.	0.	0.	
0.	1.	0.	0.	
0.	0.	1.	0.	
0.	0.	0.	1.	
Dynamic:	0	

Frame:	978
1.	0.	0.	0.	
0.	1.	0.	0.	
0.	0.	1.	0.	
0.	0.	0.	1.	
Dynamic:	0	

Frame:	979
1.	0.	0.	0.	
0.	1.	0.	0.	
0.	0.	1.	0.	
0.	0.	0.	1.	
Dynamic:	0	

Frame:	980
1.	0.	0.	0.	
0.	1.	0.	0.	
0.	0.	1.	0.	
0.	0.	0.	1.	
Dynamic:	0	

Frame:	981
1.	0.	0.	0.	
0.	1.	0.	0.	
0.	0.	1.	0.	
0.	0.	0.	1.	
Dynamic:	0	

Frame:	982
1.	0.	0.	0.	
0.	1.	0.	0.	
0.	0.	1.	0.	
0.	0.	0.	1.	
Dynamic:	0	

Frame:	983
1.	0.	0.	0.	
0.	1.	0.	0.	
0.	0.	1.	0.	
0.	0.	0.	1.	
Dynamic:	0	

Frame:	984
1.	0.	0.	0.	
0.	1.	0.	0.	
0.	0.	1.	0.	
0.	0.	0.	1.	
Dynamic:	0	

Frame:	985
1.	0.	0.	0.	
0.	1.	0.	0.	
0.	0.	1.	0.	
0.	0.	0.	1.	
Dynamic:	0	

Frame:	986
1.	0.	0.	0.	
0.	1.	0.	0.	
0.	0.	1.	0.	
0.	0.	0.	1.	
Dynamic:	0	

Frame:	987
1.	0.	0.	0.	
0.	1.	0.	0.	
0.	0.	1.	0.	
0.	0.	0.	1.	
Dynamic:	0	

Frame:	988
1.	0.	0.	0.	
0.	1.	0.	0.	
0.	0.	1.	0.	
0.	0.	0.	1.	
Dynamic:	0	

Frame:	989
1.	0.	0.	0.	
0.	1.	0.	0.	
0.	0.	1.	0.	
0.	0.	0.	1.	
Dynamic:	0	

Frame:	990
1.	0.	0.	0.	
0.	1.	0.	0.	
0.	0.	1.	0.	
0.	0.	0.	1.	
Dynamic:	0	

Frame:	991
1.	0.	0.	0.	
0.	1.	0.	0.	
0.	0.	1.	0.	
0.	0.	0.	1.	
Dynamic:	0	

Frame:	992
1.	0.	0.	0.	
0.	1.	0.	0.	
0.	0.	1.	0.	
0.	0.	0.	1.	
Dynamic:	0	

Frame:	993
1.	0.	0.	0.	
0.	1.	0.	0.	
0.	0.	1.	0.	
0.	0.	0.	1.	
Dynamic:	0	

Frame:	994
1.	0.	0.	0.	
0.	1.	0.	0.	
0.	0.	1.	0.	
0.	0.	0.	1.	
Dynamic:	0	

Frame:	995
1.	0.	0.	0.	
0.	1.	0.	0.	
0.	0.	1.	0.	
0.	0.	0.	1.	
Dynamic:	0	

Frame:	996
1.	0.	0.	0.	
0.	1.	0.	0.	
0.	0.	1.	0.	
0.	0.	0.	1.	
Dynamic:	0	

Frame:	997
1.	0.	0.	0.	
0.	1.	0.	0.	
0.	0.	1.	0.	
0.	0.	0.	1.	
Dynamic:	0	

Frame:	998
1.	0.	0.	0.	
0.	1.	0.	0.	
0.	0.	1.	0.	
0.	0.	0.	1.	
Dynamic:	0	

Frame:	999
1.	0.	0.	0.	
0.	1.	0.	0.	
0.	0.	1.	0.	
0.	0.	0.	1.	
Dynamic:	0	

Frame:	1000
1.	0.	0.	0.	
0.	1.	0.	0.	
0.	0.	1.	0.	
0.	0.	0.	1.	
Dynamic:	0	

Frame:	1001
1.	0.	0.	0.	
0.	1.	0.	0.	
0.	0.	1.	0.	
0.	0.	0.	1.	
Dynamic:	0	

Frame:	1002
1.	0.	0.	0.	
0.	1.	0.	0.	
0.	0.	1.	0.	
0.	0.	0.	1.	
Dynamic:	0	

