Time	FPS	Frame	Crash	RB	RU	LU	LB	OC	Dither	DAngle	swAngle	OX	OY	OZ	HX	HY	HZ	HA	Speed
2.47533e-005	40398.6	1	0	1	1	1	1	1	0.	0.	0.	0.	0.	0.	0.	1.	0.	0.	0.	
1.265	0.790532	2	0	1	1	1	1	1	2.22045e-016	0.	0.	0.	0.	0.	0.	1.	0.	0.	0.	
1.38621	8.25016	3	0	1	1	1	1	1	2.22045e-016	0.	0.	0.	0.	0.	0.	1.	0.	0.	0.	
1.48609	10.0113	4	0	1	1	1	1	1	2.22045e-016	0.	0.	0.	0.	0.	0.	1.	0.	0.	0.	
1.50299	59.1857	5	0	1	1	1	1	1	2.22045e-016	0.	0.	0.	0.	0.	0.	1.	0.	0.	0.	
1.51997	58.8995	6	0	1	1	1	1	1	2.22045e-016	0.	0.	0.	0.	0.	0.	1.	0.	0.	0.	
1.53598	62.4469	7	0	1	1	1	1	1	2.22045e-016	0.	0.	0.	0.	0.	0.	1.	0.	0.	0.	
1.55295	58.9131	8	0	1	1	1	1	1	2.22045e-016	0.	0.	0.	0.	0.	0.	1.	0.	0.	0.	
1.56996	58.7971	9	0	1	1	1	1	1	2.22045e-016	0.	0.	0.	0.	0.	0.	1.	0.	0.	0.	
1.58596	62.5224	10	0	1	1	1	1	1	2.22045e-016	0.	0.	0.	0.	0.	0.	1.	0.	0.	0.	
1.60201	62.2966	11	0	1	1	1	1	1	2.22045e-016	0.	0.	0.	0.	0.	0.	1.	0.	0.	0.	
1.61896	58.9939	12	0	1	1	1	1	1	2.22045e-016	0.	0.	0.	0.	0.	0.	1.	0.	0.	0.	
1.63496	62.4882	13	0	1	1	1	1	1	2.22045e-016	0.	0.	0.	0.	0.	0.	1.	0.	0.	0.	
1.65097	62.4893	14	0	1	1	1	1	1	2.22045e-016	0.	0.	0.	0.	0.	0.	1.	0.	0.	0.	
1.66796	58.8315	15	0	1	1	1	1	1	2.22045e-016	0.	0.	0.	0.	0.	0.	1.	0.	0.	0.	
1.68397	62.4858	16	0	1	1	1	1	1	2.22045e-016	0.	0.	0.	0.	0.	0.	1.	0.	0.	0.	
1.69996	62.5224	17	0	1	1	1	1	1	2.22045e-016	0.	0.	0.	0.	0.	0.	1.	0.	0.	0.	
1.71705	58.5011	18	0	1	1	1	1	1	2.22045e-016	0.	0.	0.	0.	0.	0.	1.	0.	0.	0.	
1.73296	62.8581	19	0	1	1	1	1	1	2.22045e-016	0.	0.	0.	0.	0.	0.	1.	0.	0.	0.	
1.74897	62.4893	20	0	1	1	1	1	1	2.22045e-016	0.	0.	0.	0.	0.	0.	1.	0.	0.	0.	
1.7664	57.3734	21	0	1	1	1	1	1	2.22045e-016	0.	0.	0.	0.	0.	0.	1.	0.	0.	0.	
1.78609	50.7886	22	0	1	1	1	1	1	2.22045e-016	0.	0.	0.	0.	0.	0.	1.	0.	0.	0.	
1.80297	59.2154	23	0	1	1	1	1	1	2.22045e-016	0.	0.	0.	0.	0.	0.	1.	0.	0.	0.	
1.81897	62.5247	24	0	1	1	1	1	1	2.22045e-016	0.	0.	0.	0.	0.	0.	1.	0.	0.	0.	
1.83597	58.8106	25	0	1	1	1	1	1	2.22045e-016	0.	0.	0.	0.	0.	0.	1.	0.	0.	0.	
1.85197	62.5082	26	0	1	1	1	1	1	2.22045e-016	0.	0.	0.	0.	0.	0.	1.	0.	0.	0.	
1.86897	58.8117	27	0	1	1	1	1	1	2.22045e-016	0.	0.	0.	0.	0.	0.	1.	0.	0.	0.	
1.88498	62.4493	28	0	1	1	1	1	1	2.22045e-016	0.	0.	0.	0.	0.	0.	1.	0.	0.	0.	
1.90099	62.487	29	0	1	1	1	1	1	2.22045e-016	0.	0.	0.	0.	0.	0.	1.	0.	0.	0.	
1.91799	58.8305	30	0	1	1	1	1	1	2.22045e-016	0.	0.	0.	0.	0.	0.	1.	0.	0.	0.	
1.93399	62.487	31	0	1	1	1	1	1	2.22045e-016	0.	0.	0.	0.	0.	0.	1.	0.	0.	0.	
1.95102	58.7022	32	0	1	1	1	1	1	2.22045e-016	0.	0.	0.	0.	0.	0.	1.	0.	0.	0.	
1.96799	58.9582	33	0	1	1	1	1	1	2.22045e-016	0.	0.	0.	0.	0.	0.	1.	0.	0.	0.	
1.985	58.772	34	0	1	1	1	1	1	2.22045e-016	0.	0.	0.	0.	0.	0.	1.	0.	0.	0.	
2.00099	62.5424	35	0	1	1	1	1	1	2.22045e-016	0.	0.	0.	0.	0.	0.	1.	0.	0.	0.	
2.01799	58.8106	36	0	1	1	1	1	1	2.22045e-016	0.	0.	0.	0.	0.	0.	1.	0.	0.	0.	
2.03498	58.8576	37	0	1	1	1	1	1	2.22045e-016	0.	0.	0.	0.	0.	0.	1.	0.	0.	0.	
2.05199	58.7887	38	0	1	1	1	1	1	2.22045e-016	0.	0.	0.	0.	0.	0.	1.	0.	0.	0.	
2.068	62.4693	39	0	1	1	1	1	1	2.22045e-016	0.	0.	0.	0.	0.	0.	1.	0.	0.	0.	
2.08499	58.865	40	0	1	1	1	1	1	2.22045e-016	0.	0.	0.	0.	0.	0.	1.	0.	0.	0.	
2.10199	58.8033	41	0	1	1	1	1	1	2.22045e-016	0.	0.	0.	0.	0.	0.	1.	0.	0.	0.	
2.119	58.8023	42	0	1	1	1	1	1	2.22045e-016	0.	0.	0.	0.	0.	0.	1.	0.	0.	0.	
2.13599	58.8514	43	0	1	1	1	1	1	2.22045e-016	0.	0.	0.	0.	0.	0.	1.	0.	0.	0.	
2.15301	58.7606	44	0	1	1	1	1	1	2.22045e-016	0.	0.	0.	0.	0.	0.	1.	0.	0.	0.	
2.17001	58.8263	45	0	1	1	1	1	1	2.22045e-016	0.	0.	0.	0.	0.	0.	1.	0.	0.	0.	
2.18701	58.82	46	0	1	1	1	1	1	2.22045e-016	0.	0.	0.	0.	0.	0.	1.	0.	0.	0.	
2.203	62.5601	47	0	1	1	1	1	1	2.22045e-016	0.	0.	0.	0.	0.	0.	1.	0.	0.	0.	
2.22002	58.7408	48	0	1	1	1	1	1	2.22045e-016	0.	0.	0.	0.	0.	0.	1.	0.	0.	0.	
2.236	62.5731	49	0	1	1	1	1	1	2.22045e-016	0.	0.	0.	0.	0.	0.	1.	0.	0.	0.	
2.25303	58.7158	50	0	1	1	1	1	1	2.22045e-016	0.	0.	0.	0.	0.	0.	1.	0.	0.	0.	
2.27001	58.888	51	0	1	1	1	1	1	2.22045e-016	0.	0.	0.	0.	0.	0.	1.	0.	0.	0.	
2.28699	58.9163	52	0	1	1	1	1	1	2.22045e-016	0.	0.	0.	0.	0.	0.	1.	0.	0.	0.	
2.30402	58.7064	53	0	1	1	1	1	1	2.22045e-016	0.	0.	0.	0.	0.	0.	1.	0.	0.	0.	
2.32002	62.5106	54	0	1	1	1	1	1	2.22045e-016	0.	0.	0.	0.	0.	0.	1.	0.	0.	0.	
2.33601	62.5483	55	0	1	1	1	1	1	2.22045e-016	0.	0.	0.	0.	0.	0.	1.	0.	0.	0.	
2.35304	58.7074	56	0	1	1	1	1	1	2.22045e-016	0.	0.	0.	0.	0.	0.	1.	0.	0.	0.	
2.37003	58.8712	57	0	1	1	1	1	1	2.22045e-016	0.	0.	0.	0.	0.	0.	1.	0.	0.	0.	
2.38702	58.8461	58	0	1	1	1	1	1	2.22045e-016	0.	0.	0.	0.	0.	0.	1.	0.	0.	0.	
2.40304	62.4081	59	0	1	1	1	1	1	2.22045e-016	0.	0.	0.	0.	0.	0.	1.	0.	0.	0.	
2.42004	58.8367	60	0	1	1	1	1	1	2.22045e-016	0.	0.	0.	0.	0.	0.	1.	0.	0.	0.	
2.43702	58.8786	61	0	1	1	1	1	1	2.22045e-016	0.	0.	0.	0.	0.	0.	1.	0.	0.	0.	
2.45302	62.5271	62	0	1	1	1	1	1	2.22045e-016	0.	0.	0.	0.	0.	0.	1.	0.	0.	0.	
2.47001	58.8305	63	0	1	1	1	1	1	2.22045e-016	0.	0.	0.	0.	0.	0.	1.	0.	0.	0.	
2.48703	58.7606	64	0	1	1	1	1	1	2.22045e-016	0.	0.	0.	0.	0.	0.	1.	0.	0.	0.	
2.50403	58.843	65	0	1	1	1	1	1	2.22045e-016	0.	0.	0.	0.	0.	0.	1.	0.	0.	0.	
2.52105	58.7585	66	0	1	1	1	1	1	2.22045e-016	0.	0.	0.	0.	0.	0.	1.	0.	0.	0.	
2.53705	62.487	67	0	1	1	1	1	1	2.22045e-016	0.	0.	0.	0.	0.	0.	1.	0.	0.	0.	
2.55403	58.9006	68	0	1	1	1	1	1	2.22045e-016	0.	0.	0.	0.	0.	0.	1.	0.	0.	0.	
2.57003	62.4964	69	0	1	1	1	1	1	2.22045e-016	0.	0.	0.	0.	0.	0.	1.	0.	0.	0.	
2.58701	58.8807	70	0	1	1	1	1	1	2.22045e-016	0.	0.	0.	0.	0.	0.	1.	0.	0.	0.	
2.60302	62.4752	71	0	1	1	1	1	1	2.22045e-016	0.	0.	0.	0.	0.	0.	1.	0.	0.	0.	
2.62003	58.7804	72	0	1	1	1	1	1	2.22045e-016	0.	0.	0.	0.	0.	0.	1.	0.	0.	0.	
2.63602	62.5377	73	0	1	1	1	1	1	2.22045e-016	0.	0.	0.	0.	0.	0.	1.	0.	0.	0.	
2.6521	62.1855	74	0	1	1	1	1	1	2.22045e-016	0.	0.	0.	0.	0.	0.	1.	0.	0.	0.	
2.66903	59.0612	75	0	1	1	1	1	1	2.22045e-016	0.	0.	0.	0.	0.	0.	1.	0.	0.	0.	
2.68605	58.7553	76	0	1	1	1	1	1	2.22045e-016	0.	0.	0.	0.	0.	0.	1.	0.	0.	0.	
2.70202	62.6359	77	0	1	1	1	1	1	2.22045e-016	0.	0.	0.	0.	0.	0.	1.	0.	0.	0.	
2.71905	58.7095	78	0	1	1	1	1	1	2.22045e-016	0.	0.	0.	0.	0.	0.	1.	0.	0.	0.	
2.73601	58.9645	79	0	1	1	1	1	1	2.22045e-016	0.	0.	0.	0.	0.	0.	1.	0.	0.	0.	
2.75302	58.8002	80	0	1	1	1	1	1	2.22045e-016	0.	0.	0.	0.	0.	0.	1.	0.	0.	0.	
2.76904	62.4258	81	0	1	1	1	1	1	2.22045e-016	0.	0.	0.	0.	0.	0.	1.	0.	0.	0.	
2.78603	58.8284	82	0	1	1	1	1	1	2.22045e-016	0.	0.	0.	0.	0.	0.	1.	0.	0.	0.	
2.80303	58.8378	83	0	1	1	1	1	1	2.22045e-016	0.	0.	0.	0.	0.	0.	1.	0.	0.	0.	
2.82006	58.7283	84	0	1	1	1	1	1	2.22045e-016	0.	0.	0.	0.	0.	0.	1.	0.	0.	0.	
2.83602	62.6584	85	0	1	1	1	1	1	2.22045e-016	0.	0.	0.	0.	0.	0.	1.	0.	0.	0.	
2.85207	62.3072	86	0	1	1	1	1	1	2.22045e-016	0.	0.	0.	0.	0.	0.	1.	0.	0.	0.	
2.86804	62.5921	87	0	1	1	1	1	1	2.22045e-016	0.	0.	0.	0.	0.	0.	1.	0.	0.	0.	
2.88506	58.7658	88	0	1	1	1	1	1	2.22045e-016	0.	0.	0.	0.	0.	0.	1.	0.	0.	0.	
2.90104	62.5672	89	0	1	1	1	1	1	2.22045e-016	0.	0.	0.	0.	0.	0.	1.	0.	0.	0.	
2.91804	58.8315	90	0	1	1	1	1	1	2.22045e-016	0.	0.	0.	0.	0.	0.	1.	0.	0.	0.	
2.93504	58.8367	91	0	1	1	1	1	1	2.22045e-016	0.	0.	0.	0.	0.	0.	1.	0.	0.	0.	
2.95203	58.8357	92	0	1	1	1	1	1	2.22045e-016	0.	0.	0.	0.	0.	0.	1.	0.	0.	0.	
2.96803	62.5283	93	0	1	1	1	1	1	2.22045e-016	0.	0.	0.	0.	0.	0.	1.	0.	0.	0.	
2.98503	58.8023	94	0	1	1	1	1	1	2.22045e-016	0.	0.	0.	0.	0.	0.	1.	0.	0.	0.	
3.00102	62.5389	95	0	1	1	1	1	1	2.22045e-016	0.	0.	0.	0.	0.	0.	1.	0.	0.	0.	
3.01802	58.82	96	0	1	1	1	1	1	2.22045e-016	0.	0.	0.	0.	0.	0.	1.	0.	0.	0.	
3.03402	62.5094	97	0	1	1	1	1	1	2.22045e-016	0.	0.	0.	0.	0.	0.	1.	0.	0.	0.	
3.05103	58.8054	98	0	1	1	1	1	1	2.22045e-016	0.	0.	0.	0.	0.	0.	1.	0.	0.	0.	
3.06802	58.8315	99	0	1	1	1	1	1	2.22045e-016	0.	0.	0.	0.	0.	0.	1.	0.	0.	0.	
3.08502	58.8273	100	0	1	1	1	1	1	2.22045e-016	0.	0.	0.	0.	0.	0.	1.	0.	0.	0.	
3.10103	62.4658	101	0	1	1	1	1	1	2.22045e-016	0.	0.	0.	0.	0.	0.	1.	0.	0.	0.	
3.11802	58.8493	102	0	1	1	1	1	1	2.22045e-016	0.	0.	0.	0.	0.	0.	1.	0.	0.	0.	
3.13503	58.8075	103	0	1	1	1	1	1	2.22045e-016	0.	0.	0.	0.	0.	0.	1.	0.	0.	0.	
3.15203	58.8326	104	0	1	1	1	1	1	2.22045e-016	0.	0.	0.	0.	0.	0.	1.	0.	0.	0.	
3.16903	58.8033	105	0	1	1	1	1	1	2.22045e-016	0.	0.	0.	0.	0.	0.	1.	0.	0.	0.	
3.18603	58.8409	106	0	1	1	1	1	1	2.22045e-016	0.	0.	0.	0.	0.	0.	1.	0.	0.	0.	
3.20469	53.579	107	0	1	1	1	1	1	2.22045e-016	0.	0.	0.	0.	0.	0.	1.	0.	0.	0.	
3.22103	61.2055	108	0	1	1	1	1	1	2.22045e-016	0.	0.	0.	0.	0.	0.	1.	0.	0.	0.	
3.23803	58.8179	109	0	1	1	1	1	1	2.22045e-016	0.	0.	0.	0.	0.	0.	1.	0.	0.	0.	
3.25508	58.643	110	0	1	1	1	1	1	2.22045e-016	0.	0.	0.	0.	0.	0.	1.	0.	0.	0.	
3.27203	59.0013	111	0	1	1	1	1	1	2.22045e-016	0.	0.	0.	0.	0.	0.	1.	0.	0.	0.	
3.28903	58.8211	112	0	1	1	1	1	1	2.22045e-016	0.	0.	0.	0.	0.	0.	1.	0.	0.	0.	
3.30634	57.7717	113	0	1	1	1	1	1	2.22045e-016	0.	0.	0.	0.	0.	0.	1.	0.	0.	0.	
3.32304	59.9006	114	0	1	1	1	1	1	2.22045e-016	0.	0.	0.	0.	0.	0.	1.	0.	0.	0.	
3.33904	62.5011	115	0	1	1	1	1	1	2.22045e-016	0.	0.	0.	0.	0.	0.	1.	0.	0.	0.	
3.35504	62.5047	116	0	1	1	1	1	1	2.22045e-016	0.	0.	0.	0.	0.	0.	1.	0.	0.	0.	
3.37104	62.4976	117	0	1	1	1	1	1	2.22045e-016	0.	0.	0.	0.	0.	0.	1.	0.	0.	0.	
3.38804	58.8221	118	0	1	1	1	1	1	2.22045e-016	0.	0.	0.	0.	0.	0.	1.	0.	0.	0.	
3.40504	58.8242	119	0	1	1	1	1	1	2.22045e-016	0.	0.	0.	0.	0.	0.	1.	0.	0.	0.	
3.42204	58.8232	120	0	1	1	1	1	1	2.22045e-016	0.	0.	0.	0.	0.	0.	1.	0.	0.	0.	
3.43804	62.4893	121	0	1	1	1	1	1	2.22045e-016	0.	0.	0.	0.	0.	0.	1.	0.	0.	0.	
3.45504	58.8211	122	0	1	1	1	1	1	2.22045e-016	0.	0.	0.	0.	0.	0.	1.	0.	0.	0.	
3.47204	58.8158	123	0	1	1	1	1	1	2.22045e-016	0.	0.	0.	0.	0.	0.	1.	0.	0.	0.	
3.48904	58.8273	124	0	1	1	1	1	1	2.22045e-016	0.	0.	0.	0.	0.	0.	1.	0.	0.	0.	
3.50604	58.8169	125	0	1	1	1	1	1	2.22045e-016	0.	0.	0.	0.	0.	0.	1.	0.	0.	0.	
3.52305	58.796	126	0	1	1	1	1	1	2.22045e-016	0.	0.	0.	0.	0.	0.	1.	0.	0.	0.	
3.54004	58.8472	127	0	1	1	1	1	1	2.22045e-016	0.	0.	0.	0.	0.	0.	1.	0.	0.	0.	
3.55717	58.4031	128	0	1	1	1	1	1	2.22045e-016	0.	0.	0.	0.	0.	0.	1.	0.	0.	0.	
3.57404	59.2493	129	0	1	1	1	1	1	2.22045e-016	0.	0.	0.	0.	0.	0.	1.	0.	0.	0.	
3.59104	58.8242	130	0	1	1	1	1	1	2.22045e-016	0.	0.	0.	0.	0.	0.	1.	0.	0.	0.	
3.60805	58.8117	131	0	1	1	1	1	1	2.22045e-016	0.	0.	0.	0.	0.	0.	1.	0.	0.	0.	
3.62405	62.5035	132	0	1	1	1	1	1	2.22045e-016	0.	0.	0.	0.	0.	0.	1.	0.	0.	0.	
3.64107	58.7251	133	0	1	1	1	1	1	2.22045e-016	0.	0.	0.	0.	0.	0.	1.	0.	0.	0.	
3.65805	58.9226	134	0	1	1	1	1	1	2.22045e-016	0.	0.	0.	0.	0.	0.	1.	0.	0.	0.	
3.67406	62.4564	135	0	1	1	1	1	1	2.22045e-016	0.	0.	0.	0.	0.	0.	1.	0.	0.	0.	
3.69105	58.8556	136	0	1	1	1	1	1	2.22045e-016	0.	0.	0.	0.	0.	0.	1.	0.	0.	0.	
3.70805	58.8138	137	0	1	1	1	1	1	2.22045e-016	0.	0.	0.	0.	0.	0.	1.	0.	0.	0.	
3.72506	58.8002	138	0	1	1	1	1	1	2.22045e-016	0.	0.	0.	0.	0.	0.	1.	0.	0.	0.	
3.74205	58.8409	139	0	1	1	1	1	1	2.22045e-016	0.	0.	0.	0.	0.	0.	1.	0.	0.	0.	
3.75905	58.8315	140	0	1	1	1	1	1	2.22045e-016	0.	0.	0.	0.	0.	0.	1.	0.	0.	0.	
3.77505	62.4964	141	0	1	1	1	1	1	2.22045e-016	0.	0.	0.	0.	0.	0.	1.	0.	0.	0.	
3.79205	58.82	142	0	1	1	1	1	1	2.22045e-016	0.	0.	0.	0.	0.	0.	1.	0.	0.	0.	
3.80906	58.7856	143	0	1	1	1	1	1	2.22045e-016	0.	0.	0.	0.	0.	0.	1.	0.	0.	0.	
3.82605	58.8587	144	0	1	1	1	1	1	2.22045e-016	0.	0.	0.	0.	0.	0.	1.	0.	0.	0.	
3.84306	58.8085	145	0	1	1	1	1	1	2.22045e-016	0.	0.	0.	0.	0.	0.	1.	0.	0.	0.	
3.86006	58.8273	146	0	1	1	1	1	1	2.22045e-016	0.	0.	0.	0.	0.	0.	1.	0.	0.	0.	
3.87606	62.4964	147	0	1	1	1	1	1	2.22045e-016	0.	0.	0.	0.	0.	0.	1.	0.	0.	0.	
3.89206	62.4858	148	0	1	1	1	1	1	2.22045e-016	0.	0.	0.	0.	0.	0.	1.	0.	0.	0.	
3.90806	62.5023	149	0	1	1	1	1	1	2.22045e-016	0.	0.	0.	0.	0.	0.	1.	0.	0.	0.	
3.92506	58.8117	150	0	1	1	1	1	1	2.22045e-016	0.	0.	0.	0.	0.	0.	1.	0.	0.	0.	
3.94206	58.843	151	0	1	1	1	1	1	2.22045e-016	0.	0.	0.	0.	0.	0.	1.	0.	0.	0.	
3.95907	58.7908	152	0	1	1	1	1	1	2.22045e-016	0.	0.	0.	0.	0.	0.	1.	0.	0.	0.	
3.97606	58.8388	153	0	1	1	1	1	1	2.22045e-016	0.	0.	0.	0.	0.	0.	1.	0.	0.	0.	
3.99207	62.4787	154	0	1	1	1	1	1	2.22045e-016	0.	0.	0.	0.	0.	0.	1.	0.	0.	0.	
4.00806	62.5271	155	0	1	1	1	1	1	2.22045e-016	0.	0.	0.	0.	0.	0.	1.	0.	0.	0.	
4.02506	58.82	156	0	1	1	1	1	1	2.22045e-016	0.	0.	0.	0.	0.	0.	1.	0.	0.	0.	
4.04207	58.7939	157	0	1	1	1	1	1	2.22045e-016	0.	0.	0.	0.	0.	0.	1.	0.	0.	0.	
4.05807	62.5117	158	0	1	1	1	1	1	2.22045e-016	0.	0.	0.	0.	0.	0.	1.	0.	0.	0.	
4.07507	58.8138	159	0	1	1	1	1	1	2.22045e-016	0.	0.	0.	0.	0.	0.	1.	0.	0.	0.	
4.09107	62.5	160	0	1	1	1	1	1	2.22045e-016	0.	0.	0.	0.	0.	0.	1.	0.	0.	0.	
4.10807	58.8367	161	0	1	1	1	1	1	2.22045e-016	0.	0.	0.	0.	0.	0.	1.	0.	0.	0.	
4.12507	58.7971	162	0	1	1	1	1	1	2.22045e-016	0.	0.	0.	0.	0.	0.	1.	0.	0.	0.	
4.14207	58.8294	163	0	1	1	1	1	1	2.22045e-016	0.	0.	0.	0.	0.	0.	1.	0.	0.	0.	
4.15807	62.5011	164	0	1	1	1	1	1	2.22045e-016	0.	0.	0.	0.	0.	0.	1.	0.	0.	0.	
4.17507	58.82	165	0	1	1	1	1	1	2.22045e-016	0.	0.	0.	0.	0.	0.	1.	0.	0.	0.	
4.19207	58.8326	166	0	1	1	1	1	1	2.22045e-016	0.	0.	0.	0.	0.	0.	1.	0.	0.	0.	
4.20908	58.8012	167	0	1	1	1	1	1	1.52656e-016	0.	0.	0.	5.55556e-002	0.	0.	1.	0.	0.	5.55556e-002	
4.22609	58.7814	168	0	1	2	2	1	1	3.60822e-016	0.	0.	0.	0.111111	0.	0.	1.	0.	0.	5.55556e-002	
4.24308	58.8712	169	0	1	2	2	1	1	0.	0.	0.	0.	0.166667	0.	0.	1.	0.	0.	5.55556e-002	
4.25907	62.5117	170	0	1	2	2	1	1	1.66533e-016	0.	0.	0.	0.222222	0.	0.	1.	0.	0.	5.55556e-002	
4.27608	58.8169	171	0	1	2	2	1	1	1.11022e-016	0.	0.	0.	0.277778	0.	0.	1.	0.	0.	5.55556e-002	
4.29309	58.7762	172	0	1	2	2	1	1	5.55112e-017	0.	0.	0.	0.333333	0.	0.	1.	0.	0.	5.55556e-002	
4.31008	58.8597	173	0	1	2	2	1	1	3.33067e-016	0.	0.	0.	0.388889	0.	0.	1.	0.	0.	5.55556e-002	
4.32708	58.8242	174	0	1	2	2	1	1	5.55112e-017	0.	0.	0.	0.444444	0.	0.	1.	0.	0.	5.55556e-002	
4.34308	62.4941	175	0	1	2	2	1	1	4.44089e-016	0.	0.	0.	0.5	0.	0.	1.	0.	0.	5.55556e-002	
4.35908	62.5106	176	0	1	2	2	1	1	2.22045e-016	0.	0.	0.	0.555556	0.	0.	1.	0.	0.	5.55556e-002	
4.37509	62.4646	177	0	1	2	2	1	1	2.22045e-016	0.	0.	0.	0.611111	0.	0.	1.	0.	0.	5.55556e-002	
4.39108	62.5165	178	0	1	2	2	1	1	1.11022e-016	0.	0.	0.	0.666667	0.	0.	1.	0.	0.	5.55556e-002	
4.40708	62.4952	179	0	1	2	2	1	1	3.33067e-016	0.	0.	0.	0.722222	0.	0.	1.	0.	0.	5.55556e-002	
4.42408	58.8367	180	0	1	2	2	1	1	1.11022e-016	0.	0.	0.	0.777778	0.	0.	1.	0.	0.	5.55556e-002	
4.44108	58.8158	181	0	1	2	2	1	1	1.11022e-016	0.	0.	0.	0.833333	0.	0.	1.	0.	0.	5.55556e-002	
4.45809	58.7991	182	0	1	2	2	1	1	2.22045e-016	0.	0.	0.	0.888889	0.	0.	1.	0.	0.	5.55556e-002	
4.4751	58.7762	183	0	1	2	2	1	1	2.22045e-016	0.	0.	0.	0.944444	0.	0.	1.	0.	0.	5.55556e-002	
4.4911	62.5259	184	0	1	2	2	1	1	2.22045e-016	0.	0.	0.	1.	0.	0.	1.	0.	0.	5.55556e-002	
4.50709	62.5353	185	0	1	2	2	1	1	0.	0.	0.	0.	1.05556	0.	0.	1.	0.	0.	5.55556e-002	
4.52309	62.4799	186	0	1	2	2	1	1	2.22045e-016	0.	0.	0.	1.11111	0.	0.	1.	0.	0.	5.55556e-002	
4.5391	62.4787	187	0	1	2	2	1	1	0.	0.	0.	0.	1.16667	0.	0.	1.	0.	0.	5.55556e-002	
4.55609	58.8409	188	0	1	2	2	1	1	2.22045e-016	0.	0.	0.	1.22222	0.	0.	1.	0.	0.	5.55556e-002	
4.57209	62.5047	189	0	1	2	2	1	1	2.22045e-016	0.	0.	0.	1.27778	0.	0.	1.	0.	0.	5.55556e-002	
4.58809	62.5094	190	0	1	2	2	1	1	2.22045e-016	0.	0.	0.	1.33333	0.	0.	1.	0.	0.	5.55556e-002	
4.60587	56.2502	191	0	1	2	2	1	1	0.	0.	0.	0.	1.38889	0.	0.	1.	0.	0.	5.55556e-002	
4.6231	58.0135	192	0	1	2	2	1	1	0.	0.	0.	0.	1.44444	0.	0.	1.	0.	0.	5.55556e-002	
4.64041	57.7787	193	0	1	2	2	1	1	0.	0.	0.	0.	1.5	0.	0.	1.	0.	0.	5.55556e-002	
4.65709	59.9407	194	0	1	2	2	1	1	0.	0.	0.	0.	1.55556	0.	0.	1.	0.	0.	5.55556e-002	
4.67409	58.8315	195	0	1	2	2	1	1	0.	0.	0.	0.	1.61111	0.	0.	1.	0.	0.	5.55556e-002	
4.69109	58.8179	196	0	1	2	2	1	1	2.22045e-016	0.	0.	0.	1.66667	0.	0.	1.	0.	0.	5.55556e-002	
4.7081	58.8106	197	0	1	2	2	1	1	0.	0.	0.	0.	1.77778	0.	0.	1.	0.	0.	0.111111	
4.72518	58.5373	198	0	1	2	2	1	1	2.22045e-016	0.	0.	0.	1.88889	0.	0.	1.	0.	0.	0.111111	
4.7421	59.0876	199	0	1	2	2	1	1	0.	0.	0.	0.	2.05556	0.	0.	1.	0.	0.	0.166667	
4.7591	58.8524	200	0	1	2	2	1	1	0.	0.	0.	0.	2.38889	0.	0.	1.	0.	0.	0.166667	
4.7761	58.8085	201	0	1	2	2	1	2	0.	0.	0.	0.	2.55556	0.	0.	1.	0.	0.	0.166667	
4.7931	58.8148	202	0	1	2	2	1	2	0.	0.	0.	0.	2.72222	0.	0.	1.	0.	0.	0.166667	
4.8101	58.8326	203	0	1	2	2	1	2	4.44089e-016	0.	0.	0.	2.88889	0.	0.	1.	0.	0.	0.166667	
4.82611	62.4611	204	0	1	2	2	1	2	0.	0.	0.	0.	3.05556	0.	0.	1.	0.	0.	0.166667	
4.84311	58.819	205	0	1	2	2	1	2	4.44089e-016	0.	0.	0.	3.22222	0.	0.	1.	0.	0.	0.166667	
4.8601	58.8587	206	0	1	2	2	1	2	4.44089e-016	0.	0.	0.	3.38889	0.	0.	1.	0.	0.	0.166667	
4.87711	58.7856	207	0	1	2	2	1	2	4.44089e-016	0.	0.	0.	3.55556	0.	0.	1.	0.	0.	0.166667	
4.8941	58.8576	208	0	1	2	2	1	2	0.	0.	0.	0.	3.72222	0.	0.	1.	0.	0.	0.166667	
4.91111	58.8023	209	0	1	2	2	1	2	4.44089e-016	0.	0.	0.	3.88889	0.	0.	1.	0.	0.	0.166667	
4.92811	58.8221	210	0	1	2	2	1	2	0.	0.	0.	0.	4.05556	0.	0.	1.	0.	0.	0.166667	
4.9441	62.5188	211	0	1	2	2	1	2	0.	0.	0.	0.	4.22222	0.	0.	1.	0.	0.	0.166667	
4.96011	62.487	212	0	1	2	2	1	2	0.	0.	0.	0.	4.38889	0.	0.	1.	0.	0.	0.166667	
4.97711	58.8221	213	0	1	2	2	1	2	0.	0.	0.	0.	4.55556	0.	0.	1.	0.	0.	0.166667	
4.99313	62.4305	214	0	1	2	2	1	2	0.	0.	0.	0.	4.72222	0.	0.	1.	0.	0.	0.166667	
5.01011	58.8943	215	0	2	3	3	2	2	8.88178e-016	0.	0.	0.	4.88889	0.	0.	1.	0.	0.	0.166667	
5.02711	58.8158	216	0	2	3	3	2	2	0.	0.	0.	0.	5.22222	0.	0.	1.	0.	0.	0.166667	
5.04311	62.4764	217	0	2	3	3	2	2	0.	0.	0.	0.	5.38889	0.	0.	1.	0.	0.	0.166667	
5.06014	58.7168	218	0	2	3	3	2	2	8.88178e-016	0.	0.	0.	5.55556	0.	0.	1.	0.	0.	0.166667	
5.07714	58.8524	219	0	2	3	3	2	2	0.	0.	0.	0.	5.72222	0.	0.	1.	0.	0.	0.166667	
5.09412	58.8629	220	0	2	3	3	2	2	0.	0.	0.	0.	5.88889	0.	0.	1.	0.	0.	0.166667	
5.11011	62.559	221	0	2	3	3	2	2	0.	0.	0.	0.	6.05556	0.	0.	1.	0.	0.	0.166667	
5.12713	58.7658	222	0	2	3	3	2	2	0.	0.	0.	0.	6.22222	0.	0.	1.	0.	0.	0.166667	
5.14313	62.4846	223	0	2	3	3	2	2	0.	0.	0.	0.	6.38889	0.	0.	1.	0.	0.	0.166667	
5.15913	62.5117	224	0	2	3	3	2	2	0.	0.	0.	0.	6.55556	0.	0.	1.	0.	0.	0.166667	
5.17613	58.8148	225	0	2	3	3	2	2	0.	0.	0.	0.	6.72222	0.	0.	1.	0.	0.	0.166667	
5.19213	62.5011	226	0	2	3	3	2	2	0.	0.	0.	0.	6.88889	0.	0.	1.	0.	0.	0.166667	
5.20917	58.6908	227	0	2	3	3	2	2	0.	0.	0.	0.	7.05556	0.	0.	1.	0.	0.	0.166667	
5.22612	58.9813	228	0	2	3	3	2	3	0.	0.	0.	0.	7.22222	0.	0.	1.	0.	0.	0.166667	
5.24314	58.7762	229	0	2	3	3	2	3	0.	0.	0.	0.	7.38889	0.	0.	1.	0.	0.	0.166667	
5.26012	58.8901	230	0	2	3	3	2	3	0.	0.	0.	0.	7.55556	0.	0.	1.	0.	0.	0.166667	
5.27612	62.4976	231	0	2	3	3	2	3	0.	0.	0.	0.	7.72222	0.	0.	1.	0.	0.	0.166667	
5.29313	58.7741	232	0	2	3	3	2	3	0.	0.	0.	0.	7.88889	0.	0.	1.	0.	0.	0.166667	
5.30913	62.4988	233	0	2	3	3	2	3	0.	0.	0.	0.	8.05556	0.	0.	1.	0.	0.	0.166667	
5.32615	58.747	234	0	2	3	3	2	3	1.77636e-015	0.	0.	0.	8.22222	0.	0.	1.	0.	0.	0.166667	
5.34314	58.8859	235	0	2	3	3	2	3	0.	0.	0.	0.	8.38889	0.	0.	1.	0.	0.	0.166667	
5.36012	58.8754	236	0	2	3	3	2	3	0.	0.	0.	0.	8.55556	0.	0.	1.	0.	0.	0.166667	
5.37714	58.7751	237	0	2	3	3	2	3	0.	0.	0.	0.	8.72222	0.	0.	1.	0.	0.	0.166667	
5.39412	58.8608	238	0	2	3	3	2	3	1.77636e-015	0.	0.	0.	8.88889	0.	0.	1.	0.	0.	0.166667	
5.41114	58.7793	239	0	2	3	3	2	3	0.	0.	0.	0.	9.05556	0.	0.	1.	0.	0.	0.166667	
5.42712	62.5531	240	0	2	3	3	2	3	0.	0.	0.	0.	9.22222	0.	0.	1.	0.	0.	0.166667	
5.44413	58.8179	241	0	2	4	4	2	3	0.	0.	0.	0.	9.38889	0.	0.	1.	0.	0.	0.166667	
5.46114	58.772	242	0	3	4	4	3	3	0.	0.	0.	0.	9.55556	0.	0.	1.	0.	0.	0.166667	
5.47714	62.4834	243	0	3	4	4	3	3	0.	0.	0.	0.	9.72222	0.	0.	1.	0.	0.	0.166667	
5.49415	58.7981	244	0	3	4	4	3	3	0.	0.	0.	0.	9.88889	0.	0.	1.	0.	0.	0.166667	
5.51113	58.9047	245	0	3	4	4	3	3	0.	0.	0.	0.	10.0556	0.	0.	1.	0.	0.	0.166667	
5.52814	58.7731	246	0	3	4	4	3	3	1.77636e-015	0.	0.	0.	10.3889	0.	0.	1.	0.	0.	0.166667	
5.54514	58.8221	247	0	3	4	4	3	3	1.77636e-015	0.	0.	0.	10.5556	0.	0.	1.	0.	0.	0.166667	
5.56215	58.8117	248	0	3	4	4	3	3	0.	0.	0.	0.	10.8889	0.	0.	1.	0.	0.	0.166667	
5.57914	58.8535	249	0	3	4	4	3	3	0.	0.	0.	0.	11.0556	0.	0.	1.	0.	0.	0.166667	
5.59513	62.5224	250	0	3	4	4	3	3	0.	0.	0.	0.	11.3889	0.	0.	1.	0.	0.	0.166667	
5.61213	58.8211	251	0	3	4	4	3	3	0.	0.	0.	0.	11.5556	0.	0.	1.	0.	0.	0.166667	
5.62817	62.3588	252	0	3	4	4	3	4	0.	1.49012e-008	0.	0.	11.8889	0.	0.	1.	0.	0.	0.166667	
5.64515	58.9047	253	0	3	4	4	3	4	1.77636e-015	1.49012e-008	0.	0.	12.0556	0.	0.	1.	0.	0.	0.166667	
5.66115	62.4905	254	0	3	4	4	3	4	0.	1.49012e-008	0.	0.	12.3889	0.	0.	1.	0.	0.	0.166667	
5.67715	62.4952	255	0	3	4	4	3	4	0.	1.49012e-008	0.	0.	12.5556	0.	0.	1.	0.	0.	0.166667	
5.69315	62.4799	256	0	3	4	4	3	4	0.	1.49012e-008	0.	0.	12.8889	0.	0.	1.	0.	0.	0.166667	
5.71015	58.8252	257	0	3	4	4	3	4	1.77636e-015	1.49012e-008	0.	0.	13.0556	0.	0.	1.	0.	0.	0.166667	
5.72715	58.8378	258	0	3	4	4	3	4	0.	1.49012e-008	0.	0.	13.3889	0.	0.	1.	0.	0.	0.166667	
5.74415	58.8096	259	0	3	4	4	3	4	1.77636e-015	1.49012e-008	0.	0.	13.5556	0.	0.	1.	0.	0.	0.166667	
5.76014	62.5613	260	0	3	4	4	3	4	0.	1.49012e-008	0.	0.	13.8889	0.	0.	1.	0.	0.	0.166667	
5.77714	58.8179	261	0	3	5	5	3	4	0.	1.49012e-008	0.	0.	14.0556	0.	0.	1.	0.	0.	0.166667	
5.79416	58.7512	262	0	4	5	5	4	4	1.77636e-015	1.49012e-008	0.	0.	14.3889	0.	0.	1.	0.	0.	0.166667	
5.81116	58.8347	263	0	4	5	5	4	4	1.77636e-015	1.49012e-008	0.	0.	14.5556	0.	0.	1.	0.	0.	0.166667	
5.82815	58.842	264	0	4	5	5	4	4	1.77636e-015	1.49012e-008	0.	0.	14.8889	0.	0.	1.	0.	0.	0.166667	
5.84514	58.8556	265	0	4	5	5	4	4	1.77636e-015	1.49012e-008	0.	0.	15.0556	0.	0.	1.	0.	0.	0.166667	
5.86114	62.5011	266	0	4	5	5	4	4	0.	1.49012e-008	0.	0.	15.3889	0.	0.	1.	0.	0.	0.166667	
5.87716	62.4399	267	0	4	5	5	4	4	0.	1.49012e-008	0.	0.	15.5556	0.	0.	1.	0.	0.	0.166667	
5.89316	62.4834	268	0	4	5	5	4	4	0.	1.49012e-008	0.	0.	15.8889	0.	0.	1.	0.	0.	0.166667	
5.90917	62.4834	269	0	4	5	5	4	4	0.	1.49012e-008	0.	0.	16.0556	0.	0.	1.	0.	0.	0.166667	
5.92615	58.8932	270	0	4	5	5	4	5	3.55271e-015	0.	0.	0.	16.3889	0.	0.	1.	0.	0.	0.166667	
5.94215	62.5	271	0	4	5	5	4	5	0.	0.	0.	0.	16.5556	0.	0.	1.	0.	0.	0.166667	
5.95815	62.4787	272	0	4	5	5	4	5	0.	0.	0.	0.	16.8889	0.	0.	1.	0.	0.	0.166667	
5.97516	58.8054	273	0	4	5	5	4	5	0.	0.	0.	0.	17.0556	0.	0.	1.	0.	0.	0.166667	
5.99217	58.7689	274	0	4	5	5	4	5	0.	0.	0.	0.	17.3889	0.	0.	1.	0.	0.	0.166667	
6.00917	58.8524	275	0	4	5	5	4	5	0.	0.	0.	0.	17.5556	0.	0.	1.	0.	0.	0.166667	
6.02615	58.8681	276	0	4	5	5	4	5	0.	0.	0.	0.	17.8889	0.	0.	1.	0.	0.	0.166667	
6.04317	58.7616	277	0	4	5	5	4	5	0.	0.	0.	0.	18.0556	0.	0.	1.	0.	0.	0.166667	
6.06019	58.7699	278	0	4	6	6	4	5	0.	0.	0.	0.	18.3889	0.	0.	1.	0.	0.	0.166667	
6.07719	58.8044	279	0	4	6	6	4	5	0.	0.	0.	0.	18.5556	0.	0.	1.	0.	0.	0.166667	
6.09417	58.9006	280	0	5	6	6	5	5	0.	0.	0.	0.	18.8889	0.	0.	1.	0.	0.	0.166667	
6.11116	58.8702	281	0	5	6	6	5	5	0.	0.	0.	0.	19.0556	0.	0.	1.	0.	0.	0.166667	
6.12818	58.7376	282	0	5	6	6	5	5	0.	0.	0.	0.	19.3889	0.	0.	1.	0.	0.	0.166667	
6.14516	58.9026	283	0	5	6	6	5	5	0.	0.	0.	0.	19.5556	0.	0.	1.	0.	0.	0.166667	
6.16217	58.7741	284	0	5	6	6	5	5	0.	0.	0.	0.	20.0556	0.	0.	1.	0.	0.	0.166667	
6.17916	58.8702	285	0	5	6	6	5	5	0.	0.	0.	0.	20.2222	0.	0.	1.	0.	0.	0.166667	
6.19518	62.4022	286	0	5	6	6	5	5	0.	0.	0.	0.	20.3889	0.	0.	1.	0.	0.	0.166667	
6.21217	58.8796	287	0	5	6	6	5	5	0.	0.	0.	0.	20.5556	0.	0.	1.	0.	0.	0.166667	
6.22916	58.842	288	0	5	6	6	5	5	0.	0.	0.	0.	20.7222	0.	0.	1.	0.	0.	0.166667	
6.24517	62.4528	289	0	5	6	6	5	6	0.	0.	0.	0.	20.8889	0.	0.	1.	0.	0.	0.166667	
6.26218	58.8138	290	0	5	6	6	5	6	0.	0.	0.	0.	21.0556	0.	0.	1.	0.	0.	0.166667	
6.27916	58.8744	291	0	5	6	6	5	6	0.	0.	0.	0.	21.3889	0.	0.	1.	0.	0.	0.166667	
6.29618	58.7647	292	0	5	6	6	5	6	0.	0.	0.	0.	21.5556	0.	0.	1.	0.	0.	0.166667	
6.31318	58.8179	293	0	5	6	6	5	6	0.	0.	0.	0.	21.7222	0.	0.	1.	0.	0.	0.166667	
6.33018	58.8169	294	0	5	6	6	5	6	0.	0.	0.	0.	21.8889	0.	0.	1.	0.	0.	0.166667	
6.34717	58.8838	295	0	5	6	6	5	6	0.	0.	0.	0.	22.0556	0.	0.	1.	0.	0.	0.166667	
6.36418	58.7689	296	0	5	6	6	5	6	0.	0.	0.	0.	22.2222	0.	0.	1.	0.	0.	0.166667	
6.38118	58.8357	297	0	5	6	6	5	6	0.	0.	0.	0.	22.3889	0.	0.	1.	0.	0.	0.166667	
6.39819	58.7772	298	0	5	6	6	5	6	0.	0.	0.	0.	22.5556	0.	0.	1.	0.	0.	0.166667	
6.41518	58.8482	299	0	5	6	6	5	6	0.	0.	0.	0.	22.7222	0.	0.	1.	0.	0.	0.166667	
6.43217	58.8608	300	0	5	7	7	5	6	0.	0.	0.	0.	22.8889	0.	0.	1.	0.	0.	0.166667	
6.4482	62.4093	301	0	5	7	7	5	6	0.	0.	0.	0.	23.0556	0.	0.	1.	0.	0.	0.166667	
6.46418	62.5531	302	0	6	7	7	6	6	0.	0.	0.	0.	23.2222	0.	0.	1.	0.	0.	0.166667	
6.4802	62.4387	303	0	6	7	7	6	6	0.	0.	0.	0.	23.3889	0.	0.	1.	0.	0.	0.166667	
6.49618	62.5661	304	0	6	7	7	6	6	0.	0.	0.	0.	23.5556	0.	0.	1.	0.	0.	0.166667	
6.5132	58.746	305	0	6	7	7	6	6	0.	0.	0.	0.	23.7222	0.	0.	1.	0.	0.	0.166667	
6.5302	58.8409	306	0	6	7	7	6	6	0.	0.	0.	0.	23.8889	0.	0.	1.	0.	0.	0.166667	
6.54718	58.8796	307	0	6	7	7	6	6	0.	0.	0.	0.	24.0556	0.	0.	1.	0.	0.	0.166667	
6.56323	62.3095	308	0	6	7	7	6	6	0.	0.	0.	0.	24.2222	0.	0.	1.	0.	0.	0.166667	
6.58018	58.9876	309	0	6	7	7	6	6	0.	0.	0.	0.	24.3889	0.	0.	1.	0.	0.	0.166667	
6.5962	62.4305	310	0	6	7	7	6	6	3.55271e-015	0.	0.	0.	24.5556	0.	0.	1.	0.	0.	0.166667	
6.61319	58.8629	311	0	6	7	7	6	6	0.	0.	0.	0.	24.7222	0.	0.	1.	0.	0.	0.166667	
6.6292	62.4469	312	0	6	7	7	6	6	0.	0.	0.	0.	24.8889	0.	0.	1.	0.	0.	0.166667	
6.64619	58.8765	313	0	6	7	7	6	6	0.	0.	0.	0.	25.0556	0.	0.	1.	0.	0.	0.166667	
6.66322	58.7179	314	0	6	7	7	6	7	0.	0.	0.	0.	25.2222	0.	0.	1.	0.	0.	0.166667	
6.68019	58.9299	315	0	6	7	7	6	7	0.	0.	0.	0.	25.3889	0.	0.	1.	0.	0.	0.166667	
6.69619	62.4929	316	0	6	7	7	6	7	0.	0.	0.	0.	25.5556	0.	0.	1.	0.	0.	0.166667	
6.71322	58.7158	317	0	6	7	7	6	7	0.	0.	0.	0.	25.7222	0.	0.	1.	0.	0.	0.166667	
6.72921	62.5377	318	0	6	7	7	6	7	0.	0.	0.	0.	25.8889	0.	0.	1.	0.	0.	0.166667	
6.74521	62.4976	319	0	6	7	7	6	7	0.	0.	0.	0.	26.0556	0.	0.	1.	0.	0.	0.166667	
6.76219	58.8943	320	0	6	7	7	6	7	0.	0.	0.	0.	26.2222	0.	0.	1.	0.	0.	0.166667	
6.77921	58.7731	321	0	6	7	7	6	7	0.	0.	0.	0.	26.5556	0.	0.	1.	0.	0.	0.166667	
6.79522	62.4646	322	0	6	7	7	6	7	0.	0.	0.	0.	26.7222	0.	0.	1.	0.	0.	0.166667	
6.81221	58.8503	323	0	6	7	7	6	7	0.	0.	0.	0.	27.0556	0.	0.	1.	0.	0.	0.166667	
6.82921	58.8326	324	0	6	8	8	6	7	0.	0.	0.	0.	27.2222	0.	0.	1.	0.	0.	0.166667	
6.84619	58.8817	325	0	7	8	8	7	7	3.55271e-015	0.	0.	0.	27.5556	0.	0.	1.	0.	0.	0.166667	
6.86219	62.5023	326	0	7	8	8	7	7	0.	0.	0.	0.	27.7222	0.	0.	1.	0.	0.	0.166667	
6.87921	58.7491	327	0	7	8	8	7	7	0.	0.	0.	0.	28.0556	0.	0.	1.	0.	0.	0.166667	
6.8952	62.52	328	0	7	8	8	7	7	3.55271e-015	0.	0.	0.	28.2222	0.	0.	1.	0.	0.	0.166667	
6.91221	58.82	329	0	7	8	8	7	7	0.	0.	0.	0.	28.5556	0.	0.	1.	0.	0.	0.166667	
6.92919	58.8754	330	0	7	8	8	7	7	0.	0.	0.	0.	28.7222	0.	0.	1.	0.	0.	0.166667	
6.94619	58.819	331	0	7	8	8	7	7	3.55271e-015	0.	0.	0.	29.0556	0.	0.	1.	0.	0.	0.166667	
6.96321	58.7689	332	0	7	8	8	7	7	0.	0.	0.	0.	29.2222	0.	0.	1.	0.	0.	0.166667	
6.9792	62.5141	333	0	7	8	8	7	8	3.55271e-015	0.	0.	0.	29.5556	0.	0.	1.	0.	0.	0.166667	
6.99621	58.7908	334	0	7	8	8	7	8	0.	0.	0.	0.	29.7222	0.	0.	1.	0.	0.	0.166667	
7.01322	58.7898	335	0	7	8	8	7	8	0.	0.	0.	0.	29.8889	0.	0.	1.	0.	0.	0.166667	
7.0302	58.9215	336	0	7	8	8	7	8	0.	0.	0.	0.	30.0556	0.	0.	1.	0.	0.	0.166667	
7.04723	58.7116	337	0	7	8	8	7	8	0.	0.	0.	0.	30.2222	0.	0.	1.	0.	0.	0.166667	
7.0642	58.9278	338	0	7	8	8	7	8	0.	0.	0.	0.	30.5556	0.	0.	1.	0.	0.	0.166667	
7.08121	58.7845	339	0	7	8	8	7	8	0.	0.	0.	0.	30.8889	0.	0.	1.	0.	0.	0.166667	
7.09721	62.4834	340	0	7	8	8	7	8	0.	0.	0.	0.	31.0556	0.	0.	1.	0.	0.	0.166667	
7.11422	58.8148	341	0	7	8	8	7	8	0.	0.	0.	0.	31.2222	0.	0.	1.	0.	0.	0.166667	
7.1312	58.8681	342	0	7	9	9	7	8	0.	0.	0.	0.	31.3889	0.	0.	1.	0.	0.	0.166667	
7.14821	58.8023	343	0	7	9	9	7	8	0.	0.	0.	0.	31.5556	0.	0.	1.	0.	0.	0.166667	
7.1652	58.842	344	0	8	9	9	8	8	0.	0.	0.	0.	31.8889	0.	0.	1.	0.	0.	0.166667	
7.18122	62.4363	345	0	8	9	9	8	8	0.	0.	0.	0.	32.0556	0.	0.	1.	0.	0.	0.166667	
7.1972	62.5637	346	0	8	9	9	8	8	0.	0.	0.	0.	32.3889	0.	0.	1.	0.	0.	0.166667	
7.21421	58.8148	347	0	8	9	9	8	8	0.	0.	0.	0.	32.5556	0.	0.	1.	0.	0.	0.166667	
7.23121	58.819	348	0	8	9	9	8	8	0.	0.	0.	0.	32.7222	0.	0.	1.	0.	0.	0.166667	
7.24721	62.474	349	0	8	9	9	8	8	0.	0.	0.	0.	33.0556	0.	0.	1.	0.	0.	0.166667	
7.26422	58.7991	350	0	8	9	9	8	8	0.	0.	0.	0.	33.2222	0.	0.	1.	0.	0.	0.166667	
7.28022	62.52	351	0	8	9	9	8	8	0.	0.	0.	0.	33.5556	0.	0.	1.	0.	0.	0.166667	
7.29721	58.8514	352	0	8	9	9	8	9	0.	0.	0.	0.	33.7222	0.	0.	1.	0.	0.	0.166667	
7.31422	58.7877	353	0	8	9	9	8	9	0.	0.	0.	0.	33.8889	0.	0.	1.	0.	0.	0.166667	
7.33124	58.7647	354	0	8	9	9	8	9	0.	0.	0.	0.	34.2222	0.	0.	1.	0.	0.	0.166667	
7.34826	58.748	355	0	8	9	9	8	9	0.	0.	0.	0.	34.3889	0.	0.	1.	0.	0.	0.166667	
7.36521	58.9855	356	0	8	9	9	8	9	0.	0.	0.	0.	34.7222	0.	0.	1.	0.	0.	0.166667	
7.38221	58.8211	357	0	8	9	9	8	9	0.	0.	0.	0.	34.8889	0.	0.	1.	0.	0.	0.166667	
7.39924	58.7241	358	0	8	9	9	8	9	0.	0.	0.	0.	35.0556	0.	0.	1.	0.	0.	0.166667	
7.41624	58.8242	359	0	8	9	9	8	9	0.	0.	0.	0.	35.3889	0.	0.	1.	0.	0.	0.166667	
7.43325	58.8054	360	0	8	10	10	8	9	0.	0.	0.	0.	35.5556	0.	0.	1.	0.	0.	0.166667	
7.45024	58.8305	361	0	8	10	10	8	9	0.	0.	0.	0.	35.8889	0.	0.	1.	0.	0.	0.166667	
7.46724	58.8252	362	0	8	10	10	8	9	0.	0.	0.	0.	36.0556	0.	0.	1.	0.	0.	0.166667	
7.48426	58.7751	363	0	9	10	10	9	9	0.	0.	0.	0.	36.2222	0.	0.	1.	0.	0.	0.166667	
7.50126	58.8263	364	0	9	10	10	9	9	0.	0.	0.	0.	36.3889	0.	0.	1.	0.	0.	0.166667	
7.51825	58.8524	365	0	9	10	10	9	9	0.	0.	0.	0.	36.7222	0.	0.	1.	0.	0.	0.166667	
7.53523	58.888	366	0	9	10	10	9	9	0.	0.	0.	0.	36.8889	0.	0.	1.	0.	0.	0.166667	
7.55225	58.7647	367	0	9	10	10	9	9	7.10543e-015	0.	0.	0.	37.2222	0.	0.	1.	0.	0.	0.166667	
7.56925	58.8263	368	0	9	10	10	9	9	0.	0.	0.	0.	37.3889	0.	0.	1.	0.	0.	0.166667	
7.58625	58.8138	369	0	9	10	10	9	9	0.	0.	0.	0.	37.5556	0.	0.	1.	0.	0.	0.166667	
7.60326	58.7856	370	0	9	10	10	9	9	0.	0.	0.	0.	37.7222	0.	0.	1.	0.	0.	0.166667	
7.61927	62.467	371	0	9	10	10	9	10	0.	0.	0.	0.	38.0556	0.	0.	1.	0.	0.	0.166667	
7.63527	62.4787	372	0	9	10	10	9	10	0.	0.	0.	0.	38.3889	0.	0.	1.	0.	0.	0.166667	
7.65225	58.9006	373	0	9	10	10	9	10	0.	0.	0.	0.	38.5556	0.	0.	1.	0.	0.	0.166667	
7.66925	58.8232	374	0	9	10	10	9	10	0.	0.	0.	0.	38.7222	0.	0.	1.	0.	0.	0.166667	
7.68627	58.7501	375	0	9	10	10	9	10	0.	0.	0.	0.	38.8889	0.	0.	1.	0.	0.	0.166667	
7.70323	58.9803	376	0	9	10	10	9	10	0.	0.	0.	0.	39.0556	0.	0.	1.	0.	0.	0.166667	
7.72027	58.6742	377	0	9	10	10	9	10	0.	0.	0.	0.	39.2222	0.	0.	1.	0.	0.	0.166667	
7.73724	58.9226	378	0	9	10	10	9	10	0.	0.	0.	0.	39.3889	0.	0.	1.	0.	0.	0.166667	
7.75424	58.8409	379	0	9	10	10	9	10	0.	0.	0.	0.	39.5556	0.	0.	1.	0.	0.	0.166667	
7.77126	58.7564	380	0	9	11	11	9	10	0.	0.	0.	0.	39.7222	0.	0.	1.	0.	0.	0.166667	
7.78825	58.842	381	0	9	11	11	9	10	0.	0.	0.	0.	39.8889	0.	0.	1.	0.	0.	0.166667	
7.80427	62.4116	382	0	9	11	11	9	10	0.	0.	0.	0.	40.0556	0.	0.	1.	0.	0.	0.166667	
7.82023	62.6655	383	0	9	11	11	9	10	0.	0.	0.	0.	40.2222	0.	0.	1.	0.	0.	0.166667	
7.83724	58.7887	384	0	10	11	11	10	10	0.	0.	0.	0.	40.3889	0.	0.	1.	0.	0.	0.166667	
7.8543	58.6129	385	0	10	11	11	10	10	7.10543e-015	0.	0.	0.	40.5556	0.	0.	1.	0.	0.	0.166667	
7.87125	58.9971	386	0	10	11	11	10	10	0.	0.	0.	0.	40.7222	0.	0.	1.	0.	0.	0.166667	
7.88826	58.7971	387	0	10	11	11	10	10	0.	0.	0.	0.	40.8889	0.	0.	1.	0.	0.	0.166667	
7.90526	58.8106	388	0	10	11	11	10	10	0.	0.	0.	0.	41.0556	0.	0.	1.	0.	0.	0.166667	
7.92125	62.572	389	0	10	11	11	10	10	7.10543e-015	0.	0.	0.	41.2222	0.	0.	1.	0.	0.	0.166667	
7.93729	62.3423	390	0	10	11	11	10	10	0.	0.	0.	0.	41.3889	0.	0.	1.	0.	0.	0.166667	
7.95426	58.9131	391	0	10	11	11	10	10	7.10543e-015	0.	0.	0.	41.5556	0.	0.	1.	0.	0.	0.166667	
7.97126	58.8106	392	0	10	11	11	10	10	7.10543e-015	0.	0.	0.	41.7222	0.	0.	1.	0.	0.	0.166667	
7.98725	62.5519	393	0	10	11	11	10	10	0.	0.	0.	0.	41.8889	0.	0.	1.	0.	0.	0.166667	
8.00429	58.6711	394	0	10	11	11	10	11	0.	0.	0.	0.	42.0556	0.	0.	1.	0.	0.	0.166667	
8.02128	58.8838	395	0	10	11	11	10	11	0.	0.	0.	0.	42.2222	0.	0.	1.	0.	0.	0.166667	
8.03826	58.8901	396	0	10	11	11	10	11	0.	0.	0.	0.	42.3889	0.	0.	1.	0.	0.	0.166667	
8.05525	58.8524	397	0	10	11	11	10	11	0.	0.	0.	0.	42.5556	0.	0.	1.	0.	0.	0.166667	
8.07125	62.4917	398	0	10	11	11	10	11	0.	0.	0.	0.	42.7222	0.	0.	1.	0.	0.	0.166667	
8.08727	62.434	399	0	10	11	11	10	11	0.	0.	0.	0.	42.8889	0.	0.	1.	0.	0.	0.166667	
8.10429	58.746	400	0	10	11	11	10	11	0.	0.	0.	0.	43.0556	0.	0.	1.	0.	0.	0.166667	
8.12126	58.9267	401	0	10	11	11	10	11	0.	0.	0.	0.	43.2222	0.	0.	1.	0.	0.	0.166667	
8.13829	58.7251	402	0	10	11	11	10	11	0.	0.	0.	0.	43.5556	0.	0.	1.	0.	0.	0.166667	
8.15528	58.8702	403	0	10	11	11	10	11	0.	0.	0.	0.	43.7222	0.	0.	1.	0.	0.	0.166667	
8.17229	58.7626	404	0	10	12	12	10	11	0.	0.	0.	0.	44.0556	0.	0.	1.	0.	0.	0.166667	
8.1893	58.819	405	0	10	12	12	10	11	0.	0.	0.	0.	44.2222	0.	0.	1.	0.	0.	0.166667	
8.20626	58.9309	406	0	11	12	12	11	11	7.10543e-015	0.	0.	0.	44.5556	0.	0.	1.	0.	0.	0.166667	
8.22328	58.7772	407	0	11	12	12	11	11	0.	0.	0.	0.	44.8889	0.	0.	1.	0.	0.	0.166667	
8.24029	58.7866	408	0	11	12	12	11	11	7.10543e-015	0.	0.	0.	45.2222	0.	0.	1.	0.	0.	0.166667	
8.2573	58.7908	409	0	11	12	12	11	11	0.	0.	0.	0.	45.3889	0.	0.	1.	0.	0.	0.166667	
8.27334	62.34	410	0	11	12	12	11	11	0.	0.	0.	0.	45.5556	0.	0.	1.	0.	0.	0.166667	
8.29028	59.0202	411	0	11	12	12	11	11	0.	0.	0.	0.	45.7222	0.	0.	1.	0.	0.	0.166667	
8.3073	58.7491	412	0	11	12	12	11	11	7.10543e-015	0.	0.	0.	45.8889	0.	0.	1.	0.	0.	0.166667	
8.32331	62.4811	413	0	11	12	12	11	11	0.	0.	0.	0.	46.0556	0.	0.	1.	0.	0.	0.166667	
8.3393	62.5294	414	0	11	12	12	11	12	7.10543e-015	1.49012e-008	0.	0.	46.2222	0.	0.	1.	0.	0.	0.166667	
8.35632	58.7491	415	0	11	12	12	11	12	0.	1.49012e-008	0.	0.	46.3889	0.	0.	1.	0.	0.	0.166667	
8.37329	58.9383	416	0	11	12	12	11	12	0.	1.49012e-008	0.	0.	46.5556	0.	0.	1.	0.	0.	0.166667	
8.39029	58.8284	417	0	11	12	12	11	12	0.	1.49012e-008	0.	0.	46.7222	0.	0.	1.	0.	0.	0.166667	
8.40627	62.5791	418	0	11	12	12	11	12	0.	1.49012e-008	0.	0.	46.8889	0.	0.	1.	0.	0.	0.166667	
8.42328	58.772	419	0	11	12	12	11	12	0.	1.49012e-008	0.	0.	47.0556	0.	0.	1.	0.	0.	0.166667	
8.44029	58.8054	420	0	11	12	12	11	12	0.	1.49012e-008	0.	0.	47.2222	0.	0.	1.	0.	0.	0.166667	
8.45734	58.642	421	0	11	12	12	11	12	0.	1.49012e-008	0.	0.	47.3889	0.	0.	1.	0.	0.	0.166667	
8.47426	59.0928	422	0	11	12	12	11	12	0.	1.49012e-008	0.	0.	47.5556	0.	0.	1.	0.	0.	0.166667	
8.49133	58.5994	423	0	11	13	13	11	12	0.	1.49012e-008	0.	0.	47.7222	0.	0.	1.	0.	0.	0.166667	
8.50732	62.5495	424	0	11	13	13	11	12	0.	1.49012e-008	0.	0.	47.8889	0.	0.	1.	0.	0.	0.166667	
8.5243	58.8869	425	0	11	13	13	11	12	0.	1.49012e-008	0.	0.	48.0556	0.	0.	1.	0.	0.	0.166667	
8.54035	62.2954	426	0	11	13	13	11	12	0.	1.49012e-008	0.	0.	48.2222	0.	0.	1.	0.	0.	0.166667	
8.55628	62.7628	427	0	11	13	13	11	12	0.	1.49012e-008	0.	0.	48.3889	0.	0.	1.	0.	0.	0.166667	
8.57329	58.796	428	0	12	13	13	12	12	7.10543e-015	1.49012e-008	0.	0.	48.5556	0.	0.	1.	0.	0.	0.166667	
8.59029	58.8221	429	0	12	13	13	12	12	0.	1.49012e-008	0.	0.	48.7222	0.	0.	1.	0.	0.	0.166667	
8.60729	58.819	430	0	12	13	13	12	12	0.	1.49012e-008	0.	0.	48.8889	0.	0.	1.	0.	0.	0.166667	
8.62428	58.8524	431	0	12	13	13	12	12	0.	1.49012e-008	0.	0.	49.0556	0.	0.	1.	0.	0.	0.166667	
8.64129	58.7971	432	0	12	13	13	12	12	0.	1.49012e-008	0.	0.	49.2222	0.	0.	1.	0.	0.	0.166667	
8.65731	62.4375	433	0	12	13	13	12	12	0.	1.49012e-008	0.	0.	49.3889	0.	0.	1.	0.	0.	0.166667	
8.67429	58.8692	434	0	12	13	13	12	12	0.	1.49012e-008	0.	0.	49.5556	0.	0.	1.	0.	0.	0.166667	
8.6903	62.4941	435	0	12	13	13	12	12	7.10543e-015	1.49012e-008	0.	0.	49.7222	0.	0.	1.	0.	0.	0.166667	
8.70731	58.7845	436	0	12	13	13	12	12	0.	1.49012e-008	0.	0.	49.8889	0.	0.	1.	0.	0.	0.166667	
8.72432	58.7689	437	0	12	13	13	12	12	7.10543e-015	1.49012e-008	0.	0.	50.0556	0.	0.	1.	0.	0.	0.166667	
8.74132	58.8169	438	0	12	13	13	12	13	0.	0.	0.	0.	50.2222	0.	0.	1.	0.	0.	0.166667	
8.75834	58.7574	439	0	12	13	13	12	13	0.	0.	0.	0.	50.3889	0.	0.	1.	0.	0.	0.166667	
8.7753	58.9771	440	0	12	13	13	12	13	0.	0.	0.	0.	50.5556	0.	0.	1.	0.	0.	0.166667	
8.79134	62.3423	441	0	12	13	13	12	13	0.	0.	0.	0.	50.7222	0.	0.	1.	0.	0.	0.166667	
8.80831	58.9341	442	0	12	13	13	12	13	0.	0.	0.	0.	50.8889	0.	0.	1.	0.	0.	0.166667	
8.82536	58.6378	443	0	12	13	13	12	13	0.	0.	0.	0.	51.0556	0.	0.	1.	0.	0.	0.166667	
8.8413	62.7367	444	0	12	13	13	12	13	0.	0.	0.	0.	51.2222	0.	0.	1.	0.	0.	0.166667	
8.85729	62.5613	445	0	12	13	13	12	13	0.	0.	0.	0.	51.3889	0.	0.	1.	0.	0.	0.166667	
8.87331	62.3917	446	0	12	13	13	12	13	0.	0.	0.	0.	51.5556	0.	0.	1.	0.	0.	0.166667	
8.89031	58.8347	447	0	12	14	14	12	13	0.	0.	0.	0.	51.7222	0.	0.	1.	0.	0.	0.166667	
8.90628	62.6145	448	0	12	14	14	12	13	0.	0.	0.	0.	51.8889	0.	0.	1.	0.	0.	0.166667	
8.92232	62.3353	449	0	12	14	14	12	13	0.	0.	0.	0.	52.0556	0.	0.	1.	0.	0.	0.166667	
8.93833	62.4823	450	0	12	14	14	12	13	0.	0.	0.	0.	52.2222	0.	0.	1.	0.	0.	0.166667	
8.95533	58.8294	451	0	13	14	14	13	13	7.10543e-015	0.	0.	0.	52.5556	0.	0.	1.	0.	0.	0.166667	
8.97129	62.6287	452	0	13	14	14	13	13	0.	0.	0.	0.	52.7222	0.	0.	1.	0.	0.	0.166667	
8.98831	58.7553	453	0	13	14	14	13	13	0.	0.	0.	0.	52.8889	0.	0.	1.	0.	0.	0.166667	
9.0043	62.5472	454	0	13	14	14	13	13	0.	0.	0.	0.	53.0556	0.	0.	1.	0.	0.	0.166667	
9.02033	62.3928	455	0	13	14	14	13	13	0.	0.	0.	0.	53.2222	0.	0.	1.	0.	0.	0.166667	
9.0373	58.9278	456	0	13	14	14	13	13	7.10543e-015	0.	0.	0.	53.3889	0.	0.	1.	0.	0.	0.166667	
9.0543	58.8284	457	0	13	14	14	13	13	0.	0.	0.	0.	53.5556	0.	0.	1.	0.	0.	0.166667	

