TrialReplay

Frame:	2
1.	0.	0.	0.	
0.	1.	0.	0.	
0.	0.	1.	0.	
0.	0.	0.	1.	
Dynamic:	0	

Frame:	3
1.	0.	0.	0.	
0.	1.	0.	0.	
0.	0.	1.	0.	
0.	0.	0.	1.	
Dynamic:	0	

Frame:	4
1.	0.	0.	0.	
0.	1.	0.	0.	
0.	0.	1.	0.	
0.	0.	0.	1.	
Dynamic:	0	

Frame:	5
1.	0.	0.	0.	
0.	1.	0.	0.	
0.	0.	1.	0.	
0.	0.	0.	1.	
Dynamic:	0	

Frame:	6
1.	0.	0.	0.	
0.	1.	0.	0.	
0.	0.	1.	0.	
0.	0.	0.	1.	
Dynamic:	0	

Frame:	7
1.	0.	0.	0.	
0.	1.	0.	0.	
0.	0.	1.	0.	
0.	0.	0.	1.	
Dynamic:	0	

Frame:	8
1.	0.	0.	0.	
0.	1.	0.	0.	
0.	0.	1.	0.	
0.	0.	0.	1.	
Dynamic:	0	

Frame:	9
1.	0.	0.	0.	
0.	1.	0.	0.	
0.	0.	1.	0.	
0.	0.	0.	1.	
Dynamic:	0	

Frame:	10
1.	0.	0.	0.	
0.	1.	0.	0.	
0.	0.	1.	0.	
0.	0.	0.	1.	
Dynamic:	0	

Frame:	11
1.	0.	0.	0.	
0.	1.	0.	0.	
0.	0.	1.	0.	
0.	0.	0.	1.	
Dynamic:	0	

Frame:	12
1.	0.	0.	0.	
0.	1.	0.	0.	
0.	0.	1.	0.	
0.	0.	0.	1.	
Dynamic:	0	

Frame:	13
1.	0.	0.	0.	
0.	1.	0.	0.	
0.	0.	1.	0.	
0.	0.	0.	1.	
Dynamic:	0	

Frame:	14
1.	0.	0.	0.	
0.	1.	0.	0.	
0.	0.	1.	0.	
0.	0.	0.	1.	
Dynamic:	0	

Frame:	15
1.	0.	0.	0.	
0.	1.	0.	0.	
0.	0.	1.	0.	
0.	0.	0.	1.	
Dynamic:	0	

Frame:	16
1.	0.	0.	0.	
0.	1.	0.	0.	
0.	0.	1.	0.	
0.	0.	0.	1.	
Dynamic:	0	

Frame:	17
1.	0.	0.	0.	
0.	1.	0.	0.	
0.	0.	1.	0.	
0.	0.	0.	1.	
Dynamic:	0	

Frame:	18
1.	0.	0.	0.	
0.	1.	0.	0.	
0.	0.	1.	0.	
0.	0.	0.	1.	
Dynamic:	0	

Frame:	19
1.	0.	0.	0.	
0.	1.	0.	0.	
0.	0.	1.	0.	
0.	0.	0.	1.	
Dynamic:	0	

Frame:	20
1.	0.	0.	0.	
0.	1.	0.	0.	
0.	0.	1.	0.	
0.	0.	0.	1.	
Dynamic:	0	

Frame:	21
1.	0.	0.	0.	
0.	1.	0.	0.	
0.	0.	1.	0.	
0.	0.	0.	1.	
Dynamic:	0	

Frame:	22
1.	0.	0.	0.	
0.	1.	0.	0.	
0.	0.	1.	0.	
0.	0.	0.	1.	
Dynamic:	0	

Frame:	23
1.	0.	0.	0.	
0.	1.	0.	0.	
0.	0.	1.	0.	
0.	0.	0.	1.	
Dynamic:	0	

Frame:	24
1.	0.	0.	0.	
0.	1.	0.	0.	
0.	0.	1.	0.	
0.	0.	0.	1.	
Dynamic:	0	

Frame:	25
1.	0.	0.	0.	
0.	1.	0.	0.	
0.	0.	1.	0.	
0.	0.	0.	1.	
Dynamic:	0	

Frame:	26
1.	0.	0.	0.	
0.	1.	0.	0.	
0.	0.	1.	0.	
0.	0.	0.	1.	
Dynamic:	0	

Frame:	27
1.	0.	0.	0.	
0.	1.	0.	0.	
0.	0.	1.	0.	
0.	0.	0.	1.	
Dynamic:	0	

Frame:	28
1.	-9.84767e-004	0.	0.	
9.84767e-004	1.	0.	0.	
0.	0.	1.	0.	
2.35517e-003	3.97962e-002	0.	1.	
Dynamic:	0	

Frame:	29
0.999996	-2.72637e-003	0.	0.	
2.72637e-003	0.999996	0.	0.	
0.	0.	1.	0.	
6.74484e-003	0.116601	0.	1.	
Dynamic:	0	

Frame:	30
0.999996	-2.8959e-003	0.	0.	
2.8959e-003	0.999996	0.	0.	
0.	0.	1.	0.	
7.63596e-003	0.191934	0.	1.	
Dynamic:	0	

Frame:	31
0.999994	-3.58047e-003	0.	0.	
3.58047e-003	0.999994	0.	0.	
0.	0.	1.	0.	
9.63608e-003	0.240058	0.	1.	
Dynamic:	0	

Frame:	32
0.999997	-2.33689e-003	0.	0.	
2.33689e-003	0.999997	0.	0.	
0.	0.	1.	0.	
7.97369e-003	0.29525	0.	1.	
Dynamic:	0	

Frame:	33
0.999994	-3.5149e-003	0.	0.	
3.5149e-003	0.999994	0.	0.	
0.	0.	1.	0.	
1.09309e-002	0.359651	0.	1.	
Dynamic:	0	

Frame:	34
0.999995	-3.23915e-003	0.	0.	
3.23915e-003	0.999995	0.	0.	
0.	0.	1.	0.	
1.19056e-002	0.418517	0.	1.	
Dynamic:	0	

Frame:	35
0.999994	-3.38753e-003	0.	0.	
3.38753e-003	0.999994	0.	0.	
0.	0.	1.	0.	
1.28437e-002	0.450504	0.	1.	
Dynamic:	0	

Frame:	36
0.999995	-3.26265e-003	0.	0.	
3.26265e-003	0.999995	0.	0.	
0.	0.	1.	0.	
1.2806e-002	0.450958	0.	1.	
Dynamic:	0	

Frame:	37
0.999993	-3.67334e-003	0.	0.	
3.67334e-003	0.999993	0.	0.	
0.	0.	1.	0.	
1.27397e-002	0.449471	0.	1.	
Dynamic:	0	

Frame:	38
0.999994	-3.49484e-003	0.	0.	
3.49484e-003	0.999994	0.	0.	
0.	0.	1.	0.	
1.28512e-002	0.450115	0.	1.	
Dynamic:	0	

Frame:	39
0.999994	-3.34889e-003	0.	0.	
3.34889e-003	0.999994	0.	0.	
0.	0.	1.	0.	
1.30098e-002	0.450638	0.	1.	
Dynamic:	0	

Frame:	40
0.999995	-3.21006e-003	0.	0.	
3.21006e-003	0.999995	0.	0.	
0.	0.	1.	0.	
1.32248e-002	0.451134	0.	1.	
Dynamic:	0	

Frame:	41
0.999995	-3.13219e-003	0.	0.	
3.13219e-003	0.999995	0.	0.	
0.	0.	1.	0.	
1.33814e-002	0.451411	0.	1.	
Dynamic:	0	

Frame:	42
0.999995	-3.06661e-003	0.	0.	
3.06661e-003	0.999995	0.	0.	
0.	0.	1.	0.	
1.35436e-002	0.451642	0.	1.	
Dynamic:	0	

Frame:	43
0.999995	-3.01143e-003	0.	0.	
3.01143e-003	0.999995	0.	0.	
0.	0.	1.	0.	
1.37056e-002	0.451836	0.	1.	
Dynamic:	0	

Frame:	44
0.999996	-2.96503e-003	0.	0.	
2.96503e-003	0.999996	0.	0.	
0.	0.	1.	0.	
1.38632e-002	0.451998	0.	1.	
Dynamic:	0	

Frame:	45
0.999996	-2.95835e-003	0.	0.	
2.95835e-003	0.999996	0.	0.	
0.	0.	1.	0.	
1.3889e-002	0.452021	0.	1.	
Dynamic:	0	

Frame:	46
0.999996	-2.92674e-003	0.	0.	
2.92674e-003	0.999996	0.	0.	
0.	0.	1.	0.	
1.40256e-002	0.452129	0.	1.	
Dynamic:	0	

Frame:	47
0.999994	-3.32183e-003	0.	0.	
3.32183e-003	0.999994	0.	0.	
0.	0.	1.	0.	
1.21353e-002	0.450784	0.	1.	
Dynamic:	0	

Frame:	48
0.999995	-3.22219e-003	0.	0.	
3.22219e-003	0.999995	0.	0.	
0.	0.	1.	0.	
1.26581e-002	0.451121	0.	1.	
Dynamic:	0	

Frame:	49
0.999995	-3.13864e-003	0.	0.	
3.13864e-003	0.999995	0.	0.	
0.	0.	1.	0.	
1.31351e-002	0.4514	0.	1.	
Dynamic:	0	

Frame:	50
0.999995	-3.06859e-003	0.	0.	
3.06859e-003	0.999995	0.	0.	
0.	0.	1.	0.	
1.35673e-002	0.451632	0.	1.	
Dynamic:	0	

Frame:	51
0.999995	-3.04499e-003	0.	0.	
3.04499e-003	0.999995	0.	0.	
0.	0.	1.	0.	
1.37238e-002	0.451709	0.	1.	
Dynamic:	0	

Frame:	52
0.999996	-2.99812e-003	0.	0.	
2.99812e-003	0.999996	0.	0.	
0.	0.	1.	0.	
1.40563e-002	0.451861	0.	1.	
Dynamic:	0	

Frame:	53
0.999994	-3.38849e-003	0.	0.	
3.38849e-003	0.999994	0.	0.	
0.	0.	1.	0.	
1.11069e-002	0.45061	0.	1.	
Dynamic:	0	

Frame:	54
0.999995	-3.27186e-003	0.	0.	
3.27186e-003	0.999995	0.	0.	
0.	0.	1.	0.	
1.20419e-002	0.450979	0.	1.	
Dynamic:	0	

Frame:	55
0.999995	-3.1745e-003	0.	0.	
3.1745e-003	0.999995	0.	0.	
0.	0.	1.	0.	
1.28673e-002	0.451284	0.	1.	
Dynamic:	0	

Frame:	56
0.999995	-3.12817e-003	0.	0.	
3.12817e-003	0.999995	0.	0.	
0.	0.	1.	0.	
1.32815e-002	0.451427	0.	1.	
Dynamic:	0	

Frame:	57
0.999995	-3.06459e-003	0.	0.	
3.06459e-003	0.999995	0.	0.	
0.	0.	1.	0.	
1.38791e-002	0.45162	0.	1.	
Dynamic:	0	

Frame:	58
0.999994	-3.44826e-003	0.	0.	
3.44826e-003	0.999994	0.	0.	
0.	0.	1.	0.	
1.00957e-002	0.45047	0.	1.	
Dynamic:	0	

Frame:	59
0.999995	-3.31406e-003	0.	0.	
3.31406e-003	0.999995	0.	0.	
0.	0.	1.	0.	
1.14809e-002	0.450866	0.	1.	
Dynamic:	0	

Frame:	60
0.999995	-3.23146e-003	0.	0.	
3.23146e-003	0.999995	0.	0.	
0.	0.	1.	0.	
1.23716e-002	0.451106	0.	1.	
Dynamic:	0	

Frame:	61
0.999995	-3.14675e-003	0.	0.	
3.14675e-003	0.999995	0.	0.	
0.	0.	1.	0.	
1.33239e-002	0.451348	0.	1.	
Dynamic:	0	

Frame:	62
0.999994	-3.52185e-003	0.	0.	
3.52185e-003	0.999994	0.	0.	
0.	0.	1.	0.	
8.93399e-003	0.450296	0.	1.	
Dynamic:	0	

Frame:	63
0.999994	-3.36663e-003	0.	0.	
3.36663e-003	0.999994	0.	0.	
0.	0.	1.	0.	
1.08221e-002	0.450723	0.	1.	
Dynamic:	0	

Frame:	64
0.999995	-3.26903e-003	0.	0.	
3.26903e-003	0.999995	0.	0.	
0.	0.	1.	0.	
1.20541e-002	0.450987	0.	1.	
Dynamic:	0	

Frame:	65
0.999995	-3.17166e-003	0.	0.	
3.17166e-003	0.999995	0.	0.	
0.	0.	1.	0.	
1.33279e-002	0.451244	0.	1.	
Dynamic:	0	

Frame:	66
0.999994	-3.53821e-003	0.	0.	
3.53821e-003	0.999994	0.	0.	
0.	0.	1.	0.	
8.36395e-003	0.450295	0.	1.	
Dynamic:	0	

Frame:	67
0.999994	-3.37041e-003	0.	0.	
3.37041e-003	0.999994	0.	0.	
0.	0.	1.	0.	
1.07134e-002	0.45072	0.	1.	
Dynamic:	0	

Frame:	68
0.999995	-3.26878e-003	0.	0.	
3.26878e-003	0.999995	0.	0.	
0.	0.	1.	0.	
1.21832e-002	0.450971	0.	1.	
Dynamic:	0	

Frame:	69
0.999993	-3.62369e-003	0.	0.	
3.62369e-003	0.999993	0.	0.	
0.	0.	1.	0.	
6.88788e-003	0.450116	0.	1.	
Dynamic:	0	

Frame:	70
0.999994	-3.43061e-003	0.	0.	
3.43061e-003	0.999994	0.	0.	
0.	0.	1.	0.	
9.85717e-003	0.450569	0.	1.	
Dynamic:	0	

Frame:	71
0.999995	-3.30692e-003	0.	0.	
3.30692e-003	0.999995	0.	0.	
0.	0.	1.	0.	
1.18162e-002	0.450851	0.	1.	
Dynamic:	0	

Frame:	72
0.999993	-3.65106e-003	0.	0.	
3.65106e-003	0.999993	0.	0.	
0.	0.	1.	0.	
6.20811e-003	0.450089	0.	1.	
Dynamic:	0	

Frame:	73
0.999994	-3.45768e-003	0.	0.	
3.45768e-003	0.999994	0.	0.	
0.	0.	1.	0.	
9.44797e-003	0.450504	0.	1.	
Dynamic:	0	

Frame:	74
0.999995	-3.30548e-003	0.	0.	
3.30548e-003	0.999995	0.	0.	
0.	0.	1.	0.	
1.20676e-002	0.450821	0.	1.	
Dynamic:	0	

Frame:	75
0.999993	-3.63928e-003	0.	0.	
3.63928e-003	0.999993	0.	0.	
0.	0.	1.	0.	
6.16958e-003	0.45015	0.	1.	
Dynamic:	0	

Frame:	76
0.999994	-3.44013e-003	0.	0.	
3.44013e-003	0.999994	0.	0.	
0.	0.	1.	0.	
9.77959e-003	0.450536	0.	1.	
Dynamic:	0	

Frame:	77
0.999995	-3.28052e-003	0.	0.	
3.28052e-003	0.999995	0.	0.	
0.	0.	1.	0.	
1.27457e-002	0.450833	0.	1.	
Dynamic:	0	

Frame:	78
0.999994	-3.60385e-003	0.	0.	
3.60385e-003	0.999994	0.	0.	
0.	0.	1.	0.	
6.58923e-003	0.450255	0.	1.	
Dynamic:	0	

Frame:	79
0.999994	-3.40364e-003	0.	0.	
3.40364e-003	0.999994	0.	0.	
0.	0.	1.	0.	
1.04927e-002	0.450598	0.	1.	
Dynamic:	0	

Frame:	80
0.999993	-3.71001e-003	0.	0.	
3.71001e-003	0.999993	0.	0.	
0.	0.	1.	0.	
4.3797e-003	0.450098	0.	1.	
Dynamic:	0	

Frame:	81
0.999994	-3.46721e-003	0.	0.	
3.46721e-003	0.999994	0.	0.	
0.	0.	1.	0.	
9.33514e-003	0.450474	0.	1.	
Dynamic:	0	

Frame:	82
0.999995	-3.28124e-003	0.	0.	
3.28124e-003	0.999995	0.	0.	
0.	0.	1.	0.	
1.32153e-002	0.450748	0.	1.	
Dynamic:	0	

Frame:	83
0.999994	-3.57771e-003	0.	0.	
3.57771e-003	0.999994	0.	0.	
0.	0.	1.	0.	
6.89457e-003	0.450336	0.	1.	
Dynamic:	0	

Frame:	84
0.999994	-3.36088e-003	0.	0.	
3.36088e-003	0.999994	0.	0.	
0.	0.	1.	0.	
1.16161e-002	0.450619	0.	1.	
Dynamic:	0	

Frame:	85
0.999993	-3.63009e-003	0.	0.	
3.63009e-003	0.999993	0.	0.	
0.	0.	1.	0.	
5.63148e-003	0.450292	0.	1.	
Dynamic:	0	

Frame:	86
0.999994	-3.39171e-003	0.	0.	
3.39171e-003	0.999994	0.	0.	
0.	0.	1.	0.	
1.10391e-002	0.450561	0.	1.	
Dynamic:	0	

Frame:	87
0.999993	-3.64039e-003	0.	0.	
3.64039e-003	0.999993	0.	0.	
0.	0.	1.	0.	
5.28487e-003	0.450302	0.	1.	
Dynamic:	0	

Frame:	88
0.999994	-3.38715e-003	0.	0.	
3.38715e-003	0.999994	0.	0.	
0.	0.	1.	0.	
1.12594e-002	0.450542	0.	1.	
Dynamic:	0	

Frame:	89
0.999993	-3.61983e-003	0.	0.	
3.61983e-003	0.999993	0.	0.	
0.	0.	1.	0.	
5.66444e-003	0.450343	0.	1.	
Dynamic:	0	

Frame:	90
0.999994	-3.36726e-003	0.	0.	
3.36726e-003	0.999994	0.	0.	
0.	0.	1.	0.	
1.18522e-002	0.450535	0.	1.	
Dynamic:	0	

Frame:	91
0.999994	-3.57408e-003	0.	0.	
3.57408e-003	0.999994	0.	0.	
0.	0.	1.	0.	
6.69145e-003	0.450398	0.	1.	
Dynamic:	0	

Frame:	92
0.999995	-3.316e-003	0.	0.	
3.316e-003	0.999995	0.	0.	
0.	0.	1.	0.	
1.32483e-002	0.450545	0.	1.	
Dynamic:	0	

Frame:	93
0.999994	-3.5112e-003	0.	0.	
3.5112e-003	0.999994	0.	0.	
0.	0.	1.	0.	
8.20064e-003	0.450453	0.	1.	
Dynamic:	0	

Frame:	94
0.999995	-3.25077e-003	0.	0.	
3.25077e-003	0.999995	0.	0.	
0.	0.	1.	0.	
1.50525e-002	0.450549	0.	1.	
Dynamic:	0	

Frame:	95
0.999994	-3.42101e-003	0.	0.	
3.42101e-003	0.999994	0.	0.	
0.	0.	1.	0.	
1.04968e-002	0.450503	0.	1.	
Dynamic:	0	

Frame:	96
0.999995	-3.17643e-003	0.	0.	
3.17643e-003	0.999995	0.	0.	
0.	0.	1.	0.	
1.71524e-002	0.450544	0.	1.	
Dynamic:	0	

Frame:	97
0.999994	-3.33674e-003	0.	0.	
3.33674e-003	0.999994	0.	0.	
0.	0.	1.	0.	
1.27177e-002	0.450534	0.	1.	
Dynamic:	0	

Frame:	98
0.999994	-3.45266e-003	0.	0.	
3.45266e-003	0.999994	0.	0.	
0.	0.	1.	0.	
9.45868e-003	0.45054	0.	1.	
Dynamic:	0	

Frame:	99
0.999995	-3.17058e-003	0.	0.	
3.17058e-003	0.999995	0.	0.	
0.	0.	1.	0.	
1.75159e-002	0.450497	0.	1.	
Dynamic:	0	

Frame:	100
0.999995	-3.29359e-003	0.	0.	
3.29359e-003	0.999995	0.	0.	
0.	0.	1.	0.	
1.39472e-002	0.450529	0.	1.	
Dynamic:	0	

Frame:	101
0.999995	-3.02782e-003	0.	0.	
3.02782e-003	0.999995	0.	0.	
0.	0.	1.	0.	
2.17776e-002	0.450431	0.	1.	
Dynamic:	0	

Frame:	102
0.999995	-3.12569e-003	0.	0.	
3.12569e-003	0.999995	0.	0.	
0.	0.	1.	0.	
1.88499e-002	0.450477	0.	1.	
Dynamic:	0	

Frame:	103
0.999995	-3.18901e-003	0.	0.	
3.18901e-003	0.999995	0.	0.	
0.	0.	1.	0.	
1.69276e-002	0.450515	0.	1.	
Dynamic:	0	

Frame:	104
0.999996	-2.92298e-003	0.	0.	
2.92298e-003	0.999996	0.	0.	
0.	0.	1.	0.	
2.51238e-002	0.450327	0.	1.	
Dynamic:	0	

Frame:	105
0.999996	-2.97656e-003	0.	0.	
2.97656e-003	0.999996	0.	0.	
0.	0.	1.	0.	
2.34488e-002	0.450371	0.	1.	
Dynamic:	0	

Frame:	106
0.999995	-3.00251e-003	0.	0.	
3.00251e-003	0.999995	0.	0.	
0.	0.	1.	0.	
2.26261e-002	0.450395	0.	1.	
Dynamic:	0	

Frame:	107
0.999995	-3.00392e-003	0.	0.	
3.00392e-003	0.999995	0.	0.	
0.	0.	1.	0.	
2.2581e-002	0.450397	0.	1.	
Dynamic:	0	

Frame:	108
0.999996	-2.72911e-003	0.	0.	
2.72911e-003	0.999996	0.	0.	
0.	0.	1.	0.	
3.15398e-002	0.450074	0.	1.	
Dynamic:	0	

Frame:	109
0.999996	-2.73073e-003	0.	0.	
2.73073e-003	0.999996	0.	0.	
0.	0.	1.	0.	
3.14861e-002	0.450076	0.	1.	
Dynamic:	0	

Frame:	110
0.999996	-2.71076e-003	0.	0.	
2.71076e-003	0.999996	0.	0.	
0.	0.	1.	0.	
3.21549e-002	0.450048	0.	1.	
Dynamic:	0	

Frame:	111
0.999997	-2.46071e-003	0.	0.	
2.46071e-003	0.999997	0.	0.	
0.	0.	1.	0.	
4.06415e-002	0.449664	0.	1.	
Dynamic:	0	

Frame:	112
0.999997	-2.4029e-003	0.	0.	
2.4029e-003	0.999997	0.	0.	
0.	0.	1.	0.	
4.26295e-002	0.449569	0.	1.	
Dynamic:	0	

Frame:	113
0.999997	-2.35936e-003	0.	0.	
2.35936e-003	0.999997	0.	0.	
0.	0.	1.	0.	
4.41458e-002	0.449491	0.	1.	
Dynamic:	0	

Frame:	114
0.999997	-2.25341e-003	0.	0.	
2.25341e-003	0.999997	0.	0.	
0.	0.	1.	0.	
4.78833e-002	0.44929	0.	1.	
Dynamic:	0	

Frame:	115
0.999998	-2.12977e-003	0.	0.	
2.12977e-003	0.999998	0.	0.	
0.	0.	1.	0.	
5.22998e-002	0.449039	0.	1.	
Dynamic:	0	

Frame:	116
0.999998	-1.99097e-003	0.	0.	
1.99097e-003	0.999998	0.	0.	
0.	0.	1.	0.	
5.73198e-002	0.44874	0.	1.	
Dynamic:	0	

Frame:	117
0.999999	-1.69183e-003	0.	0.	
1.69183e-003	0.999999	0.	0.	
0.	0.	1.	0.	
6.82714e-002	0.44806	0.	1.	
Dynamic:	0	

Frame:	118
1.	-7.48456e-004	0.	0.	
7.48456e-004	1.	0.	0.	
0.	0.	1.	0.	
0.103229	0.445812	0.	1.	
Dynamic:	0	

Frame:	119
0.999999	-1.40058e-003	0.	0.	
1.40058e-003	0.999999	0.	0.	
0.	0.	1.	0.	
7.87742e-002	0.447448	0.	1.	
Dynamic:	0	

Frame:	120
0.999999	-1.68028e-003	0.	0.	
1.68028e-003	0.999999	0.	0.	
0.	0.	1.	0.	
6.81618e-002	0.448192	0.	1.	
Dynamic:	0	

Frame:	121
0.999998	-1.75796e-003	0.	0.	
1.75796e-003	0.999998	0.	0.	
0.	0.	1.	0.	
6.518e-002	0.448409	0.	1.	
Dynamic:	0	

Frame:	122
0.999999	-1.72512e-003	0.	0.	
1.72512e-003	0.999999	0.	0.	
0.	0.	1.	0.	
6.64549e-002	0.448313	0.	1.	
Dynamic:	0	

Frame:	123
0.999999	-1.63089e-003	0.	0.	
1.63089e-003	0.999999	0.	0.	
0.	0.	1.	0.	
7.01556e-002	0.448024	0.	1.	
Dynamic:	0	

Frame:	124
0.999999	-1.50163e-003	0.	0.	
1.50163e-003	0.999999	0.	0.	
0.	0.	1.	0.	
7.52894e-002	0.447611	0.	1.	
Dynamic:	0	

Frame:	125
0.999999	-1.35147e-003	0.	0.	
1.35147e-003	0.999999	0.	0.	
0.	0.	1.	0.	
8.13193e-002	0.447112	0.	1.	
Dynamic:	0	

Frame:	126
0.999999	-1.18802e-003	0.	0.	
1.18802e-003	0.999999	0.	0.	
0.	0.	1.	0.	
8.7956e-002	0.446548	0.	1.	
Dynamic:	0	

Frame:	127
0.999999	1.14019e-003	0.	0.	
-1.14019e-003	0.999999	0.	0.	
0.	0.	1.	0.	
0.182954	0.436455	0.	1.	
Dynamic:	0	

Frame:	128
0.999998	-1.83347e-003	0.	0.	
1.83347e-003	0.999998	0.	0.	
0.	0.	1.	0.	
6.01526e-002	0.449277	0.	1.	
Dynamic:	0	

Frame:	129
0.999999	1.26386e-003	0.	0.	
-1.26386e-003	0.999999	0.	0.	
0.	0.	1.	0.	
0.189391	0.435384	0.	1.	
Dynamic:	0	

Frame:	130
0.999998	-1.88071e-003	0.	0.	
1.88071e-003	0.999998	0.	0.	
0.	0.	1.	0.	
5.67858e-002	0.449891	0.	1.	
Dynamic:	0	

Frame:	131
0.999999	1.5116e-003	0.	0.	
-1.5116e-003	0.999999	0.	0.	
0.	0.	1.	0.	
0.201262	0.433557	0.	1.	
Dynamic:	0	

Frame:	132
0.999999	-1.64705e-003	0.	0.	
1.64705e-003	0.999999	0.	0.	
0.	0.	1.	0.	
6.53952e-002	0.449352	0.	1.	
Dynamic:	0	

Frame:	133
0.999998	1.8004e-003	0.	0.	
-1.8004e-003	0.999998	0.	0.	
0.	0.	1.	0.	
0.215131	0.43142	0.	1.	
Dynamic:	0	

Frame:	134
0.999998	1.87893e-003	0.	0.	
-1.87893e-003	0.999998	0.	0.	
0.	0.	1.	0.	
0.218559	0.430946	0.	1.	
Dynamic:	0	

Frame:	135
0.999998	1.96356e-003	0.	0.	
-1.96356e-003	0.999998	0.	0.	
0.	0.	1.	0.	
0.22229	0.430424	0.	1.	
Dynamic:	0	

Frame:	136
0.999998	2.1665e-003	0.	0.	
-2.1665e-003	0.999998	0.	0.	
0.	0.	1.	0.	
0.231327	0.429145	0.	1.	
Dynamic:	0	

Frame:	137
0.999997	2.26178e-003	0.	0.	
-2.26178e-003	0.999997	0.	0.	
0.	0.	1.	0.	
0.235612	0.428533	0.	1.	
Dynamic:	0	

Frame:	138
0.999997	-2.55537e-003	0.	0.	
2.55537e-003	0.999997	0.	0.	
0.	0.	1.	0.	
1.56428e-002	0.456482	0.	1.	
Dynamic:	0	

Frame:	139
0.999996	2.9755e-003	0.	0.	
-2.9755e-003	0.999996	0.	0.	
0.	0.	1.	0.	
0.270472	0.423135	0.	1.	
Dynamic:	0	

Frame:	140
0.999995	3.15307e-003	0.	0.	
-3.15307e-003	0.999995	0.	0.	
0.	0.	1.	0.	
0.278695	0.42193	0.	1.	
Dynamic:	0	

Frame:	141
0.999994	3.4979e-003	0.	0.	
-3.4979e-003	0.999994	0.	0.	
0.	0.	1.	0.	
0.294817	0.41955	0.	1.	
Dynamic:	0	

Frame:	142
0.999993	3.68697e-003	0.	0.	
-3.68697e-003	0.999993	0.	0.	
0.	0.	1.	0.	
0.303741	0.418223	0.	1.	
Dynamic:	0	

Frame:	143
0.999993	3.74726e-003	0.	0.	
-3.74726e-003	0.999993	0.	0.	
0.	0.	1.	0.	
0.306614	0.417793	0.	1.	
Dynamic:	0	

Frame:	144
0.99999	4.39785e-003	0.	0.	
-4.39785e-003	0.99999	0.	0.	
0.	0.	1.	0.	
0.337904	0.413076	0.	1.	
Dynamic:	0	

Frame:	145
0.999989	4.58452e-003	0.	0.	
-4.58452e-003	0.999989	0.	0.	
0.	0.	1.	0.	
0.346965	0.411703	0.	1.	
Dynamic:	0	

Frame:	146
0.999989	4.60974e-003	0.	0.	
-4.60974e-003	0.999989	0.	0.	
0.	0.	1.	0.	
0.348201	0.411514	0.	1.	
Dynamic:	0	

Frame:	147
0.999985	5.49312e-003	0.	0.	
-5.49312e-003	0.999985	0.	0.	
0.	0.	1.	0.	
0.391876	0.404827	0.	1.	
Dynamic:	0	

Frame:	148
0.999984	5.61893e-003	0.	0.	
-5.61893e-003	0.999984	0.	0.	
0.	0.	1.	0.	
0.398153	0.403863	0.	1.	
Dynamic:	0	

Frame:	149
0.999983	5.79633e-003	0.	0.	
-5.79633e-003	0.999983	0.	0.	
0.	0.	1.	0.	
0.407084	0.402484	0.	1.	
Dynamic:	0	

Frame:	150
0.999976	6.87922e-003	0.	0.	
-6.87922e-003	0.999976	0.	0.	
0.	0.	1.	0.	
0.462091	0.393982	0.	1.	
Dynamic:	0	

Frame:	151
0.999977	6.85373e-003	0.	0.	
-6.85373e-003	0.999977	0.	0.	
0.	0.	1.	0.	
0.460785	0.394184	0.	1.	
Dynamic:	0	

Frame:	152
0.999967	8.10755e-003	0.	0.	
-8.10755e-003	0.999967	0.	0.	
0.	0.	1.	0.	
0.525616	0.384141	0.	1.	
Dynamic:	0	

Frame:	153
0.999969	7.81705e-003	0.	0.	
-7.81705e-003	0.999969	0.	0.	
0.	0.	1.	0.	
0.510463	0.386491	0.	1.	
Dynamic:	0	

Frame:	154
0.999956	9.32995e-003	0.	0.	
-9.32995e-003	0.999956	0.	0.	
0.	0.	1.	0.	
0.590071	0.374153	0.	1.	
Dynamic:	0	

Frame:	155
0.99996	8.91218e-003	0.	0.	
-8.91218e-003	0.99996	0.	0.	
0.	0.	1.	0.	
0.567897	0.377588	0.	1.	
Dynamic:	0	

Frame:	156
0.999945	1.04714e-002	0.	0.	
-1.04714e-002	0.999945	0.	0.	
0.	0.	1.	0.	
0.65137	0.364674	0.	1.	
Dynamic:	0	

Frame:	157
0.999954	9.59794e-003	0.	0.	
-9.59794e-003	0.999954	0.	0.	
0.	0.	1.	0.	
0.604209	0.371968	0.	1.	
Dynamic:	0	

Frame:	158
0.999932	1.1642e-002	0.	0.	
-1.1642e-002	0.999932	0.	0.	
0.	0.	1.	0.	
0.715519	0.354797	0.	1.	
Dynamic:	0	

Frame:	159
0.999945	1.05317e-002	0.	0.	
-1.05317e-002	0.999945	0.	0.	
0.	0.	1.	0.	
0.654547	0.364181	0.	1.	
Dynamic:	0	

Frame:	160
0.999924	1.23624e-002	0.	0.	
-1.23624e-002	0.999924	0.	0.	
0.	0.	1.	0.	
0.755925	0.348613	0.	1.	
Dynamic:	0	

Frame:	161
0.999938	1.11678e-002	0.	0.	
-1.11678e-002	0.999938	0.	0.	
0.	0.	1.	0.	
0.68922	0.35883	0.	1.	
Dynamic:	0	

Frame:	162
0.999924	1.23624e-002	0.	0.	
-1.23624e-002	0.999924	0.	0.	
0.	0.	1.	0.	
0.756473	0.34854	0.	1.	
Dynamic:	0	

Frame:	163
0.999924	1.23624e-002	0.	0.	
-1.23624e-002	0.999924	0.	0.	
0.	0.	1.	0.	
0.756473	0.34854	0.	1.	
Dynamic:	0	

Frame:	164
0.999924	1.23624e-002	0.	0.	
-1.23624e-002	0.999924	0.	0.	
0.	0.	1.	0.	
0.756473	0.34854	0.	1.	
Dynamic:	0	

Frame:	165
0.999924	1.23624e-002	0.	0.	
-1.23624e-002	0.999924	0.	0.	
0.	0.	1.	0.	
0.756473	0.34854	0.	1.	
Dynamic:	0	

Frame:	166
0.999924	1.23624e-002	0.	0.	
-1.23624e-002	0.999924	0.	0.	
0.	0.	1.	0.	
0.756473	0.34854	0.	1.	
Dynamic:	0	

Frame:	167
0.999924	1.23624e-002	0.	0.	
-1.23624e-002	0.999924	0.	0.	
0.	0.	1.	0.	
0.756473	0.34854	0.	1.	
Dynamic:	0	

Frame:	168
0.999924	1.23624e-002	0.	0.	
-1.23624e-002	0.999924	0.	0.	
0.	0.	1.	0.	
0.756473	0.34854	0.	1.	
Dynamic:	0	

Frame:	169
0.999924	1.23624e-002	0.	0.	
-1.23624e-002	0.999924	0.	0.	
0.	0.	1.	0.	
0.756473	0.34854	0.	1.	
Dynamic:	0	

Frame:	170
0.999924	1.23624e-002	0.	0.	
-1.23624e-002	0.999924	0.	0.	
0.	0.	1.	0.	
0.756473	0.34854	0.	1.	
Dynamic:	0	

Frame:	171
0.999924	1.23624e-002	0.	0.	
-1.23624e-002	0.999924	0.	0.	
0.	0.	1.	0.	
0.756473	0.34854	0.	1.	
Dynamic:	0	

Frame:	172
0.999924	1.23624e-002	0.	0.	
-1.23624e-002	0.999924	0.	0.	
0.	0.	1.	0.	
0.756473	0.34854	0.	1.	
Dynamic:	0	

Frame:	173
0.999924	1.23624e-002	0.	0.	
-1.23624e-002	0.999924	0.	0.	
0.	0.	1.	0.	
0.756473	0.34854	0.	1.	
Dynamic:	0	

Frame:	174
0.999924	1.23624e-002	0.	0.	
-1.23624e-002	0.999924	0.	0.	
0.	0.	1.	0.	
0.756473	0.34854	0.	1.	
Dynamic:	0	

Frame:	175
0.999924	1.23624e-002	0.	0.	
-1.23624e-002	0.999924	0.	0.	
0.	0.	1.	0.	
0.756473	0.34854	0.	1.	
Dynamic:	0	

Frame:	176
0.999924	1.23624e-002	0.	0.	
-1.23624e-002	0.999924	0.	0.	
0.	0.	1.	0.	
0.756473	0.34854	0.	1.	
Dynamic:	0	

Frame:	177
0.999924	1.23624e-002	0.	0.	
-1.23624e-002	0.999924	0.	0.	
0.	0.	1.	0.	
0.756473	0.34854	0.	1.	
Dynamic:	0	

Frame:	178
0.999924	1.23624e-002	0.	0.	
-1.23624e-002	0.999924	0.	0.	
0.	0.	1.	0.	
0.756473	0.34854	0.	1.	
Dynamic:	0	

Frame:	179
0.999924	1.23624e-002	0.	0.	
-1.23624e-002	0.999924	0.	0.	
0.	0.	1.	0.	
0.756473	0.34854	0.	1.	
Dynamic:	0	

Frame:	180
0.999924	1.23624e-002	0.	0.	
-1.23624e-002	0.999924	0.	0.	
0.	0.	1.	0.	
0.756473	0.34854	0.	1.	
Dynamic:	0	

Frame:	181
0.999924	1.23624e-002	0.	0.	
-1.23624e-002	0.999924	0.	0.	
0.	0.	1.	0.	
0.756473	0.34854	0.	1.	
Dynamic:	0	

Frame:	182
0.999924	1.23624e-002	0.	0.	
-1.23624e-002	0.999924	0.	0.	
0.	0.	1.	0.	
0.756473	0.34854	0.	1.	
Dynamic:	0	

Frame:	183
0.999924	1.23624e-002	0.	0.	
-1.23624e-002	0.999924	0.	0.	
0.	0.	1.	0.	
0.756473	0.34854	0.	1.	
Dynamic:	0	

Frame:	184
0.999924	1.23624e-002	0.	0.	
-1.23624e-002	0.999924	0.	0.	
0.	0.	1.	0.	
0.756473	0.34854	0.	1.	
Dynamic:	0	

Frame:	185
0.999946	1.04379e-002	0.	0.	
-1.04379e-002	0.999946	0.	0.	
0.	0.	1.	0.	
0.627712	0.364852	0.	1.	
Dynamic:	0	

Frame:	186
0.999938	1.11012e-002	0.	0.	
-1.11012e-002	0.999938	0.	0.	
0.	0.	1.	0.	
0.672387	0.359252	0.	1.	
Dynamic:	0	

Frame:	187
0.999936	1.1301e-002	0.	0.	
-1.1301e-002	0.999936	0.	0.	
0.	0.	1.	0.	
0.685937	0.357587	0.	1.	
Dynamic:	0	

Frame:	188
0.999956	9.40218e-003	0.	0.	
-9.40218e-003	0.999956	0.	0.	
0.	0.	1.	0.	
0.556319	0.373361	0.	1.	
Dynamic:	0	

Frame:	189
0.999948	1.02136e-002	0.	0.	
-1.02136e-002	0.999948	0.	0.	
0.	0.	1.	0.	
0.612075	0.366663	0.	1.	
Dynamic:	0	

Frame:	190
0.999944	1.05904e-002	0.	0.	
-1.05904e-002	0.999944	0.	0.	
0.	0.	1.	0.	
0.638135	0.363603	0.	1.	
Dynamic:	0	

Frame:	191
0.999943	1.06551e-002	0.	0.	
-1.06551e-002	0.999943	0.	0.	
0.	0.	1.	0.	
0.642641	0.363085	0.	1.	
Dynamic:	0	

Frame:	192
0.999961	8.81137e-003	0.	0.	
-8.81137e-003	0.999961	0.	0.	
0.	0.	1.	0.	
0.513454	0.37777	0.	1.	
Dynamic:	0	

Frame:	193
0.999954	9.54649e-003	0.	0.	
-9.54649e-003	0.999954	0.	0.	
0.	0.	1.	0.	
0.565291	0.371965	0.	1.	
Dynamic:	0	

Frame:	194
0.999951	9.87263e-003	0.	0.	
-9.87263e-003	0.999951	0.	0.	
0.	0.	1.	0.	
0.588437	0.369439	0.	1.	
Dynamic:	0	

Frame:	195
0.999966	8.26157e-003	0.	0.	
-8.26157e-003	0.999966	0.	0.	
0.	0.	1.	0.	
0.473388	0.381806	0.	1.	
Dynamic:	0	

Frame:	196
0.99996	8.92218e-003	0.	0.	
-8.92218e-003	0.99996	0.	0.	
0.	0.	1.	0.	
0.520856	0.376792	0.	1.	
Dynamic:	0	

Frame:	197
0.999956	9.34968e-003	0.	0.	
-9.34968e-003	0.999956	0.	0.	
0.	0.	1.	0.	
0.551767	0.373617	0.	1.	
Dynamic:	0	

Frame:	198
0.999956	9.37853e-003	0.	0.	
-9.37853e-003	0.999956	0.	0.	
0.	0.	1.	0.	
0.553866	0.373407	0.	1.	
Dynamic:	0	

Frame:	199
0.99997	7.78488e-003	0.	0.	
-7.78488e-003	0.99997	0.	0.	
0.	0.	1.	0.	
0.437227	0.384893	0.	1.	
Dynamic:	0	

Frame:	200
0.999966	8.27688e-003	0.	0.	
-8.27688e-003	0.999966	0.	0.	
0.	0.	1.	0.	
0.473452	0.381394	0.	1.	
Dynamic:	0	

Frame:	201
0.999964	8.50942e-003	0.	0.	
-8.50942e-003	0.999964	0.	0.	
0.	0.	1.	0.	
0.490677	0.379778	0.	1.	
Dynamic:	0	

Frame:	202
0.999963	8.54946e-003	0.	0.	
-8.54946e-003	0.999963	0.	0.	
0.	0.	1.	0.	
0.493661	0.379506	0.	1.	
Dynamic:	0	

Frame:	203
0.999974	7.27097e-003	0.	0.	
-7.27097e-003	0.999974	0.	0.	
0.	0.	1.	0.	
0.397841	0.388062	0.	1.	
Dynamic:	0	

Frame:	204
0.999971	7.6283e-003	0.	0.	
-7.6283e-003	0.999971	0.	0.	
0.	0.	1.	0.	
0.424777	0.385712	0.	1.	
Dynamic:	0	

Frame:	205
0.999969	7.88792e-003	0.	0.	
-7.88792e-003	0.999969	0.	0.	
0.	0.	1.	0.	
0.444461	0.384051	0.	1.	
Dynamic:	0	

Frame:	206
0.999969	7.88435e-003	0.	0.	
-7.88435e-003	0.999969	0.	0.	
0.	0.	1.	0.	
0.444189	0.384073	0.	1.	
Dynamic:	0	

Frame:	207
0.999978	6.69117e-003	0.	0.	
-6.69117e-003	0.999978	0.	0.	
0.	0.	1.	0.	
0.352686	0.391373	0.	1.	
Dynamic:	0	

Frame:	208
0.999976	6.99054e-003	0.	0.	
-6.99054e-003	0.999976	0.	0.	
0.	0.	1.	0.	
0.375773	0.38958	0.	1.	
Dynamic:	0	

Frame:	209
0.999975	7.11195e-003	0.	0.	
-7.11195e-003	0.999975	0.	0.	
0.	0.	1.	0.	
0.385189	0.388875	0.	1.	
Dynamic:	0	

Frame:	210
0.999975	7.11472e-003	0.	0.	
-7.11472e-003	0.999975	0.	0.	
0.	0.	1.	0.	
0.385405	0.38886	0.	1.	
Dynamic:	0	

Frame:	211
0.999981	6.16334e-003	0.	0.	
-6.16334e-003	0.999981	0.	0.	
0.	0.	1.	0.	
0.310808	0.39409	0.	1.	
Dynamic:	0	

Frame:	212
0.99998	6.35981e-003	0.	0.	
-6.35981e-003	0.99998	0.	0.	
0.	0.	1.	0.	
0.326296	0.393039	0.	1.	
Dynamic:	0	

Frame:	213
0.999979	6.42861e-003	0.	0.	
-6.42861e-003	0.999979	0.	0.	
0.	0.	1.	0.	
0.33175	0.392683	0.	1.	
Dynamic:	0	

Frame:	214
0.999979	6.41293e-003	0.	0.	
-6.41293e-003	0.999979	0.	0.	
0.	0.	1.	0.	
0.3305	0.392762	0.	1.	
Dynamic:	0	

Frame:	215
0.999984	5.63585e-003	0.	0.	
-5.63585e-003	0.999984	0.	0.	
0.	0.	1.	0.	
0.268245	0.396515	0.	1.	
Dynamic:	0	

Frame:	216
0.999983	5.75158e-003	0.	0.	
-5.75158e-003	0.999983	0.	0.	
0.	0.	1.	0.	
0.277565	0.395975	0.	1.	
Dynamic:	0	

Frame:	217
0.999983	5.77919e-003	0.	0.	
-5.77919e-003	0.999983	0.	0.	
0.	0.	1.	0.	
0.279801	0.395851	0.	1.	
Dynamic:	0	

Frame:	218
0.999983	5.74526e-003	0.	0.	
-5.74526e-003	0.999983	0.	0.	
0.	0.	1.	0.	
0.277039	0.395996	0.	1.	
Dynamic:	0	

Frame:	219
0.999987	5.10036e-003	0.	0.	
-5.10036e-003	0.999987	0.	0.	
0.	0.	1.	0.	
0.224285	0.398655	0.	1.	
Dynamic:	0	

Frame:	220
0.999987	5.15867e-003	0.	0.	
-5.15867e-003	0.999987	0.	0.	
0.	0.	1.	0.	
0.229079	0.398424	0.	1.	
Dynamic:	0	

Frame:	221
0.999987	5.15397e-003	0.	0.	
-5.15397e-003	0.999987	0.	0.	
0.	0.	1.	0.	
0.228691	0.398442	0.	1.	
Dynamic:	0	

Frame:	222
0.999987	5.10339e-003	0.	0.	
-5.10339e-003	0.999987	0.	0.	
0.	0.	1.	0.	
0.22449	0.398622	0.	1.	
Dynamic:	0	

Frame:	223
0.99999	4.5617e-003	0.	0.	
-4.5617e-003	0.99999	0.	0.	
0.	0.	1.	0.	
0.179274	0.400452	0.	1.	
Dynamic:	0	

Frame:	224
0.99999	4.57712e-003	0.	0.	
-4.57712e-003	0.99999	0.	0.	
0.	0.	1.	0.	
0.180568	0.400402	0.	1.	
Dynamic:	0	

Frame:	225
0.99999	4.5462e-003	0.	0.	
-4.5462e-003	0.99999	0.	0.	
0.	0.	1.	0.	
0.177961	0.400495	0.	1.	
Dynamic:	0	

Frame:	226
0.99999	4.48034e-003	0.	0.	
-4.48034e-003	0.99999	0.	0.	
0.	0.	1.	0.	
0.172382	0.400679	0.	1.	
Dynamic:	0	

Frame:	227
0.99999	4.38815e-003	0.	0.	
-4.38815e-003	0.99999	0.	0.	
0.	0.	1.	0.	
0.164533	0.400917	0.	1.	
Dynamic:	0	

Frame:	228
0.999992	3.88631e-003	0.	0.	
-3.88631e-003	0.999992	0.	0.	
0.	0.	1.	0.	
0.121606	0.402122	0.	1.	
Dynamic:	0	

Frame:	229
0.999993	3.85036e-003	0.	0.	
-3.85036e-003	0.999993	0.	0.	
0.	0.	1.	0.	
0.118516	0.402201	0.	1.	
Dynamic:	0	

Frame:	230
0.999993	3.78578e-003	0.	0.	
-3.78578e-003	0.999993	0.	0.	
0.	0.	1.	0.	
0.112939	0.402331	0.	1.	
Dynamic:	0	

Frame:	231
0.999993	3.64909e-003	0.	0.	
-3.64909e-003	0.999993	0.	0.	
0.	0.	1.	0.	
0.101078	0.402576	0.	1.	
Dynamic:	0	

Frame:	232
0.999994	3.55022e-003	0.	0.	
-3.55022e-003	0.999994	0.	0.	
0.	0.	1.	0.	
9.24582e-002	0.402733	0.	1.	
Dynamic:	0	

Frame:	233
0.999994	3.3844e-003	0.	0.	
-3.3844e-003	0.999994	0.	0.	
0.	0.	1.	0.	
7.79347e-002	0.402962	0.	1.	
Dynamic:	0	

Frame:	234
0.999995	3.02466e-003	0.	0.	
-3.02466e-003	0.999995	0.	0.	
0.	0.	1.	0.	
4.62793e-002	0.403389	0.	1.	
Dynamic:	0	

Frame:	235
0.999996	2.94205e-003	0.	0.	
-2.94205e-003	0.999996	0.	0.	
0.	0.	1.	0.	
3.89766e-002	0.40347	0.	1.	
Dynamic:	0	

Frame:	236
0.999996	2.80165e-003	0.	0.	
-2.80165e-003	0.999996	0.	0.	
0.	0.	1.	0.	
2.65084e-002	0.403578	0.	1.	
Dynamic:	0	

Frame:	237
0.999996	2.65075e-003	0.	0.	
-2.65075e-003	0.999996	0.	0.	
0.	0.	1.	0.	
1.30458e-002	0.403663	0.	1.	
Dynamic:	0	

Frame:	238
0.999997	2.44907e-003	0.	0.	
-2.44907e-003	0.999997	0.	0.	
0.	0.	1.	0.	
-5.02781e-003	0.403733	0.	1.	
Dynamic:	0	

Frame:	239
0.999997	2.25482e-003	0.	0.	
-2.25482e-003	0.999997	0.	0.	
0.	0.	1.	0.	
-2.2515e-002	0.403761	0.	1.	
Dynamic:	0	

Frame:	240
0.999998	2.04539e-003	0.	0.	
-2.04539e-003	0.999998	0.	0.	
0.	0.	1.	0.	
-4.14527e-002	0.403748	0.	1.	
Dynamic:	0	

Frame:	241
0.999999	1.61057e-003	0.	0.	
-1.61057e-003	0.999999	0.	0.	
0.	0.	1.	0.	
-8.09462e-002	0.403634	0.	1.	
Dynamic:	0	

Frame:	242
0.999999	1.21082e-003	0.	0.	
-1.21082e-003	0.999999	0.	0.	
0.	0.	1.	0.	
-0.117416	0.403453	0.	1.	
Dynamic:	0	

Frame:	243
0.999999	1.62813e-003	0.	0.	
-1.62813e-003	0.999999	0.	0.	
0.	0.	1.	0.	
-7.91769e-002	0.403737	0.	1.	
Dynamic:	0	

Frame:	244
0.999998	1.77008e-003	0.	0.	
-1.77008e-003	0.999998	0.	0.	
0.	0.	1.	0.	
-6.61115e-002	0.40387	0.	1.	
Dynamic:	0	

Frame:	245
0.999998	1.76349e-003	0.	0.	
-1.76349e-003	0.999998	0.	0.	
0.	0.	1.	0.	
-6.67209e-002	0.403863	0.	1.	
Dynamic:	0	

Frame:	246
0.999999	1.624e-003	0.	0.	
-1.624e-003	0.999999	0.	0.	
0.	0.	1.	0.	
-7.9671e-002	0.403668	0.	1.	
Dynamic:	0	

Frame:	247
0.999999	1.52178e-003	0.	0.	
-1.52178e-003	0.999999	0.	0.	
0.	0.	1.	0.	
-8.92026e-002	0.403503	0.	1.	
Dynamic:	0	

Frame:	248
0.999999	1.37877e-003	0.	0.	
-1.37877e-003	0.999999	0.	0.	
0.	0.	1.	0.	
-0.102594	0.40324	0.	1.	
Dynamic:	0	

Frame:	249
0.999999	1.21249e-003	0.	0.	
-1.21249e-003	0.999999	0.	0.	
0.	0.	1.	0.	
-0.118232	0.402899	0.	1.	
Dynamic:	0	

Frame:	250
0.999999	-1.05065e-003	0.	0.	
1.05065e-003	0.999999	0.	0.	
0.	0.	1.	0.	
-0.331079	0.396439	0.	1.	
Dynamic:	0	

Frame:	251
0.999998	1.80778e-003	0.	0.	
-1.80778e-003	0.999998	0.	0.	
0.	0.	1.	0.	
-6.08702e-002	0.404936	0.	1.	
Dynamic:	0	

Frame:	252
0.999999	-1.19459e-003	0.	0.	
1.19459e-003	0.999999	0.	0.	
0.	0.	1.	0.	
-0.345808	0.395202	0.	1.	
Dynamic:	0	

Frame:	253
0.999998	1.81989e-003	0.	0.	
-1.81989e-003	0.999998	0.	0.	
0.	0.	1.	0.	
-5.85143e-002	0.405671	0.	1.	
Dynamic:	0	

Frame:	254
0.999999	-1.42856e-003	0.	0.	
1.42856e-003	0.999999	0.	0.	
0.	0.	1.	0.	
-0.369283	0.393464	0.	1.	
Dynamic:	0	

Frame:	255
0.999999	1.54982e-003	0.	0.	
-1.54982e-003	0.999999	0.	0.	
0.	0.	1.	0.	
-8.3264e-002	0.405485	0.	1.	
Dynamic:	0	

Frame:	256
0.999999	-1.69912e-003	0.	0.	
1.69912e-003	0.999999	0.	0.	
0.	0.	1.	0.	
-0.396444	0.391454	0.	1.	
Dynamic:	0	

Frame:	257
0.999998	-1.74783e-003	0.	0.	
1.74783e-003	0.999998	0.	0.	
0.	0.	1.	0.	
-0.401139	0.391206	0.	1.	
Dynamic:	0	

Frame:	258
0.999998	-1.85687e-003	0.	0.	
1.85687e-003	0.999998	0.	0.	
0.	0.	1.	0.	
-0.411694	0.390626	0.	1.	
Dynamic:	0	

Frame:	259
0.999998	1.91347e-003	0.	0.	
-1.91347e-003	0.999998	0.	0.	
0.	0.	1.	0.	
-4.3644e-002	0.409401	0.	1.	
Dynamic:	0	

Frame:	260
0.999997	-2.31933e-003	0.	0.	
2.31933e-003	0.999997	0.	0.	
0.	0.	1.	0.	
-0.458335	0.387098	0.	1.	
Dynamic:	0	

Frame:	261
0.999997	-2.42347e-003	0.	0.	
2.42347e-003	0.999997	0.	0.	
0.	0.	1.	0.	
-0.468541	0.386478	0.	1.	
Dynamic:	0	

Frame:	262
0.999997	-2.53746e-003	0.	0.	
2.53746e-003	0.999997	0.	0.	
0.	0.	1.	0.	
-0.479758	0.385775	0.	1.	
Dynamic:	0	

Frame:	263
0.999996	-2.78988e-003	0.	0.	
2.78988e-003	0.999996	0.	0.	
0.	0.	1.	0.	
-0.504698	0.384163	0.	1.	
Dynamic:	0	

Frame:	264
0.999996	-2.916e-003	0.	0.	
2.916e-003	0.999996	0.	0.	
0.	0.	1.	0.	
-0.51721	0.383332	0.	1.	
Dynamic:	0	

Frame:	265
0.999995	-3.05275e-003	0.	0.	
3.05275e-003	0.999995	0.	0.	
0.	0.	1.	0.	
-0.530832	0.382401	0.	1.	
Dynamic:	0	

Frame:	266
0.999995	-3.20005e-003	0.	0.	
3.20005e-003	0.999995	0.	0.	
0.	0.	1.	0.	
-0.545566	0.381367	0.	1.	
Dynamic:	0	

Frame:	267
0.999994	-3.3578e-003	0.	0.	
3.3578e-003	0.999994	0.	0.	
0.	0.	1.	0.	
-0.561408	0.380227	0.	1.	
Dynamic:	0	

Frame:	268
0.999993	-3.62469e-003	0.	0.	
3.62469e-003	0.999993	0.	0.	
0.	0.	1.	0.	
-0.588319	0.378245	0.	1.	
Dynamic:	0	

Frame:	269
0.999993	-3.79031e-003	0.	0.	
3.79031e-003	0.999993	0.	0.	
0.	0.	1.	0.	
-0.605087	0.376981	0.	1.	
Dynamic:	0	

Frame:	270
0.999992	-3.96621e-003	0.	0.	
3.96621e-003	0.999992	0.	0.	
0.	0.	1.	0.	
-0.622967	0.375604	0.	1.	
Dynamic:	0	

Frame:	271
0.99999	-4.47412e-003	0.	0.	
4.47412e-003	0.99999	0.	0.	
0.	0.	1.	0.	
-0.674805	0.371534	0.	1.	
Dynamic:	0	

Frame:	272
0.999989	-4.73945e-003	0.	0.	
4.73945e-003	0.999989	0.	0.	
0.	0.	1.	0.	
-0.701994	0.369361	0.	1.	
Dynamic:	0	

Frame:	273
0.999988	-4.88627e-003	0.	0.	
4.88627e-003	0.999988	0.	0.	
0.	0.	1.	0.	
-0.7171	0.36813	0.	1.	
Dynamic:	0	

Frame:	274
0.999987	-5.18034e-003	0.	0.	
5.18034e-003	0.999987	0.	0.	
0.	0.	1.	0.	
-0.747478	0.365608	0.	1.	
Dynamic:	0	

Frame:	275
0.999986	-5.33246e-003	0.	0.	
5.33246e-003	0.999986	0.	0.	
0.	0.	1.	0.	
-0.763254	0.364276	0.	1.	
Dynamic:	0	

Frame:	276
0.999984	-5.65035e-003	0.	0.	
5.65035e-003	0.999984	0.	0.	
0.	0.	1.	0.	
-0.796356	0.361432	0.	1.	
Dynamic:	0	

Frame:	277
0.999979	-6.55038e-003	0.	0.	
6.55038e-003	0.999979	0.	0.	
0.	0.	1.	0.	
-0.890455	0.353254	0.	1.	
Dynamic:	0	

Frame:	278
0.999979	-6.54672e-003	0.	0.	
6.54672e-003	0.999979	0.	0.	
0.	0.	1.	0.	
-0.89007	0.353287	0.	1.	
Dynamic:	0	

Frame:	279
0.999977	-6.74233e-003	0.	0.	
6.74233e-003	0.999977	0.	0.	
0.	0.	1.	0.	
-0.910685	0.351442	0.	1.	
Dynamic:	0	

Frame:	280
0.999976	-6.96194e-003	0.	0.	
6.96194e-003	0.999976	0.	0.	
0.	0.	1.	0.	
-0.933923	0.349332	0.	1.	
Dynamic:	0	

Frame:	281
0.999974	-7.19626e-003	0.	0.	
7.19626e-003	0.999974	0.	0.	
0.	0.	1.	0.	
-0.958814	0.34704	0.	1.	
Dynamic:	0	

Frame:	282
0.999965	-8.37219e-003	0.	0.	
8.37219e-003	0.999965	0.	0.	
0.	0.	1.	0.	
-1.08424	0.335403	0.	1.	
Dynamic:	0	

Frame:	283
0.999966	-8.25559e-003	0.	0.	
8.25559e-003	0.999966	0.	0.	
0.	0.	1.	0.	
-1.07175	0.336572	0.	1.	
Dynamic:	0	

Frame:	284
0.999966	-8.29436e-003	0.	0.	
8.29436e-003	0.999966	0.	0.	
0.	0.	1.	0.	
-1.07592	0.336176	0.	1.	
Dynamic:	0	

Frame:	285
0.999965	-8.4223e-003	0.	0.	
8.4223e-003	0.999965	0.	0.	
0.	0.	1.	0.	
-1.08973	0.334847	0.	1.	
Dynamic:	0	

Frame:	286
0.999952	-9.8318e-003	0.	0.	
9.8318e-003	0.999952	0.	0.	
0.	0.	1.	0.	
-1.24249	0.320072	0.	1.	
Dynamic:	0	

Frame:	287
0.999955	-9.46705e-003	0.	0.	
9.46705e-003	0.999955	0.	0.	
0.	0.	1.	0.	
-1.2028	0.323938	0.	1.	
Dynamic:	0	

Frame:	288
0.999956	-9.39575e-003	0.	0.	
9.39575e-003	0.999956	0.	0.	
0.	0.	1.	0.	
-1.19501	0.324708	0.	1.	
Dynamic:	0	

Frame:	289
0.999955	-9.47369e-003	0.	0.	
9.47369e-003	0.999955	0.	0.	
0.	0.	1.	0.	
-1.20356	0.323854	0.	1.	
Dynamic:	0	

Frame:	290
0.999937	-1.12319e-002	0.	0.	
1.12319e-002	0.999937	0.	0.	
0.	0.	1.	0.	
-1.39717	0.304484	0.	1.	
Dynamic:	0	

Frame:	291
0.999945	-1.05349e-002	0.	0.	
1.05349e-002	0.999945	0.	0.	
0.	0.	1.	0.	
-1.32011	0.312231	0.	1.	
Dynamic:	0	

Frame:	292
0.999946	-1.03608e-002	0.	0.	
1.03608e-002	0.999946	0.	0.	
0.	0.	1.	0.	
-1.30079	0.3142	0.	1.	
Dynamic:	0	

Frame:	293
0.999946	-1.04085e-002	0.	0.	
1.04085e-002	0.999946	0.	0.	
0.	0.	1.	0.	
-1.3061	0.313653	0.	1.	
Dynamic:	0	

Frame:	294
0.999924	-1.23624e-002	0.	0.	
1.23624e-002	0.999924	0.	0.	
0.	0.	1.	0.	
-1.52472	0.291185	0.	1.	
Dynamic:	0	

Frame:	295
0.999931	-1.17766e-002	0.	0.	
1.17766e-002	0.999931	0.	0.	
0.	0.	1.	0.	
-1.45891	0.297957	0.	1.	
Dynamic:	0	

Frame:	296
0.999935	-1.13971e-002	0.	0.	
1.13971e-002	0.999935	0.	0.	
0.	0.	1.	0.	
-1.41611	0.302415	0.	1.	
Dynamic:	0	

Frame:	297
0.999936	-1.13393e-002	0.	0.	
1.13393e-002	0.999936	0.	0.	
0.	0.	1.	0.	
-1.40957	0.303102	0.	1.	
Dynamic:	0	

Frame:	298
0.999935	-1.14149e-002	0.	0.	
1.14149e-002	0.999935	0.	0.	
0.	0.	1.	0.	
-1.41816	0.302194	0.	1.	
Dynamic:	0	

Frame:	299
0.999924	-1.23624e-002	0.	0.	
1.23624e-002	0.999924	0.	0.	
0.	0.	1.	0.	
-1.52629	0.290752	0.	1.	
Dynamic:	0	

Frame:	300
0.999924	-1.23624e-002	0.	0.	
1.23624e-002	0.999924	0.	0.	
0.	0.	1.	0.	
-1.52629	0.290752	0.	1.	
Dynamic:	0	

Frame:	301
0.999924	-1.23624e-002	0.	0.	
1.23624e-002	0.999924	0.	0.	
0.	0.	1.	0.	
-1.52629	0.290752	0.	1.	
Dynamic:	0	

Frame:	302
0.999924	-1.23624e-002	0.	0.	
1.23624e-002	0.999924	0.	0.	
0.	0.	1.	0.	
-1.52629	0.290752	0.	1.	
Dynamic:	0	

Frame:	303
0.999924	-1.23624e-002	0.	0.	
1.23624e-002	0.999924	0.	0.	
0.	0.	1.	0.	
-1.52629	0.290752	0.	1.	
Dynamic:	0	

Frame:	304
0.999924	-1.23624e-002	0.	0.	
1.23624e-002	0.999924	0.	0.	
0.	0.	1.	0.	
-1.52629	0.290752	0.	1.	
Dynamic:	0	

Frame:	305
0.999924	-1.23624e-002	0.	0.	
1.23624e-002	0.999924	0.	0.	
0.	0.	1.	0.	
-1.52629	0.290752	0.	1.	
Dynamic:	0	

Frame:	306
0.999924	-1.23624e-002	0.	0.	
1.23624e-002	0.999924	0.	0.	
0.	0.	1.	0.	
-1.52629	0.290752	0.	1.	
Dynamic:	0	

Frame:	307
0.999924	-1.23624e-002	0.	0.	
1.23624e-002	0.999924	0.	0.	
0.	0.	1.	0.	
-1.52629	0.290752	0.	1.	
Dynamic:	0	

Frame:	308
0.999924	-1.23624e-002	0.	0.	
1.23624e-002	0.999924	0.	0.	
0.	0.	1.	0.	
-1.52629	0.290752	0.	1.	
Dynamic:	0	

Frame:	309
0.999924	-1.23624e-002	0.	0.	
1.23624e-002	0.999924	0.	0.	
0.	0.	1.	0.	
-1.52629	0.290752	0.	1.	
Dynamic:	0	

Frame:	310
0.999924	-1.23624e-002	0.	0.	
1.23624e-002	0.999924	0.	0.	
0.	0.	1.	0.	
-1.52629	0.290752	0.	1.	
Dynamic:	0	

Frame:	311
0.999924	-1.23624e-002	0.	0.	
1.23624e-002	0.999924	0.	0.	
0.	0.	1.	0.	
-1.52629	0.290752	0.	1.	
Dynamic:	0	

Frame:	312
0.999924	-1.23624e-002	0.	0.	
1.23624e-002	0.999924	0.	0.	
0.	0.	1.	0.	
-1.52629	0.290752	0.	1.	
Dynamic:	0	

Frame:	313
0.999924	-1.23624e-002	0.	0.	
1.23624e-002	0.999924	0.	0.	
0.	0.	1.	0.	
-1.52629	0.290752	0.	1.	
Dynamic:	0	

Frame:	314
0.999924	-1.23624e-002	0.	0.	
1.23624e-002	0.999924	0.	0.	
0.	0.	1.	0.	
-1.52629	0.290752	0.	1.	
Dynamic:	0	

Frame:	315
0.999924	-1.23624e-002	0.	0.	
1.23624e-002	0.999924	0.	0.	
0.	0.	1.	0.	
-1.52629	0.290752	0.	1.	
Dynamic:	0	

Frame:	316
0.999924	-1.23624e-002	0.	0.	
1.23624e-002	0.999924	0.	0.	
0.	0.	1.	0.	
-1.52629	0.290752	0.	1.	
Dynamic:	0	

Frame:	317
0.999924	-1.23624e-002	0.	0.	
1.23624e-002	0.999924	0.	0.	
0.	0.	1.	0.	
-1.52629	0.290752	0.	1.	
Dynamic:	0	

Frame:	318
0.999924	-1.23624e-002	0.	0.	
1.23624e-002	0.999924	0.	0.	
0.	0.	1.	0.	
-1.52629	0.290752	0.	1.	
Dynamic:	0	

Frame:	319
0.999924	-1.23624e-002	0.	0.	
1.23624e-002	0.999924	0.	0.	
0.	0.	1.	0.	
-1.52629	0.290752	0.	1.	
Dynamic:	0	

Frame:	320
0.999924	-1.23624e-002	0.	0.	
1.23624e-002	0.999924	0.	0.	
0.	0.	1.	0.	
-1.52629	0.290752	0.	1.	
Dynamic:	0	

Frame:	321
0.999924	-1.23624e-002	0.	0.	
1.23624e-002	0.999924	0.	0.	
0.	0.	1.	0.	
-1.52629	0.290752	0.	1.	
Dynamic:	0	

Frame:	322
0.999924	-1.23624e-002	0.	0.	
1.23624e-002	0.999924	0.	0.	
0.	0.	1.	0.	
-1.52629	0.290752	0.	1.	
Dynamic:	0	

Frame:	323
0.999924	-1.23624e-002	0.	0.	
1.23624e-002	0.999924	0.	0.	
0.	0.	1.	0.	
-1.52629	0.290752	0.	1.	
Dynamic:	0	

Frame:	324
0.999924	-1.23624e-002	0.	0.	
1.23624e-002	0.999924	0.	0.	
0.	0.	1.	0.	
-1.52629	0.290752	0.	1.	
Dynamic:	0	

Frame:	325
0.999924	-1.23624e-002	0.	0.	
1.23624e-002	0.999924	0.	0.	
0.	0.	1.	0.	
-1.52629	0.290752	0.	1.	
Dynamic:	0	

Frame:	326
0.999924	-1.23624e-002	0.	0.	
1.23624e-002	0.999924	0.	0.	
0.	0.	1.	0.	
-1.52629	0.290752	0.	1.	
Dynamic:	0	

Frame:	327
0.999926	-1.21945e-002	0.	0.	
1.21945e-002	0.999926	0.	0.	
0.	0.	1.	0.	
-1.50497	0.292934	0.	1.	
Dynamic:	0	

Frame:	328
0.99996	-8.9732e-003	0.	0.	
8.9732e-003	0.99996	0.	0.	
0.	0.	1.	0.	
-1.0945	0.335348	0.	1.	
Dynamic:	0	

Frame:	329
0.999957	-9.23187e-003	0.	0.	
9.23187e-003	0.999957	0.	0.	
0.	0.	1.	0.	
-1.12757	0.331907	0.	1.	
Dynamic:	0	

Frame:	330
0.999957	-9.24374e-003	0.	0.	
9.24374e-003	0.999957	0.	0.	
0.	0.	1.	0.	
-1.1291	0.33175	0.	1.	
Dynamic:	0	

Frame:	331
0.999958	-9.13567e-003	0.	0.	
9.13567e-003	0.999958	0.	0.	
0.	0.	1.	0.	
-1.11518	0.333174	0.	1.	
Dynamic:	0	

Frame:	332
0.99997	-7.69646e-003	0.	0.	
7.69646e-003	0.99997	0.	0.	
0.	0.	1.	0.	
-0.929194	0.352185	0.	1.	
Dynamic:	0	

Frame:	333
0.999968	-8.05278e-003	0.	0.	
8.05278e-003	0.999968	0.	0.	
0.	0.	1.	0.	
-0.975401	0.347478	0.	1.	
Dynamic:	0	

Frame:	334
0.999967	-8.17353e-003	0.	0.	
8.17353e-003	0.999967	0.	0.	
0.	0.	1.	0.	
-0.991115	0.345895	0.	1.	
Dynamic:	0	

Frame:	335
0.999966	-8.24405e-003	0.	0.	
8.24405e-003	0.999966	0.	0.	
0.	0.	1.	0.	
-1.00033	0.344977	0.	1.	
Dynamic:	0	

Frame:	336
0.999975	-7.0397e-003	0.	0.	
7.0397e-003	0.999975	0.	0.	
0.	0.	1.	0.	
-0.8425	0.360651	0.	1.	
Dynamic:	0	

Frame:	337
0.999973	-7.29683e-003	0.	0.	
7.29683e-003	0.999973	0.	0.	
0.	0.	1.	0.	
-0.876311	0.35731	0.	1.	
Dynamic:	0	

Frame:	338
0.999972	-7.42971e-003	0.	0.	
7.42971e-003	0.999972	0.	0.	
0.	0.	1.	0.	
-0.893845	0.355598	0.	1.	
Dynamic:	0	

Frame:	339
0.999979	-6.51134e-003	0.	0.	
6.51134e-003	0.999979	0.	0.	
0.	0.	1.	0.	
-0.772253	0.367394	0.	1.	
Dynamic:	0	

Frame:	340
0.999977	-6.7721e-003	0.	0.	
6.7721e-003	0.999977	0.	0.	
0.	0.	1.	0.	
-0.806895	0.364057	0.	1.	
Dynamic:	0	

Frame:	341
0.999976	-6.93666e-003	0.	0.	
6.93666e-003	0.999976	0.	0.	
0.	0.	1.	0.	
-0.828831	0.361972	0.	1.	
Dynamic:	0	

Frame:	342
0.999981	-6.09152e-003	0.	0.	
6.09152e-003	0.999981	0.	0.	
0.	0.	1.	0.	
-0.715792	0.372636	0.	1.	
Dynamic:	0	

Frame:	343
0.99998	-6.34167e-003	0.	0.	
6.34167e-003	0.99998	0.	0.	
0.	0.	1.	0.	
-0.749361	0.369495	0.	1.	
Dynamic:	0	

Frame:	344
0.999984	-5.73802e-003	0.	0.	
5.73802e-003	0.999984	0.	0.	
0.	0.	1.	0.	
-0.668081	0.377026	0.	1.	
Dynamic:	0	

Frame:	345
0.999982	-5.98199e-003	0.	0.	
5.98199e-003	0.999982	0.	0.	
0.	0.	1.	0.	
-0.70104	0.374003	0.	1.	
Dynamic:	0	

Frame:	346
0.999981	-6.12828e-003	0.	0.	
6.12828e-003	0.999981	0.	0.	
0.	0.	1.	0.	
-0.72087	0.372209	0.	1.	
Dynamic:	0	

Frame:	347
0.999985	-5.49257e-003	0.	0.	
5.49257e-003	0.999985	0.	0.	
0.	0.	1.	0.	
-0.634416	0.379951	0.	1.	
Dynamic:	0	

Frame:	348
0.999984	-5.68195e-003	0.	0.	
5.68195e-003	0.999984	0.	0.	
0.	0.	1.	0.	
-0.660254	0.377661	0.	1.	
Dynamic:	0	

Frame:	349
0.999983	-5.7733e-003	0.	0.	
5.7733e-003	0.999983	0.	0.	
0.	0.	1.	0.	
-0.672761	0.376569	0.	1.	
Dynamic:	0	

Frame:	350
0.999986	-5.22267e-003	0.	0.	
5.22267e-003	0.999986	0.	0.	
0.	0.	1.	0.	
-0.597139	0.383104	0.	1.	
Dynamic:	0	

Frame:	351
0.999985	-5.38673e-003	0.	0.	
5.38673e-003	0.999985	0.	0.	
0.	0.	1.	0.	
-0.619742	0.381172	0.	1.	
Dynamic:	0	

Frame:	352
0.999988	-4.92047e-003	0.	0.	
4.92047e-003	0.999988	0.	0.	
0.	0.	1.	0.	
-0.555295	0.386613	0.	1.	
Dynamic:	0	

Frame:	353
0.999987	-5.08157e-003	0.	0.	
5.08157e-003	0.999987	0.	0.	
0.	0.	1.	0.	
-0.577634	0.38475	0.	1.	
Dynamic:	0	

Frame:	354
0.999989	-4.69465e-003	0.	0.	
4.69465e-003	0.999989	0.	0.	
0.	0.	1.	0.	
-0.52381	0.389181	0.	1.	
Dynamic:	0	

Frame:	355
0.999988	-4.86425e-003	0.	0.	
4.86425e-003	0.999988	0.	0.	
0.	0.	1.	0.	
-0.547477	0.387258	0.	1.	
Dynamic:	0	

Frame:	356
0.99999	-4.51003e-003	0.	0.	
4.51003e-003	0.99999	0.	0.	
0.	0.	1.	0.	
-0.497889	0.39123	0.	1.	
Dynamic:	0	

Frame:	357
0.999989	-4.67313e-003	0.	0.	
4.67313e-003	0.999989	0.	0.	
0.	0.	1.	0.	
-0.520793	0.389422	0.	1.	
Dynamic:	0	

Frame:	358
0.999989	-4.77155e-003	0.	0.	
4.77155e-003	0.999989	0.	0.	
0.	0.	1.	0.	
-0.53466	0.388345	0.	1.	
Dynamic:	0	

Frame:	359
0.99999	-4.38048e-003	0.	0.	
4.38048e-003	0.99999	0.	0.	
0.	0.	1.	0.	
-0.479393	0.392575	0.	1.	
Dynamic:	0	

Frame:	360
0.99999	-4.49093e-003	0.	0.	
4.49093e-003	0.99999	0.	0.	
0.	0.	1.	0.	
-0.49505	0.391394	0.	1.	
Dynamic:	0	

Frame:	361
0.999991	-4.17858e-003	0.	0.	
4.17858e-003	0.999991	0.	0.	
0.	0.	1.	0.	
-0.450635	0.394694	0.	1.	
Dynamic:	0	

Frame:	362
0.999991	-4.29928e-003	0.	0.	
4.29928e-003	0.999991	0.	0.	
0.	0.	1.	0.	
-0.467851	0.393435	0.	1.	
Dynamic:	0	

Frame:	363
0.999992	-4.00615e-003	0.	0.	
4.00615e-003	0.999992	0.	0.	
0.	0.	1.	0.	
-0.425911	0.396454	0.	1.	
Dynamic:	0	

Frame:	364
0.999991	-4.1345e-003	0.	0.	
4.1345e-003	0.999991	0.	0.	
0.	0.	1.	0.	
-0.444331	0.39515	0.	1.	
Dynamic:	0	

Frame:	365
0.999993	-3.85888e-003	0.	0.	
3.85888e-003	0.999993	0.	0.	
0.	0.	1.	0.	
-0.404657	0.397912	0.	1.	
Dynamic:	0	

Frame:	366
0.999992	-3.96832e-003	0.	0.	
3.96832e-003	0.999992	0.	0.	
0.	0.	1.	0.	
-0.420458	0.396831	0.	1.	
Dynamic:	0	

Frame:	367
0.999993	-3.72615e-003	0.	0.	
3.72615e-003	0.999993	0.	0.	
0.	0.	1.	0.	
-0.385387	0.399189	0.	1.	
Dynamic:	0	

Frame:	368
0.999993	-3.83796e-003	0.	0.	
3.83796e-003	0.999993	0.	0.	
0.	0.	1.	0.	
-0.401628	0.398116	0.	1.	
Dynamic:	0	

Frame:	369
0.999994	-3.60547e-003	0.	0.	
3.60547e-003	0.999994	0.	0.	
0.	0.	1.	0.	
-0.367756	0.400311	0.	1.	
Dynamic:	0	

Frame:	370
0.999993	-3.69909e-003	0.	0.	
3.69909e-003	0.999993	0.	0.	
0.	0.	1.	0.	
-0.381437	0.399441	0.	1.	
Dynamic:	0	

Frame:	371
0.999994	-3.49475e-003	0.	0.	
3.49475e-003	0.999994	0.	0.	
0.	0.	1.	0.	
-0.351488	0.401309	0.	1.	
Dynamic:	0	

Frame:	372
0.999994	-3.58625e-003	0.	0.	
3.58625e-003	0.999994	0.	0.	
0.	0.	1.	0.	
-0.364938	0.400487	0.	1.	
Dynamic:	0	

Frame:	373
0.999993	-3.64553e-003	0.	0.	
3.64553e-003	0.999993	0.	0.	
0.	0.	1.	0.	
-0.373678	0.399965	0.	1.	
Dynamic:	0	

Frame:	374
0.999994	-3.41644e-003	0.	0.	
3.41644e-003	0.999994	0.	0.	
0.	0.	1.	0.	
-0.339805	0.401948	0.	1.	
Dynamic:	0	

Frame:	375
0.999994	-3.49771e-003	0.	0.	
3.49771e-003	0.999994	0.	0.	
0.	0.	1.	0.	
-0.351856	0.401257	0.	1.	
Dynamic:	0	

Frame:	376
0.999995	-3.28618e-003	0.	0.	
3.28618e-003	0.999995	0.	0.	
0.	0.	1.	0.	
-0.320398	0.403022	0.	1.	
Dynamic:	0	

Frame:	377
0.999994	-3.3524e-003	0.	0.	
3.3524e-003	0.999994	0.	0.	
0.	0.	1.	0.	
-0.330274	0.40248	0.	1.	
Dynamic:	0	

Frame:	378
0.999995	-3.16822e-003	0.	0.	
3.16822e-003	0.999995	0.	0.	
0.	0.	1.	0.	
-0.302725	0.403958	0.	1.	
Dynamic:	0	

Frame:	379
0.999995	-3.22972e-003	0.	0.	
3.22972e-003	0.999995	0.	0.	
0.	0.	1.	0.	
-0.311949	0.403475	0.	1.	
Dynamic:	0	

Frame:	380
0.999995	-3.07087e-003	0.	0.	
3.07087e-003	0.999995	0.	0.	
0.	0.	1.	0.	
-0.288053	0.404697	0.	1.	
Dynamic:	0	

Frame:	381
0.999995	-3.13275e-003	0.	0.	
3.13275e-003	0.999995	0.	0.	
0.	0.	1.	0.	
-0.297388	0.404231	0.	1.	
Dynamic:	0	

Frame:	382
0.999996	-2.97525e-003	0.	0.	
2.97525e-003	0.999996	0.	0.	
0.	0.	1.	0.	
-0.27356	0.40539	0.	1.	
Dynamic:	0	

Frame:	383
0.999995	-3.03142e-003	0.	0.	
3.03142e-003	0.999995	0.	0.	
0.	0.	1.	0.	
-0.282082	0.404986	0.	1.	
Dynamic:	0	

Frame:	384
0.999996	-2.89238e-003	0.	0.	
2.89238e-003	0.999996	0.	0.	
0.	0.	1.	0.	
-0.260927	0.405961	0.	1.	
Dynamic:	0	

Frame:	385
0.999996	-2.9481e-003	0.	0.	
2.9481e-003	0.999996	0.	0.	
0.	0.	1.	0.	
-0.269429	0.40558	0.	1.	
Dynamic:	0	

Frame:	386
0.999996	-2.98674e-003	0.	0.	
2.98674e-003	0.999996	0.	0.	
0.	0.	1.	0.	
-0.275341	0.405323	0.	1.	
Dynamic:	0	

Frame:	387
0.999996	-2.83298e-003	0.	0.	
2.83298e-003	0.999996	0.	0.	
0.	0.	1.	0.	
-0.25175	0.406319	0.	1.	
Dynamic:	0	

Frame:	388
0.999996	-2.87274e-003	0.	0.	
2.87274e-003	0.999996	0.	0.	
0.	0.	1.	0.	
-0.257868	0.406069	0.	1.	
Dynamic:	0	

Frame:	389
0.999996	-2.74183e-003	0.	0.	
2.74183e-003	0.999996	0.	0.	
0.	0.	1.	0.	
-0.237672	0.40687	0.	1.	
Dynamic:	0	

Frame:	390
0.999996	-2.78406e-003	0.	0.	
2.78406e-003	0.999996	0.	0.	
0.	0.	1.	0.	
-0.244204	0.406619	0.	1.	
Dynamic:	0	

Frame:	391
0.999996	-2.65546e-003	0.	0.	
2.65546e-003	0.999996	0.	0.	
0.	0.	1.	0.	
-0.224256	0.40736	0.	1.	
Dynamic:	0	

Frame:	392
0.999996	-2.69584e-003	0.	0.	
2.69584e-003	0.999996	0.	0.	
0.	0.	1.	0.	
-0.230538	0.407135	0.	1.	
Dynamic:	0	

Frame:	393
0.999996	-2.72439e-003	0.	0.	
2.72439e-003	0.999996	0.	0.	
0.	0.	1.	0.	
-0.234989	0.406981	0.	1.	
Dynamic:	0	

Frame:	394
0.999997	-2.59697e-003	0.	0.	
2.59697e-003	0.999997	0.	0.	
0.	0.	1.	0.	
-0.215063	0.407644	0.	1.	
Dynamic:	0	

Frame:	395
0.999997	-2.63484e-003	0.	0.	
2.63484e-003	0.999997	0.	0.	
0.	0.	1.	0.	
-0.221001	0.407454	0.	1.	
Dynamic:	0	

Frame:	396
0.999996	-2.65705e-003	0.	0.	
2.65705e-003	0.999996	0.	0.	
0.	0.	1.	0.	
-0.224493	0.407347	0.	1.	
Dynamic:	0	

Frame:	397
0.999997	-2.52817e-003	0.	0.	
2.52817e-003	0.999997	0.	0.	
0.	0.	1.	0.	
-0.204176	0.407944	0.	1.	
Dynamic:	0	

Frame:	398
0.999997	-2.5704e-003	0.	0.	
2.5704e-003	0.999997	0.	0.	
0.	0.	1.	0.	
-0.210851	0.407756	0.	1.	
Dynamic:	0	

Frame:	399
0.999997	-2.56453e-003	0.	0.	
2.56453e-003	0.999997	0.	0.	
0.	0.	1.	0.	
-0.209921	0.407781	0.	1.	
Dynamic:	0	

Frame:	400
0.999997	-2.40311e-003	0.	0.	
2.40311e-003	0.999997	0.	0.	
0.	0.	1.	0.	
-0.18427	0.408437	0.	1.	
Dynamic:	0	

Frame:	401
0.999997	-2.37836e-003	0.	0.	
2.37836e-003	0.999997	0.	0.	
0.	0.	1.	0.	
-0.180328	0.408533	0.	1.	
Dynamic:	0	

Frame:	402
0.999997	-2.30433e-003	0.	0.	
2.30433e-003	0.999997	0.	0.	
0.	0.	1.	0.	
-0.168502	0.408806	0.	1.	
Dynamic:	0	

Frame:	403
0.999998	-2.10997e-003	0.	0.	
2.10997e-003	0.999998	0.	0.	
0.	0.	1.	0.	
-0.137373	0.409487	0.	1.	
Dynamic:	0	

Frame:	404
0.999998	-2.00863e-003	0.	0.	
2.00863e-003	0.999998	0.	0.	
0.	0.	1.	0.	
-0.121102	0.409824	0.	1.	
Dynamic:	0	

Frame:	405
0.999998	-1.80222e-003	0.	0.	
1.80222e-003	0.999998	0.	0.	
0.	0.	1.	0.	
-8.78723e-002	0.410475	0.	1.	
Dynamic:	0	

Frame:	406
0.999999	-1.5211e-003	0.	0.	
1.5211e-003	0.999999	0.	0.	
0.	0.	1.	0.	
-4.24976e-002	0.411315	0.	1.	
Dynamic:	0	

Frame:	407
1.	-9.96887e-004	0.	0.	
9.96887e-004	1.	0.	0.	
0.	0.	1.	0.	
4.2329e-002	0.412808	0.	1.	
Dynamic:	0	

Frame:	408
0.999999	-1.22032e-003	0.	0.	
1.22032e-003	0.999999	0.	0.	
0.	0.	1.	0.	
6.08139e-003	0.412212	0.	1.	
Dynamic:	0	

Frame:	409
0.999999	-1.61168e-003	0.	0.	
1.61168e-003	0.999999	0.	0.	
0.	0.	1.	0.	
-5.75741e-002	0.411267	0.	1.	
Dynamic:	0	

Frame:	410
0.999998	-1.73516e-003	0.	0.	
1.73516e-003	0.999998	0.	0.	
0.	0.	1.	0.	
-7.77084e-002	0.410999	0.	1.	
Dynamic:	0	

Frame:	411
0.999999	-1.71323e-003	0.	0.	
1.71323e-003	0.999999	0.	0.	
0.	0.	1.	0.	
-7.4123e-002	0.411042	0.	1.	
Dynamic:	0	

Frame:	412
0.999999	-1.61167e-003	0.	0.	
1.61167e-003	0.999999	0.	0.	
0.	0.	1.	0.	
-5.74795e-002	0.41122	0.	1.	
Dynamic:	0	

Frame:	413
0.999999	-1.46584e-003	0.	0.	
1.46584e-003	0.999999	0.	0.	
0.	0.	1.	0.	
-3.35184e-002	0.411449	0.	1.	
Dynamic:	0	

Frame:	414
0.999999	-1.13595e-003	0.	0.	
1.13595e-003	0.999999	0.	0.	
0.	0.	1.	0.	
2.0822e-002	0.411911	0.	1.	
Dynamic:	0	

Frame:	415
1.	-9.49715e-004	0.	0.	
9.49715e-004	1.	0.	0.	
0.	0.	1.	0.	
3.52691e-002	0.379871	0.	1.	
Dynamic:	0	

Frame:	416
1.	6.35632e-004	0.	0.	
-6.35632e-004	1.	0.	0.	
0.	0.	1.	0.	
0.227173	0.241906	0.	1.	
Dynamic:	0	

Frame:	417
1.	0.	0.	0.	
0.	1.	0.	0.	
0.	0.	1.	0.	
2.93261e-002	5.81274e-002	0.	1.	
Dynamic:	0	

Frame:	418
1.	0.	0.	0.	
0.	1.	0.	0.	
0.	0.	1.	0.	
0.	0.	0.	1.	
Dynamic:	0	

Frame:	419
1.	0.	0.	0.	
0.	1.	0.	0.	
0.	0.	1.	0.	
0.	0.	0.	1.	
Dynamic:	0	

Frame:	420
1.	0.	0.	0.	
0.	1.	0.	0.	
0.	0.	1.	0.	
0.	0.	0.	1.	
Dynamic:	0	

Frame:	421
1.	0.	0.	0.	
0.	1.	0.	0.	
0.	0.	1.	0.	
0.	0.	0.	1.	
Dynamic:	0	

Frame:	422
1.	0.	0.	0.	
0.	1.	0.	0.	
0.	0.	1.	0.	
0.	0.	0.	1.	
Dynamic:	0	

Frame:	423
1.	0.	0.	0.	
0.	1.	0.	0.	
0.	0.	1.	0.	
0.	0.	0.	1.	
Dynamic:	0	

Frame:	424
1.	0.	0.	0.	
0.	1.	0.	0.	
0.	0.	1.	0.	
0.	0.	0.	1.	
Dynamic:	0	

Frame:	425
1.	0.	0.	0.	
0.	1.	0.	0.	
0.	0.	1.	0.	
0.	0.	0.	1.	
Dynamic:	0	

Frame:	426
1.	0.	0.	0.	
0.	1.	0.	0.	
0.	0.	1.	0.	
0.	0.	0.	1.	
Dynamic:	0	

Frame:	427
1.	0.	0.	0.	
0.	1.	0.	0.	
0.	0.	1.	0.	
0.	0.	0.	1.	
Dynamic:	0	

Frame:	428
1.	0.	0.	0.	
0.	1.	0.	0.	
0.	0.	1.	0.	
0.	0.	0.	1.	
Dynamic:	0	

Frame:	429
1.	0.	0.	0.	
0.	1.	0.	0.	
0.	0.	1.	0.	
0.	0.	0.	1.	
Dynamic:	0	

Frame:	430
1.	0.	0.	0.	
0.	1.	0.	0.	
0.	0.	1.	0.	
0.	0.	0.	1.	
Dynamic:	0	

Frame:	431
1.	0.	0.	0.	
0.	1.	0.	0.	
0.	0.	1.	0.	
0.	0.	0.	1.	
Dynamic:	0	

Frame:	432
1.	0.	0.	0.	
0.	1.	0.	0.	
0.	0.	1.	0.	
0.	0.	0.	1.	
Dynamic:	0	

Frame:	433
1.	0.	0.	0.	
0.	1.	0.	0.	
0.	0.	1.	0.	
0.	0.	0.	1.	
Dynamic:	0	

Frame:	434
1.	0.	0.	0.	
0.	1.	0.	0.	
0.	0.	1.	0.	
0.	0.	0.	1.	
Dynamic:	0	

Frame:	435
1.	0.	0.	0.	
0.	1.	0.	0.	
0.	0.	1.	0.	
0.	0.	0.	1.	
Dynamic:	0	

Frame:	436
1.	0.	0.	0.	
0.	1.	0.	0.	
0.	0.	1.	0.	
0.	0.	0.	1.	
Dynamic:	0	

Frame:	437
1.	0.	0.	0.	
0.	1.	0.	0.	
0.	0.	1.	0.	
0.	0.	0.	1.	
Dynamic:	0	

Frame:	438
1.	0.	0.	0.	
0.	1.	0.	0.	
0.	0.	1.	0.	
0.	0.	0.	1.	
Dynamic:	0	

Frame:	439
1.	0.	0.	0.	
0.	1.	0.	0.	
0.	0.	1.	0.	
0.	0.	0.	1.	
Dynamic:	0	

Frame:	440
1.	0.	0.	0.	
0.	1.	0.	0.	
0.	0.	1.	0.	
0.	0.	0.	1.	
Dynamic:	0	

