Time	FPS	Frame	Crash	RB	RU	LU	LB	Dither	DAngle	swAngle	OX	OY	OZ	HX	HY	HZ	HA	Speed
Time	FPS	Frame	0	1	3	3	1	0.	1.65597e-005	0.	0.	0.	0.	0.	1.	0.	0.	0.	
Time	FPS	Frame	0	1	3	3	1	8.25584e-006	1.65597e-005	0.	0.	0.	0.	0.	1.	0.	0.	0.	
Time	FPS	Frame	0	1	3	3	1	8.25584e-006	1.65597e-005	0.	0.	0.	0.	0.	1.	0.	0.	0.	
Time	FPS	Frame	0	1	3	3	1	8.25584e-006	1.65597e-005	0.	0.	0.	0.	0.	1.	0.	0.	0.	
Time	FPS	Frame	0	1	3	3	1	8.25584e-006	1.65597e-005	0.	0.	0.	0.	0.	1.	0.	0.	0.	
Time	FPS	Frame	0	1	3	3	1	8.25584e-006	1.65597e-005	0.	0.	0.	0.	0.	1.	0.	0.	0.	
Time	FPS	Frame	0	1	3	3	1	8.25584e-006	1.65597e-005	0.	0.	0.	0.	0.	1.	0.	0.	0.	
Time	FPS	Frame	0	1	3	3	1	8.25584e-006	1.65597e-005	0.	0.	0.	0.	0.	1.	0.	0.	0.	
Time	FPS	Frame	0	1	3	3	1	8.25584e-006	1.65597e-005	0.	0.	0.	0.	0.	1.	0.	0.	0.	
Time	FPS	Frame	0	1	3	3	1	8.25584e-006	1.65597e-005	0.	0.	0.	0.	0.	1.	0.	0.	0.	
Time	FPS	Frame	0	1	3	3	1	8.25584e-006	1.65597e-005	0.	0.	0.	0.	0.	1.	0.	0.	0.	
Time	FPS	Frame	0	1	3	3	1	8.25584e-006	1.65597e-005	0.	0.	0.	0.	0.	1.	0.	0.	0.	
Time	FPS	Frame	0	1	3	3	1	8.25584e-006	1.65597e-005	0.	0.	0.	0.	0.	1.	0.	0.	0.	
Time	FPS	Frame	0	1	3	3	1	8.25584e-006	1.65597e-005	0.	0.	0.	0.	0.	1.	0.	0.	0.	
Time	FPS	Frame	0	1	3	3	1	8.25584e-006	1.65597e-005	0.	0.	0.	0.	0.	1.	0.	0.	0.	
Time	FPS	Frame	0	1	3	3	1	8.25584e-006	1.65597e-005	0.	0.	0.	0.	0.	1.	0.	0.	0.	
Time	FPS	Frame	0	1	3	3	1	8.25584e-006	1.65597e-005	0.	0.	0.	0.	0.	1.	0.	0.	0.	
Time	FPS	Frame	0	1	3	3	1	8.25584e-006	1.65597e-005	0.	0.	0.	0.	0.	1.	0.	0.	0.	
Time	FPS	Frame	0	1	3	3	1	8.25584e-006	1.65597e-005	0.	0.	0.	0.	0.	1.	0.	0.	0.	
Time	FPS	Frame	0	1	3	3	1	8.25584e-006	1.65597e-005	0.	0.	0.	0.	0.	1.	0.	0.	0.	
Time	FPS	Frame	0	1	3	3	1	8.25584e-006	1.65597e-005	0.	0.	0.	0.	0.	1.	0.	0.	0.	
Time	FPS	Frame	0	1	3	3	1	8.25584e-006	1.65597e-005	0.	0.	0.	0.	0.	1.	0.	0.	0.	
Time	FPS	Frame	0	1	3	3	1	8.25584e-006	1.65597e-005	0.	0.	0.	0.	0.	1.	0.	0.	0.	
Time	FPS	Frame	0	1	3	3	1	8.25584e-006	1.65597e-005	0.	0.	0.	0.	0.	1.	0.	0.	0.	
Time	FPS	Frame	0	1	3	3	1	8.25584e-006	1.65597e-005	0.	0.	0.	0.	0.	1.	0.	0.	0.	
Time	FPS	Frame	0	1	3	3	1	8.25584e-006	1.65597e-005	0.	0.	0.	0.	0.	1.	0.	0.	0.	
Time	FPS	Frame	0	1	3	3	1	8.25584e-006	1.65597e-005	0.	0.	0.	0.	0.	1.	0.	0.	0.	
Time	FPS	Frame	0	1	3	3	1	8.25584e-006	1.65597e-005	0.	0.	0.	0.	0.	1.	0.	0.	0.	
Time	FPS	Frame	0	1	3	3	1	8.25584e-006	1.65597e-005	0.	0.	0.	0.	0.	1.	0.	0.	0.	
Time	FPS	Frame	0	1	3	3	1	8.25584e-006	1.65597e-005	0.	0.	0.	0.	0.	1.	0.	0.	0.	
Time	FPS	Frame	0	1	3	3	1	8.25584e-006	1.65597e-005	0.	0.	0.	0.	0.	1.	0.	0.	0.	
Time	FPS	Frame	0	1	3	3	1	8.25584e-006	1.65597e-005	0.	0.	0.	0.	0.	1.	0.	0.	0.	
Time	FPS	Frame	0	1	3	3	1	8.25584e-006	1.65597e-005	0.	0.	0.	0.	0.	1.	0.	0.	0.	
Time	FPS	Frame	0	1	3	3	1	8.25584e-006	1.65597e-005	0.	0.	0.	0.	0.	1.	0.	0.	0.	
Time	FPS	Frame	0	1	3	3	1	8.25584e-006	1.65597e-005	0.	0.	0.	0.	0.	1.	0.	0.	0.	
Time	FPS	Frame	0	1	3	3	1	8.25584e-006	1.65597e-005	0.	0.	0.	0.	0.	1.	0.	0.	0.	
Time	FPS	Frame	0	1	3	3	1	8.25584e-006	1.65597e-005	0.	0.	0.	0.	0.	1.	0.	0.	0.	
Time	FPS	Frame	0	1	3	3	1	8.25584e-006	1.65597e-005	0.	0.	0.	0.	0.	1.	0.	0.	0.	
Time	FPS	Frame	0	1	3	3	1	8.25584e-006	1.65597e-005	0.	0.	0.	0.	0.	1.	0.	0.	0.	
Time	FPS	Frame	0	1	3	3	1	8.25584e-006	1.65597e-005	0.	0.	0.	0.	0.	1.	0.	0.	0.	
Time	FPS	Frame	0	1	3	3	1	8.25584e-006	1.65597e-005	0.	0.	0.	0.	0.	1.	0.	0.	0.	
Time	FPS	Frame	0	1	3	3	1	8.25584e-006	1.65597e-005	0.	0.	0.	0.	0.	1.	0.	0.	0.	
Time	FPS	Frame	0	1	3	3	1	8.25584e-006	1.65597e-005	0.	0.	0.	0.	0.	1.	0.	0.	0.	
Time	FPS	Frame	0	1	3	3	1	8.25584e-006	1.65597e-005	0.	0.	0.	0.	0.	1.	0.	0.	0.	
Time	FPS	Frame	0	1	3	3	1	8.25584e-006	1.65597e-005	0.	0.	0.	0.	0.	1.	0.	0.	0.	
Time	FPS	Frame	0	1	3	3	1	8.25584e-006	1.65597e-005	0.	0.	0.	0.	0.	1.	0.	0.	0.	
Time	FPS	Frame	0	1	3	3	1	8.25584e-006	1.65597e-005	0.	0.	0.	0.	0.	1.	0.	0.	0.	
Time	FPS	Frame	0	1	3	3	1	8.25584e-006	1.65597e-005	0.	0.	0.	0.	0.	1.	0.	0.	0.	
Time	FPS	Frame	0	1	3	3	1	8.25584e-006	1.65597e-005	0.	0.	0.	0.	0.	1.	0.	0.	0.	
Time	FPS	Frame	0	1	3	3	1	8.25584e-006	1.65597e-005	0.	0.	0.	0.	0.	1.	0.	0.	0.	
Time	FPS	Frame	0	1	3	3	1	8.25584e-006	1.65597e-005	0.	0.	0.	0.	0.	1.	0.	0.	0.	
Time	FPS	Frame	0	1	3	3	1	8.25584e-006	1.65597e-005	0.	0.	0.	0.	0.	1.	0.	0.	0.	
Time	FPS	Frame	0	1	3	3	1	8.25584e-006	1.65597e-005	0.	0.	0.	0.	0.	1.	0.	0.	0.	
Time	FPS	Frame	0	1	3	3	1	8.25584e-006	1.65597e-005	0.	0.	0.	0.	0.	1.	0.	0.	0.	
Time	FPS	Frame	0	1	3	3	1	8.25584e-006	1.65597e-005	0.	0.	0.	0.	0.	1.	0.	0.	0.	
Time	FPS	Frame	0	1	3	3	1	8.25584e-006	1.65597e-005	0.	0.	0.	0.	0.	1.	0.	0.	0.	
Time	FPS	Frame	0	1	3	3	1	8.25584e-006	1.65597e-005	0.	0.	0.	0.	0.	1.	0.	0.	0.	
Time	FPS	Frame	0	1	3	3	1	8.25584e-006	1.65597e-005	0.	0.	0.	0.	0.	1.	0.	0.	0.	
Time	FPS	Frame	0	1	3	3	1	8.25584e-006	1.65597e-005	0.	0.	0.	0.	0.	1.	0.	0.	0.	
Time	FPS	Frame	0	1	3	3	1	8.25584e-006	1.65597e-005	0.	0.	0.	0.	0.	1.	0.	0.	0.	
Time	FPS	Frame	0	1	3	3	1	8.25584e-006	1.65597e-005	0.	0.	0.	0.	0.	1.	0.	0.	0.	
Time	FPS	Frame	0	1	3	3	1	8.25584e-006	1.65597e-005	0.	0.	0.	0.	0.	1.	0.	0.	0.	
Time	FPS	Frame	0	1	3	3	1	8.25584e-006	1.65597e-005	0.	0.	0.	0.	0.	1.	0.	0.	0.	
Time	FPS	Frame	0	1	3	3	1	8.25584e-006	1.65597e-005	0.	0.	0.	0.	0.	1.	0.	0.	0.	
Time	FPS	Frame	0	1	3	3	1	8.25584e-006	1.65597e-005	0.	0.	0.	0.	0.	1.	0.	0.	0.	
Time	FPS	Frame	0	1	3	3	1	8.25584e-006	1.65597e-005	0.	0.	0.	0.	0.	1.	0.	0.	0.	
Time	FPS	Frame	0	1	3	3	1	8.25584e-006	1.65597e-005	0.	0.	0.	0.	0.	1.	0.	0.	0.	
Time	FPS	Frame	0	1	3	3	1	8.25584e-006	1.65597e-005	0.	0.	0.	0.	0.	1.	0.	0.	0.	
Time	FPS	Frame	0	1	3	3	1	8.25584e-006	1.65597e-005	0.	0.	0.	0.	0.	1.	0.	0.	0.	
Time	FPS	Frame	0	1	3	3	1	8.25584e-006	1.65597e-005	0.	0.	0.	0.	0.	1.	0.	0.	0.	
Time	FPS	Frame	0	1	3	3	1	8.25584e-006	1.65597e-005	0.	0.	0.	0.	0.	1.	0.	0.	0.	
Time	FPS	Frame	0	1	3	3	1	8.25584e-006	1.65597e-005	0.	0.	0.	0.	0.	1.	0.	0.	0.	
Time	FPS	Frame	0	1	3	3	1	8.25584e-006	1.65597e-005	0.	0.	0.	0.	0.	1.	0.	0.	0.	
Time	FPS	Frame	0	1	3	3	1	8.25584e-006	1.65597e-005	0.	0.	0.	0.	0.	1.	0.	0.	0.	
Time	FPS	Frame	0	1	3	3	1	8.25584e-006	1.65597e-005	0.	0.	0.	0.	0.	1.	0.	0.	0.	
Time	FPS	Frame	0	1	3	3	1	8.25584e-006	1.65597e-005	0.	0.	0.	0.	0.	1.	0.	0.	0.	
Time	FPS	Frame	0	1	3	3	1	8.25584e-006	1.65597e-005	0.	0.	0.	0.	0.	1.	0.	0.	0.	
Time	FPS	Frame	0	1	3	3	1	8.25584e-006	1.65597e-005	0.	0.	0.	0.	0.	1.	0.	0.	0.	
Time	FPS	Frame	0	1	3	3	1	8.25584e-006	1.65597e-005	0.	0.	0.	0.	0.	1.	0.	0.	0.	
Time	FPS	Frame	0	1	3	3	1	8.25584e-006	1.65597e-005	0.	0.	0.	0.	0.	1.	0.	0.	0.	
Time	FPS	Frame	0	1	3	3	1	8.25584e-006	1.65597e-005	0.	0.	0.	0.	0.	1.	0.	0.	0.	
Time	FPS	Frame	0	1	3	3	1	8.25584e-006	1.65597e-005	0.	0.	0.	0.	0.	1.	0.	0.	0.	
Time	FPS	Frame	0	1	3	3	1	8.25584e-006	1.65597e-005	0.	0.	0.	0.	0.	1.	0.	0.	0.	
Time	FPS	Frame	0	1	3	3	1	8.25584e-006	1.65597e-005	0.	0.	0.	0.	0.	1.	0.	0.	0.	
Time	FPS	Frame	0	1	3	3	1	8.25584e-006	1.65597e-005	0.	0.	0.	0.	0.	1.	0.	0.	0.	
Time	FPS	Frame	0	1	3	3	1	8.25584e-006	1.65597e-005	0.	0.	0.	0.	0.	1.	0.	0.	0.	
Time	FPS	Frame	0	1	3	3	1	8.25584e-006	1.65597e-005	0.	0.	0.	0.	0.	1.	0.	0.	0.	
Time	FPS	Frame	0	1	3	3	1	8.25584e-006	1.65597e-005	0.	0.	0.	0.	0.	1.	0.	0.	0.	
Time	FPS	Frame	0	1	3	3	1	8.25584e-006	1.65597e-005	0.	0.	0.	0.	0.	1.	0.	0.	0.	
Time	FPS	Frame	0	1	3	3	1	8.25584e-006	1.65597e-005	0.	0.	0.	0.	0.	1.	0.	0.	0.	
Time	FPS	Frame	0	1	3	3	1	8.25584e-006	1.65597e-005	0.	0.	0.	0.	0.	1.	0.	0.	0.	
Time	FPS	Frame	0	1	3	3	1	8.25584e-006	1.65597e-005	0.	0.	0.	0.	0.	1.	0.	0.	0.	
Time	FPS	Frame	0	1	3	3	1	8.25584e-006	1.65597e-005	0.	0.	0.	0.	0.	1.	0.	0.	0.	
Time	FPS	Frame	0	1	3	3	1	8.25584e-006	1.65597e-005	0.	0.	0.	0.	0.	1.	0.	0.	0.	
Time	FPS	Frame	0	1	3	3	1	8.25584e-006	1.65597e-005	0.	0.	0.	0.	0.	1.	0.	0.	0.	
Time	FPS	Frame	0	1	3	3	1	8.25584e-006	1.65597e-005	0.	0.	0.	0.	0.	1.	0.	0.	0.	
Time	FPS	Frame	0	1	3	3	1	8.25584e-006	1.65597e-005	0.	0.	0.	0.	0.	1.	0.	0.	0.	
Time	FPS	Frame	0	1	3	3	1	8.25584e-006	1.65597e-005	0.	0.	0.	0.	0.	1.	0.	0.	0.	
Time	FPS	Frame	0	1	3	3	1	8.25584e-006	1.65597e-005	0.	0.	0.	0.	0.	1.	0.	0.	0.	
Time	FPS	Frame	0	1	3	3	1	9.17582e-006	1.65597e-005	0.	0.	5.55556e-002	0.	0.	1.	0.	0.	5.55556e-002	
Time	FPS	Frame	0	1	3	3	1	1.00958e-005	1.65597e-005	0.	0.	0.111111	0.	0.	1.	0.	0.	5.55556e-002	
Time	FPS	Frame	0	1	3	3	1	1.10158e-005	1.65597e-005	0.	0.	0.166667	0.	0.	1.	0.	0.	5.55556e-002	
Time	FPS	Frame	0	1	3	3	1	1.19358e-005	1.65597e-005	0.	0.	0.222222	0.	0.	1.	0.	0.	5.55556e-002	
Time	FPS	Frame	0	1	3	3	1	1.28557e-005	1.65597e-005	0.	0.	0.277778	0.	0.	1.	0.	0.	5.55556e-002	
Time	FPS	Frame	0	1	3	3	1	1.37757e-005	1.65597e-005	0.	0.	0.333333	0.	0.	1.	0.	0.	5.55556e-002	
Time	FPS	Frame	0	1	3	3	1	1.46957e-005	1.65597e-005	0.	0.	0.388889	0.	0.	1.	0.	0.	5.55556e-002	
Time	FPS	Frame	0	1	3	3	1	1.56157e-005	1.65597e-005	0.	0.	0.444444	0.	0.	1.	0.	0.	5.55556e-002	
Time	FPS	Frame	0	1	3	3	1	1.65357e-005	1.65597e-005	0.	0.	0.5	0.	0.	1.	0.	0.	5.55556e-002	
Time	FPS	Frame	0	1	3	3	1	1.74557e-005	1.65597e-005	0.	0.	0.555556	0.	0.	1.	0.	0.	5.55556e-002	
Time	FPS	Frame	0	1	3	3	1	1.83756e-005	1.65597e-005	0.	0.	0.611111	0.	0.	1.	0.	0.	5.55556e-002	
Time	FPS	Frame	0	1	3	3	1	1.92956e-005	1.65597e-005	0.	0.	0.666667	0.	0.	1.	0.	0.	5.55556e-002	
Time	FPS	Frame	0	1	3	3	1	2.02156e-005	1.65597e-005	0.	0.	0.722222	0.	0.	1.	0.	0.	5.55556e-002	
Time	FPS	Frame	0	1	3	3	1	2.11356e-005	1.65597e-005	0.	0.	0.777778	0.	0.	1.	0.	0.	5.55556e-002	
Time	FPS	Frame	0	1	3	3	1	2.20556e-005	1.65597e-005	0.	0.	0.833333	0.	0.	1.	0.	0.	5.55556e-002	
Time	FPS	Frame	0	1	3	3	1	2.29756e-005	1.65597e-005	0.	0.	0.888889	0.	0.	1.	0.	0.	5.55556e-002	
Time	FPS	Frame	0	1	3	3	1	2.38955e-005	1.65597e-005	0.	0.	0.944444	0.	0.	1.	0.	0.	5.55556e-002	
Time	FPS	Frame	0	1	3	3	1	2.48155e-005	1.65597e-005	0.	0.	1.	0.	0.	1.	0.	0.	5.55556e-002	
Time	FPS	Frame	0	1	3	3	1	2.57355e-005	1.65597e-005	0.	0.	1.05556	0.	0.	1.	0.	0.	5.55556e-002	
Time	FPS	Frame	0	1	3	3	1	2.66555e-005	1.65597e-005	0.	0.	1.11111	0.	0.	1.	0.	0.	5.55556e-002	
Time	FPS	Frame	0	1	3	3	1	2.75755e-005	1.65597e-005	0.	0.	1.16667	0.	0.	1.	0.	0.	5.55556e-002	
Time	FPS	Frame	0	1	3	3	1	2.84954e-005	1.65597e-005	0.	0.	1.22222	0.	0.	1.	0.	0.	5.55556e-002	
Time	FPS	Frame	0	1	3	3	1	2.94154e-005	1.65597e-005	0.	0.	1.27778	0.	0.	1.	0.	0.	5.55556e-002	
Time	FPS	Frame	0	1	3	3	1	3.03354e-005	1.65597e-005	0.	0.	1.33333	0.	0.	1.	0.	0.	5.55556e-002	
Time	FPS	Frame	0	1	3	3	1	3.12554e-005	1.65597e-005	0.	0.	1.38889	0.	0.	1.	0.	0.	5.55556e-002	
Time	FPS	Frame	0	1	3	3	1	3.21754e-005	1.65597e-005	0.	0.	1.44444	0.	0.	1.	0.	0.	5.55556e-002	
Time	FPS	Frame	0	1	3	3	1	3.30954e-005	1.65597e-005	0.	0.	1.5	0.	0.	1.	0.	0.	5.55556e-002	
Time	FPS	Frame	0	1	3	3	1	3.40153e-005	1.65597e-005	0.	0.	1.55556	0.	0.	1.	0.	0.	5.55556e-002	
Time	FPS	Frame	0	1	3	3	1	3.49353e-005	1.65597e-005	0.	0.	1.61111	0.	0.	1.	0.	0.	5.55556e-002	
Time	FPS	Frame	0	1	3	3	1	3.58553e-005	1.65597e-005	0.	0.	1.66667	0.	0.	1.	0.	0.	5.55556e-002	
Time	FPS	Frame	0	1	4	4	1	3.76953e-005	1.65597e-005	0.	0.	1.77778	0.	0.	1.	0.	0.	0.111111	
Time	FPS	Frame	0	1	4	4	1	3.95352e-005	1.65597e-005	0.	0.	1.88889	0.	0.	1.	0.	0.	0.111111	
Time	FPS	Frame	0	1	4	4	1	4.22952e-005	4.55489e-005	0.	0.	2.05556	0.	0.	1.	0.	0.	0.166667	
Time	FPS	Frame	0	2	4	4	2	5.36008e-005	4.55489e-005	0.	0.	2.22222	0.	0.	1.	0.	0.	0.166667	
Time	FPS	Frame	0	2	4	4	2	6.37228e-005	4.55489e-005	0.	0.	2.44444	0.	0.	1.	0.	0.	0.222222	
Time	FPS	Frame	0	2	4	4	2	7.38448e-005	4.55489e-005	0.	0.	2.66667	0.	0.	1.	0.	0.	0.222222	
Time	FPS	Frame	0	2	4	4	2	9.91497e-005	4.55489e-005	0.	0.	3.22222	0.	0.	1.	0.	0.	0.277778	
Time	FPS	Frame	0	2	4	4	2	1.11802e-004	4.55489e-005	0.	0.	3.5	0.	0.	1.	0.	0.	0.277778	
Time	FPS	Frame	0	2	5	5	2	1.24455e-004	4.55489e-005	0.	0.	3.77778	0.	0.	1.	0.	0.	0.277778	
Time	FPS	Frame	0	2	5	5	2	1.37107e-004	9.00378e-005	0.	0.	4.05556	0.	0.	1.	0.	0.	0.277778	
Time	FPS	Frame	0	3	5	5	3	1.63647e-004	9.00378e-005	0.	0.	4.33333	0.	0.	1.	0.	0.	0.277778	
Time	FPS	Frame	0	3	5	5	3	1.88658e-004	9.00378e-005	0.	0.	4.61111	0.	0.	1.	0.	0.	0.277778	
Time	FPS	Frame	0	3	5	5	3	2.13668e-004	9.00378e-005	0.	0.	4.88889	0.	0.	1.	0.	0.	0.277778	
Time	FPS	Frame	0	3	5	5	3	2.38679e-004	9.00378e-005	0.	0.	5.16667	0.	0.	1.	0.	0.	0.277778	
Time	FPS	Frame	0	3	5	5	3	2.63689e-004	9.00378e-005	0.	0.	5.44444	0.	0.	1.	0.	0.	0.277778	
Time	FPS	Frame	0	3	5	5	3	2.887e-004	9.00378e-005	0.	0.	5.72222	0.	0.	1.	0.	0.	0.277778	
Time	FPS	Frame	0	3	6	6	3	3.1371e-004	9.00378e-005	0.	0.	6.	0.	0.	1.	0.	0.	0.277778	
Time	FPS	Frame	0	3	6	6	3	3.38721e-004	1.50511e-004	0.	0.	6.27778	0.	0.	1.	0.	0.	0.277778	
Time	FPS	Frame	0	4	6	6	4	3.92171e-004	1.50511e-004	0.	0.	6.55556	0.	0.	1.	0.	0.	0.277778	
Time	FPS	Frame	0	4	6	6	4	4.33979e-004	1.50511e-004	0.	0.	6.83333	0.	0.	1.	0.	0.	0.277778	
Time	FPS	Frame	0	4	6	6	4	4.75788e-004	1.50511e-004	0.	0.	7.11111	0.	0.	1.	0.	0.	0.277778	
Time	FPS	Frame	0	4	6	6	4	5.17596e-004	1.50511e-004	0.	0.	7.38889	0.	0.	1.	0.	0.	0.277778	
Time	FPS	Frame	0	4	6	6	4	5.59405e-004	1.50511e-004	0.	0.	7.66667	0.	0.	1.	0.	0.	0.277778	
Time	FPS	Frame	0	4	7	7	4	6.01214e-004	1.50511e-004	0.	0.	7.94444	0.	0.	1.	0.	0.	0.277778	
Time	FPS	Frame	0	4	7	7	4	6.43022e-004	2.27884e-004	0.	0.	8.22222	0.	0.	1.	0.	0.	0.277778	
Time	FPS	Frame	0	5	7	7	5	7.14232e-004	2.27884e-004	0.	0.	8.5	0.	0.	1.	0.	0.	0.277778	
Time	FPS	Frame	0	5	7	7	5	7.77533e-004	2.27884e-004	0.	0.	8.77778	0.	0.	1.	0.	0.	0.277778	
Time	FPS	Frame	0	5	7	7	5	8.40834e-004	2.27884e-004	0.	0.	9.05556	0.	0.	1.	0.	0.	0.277778	
Time	FPS	Frame	0	5	7	7	5	9.04135e-004	2.27884e-004	0.	0.	9.33333	0.	0.	1.	0.	0.	0.277778	
Time	FPS	Frame	0	5	7	7	5	9.67436e-004	2.27884e-004	0.	0.	9.61111	0.	0.	1.	0.	0.	0.277778	
Time	FPS	Frame	0	5	8	8	5	1.03074e-003	2.27884e-004	0.	0.	9.88889	0.	0.	1.	0.	0.	0.277778	
Time	FPS	Frame	0	5	8	8	5	1.09404e-003	3.22571e-004	0.	0.	10.1667	0.	0.	1.	0.	0.	0.277778	
Time	FPS	Frame	0	5	8	8	5	1.18753e-003	3.22571e-004	0.	0.	10.4444	0.	0.	1.	0.	0.	0.277778	
Time	FPS	Frame	0	6	8	8	6	1.27713e-003	3.22571e-004	0.	0.	10.7222	0.	0.	1.	0.	0.	0.277778	
Time	FPS	Frame	0	6	8	8	6	1.36673e-003	3.22571e-004	0.	0.	11.	0.	0.	1.	0.	0.	0.277778	
Time	FPS	Frame	0	6	8	8	6	1.45634e-003	3.22571e-004	0.	0.	11.2778	0.	0.	1.	0.	0.	0.277778	
Time	FPS	Frame	0	6	8	8	6	1.54594e-003	3.22571e-004	0.	0.	11.5556	0.	0.	1.	0.	0.	0.277778	
Time	FPS	Frame	0	6	9	9	6	1.63554e-003	3.22571e-004	0.	0.	11.8333	0.	0.	1.	0.	0.	0.277778	
Time	FPS	Frame	0	6	9	9	6	1.72515e-003	4.3567e-004	0.	0.	12.1111	0.	0.	1.	0.	0.	0.277778	
Time	FPS	Frame	0	6	9	9	6	1.84715e-003	4.3567e-004	0.	0.	12.3889	0.	0.	1.	0.	0.	0.277778	
Time	FPS	Frame	0	7	9	9	7	1.96817e-003	4.3567e-004	0.	0.	12.6667	0.	0.	1.	0.	0.	0.277778	
Time	FPS	Frame	0	7	9	9	7	2.08919e-003	4.3567e-004	0.	0.	12.9444	0.	0.	1.	0.	0.	0.277778	
Time	FPS	Frame	0	7	9	9	7	2.21021e-003	4.3567e-004	0.	0.	13.2222	0.	0.	1.	0.	0.	0.277778	
Time	FPS	Frame	0	7	9	9	7	2.33123e-003	4.3567e-004	0.	0.	13.5	0.	0.	1.	0.	0.	0.277778	
Time	FPS	Frame	0	7	10	10	7	2.45225e-003	4.3567e-004	0.	0.	13.7778	0.	0.	1.	0.	0.	0.277778	
Time	FPS	Frame	0	7	10	10	7	2.57327e-003	5.6746e-004	0.	0.	14.0556	0.	0.	1.	0.	0.	0.277778	
Time	FPS	Frame	0	7	10	10	7	2.73155e-003	5.6746e-004	0.	0.	14.3333	0.	0.	1.	0.	0.	0.277778	
Time	FPS	Frame	0	8	10	10	8	2.88918e-003	5.6746e-004	0.	0.	14.6111	0.	0.	1.	0.	0.	0.277778	
Time	FPS	Frame	0	8	10	10	8	3.0468e-003	5.6746e-004	0.	0.	14.8889	0.	0.	1.	0.	0.	0.277778	
Time	FPS	Frame	0	8	10	10	8	3.20443e-003	5.6746e-004	0.	0.	15.1667	0.	0.	1.	0.	0.	0.277778	
Time	FPS	Frame	0	8	10	10	8	3.36206e-003	5.6746e-004	0.	0.	15.4444	0.	0.	1.	0.	0.	0.277778	
Time	FPS	Frame	0	8	11	11	8	3.51969e-003	5.6746e-004	0.	0.	15.7222	0.	0.	1.	0.	0.	0.277778	
Time	FPS	Frame	0	8	11	11	8	3.67731e-003	7.19292e-004	0.	0.	16.	0.	0.	1.	0.	0.	0.277778	
Time	FPS	Frame	0	8	11	11	8	3.8816e-003	7.19292e-004	0.	0.	16.2778	0.	0.	1.	0.	0.	0.277778	
Time	FPS	Frame	0	9	11	11	9	4.0814e-003	7.19292e-004	0.	0.	16.5556	0.	0.	1.	0.	0.	0.277778	
Time	FPS	Frame	0	9	11	11	9	4.28121e-003	7.19292e-004	0.	0.	16.8333	0.	0.	1.	0.	0.	0.277778	
Time	FPS	Frame	0	9	11	11	9	4.48101e-003	7.19292e-004	0.	0.	17.1111	0.	0.	1.	0.	0.	0.277778	
Time	FPS	Frame	0	9	12	12	9	4.68081e-003	7.19292e-004	0.	0.	17.3889	0.	0.	1.	0.	0.	0.277778	
Time	FPS	Frame	0	9	12	12	9	4.88062e-003	7.19292e-004	0.	0.	17.6667	0.	0.	1.	0.	0.	0.277778	
Time	FPS	Frame	0	9	12	12	9	5.08042e-003	8.91751e-004	0.	0.	17.9444	0.	0.	1.	0.	0.	0.277778	
Time	FPS	Frame	0	9	12	12	9	5.34229e-003	8.91751e-004	0.	0.	18.2222	0.	0.	1.	0.	0.	0.277778	
Time	FPS	Frame	0	10	12	12	10	5.59e-003	8.91751e-004	0.	0.	18.5	0.	0.	1.	0.	0.	0.277778	
Time	FPS	Frame	0	10	12	12	10	5.83771e-003	8.91751e-004	0.	0.	18.7778	0.	0.	1.	0.	0.	0.277778	
Time	FPS	Frame	0	10	12	12	10	6.08542e-003	8.91751e-004	0.	0.	19.0556	0.	0.	1.	0.	0.	0.277778	
Time	FPS	Frame	0	10	13	13	10	6.33313e-003	8.91751e-004	0.	0.	19.3333	0.	0.	1.	0.	0.	0.277778	
Time	FPS	Frame	0	10	13	13	10	6.58084e-003	8.91751e-004	0.	0.	19.6111	0.	0.	1.	0.	0.	0.277778	
Time	FPS	Frame	0	10	13	13	10	6.82854e-003	1.08544e-003	0.	0.	19.8889	0.	0.	1.	0.	0.	0.277778	
Time	FPS	Frame	0	10	13	13	10	7.13362e-003	1.07482e-003	0.	2.79134e-005	20.1667	0.	1.06224e-005	1.	0.	0.	0.277778	
Time	FPS	Frame	0	11	13	13	11	7.41201e-003	1.06714e-003	0.	5.10236e-005	20.4444	0.	1.82942e-005	1.	0.	0.	0.277778	
Time	FPS	Frame	0	11	13	13	11	7.69387e-003	1.0616e-003	0.	7.0665e-005	20.7222	0.	2.38349e-005	1.	0.	0.	0.277778	
Time	FPS	Frame	0	11	13	13	11	7.97824e-003	1.0576e-003	0.	8.78012e-005	21.	0.	2.78366e-005	1.	0.	0.	0.277778	
Time	FPS	Frame	0	11	14	14	11	8.26443e-003	1.05471e-003	0.	1.03128e-004	21.2778	0.	3.07266e-005	1.	0.	0.	0.277778	
Time	FPS	Frame	0	11	14	14	11	8.55191e-003	1.05262e-003	0.	1.17148e-004	21.5555	0.	3.28139e-005	1.	0.	0.	0.277778	
Time	FPS	Frame	0	11	14	14	11	8.84035e-003	1.26738e-003	0.	1.30224e-004	21.8333	0.	3.43214e-005	1.	0.	0.	0.277778	
Time	FPS	Frame	0	12	14	14	12	9.0901e-003	1.20622e-003	0.	3.00474e-004	22.111	0.	9.54832e-005	1.	0.	0.	0.277778	
Time	FPS	Frame	0	12	14	14	12	9.30904e-003	1.16205e-003	0.	4.43068e-004	22.3888	0.	1.39656e-004	1.	0.	0.	0.277778	
Time	FPS	Frame	0	12	14	14	12	9.54797e-003	1.13014e-003	0.	5.6569e-004	22.6665	0.	1.71558e-004	1.	0.	0.	0.277778	
Time	FPS	Frame	0	12	15	15	12	9.80133e-003	1.1071e-003	0.	6.73887e-004	22.9443	0.	1.94599e-004	1.	0.	0.	0.277778	
Time	FPS	Frame	0	12	15	15	12	1.00651e-002	1.09046e-003	0.	7.71666e-004	23.222	0.	2.11239e-004	1.	0.	0.	0.277778	
Time	FPS	Frame	0	12	15	15	12	1.03364e-002	1.31789e-003	0.	8.61923e-004	23.4998	0.	2.23257e-004	1.	0.	0.	0.277778	
Time	FPS	Frame	0	12	15	15	12	1.05354e-002	1.24269e-003	0.	1.12151e-003	23.7775	0.	2.98448e-004	1.	0.	0.	0.277778	
Time	FPS	Frame	0	13	15	15	13	1.07379e-002	1.18839e-003	0.	1.3471e-003	24.0553	0.	3.52753e-004	1.	0.	0.	0.277778	
Time	FPS	Frame	0	13	15	15	13	1.09649e-002	1.14917e-003	0.	1.54813e-003	24.333	0.	3.91973e-004	1.	0.	0.	0.277778	
Time	FPS	Frame	0	13	16	16	13	1.12096e-002	1.12084e-003	0.	1.73144e-003	24.6108	0.	4.20299e-004	1.	0.	0.	0.277778	
Time	FPS	Frame	0	13	16	16	13	1.14672e-002	1.10039e-003	0.	1.90194e-003	24.8885	0.	4.40757e-004	1.	0.	0.	0.277778	
Time	FPS	Frame	0	13	16	16	13	1.1734e-002	1.3494e-003	0.	2.06319e-003	25.1663	0.	4.55531e-004	1.	0.	0.	0.277778	
Time	FPS	Frame	0	13	16	16	13	1.18913e-002	1.26546e-003	0.	2.41028e-003	25.444	0.	5.39478e-004	1.	0.	0.	0.277778	
Time	FPS	Frame	0	14	16	16	13	1.20834e-002	1.20483e-003	0.	2.71942e-003	25.7217	0.	6.00105e-004	1.	0.	0.	0.277778	
Time	FPS	Frame	0	14	16	16	14	1.2303e-002	1.16104e-003	0.	3.00116e-003	25.9995	0.	6.43892e-004	1.	0.	0.	0.277778	
Time	FPS	Frame	0	14	17	16	14	1.25424e-002	1.12942e-003	0.	3.2631e-003	26.2772	0.	6.75516e-004	1.	0.	0.	0.277778	
Time	FPS	Frame	0	14	17	17	14	1.27961e-002	1.10658e-003	0.	3.51075e-003	26.555	0.	6.98355e-004	1.	0.	0.	0.277778	
Time	FPS	Frame	0	14	17	17	14	1.30601e-002	1.09008e-003	0.	3.74807e-003	26.8327	0.	7.14851e-004	1.	0.	0.	0.277778	
Time	FPS	Frame	0	14	17	17	14	1.33316e-002	1.36717e-003	0.	3.97794e-003	27.1105	0.	7.26764e-004	1.	0.	0.	0.277778	
Time	FPS	Frame	0	14	17	17	14	1.35357e-002	1.27829e-003	0.	4.41332e-003	27.3882	0.	8.15646e-004	1.	0.	0.	0.277778	
Time	FPS	Frame	0	15	17	17	15	1.3722e-002	1.2141e-003	0.	4.80853e-003	27.6659	0.	8.79838e-004	1.	0.	0.	0.277778	
Time	FPS	Frame	0	15	17	17	15	1.39374e-002	1.16774e-003	0.	5.17472e-003	27.9437	0.	9.26199e-004	1.	0.	0.	0.277778	
Time	FPS	Frame	0	15	18	18	15	1.41737e-002	1.13425e-003	0.	5.51995e-003	28.2214	0.	9.59683e-004	1.	0.	0.	0.277778	
Time	FPS	Frame	0	15	18	18	15	1.44252e-002	1.11007e-003	0.	5.85006e-003	28.4992	0.	9.83865e-004	1.	0.	0.	0.277778	
Time	FPS	Frame	0	15	18	18	15	1.46877e-002	1.40788e-003	0.	6.16923e-003	28.7769	0.	1.00133e-003	0.999999	0.	0.	0.277778	
Time	FPS	Frame	0	15	18	18	15	1.48589e-002	1.30769e-003	0.	6.71057e-003	29.0546	0.	1.10152e-003	0.999999	0.	0.	0.277778	
Time	FPS	Frame	0	16	18	18	16	1.50319e-002	1.23533e-003	0.	7.20662e-003	29.3323	0.	1.17388e-003	0.999999	0.	0.	0.277778	
Time	FPS	Frame	0	16	18	18	16	1.52377e-002	1.18307e-003	0.	7.66996e-003	29.6101	0.	1.22614e-003	0.999999	0.	0.	0.277778	
Time	FPS	Frame	0	16	19	19	16	1.54671e-002	1.14533e-003	0.	8.1097e-003	29.8878	0.	1.26388e-003	0.999999	0.	0.	0.277778	
Time	FPS	Frame	0	16	19	19	16	1.57136e-002	1.11807e-003	0.	8.53237e-003	30.1656	0.	1.29114e-003	0.999999	0.	0.	0.277778	
Time	FPS	Frame	0	16	19	19	16	1.59724e-002	1.44112e-003	0.	8.94273e-003	30.4433	0.	1.31082e-003	0.999999	0.	0.	0.277778	
Time	FPS	Frame	0	16	19	19	16	1.61199e-002	1.3317e-003	0.	9.59427e-003	30.721	0.	1.42025e-003	0.999999	0.	0.	0.277778	
Time	FPS	Frame	0	17	19	19	16	1.6282e-002	1.25267e-003	0.	1.01964e-002	30.9987	0.	1.49928e-003	0.999999	0.	0.	0.277778	
Time	FPS	Frame	0	17	19	19	17	1.64799e-002	1.1956e-003	0.	1.07627e-002	31.2764	0.	1.55635e-003	0.999999	0.	0.	0.277778	
Time	FPS	Frame	0	17	20	20	17	1.67037e-002	1.15437e-003	0.	1.13033e-002	31.5542	0.	1.59757e-003	0.999999	0.	0.	0.277778	
Time	FPS	Frame	0	17	20	20	17	1.69461e-002	1.1246e-003	0.	1.18253e-002	31.8319	0.	1.62734e-003	0.999999	0.	0.	0.277778	
Time	FPS	Frame	0	17	20	20	17	1.7202e-002	1.47431e-003	0.	1.23338e-002	32.1097	0.	1.64885e-003	0.999999	0.	0.	0.277778	
Time	FPS	Frame	0	17	20	20	17	1.73334e-002	1.35567e-003	0.	1.31034e-002	32.3874	0.	1.76749e-003	0.999998	0.	0.	0.277778	
Time	FPS	Frame	0	17	20	20	17	1.74847e-002	1.26998e-003	0.	1.38194e-002	32.6651	0.	1.85317e-003	0.999998	0.	0.	0.277778	
Time	FPS	Frame	0	18	21	20	18	1.76748e-002	1.2081e-003	0.	1.44967e-002	32.9428	0.	1.91506e-003	0.999998	0.	0.	0.277778	
Time	FPS	Frame	0	18	21	21	18	1.78929e-002	1.1634e-003	0.	1.5146e-002	33.2205	0.	1.95975e-003	0.999998	0.	0.	0.277778	
Time	FPS	Frame	0	18	21	21	18	1.81312e-002	1.13112e-003	0.	1.57752e-002	33.4983	0.	1.99203e-003	0.999998	0.	0.	0.277778	
Time	FPS	Frame	0	18	21	21	18	1.83841e-002	1.50883e-003	0.	1.63897e-002	33.7761	0.	2.01534e-003	0.999998	0.	0.	0.277778	
Time	FPS	Frame	0	18	21	21	18	1.85087e-002	1.3806e-003	0.	1.72863e-002	34.0537	0.	2.14357e-003	0.999998	0.	0.	0.277778	
Time	FPS	Frame	0	18	21	21	18	1.86487e-002	1.28799e-003	0.	1.81249e-002	34.3314	0.	2.23618e-003	0.999997	0.	0.	0.277778	
Time	FPS	Frame	0	19	22	22	19	1.88307e-002	1.2211e-003	0.	1.89217e-002	34.6091	0.	2.30307e-003	0.999997	0.	0.	0.277778	
Time	FPS	Frame	0	19	22	22	19	1.90429e-002	1.17279e-003	0.	1.96883e-002	34.8869	0.	2.35137e-003	0.999997	0.	0.	0.277778	
Time	FPS	Frame	0	19	22	22	19	1.92769e-002	1.13791e-003	0.	2.0433e-002	35.1646	0.	2.38626e-003	0.999997	0.	0.	0.277778	
Time	FPS	Frame	0	19	22	22	19	1.95268e-002	1.54439e-003	0.	2.1162e-002	35.4424	0.	2.41146e-003	0.999997	0.	0.	0.277778	
Time	FPS	Frame	0	19	22	22	19	1.9656e-002	1.40628e-003	0.	2.21945e-002	35.72	0.	2.54957e-003	0.999997	0.	0.	0.277778	
Time	FPS	Frame	0	19	22	22	19	1.97844e-002	1.30654e-003	0.	2.31646e-002	35.9977	0.	2.64931e-003	0.999996	0.	0.	0.277778	
Time	FPS	Frame	0	20	23	23	20	1.9958e-002	1.2345e-003	0.	2.40897e-002	36.2754	0.	2.72135e-003	0.999996	0.	0.	0.277778	
Time	FPS	Frame	0	20	23	23	20	2.01641e-002	1.18247e-003	0.	2.49822e-002	36.5532	0.	2.77338e-003	0.999996	0.	0.	0.277778	
Time	FPS	Frame	0	20	23	23	20	2.03938e-002	1.14489e-003	0.	2.58512e-002	36.8309	0.	2.81096e-003	0.999996	0.	0.	0.277778	
Time	FPS	Frame	0	20	23	23	20	2.06405e-002	1.58197e-003	0.	2.67033e-002	37.1087	0.	2.83809e-003	0.999996	0.	0.	0.277778	
Time	FPS	Frame	0	20	23	23	20	2.0788e-002	1.43342e-003	0.	2.78817e-002	37.3863	0.	2.98664e-003	0.999996	0.	0.	0.277778	
Time	FPS	Frame	0	21	24	23	20	2.09041e-002	1.32614e-003	0.	2.89929e-002	37.664	0.	3.09393e-003	0.999995	0.	0.	0.277778	
Time	FPS	Frame	0	21	24	24	21	2.10688e-002	1.24866e-003	0.	3.00557e-002	37.9417	0.	3.17141e-003	0.999995	0.	0.	0.277778	
Time	FPS	Frame	0	21	24	24	21	2.12685e-002	1.19269e-003	0.	3.10836e-002	38.2194	0.	3.22737e-003	0.999995	0.	0.	0.277778	
Time	FPS	Frame	0	21	24	24	21	2.14936e-002	1.6496e-003	0.	3.20862e-002	38.4972	0.	3.26779e-003	0.999995	0.	0.	0.277778	
Time	FPS	Frame	0	21	24	24	21	2.15244e-002	1.48226e-003	0.	3.34331e-002	38.7748	0.	3.43512e-003	0.999994	0.	0.	0.277778	
Time	FPS	Frame	0	21	24	24	21	2.16184e-002	1.36141e-003	0.	3.47045e-002	39.0525	0.	3.55597e-003	0.999994	0.	0.	0.277778	
Time	FPS	Frame	0	22	25	25	22	2.17671e-002	1.27413e-003	0.	3.59214e-002	39.3302	0.	3.64325e-003	0.999993	0.	0.	0.277778	
Time	FPS	Frame	0	22	25	25	22	2.19553e-002	1.21109e-003	0.	3.70989e-002	39.6079	0.	3.70629e-003	0.999993	0.	0.	0.277778	
Time	FPS	Frame	0	22	25	25	22	2.2172e-002	1.16557e-003	0.	3.82479e-002	39.8857	0.	3.75181e-003	0.999993	0.	0.	0.277778	
Time	FPS	Frame	0	22	25	25	22	2.24094e-002	1.66516e-003	0.	3.93763e-002	40.1634	0.	3.78469e-003	0.999993	0.	0.	0.277778	
Time	FPS	Frame	0	22	25	25	22	2.24953e-002	1.49351e-003	0.	4.08782e-002	40.441	0.	3.95635e-003	0.999992	0.	0.	0.277778	
Time	FPS	Frame	0	22	26	25	22	2.25842e-002	1.36953e-003	0.	4.23025e-002	40.7187	0.	4.08032e-003	0.999992	0.	0.	0.277778	
Time	FPS	Frame	0	23	26	26	23	2.27293e-002	1.27999e-003	0.	4.36709e-002	40.9964	0.	4.16986e-003	0.999991	0.	0.	0.277778	
Time	FPS	Frame	0	23	26	26	23	2.29148e-002	1.21533e-003	0.	4.49989e-002	41.2741	0.	4.23452e-003	0.999991	0.	0.	0.277778	
Time	FPS	Frame	0	23	26	26	23	2.31296e-002	1.7371e-003	0.	4.62977e-002	41.5518	0.	4.28123e-003	0.999991	0.	0.	0.277778	
Time	FPS	Frame	0	23	26	26	23	2.31094e-002	1.54546e-003	0.	4.79898e-002	41.8295	0.	4.47286e-003	0.99999	0.	0.	0.277778	
Time	FPS	Frame	0	23	26	26	23	2.31748e-002	1.40705e-003	0.	4.95954e-002	42.1071	0.	4.61127e-003	0.999989	0.	0.	0.277778	
Time	FPS	Frame	0	24	27	27	23	2.33029e-002	1.30709e-003	0.	5.11386e-002	42.3848	0.	4.71123e-003	0.999989	0.	0.	0.277778	
Time	FPS	Frame	0	24	27	27	24	2.34762e-002	1.2349e-003	0.	5.26367e-002	42.6625	0.	4.78342e-003	0.999989	0.	0.	0.277778	
Time	FPS	Frame	0	24	27	27	24	2.36821e-002	1.18276e-003	0.	5.41022e-002	42.9402	0.	4.83556e-003	0.999988	0.	0.	0.277778	
Time	FPS	Frame	0	24	27	27	24	2.3945e-002	1.78908e-003	0.	5.51768e-002	43.1625	0.	4.83556e-003	0.999988	0.	0.	0.222222	
Time	FPS	Frame	0	24	27	27	24	2.41345e-002	1.6824e-003	0.	5.65253e-002	43.3846	0.	4.94224e-003	0.999988	0.	0.	0.222222	
Time	FPS	Frame	0	24	28	27	24	2.42949e-002	1.59942e-003	0.	5.78367e-002	43.6067	0.	5.02522e-003	0.999987	0.	0.	0.222222	
Time	FPS	Frame	0	24	28	28	24	2.44842e-002	1.53488e-003	0.	5.91191e-002	43.8289	0.	5.08976e-003	0.999987	0.	0.	0.222222	
Time	FPS	Frame	0	25	28	28	25	2.46961e-002	1.48468e-003	0.	6.03791e-002	44.0511	0.	5.13996e-003	0.999987	0.	0.	0.222222	
Time	FPS	Frame	0	25	28	28	25	2.49256e-002	1.44564e-003	0.	6.16215e-002	44.2733	0.	5.179e-003	0.999987	0.	0.	0.222222	
Time	FPS	Frame	0	25	28	28	25	2.51687e-002	1.41528e-003	0.	6.28504e-002	44.4955	0.	5.20936e-003	0.999986	0.	0.	0.222222	
Time	FPS	Frame	0	25	28	28	25	2.56844e-002	2.01881e-003	0.	6.52787e-002	44.9399	0.	5.25135e-003	0.999986	0.	0.	0.222222	
Time	FPS	Frame	0	25	29	29	25	2.59906e-002	1.86107e-003	0.	6.68507e-002	45.1619	0.	5.40908e-003	0.999985	0.	0.	0.222222	
Time	FPS	Frame	0	26	29	29	25	2.60884e-002	1.73839e-003	0.	6.83677e-002	45.3841	0.	5.53176e-003	0.999985	0.	0.	0.222222	
Time	FPS	Frame	0	26	29	29	26	2.62292e-002	1.64297e-003	0.	6.9842e-002	45.6062	0.	5.62718e-003	0.999984	0.	0.	0.222222	
Time	FPS	Frame	0	26	29	29	26	2.64033e-002	1.56875e-003	0.	7.1283e-002	45.8283	0.	5.7014e-003	0.999984	0.	0.	0.222222	
Time	FPS	Frame	0	26	29	29	26	2.66033e-002	2.19758e-003	0.	7.26982e-002	46.0505	0.	5.75912e-003	0.999983	0.	0.	0.222222	
Time	FPS	Frame	0	26	29	29	26	2.66272e-002	2.00011e-003	0.	7.44849e-002	46.2726	0.	5.95658e-003	0.999982	0.	0.	0.222222	
Time	FPS	Frame	0	26	30	29	26	2.66764e-002	1.84653e-003	0.	7.62028e-002	46.4946	0.	6.11016e-003	0.999981	0.	0.	0.222222	
Time	FPS	Frame	0	26	30	30	26	2.67793e-002	1.72708e-003	0.	7.78673e-002	46.7168	0.	6.22961e-003	0.999981	0.	0.	0.222222	
Time	FPS	Frame	0	27	30	30	26	2.70671e-002	1.72708e-003	0.	7.89056e-002	46.8834	0.	6.22961e-003	0.999981	0.	0.	0.166667	
Time	FPS	Frame	0	27	30	30	27	2.7355e-002	1.72708e-003	0.	7.99438e-002	47.0501	0.	6.22961e-003	0.999981	0.	0.	0.166667	
Time	FPS	Frame	0	27	30	30	27	2.76428e-002	1.72708e-003	0.	8.09821e-002	47.2168	0.	6.22961e-003	0.999981	0.	0.	0.166667	
Time	FPS	Frame	0	27	30	30	27	2.79307e-002	1.72708e-003	0.	8.20204e-002	47.3834	0.	6.22961e-003	0.999981	0.	0.	0.166667	
Time	FPS	Frame	0	27	30	30	27	2.82185e-002	2.4559e-003	0.	8.30586e-002	47.5501	0.	6.22961e-003	0.999981	0.	0.	0.166667	
Time	FPS	Frame	0	27	30	30	27	2.84253e-002	2.33747e-003	0.	8.43943e-002	47.7166	0.	6.34804e-003	0.99998	0.	0.	0.166667	
Time	FPS	Frame	0	27	31	31	27	2.87323e-002	2.15654e-003	0.	8.69811e-002	48.0498	0.	6.52897e-003	0.999979	0.	0.	0.166667	
Time	FPS	Frame	0	27	31	31	27	2.89191e-002	2.08801e-003	0.	8.82414e-002	48.2164	0.	6.5975e-003	0.999978	0.	0.	0.166667	
Time	FPS	Frame	0	28	31	31	28	2.91233e-002	2.03089e-003	0.	8.94844e-002	48.383	0.	6.65461e-003	0.999978	0.	0.	0.166667	
Time	FPS	Frame	0	28	31	31	28	2.93419e-002	1.9833e-003	0.	9.0713e-002	48.5497	0.	6.7022e-003	0.999978	0.	0.	0.166667	
Time	FPS	Frame	0	28	31	31	28	2.95726e-002	1.94364e-003	0.	9.19296e-002	48.7163	0.	6.74186e-003	0.999977	0.	0.	0.166667	
Time	FPS	Frame	0	28	31	31	28	2.98133e-002	2.68362e-003	0.	9.31362e-002	48.8829	0.	6.77491e-003	0.999977	0.	0.	0.166667	
Time	FPS	Frame	0	28	31	31	28	2.99094e-002	2.52724e-003	0.	9.4658e-002	49.0494	0.	6.93129e-003	0.999976	0.	0.	0.166667	
Time	FPS	Frame	0	28	32	31	28	3.00023e-002	2.39692e-003	0.	9.61404e-002	49.216	0.	7.06161e-003	0.999975	0.	0.	0.166667	
Time	FPS	Frame	0	28	32	32	28	3.01283e-002	2.28832e-003	0.	9.759e-002	49.3826	0.	7.1702e-003	0.999974	0.	0.	0.166667	
Time	FPS	Frame	0	28	32	32	28	3.02818e-002	2.19782e-003	0.	9.90122e-002	49.5491	0.	7.2607e-003	0.999974	0.	0.	0.166667	
Time	FPS	Frame	0	28	32	32	28	3.04581e-002	2.12241e-003	0.	0.100412	49.7157	0.	7.33611e-003	0.999973	0.	0.	0.166667	
Time	FPS	Frame	0	29	32	32	29	3.06536e-002	2.05956e-003	0.	0.101792	49.8823	0.	7.39896e-003	0.999973	0.	0.	0.166667	
Time	FPS	Frame	0	29	32	32	29	3.0865e-002	2.00719e-003	0.	0.103157	50.049	0.	7.45133e-003	0.999972	0.	0.	0.166667	
Time	FPS	Frame	0	29	32	32	29	3.1088e-002	2.00719e-003	0.	0.103985	50.1601	0.	7.45133e-003	0.999972	0.	0.	0.111111	
Time	FPS	Frame	0	29	32	32	29	3.1311e-002	2.82611e-003	0.	0.104813	50.2712	0.	7.45133e-003	0.999972	0.	0.	0.111111	
Time	FPS	Frame	0	29	32	32	29	3.1615e-002	2.80299e-003	0.	0.105697	50.3823	0.	7.47445e-003	0.999972	0.	0.	0.111111	
Time	FPS	Frame	0	29	32	32	29	3.18758e-002	2.78243e-003	0.	0.106578	50.4934	0.	7.495e-003	0.999972	0.	0.	0.111111	
Time	FPS	Frame	0	29	33	32	29	3.214e-002	2.76416e-003	0.	0.107456	50.6044	0.	7.51327e-003	0.999972	0.	0.	0.111111	
Time	FPS	Frame	0	29	33	33	29	3.24071e-002	2.74792e-003	0.	0.108331	50.7155	0.	7.52951e-003	0.999972	0.	0.	0.111111	
Time	FPS	Frame	0	29	33	33	29	3.26769e-002	2.73348e-003	0.	0.109203	50.8266	0.	7.54395e-003	0.999972	0.	0.	0.111111	
Time	FPS	Frame	0	29	33	33	29	3.32232e-002	2.70925e-003	0.	0.11094	51.0488	0.	7.56819e-003	0.999971	0.	0.	0.111111	
Time	FPS	Frame	0	30	33	33	29	3.34992e-002	2.69911e-003	0.	0.111806	51.1599	0.	7.57833e-003	0.999971	0.	0.	0.111111	
Time	FPS	Frame	0	30	33	33	30	3.37769e-002	2.69009e-003	0.	0.11267	51.271	0.	7.58734e-003	0.999971	0.	0.	0.111111	
Time	FPS	Frame	0	30	33	33	30	3.40561e-002	2.68208e-003	0.	0.113533	51.3821	0.	7.59535e-003	0.999971	0.	0.	0.111111	
Time	FPS	Frame	0	30	33	33	30	3.43366e-002	2.67496e-003	0.	0.114394	51.4932	0.	7.60247e-003	0.999971	0.	0.	0.111111	
Time	FPS	Frame	0	30	33	33	30	3.46182e-002	3.53535e-003	0.	0.115254	51.6043	0.	7.6088e-003	0.999971	0.	0.	0.111111	
Time	FPS	Frame	0	30	33	33	30	3.47832e-002	3.43342e-003	0.	0.11635	51.7154	0.	7.71073e-003	0.99997	0.	0.	0.111111	
Time	FPS	Frame	0	30	33	33	30	3.49414e-002	3.34282e-003	0.	0.117429	51.8264	0.	7.80133e-003	0.99997	0.	0.	0.111111	
Time	FPS	Frame	0	30	34	33	30	3.51144e-002	3.26228e-003	0.	0.118493	51.9374	0.	7.88186e-003	0.999969	0.	0.	0.111111	
Time	FPS	Frame	0	30	34	34	30	3.53005e-002	3.19069e-003	0.	0.119545	52.0485	0.	7.95345e-003	0.999968	0.	0.	0.111111	
Time	FPS	Frame	0	30	34	34	30	3.54982e-002	3.12706e-003	0.	0.120585	52.1595	0.	8.01708e-003	0.999968	0.	0.	0.111111	
Time	FPS	Frame	0	30	34	34	30	3.57063e-002	3.0705e-003	0.	0.121614	52.2706	0.	8.07364e-003	0.999967	0.	0.	0.111111	
Time	FPS	Frame	0	30	34	34	30	3.59236e-002	3.02022e-003	0.	0.122635	52.3816	0.	8.12391e-003	0.999967	0.	0.	0.111111	
Time	FPS	Frame	0	30	34	34	30	3.61491e-002	2.97553e-003	0.	0.123647	52.4927	0.	8.16861e-003	0.999967	0.	0.	0.111111	
Time	FPS	Frame	0	31	34	34	30	3.63818e-002	2.9358e-003	0.	0.124652	52.6038	0.	8.20833e-003	0.999966	0.	0.	0.111111	
Time	FPS	Frame	0	31	34	34	31	3.6621e-002	2.90049e-003	0.	0.125651	52.7149	0.	8.24364e-003	0.999966	0.	0.	0.111111	
Time	FPS	Frame	0	31	34	34	31	3.6866e-002	2.8691e-003	0.	0.126644	52.8259	0.	8.27503e-003	0.999966	0.	0.	0.111111	
Time	FPS	Frame	0	31	34	34	31	3.7116e-002	3.7577e-003	0.	0.127632	52.937	0.	8.30293e-003	0.999966	0.	0.	0.111111	
Time	FPS	Frame	0	31	34	34	31	3.72382e-002	3.63107e-003	0.	0.128865	53.048	0.	8.42956e-003	0.999964	0.	0.	0.111111	
Time	FPS	Frame	0	31	35	34	31	3.73642e-002	3.5185e-003	0.	0.130078	53.159	0.	8.54212e-003	0.999964	0.	0.	0.111111	
Time	FPS	Frame	0	31	35	35	31	3.75086e-002	3.41845e-003	0.	0.131273	53.2701	0.	8.64217e-003	0.999963	0.	0.	0.111111	
Time	FPS	Frame	0	31	35	35	31	3.76693e-002	3.32951e-003	0.	0.132451	53.3811	0.	8.73111e-003	0.999962	0.	0.	0.111111	
Time	FPS	Frame	0	31	35	35	31	3.78445e-002	3.25045e-003	0.	0.133615	53.4921	0.	8.81016e-003	0.999961	0.	0.	0.111111	
Time	FPS	Frame	0	31	35	35	31	3.80325e-002	3.18018e-003	0.	0.134767	53.6032	0.	8.88043e-003	0.999961	0.	0.	0.111111	
Time	FPS	Frame	0	31	35	35	31	3.8232e-002	3.11771e-003	0.	0.135907	53.7142	0.	8.94289e-003	0.99996	0.	0.	0.111111	
Time	FPS	Frame	0	31	35	35	31	3.84416e-002	3.06219e-003	0.	0.137036	53.8253	0.	8.99841e-003	0.99996	0.	0.	0.111111	
Time	FPS	Frame	0	32	35	35	32	3.8399e-002	2.84271e-003	0.	0.139087	53.9917	0.	9.21788e-003	0.999958	0.	0.	0.166667	
Time	FPS	Frame	0	32	35	35	32	3.84121e-002	2.65981e-003	0.	0.141082	54.1582	0.	9.40077e-003	0.999956	0.	0.	0.166667	
Time	FPS	Frame	0	32	35	35	32	3.84715e-002	3.47535e-003	0.	0.143031	54.3248	0.	9.55318e-003	0.999954	0.	0.	0.166667	
Time	FPS	Frame	0	32	36	35	32	3.8408e-002	3.18702e-003	0.	0.145346	54.4912	0.	9.8415e-003	0.999952	0.	0.	0.166667	
Time	FPS	Frame	0	32	36	36	32	3.83339e-002	2.94674e-003	0.	0.147589	54.6576	0.	1.00818e-002	0.999949	0.	0.	0.166667	
Time	FPS	Frame	0	32	36	36	32	3.83206e-002	2.7465e-003	0.	0.149772	54.8241	0.	1.0282e-002	0.999947	0.	0.	0.166667	
Time	FPS	Frame	0	32	36	36	32	3.84377e-002	2.44059e-003	0.	0.153994	55.1572	0.	1.05879e-002	0.999944	0.	0.	0.166667	
Time	FPS	Frame	0	33	36	36	33	3.85526e-002	2.32471e-003	0.	0.156049	55.3237	0.	1.07038e-002	0.999943	0.	0.	0.166667	
Time	FPS	Frame	0	33	36	36	33	3.86969e-002	2.22815e-003	0.	0.158075	55.4903	0.	1.08003e-002	0.999942	0.	0.	0.166667	
Time	FPS	Frame	0	33	36	36	33	3.88656e-002	3.16918e-003	0.	0.160077	55.6569	0.	1.08808e-002	0.999941	0.	0.	0.166667	
Time	FPS	Frame	0	33	37	37	33	3.89195e-002	2.93187e-003	0.	0.162486	55.8233	0.	1.11181e-002	0.999938	0.	0.	0.166667	
Time	FPS	Frame	0	33	37	37	33	3.891e-002	2.73411e-003	0.	0.164834	55.9898	0.	1.13158e-002	0.999936	0.	0.	0.166667	
Time	FPS	Frame	0	33	37	37	33	3.89505e-002	2.56932e-003	0.	0.167133	56.1563	0.	1.14806e-002	0.999934	0.	0.	0.166667	
Time	FPS	Frame	0	33	37	37	33	3.90329e-002	2.43199e-003	0.	0.169391	56.3228	0.	1.16179e-002	0.999933	0.	0.	0.166667	
Time	FPS	Frame	0	33	37	37	33	3.91499e-002	2.31754e-003	0.	0.171614	56.4894	0.	1.17324e-002	0.999931	0.	0.	0.166667	
Time	FPS	Frame	0	34	37	37	34	3.9296e-002	2.22217e-003	0.	0.173809	56.656	0.	1.18277e-002	0.99993	0.	0.	0.166667	
Time	FPS	Frame	0	34	37	37	34	3.94662e-002	3.22037e-003	0.	0.175979	56.8226	0.	1.19072e-002	0.999929	0.	0.	0.166667	
Time	FPS	Frame	0	34	38	37	34	3.93948e-002	2.97453e-003	0.	0.17858	56.989	0.	1.2153e-002	0.999926	0.	0.	0.166667	
Time	FPS	Frame	0	34	38	38	34	3.93745e-002	2.76966e-003	0.	0.181119	57.1555	0.	1.23579e-002	0.999924	0.	0.	0.166667	
Time	FPS	Frame	0	34	38	38	34	3.94061e-002	2.59894e-003	0.	0.183606	57.322	0.	1.25286e-002	0.999922	0.	0.	0.166667	
Time	FPS	Frame	0	34	38	38	34	3.94809e-002	2.45667e-003	0.	0.186051	57.4885	0.	1.26708e-002	0.99992	0.	0.	0.166667	
Time	FPS	Frame	0	34	38	38	34	3.95917e-002	2.33812e-003	0.	0.18846	57.655	0.	1.27894e-002	0.999918	0.	0.	0.166667	
Time	FPS	Frame	0	34	38	38	34	3.97326e-002	2.23932e-003	0.	0.190839	57.8216	0.	1.28882e-002	0.999917	0.	0.	0.166667	
Time	FPS	Frame	0	35	38	38	35	3.98984e-002	2.15699e-003	0.	0.193193	57.9882	0.	1.29705e-002	0.999916	0.	0.	0.166667	
Time	FPS	Frame	0	35	39	38	35	4.00852e-002	3.22338e-003	0.	0.195527	58.1548	0.	1.30391e-002	0.999915	0.	0.	0.166667	
Time	FPS	Frame	0	35	39	39	35	4.01013e-002	2.97704e-003	0.	0.198317	58.3212	0.	1.32854e-002	0.999912	0.	0.	0.166667	
Time	FPS	Frame	0	35	39	39	35	4.00803e-002	2.77175e-003	0.	0.201046	58.4877	0.	1.34907e-002	0.999909	0.	0.	0.166667	
Time	FPS	Frame	0	35	39	39	35	4.03462e-002	2.75467e-003	0.	0.202586	58.5988	0.	1.35078e-002	0.999909	0.	0.	0.111111	
Time	FPS	Frame	0	35	39	39	35	4.06149e-002	2.73948e-003	0.	0.204125	58.7099	0.	1.3523e-002	0.999909	0.	0.	0.111111	
Time	FPS	Frame	0	35	39	39	35	4.0886e-002	2.72598e-003	0.	0.20566	58.821	0.	1.35365e-002	0.999908	0.	0.	0.111111	
Time	FPS	Frame	0	35	39	39	35	4.11593e-002	2.71398e-003	0.	0.207194	58.932	0.	1.35485e-002	0.999908	0.	0.	0.111111	
Time	FPS	Frame	0	35	39	39	35	4.14346e-002	2.70332e-003	0.	0.208725	59.0431	0.	1.35591e-002	0.999908	0.	0.	0.111111	
Time	FPS	Frame	0	36	39	39	35	4.17116e-002	2.69384e-003	0.	0.210255	59.1542	0.	1.35686e-002	0.999908	0.	0.	0.111111	
Time	FPS	Frame	0	36	39	39	36	4.19902e-002	2.68541e-003	0.	0.211783	59.2653	0.	1.3577e-002	0.999908	0.	0.	0.111111	
Time	FPS	Frame	0	36	40	40	36	4.25512e-002	3.86718e-003	0.	0.214836	59.4875	0.	1.35912e-002	0.999908	0.	0.	0.111111	
Time	FPS	Frame	0	36	40	40	36	4.28617e-002	3.72838e-003	0.	0.216686	59.5985	0.	1.373e-002	0.999906	0.	0.	0.111111	
Time	FPS	Frame	0	36	40	40	36	4.29719e-002	3.605e-003	0.	0.218514	59.7095	0.	1.38533e-002	0.999904	0.	0.	0.111111	
Time	FPS	Frame	0	36	40	40	36	4.31022e-002	3.49534e-003	0.	0.220321	59.8205	0.	1.3963e-002	0.999903	0.	0.	0.111111	
Time	FPS	Frame	0	36	40	40	36	4.32504e-002	3.39785e-003	0.	0.222112	59.9315	0.	1.40605e-002	0.999901	0.	0.	0.111111	
Time	FPS	Frame	0	36	40	40	36	4.34144e-002	3.3112e-003	0.	0.223886	60.0425	0.	1.41471e-002	0.9999	0.	0.	0.111111	
Time	FPS	Frame	0	36	40	40	36	4.35926e-002	3.23418e-003	0.	0.225647	60.1536	0.	1.42241e-002	0.999899	0.	0.	0.111111	
Time	FPS	Frame	0	36	40	40	36	4.37722e-002	3.23418e-003	0.	0.226437	60.2091	0.	1.42241e-002	0.999899	0.	0.	5.55556e-002	
Time	FPS	Frame	0	36	40	40	36	4.39519e-002	3.23418e-003	0.	0.227227	60.2647	0.	1.42241e-002	0.999899	0.	0.	5.55556e-002	
Time	FPS	Frame	0	36	40	40	36	4.41316e-002	3.23418e-003	0.	0.228017	60.3202	0.	1.42241e-002	0.999899	0.	0.	5.55556e-002	
Time	FPS	Frame	0	37	40	40	36	4.43113e-002	3.23418e-003	0.	0.228807	60.3758	0.	1.42241e-002	0.999899	0.	0.	5.55556e-002	
Time	FPS	Frame	0	37	40	40	36	4.4491e-002	3.23418e-003	0.	0.229598	60.4313	0.	1.42241e-002	0.999899	0.	0.	5.55556e-002	
Time	FPS	Frame	0	37	41	40	37	4.46706e-002	3.23418e-003	0.	0.230388	60.4869	0.	1.42241e-002	0.999899	0.	0.	5.55556e-002	
Time	FPS	Frame	0	37	41	40	37	4.503e-002	4.49199e-003	0.	0.231968	60.598	0.	1.42241e-002	0.999899	0.	0.	5.55556e-002	
Time	FPS	Frame	0	37	41	41	37	4.53843e-002	4.49199e-003	0.	0.232759	60.6535	0.	1.42241e-002	0.999899	0.	0.	5.55556e-002	
Time	FPS	Frame	0	37	41	41	37	4.56338e-002	4.49199e-003	0.	0.233549	60.7091	0.	1.42241e-002	0.999899	0.	0.	5.55556e-002	
Time	FPS	Frame	0	37	41	41	37	4.58834e-002	4.49199e-003	0.	0.234339	60.7646	0.	1.42241e-002	0.999899	0.	0.	5.55556e-002	
Time	FPS	Frame	0	37	41	41	37	4.61329e-002	4.49199e-003	0.	0.235129	60.8202	0.	1.42241e-002	0.999899	0.	0.	5.55556e-002	
Time	FPS	Frame	0	37	41	41	37	4.63825e-002	4.49199e-003	0.	0.23592	60.8757	0.	1.42241e-002	0.999899	0.	0.	5.55556e-002	
Time	FPS	Frame	0	37	41	41	37	4.6632e-002	4.49199e-003	0.	0.23671	60.9313	0.	1.42241e-002	0.999899	0.	0.	5.55556e-002	
Time	FPS	Frame	0	37	41	41	37	4.6632e-002	4.49199e-003	0.	0.23671	60.9313	0.	1.42241e-002	0.999899	0.	0.	-4.13921e-009	
Time	FPS	Frame	0	37	41	41	37	4.6632e-002	4.49199e-003	0.	0.23671	60.9313	0.	1.42241e-002	0.999899	0.	0.	-4.13921e-009	
Time	FPS	Frame	0	37	41	41	37	4.6632e-002	4.49199e-003	0.	0.23671	60.9313	0.	1.42241e-002	0.999899	0.	0.	-4.13921e-009	
Time	FPS	Frame	0	37	41	41	37	4.6632e-002	4.49199e-003	0.	0.23671	60.9313	0.	1.42241e-002	0.999899	0.	0.	-4.13921e-009	
Time	FPS	Frame	0	37	41	41	37	4.6632e-002	4.49199e-003	0.	0.23671	60.9313	0.	1.42241e-002	0.999899	0.	0.	-4.13921e-009	
Time	FPS	Frame	0	37	41	41	37	4.6632e-002	4.49199e-003	0.	0.23671	60.9313	0.	1.42241e-002	0.999899	0.	0.	-4.13921e-009	
Time	FPS	Frame	0	37	41	41	37	4.6632e-002	4.49199e-003	0.	0.23671	60.9313	0.	1.42241e-002	0.999899	0.	0.	-4.13921e-009	
Time	FPS	Frame	0	37	41	41	37	4.6632e-002	4.49199e-003	0.	0.23671	60.9313	0.	1.42241e-002	0.999899	0.	0.	-4.13921e-009	
Time	FPS	Frame	0	37	41	41	37	4.6632e-002	4.49199e-003	0.	0.23671	60.9313	0.	1.42241e-002	0.999899	0.	0.	-4.13921e-009	
Time	FPS	Frame	0	37	41	41	37	4.6632e-002	4.49199e-003	0.	0.23671	60.9313	0.	1.42241e-002	0.999899	0.	0.	-4.13921e-009	
Time	FPS	Frame	0	37	41	41	37	4.6632e-002	4.49199e-003	0.	0.23671	60.9313	0.	1.42241e-002	0.999899	0.	0.	-4.13921e-009	
Time	FPS	Frame	0	37	41	41	37	4.6632e-002	4.49199e-003	0.	0.23671	60.9313	0.	1.42241e-002	0.999899	0.	0.	-4.13921e-009	
Time	FPS	Frame	0	37	41	41	37	4.6632e-002	4.49199e-003	0.	0.23671	60.9313	0.	1.42241e-002	0.999899	0.	0.	-4.13921e-009	
Time	FPS	Frame	0	37	41	41	37	4.6632e-002	4.49199e-003	0.	0.23671	60.9313	0.	1.42241e-002	0.999899	0.	0.	-4.13921e-009	
Time	FPS	Frame	0	37	41	41	37	4.6632e-002	4.49199e-003	0.	0.23671	60.9313	0.	1.42241e-002	0.999899	0.	0.	-4.13921e-009	
Time	FPS	Frame	0	37	41	41	37	4.6632e-002	4.49199e-003	0.	0.23671	60.9313	0.	1.42241e-002	0.999899	0.	0.	-4.13921e-009	
Time	FPS	Frame	0	37	41	41	37	4.6632e-002	4.49199e-003	0.	0.23671	60.9313	0.	1.42241e-002	0.999899	0.	0.	-4.13921e-009	
Time	FPS	Frame	0	37	41	41	37	4.6632e-002	4.49199e-003	0.	0.23671	60.9313	0.	1.42241e-002	0.999899	0.	0.	-4.13921e-009	
Time	FPS	Frame	0	37	41	41	37	4.6632e-002	4.49199e-003	0.	0.23671	60.9313	0.	1.42241e-002	0.999899	0.	0.	-4.13921e-009	
Time	FPS	Frame	0	37	41	41	37	4.6632e-002	4.49199e-003	0.	0.23671	60.9313	0.	1.42241e-002	0.999899	0.	0.	-4.13921e-009	
Time	FPS	Frame	0	37	41	41	37	4.6632e-002	4.49199e-003	0.	0.23671	60.9313	0.	1.42241e-002	0.999899	0.	0.	-4.13921e-009	
Time	FPS	Frame	0	37	41	41	37	4.6632e-002	4.49199e-003	0.	0.23671	60.9313	0.	1.42241e-002	0.999899	0.	0.	-4.13921e-009	
Time	FPS	Frame	0	37	41	41	37	4.6632e-002	4.49199e-003	0.	0.23671	60.9313	0.	1.42241e-002	0.999899	0.	0.	-4.13921e-009	
Time	FPS	Frame	0	37	41	41	37	4.6632e-002	4.49199e-003	0.	0.23671	60.9313	0.	1.42241e-002	0.999899	0.	0.	-4.13921e-009	
Time	FPS	Frame	0	37	41	41	37	4.6632e-002	4.49199e-003	0.	0.23671	60.9313	0.	1.42241e-002	0.999899	0.	0.	-4.13921e-009	
Time	FPS	Frame	0	37	41	41	37	4.6632e-002	4.49199e-003	0.	0.23671	60.9313	0.	1.42241e-002	0.999899	0.	0.	-4.13921e-009	
Time	FPS	Frame	0	37	41	41	37	4.6632e-002	4.49199e-003	0.	0.23671	60.9313	0.	1.42241e-002	0.999899	0.	0.	-4.13921e-009	
Time	FPS	Frame	0	37	41	41	37	4.6632e-002	4.49199e-003	0.	0.23671	60.9313	0.	1.42241e-002	0.999899	0.	0.	-4.13921e-009	
Time	FPS	Frame	0	37	41	41	37	4.6632e-002	4.49199e-003	0.	0.23671	60.9313	0.	1.42241e-002	0.999899	0.	0.	-4.13921e-009	
Time	FPS	Frame	0	37	41	41	37	4.6632e-002	4.49199e-003	0.	0.23671	60.9313	0.	1.42241e-002	0.999899	0.	0.	-4.13921e-009	
Time	FPS	Frame	0	37	41	41	37	4.6632e-002	4.49199e-003	0.	0.23671	60.9313	0.	1.42241e-002	0.999899	0.	0.	-4.13921e-009	
Time	FPS	Frame	0	37	41	41	37	4.6632e-002	4.49199e-003	0.	0.23671	60.9313	0.	1.42241e-002	0.999899	0.	0.	-4.13921e-009	
Time	FPS	Frame	0	37	41	41	37	4.6632e-002	4.49199e-003	0.	0.23671	60.9313	0.	1.42241e-002	0.999899	0.	0.	-4.13921e-009	
Time	FPS	Frame	0	37	41	41	37	4.6632e-002	4.49199e-003	0.	0.23671	60.9313	0.	1.42241e-002	0.999899	0.	0.	-4.13921e-009	
Time	FPS	Frame	0	37	41	41	37	4.6632e-002	4.49199e-003	0.	0.23671	60.9313	0.	1.42241e-002	0.999899	0.	0.	-4.13921e-009	
Time	FPS	Frame	0	37	41	41	37	4.6632e-002	4.49199e-003	0.	0.23671	60.9313	0.	1.42241e-002	0.999899	0.	0.	-4.13921e-009	
Time	FPS	Frame	0	37	41	41	37	4.6632e-002	4.49199e-003	0.	0.23671	60.9313	0.	1.42241e-002	0.999899	0.	0.	-4.13921e-009	
Time	FPS	Frame	0	37	41	41	37	4.6632e-002	4.49199e-003	0.	0.23671	60.9313	0.	1.42241e-002	0.999899	0.	0.	-4.13921e-009	
Time	FPS	Frame	0	37	41	41	37	4.6632e-002	4.49199e-003	0.	0.23671	60.9313	0.	1.42241e-002	0.999899	0.	0.	-4.13921e-009	
Time	FPS	Frame	0	37	41	41	37	4.6632e-002	4.49199e-003	0.	0.23671	60.9313	0.	1.42241e-002	0.999899	0.	0.	-4.13921e-009	
Time	FPS	Frame	0	37	41	41	37	4.6632e-002	4.49199e-003	0.	0.23671	60.9313	0.	1.42241e-002	0.999899	0.	0.	-4.13921e-009	
Time	FPS	Frame	0	37	41	41	37	4.6632e-002	4.49199e-003	0.	0.23671	60.9313	0.	1.42241e-002	0.999899	0.	0.	-4.13921e-009	
Time	FPS	Frame	0	37	41	41	37	4.6632e-002	4.49199e-003	0.	0.23671	60.9313	0.	1.42241e-002	0.999899	0.	0.	-4.13921e-009	
Time	FPS	Frame	0	37	41	41	37	4.6632e-002	4.49199e-003	0.	0.23671	60.9313	0.	1.42241e-002	0.999899	0.	0.	-4.13921e-009	
Time	FPS	Frame	0	37	41	41	37	4.6632e-002	4.49199e-003	0.	0.23671	60.9313	0.	1.42241e-002	0.999899	0.	0.	-4.13921e-009	
Time	FPS	Frame	0	37	41	41	37	4.6632e-002	4.49199e-003	0.	0.23671	60.9313	0.	1.42241e-002	0.999899	0.	0.	-4.13921e-009	
Time	FPS	Frame	0	37	41	41	37	4.6632e-002	4.49199e-003	0.	0.23671	60.9313	0.	1.42241e-002	0.999899	0.	0.	-4.13921e-009	
Time	FPS	Frame	0	37	41	41	37	4.6632e-002	4.49199e-003	0.	0.23671	60.9313	0.	1.42241e-002	0.999899	0.	0.	-4.13921e-009	
Time	FPS	Frame	0	37	41	41	37	4.6632e-002	4.49199e-003	0.	0.23671	60.9313	0.	1.42241e-002	0.999899	0.	0.	-4.13921e-009	
Time	FPS	Frame	0	37	41	41	37	4.6632e-002	4.49199e-003	0.	0.23671	60.9313	0.	1.42241e-002	0.999899	0.	0.	-4.13921e-009	
Time	FPS	Frame	0	37	41	41	37	4.6632e-002	4.49199e-003	0.	0.23671	60.9313	0.	1.42241e-002	0.999899	0.	0.	-4.13921e-009	
Time	FPS	Frame	0	37	41	41	37	4.6632e-002	4.49199e-003	0.	0.23671	60.9313	0.	1.42241e-002	0.999899	0.	0.	-4.13921e-009	
Time	FPS	Frame	0	37	41	41	37	4.68816e-002	4.49199e-003	0.	0.2375	60.9868	0.	1.42241e-002	0.999899	0.	0.	5.55556e-002	
Time	FPS	Frame	0	37	41	41	37	4.71312e-002	4.49199e-003	0.	0.23829	61.0424	0.	1.42241e-002	0.999899	0.	0.	5.55556e-002	
Time	FPS	Frame	0	37	41	41	37	4.73807e-002	4.49199e-003	0.	0.23908	61.0979	0.	1.42241e-002	0.999899	0.	0.	5.55556e-002	
Time	FPS	Frame	0	37	41	41	37	4.76303e-002	4.49199e-003	0.	0.239871	61.1535	0.	1.42241e-002	0.999899	0.	0.	5.55556e-002	
Time	FPS	Frame	0	37	41	41	37	4.78798e-002	4.49199e-003	0.	0.240661	61.209	0.	1.42241e-002	0.999899	0.	0.	5.55556e-002	
Time	FPS	Frame	0	37	41	41	37	4.83789e-002	4.49199e-003	0.	0.242241	61.3201	0.	1.42241e-002	0.999899	0.	0.	5.55556e-002	
Time	FPS	Frame	0	37	41	41	37	4.86285e-002	4.49199e-003	0.	0.243032	61.3757	0.	1.42241e-002	0.999899	0.	0.	5.55556e-002	
Time	FPS	Frame	0	37	41	41	37	4.8878e-002	4.49199e-003	0.	0.243822	61.4312	0.	1.42241e-002	0.999899	0.	0.	5.55556e-002	
Time	FPS	Frame	0	37	41	41	37	4.91276e-002	4.49199e-003	0.	0.244612	61.4868	0.	1.42241e-002	0.999899	0.	0.	5.55556e-002	
Time	FPS	Frame	0	37	41	41	37	4.93771e-002	4.49199e-003	0.	0.245402	61.5423	0.	1.42241e-002	0.999899	0.	0.	5.55556e-002	
Time	FPS	Frame	0	38	41	41	37	4.96267e-002	4.49199e-003	0.	0.246192	61.5979	0.	1.42241e-002	0.999899	0.	0.	5.55556e-002	
Time	FPS	Frame	0	38	42	41	37	4.98762e-002	4.49199e-003	0.	0.246983	61.6534	0.	1.42241e-002	0.999899	0.	0.	5.55556e-002	
Time	FPS	Frame	0	38	42	41	37	5.01258e-002	4.49199e-003	0.	0.247773	61.709	0.	1.42241e-002	0.999899	0.	0.	5.55556e-002	
Time	FPS	Frame	0	38	42	41	38	5.03754e-002	5.81495e-003	0.	0.248563	61.7645	0.	1.42241e-002	0.999899	0.	0.	5.55556e-002	
Time	FPS	Frame	0	38	42	42	38	5.06959e-002	5.78279e-003	0.	0.24943	61.82	0.	1.42563e-002	0.999898	0.	0.	5.55556e-002	
Time	FPS	Frame	0	38	42	42	38	5.0944e-002	5.75241e-003	0.	0.250295	61.8755	0.	1.42866e-002	0.999898	0.	0.	5.55556e-002	
Time	FPS	Frame	0	38	42	42	38	5.11944e-002	5.72372e-003	0.	0.251157	61.9311	0.	1.43153e-002	0.999898	0.	0.	5.55556e-002	
Time	FPS	Frame	0	38	42	42	38	5.1447e-002	5.69663e-003	0.	0.252018	61.9866	0.	1.43424e-002	0.999897	0.	0.	5.55556e-002	
Time	FPS	Frame	0	38	42	42	38	5.17018e-002	5.67103e-003	0.	0.252876	62.0421	0.	1.4368e-002	0.999897	0.	0.	5.55556e-002	
Time	FPS	Frame	0	38	42	42	38	5.19586e-002	5.64686e-003	0.	0.253732	62.0977	0.	1.43922e-002	0.999896	0.	0.	5.55556e-002	
Time	FPS	Frame	0	38	42	42	38	5.22173e-002	5.62404e-003	0.	0.254586	62.1532	0.	1.4415e-002	0.999896	0.	0.	5.55556e-002	
Time	FPS	Frame	0	38	42	42	38	5.24778e-002	5.60248e-003	0.	0.255438	62.2087	0.	1.44366e-002	0.999896	0.	0.	5.55556e-002	
Time	FPS	Frame	0	38	42	42	38	5.274e-002	5.58212e-003	0.	0.256289	62.2642	0.	1.44569e-002	0.999895	0.	0.	5.55556e-002	
Time	FPS	Frame	0	38	42	42	38	5.30038e-002	5.56289e-003	0.	0.257138	62.3198	0.	1.44761e-002	0.999895	0.	0.	5.55556e-002	
Time	FPS	Frame	0	38	42	42	38	5.3269e-002	5.54473e-003	0.	0.257986	62.3753	0.	1.44943e-002	0.999895	0.	0.	5.55556e-002	
Time	FPS	Frame	0	38	42	42	38	5.35357e-002	5.52758e-003	0.	0.258832	62.4308	0.	1.45115e-002	0.999895	0.	0.	5.55556e-002	
Time	FPS	Frame	0	38	42	42	38	5.38038e-002	5.51138e-003	0.	0.259677	62.4864	0.	1.45277e-002	0.999894	0.	0.	5.55556e-002	
Time	FPS	Frame	0	38	42	42	38	5.40731e-002	5.49608e-003	0.	0.260521	62.5419	0.	1.4543e-002	0.999894	0.	0.	5.55556e-002	
Time	FPS	Frame	0	38	42	42	38	5.43436e-002	5.48163e-003	0.	0.261363	62.5975	0.	1.45574e-002	0.999894	0.	0.	5.55556e-002	
Time	FPS	Frame	0	38	42	42	38	5.46152e-002	5.46798e-003	0.	0.262205	62.653	0.	1.4571e-002	0.999894	0.	0.	5.55556e-002	
Time	FPS	Frame	0	38	42	42	38	5.48879e-002	5.45509e-003	0.	0.263045	62.7085	0.	1.45839e-002	0.999894	0.	0.	5.55556e-002	
Time	FPS	Frame	0	38	43	42	38	5.51617e-002	5.44292e-003	0.	0.263884	62.7641	0.	1.45961e-002	0.999893	0.	0.	5.55556e-002	
Time	FPS	Frame	0	39	43	42	38	5.54363e-002	5.43142e-003	0.	0.264723	62.8196	0.	1.46076e-002	0.999893	0.	0.	5.55556e-002	
Time	FPS	Frame	0	39	43	42	38	5.57119e-002	5.42057e-003	0.	0.26556	62.8751	0.	1.46185e-002	0.999893	0.	0.	5.55556e-002	
Time	FPS	Frame	0	39	43	43	38	5.59883e-002	6.80028e-003	0.	0.266397	62.9307	0.	1.46287e-002	0.999893	0.	0.	5.55556e-002	
Time	FPS	Frame	0	39	43	43	39	5.6226e-002	6.71338e-003	0.	0.267418	62.9862	0.	1.47156e-002	0.999892	0.	0.	5.55556e-002	
Time	FPS	Frame	0	39	43	43	39	5.6401e-002	6.6313e-003	0.	0.268432	63.0416	0.	1.47977e-002	0.999891	0.	0.	5.55556e-002	
Time	FPS	Frame	0	39	43	43	39	5.6401e-002	6.6313e-003	0.	0.268432	63.0416	0.	1.47977e-002	0.999891	0.	0.	-4.13921e-009	
Time	FPS	Frame	0	39	43	43	39	5.6401e-002	6.6313e-003	0.	0.268432	63.0416	0.	1.47977e-002	0.999891	0.	0.	-4.13921e-009	
Time	FPS	Frame	0	39	43	43	39	5.6401e-002	6.6313e-003	0.	0.268432	63.0416	0.	1.47977e-002	0.999891	0.	0.	-4.13921e-009	
Time	FPS	Frame	0	39	43	43	39	5.6401e-002	6.6313e-003	0.	0.268432	63.0416	0.	1.47977e-002	0.999891	0.	0.	-4.13921e-009	
Time	FPS	Frame	0	39	43	43	39	5.6401e-002	6.6313e-003	0.	0.268432	63.0416	0.	1.47977e-002	0.999891	0.	0.	-4.13921e-009	
Time	FPS	Frame	0	39	43	43	39	5.6401e-002	6.6313e-003	0.	0.268432	63.0416	0.	1.47977e-002	0.999891	0.	0.	-4.13921e-009	
Time	FPS	Frame	0	39	43	43	39	5.6401e-002	6.6313e-003	0.	0.268432	63.0416	0.	1.47977e-002	0.999891	0.	0.	-4.13921e-009	
Time	FPS	Frame	0	39	43	43	39	5.6401e-002	6.6313e-003	0.	0.268432	63.0416	0.	1.47977e-002	0.999891	0.	0.	-4.13921e-009	
Time	FPS	Frame	0	39	43	43	39	5.6401e-002	6.6313e-003	0.	0.268432	63.0416	0.	1.47977e-002	0.999891	0.	0.	-4.13921e-009	
Time	FPS	Frame	0	39	43	43	39	5.6401e-002	6.6313e-003	0.	0.268432	63.0416	0.	1.47977e-002	0.999891	0.	0.	-4.13921e-009	
Time	FPS	Frame	0	39	43	43	39	5.6401e-002	6.6313e-003	0.	0.268432	63.0416	0.	1.47977e-002	0.999891	0.	0.	-4.13921e-009	
Time	FPS	Frame	0	39	43	43	39	5.6401e-002	6.6313e-003	0.	0.268432	63.0416	0.	1.47977e-002	0.999891	0.	0.	-4.13921e-009	
Time	FPS	Frame	0	39	43	43	39	5.6401e-002	6.6313e-003	0.	0.268432	63.0416	0.	1.47977e-002	0.999891	0.	0.	-4.13921e-009	
Time	FPS	Frame	0	39	43	43	39	5.6401e-002	6.6313e-003	0.	0.268432	63.0416	0.	1.47977e-002	0.999891	0.	0.	-4.13921e-009	
Time	FPS	Frame	0	39	43	43	39	5.6401e-002	6.6313e-003	0.	0.268432	63.0416	0.	1.47977e-002	0.999891	0.	0.	-4.13921e-009	
Time	FPS	Frame	0	39	43	43	39	5.6401e-002	6.6313e-003	0.	0.268432	63.0416	0.	1.47977e-002	0.999891	0.	0.	-4.13921e-009	
Time	FPS	Frame	0	39	43	43	39	5.6401e-002	6.6313e-003	0.	0.268432	63.0416	0.	1.47977e-002	0.999891	0.	0.	-4.13921e-009	
Time	FPS	Frame	0	39	43	43	39	5.6401e-002	6.6313e-003	0.	0.268432	63.0416	0.	1.47977e-002	0.999891	0.	0.	-4.13921e-009	
Time	FPS	Frame	0	39	43	43	39	5.6401e-002	6.6313e-003	0.	0.268432	63.0416	0.	1.47977e-002	0.999891	0.	0.	-4.13921e-009	
Time	FPS	Frame	0	39	43	43	39	5.6401e-002	6.6313e-003	0.	0.268432	63.0416	0.	1.47977e-002	0.999891	0.	0.	-4.13921e-009	
Time	FPS	Frame	0	39	43	43	39	5.6401e-002	6.6313e-003	0.	0.268432	63.0416	0.	1.47977e-002	0.999891	0.	0.	-4.13921e-009	
Time	FPS	Frame	0	39	43	43	39	5.6401e-002	6.6313e-003	0.	0.268432	63.0416	0.	1.47977e-002	0.999891	0.	0.	-4.13921e-009	
Time	FPS	Frame	0	39	43	43	39	5.6401e-002	6.6313e-003	0.	0.268432	63.0416	0.	1.47977e-002	0.999891	0.	0.	-4.13921e-009	
Time	FPS	Frame	0	39	43	43	39	5.65825e-002	6.55378e-003	0.	0.269439	63.0971	0.	1.48752e-002	0.999889	0.	0.	5.55556e-002	
Time	FPS	Frame	0	39	43	43	39	5.67701e-002	6.48057e-003	0.	0.270441	63.1526	0.	1.49484e-002	0.999888	0.	0.	5.55556e-002	
Time	FPS	Frame	0	39	43	43	39	5.69635e-002	6.41143e-003	0.	0.271437	63.2081	0.	1.50175e-002	0.999887	0.	0.	5.55556e-002	
Time	FPS	Frame	0	39	43	43	39	5.71622e-002	6.34613e-003	0.	0.272427	63.2636	0.	1.50828e-002	0.999886	0.	0.	5.55556e-002	
Time	FPS	Frame	0	39	43	43	39	5.73661e-002	6.28445e-003	0.	0.273413	63.3191	0.	1.51445e-002	0.999885	0.	0.	5.55556e-002	
Time	FPS	Frame	0	39	43	43	39	5.77881e-002	6.17119e-003	0.	0.27537	63.4301	0.	1.52577e-002	0.999884	0.	0.	5.55556e-002	
Time	FPS	Frame	0	39	43	43	39	5.80056e-002	6.11924e-003	0.	0.276342	63.4856	0.	1.53097e-002	0.999883	0.	0.	5.55556e-002	
Time	FPS	Frame	0	39	43	43	39	5.82273e-002	6.07017e-003	0.	0.277309	63.5411	0.	1.53587e-002	0.999882	0.	0.	5.55556e-002	
Time	FPS	Frame	0	39	43	43	39	5.84528e-002	6.02382e-003	0.	0.278274	63.5966	0.	1.54051e-002	0.999881	0.	0.	5.55556e-002	
Time	FPS	Frame	0	39	43	43	39	5.8682e-002	5.98005e-003	0.	0.279234	63.6521	0.	1.54488e-002	0.999881	0.	0.	5.55556e-002	
Time	FPS	Frame	0	39	43	43	39	5.89145e-002	5.93872e-003	0.	0.280191	63.7076	0.	1.54902e-002	0.99988	0.	0.	5.55556e-002	
Time	FPS	Frame	0	39	43	43	39	5.91504e-002	5.89968e-003	0.	0.281145	63.7631	0.	1.55292e-002	0.999879	0.	0.	5.55556e-002	
Time	FPS	Frame	0	39	43	43	39	5.93892e-002	5.86281e-003	0.	0.282096	63.8186	0.	1.55661e-002	0.999879	0.	0.	5.55556e-002	
Time	FPS	Frame	0	39	44	43	39	5.9631e-002	5.82798e-003	0.	0.283044	63.8742	0.	1.56009e-002	0.999878	0.	0.	5.55556e-002	
Time	FPS	Frame	0	39	44	43	39	5.98755e-002	5.79509e-003	0.	0.28399	63.9297	0.	1.56338e-002	0.999878	0.	0.	5.55556e-002	
Time	FPS	Frame	0	39	44	43	39	6.01226e-002	5.76403e-003	0.	0.284933	63.9852	0.	1.56648e-002	0.999877	0.	0.	5.55556e-002	
Time	FPS	Frame	0	40	44	44	39	6.03721e-002	7.19528e-003	0.	0.285873	64.0407	0.	1.56942e-002	0.999877	0.	0.	5.55556e-002	
Time	FPS	Frame	0	40	44	44	39	6.05193e-002	7.08643e-003	0.	0.287005	64.0962	0.	1.5803e-002	0.999875	0.	0.	5.55556e-002	
Time	FPS	Frame	0	40	44	44	40	6.06651e-002	6.98363e-003	0.	0.288129	64.1516	0.	1.59058e-002	0.999873	0.	0.	5.55556e-002	
Time	FPS	Frame	0	40	44	44	40	6.0819e-002	6.88654e-003	0.	0.289245	64.2071	0.	1.60029e-002	0.999872	0.	0.	5.55556e-002	
Time	FPS	Frame	0	40	44	44	40	6.04142e-002	6.41226e-003	0.	0.292184	64.3178	0.	1.64771e-002	0.999864	0.	0.	0.111111	
Time	FPS	Frame	0	40	44	44	40	6.00869e-002	5.99067e-003	0.	0.295046	64.4285	0.	1.68986e-002	0.999857	0.	0.	0.111111	
Time	FPS	Frame	0	40	44	44	40	5.98284e-002	5.61593e-003	0.	0.29784	64.5393	0.	1.72733e-002	0.999851	0.	0.	0.111111	
Time	FPS	Frame	0	40	44	44	40	5.96311e-002	5.28283e-003	0.	0.300574	64.6501	0.	1.76064e-002	0.999845	0.	0.	0.111111	
Time	FPS	Frame	0	40	44	44	40	5.94881e-002	4.98673e-003	0.	0.303255	64.7609	0.	1.79024e-002	0.99984	0.	0.	0.111111	
Time	FPS	Frame	0	40	44	44	40	5.93933e-002	4.72354e-003	0.	0.305887	64.8717	0.	1.81656e-002	0.999835	0.	0.	0.111111	
Time	FPS	Frame	0	40	45	44	40	5.93277e-002	4.28164e-003	0.	0.311031	65.0935	0.	1.86074e-002	0.999827	0.	0.	0.111111	
Time	FPS	Frame	0	41	45	45	40	5.93479e-002	5.62995e-003	0.	0.31355	65.2045	0.	1.87922e-002	0.999823	0.	0.	0.111111	
Time	FPS	Frame	0	41	45	45	41	5.92053e-002	5.29529e-003	0.	0.316456	65.3152	0.	1.91268e-002	0.999817	0.	0.	0.111111	
Time	FPS	Frame	0	41	45	45	41	5.90603e-002	4.99781e-003	0.	0.319308	65.4261	0.	1.94242e-002	0.999811	0.	0.	0.111111	
Time	FPS	Frame	0	41	45	45	41	5.89384e-002	4.72314e-003	0.	0.322138	65.5369	0.	1.96989e-002	0.999806	0.	0.	0.111111	
Time	FPS	Frame	0	41	45	45	41	5.87965e-002	4.45266e-003	0.	0.324988	65.6478	0.	1.99693e-002	0.999801	0.	0.	0.111111	
Time	FPS	Frame	0	41	45	45	41	5.86348e-002	4.18631e-003	0.	0.327857	65.7586	0.	2.02356e-002	0.999795	0.	0.	0.111111	
Time	FPS	Frame	0	41	45	45	41	5.86704e-002	4.01205e-003	0.	0.330531	65.8695	0.	2.04098e-002	0.999792	0.	0.	0.111111	
Time	FPS	Frame	0	41	45	45	41	5.87345e-002	3.85716e-003	0.	0.333178	65.9805	0.	2.05647e-002	0.999789	0.	0.	0.111111	
Time	FPS	Frame	0	41	46	45	41	5.88238e-002	3.71947e-003	0.	0.335799	66.0915	0.	2.07023e-002	0.999786	0.	0.	0.111111	
Time	FPS	Frame	0	41	46	46	41	5.89354e-002	3.59709e-003	0.	0.338398	66.2024	0.	2.08247e-002	0.999783	0.	0.	0.111111	
Time	FPS	Frame	0	41	46	46	41	5.90671e-002	5.09615e-003	0.	0.340978	66.3134	0.	2.09334e-002	0.999781	0.	0.	0.111111	
Time	FPS	Frame	0	42	46	46	41	5.89688e-002	4.80565e-003	0.	0.344013	66.4242	0.	2.12239e-002	0.999775	0.	0.	0.111111	
Time	FPS	Frame	0	42	46	46	42	5.87978e-002	4.51966e-003	0.	0.34707	66.5351	0.	2.15098e-002	0.999769	0.	0.	0.111111	
Time	FPS	Frame	0	42	46	46	42	5.8606e-002	4.23812e-003	0.	0.350148	66.6459	0.	2.17913e-002	0.999763	0.	0.	0.111111	
Time	FPS	Frame	0	42	46	46	42	5.83938e-002	3.96094e-003	0.	0.353246	66.7567	0.	2.20684e-002	0.999756	0.	0.	0.111111	
Time	FPS	Frame	0	42	46	46	42	5.81615e-002	3.68807e-003	0.	0.356364	66.8676	0.	2.23412e-002	0.99975	0.	0.	0.111111	
Time	FPS	Frame	0	42	46	46	42	5.82783e-002	3.56917e-003	0.	0.359137	66.9786	0.	2.24601e-002	0.999748	0.	0.	0.111111	
Time	FPS	Frame	0	42	47	46	42	5.84144e-002	3.46348e-003	0.	0.36189	67.0895	0.	2.25657e-002	0.999745	0.	0.	0.111111	
Time	FPS	Frame	0	42	47	46	42	5.85678e-002	3.36954e-003	0.	0.364627	67.2005	0.	2.26596e-002	0.999743	0.	0.	0.111111	
Time	FPS	Frame	0	42	47	47	42	5.87364e-002	3.28604e-003	0.	0.367348	67.3115	0.	2.27431e-002	0.999741	0.	0.	0.111111	
Time	FPS	Frame	0	42	47	47	42	5.89187e-002	4.89804e-003	0.	0.370057	67.4226	0.	2.28173e-002	0.99974	0.	0.	0.111111	
Time	FPS	Frame	0	43	47	47	42	5.87954e-002	4.59555e-003	0.	0.37333	67.5334	0.	2.31197e-002	0.999733	0.	0.	0.111111	
Time	FPS	Frame	0	43	47	47	43	5.85722e-002	4.29783e-003	0.	0.376626	67.6442	0.	2.34174e-002	0.999726	0.	0.	0.111111	
Time	FPS	Frame	0	43	47	47	43	5.83275e-002	4.00483e-003	0.	0.379943	67.755	0.	2.37103e-002	0.999719	0.	0.	0.111111	
Time	FPS	Frame	0	43	47	47	43	5.80619e-002	3.71645e-003	0.	0.383281	67.8658	0.	2.39986e-002	0.999712	0.	0.	0.111111	
Time	FPS	Frame	0	43	47	47	43	5.77754e-002	3.43263e-003	0.	0.38664	67.9766	0.	2.42823e-002	0.999705	0.	0.	0.111111	
Time	FPS	Frame	0	43	48	47	43	5.72919e-002	3.01362e-003	0.	0.391732	68.1429	0.	2.47012e-002	0.999695	0.	0.	0.166667	
Time	FPS	Frame	0	43	48	48	43	5.67571e-002	2.60193e-003	0.	0.396876	68.3091	0.	2.51128e-002	0.999685	0.	0.	0.166667	
Time	FPS	Frame	0	43	48	48	43	5.61755e-002	3.96658e-003	0.	0.402067	68.4754	0.	2.55157e-002	0.999674	0.	0.	0.166667	
Time	FPS	Frame	0	44	48	48	43	5.57307e-002	3.51151e-003	0.	0.407455	68.6416	0.	2.59707e-002	0.999663	0.	0.	0.166667	
Time	FPS	Frame	0	44	48	48	44	5.51971e-002	3.06741e-003	0.	0.412891	68.8078	0.	2.64146e-002	0.999651	0.	0.	0.166667	
Time	FPS	Frame	0	44	48	48	44	5.46166e-002	2.63403e-003	0.	0.418374	68.974	0.	2.68478e-002	0.99964	0.	0.	0.166667	
Time	FPS	Frame	0	44	49	48	44	5.3306e-002	1.793e-003	0.	0.42949	69.3064	0.	2.76885e-002	0.999617	0.	0.	0.166667	
Time	FPS	Frame	0	44	49	49	44	5.25744e-002	1.3838e-003	0.	0.435124	69.4726	0.	2.80976e-002	0.999605	0.	0.	0.166667	
Time	FPS	Frame	0	44	49	49	44	5.17968e-002	2.83434e-003	0.	0.440805	69.6389	0.	2.84979e-002	0.999594	0.	0.	0.166667	
Time	FPS	Frame	0	45	49	49	44	5.13699e-002	2.38235e-003	0.	0.44668	69.805	0.	2.89497e-002	0.999581	0.	0.	0.166667	
Time	FPS	Frame	0	45	49	49	45	5.06565e-002	1.94146e-003	0.	0.452604	69.9712	0.	2.93904e-002	0.999568	0.	0.	0.166667	
Time	FPS	Frame	0	45	50	49	45	4.98972e-002	1.5114e-003	0.	0.458573	70.1374	0.	2.98203e-002	0.999555	0.	0.	0.166667	
Time	FPS	Frame	0	45	50	49	45	4.90729e-002	1.08398e-003	0.	0.464607	70.3036	0.	3.02475e-002	0.999542	0.	0.	0.166667	
Time	FPS	Frame	0	45	50	50	45	4.82009e-002	6.65824e-004	0.	0.47069	70.4698	0.	3.06655e-002	0.99953	0.	0.	0.166667	
Time	FPS	Frame	0	45	50	50	45	4.72822e-002	2.19526e-003	0.	0.476819	70.636	0.	3.10744e-002	0.999517	0.	0.	0.166667	
Time	FPS	Frame	0	46	50	50	45	4.66549e-002	1.73372e-003	0.	0.483147	70.8022	0.	3.15357e-002	0.999503	0.	0.	0.166667	
Time	FPS	Frame	0	46	50	50	46	4.58108e-002	1.28372e-003	0.	0.489522	70.9684	0.	3.19855e-002	0.999488	0.	0.	0.166667	
Time	FPS	Frame	0	46	51	50	46	4.49202e-002	8.44965e-004	0.	0.495945	71.1345	0.	3.2424e-002	0.999474	0.	0.	0.166667	
Time	FPS	Frame	0	46	51	50	46	4.39577e-002	4.06683e-004	0.	0.502439	71.3007	0.	3.2862e-002	0.99946	0.	0.	0.166667	
Time	FPS	Frame	0	46	51	51	46	4.29468e-002	2.1936e-005	0.	0.508982	71.4669	0.	3.32904e-002	0.999446	0.	0.	0.166667	
Time	FPS	Frame	0	46	51	51	46	4.18883e-002	1.58729e-003	0.	0.515573	71.6331	0.	3.37093e-002	0.999432	0.	0.	0.166667	
Time	FPS	Frame	0	47	51	51	46	4.10909e-002	1.11458e-003	0.	0.522367	71.7992	0.	3.41818e-002	0.999416	0.	0.	0.166667	
Time	FPS	Frame	0	47	51	51	47	4.01169e-002	6.53882e-004	0.	0.529209	71.9653	0.	3.46422e-002	0.9994	0.	0.	0.166667	
Time	FPS	Frame	0	47	52	51	47	3.90958e-002	2.04901e-004	0.	0.536098	72.1315	0.	3.50909e-002	0.999384	0.	0.	0.166667	
Time	FPS	Frame	0	47	52	52	47	3.79958e-002	2.4574e-004	0.	0.543067	72.2976	0.	3.55413e-002	0.999368	0.	0.	0.166667	
Time	FPS	Frame	0	47	52	52	47	3.68464e-002	6.86269e-004	0.	0.550085	72.4638	0.	3.59815e-002	0.999352	0.	0.	0.166667	
Time	FPS	Frame	0	47	52	52	47	3.56486e-002	1.00563e-003	0.	0.557152	72.6299	0.	3.64119e-002	0.999337	0.	0.	0.166667	
Time	FPS	Frame	0	47	52	52	47	3.47148e-002	5.20161e-004	0.	0.564426	72.796	0.	3.6897e-002	0.999319	0.	0.	0.166667	
Time	FPS	Frame	0	48	52	52	48	3.32085e-002	1.10375e-004	0.	0.574226	73.0175	0.	3.75271e-002	0.999296	0.	0.	0.222222	
Time	FPS	Frame	0	48	53	53	48	3.16182e-002	7.19154e-004	0.	0.584111	73.239	0.	3.81355e-002	0.999273	0.	0.	0.222222	
Time	FPS	Frame	0	48	53	53	48	2.98902e-002	1.32905e-003	0.	0.594133	73.4605	0.	3.87449e-002	0.999249	0.	0.	0.222222	
Time	FPS	Frame	0	48	53	53	48	2.80746e-002	2.97369e-004	0.	0.604243	73.682	0.	3.93358e-002	0.999226	0.	0.	0.222222	
Time	FPS	Frame	0	49	53	53	48	2.67137e-002	3.63774e-004	0.	0.614662	73.9034	0.	3.99964e-002	0.9992	0.	0.	0.222222	
Time	FPS	Frame	0	49	54	53	49	2.49924e-002	1.0017e-003	0.	0.625167	74.1248	0.	4.06338e-002	0.999174	0.	0.	0.222222	
Time	FPS	Frame	0	49	54	54	49	2.1232e-002	8.11315e-005	0.	0.646497	74.5677	0.	4.18691e-002	0.999123	0.	0.	0.222222	
Time	FPS	Frame	0	49	54	54	49	1.956e-002	6.12609e-004	0.	0.65756	74.7891	0.	4.25622e-002	0.999094	0.	0.	0.222222	
Time	FPS	Frame	0	50	55	54	50	1.77037e-002	1.28155e-003	0.	0.668713	75.0105	0.	4.32305e-002	0.999065	0.	0.	0.222222	
Time	FPS	Frame	0	50	55	55	50	1.57606e-002	1.92658e-003	0.	0.679953	75.2318	0.	4.3875e-002	0.999037	0.	0.	0.222222	
Time	FPS	Frame	0	50	55	55	50	1.36582e-002	2.57798e-003	0.	0.691353	75.4532	0.	4.45257e-002	0.999008	0.	0.	0.222222	
Time	FPS	Frame	0	50	55	55	50	1.14642e-002	7.86794e-004	0.	0.702844	75.6746	0.	4.51559e-002	0.99898	0.	0.	0.222222	
Time	FPS	Frame	0	51	56	55	50	9.9536e-003	1.49135e-003	0.	0.714662	75.8959	0.	4.58598e-002	0.998948	0.	0.	0.222222	
Time	FPS	Frame	0	51	56	56	51	7.87691e-003	2.17027e-003	0.	0.726571	76.1173	0.	4.6538e-002	0.998917	0.	0.	0.222222	
Time	FPS	Frame	0	51	56	56	51	5.71322e-003	2.82449e-003	0.	0.738568	76.3386	0.	4.71915e-002	0.998886	0.	0.	0.222222	
Time	FPS	Frame	0	51	56	56	51	3.37702e-003	9.60153e-004	0.	0.750736	76.5599	0.	4.78556e-002	0.998854	0.	0.	0.222222	
Time	FPS	Frame	0	51	57	56	51	1.62774e-003	1.70233e-003	0.	0.763247	76.7812	0.	4.85969e-002	0.998818	0.	0.	0.222222	
Time	FPS	Frame	0	52	57	57	52	5.87658e-004	2.41703e-003	0.	0.775853	77.0025	0.	4.93108e-002	0.998783	0.	0.	0.222222	
Time	FPS	Frame	0	52	57	57	52	2.89343e-003	3.10526e-003	0.	0.78855	77.2237	0.	4.99982e-002	0.998749	0.	0.	0.222222	
Time	FPS	Frame	0	52	57	57	52	5.93043e-003	1.29482e-003	0.	0.804577	77.5003	0.	5.08255e-002	0.998708	0.	0.	0.277778	
Time	FPS	Frame	0	53	58	58	52	8.38941e-003	2.26462e-003	0.	0.821198	77.7768	0.	5.17941e-002	0.998658	0.	0.	0.277778	
Time	FPS	Frame	0	53	58	58	53	1.14447e-002	3.18874e-003	0.	0.837969	78.0533	0.	5.27169e-002	0.998609	0.	0.	0.277778	
Time	FPS	Frame	0	53	58	58	53	1.46417e-002	1.31561e-003	0.	0.854883	78.3298	0.	5.35962e-002	0.998563	0.	0.	0.277778	
Time	FPS	Frame	0	53	59	58	53	1.73335e-002	2.3034e-003	0.	0.872318	78.6062	0.	5.45826e-002	0.998509	0.	0.	0.277778	
Time	FPS	Frame	0	54	59	59	54	2.05514e-002	3.28537e-003	0.	0.89001	78.8826	0.	5.55631e-002	0.998455	0.	0.	0.277778	
Time	FPS	Frame	0	54	60	59	54	2.74252e-002	2.23823e-003	0.	0.925838	79.4355	0.	5.73851e-002	0.998352	0.	0.	0.277778	
Time	FPS	Frame	0	55	60	60	54	2.97537e-002	3.23576e-003	0.	0.944346	79.7118	0.	5.83809e-002	0.998294	0.	0.	0.277778	
Time	FPS	Frame	0	55	60	60	55	3.32752e-002	1.24268e-003	0.	0.963134	79.9881	0.	5.93785e-002	0.998236	0.	0.	0.277778	
Time	FPS	Frame	0	55	61	60	55	3.65603e-002	2.3616e-003	0.	0.982506	80.2643	0.	6.04954e-002	0.998168	0.	0.	0.277778	
Time	FPS	Frame	0	56	61	61	55	3.9985e-002	3.41623e-003	0.	1.00202	80.5405	0.	6.1548e-002	0.998104	0.	0.	0.277778	
Time	FPS	Frame	0	56	61	61	56	4.37041e-002	4.47177e-003	0.	1.02183	80.8167	0.	6.26015e-002	0.998039	0.	0.	0.277778	
Time	FPS	Frame	0	56	62	62	56	4.75779e-002	2.35702e-003	0.	1.0418	81.0929	0.	6.36026e-002	0.997975	0.	0.	0.277778	
Time	FPS	Frame	0	57	62	62	56	5.03979e-002	3.4792e-003	0.	1.06235	81.3689	0.	6.47225e-002	0.997903	0.	0.	0.277778	
Time	FPS	Frame	0	57	62	62	57	5.41372e-002	4.53577e-003	0.	1.08304	81.6451	0.	6.57768e-002	0.997834	0.	0.	0.277778	
Time	FPS	Frame	0	57	63	63	57	5.8197e-002	2.35563e-003	0.	1.10405	81.9211	0.	6.68417e-002	0.997764	0.	0.	0.277778	
Time	FPS	Frame	0	57	63	63	57	6.12054e-002	3.54847e-003	0.	1.12567	82.1971	0.	6.80319e-002	0.997683	0.	0.	0.277778	
Time	FPS	Frame	0	58	64	63	58	6.51352e-002	4.67033e-003	0.	1.14745	82.4731	0.	6.91511e-002	0.997606	0.	0.	0.277778	
Time	FPS	Frame	0	58	64	64	58	6.92003e-002	2.34587e-003	0.	1.16936	82.7491	0.	7.02036e-002	0.997533	0.	0.	0.277778	
Time	FPS	Frame	0	58	64	64	58	7.23576e-002	3.61322e-003	0.	1.1921	83.0249	0.	7.14678e-002	0.997443	0.	0.	0.277778	
Time	FPS	Frame	0	59	65	64	59	7.64857e-002	4.80383e-003	0.	1.215	83.3007	0.	7.26553e-002	0.997357	0.	0.	0.277778	
Time	FPS	Frame	0	59	65	65	59	8.07541e-002	2.40639e-003	0.	1.23805	83.5766	0.	7.37708e-002	0.997275	0.	0.	0.277778	
Time	FPS	Frame	0	59	65	65	59	8.40257e-002	3.74764e-003	0.	1.26197	83.8522	0.	7.51083e-002	0.997175	0.	0.	0.277778	
Time	FPS	Frame	0	60	66	65	60	8.83693e-002	1.35029e-003	0.	1.28605	84.1279	0.	7.63633e-002	0.99708	0.	0.	0.277778	
Time	FPS	Frame	0	60	66	66	60	9.24395e-002	2.78016e-003	0.	1.31091	84.4033	0.	7.77889e-002	0.99697	0.	0.	0.277778	
Time	FPS	Frame	0	60	66	66	60	9.66849e-002	4.10335e-003	0.	1.3359	84.6789	0.	7.9108e-002	0.996866	0.	0.	0.277778	
Time	FPS	Frame	0	61	67	67	61	0.101277	1.61801e-003	0.	1.36123	84.9544	0.	8.04196e-002	0.996761	0.	0.	0.277778	
Time	FPS	Frame	0	61	67	67	61	0.105411	3.11103e-003	0.	1.38738	85.2297	0.	8.19077e-002	0.99664	0.	0.	0.277778	
Time	FPS	Frame	0	61	68	67	61	0.109896	4.49071e-003	0.	1.41365	85.5051	0.	8.32827e-002	0.996526	0.	0.	0.277778	
Time	FPS	Frame	0	62	68	68	62	0.114747	1.91588e-003	0.	1.44028	85.7804	0.	8.46515e-002	0.996411	0.	0.	0.277778	
Time	FPS	Frame	0	62	68	68	62	0.118888	3.47281e-003	0.	1.46776	86.0555	0.	8.62028e-002	0.996278	0.	0.	0.277778	
Time	FPS	Frame	0	62	69	68	62	0.123622	4.9095e-003	0.	1.49536	86.3307	0.	8.7634e-002	0.996153	0.	0.	0.277778	
Time	FPS	Frame	0	63	69	69	63	0.128744	2.24232e-003	0.	1.52334	86.6059	0.	8.90609e-002	0.996026	0.	0.	0.277778	
Time	FPS	Frame	0	63	70	69	63	0.132828	3.86386e-003	0.	1.5522	86.8808	0.	9.06759e-002	0.99588	0.	0.	0.277778	
Time	FPS	Frame	0	64	70	70	63	0.137822	1.10535e-003	0.	1.58118	87.1558	0.	9.21638e-002	0.995744	0.	0.	0.277778	
Time	FPS	Frame	0	64	70	70	64	0.142675	2.84132e-003	0.	1.61119	87.4305	0.	9.38922e-002	0.995582	0.	0.	0.277778	
Time	FPS	Frame	0	64	71	70	64	0.14784	4.50847e-003	0.	1.6415	87.7053	0.	9.55519e-002	0.995424	0.	0.	0.277778	
Time	FPS	Frame	0	65	71	71	64	0.153116	1.62862e-003	0.	1.67193	87.9801	0.	9.70786e-002	0.995277	0.	0.	0.277778	
Time	FPS	Frame	0	65	72	71	65	0.157794	3.40807e-003	0.	1.7034	88.2546	0.	9.88495e-002	0.995102	0.	0.	0.277778	
Time	FPS	Frame	0	65	72	72	65	0.163237	5.12123e-003	0.	1.73519	88.5291	0.	0.100554	0.994932	0.	0.	0.277778	
Time	FPS	Frame	0	66	72	72	65	0.168787	2.12378e-003	0.	1.7671	88.8037	0.	0.10212	0.994772	0.	0.	0.277778	
Time	FPS	Frame	0	66	73	72	66	0.173195	3.94682e-003	0.	1.80007	89.078	0.	0.103933	0.994584	0.	0.	0.277778	
Time	FPS	Frame	0	66	73	73	66	0.178903	9.67124e-004	0.	1.83338	89.3523	0.	0.105681	0.9944	0.	0.	0.277778	
Time	FPS	Frame	0	67	74	73	67	0.184235	3.00011e-003	0.	1.86786	89.6262	0.	0.107703	0.994183	0.	0.	0.277778	
Time	FPS	Frame	0	67	74	74	67	0.189847	4.8212e-003	0.	1.90237	89.9003	0.	0.109513	0.993985	0.	0.	0.277778	
Time	FPS	Frame	0	68	75	74	67	0.195828	1.68524e-003	0.	1.93725	90.1744	0.	0.111272	0.99379	0.	0.	0.277778	
Time	FPS	Frame	0	68	75	75	68	0.200716	3.72871e-003	0.	1.9733	90.4482	0.	0.113303	0.993561	0.	0.	0.277778	
Time	FPS	Frame	0	68	75	75	68	0.206852	5.99824e-004	0.	2.00966	90.7219	0.	0.115234	0.993338	0.	0.	0.277778	
Time	FPS	Frame	0	69	76	75	68	0.212587	2.84121e-003	0.	2.04729	90.9953	0.	0.11746	0.993078	0.	0.	0.277778	
Time	FPS	Frame	0	69	76	76	69	0.218625	4.841e-003	0.	2.08494	91.2688	0.	0.119446	0.992841	0.	0.	0.277778	
Time	FPS	Frame	0	70	77	76	69	0.225024	1.57253e-003	0.	2.12295	91.5424	0.	0.121359	0.992609	0.	0.	0.277778	
Time	FPS	Frame	0	70	77	77	70	0.230142	3.79087e-003	0.	2.16221	91.8155	0.	0.123561	0.992337	0.	0.	0.277778	
Time	FPS	Frame	0	70	78	77	70	0.236377	4.68055e-004	0.	2.20148	92.0889	0.	0.125521	0.992091	0.	0.	0.277778	
Time	FPS	Frame	0	71	78	78	70	0.24228	2.89326e-003	0.	2.2424	92.3616	0.	0.127926	0.991784	0.	0.	0.277778	
Time	FPS	Frame	0	71	79	78	71	0.248739	3.49329e-004	0.	2.28332	92.6345	0.	0.130063	0.991506	0.	0.	0.277778	
Time	FPS	Frame	0	72	79	79	71	0.255402	2.25707e-003	0.	2.32594	92.9069	0.	0.132647	0.991163	0.	0.	0.277778	
Time	FPS	Frame	0	72	79	79	72	0.262095	4.56797e-003	0.	2.36855	93.1794	0.	0.134937	0.990854	0.	0.	0.277778	
Time	FPS	Frame	0	72	80	80	72	0.268738	1.11444e-003	0.	2.41113	93.4522	0.	0.136967	0.990576	0.	0.	0.277778	
Time	FPS	Frame	0	73	80	80	73	0.274559	3.64533e-003	0.	2.45546	93.7243	0.	0.139473	0.990226	0.	0.	0.277778	
Time	FPS	Frame	0	73	81	80	73	0.281447	2.73177e-004	0.	2.49976	93.9967	0.	0.14169	0.989911	0.	0.	0.277778	
Time	FPS	Frame	0	74	81	81	73	0.287935	2.99427e-003	0.	2.54587	94.2683	0.	0.144383	0.989522	0.	0.	0.277778	
Time	FPS	Frame	0	74	82	81	74	0.29507	3.15196e-004	0.	2.59192	94.5403	0.	0.14676	0.989172	0.	0.	0.277778	
Time	FPS	Frame	0	75	82	82	74	0.302094	2.53611e-003	0.	2.63974	94.8115	0.	0.14958	0.98875	0.	0.	0.277778	
Time	FPS	Frame	0	75	83	82	75	0.309486	7.31344e-004	0.	2.68758	95.083	0.	0.152098	0.988365	0.	0.	0.277778	
Time	FPS	Frame	0	75	83	83	75	0.317143	2.28622e-003	0.	2.73727	95.3538	0.	0.15508	0.987902	0.	0.	0.277778	
Time	FPS	Frame	0	76	84	83	76	0.324793	9.68744e-004	0.	2.78693	95.6249	0.	0.15772	0.987484	0.	0.	0.277778	
Time	FPS	Frame	0	76	84	84	76	0.333018	2.18942e-003	0.	2.83851	95.8952	0.	0.160838	0.986981	0.	0.	0.277778	
Time	FPS	Frame	0	77	85	84	76	0.340928	4.97118e-003	0.	2.89001	96.1659	0.	0.163583	0.98653	0.	0.	0.277778	
Time	FPS	Frame	0	77	85	85	77	0.348704	1.38352e-003	0.	2.94143	96.4368	0.	0.165988	0.986128	0.	0.	0.277778	
Time	FPS	Frame	0	78	86	85	77	0.355668	4.36667e-003	0.	2.99484	96.7069	0.	0.168929	0.985628	0.	0.	0.277778	
Time	FPS	Frame	0	78	86	86	78	0.363724	8.40667e-004	0.	3.04815	96.9773	0.	0.1715	0.985184	0.	0.	0.277778	
Time	FPS	Frame	0	78	87	86	78	0.37089	3.90913e-003	0.	3.10328	97.247	0.	0.174522	0.984653	0.	0.	0.277778	
Time	FPS	Frame	0	79	87	87	79	0.379229	4.33681e-004	0.	3.15849	97.517	0.	0.177244	0.984167	0.	0.	0.277778	
Time	FPS	Frame	0	79	88	88	79	0.386817	3.67718e-003	0.	3.21562	97.7861	0.	0.180435	0.983587	0.	0.	0.277778	
Time	FPS	Frame	0	80	89	88	80	0.395432	2.22615e-004	0.	3.27277	98.0555	0.	0.183282	0.98306	0.	0.	0.277778	
Time	FPS	Frame	0	80	89	89	80	0.403359	3.61029e-003	0.	3.3319	98.3241	0.	0.186611	0.982434	0.	0.	0.277778	
Time	FPS	Frame	0	81	90	89	81	0.41225	1.64088e-004	0.	3.39102	98.593	0.	0.189564	0.981868	0.	0.	0.277778	
Time	FPS	Frame	0	81	90	90	81	0.420442	3.67405e-003	0.	3.45216	98.8611	0.	0.193009	0.981197	0.	0.	0.277778	
Time	FPS	Frame	0	82	91	90	82	0.429601	2.22528e-004	0.	3.51325	99.1294	0.	0.196052	0.980593	0.	0.	0.277778	
Time	FPS	Frame	0	82	91	91	82	0.437979	3.83481e-003	0.	3.57641	99.3969	0.	0.199593	0.979879	0.	0.	0.277778	
Time	FPS	Frame	0	83	92	91	82	0.447404	3.67458e-004	0.	3.63951	99.6648	0.	0.202715	0.979238	0.	0.	0.277778	
Time	FPS	Frame	0	83	92	92	83	0.455896	2.69738e-003	0.	3.7047	99.9317	0.	0.206338	0.978481	0.	0.	0.277778	
Time	FPS	Frame	0	84	93	93	83	0.466979	1.68856e-003	0.	3.77251	100.197	0.	0.210628	0.977566	0.	0.	0.277778	
Time	FPS	Frame	0	84	94	93	84	0.476818	1.59882e-003	0.	3.83954	100.464	0.	0.214116	0.976808	0.	0.	0.277778	
Time	FPS	Frame	0	85	94	94	84	0.487735	2.70677e-003	0.	3.90927	100.729	0.	0.21832	0.975877	0.	0.	0.277778	
Time	FPS	Frame	0	85	95	94	85	0.497647	7.61483e-004	0.	3.97821	100.996	0.	0.221726	0.975109	0.	0.	0.277778	
Time	FPS	Frame	0	86	95	95	86	0.508372	3.50645e-003	0.	4.04992	101.26	0.	0.225885	0.974154	0.	0.	0.277778	
Time	FPS	Frame	0	86	96	96	86	0.51839	9.94525e-005	0.	4.12082	101.526	0.	0.229242	0.973369	0.	0.	0.277778	
Time	FPS	Frame	0	87	97	96	87	0.528882	4.16047e-003	0.	4.19455	101.79	0.	0.233387	0.972384	0.	0.	0.277778	
Time	FPS	Frame	0	87	97	97	87	0.539029	4.36612e-004	0.	4.26745	102.055	0.	0.236718	0.971578	0.	0.	0.277778	
Time	FPS	Frame	0	88	98	97	88	0.54924	2.5278e-003	0.	4.34324	102.319	0.	0.240867	0.970558	0.	0.	0.277778	
Time	FPS	Frame	0	88	99	98	88	0.561977	2.45976e-003	0.	4.42183	102.581	0.	0.245705	0.969345	0.	0.	0.277778	
Time	FPS	Frame	0	89	99	99	89	0.573109	8.80184e-004	0.	4.49938	102.845	0.	0.249563	0.968359	0.	0.	0.277778	
Time	FPS	Frame	0	89	100	99	89	0.585179	3.89774e-003	0.	4.57983	103.107	0.	0.254187	0.967155	0.	0.	0.277778	
Time	FPS	Frame	0	90	100	100	90	0.596227	2.89494e-004	0.	4.65927	103.37	0.	0.25786	0.966182	0.	0.	0.277778	
Time	FPS	Frame	0	91	101	101	90	0.607657	4.94499e-003	0.	4.74168	103.631	0.	0.262355	0.964971	0.	0.	0.277778	
Time	FPS	Frame	0	91	102	101	91	0.618698	1.14951e-003	0.	4.82307	103.894	0.	0.265912	0.963997	0.	0.	0.277778	
Time	FPS	Frame	0	92	102	102	92	0.629484	1.82218e-003	0.	4.90751	104.154	0.	0.270334	0.962767	0.	0.	0.277778	
Time	FPS	Frame	0	92	103	103	92	0.642714	3.51624e-003	0.	4.99486	104.414	0.	0.27547	0.96131	0.	0.	0.277778	
Time	FPS	Frame	0	93	104	103	93	0.654691	7.96164e-005	0.	5.08098	104.674	0.	0.279499	0.960146	0.	0.	0.277778	
Time	FPS	Frame	0	93	104	104	93	0.666844	2.57403e-003	0.	5.17012	104.933	0.	0.284336	0.958725	0.	0.	0.277778	
Time	FPS	Frame	0	94	105	105	94	0.681905	3.38725e-003	0.	5.26265	105.19	0.	0.290046	0.957013	0.	0.	0.277778	
Time	FPS	Frame	0	95	106	105	94	0.694438	5.57754e-005	0.	5.35323	105.449	0.	0.294273	0.955721	0.	0.	0.277778	
Time	FPS	Frame	0	95	107	106	95	0.707449	2.48255e-003	0.	5.44685	105.706	0.	0.299297	0.95416	0.	0.	0.277778	
Time	FPS	Frame	0	96	107	107	96	0.723283	3.68441e-003	0.	5.54385	105.961	0.	0.305175	0.952296	0.	0.	0.277778	
Time	FPS	Frame	0	96	108	108	96	0.736209	3.76355e-004	0.	5.63878	106.218	0.	0.309493	0.950902	0.	0.	0.277778	
Time	FPS	Frame	0	97	109	108	97	0.749729	2.12068e-003	0.	5.73676	106.474	0.	0.314609	0.949221	0.	0.	0.277778	
Time	FPS	Frame	0	98	109	109	98	0.765913	4.13692e-003	0.	5.83806	106.727	0.	0.320542	0.947234	0.	0.	0.277778	
Time	FPS	Frame	0	98	110	110	98	0.779116	8.19036e-004	0.	5.93727	106.983	0.	0.324893	0.945751	0.	0.	0.277778	
Time	FPS	Frame	0	99	111	111	99	0.792838	1.6552e-003	0.	6.03953	107.236	0.	0.330043	0.943966	0.	0.	0.277778	
Time	FPS	Frame	0	100	112	111	99	0.809028	4.62506e-003	0.	6.145	107.488	0.	0.335965	0.941874	0.	0.	0.277778	
Time	FPS	Frame	0	100	112	112	100	0.822417	1.28885e-003	0.	6.24841	107.742	0.	0.34031	0.940313	0.	0.	0.277778	
Time	FPS	Frame	0	101	113	113	101	0.836068	1.15883e-003	0.	6.35487	107.994	0.	0.345459	0.938434	0.	0.	0.277778	
Time	FPS	Frame	0	101	114	114	101	0.851677	4.98709e-003	0.	6.46415	108.244	0.	0.35122	0.936293	0.	0.	0.277778	
Time	FPS	Frame	0	102	115	114	102	0.865199	1.66308e-003	0.	6.57171	108.496	0.	0.355551	0.934657	0.	0.	0.277778	
Time	FPS	Frame	0	103	116	115	103	0.878525	7.602e-004	0.	6.68227	108.746	0.	0.360678	0.93269	0.	0.	0.277778	
Time	FPS	Frame	0	103	116	116	103	0.893707	2.49946e-003	0.	6.7956	108.994	0.	0.366403	0.930456	0.	0.	0.277778	
Time	FPS	Frame	0	104	117	117	104	0.911229	4.4298e-003	0.	6.91213	109.241	0.	0.372842	0.927895	0.	0.	0.277778	
Time	FPS	Frame	0	105	118	118	105	0.925177	1.43896e-003	0.	7.02596	109.49	0.	0.377338	0.926076	0.	0.	0.277778	
Time	FPS	Frame	0	106	119	119	106	0.938943	7.35925e-004	0.	7.14265	109.737	0.	0.382548	0.923935	0.	0.	0.277778	
Time	FPS	Frame	0	106	120	119	106	0.954305	2.25117e-003	0.	7.26194	109.982	0.	0.388278	0.921542	0.	0.	0.277778	
Time	FPS	Frame	0	107	120	120	107	0.971737	4.66121e-003	0.	7.38421	110.226	0.	0.394639	0.918836	0.	0.	0.277778	
Time	FPS	Frame	0	108	121	121	108	0.985568	1.79614e-003	0.	7.50375	110.472	0.	0.399028	0.916939	0.	0.	0.277778	
Time	FPS	Frame	0	108	122	122	108	0.998946	2.72683e-004	0.	7.62598	110.717	0.	0.404079	0.914724	0.	0.	0.277778	
Time	FPS	Frame	0	109	123	123	109	1.01369	1.70542e-003	0.	7.75063	110.96	0.	0.409595	0.912267	0.	0.	0.277778	
Time	FPS	Frame	0	110	124	124	110	1.02948	4.67461e-003	0.	7.87744	111.201	0.	0.415407	0.909636	0.	0.	0.277778	
Time	FPS	Frame	0	111	125	124	111	1.04369	2.27356e-003	0.	8.00285	111.445	0.	0.419883	0.907578	0.	0.	0.277778	
Time	FPS	Frame	0	111	125	125	111	1.05606	2.83315e-004	0.	8.13008	111.687	0.	0.424633	0.905366	0.	0.	0.277778	
Time	FPS	Frame	0	112	126	126	112	1.06957	1.07276e-003	0.	8.25952	111.928	0.	0.429792	0.902928	0.	0.	0.277778	
Time	FPS	Frame	0	113	127	127	113	1.08393	2.02432e-003	0.	8.39092	112.167	0.	0.435202	0.900333	0.	0.	0.277778	
Time	FPS	Frame	0	114	128	128	114	1.09886	2.59438e-003	0.	8.52407	112.406	0.	0.440742	0.897634	0.	0.	0.277778	
Time	FPS	Frame	0	114	129	129	115	1.11414	3.6194e-003	0.	8.65879	112.643	0.	0.446311	0.894878	0.	0.	0.277778	
Time	FPS	Frame	0	115	130	130	115	1.12725	1.67396e-003	0.	8.79185	112.883	0.	0.450438	0.892808	0.	0.	0.277778	
Time	FPS	Frame	0	116	131	131	116	1.13876	1.74286e-004	0.	8.92655	113.121	0.	0.454799	0.890594	0.	0.	0.277778	
Time	FPS	Frame	0	117	132	132	117	1.1508	8.60569e-004	0.	9.06287	113.358	0.	0.459357	0.888252	0.	0.	0.277778	
Time	FPS	Frame	0	117	132	133	118	1.16324	1.52534e-003	0.	9.20067	113.595	0.	0.464025	0.885822	0.	0.	0.277778	
Time	FPS	Frame	0	118	133	133	119	1.17581	1.96653e-003	0.	9.33973	113.83	0.	0.468688	0.883364	0.	0.	0.277778	
Time	FPS	Frame	0	119	134	134	119	1.18833	2.23244e-003	0.	9.4799	114.065	0.	0.473279	0.880913	0.	0.	0.277778	
Time	FPS	Frame	0	120	135	135	120	1.19991	2.55625e-003	0.	9.6205	114.301	0.	0.477492	0.878636	0.	0.	0.277778	
Time	FPS	Frame	0	121	136	136	121	1.21033	1.08865e-003	0.	9.76017	114.537	0.	0.480742	0.876862	0.	0.	0.277778	
Time	FPS	Frame	0	122	137	137	122	1.21881	1.14978e-004	0.	9.90076	114.773	0.	0.484004	0.875066	0.	0.	0.277778	
Time	FPS	Frame	0	122	138	138	123	1.22708	1.05252e-003	0.	10.0422	115.009	0.	0.487229	0.873274	0.	0.	0.277778	
Time	FPS	Frame	0	123	139	139	124	1.23505	1.84006e-003	0.	10.1842	115.244	0.	0.490355	0.871523	0.	0.	0.277778	
Time	FPS	Frame	0	124	140	140	125	1.24262	2.41521e-003	0.	10.3269	115.479	0.	0.493355	0.869828	0.	0.	0.277778	
Time	FPS	Frame	0	125	141	141	125	1.24974	2.87203e-003	0.	10.47	115.714	0.	0.496188	0.868215	0.	0.	0.277778	
Time	FPS	Frame	0	126	142	142	126	1.25566	3.50546e-003	0.	10.613	115.95	0.	0.498614	0.866824	0.	0.	0.277778	
Time	FPS	Frame	0	127	143	143	127	1.26032	4.19499e-003	0.	10.7558	116.186	0.	0.500635	0.865659	0.	0.	0.277778	
Time	FPS	Frame	0	128	143	144	128	1.26109	6.07772e-003	0.	10.8965	116.424	0.	0.501391	0.865221	0.	0.	0.277778	
Time	FPS	Frame	0	129	144	145	129	1.26279	7.04802e-003	0.	11.0384	116.662	0.	0.5026	0.864519	0.	0.	0.277778	
Time	FPS	Frame	0	129	145	146	130	1.26503	5.38112e-003	0.	11.1811	116.899	0.	0.50404	0.86368	0.	0.	0.277778	
Time	FPS	Frame	0	130	146	146	131	1.26671	6.22131e-003	0.	11.3233	117.136	0.	0.50508	0.863073	0.	0.	0.277778	
Time	FPS	Frame	0	131	147	147	132	1.26807	6.43556e-003	0.	11.4662	117.373	0.	0.506319	0.862346	0.	0.	0.277778	
Time	FPS	Frame	0	132	148	148	133	1.2697	6.25118e-003	0.	11.6096	117.609	0.	0.50761	0.861587	0.	0.	0.277778	
Time	FPS	Frame	0	133	149	149	133	1.27138	5.74956e-003	0.	11.7533	117.846	0.	0.508855	0.860852	0.	0.	0.277778	
Time	FPS	Frame	0	134	150	150	134	1.27296	5.05944e-003	0.	11.897	118.082	0.	0.509979	0.860187	0.	0.	0.277778	
Time	FPS	Frame	0	135	151	151	135	1.27433	4.12653e-003	0.	12.0407	118.319	0.	0.510937	0.859618	0.	0.	0.277778	
Time	FPS	Frame	0	136	152	152	136	1.2754	3.30249e-003	0.	12.1842	118.556	0.	0.511672	0.859181	0.	0.	0.277778	
Time	FPS	Frame	0	137	153	153	137	1.27612	2.6429e-003	0.	12.3275	118.793	0.	0.51221	0.85886	0.	0.	0.277778	
Time	FPS	Frame	0	138	154	154	138	1.27656	2.23235e-003	0.	12.4705	119.031	0.	0.512591	0.858633	0.	0.	0.277778	
Time	FPS	Frame	0	139	155	155	139	1.2768	1.88198e-003	0.	12.6135	119.269	0.	0.512874	0.858464	0.	0.	0.277778	
Time	FPS	Frame	0	140	156	156	140	1.27689	1.66082e-003	0.	12.7564	119.507	0.	0.513073	0.858345	0.	0.	0.277778	
Time	FPS	Frame	0	141	157	157	141	1.27687	1.48899e-003	0.	12.8992	119.745	0.	0.513219	0.858258	0.	0.	0.277778	
Time	FPS	Frame	0	142	158	158	142	1.27678	1.3649e-003	0.	13.042	119.983	0.	0.513324	0.858195	0.	0.	0.277778	
Time	FPS	Frame	0	143	158	159	143	1.27663	1.28187e-003	0.	13.1848	120.221	0.	0.5134	0.858149	0.	0.	0.277778	
Time	FPS	Frame	0	143	159	160	144	1.27645	1.22218e-003	0.	13.3275	120.459	0.	0.513456	0.858116	0.	0.	0.277778	
Time	FPS	Frame	0	144	160	160	145	1.27624	1.17357e-003	0.	13.4702	120.697	0.	0.513498	0.858091	0.	0.	0.277778	
Time	FPS	Frame	0	145	161	161	146	1.276	1.10797e-003	0.	13.6129	120.936	0.	0.513528	0.858073	0.	0.	0.277778	
Time	FPS	Frame	0	146	162	162	147	1.27575	1.11224e-003	0.	13.7556	121.174	0.	0.513542	0.858064	0.	0.	0.277778	
Time	FPS	Frame	0	147	163	163	147	1.27548	1.10077e-003	0.	13.8983	121.412	0.	0.513558	0.858055	0.	0.	0.277778	
Time	FPS	Frame	0	148	164	164	148	1.27521	1.06473e-003	0.	14.041	121.651	0.	0.51357	0.858047	0.	0.	0.277778	
Time	FPS	Frame	0	149	165	165	149	1.27494	1.08102e-003	0.	14.1836	121.889	0.	0.513575	0.858045	0.	0.	0.277778	
Time	FPS	Frame	0	150	166	166	150	1.27466	1.08207e-003	0.	14.3263	122.127	0.	0.513583	0.85804	0.	0.	0.277778	
Time	FPS	Frame	0	151	167	167	151	1.27438	1.04737e-003	0.	14.469	122.366	0.	0.513591	0.858035	0.	0.	0.277778	
Time	FPS	Frame	0	152	168	168	152	1.27409	1.05145e-003	0.	14.6117	122.604	0.	0.513591	0.858035	0.	0.	0.277778	
Time	FPS	Frame	0	153	169	169	153	1.2738	1.05027e-003	0.	14.7543	122.842	0.	0.513592	0.858035	0.	0.	0.277778	
Time	FPS	Frame	0	154	170	170	154	1.27351	1.04502e-003	0.	14.897	123.081	0.	0.513593	0.858034	0.	0.	0.277778	
Time	FPS	Frame	0	155	171	171	155	1.27322	1.05986e-003	0.	15.0397	123.319	0.	0.513593	0.858034	0.	0.	0.277778	
Time	FPS	Frame	0	156	172	172	156	1.27294	1.04865e-003	0.	15.1823	123.557	0.	0.513596	0.858032	0.	0.	0.277778	
Time	FPS	Frame	0	158	174	174	158	1.27236	1.03064e-003	0.	15.4677	124.034	0.	0.513596	0.858032	0.	0.	0.277778	
Time	FPS	Frame	0	159	174	175	159	1.27207	1.06224e-003	0.	15.6103	124.272	0.	0.513596	0.858032	0.	0.	0.277778	
Time	FPS	Frame	0	160	175	175	160	1.27178	1.05806e-003	0.	15.753	124.511	0.	0.5136	0.85803	0.	0.	0.277778	
Time	FPS	Frame	0	160	176	176	161	1.2715	1.04185e-003	0.	15.8957	124.749	0.	0.513603	0.858028	0.	0.	0.277778	
Time	FPS	Frame	0	161	177	177	161	1.27121	1.03636e-003	0.	16.0383	124.987	0.	0.513603	0.858028	0.	0.	0.277778	

