Time	FPS	Frame	Crash	RB	RU	LU	LB	OC	Dither	DAngle	swAngle	OX	OY	OZ	HX	HY	HZ	HA	AccumulativeHeading(Y)	Speed	Dynamic
4.78127e-004	2091.5	1	0	1	1	1	1	1	3.75	3.35307e-005	0.	-3.75	0.	0.	0.	1.	0.	0.	0.	0.	0	
0.27085	3.69861	2	0	1	1	1	1	1	3.75	3.35307e-005	0.	-3.75	0.	0.	0.	1.	0.	0.	0.	0.	0	
0.295972	39.8064	3	0	1	1	1	1	1	3.75	3.35307e-005	0.	-3.75	0.	0.	0.	1.	0.	0.	0.	0.	0	
0.313085	58.4332	4	0	1	1	1	1	1	3.75	3.35307e-005	0.	-3.75	0.	0.	0.	1.	0.	0.	0.	0.	0	
0.329081	62.5175	5	0	1	1	1	1	1	3.75	3.35307e-005	0.	-3.75	0.	0.	0.	1.	0.	0.	0.	0.	0	
0.345088	62.4716	6	0	1	1	1	1	1	3.75	3.35307e-005	0.	-3.75	0.	0.	0.	1.	0.	0.	0.	0.	0	
0.361081	62.5282	7	0	1	1	1	1	1	3.75	3.35307e-005	0.	-3.75	0.	0.	0.	1.	0.	0.	0.	0.	0	
0.377079	62.5057	8	0	1	1	1	1	1	3.75	3.35307e-005	0.	-3.75	0.	0.	0.	1.	0.	0.	0.	0.	0	
0.393079	62.5022	9	0	1	1	1	1	1	3.75	3.35307e-005	0.	-3.75	0.	0.	0.	1.	0.	0.	0.	0.	0	
0.409099	62.4221	10	0	1	1	1	1	1	3.75	3.35307e-005	0.	-3.75	0.	0.	0.	1.	0.	0.	0.	0.	0	
0.425098	62.501	11	0	1	1	1	1	1	3.75	3.35307e-005	0.	-3.75	0.	0.	0.	1.	0.	0.	0.	0.	0	
0.441104	62.4786	12	0	1	1	1	1	1	3.75	3.35307e-005	0.	-3.75	0.	0.	0.	1.	0.	0.	0.	0.	0	
0.457115	62.4586	13	0	1	1	1	1	1	3.75	3.35307e-005	0.	-3.75	0.	0.	0.	1.	0.	0.	0.	0.	0	
0.4741	58.8735	14	0	1	1	1	1	1	3.75	3.35307e-005	0.	-3.75	0.	0.	0.	1.	0.	0.	0.	0.	0	
0.490106	62.4763	15	0	1	1	1	1	1	3.75	3.35307e-005	0.	-3.75	0.	0.	0.	1.	0.	0.	0.	0.	0	
0.507097	58.8547	16	0	1	1	1	1	1	3.75	3.35307e-005	0.	-3.75	0.	0.	0.	1.	0.	0.	0.	0.	0	
0.523096	62.5046	17	0	1	1	1	1	1	3.75	3.35307e-005	0.	-3.75	0.	0.	0.	1.	0.	0.	0.	0.	0	
0.540098	58.8181	18	0	1	1	1	1	1	3.75	3.35307e-005	0.	-3.75	0.	0.	0.	1.	0.	0.	0.	0.	0	
0.556103	62.4798	19	0	1	1	1	1	1	3.75	3.35307e-005	0.	-3.75	0.	0.	0.	1.	0.	0.	0.	0.	0	
0.572097	62.5223	20	0	1	1	1	1	1	3.75	3.35307e-005	0.	-3.75	0.	0.	0.	1.	0.	0.	0.	0.	0	
0.58813	62.3704	21	0	1	1	1	1	1	3.75	3.35307e-005	0.	-3.75	0.	0.	0.	1.	0.	0.	0.	0.	0	
0.604089	62.663	22	0	1	1	1	1	1	3.75	3.35307e-005	0.	-3.75	0.	0.	0.	1.	0.	0.	0.	0.	0	
0.620094	62.4786	23	0	1	1	1	1	1	3.75	3.35307e-005	0.	-3.75	0.	0.	0.	1.	0.	0.	0.	0.	0	
0.637096	58.8181	24	0	1	1	1	1	1	3.75	3.35307e-005	0.	-3.75	0.	0.	0.	1.	0.	0.	0.	0.	0	
0.653136	62.3434	25	0	1	1	1	1	1	3.75	3.35307e-005	0.	-3.75	0.	0.	0.	1.	0.	0.	0.	0.	0	
0.670095	58.9657	26	0	1	1	1	1	1	3.75	3.35307e-005	0.	-3.75	0.	0.	0.	1.	0.	0.	0.	0.	0	
0.686098	62.4892	27	0	1	1	1	1	1	3.75	3.35307e-005	0.	-3.75	0.	0.	0.	1.	0.	0.	0.	0.	0	
0.702083	62.5588	28	0	1	1	1	1	1	3.75	3.35307e-005	0.	-3.75	0.	0.	0.	1.	0.	0.	0.	0.	0	
0.718094	62.4562	29	0	1	1	1	1	1	3.75	3.35307e-005	0.	-3.75	0.	0.	0.	1.	0.	0.	0.	0.	0	
0.735107	58.7784	30	0	1	1	1	1	1	3.75	3.35307e-005	0.	-3.75	0.	0.	0.	1.	0.	0.	0.	0.	0	
0.752083	58.908	31	0	1	1	1	1	1	3.75	3.35307e-005	0.	-3.75	0.	0.	0.	1.	0.	0.	0.	0.	0	
0.769094	58.7837	32	0	1	1	1	1	1	3.75	3.35307e-005	0.	-3.75	0.	0.	0.	1.	0.	0.	0.	0.	0	
0.785083	62.5423	33	0	1	1	1	1	1	3.75	3.35307e-005	0.	-3.75	0.	0.	0.	1.	0.	0.	0.	0.	0	
0.802082	58.8285	34	0	1	1	1	1	1	3.75	3.35307e-005	0.	-3.75	0.	0.	0.	1.	0.	0.	0.	0.	0	
0.818083	62.4939	35	0	1	1	1	1	1	3.75	3.35307e-005	0.	-3.75	0.	0.	0.	1.	0.	0.	0.	0.	0	
0.834099	62.4398	36	0	1	1	1	1	1	3.75	3.35307e-005	0.	-3.75	0.	0.	0.	1.	0.	0.	0.	0.	0	
0.851083	58.8766	37	0	1	1	1	1	1	3.75	3.35307e-005	0.	-3.75	0.	0.	0.	1.	0.	0.	0.	0.	0	
0.867084	62.4987	38	0	1	1	1	1	1	3.75	3.35307e-005	0.	-3.75	0.	0.	0.	1.	0.	0.	0.	0.	0	
0.883103	62.4233	39	0	1	1	1	1	1	3.75	3.35307e-005	0.	-3.75	0.	0.	0.	1.	0.	0.	0.	0.	0	
0.900094	58.8547	40	0	1	1	1	1	1	3.75	3.35307e-005	0.	-3.75	0.	0.	0.	1.	0.	0.	0.	0.	0	
0.916119	62.4057	41	0	1	1	1	1	1	3.75	3.35307e-005	0.	-3.75	0.	0.	0.	1.	0.	0.	0.	0.	0	
0.933108	58.8599	42	0	1	1	1	1	1	3.75	3.35307e-005	0.	-3.75	0.	0.	0.	1.	0.	0.	0.	0.	0	
0.950099	58.8536	43	0	1	1	1	1	1	3.75	3.35307e-005	0.	-3.75	0.	0.	0.	1.	0.	0.	0.	0.	0	
0.967092	58.8494	44	0	1	1	1	1	1	3.75	3.35307e-005	0.	-3.75	0.	0.	0.	1.	0.	0.	0.	0.	0	
0.984102	58.7878	45	0	1	1	1	1	1	3.75	3.35307e-005	0.	-3.75	0.	0.	0.	1.	0.	0.	0.	0.	0	
1.00204	55.7404	46	0	1	1	1	1	1	3.75	3.35307e-005	0.	-3.75	0.	0.	0.	1.	0.	0.	0.	0.	0	
1.0181	62.2895	47	0	1	1	1	1	1	3.75	3.35307e-005	0.	-3.75	0.	0.	0.	1.	0.	0.	0.	0.	1	
1.03407	62.6026	48	0	1	1	1	1	1	3.75	3.35307e-005	0.	-3.75	0.	0.	0.	1.	0.	0.	0.	0.	1	
1.0511	58.7055	49	0	1	1	1	1	1	3.75	3.35307e-005	0.	-3.75	0.	0.	0.	1.	0.	0.	0.	0.	1	
1.06711	62.4822	50	0	1	1	1	1	1	3.75	3.35307e-005	0.	-3.75	0.	0.	0.	1.	0.	0.	0.	0.	1	
1.08412	58.7899	51	0	1	1	1	1	1	3.75	3.35307e-005	0.	-3.75	0.	0.	0.	1.	0.	0.	0.	0.	1	
1.10111	58.8651	52	0	1	1	1	1	1	3.75	3.35307e-005	0.	-3.75	0.	0.	0.	1.	0.	0.	0.	0.	1	
1.1171	62.5175	53	0	1	1	1	1	1	3.75	3.35307e-005	0.	-3.75	0.	0.	0.	1.	0.	0.	0.	0.	1	
1.13409	58.8766	54	0	1	1	1	1	1	3.75	3.35307e-005	0.	-3.75	0.	0.	0.	1.	0.	0.	0.	0.	1	
1.1511	58.7701	55	0	1	1	1	1	1	3.75	3.35307e-005	0.	-3.75	0.	0.	0.	1.	0.	0.	0.	0.	1	
1.16711	62.4633	56	0	1	1	1	1	1	3.75	3.35307e-005	0.	-3.75	0.	0.	0.	1.	0.	0.	0.	0.	1	
1.18413	58.7753	57	0	1	1	1	1	1	3.75	3.35307e-005	0.	-3.75	0.	0.	0.	1.	0.	0.	0.	0.	1	
1.20109	58.9468	58	0	1	1	1	1	1	3.75	3.35307e-005	0.	-3.75	0.	0.	0.	1.	0.	0.	0.	0.	1	
1.21813	58.6962	59	0	1	1	1	1	1	3.75	3.35307e-005	0.	-3.75	0.	0.	0.	1.	0.	0.	0.	0.	1	
1.2351	58.9185	60	0	1	1	1	1	1	3.75	3.35307e-005	0.	-3.75	0.	0.	0.	1.	0.	0.	0.	0.	1	
1.25211	58.8045	61	0	1	1	1	1	1	3.75	3.35307e-005	0.	-3.75	0.	0.	0.	1.	0.	0.	0.	0.	1	
1.26813	62.4115	62	0	1	1	1	1	1	3.75	3.35307e-005	0.	-3.75	0.	0.	0.	1.	0.	0.	0.	0.	1	
1.28513	58.8327	63	0	1	1	1	1	1	3.75	3.35307e-005	0.	-3.75	0.	0.	0.	1.	0.	0.	0.	0.	1	
1.30209	58.9489	64	0	1	1	1	1	1	3.75	3.35307e-005	0.	-3.75	0.	0.	0.	1.	0.	0.	0.	0.	1	
1.3181	62.4692	65	0	1	1	1	1	1	3.75	3.35307e-005	0.	-3.75	0.	0.	0.	1.	0.	0.	0.	0.	1	
1.33509	58.8547	66	0	1	1	1	1	1	3.75	3.35307e-005	0.	-3.75	0.	0.	0.	1.	0.	0.	0.	0.	1	
1.3521	58.7659	67	0	1	1	1	1	1	3.75	3.35307e-005	0.	-3.75	0.	0.	0.	1.	0.	0.	0.	0.	1	
1.36808	62.5813	68	0	1	1	1	1	1	3.75	3.35307e-005	0.	-3.75	0.	0.	0.	1.	0.	0.	0.	0.	1	
1.38511	58.7451	69	0	1	1	1	1	1	3.75	3.35307e-005	0.	-3.75	0.	0.	0.	1.	0.	0.	0.	0.	1	
1.40209	58.8829	70	0	1	1	1	1	1	3.75	3.35307e-005	0.	-3.75	0.	0.	0.	1.	0.	0.	0.	0.	1	
1.41811	62.4233	71	0	1	1	1	1	1	3.75	3.35307e-005	0.	-3.75	0.	0.	0.	1.	0.	0.	0.	0.	1	
1.43509	58.886	72	0	1	1	1	1	1	3.75	3.35307e-005	0.	-3.75	0.	0.	0.	1.	0.	0.	0.	0.	1	
1.45209	58.8285	73	0	1	1	1	1	1	3.75	3.35307e-005	0.	-3.75	0.	0.	0.	1.	0.	0.	0.	0.	1	
1.46809	62.4928	74	0	1	1	1	1	1	3.75	3.35307e-005	0.	-3.75	0.	0.	0.	1.	0.	0.	0.	0.	1	
1.48507	58.8808	75	0	1	1	1	1	1	3.75	3.35307e-005	0.	-3.75	0.	0.	0.	1.	0.	0.	0.	0.	1	
1.50213	58.6369	76	0	1	1	1	1	1	3.75	3.35307e-005	0.	-3.75	0.	0.	0.	1.	0.	0.	0.	0.	1	
1.5181	62.6203	77	0	1	1	1	1	1	3.75	3.35307e-005	0.	-3.75	0.	0.	0.	1.	0.	0.	0.	0.	1	
1.53411	62.4551	78	0	1	1	1	1	1	3.75	3.35307e-005	0.	-3.75	0.	0.	0.	1.	0.	0.	0.	0.	1	
1.5511	58.8693	79	0	1	1	1	1	1	3.75	3.35307e-005	0.	-3.75	0.	0.	0.	1.	0.	0.	0.	0.	1	
1.56713	62.3857	80	0	1	1	1	1	1	3.75	3.35307e-005	0.	-3.75	0.	0.	0.	1.	0.	0.	0.	0.	1	
1.58411	58.863	81	0	1	1	1	1	1	3.75	3.35307e-005	0.	-3.75	0.	0.	0.	1.	0.	0.	0.	0.	1	
1.60111	58.8275	82	0	1	1	1	1	1	3.75	3.35307e-005	0.	-3.75	0.	0.	0.	1.	0.	0.	0.	0.	1	
1.61711	62.5046	83	0	1	1	1	1	1	3.75	3.35307e-005	0.	-3.75	0.	0.	0.	1.	0.	0.	0.	0.	1	
1.6341	58.8547	84	0	1	1	1	1	1	3.75	3.35307e-005	0.	-3.75	0.	0.	0.	1.	0.	0.	0.	0.	1	
1.65111	58.792	85	0	1	1	1	1	1	3.75	3.35307e-005	0.	-3.75	0.111111	0.	0.	1.	0.	0.	0.	24.	1	
1.66711	62.501	86	0	1	1	1	1	1	3.75	3.35307e-005	0.	-3.75	0.222222	0.	0.	1.	0.	0.	0.	24.	1	
1.68412	58.7972	87	0	1	1	1	1	1	3.75	3.35307e-005	0.	-3.75	0.333333	0.	0.	1.	0.	0.	0.	24.	1	
1.7011	58.9018	88	0	1	1	1	1	1	3.75	3.35307e-005	0.	-3.75	0.444444	0.	0.	1.	0.	0.	0.	24.	1	
1.7171	62.5034	89	0	1	1	1	1	1	3.75	3.35307e-005	0.	-3.75	0.555556	0.	0.	1.	0.	0.	0.	24.	1	
1.73412	58.7347	90	0	1	1	1	1	1	3.75	3.35307e-005	0.	-3.75	0.666667	0.	0.	1.	0.	0.	0.	24.	1	
1.75109	58.9332	91	0	1	1	1	1	1	3.75	3.35307e-005	0.	-3.75	0.777778	0.	0.	1.	0.	0.	0.	24.	1	
1.76708	62.5317	92	0	1	1	1	1	1	3.75	3.35307e-005	0.	-3.75	0.888889	0.	0.	1.	0.	0.	0.	24.	1	
1.78408	58.8254	93	0	1	1	1	1	1	3.75	3.35307e-005	0.	-3.75	1.	0.	0.	1.	0.	0.	0.	24.	1	
1.80114	58.6338	94	0	1	1	1	1	1	3.75	3.35307e-005	0.	-3.75	1.11111	0.	0.	1.	0.	0.	0.	24.	1	
1.81712	62.5671	95	0	1	1	1	1	1	3.75	3.35307e-005	0.	-3.75	1.22222	0.	0.	1.	0.	0.	0.	24.	1	
1.83412	58.8369	96	0	1	1	1	1	1	3.75	3.35307e-005	0.	-3.75	1.33333	0.	0.	1.	0.	0.	0.	24.	1	
1.8511	58.885	97	0	1	1	1	1	1	3.75	3.35307e-005	0.	-3.75	1.44444	0.	0.	1.	0.	0.	0.	24.	1	
1.86712	62.4021	98	0	1	1	1	1	1	3.75	3.35307e-005	0.	-3.75	1.55556	0.	0.	1.	0.	0.	0.	24.	1	
1.88412	58.8212	99	0	1	1	1	1	1	3.75	3.35307e-005	0.	-3.75	1.66667	0.	0.	1.	0.	0.	0.	24.	1	
1.9011	58.9154	100	0	1	1	1	1	1	3.75	3.35307e-005	0.	-3.75	1.77778	0.	0.	1.	0.	0.	0.	24.	1	
1.91712	62.4104	101	0	1	1	1	1	1	3.75	3.35307e-005	0.	-3.75	1.88889	0.	0.	1.	0.	0.	0.	24.	1	
1.93413	58.8045	102	0	1	1	1	1	1	3.75	3.35307e-005	0.	-3.75	2.	0.	0.	1.	0.	0.	0.	24.	1	
1.95111	58.8683	103	0	1	1	1	1	1	3.75	3.35307e-005	0.	-3.75	2.11111	0.	0.	1.	0.	0.	0.	24.	1	
1.96709	62.6085	104	0	1	1	1	1	1	3.75	3.35307e-005	0.	-3.75	2.22222	0.	0.	1.	0.	0.	0.	24.	1	
1.98412	58.6889	105	0	1	1	1	1	1	3.75	3.35307e-005	0.	-3.75	2.33333	0.	0.	1.	0.	0.	0.	24.	1	
2.00112	58.8411	106	0	1	1	1	1	1	3.75	3.35307e-005	0.	-3.75	2.44444	0.	0.	1.	0.	0.	0.	24.	1	
2.0171	62.5718	107	0	1	1	1	1	1	3.75	3.35307e-005	0.	-3.75	2.55556	0.	0.	1.	0.	0.	0.	24.	1	
2.0341	58.8223	108	0	1	1	1	1	1	3.75	3.35307e-005	0.	-3.75	2.66667	0.	0.	1.	0.	0.	0.	24.	1	
2.05113	58.7378	109	0	1	1	1	1	1	3.75	3.35307e-005	0.	-3.75	2.77778	0.	0.	1.	0.	0.	0.	24.	1	
2.0671	62.5967	110	0	1	1	1	1	1	3.75	3.35307e-005	0.	-3.75	2.88889	0.	0.	1.	0.	0.	0.	24.	1	
2.08413	58.7378	111	0	1	1	1	1	1	3.75	3.35307e-005	0.	-3.75	3.	0.	0.	1.	0.	0.	0.	24.	1	
2.10114	58.7743	112	0	1	1	1	1	1	3.75	3.35307e-005	0.	-3.75	3.11111	0.	0.	1.	0.	0.	0.	24.	1	
2.11713	62.5482	113	0	1	1	1	1	1	3.75	3.35307e-005	0.	-3.75	3.22222	0.	0.	1.	0.	0.	0.	24.	1	
2.13409	58.9657	114	0	1	1	1	1	1	3.75	3.35307e-005	0.	-3.75	3.33333	0.	0.	1.	0.	0.	0.	24.	1	
2.15112	58.7128	115	0	1	1	1	1	1	3.75	3.35307e-005	0.	-3.75	3.55556	0.	0.	1.	0.	0.	0.	48.	1	
2.16712	62.4963	116	0	1	1	1	1	1	3.75	3.35307e-005	0.	-3.75	3.77778	0.	0.	1.	0.	0.	0.	48.	1	
2.18409	58.9353	117	0	1	1	1	1	1	3.75	3.35307e-005	0.	-3.75	4.11111	0.	0.	1.	0.	0.	0.	72.	1	
2.2011	58.7701	118	0	1	1	1	1	1	3.75	3.35307e-005	0.	-3.75	4.44444	0.	0.	1.	0.	0.	0.	72.	1	
2.21712	62.4339	119	0	1	1	1	1	1	3.75	3.35307e-005	0.	-3.75	4.88889	0.	0.	1.	0.	0.	0.	96.	1	
2.23412	58.8066	120	0	1	1	1	1	1	3.75	3.35307e-005	0.	-3.75	5.33333	0.	0.	1.	0.	0.	0.	96.	1	
2.25113	58.8035	121	0	1	1	1	1	1	3.75	3.35307e-005	0.	-3.75	5.88889	0.	0.	1.	0.	0.	0.	120.	1	
2.26713	62.5093	122	0	1	1	1	1	1	3.75001	3.35307e-005	0.	-3.75	6.44444	0.	0.	1.	0.	0.	0.	120.	1	
2.28311	62.5896	123	0	1	1	1	1	1	3.75001	3.35307e-005	0.	-3.75	7.	0.	0.	1.	0.	0.	0.	120.	1	
2.30012	58.7805	124	0	1	1	1	1	1	3.75001	3.35307e-005	0.	-3.75	7.55556	0.	0.	1.	0.	0.	0.	120.	1	
2.31613	62.4586	125	0	1	1	1	1	1	3.75001	3.35307e-005	0.	-3.75	8.11111	0.	0.	1.	0.	0.	0.	120.	1	
2.33314	58.7951	126	0	1	1	1	1	1	3.75001	3.35307e-005	0.	-3.75	8.66667	0.	0.	1.	0.	0.	0.	120.	1	
2.35011	58.9321	127	0	1	1	1	1	1	3.75001	3.35307e-005	0.	-3.75	9.22222	0.	0.	1.	0.	0.	0.	120.	1	
2.36613	62.4092	128	0	1	1	1	1	1	3.75001	3.35307e-005	0.	-3.75	9.77778	0.	0.	1.	0.	0.	0.	120.	1	
2.38312	58.8442	129	0	1	1	1	1	1	3.75001	3.35307e-005	0.	-3.75	10.3333	0.	0.	1.	0.	0.	0.	120.	1	
2.40011	58.8777	130	0	1	1	1	1	1	3.75001	3.35307e-005	0.	-3.75	10.8889	0.	0.	1.	0.	0.	0.	120.	1	
2.43058	32.8113	131	0	1	1	1	1	1	3.75001	3.35307e-005	0.	-3.75	11.4444	0.	0.	1.	0.	0.	0.	120.	1	
2.44713	60.4273	132	0	1	1	1	1	1	3.75001	3.35307e-005	0.	-3.75	12.	0.	0.	1.	0.	0.	0.	120.	1	
2.46312	62.5317	133	0	1	1	1	1	1	3.75001	3.35307e-005	0.	-3.75	12.5556	0.	0.	1.	0.	0.	0.	120.	1	
2.48013	58.8202	134	0	1	1	1	1	1	3.75001	3.35307e-005	0.	-3.75	13.1111	0.	0.	1.	0.	0.	0.	120.	1	
2.49714	58.7743	135	0	1	1	1	1	1	3.75001	3.35307e-005	0.	-3.75	13.6667	0.	0.	1.	0.	0.	0.	120.	1	
2.51309	62.6867	136	0	1	1	1	1	1	3.75001	3.35307e-005	0.	-3.75	14.2222	0.	0.	1.	0.	0.	0.	120.	1	
2.53012	58.7295	137	0	1	1	1	1	1	3.75001	3.35307e-005	0.	-3.75	15.3333	0.	0.	1.	0.	0.	0.	120.	1	
2.54713	58.7837	138	0	1	1	1	1	1	3.75001	3.35307e-005	0.	-3.75	15.8889	0.	0.	1.	0.	0.	0.	120.	1	
2.56314	62.4621	139	0	1	1	1	1	1	3.75001	3.35307e-005	0.	-3.75	16.4444	0.	0.	1.	0.	0.	0.	120.	1	
2.58013	58.8787	140	0	1	2	2	1	1	3.75001	3.35307e-005	0.	-3.75	17.	0.	0.	1.	0.	0.	0.	120.	1	
2.59716	58.6941	141	0	1	2	2	1	1	3.75001	3.35307e-005	0.	-3.75	17.5556	0.	0.	1.	0.	0.	0.	120.	1	
2.61313	62.6322	142	0	1	2	2	1	1	3.75001	3.35307e-005	0.	-3.75	18.1111	0.	0.	1.	0.	0.	0.	120.	1	
2.63015	58.7659	143	0	1	2	2	1	1	3.75001	3.35307e-005	0.	-3.75	18.6667	0.	0.	1.	0.	0.	0.	120.	1	
2.64713	58.8923	144	0	1	2	2	1	1	3.75001	3.35307e-005	0.	-3.75	19.2222	0.	0.	1.	0.	0.	0.	120.	1	
2.66312	62.5022	145	0	1	2	2	1	2	3.75001	2.33821e-004	0.	-3.75	19.7778	0.	0.	1.	0.	0.	0.	120.	1	
2.68014	58.767	146	0	1	2	2	1	2	3.75002	2.33821e-004	0.	-3.75	20.3333	0.	0.	1.	0.	0.	0.	120.	1	
2.69713	58.8787	147	0	1	2	2	1	2	3.75002	2.33821e-004	0.	-3.75	20.8889	0.	0.	1.	0.	0.	0.	120.	1	
2.71313	62.4928	148	0	1	2	2	1	2	3.75002	2.33821e-004	0.	-3.75	21.4444	0.	0.	1.	0.	0.	0.	120.	1	
2.73013	58.8087	149	0	2	2	2	2	2	3.75002	2.33821e-004	0.	-3.75	22.	0.	0.	1.	0.	0.	0.	120.	1	
2.74713	58.8379	150	0	2	2	2	2	2	3.75003	2.33821e-004	0.	-3.75	22.5556	0.	0.	1.	0.	0.	0.	120.	1	
2.76312	62.5116	151	0	2	2	2	2	2	3.75003	2.33821e-004	0.	-3.75	23.1111	0.	0.	1.	0.	0.	0.	120.	1	
2.78012	58.8432	152	0	2	2	2	2	2	3.75003	2.33821e-004	0.	-3.75	23.6667	0.	0.	1.	0.	0.	0.	120.	1	
2.79713	58.7993	153	0	2	2	2	2	2	3.75003	2.33821e-004	0.	-3.75	24.2222	0.	0.	1.	0.	0.	0.	120.	1	
2.81313	62.4963	154	0	2	2	2	2	2	3.75004	2.33821e-004	0.	-3.75	24.7778	0.	0.	1.	0.	0.	0.	120.	1	
2.83013	58.8014	155	0	2	2	2	2	2	3.75004	2.33821e-004	0.	-3.75	25.3333	0.	0.	1.	0.	0.	0.	120.	1	
2.84713	58.8379	156	0	2	2	2	2	2	3.75004	2.33821e-004	0.	-3.75	25.8889	0.	0.	1.	0.	0.	0.	120.	1	
2.86413	58.8087	157	0	2	2	2	2	2	3.75004	2.33821e-004	0.	-3.75	26.4444	0.	0.	1.	0.	0.	0.	120.	1	
2.88113	58.8432	158	0	2	2	2	2	2	3.75004	2.33821e-004	0.	-3.75	27.	0.	0.	1.	0.	0.	0.	120.	1	
2.89812	58.8369	159	0	2	2	2	2	2	3.75005	2.33821e-004	0.	-3.75	27.5556	0.	0.	1.	0.	0.	0.	120.	1	
2.91414	62.4386	160	0	2	2	2	2	2	3.75005	2.33821e-004	0.	-3.75	28.1111	0.	0.	1.	0.	0.	0.	120.	1	
2.93113	58.8536	161	0	2	2	2	2	2	3.75005	2.33821e-004	0.	-3.75	28.6667	0.	0.	1.	0.	0.	0.	120.	1	
2.94813	58.8223	162	0	2	2	2	2	2	3.75005	2.33821e-004	0.	-3.75	29.2222	0.	0.	1.	0.	0.	0.	120.	1	
2.96412	62.5459	163	0	2	2	2	2	2	3.75006	2.33821e-004	0.	-3.75	29.7778	0.	0.	1.	0.	0.	0.	120.	1	
2.98113	58.7847	164	0	2	2	2	2	2	3.75006	2.33821e-004	0.	-3.75	30.3333	0.	0.	1.	0.	0.	0.	120.	1	
2.99813	58.8181	165	0	2	2	2	2	2	3.75006	2.33821e-004	0.	-3.75	30.8889	0.	0.	1.	0.	0.	0.	120.	1	
3.0151	58.9258	166	0	2	2	2	2	2	3.75006	2.33821e-004	0.	-3.75	31.4444	0.	0.	1.	0.	0.	0.	120.	1	
3.03213	58.7222	167	0	2	2	2	2	2	3.75006	2.33821e-004	0.	-3.75	32.	0.	0.	1.	0.	0.	0.	120.	1	
3.04912	58.8777	168	0	2	2	2	2	2	3.75007	2.33821e-004	0.	-3.75	32.5556	0.	0.	1.	0.	0.	0.	120.	1	
3.06614	58.7513	169	0	2	2	2	2	2	3.75007	2.33821e-004	0.	-3.75	33.1111	0.	0.	1.	0.	0.	0.	120.	1	
3.08315	58.7753	170	0	2	2	2	2	2	3.75007	2.33821e-004	0.	-3.75	33.6667	0.	0.	1.	0.	0.	0.	120.	1	
3.10014	58.8735	171	0	2	2	2	2	2	3.75007	2.33821e-004	0.	-3.75	34.2222	0.	0.	1.	0.	0.	0.	120.	1	
3.11714	58.8244	172	0	2	2	2	2	2	3.75008	2.33821e-004	0.	-3.75	34.7778	0.	0.	1.	0.	0.	0.	120.	1	
3.13414	58.8181	173	0	2	2	2	2	2	3.75008	2.33821e-004	0.	-3.75	35.3333	0.	0.	1.	0.	0.	0.	120.	1	
3.1501	62.644	174	0	2	2	2	2	2	3.75008	2.33821e-004	0.	-3.75	35.8889	0.	0.	1.	0.	0.	0.	120.	1	
3.16613	62.3763	175	0	2	2	2	2	2	3.75008	2.33821e-004	0.	-3.75	36.4444	0.	0.	1.	0.	0.	0.	120.	1	
3.18312	58.8777	176	0	2	2	2	2	2	3.75009	2.33821e-004	0.	-3.75	37.	0.	0.	1.	0.	0.	0.	120.	1	
3.20012	58.7983	177	0	2	2	2	2	2	3.75009	2.33821e-004	0.	-3.75	37.5556	0.	0.	1.	0.	0.	0.	120.	1	
3.21613	62.4621	178	0	2	2	2	2	2	3.75009	2.33821e-004	0.	-3.75	38.1111	0.	0.	1.	0.	0.	0.	120.	1	
3.23313	58.8233	179	0	2	3	3	2	2	3.75009	2.33821e-004	0.	-3.75	38.6667	0.	0.	1.	0.	0.	0.	120.	1	
3.2501	58.9374	180	0	2	3	3	2	2	3.75009	2.33821e-004	0.	-3.75	39.2222	0.	0.	1.	0.	0.	0.	120.	1	
3.26614	62.3528	181	0	2	3	3	2	2	3.7501	2.33821e-004	0.	-3.75	39.7778	0.	0.	1.	0.	0.	0.	120.	1	
3.28313	58.8515	182	0	2	3	3	2	2	3.7501	2.33821e-004	0.	-3.75	40.3333	0.	0.	1.	0.	0.	0.	120.	1	
3.30015	58.7461	183	0	2	3	3	2	3	3.7501	6.39694e-004	0.	-3.75	40.8889	0.	0.	1.	0.	0.	0.	120.	1	
3.31616	62.4633	184	0	2	3	3	2	3	3.75011	6.39694e-004	0.	-3.75	41.4444	0.	0.	1.	0.	0.	0.	120.	1	
3.33313	58.9437	185	0	2	3	3	2	3	3.75011	6.39694e-004	0.	-3.75	42.	0.	0.	1.	0.	0.	0.	120.	1	
3.35014	58.791	186	0	2	3	3	2	3	3.75012	6.39694e-004	0.	-3.75	42.5556	0.	0.	1.	0.	0.	0.	120.	1	
3.36614	62.4892	187	0	3	3	3	3	3	3.75013	6.39694e-004	0.	-3.75	43.1111	0.	0.	1.	0.	0.	0.	120.	1	
3.38312	58.9028	188	0	3	3	3	3	3	3.75013	6.39694e-004	0.	-3.75	43.6667	0.	0.	1.	0.	0.	0.	120.	1	
3.40011	58.8473	189	0	3	3	3	3	3	3.75014	6.39694e-004	0.	-3.75	44.2222	0.	0.	1.	0.	0.	0.	120.	1	
3.41614	62.388	190	0	3	3	3	3	3	3.75015	6.39694e-004	0.	-3.75	44.7778	0.	0.	1.	0.	0.	0.	120.	1	
3.43312	58.8944	191	0	3	3	3	3	3	3.75015	6.39694e-004	0.	-3.75	45.3333	0.	0.	1.	0.	0.	0.	120.	1	
3.44916	62.3469	192	0	3	3	3	3	3	3.75016	6.39694e-004	0.	-3.75	45.8889	0.	0.	1.	0.	0.	0.	120.	1	
3.4661	59.0098	193	0	3	3	3	3	3	3.75016	6.39694e-004	0.	-3.75	46.4444	0.	0.	1.	0.	0.	0.	120.	1	
3.48315	58.6826	194	0	3	3	3	3	3	3.75017	6.39694e-004	0.	-3.75	47.	0.	0.	1.	0.	0.	0.	120.	1	
3.50015	58.8014	195	0	3	3	3	3	3	3.75018	6.39694e-004	0.	-3.75	47.5556	0.	0.	1.	0.	0.	0.	120.	1	
3.51611	62.6653	196	0	3	3	3	3	3	3.75018	6.39694e-004	0.	-3.75	48.1111	0.	0.	1.	0.	0.	0.	120.	1	
3.53312	58.7837	197	0	3	3	3	3	3	3.75019	6.39694e-004	0.	-3.75	48.6667	0.	0.	1.	0.	0.	0.	120.	1	
3.55013	58.7868	198	0	3	3	3	3	3	3.7502	6.39694e-004	0.	-3.75	49.2222	0.	0.	1.	0.	0.	0.	120.	1	
3.56714	58.7951	199	0	3	3	3	3	3	3.7502	6.39694e-004	0.	-3.75	49.7778	0.	0.	1.	0.	0.	0.	120.	1	
3.58413	58.8672	200	0	3	3	3	3	3	3.75021	6.39694e-004	0.	-3.75	50.3333	0.	0.	1.	0.	0.	0.	120.	1	
3.60112	58.8494	201	0	3	3	3	3	3	3.75021	6.39694e-004	0.	-3.75	50.8889	0.	0.	1.	0.	0.	0.	120.	1	
3.61814	58.7513	202	0	3	3	3	3	3	3.75022	6.39694e-004	0.	-3.75	51.4444	0.	0.	1.	0.	0.	0.	120.	1	
3.63513	58.8714	203	0	3	3	3	3	3	3.75023	6.39694e-004	0.	-3.75	52.	0.	0.	1.	0.	0.	0.	120.	1	
3.65113	62.4716	204	0	3	3	3	3	3	3.75023	6.39694e-004	0.	-3.75	52.5556	0.	0.	1.	0.	0.	0.	120.	1	
3.66812	58.8568	205	0	3	3	3	3	3	3.75024	6.39694e-004	0.	-3.75	53.1111	0.	0.	1.	0.	0.	0.	120.	1	
3.68516	58.7055	206	0	3	3	3	3	3	3.75025	6.39694e-004	0.	-3.75	53.6667	0.	0.	1.	0.	0.	0.	120.	1	
3.70115	62.5352	207	0	3	3	3	3	3	3.75025	6.39694e-004	0.	-3.75	54.2222	0.	0.	1.	0.	0.	0.	120.	1	
3.71814	58.8651	208	0	3	3	3	3	3	3.75026	6.39694e-004	0.	-3.75	54.7778	0.	0.	1.	0.	0.	0.	120.	1	
3.73513	58.863	209	0	3	3	3	3	3	3.75026	6.39694e-004	0.	-3.75	55.3333	0.	0.	1.	0.	0.	0.	120.	1	
3.75114	62.4433	210	0	3	3	3	3	3	3.75027	6.39694e-004	0.	-3.75	55.8889	0.	0.	1.	0.	0.	0.	120.	1	
3.76815	58.7941	211	0	3	3	3	3	3	3.75028	6.39694e-004	0.	-3.75	56.4444	0.	0.	1.	0.	0.	0.	120.	1	
3.78515	58.8369	212	0	3	3	3	3	3	3.75028	6.39694e-004	0.	-3.75	57.	0.	0.	1.	0.	0.	0.	120.	1	
3.80113	62.5766	213	0	3	3	3	3	3	3.75029	6.39694e-004	0.	-3.75	57.5556	0.	0.	1.	0.	0.	0.	120.	1	
3.81814	58.7618	214	0	3	3	3	3	3	3.75029	6.39694e-004	0.	-3.75	58.1111	0.	0.	1.	0.	0.	0.	120.	1	
3.83515	58.8077	215	0	3	3	3	3	3	3.7503	6.39694e-004	0.	-3.75	58.6667	0.	0.	1.	0.	0.	0.	120.	1	
3.85114	62.5494	216	0	3	3	3	3	3	3.75031	6.39694e-004	0.	-3.75	59.2222	0.	0.	1.	0.	0.	0.	120.	1	
3.86814	58.793	217	0	3	4	4	3	3	3.75031	6.39694e-004	0.	-3.75	59.7778	0.	0.	1.	0.	0.	0.	120.	1	
3.88511	58.9353	218	0	3	4	4	3	3	3.75032	6.39694e-004	0.	-3.75	60.3333	0.	0.	1.	0.	0.	0.	120.	1	
3.90113	62.4398	219	0	3	4	4	3	3	3.75033	6.39694e-004	0.	-3.75	60.8889	0.	0.	1.	0.	0.	0.	120.	1	
3.91814	58.767	220	0	3	4	4	3	3	3.75033	6.39694e-004	0.	-3.75	61.4444	0.	0.	1.	0.	0.	0.	120.	1	
3.93515	58.815	221	0	3	4	4	3	4	3.75034	1.25486e-003	0.	-3.75	62.	0.	0.	1.	0.	0.	0.	120.	1	
3.95115	62.4704	222	0	3	4	4	3	4	3.75035	1.25486e-003	0.	-3.75	62.5556	0.	0.	1.	0.	0.	0.	120.	1	
3.96811	58.9668	223	0	3	4	4	3	4	3.75036	1.25486e-003	0.	-3.75	63.1111	0.	0.	1.	0.	0.	0.	120.	1	
3.98518	58.6079	224	0	3	4	4	3	4	3.75037	1.25486e-003	0.	-3.75	63.6667	0.	0.	1.	0.	0.	0.	120.	1	
4.00116	62.5577	225	0	3	4	4	3	4	3.74321	-0.140412	0.	-3.74282	64.2201	0.	2.47255e-003	0.999997	0.	8.5	0.141667	120.	1	
4.01815	58.8745	226	0	4	4	4	4	4	3.73467	-0.282078	0.	-3.73427	64.7735	0.	4.94508e-003	0.999988	0.	8.5	0.283333	120.	1	
4.03515	58.8108	227	0	4	4	4	4	4	3.72476	-0.423745	0.	-3.72435	65.3269	0.	7.41758e-003	0.999972	0.	8.5	0.425	120.	1	
4.05115	62.4869	228	0	4	4	4	4	4	3.71349	-0.565412	0.	-3.71306	65.8803	0.	9.89004e-003	0.999951	0.	8.5	0.566667	120.	1	
4.06816	58.8066	229	0	4	4	4	4	4	3.70084	-0.707078	0.	-3.70041	66.4337	0.	1.23624e-002	0.999924	0.	8.5	0.708333	120.	1	
4.08513	58.9258	230	0	4	4	4	4	4	3.68683	-0.848745	0.	-3.68639	66.987	0.	1.48348e-002	0.99989	0.	8.5	0.85	120.	1	
4.10115	62.4198	231	0	4	4	4	4	4	3.67145	-0.990412	0.	-3.671	67.5403	0.	1.7307e-002	0.99985	0.	8.5	0.991667	120.	1	
4.11817	58.7451	232	0	4	4	4	4	4	3.65471	-1.13208	0.	-3.65424	68.0935	0.	1.97791e-002	0.999804	0.	8.5	1.13333	120.	1	
4.13514	58.929	233	0	4	4	4	4	4	3.63659	-1.27375	0.	-3.63611	68.6467	0.	2.22511e-002	0.999752	0.	8.5	1.275	120.	1	
4.15114	62.5199	234	0	4	4	4	4	4	3.61711	-1.41541	0.	-3.61661	69.1998	0.	2.4723e-002	0.999694	0.	8.5	1.41667	120.	1	
4.16815	58.7868	235	0	4	4	4	4	4	3.59626	-1.55708	0.	-3.59575	69.7529	0.	2.71947e-002	0.99963	0.	8.5	1.55833	120.	1	
4.18515	58.817	236	0	4	4	4	4	4	3.57404	-1.69875	0.	-3.57352	70.306	0.	2.96662e-002	0.99956	0.	8.5	1.7	120.	1	
4.20113	62.5577	237	0	4	4	4	4	4	3.55046	-1.84041	0.	-3.54993	70.859	0.	3.21376e-002	0.999483	0.	8.5	1.84167	120.	1	
4.21814	58.8118	238	0	4	4	4	4	4	3.52551	-1.98208	0.	-3.52496	71.4119	0.	3.46088e-002	0.999401	0.	8.5	1.98333	120.	1	
4.23513	58.8411	239	0	4	4	4	4	4	3.49919	-2.12375	0.	-3.49863	71.9648	0.	3.70797e-002	0.999312	0.	8.5	2.125	120.	1	
4.25115	62.4362	240	0	4	4	4	4	4	3.4715	-2.26541	0.	-3.47093	72.5176	0.	3.95505e-002	0.999218	0.	8.5	2.26667	120.	1	
4.26815	58.8118	241	0	4	4	4	4	4	3.44245	-2.40708	0.	-3.44187	73.0703	0.	4.2021e-002	0.999117	0.	8.5	2.40833	120.	1	
4.28514	58.8724	242	0	4	4	4	4	4	3.41203	-2.54875	0.	-3.41144	73.6229	0.	4.44912e-002	0.99901	0.	8.5	2.55	120.	1	
4.30117	62.3587	243	0	4	4	4	4	4	3.38024	-2.69041	0.	-3.37964	74.1755	0.	4.69612e-002	0.998897	0.	8.5	2.69167	120.	1	
4.31816	58.8902	244	0	4	4	4	4	4	3.34709	-2.83208	0.	-3.34647	74.728	0.	4.94308e-002	0.998778	0.	8.5	2.83333	120.	1	
4.33513	58.8934	245	0	4	4	4	4	4	3.31257	-2.97375	0.	-3.31194	75.2804	0.	5.19002e-002	0.998652	0.	8.5	2.975	120.	1	
4.35116	62.4057	246	0	4	4	4	4	4	3.27669	-3.11541	0.	-3.27605	75.8328	0.	5.43693e-002	0.998521	0.	8.5	3.11667	120.	1	
4.36813	58.9091	247	0	4	4	4	4	4	3.23944	-3.25708	0.	-3.23879	76.385	0.	5.6838e-002	0.998383	0.	8.5	3.25833	120.	1	
4.38514	58.8212	248	0	4	4	4	4	4	3.20083	-3.39875	0.	-3.20016	76.9371	0.	5.93064e-002	0.99824	0.	8.5	3.4	120.	1	
4.40113	62.5081	249	0	4	4	4	4	4	3.16085	-3.54041	0.	-3.16017	77.4892	0.	6.17744e-002	0.99809	0.	8.5	3.54167	120.	1	
4.41816	58.7388	250	0	4	4	4	4	4	3.1195	-3.68208	0.	-3.11881	78.0411	0.	6.4242e-002	0.997934	0.	8.5	3.68333	120.	1	
4.43516	58.8264	251	0	4	4	4	4	4	3.07679	-3.82375	0.	-3.07609	78.593	0.	6.67093e-002	0.997772	0.	8.5	3.825	120.	1	
4.45116	62.4869	252	0	4	4	4	4	4	3.03272	-3.96541	0.	-3.03201	79.1447	0.	6.91761e-002	0.997604	0.	8.5	3.96667	120.	1	
4.46815	58.8505	253	0	4	4	4	4	4	2.98728	-4.10708	0.	-2.98656	79.6963	0.	7.16425e-002	0.99743	0.	8.5	4.10833	120.	1	
4.48516	58.792	254	0	4	4	4	4	4	2.94048	-4.24875	0.	-2.93974	80.2478	0.	7.41085e-002	0.99725	0.	8.5	4.25	120.	1	
4.50115	62.5447	255	0	4	4	5	4	4	2.88532	-4.53208	0.	-2.88457	80.7966	0.	7.90391e-002	0.996872	0.	17.	4.53333	120.	1	
4.51817	58.7555	256	0	4	5	5	4	4	2.82744	-4.81541	0.	-2.82668	81.345	0.	8.39677e-002	0.996468	0.	17.	4.81667	120.	1	
4.53514	58.9416	257	0	4	5	5	4	4	2.75989	-5.24041	0.	-2.75911	81.8904	0.	9.13568e-002	0.995818	0.	25.5	5.24167	120.	1	
4.55215	58.7597	258	0	4	5	5	4	4	2.68829	-5.66541	0.	-2.6875	82.4354	0.	9.87408e-002	0.995113	0.	25.5	5.66667	120.	1	
4.56914	58.8641	259	0	4	5	5	4	4	2.60574	-6.23208	0.	-2.60494	82.9769	0.	0.108578	0.994088	0.	34.	6.23333	120.	1	
4.58612	58.8902	260	0	4	5	5	4	5	2.51783	-6.79792	0.	-2.51702	83.5175	0.	0.118404	0.992966	0.	34.	6.8	120.	1	
4.60212	62.4963	261	0	4	5	5	4	5	2.41774	-7.50625	0.	-2.41691	84.0543	0.	0.13067	0.991426	0.	42.5	7.50833	120.	1	
4.61917	58.6567	262	0	4	5	5	4	5	2.31102	-8.21458	0.	-2.31017	84.5897	0.	0.142917	0.989735	0.	42.5	8.21667	120.	1	
4.63617	58.8233	263	0	4	5	5	4	5	2.19769	-8.92292	0.	-2.19682	85.1238	0.	0.155141	0.987892	0.	42.5	8.925	120.	1	
4.65214	62.618	264	0	5	5	5	5	5	2.07776	-9.63125	0.	-2.07687	85.6565	0.	0.167342	0.985899	0.	42.5	9.63333	120.	1	
4.66919	58.6567	265	0	5	5	5	5	5	1.95126	-10.3396	0.	-1.95035	86.1876	0.	0.179518	0.983755	0.	42.5	10.3417	120.	1	
4.68517	62.5884	266	0	5	5	5	5	5	1.8182	-11.0479	0.	-1.81727	86.7172	0.	0.191666	0.98146	0.	42.5	11.05	120.	1	
4.70214	58.9321	267	0	5	5	5	5	5	1.67861	-11.7562	0.	-1.67766	87.245	0.	0.203784	0.979016	0.	42.5	11.7583	120.	1	
4.71915	58.7826	268	0	5	5	5	5	5	1.5325	-12.4646	0.	-1.53153	87.7711	0.	0.215872	0.976422	0.	42.5	12.4667	120.	1	
4.73516	62.4386	269	0	5	5	5	5	5	1.3799	-13.1729	0.	-1.37891	88.2954	0.	0.227926	0.973678	0.	42.5	13.175	120.	1	
4.75115	62.5541	270	0	5	5	5	5	5	1.22082	-13.8812	0.	-1.21982	88.8177	0.	0.239946	0.970786	0.	42.5	13.8833	120.	1	
4.76816	58.7774	271	0	5	5	5	5	5	1.05531	-14.5896	0.	-1.05428	89.338	0.	0.251929	0.967746	0.	42.5	14.5917	120.	1	
4.78515	58.8609	272	0	5	5	5	5	5	0.88337	-15.2979	0.	-0.882324	89.8562	0.	0.263873	0.964557	0.	42.5	15.3	120.	1	
4.80119	62.3739	273	0	5	5	5	5	5	0.736794	-15.2979	0.	-0.735728	90.3921	0.	0.263873	0.964557	0.	0.	15.3	120.	1	
4.81815	58.9615	274	0	5	5	5	5	5	0.590217	-15.2979	0.	-0.589132	90.9279	0.	0.263873	0.964557	0.	0.	15.3	120.	1	
4.83513	58.884	275	0	5	5	5	5	5	0.451124	-15.1562	0.	-0.45002	91.4637	0.	0.261487	0.965207	0.	-8.5	15.1583	120.	1	
4.85117	62.3516	276	0	5	5	5	5	5	0.313357	-15.0146	0.	-0.312232	91.9997	0.	0.2591	0.96585	0.	-8.5	15.0167	120.	1	
4.86816	58.8557	277	0	5	5	5	5	5	0.176915	-14.8729	0.	-0.175771	92.5361	0.	0.256711	0.966488	0.	-8.5	14.875	120.	1	
4.88514	58.8724	278	0	5	5	5	5	5	4.17996e-002	-14.7312	0.	-4.06365e-002	93.0729	0.	0.254321	0.96712	0.	-8.5	14.7333	120.	1	
4.90114	62.5069	279	0	5	5	5	5	5	9.19879e-002	-14.5896	0.	9.31706e-002	93.6099	0.	0.251929	0.967746	0.	-8.5	14.5917	120.	1	
4.91817	58.7284	280	0	5	5	5	5	5	0.224447	-14.4479	0.	0.225649	94.1473	0.	0.249535	0.968366	0.	-8.5	14.45	120.	1	
4.93517	58.8338	281	0	5	5	5	5	5	0.355577	-14.3062	0.	0.356799	94.6851	0.	0.24714	0.96898	0.	-8.5	14.3083	120.	1	
4.95116	62.5116	282	0	5	5	5	5	5	0.485377	-14.1646	0.	0.486619	95.2231	0.	0.244743	0.969588	0.	-8.5	14.1667	120.	1	
4.96816	58.8244	283	0	5	5	5	5	5	0.613846	-14.0229	0.	0.615107	95.7615	0.	0.242345	0.97019	0.	-8.5	14.025	120.	1	
4.98516	58.8254	284	0	5	5	5	5	5	0.740984	-13.8812	0.	0.742265	96.3002	0.	0.239946	0.970786	0.	-8.5	13.8833	120.	1	
5.00117	62.4657	285	0	5	5	5	5	5	0.86679	-13.7396	0.	0.86809	96.8392	0.	0.237545	0.971377	0.	-8.5	13.7417	120.	1	
5.01817	58.8139	286	0	5	5	5	5	5	0.991262	-13.5979	0.	0.992582	97.3785	0.	0.235142	0.971961	0.	-8.5	13.6	120.	1	
5.03515	58.9154	287	0	5	5	5	5	5	1.1144	-13.4562	0.	1.11574	97.9181	0.	0.232738	0.972539	0.	-8.5	13.4583	120.	1	
5.05115	62.4692	288	0	5	5	5	5	5	1.2362	-13.3146	0.	1.23756	98.458	0.	0.230333	0.973112	0.	-8.5	13.3167	120.	1	
5.06817	58.7753	289	0	5	5	5	5	5	1.35667	-13.1729	0.	1.35805	98.9982	0.	0.227926	0.973678	0.	-8.5	13.175	120.	1	
5.08517	58.8296	290	0	5	5	5	5	5	1.4758	-13.0312	0.	1.4772	99.5388	0.	0.225518	0.974239	0.	-8.5	13.0333	120.	1	
5.10114	62.5908	291	0	5	5	5	5	5	1.5936	-12.8896	0.	1.59502	100.08	0.	0.223108	0.974794	0.	-8.5	12.8917	120.	1	
5.11817	58.7243	292	0	5	5	5	5	5	1.71006	-12.7479	0.	1.7115	100.621	0.	0.220697	0.975342	0.	-8.5	12.75	120.	1	
5.13515	58.8965	293	0	5	5	5	5	5	1.82518	-12.6062	0.	1.82664	101.162	0.	0.218285	0.975885	0.	-8.5	12.6083	120.	1	
5.15115	62.5187	294	0	5	5	6	5	5	1.93896	-12.4646	0.	1.94044	101.704	0.	0.215872	0.976422	0.	-8.5	12.4667	120.	1	
5.16813	58.8735	295	0	5	6	6	5	5	2.0514	-12.3229	0.	2.0529	102.246	0.	0.213457	0.976953	0.	-8.5	12.325	120.	1	
5.18517	58.7086	296	0	5	6	6	5	5	2.1625	-12.1812	0.	2.16402	102.788	0.	0.21104	0.977477	0.	-8.5	12.1833	120.	1	
5.20116	62.5364	297	0	5	6	6	5	5	2.27226	-12.0396	0.	2.2738	103.33	0.	0.208623	0.977996	0.	-8.5	12.0417	120.	1	
5.21817	58.7868	298	0	5	6	6	5	5	2.38068	-11.8979	0.	2.38223	103.873	0.	0.206204	0.978509	0.	-8.5	11.9	120.	1	
5.23515	58.8986	299	0	5	6	6	5	6	2.48775	-11.7552	0.	2.48933	104.416	0.	0.203784	0.979016	0.	-8.5	11.7583	120.	1	
5.25218	58.717	300	0	5	6	6	5	6	2.59347	-11.6135	0.	2.59508	104.959	0.	0.201363	0.979517	0.	-8.5	11.6167	120.	1	
5.26917	58.8473	301	0	5	6	6	5	6	2.69785	-11.4719	0.	2.69949	105.503	0.	0.19894	0.980012	0.	-8.5	11.475	120.	1	
5.28616	58.8515	302	0	5	6	6	5	6	2.80089	-11.3302	0.	2.80256	106.047	0.	0.196517	0.9805	0.	-8.5	11.3333	120.	1	
5.30313	58.9196	303	0	6	6	6	6	6	2.90258	-11.1885	0.	2.90428	106.591	0.	0.194092	0.980983	0.	-8.5	11.1917	120.	1	
5.31915	62.4527	304	0	6	6	6	6	6	3.00292	-11.0469	0.	3.00465	107.135	0.	0.191666	0.98146	0.	-8.5	11.05	120.	1	
5.33615	58.8233	305	0	6	6	6	6	6	3.09447	-10.7635	0.	3.09623	107.679	0.	0.18681	0.982396	0.	-17.	10.7667	120.	1	
5.35215	62.4951	306	0	6	6	6	6	6	3.18332	-10.4802	0.	3.18511	108.223	0.	0.18195	0.983308	0.	-17.	10.4833	120.	1	
5.36915	58.8045	307	0	6	6	6	6	6	3.26205	-10.0552	0.	3.26387	108.767	0.	0.174651	0.98463	0.	-25.5	10.0583	120.	1	
5.38616	58.7837	308	0	6	6	6	6	6	3.33673	-9.6302	0.	3.33858	109.312	0.	0.167342	0.985899	0.	-25.5	9.63333	120.	1	
5.40317	58.816	309	0	6	6	6	6	6	3.39995	-9.06354	0.	3.40183	109.856	0.	0.157584	0.987506	0.	-34.	9.06667	120.	1	
5.41919	62.3892	310	0	6	6	6	6	6	3.45778	-8.49687	0.	3.45969	110.401	0.	0.147809	0.989016	0.	-34.	8.5	120.	1	
5.43617	58.8955	311	0	6	6	6	6	6	3.50282	-7.78854	0.	3.50476	110.945	0.	0.135571	0.990768	0.	-42.5	7.79167	120.	1	
5.45315	58.8934	312	0	6	6	6	6	6	3.54113	-7.0802	0.	3.5431	111.489	0.	0.123313	0.992368	0.	-42.5	7.08333	120.	1	
5.47019	58.692	313	0	6	6	6	6	6	3.5727	-6.37187	0.	3.5747	112.034	0.	0.111035	0.993816	0.	-42.5	6.375	120.	1	
5.48717	58.8997	314	0	6	6	6	6	6	3.59754	-5.66354	0.	3.59956	112.58	0.	9.87408e-002	0.995113	0.	-42.5	5.66667	120.	1	
5.50316	62.5541	315	0	6	6	6	6	6	3.61562	-4.9552	0.	3.61768	113.126	0.	8.64313e-002	0.996258	0.	-42.5	4.95833	120.	1	
5.51918	62.4092	316	0	6	6	6	6	6	3.62696	-4.24687	0.	3.62905	113.671	0.	7.41085e-002	0.99725	0.	-42.5	4.25	120.	1	
5.53517	62.547	317	0	6	6	6	6	6	3.63155	-3.53854	0.	3.63367	114.217	0.	6.17744e-002	0.99809	0.	-42.5	3.54167	120.	1	
5.55115	62.56	318	0	6	6	6	6	6	3.62939	-2.8302	0.	3.63154	114.763	0.	4.94308e-002	0.998778	0.	-42.5	2.83333	120.	1	
5.56813	58.884	319	0	6	6	6	6	6	3.62048	-2.12187	0.	3.62266	115.309	0.	3.70797e-002	0.999312	0.	-42.5	2.125	120.	1	
5.58516	58.7368	320	0	6	6	6	6	6	3.60483	-1.41354	0.	3.60703	115.855	0.	2.4723e-002	0.999694	0.	-42.5	1.41667	120.	1	
5.60118	62.428	321	0	6	6	6	6	6	3.61853	-1.41354	0.	3.62077	116.411	0.	2.4723e-002	0.999694	0.	0.	1.41667	120.	1	
5.61818	58.8202	322	0	6	6	6	6	6	3.63224	-1.41354	0.	3.6345	116.966	0.	2.4723e-002	0.999694	0.	0.	1.41667	120.	1	
5.63515	58.9112	323	0	6	6	6	6	6	3.64594	-1.41354	0.	3.64824	117.521	0.	2.4723e-002	0.999694	0.	0.	1.41667	120.	1	
5.65114	62.5553	324	0	6	6	6	6	6	3.65964	-1.41354	0.	3.66197	118.077	0.	2.4723e-002	0.999694	0.	0.	1.41667	120.	1	
5.66818	58.691	325	0	6	6	6	6	6	3.67335	-1.41354	0.	3.67571	118.632	0.	2.4723e-002	0.999694	0.	0.	1.41667	120.	1	
5.68517	58.8557	326	0	6	6	6	6	6	3.68705	-1.41354	0.	3.68944	119.187	0.	2.4723e-002	0.999694	0.	0.	1.41667	120.	1	
5.70117	62.4975	327	0	6	6	6	6	6	3.70076	-1.41354	0.	3.70318	119.743	0.	2.4723e-002	0.999694	0.	0.	1.41667	120.	1	
5.71817	58.8129	328	0	6	6	6	6	6	3.71446	-1.41354	0.	3.71691	120.298	0.	2.4723e-002	0.999694	0.	0.	1.41667	120.	1	
5.73418	62.4869	329	0	6	6	6	6	6	3.72817	-1.41354	0.	3.73065	120.854	0.	2.4723e-002	0.999694	0.	0.	1.41667	120.	1	
5.75119	58.7701	330	0	6	6	6	6	6	3.74187	-1.41354	0.	3.74438	121.409	0.	2.4723e-002	0.999694	0.	0.	1.41667	120.	1	
5.76821	58.7618	331	0	6	6	6	6	6	3.75558	-1.41354	0.	3.75812	121.964	0.	2.4723e-002	0.999694	0.	0.	1.41667	120.	1	
5.78516	59.0067	332	0	6	6	6	6	6	3.76928	-1.41354	0.	3.77185	122.52	0.	2.4723e-002	0.999694	0.	0.	1.41667	120.	1	
5.80118	62.4068	333	0	6	7	7	6	6	3.78299	-1.41354	0.	3.78559	123.075	0.	2.4723e-002	0.999694	0.	0.	1.41667	120.	1	
5.81814	58.9605	334	0	6	7	7	6	6	3.79669	-1.41354	0.	3.79932	123.631	0.	2.4723e-002	0.999694	0.	0.	1.41667	120.	1	
5.83516	58.7482	335	0	6	7	7	6	6	3.8104	-1.41354	0.	3.81306	124.186	0.	2.4723e-002	0.999694	0.	0.	1.41667	120.	1	
5.85216	58.8463	336	0	6	7	7	6	6	3.8241	-1.41354	0.	3.82679	124.741	0.	2.4723e-002	0.999694	0.	0.	1.41667	120.	1	
5.86918	58.7388	337	0	6	7	7	6	7	3.8378	-1.41227	0.	3.84053	125.297	0.	2.4723e-002	0.999694	0.	0.	1.41667	120.	1	
5.88515	62.6002	338	0	6	7	7	6	7	3.85149	-1.41227	0.	3.85426	125.852	0.	2.4723e-002	0.999694	0.	0.	1.41667	120.	1	
5.90117	62.4504	339	0	6	7	7	6	7	3.86518	-1.41227	0.	3.868	126.407	0.	2.4723e-002	0.999694	0.	0.	1.41667	120.	1	
5.91816	58.8588	340	0	6	7	7	6	7	3.87887	-1.41227	0.	3.88173	126.963	0.	2.4723e-002	0.999694	0.	0.	1.41667	120.	1	
5.93417	62.4339	341	0	7	7	7	7	7	3.89257	-1.41227	0.	3.89547	127.518	0.	2.4723e-002	0.999694	0.	0.	1.41667	120.	1	
5.95117	58.839	342	0	7	7	7	7	7	3.90626	-1.41227	0.	3.9092	128.074	0.	2.4723e-002	0.999694	0.	0.	1.41667	120.	1	
5.96818	58.7722	343	0	7	7	7	7	7	3.91995	-1.41227	0.	3.92294	128.629	0.	2.4723e-002	0.999694	0.	0.	1.41667	120.	1	
5.98519	58.8202	344	0	7	7	7	7	7	3.93364	-1.41227	0.	3.93667	129.184	0.	2.4723e-002	0.999694	0.	0.	1.41667	120.	1	
6.00118	62.5034	345	0	7	7	7	7	7	3.94734	-1.41227	0.	3.95041	129.74	0.	2.4723e-002	0.999694	0.	0.	1.41667	120.	1	
6.01816	58.9185	346	0	7	7	7	7	7	3.96103	-1.41227	0.	3.96414	130.295	0.	2.4723e-002	0.999694	0.	0.	1.41667	120.	1	
6.03519	58.693	347	0	7	7	7	7	7	3.97472	-1.41227	0.	3.97788	130.851	0.	2.4723e-002	0.999694	0.	0.	1.41667	120.	1	
6.05118	62.5624	348	0	7	7	7	7	7	3.98841	-1.41227	0.	3.99161	131.406	0.	2.4723e-002	0.999694	0.	0.	1.41667	120.	1	
6.06816	58.8923	349	0	7	7	7	7	7	4.00211	-1.41227	0.	4.00535	131.961	0.	2.4723e-002	0.999694	0.	0.	1.41667	120.	1	
6.08519	58.7014	350	0	7	7	7	7	7	4.0158	-1.41227	0.	4.01908	132.517	0.	2.4723e-002	0.999694	0.	0.	1.41667	120.	1	
6.10215	58.993	351	0	7	7	7	7	7	4.02949	-1.41227	0.	4.03282	133.072	0.	2.4723e-002	0.999694	0.	0.	1.41667	120.	1	
6.11816	62.4468	352	0	7	7	7	7	7	4.04318	-1.41227	0.	4.04655	133.628	0.	2.4723e-002	0.999694	0.	0.	1.41667	120.	1	
6.13519	58.7191	353	0	7	7	7	7	7	4.05687	-1.41227	0.	4.06029	134.183	0.	2.4723e-002	0.999694	0.	0.	1.41667	120.	1	
6.15216	58.9112	354	0	7	7	7	7	7	4.07057	-1.41227	0.	4.07402	134.738	0.	2.4723e-002	0.999694	0.	0.	1.41667	120.	1	
6.16816	62.5152	355	0	7	7	7	7	7	4.08426	-1.41227	0.	4.08776	135.294	0.	2.4723e-002	0.999694	0.	0.	1.41667	120.	1	
6.18417	62.4562	356	0	7	7	7	7	7	4.09795	-1.41227	0.	4.10149	135.849	0.	2.4723e-002	0.999694	0.	0.	1.41667	120.	1	
6.20019	62.4304	357	0	7	7	7	7	7	4.11164	-1.41227	0.	4.11523	136.404	0.	2.4723e-002	0.999694	0.	0.	1.41667	120.	1	
6.21718	58.863	358	0	7	7	7	7	7	4.12534	-1.41227	0.	4.12896	136.96	0.	2.4723e-002	0.999694	0.	0.	1.41667	120.	1	
6.23419	58.7951	359	0	7	7	7	7	7	4.13903	-1.41227	0.	4.1427	137.515	0.	2.4723e-002	0.999694	0.	0.	1.41667	120.	1	
6.25117	58.8714	360	0	7	7	7	7	7	4.15272	-1.41227	0.	4.15643	138.071	0.	2.4723e-002	0.999694	0.	0.	1.41667	120.	1	
6.2682	58.7159	361	0	7	7	7	7	7	4.15918	-1.2706	0.	4.16294	138.624	0.	2.22511e-002	0.999752	0.	-8.5	1.275	120.	1	
6.28419	62.5695	362	0	7	7	7	7	7	4.16427	-1.12893	0.	4.16807	139.178	0.	1.97791e-002	0.999804	0.	-8.5	1.13333	120.	1	
6.30116	58.9028	363	0	7	7	7	7	7	4.168	-0.987266	0.	4.17184	139.731	0.	1.7307e-002	0.99985	0.	-8.5	0.991667	120.	1	
6.31716	62.4916	364	0	7	7	7	7	7	4.17035	-0.845599	0.	4.17424	140.284	0.	1.48348e-002	0.99989	0.	-8.5	0.85	120.	1	
6.33417	58.8118	365	0	7	7	7	7	7	4.17134	-0.703933	0.	4.17526	140.838	0.	1.23624e-002	0.999924	0.	-8.5	0.708333	120.	1	
6.35015	62.5789	366	0	7	7	7	7	7	4.17096	-0.562266	0.	4.17493	141.391	0.	9.89004e-003	0.999951	0.	-8.5	0.566667	120.	1	
6.36719	58.693	367	0	7	7	7	7	7	4.16921	-0.420599	0.	4.17322	141.945	0.	7.41758e-003	0.999972	0.	-8.5	0.425	120.	1	
6.38417	58.885	368	0	7	7	7	7	7	4.16609	-0.278933	0.	4.17014	142.498	0.	4.94508e-003	0.999988	0.	-8.5	0.283333	120.	1	
6.40119	58.743	369	0	7	7	7	7	7	4.1616	-0.137266	0.	4.1657	143.052	0.	2.47255e-003	0.999997	0.	-8.5	0.141667	120.	1	
6.41819	58.8327	370	0	7	8	8	7	7	4.15575	4.40078e-003	0.	4.15988	143.605	0.	-3.68439e-010	1.	0.	-8.5	-2.111e-008	120.	1	
6.43418	62.5376	371	0	7	8	8	7	7	4.14852	0.146067	0.	4.1527	144.159	0.	-2.47255e-003	0.999997	0.	-8.5	-0.141667	120.	1	
6.45019	62.4539	372	0	7	8	8	7	7	4.13993	0.287734	0.	4.14415	144.712	0.	-4.94508e-003	0.999988	0.	-8.5	-0.283333	120.	1	
6.46718	58.8463	373	0	7	8	8	7	7	4.12997	0.429401	0.	4.13423	145.266	0.	-7.41758e-003	0.999972	0.	-8.5	-0.425	120.	1	
6.48417	58.8871	374	0	7	8	8	7	8	4.11864	0.572565	0.	4.12295	145.819	0.	-9.89004e-003	0.999951	0.	-8.5	-0.566667	120.	1	
6.5002	62.381	375	0	7	8	8	7	8	4.10593	0.714232	0.	4.11029	146.372	0.	-1.23624e-002	0.999924	0.	-8.5	-0.708333	120.	1	
6.51719	58.8568	376	0	7	8	8	7	8	4.09185	0.855898	0.	4.09627	146.926	0.	-1.48348e-002	0.99989	0.	-8.5	-0.85	120.	1	
6.53315	62.6381	377	0	7	8	8	7	8	4.0764	0.997565	0.	4.08088	147.479	0.	-1.7307e-002	0.99985	0.	-8.5	-0.991667	120.	1	
6.54917	62.4386	378	0	8	8	8	8	8	4.05958	1.13923	0.	4.06412	148.032	0.	-1.97791e-002	0.999804	0.	-8.5	-1.13333	120.	1	
6.56617	58.8285	379	0	8	8	8	8	8	4.0414	1.2809	0.	4.04599	148.585	0.	-2.22511e-002	0.999752	0.	-8.5	-1.275	120.	1	
6.58217	62.4774	380	0	8	8	8	8	8	4.02185	1.42256	0.	4.0265	149.139	0.	-2.4723e-002	0.999694	0.	-8.5	-1.41667	120.	1	
6.59817	62.5187	381	0	8	8	8	8	8	4.00093	1.56423	0.	4.00564	149.692	0.	-2.71947e-002	0.99963	0.	-8.5	-1.55833	120.	1	
6.61518	58.7628	382	0	8	8	8	8	8	3.97864	1.7059	0.	3.98341	150.245	0.	-2.96662e-002	0.99956	0.	-8.5	-1.7	120.	1	
6.63118	62.501	383	0	8	8	8	8	8	3.95499	1.84756	0.	3.95981	150.798	0.	-3.21376e-002	0.999483	0.	-8.5	-1.84167	120.	1	
6.64718	62.5329	384	0	8	8	8	8	8	3.92997	1.98923	0.	3.93485	151.351	0.	-3.46088e-002	0.999401	0.	-8.5	-1.98333	120.	1	
6.66418	58.7962	385	0	8	8	8	8	8	3.90358	2.1309	0.	3.90851	151.903	0.	-3.70797e-002	0.999312	0.	-8.5	-2.125	120.	1	
6.68118	58.8202	386	0	8	8	8	8	8	3.87582	2.27256	0.	3.88082	152.456	0.	-3.95505e-002	0.999218	0.	-8.5	-2.26667	120.	1	
6.69819	58.7951	387	0	8	8	8	8	8	3.8467	2.41423	0.	3.85175	153.009	0.	-4.2021e-002	0.999117	0.	-8.5	-2.40833	120.	1	
6.71518	58.8515	388	0	8	8	8	8	8	3.81621	2.5559	0.	3.82132	153.562	0.	-4.44912e-002	0.99901	0.	-8.5	-2.55	120.	1	
6.73216	58.8986	389	0	8	8	8	8	8	3.78436	2.69756	0.	3.78952	154.114	0.	-4.69612e-002	0.998897	0.	-8.5	-2.69167	120.	1	
6.7482	62.3528	390	0	8	8	8	8	8	3.75114	2.83923	0.	3.75636	154.667	0.	-4.94308e-002	0.998778	0.	-8.5	-2.83333	120.	1	
6.76518	58.8871	391	0	8	8	8	8	8	3.70949	3.12256	0.	3.71477	155.217	0.	-5.43693e-002	0.998521	0.	-17.	-3.11667	120.	1	
6.78218	58.8453	392	0	8	8	8	8	8	3.66512	3.4059	0.	3.67045	155.766	0.	-5.93064e-002	0.99824	0.	-17.	-3.4	120.	1	
6.79819	62.4621	393	0	8	8	8	8	8	3.611	3.8309	0.	3.61639	156.313	0.	-6.67093e-002	0.997772	0.	-25.5	-3.825	120.	1	
6.81516	58.929	394	0	8	8	8	8	8	3.55283	4.2559	0.	3.55828	156.86	0.	-7.41085e-002	0.99725	0.	-25.5	-4.25	120.	1	
6.8312	62.3094	395	0	8	8	8	8	8	3.48362	4.82256	0.	3.48913	157.403	0.	-8.39677e-002	0.996468	0.	-34.	-4.81667	120.	1	
6.84718	62.6144	396	0	8	8	8	8	8	3.40904	5.38923	0.	3.4146	157.946	0.	-9.38187e-002	0.995589	0.	-34.	-5.38333	120.	1	
6.86419	58.7659	397	0	8	8	8	8	8	3.32218	6.09756	0.	3.32779	158.485	0.	-0.106119	0.994353	0.	-42.5	-6.09167	120.	1	
6.8812	58.7899	398	0	8	8	8	8	8	3.22865	6.8059	0.	3.23432	159.023	0.	-0.118404	0.992966	0.	-42.5	-6.8	120.	1	
6.8982	58.8212	399	0	8	8	8	8	8	3.12848	7.51423	0.	3.13421	159.56	0.	-0.13067	0.991426	0.	-42.5	-7.50833	120.	1	
6.91519	58.8505	400	0	8	8	8	8	8	3.02169	8.22256	0.	3.02747	160.095	0.	-0.142917	0.989735	0.	-42.5	-8.21667	120.	1	
6.9312	62.4621	401	0	8	8	8	8	8	2.90828	8.9309	0.	2.91412	160.629	0.	-0.155141	0.987892	0.	-42.5	-8.925	120.	1	
6.94817	58.93	402	0	8	8	8	8	8	2.78828	9.63923	0.	2.79417	161.162	0.	-0.167342	0.985899	0.	-42.5	-9.63333	120.	1	
6.96519	58.7795	403	0	8	8	8	8	8	2.66171	10.3476	0.	2.66765	161.693	0.	-0.179518	0.983755	0.	-42.5	-10.3417	120.	1	
6.9812	62.4633	404	0	8	8	8	8	8	2.52857	11.0559	0.	2.53457	162.223	0.	-0.191666	0.98146	0.	-42.5	-11.05	120.	1	
6.9982	58.8254	405	0	8	8	8	8	8	2.3889	11.7642	0.	2.39496	162.75	0.	-0.203784	0.979016	0.	-42.5	-11.7583	120.	1	
7.01518	58.8808	406	0	8	8	8	8	8	2.24272	12.4726	0.	2.24883	163.276	0.	-0.215872	0.976422	0.	-42.5	-12.4667	120.	1	
7.03219	58.7857	407	0	8	9	8	8	8	2.12274	12.4726	0.	2.1289	163.819	0.	-0.215872	0.976422	0.	0.	-12.4667	120.	1	
7.0482	62.4774	408	0	8	9	9	8	8	2.00275	12.4726	0.	2.00897	164.361	0.	-0.215872	0.976422	0.	0.	-12.4667	120.	1	
7.0652	58.816	409	0	8	9	9	8	8	1.88277	12.4726	0.	1.88904	164.904	0.	-0.215872	0.976422	0.	0.	-12.4667	120.	1	
7.08121	62.4351	410	0	8	9	9	8	8	1.76278	12.4726	0.	1.76911	165.446	0.	-0.215872	0.976422	0.	0.	-12.4667	120.	1	
7.09819	58.908	411	0	8	9	9	8	8	1.6428	12.4726	0.	1.64919	165.989	0.	-0.215872	0.976422	0.	0.	-12.4667	120.	1	
7.1152	58.8035	412	0	8	9	9	8	9	1.52281	12.4743	0.	1.52926	166.531	0.	-0.215872	0.976422	0.	0.	-12.4667	120.	1	
7.13119	62.5199	413	0	8	9	9	8	9	1.4028	12.4743	0.	1.40933	167.074	0.	-0.215872	0.976422	0.	0.	-12.4667	120.	1	
7.14718	62.5305	414	0	8	9	9	8	9	1.2828	12.4743	0.	1.2894	167.616	0.	-0.215872	0.976422	0.	0.	-12.4667	120.	1	
7.16419	58.8024	415	0	8	9	9	8	9	1.1628	12.4743	0.	1.16947	168.159	0.	-0.215872	0.976422	0.	0.	-12.4667	120.	1	
7.18119	58.8285	416	0	9	9	9	9	9	1.0428	12.4743	0.	1.04954	168.701	0.	-0.215872	0.976422	0.	0.	-12.4667	120.	1	
7.1972	62.4668	417	0	9	9	9	9	9	0.922799	12.4743	0.	0.929613	169.243	0.	-0.215872	0.976422	0.	0.	-12.4667	120.	1	
7.21417	58.9007	418	0	9	9	9	9	9	0.802798	12.4743	0.	0.809685	169.786	0.	-0.215872	0.976422	0.	0.	-12.4667	120.	1	
7.2302	62.3845	419	0	9	9	9	9	9	0.682797	12.4743	0.	0.689756	170.328	0.	-0.215872	0.976422	0.	0.	-12.4667	120.	1	
7.24619	62.5518	420	0	9	9	9	9	9	0.562796	12.4743	0.	0.569827	170.871	0.	-0.215872	0.976422	0.	0.	-12.4667	120.	1	
7.26321	58.7607	421	0	9	9	9	9	9	0.442795	12.4743	0.	0.449899	171.413	0.	-0.215872	0.976422	0.	0.	-12.4667	120.	1	
7.27916	62.6974	422	0	9	9	9	9	9	0.322795	12.4743	0.	0.32997	171.956	0.	-0.215872	0.976422	0.	0.	-12.4667	120.	1	
7.29619	58.7284	423	0	9	9	9	9	9	0.202794	12.4743	0.	0.210041	172.498	0.	-0.215872	0.976422	0.	0.	-12.4667	120.	1	
7.31318	58.8369	424	0	9	9	9	9	9	8.27928e-002	12.4743	0.	9.01128e-002	173.041	0.	-0.215872	0.976422	0.	0.	-12.4667	120.	1	
7.3292	62.4315	425	0	9	9	9	9	9	3.72081e-002	12.4743	0.	-2.98159e-002	173.583	0.	-0.215872	0.976422	0.	0.	-12.4667	120.	1	
7.3462	58.8317	426	0	9	9	9	9	9	0.149741	12.3326	0.	-0.142277	174.125	0.	-0.213457	0.976953	0.	8.5	-12.325	120.	1	
7.36318	58.8913	427	0	9	9	9	9	9	0.260934	12.191	0.	-0.253397	174.667	0.	-0.21104	0.977477	0.	8.5	-12.1833	120.	1	
7.3792	62.4268	428	0	9	9	9	9	9	0.370786	12.0493	0.	-0.363177	175.21	0.	-0.208623	0.977996	0.	8.5	-12.0417	120.	1	
7.39621	58.7795	429	0	9	9	9	9	9	0.479296	11.9076	0.	-0.471615	175.753	0.	-0.206204	0.978509	0.	8.5	-11.9	120.	1	
7.4132	58.8662	430	0	9	9	9	9	9	0.586463	11.766	0.	-0.57871	176.296	0.	-0.203784	0.979016	0.	8.5	-11.7583	120.	1	
7.43019	58.84	431	0	9	9	9	9	9	0.692288	11.6243	0.	-0.684463	176.839	0.	-0.201363	0.979517	0.	8.5	-11.6167	120.	1	
7.4472	58.8056	432	0	9	9	9	9	9	0.796769	11.4826	0.	-0.788871	177.382	0.	-0.19894	0.980012	0.	8.5	-11.475	120.	1	
7.4642	58.8118	433	0	9	9	9	9	9	0.899906	11.341	0.	-0.891936	177.926	0.	-0.196517	0.9805	0.	8.5	-11.3333	120.	1	
7.48118	58.8965	434	0	9	9	9	9	9	1.0017	11.1993	0.	-0.993656	178.47	0.	-0.194092	0.980983	0.	8.5	-11.1917	120.	1	
7.4982	58.744	435	0	9	9	9	9	9	1.10215	11.0576	0.	-1.09403	179.015	0.	-0.191666	0.98146	0.	8.5	-11.05	120.	1	
7.5152	58.8327	436	0	9	9	9	9	9	1.20125	10.916	0.	-1.19306	179.559	0.	-0.189238	0.981931	0.	8.5	-10.9083	120.	1	
7.5312	62.5069	437	0	9	9	9	9	9	1.299	10.7743	0.	-1.29074	180.104	0.	-0.18681	0.982396	0.	8.5	-10.7667	120.	1	
7.54817	58.9321	438	0	9	9	9	9	9	1.39541	10.6326	0.	-1.38707	180.649	0.	-0.18438	0.982855	0.	8.5	-10.625	120.	1	
7.56519	58.7555	439	0	9	9	9	9	9	1.49046	10.491	0.	-1.48206	181.194	0.	-0.18195	0.983308	0.	8.5	-10.4833	120.	1	
7.58118	62.5175	440	0	9	9	9	9	9	1.58417	10.3493	0.	-1.5757	181.74	0.	-0.179518	0.983755	0.	8.5	-10.3417	120.	1	
7.59821	58.7399	441	0	9	9	9	9	9	1.67654	10.2076	0.	-1.66798	182.286	0.	-0.177085	0.984196	0.	8.5	-10.2	120.	1	
7.61522	58.7711	442	0	9	9	9	9	9	1.76755	10.066	0.	-1.75892	182.832	0.	-0.174651	0.98463	0.	8.5	-10.0583	120.	1	
7.6312	62.5919	443	0	9	9	9	9	9	1.85721	9.92429	0.	-1.84851	183.378	0.	-0.172216	0.985059	0.	8.5	-9.91667	120.	1	
7.64821	58.7878	444	0	9	9	9	9	9	1.94552	9.78263	0.	-1.93675	183.924	0.	-0.16978	0.985482	0.	8.5	-9.775	120.	1	
7.66521	58.7983	445	0	9	10	10	9	9	2.03248	9.64096	0.	-2.02364	184.471	0.	-0.167342	0.985899	0.	8.5	-9.63333	120.	1	
7.68119	62.5908	446	0	9	10	10	9	9	2.11808	9.49929	0.	-2.10917	185.018	0.	-0.164904	0.98631	0.	8.5	-9.49167	120.	1	
7.69822	58.7347	447	0	9	10	10	9	9	2.20234	9.35763	0.	-2.19335	185.565	0.	-0.162465	0.986714	0.	8.5	-9.35	120.	1	
7.71521	58.8473	448	0	9	10	10	9	9	2.28524	9.21596	0.	-2.27618	186.112	0.	-0.160025	0.987113	0.	8.5	-9.20833	120.	1	
7.73117	62.663	449	0	9	10	10	9	10	2.36679	9.07626	0.	-2.35766	186.659	0.	-0.157584	0.987506	0.	8.5	-9.06667	120.	1	
7.74821	58.6899	450	0	9	10	10	9	10	2.44701	8.93459	0.	-2.43778	187.207	0.	-0.155141	0.987892	0.	8.5	-8.925	120.	1	
7.76521	58.8223	451	0	9	10	10	9	10	2.52587	8.79293	0.	-2.51655	187.755	0.	-0.152698	0.988273	0.	8.5	-8.78333	120.	1	
7.7812	62.5352	452	0	9	10	10	9	10	2.60337	8.65126	0.	-2.59396	188.303	0.	-0.150254	0.988647	0.	8.5	-8.64167	120.	1	
7.79821	58.792	453	0	10	10	10	9	10	2.67952	8.50959	0.	-2.67002	188.851	0.	-0.147809	0.989016	0.	8.5	-8.5	120.	1	
7.81519	58.884	454	0	10	10	10	10	10	2.75431	8.36793	0.	-2.74472	189.4	0.	-0.145364	0.989378	0.	8.5	-8.35833	120.	1	
7.83119	62.4904	455	0	10	10	10	10	10	2.82775	8.22626	0.	-2.81806	189.948	0.	-0.142917	0.989735	0.	8.5	-8.21667	120.	1	
7.8482	58.7993	456	0	10	10	10	10	10	2.89242	7.94293	0.	-2.88265	190.496	0.	-0.138021	0.990429	0.	17.	-7.93333	120.	1	
7.8652	58.8233	457	0	10	10	10	10	10	2.95439	7.65959	0.	-2.94452	191.044	0.	-0.133121	0.9911	0.	17.	-7.65	120.	1	
7.8812	62.4963	458	0	10	10	10	10	10	3.00625	7.23459	0.	-2.99629	191.591	0.	-0.125766	0.99206	0.	25.5	-7.225	120.	1	
7.89818	58.8997	459	0	10	10	10	10	10	3.05405	6.80959	0.	-3.044	192.139	0.	-0.118404	0.992966	0.	25.5	-6.8	120.	1	
7.9152	58.7461	460	0	10	10	10	10	10	3.09042	6.24293	0.	-3.08027	192.685	0.	-0.108578	0.994088	0.	34.	-6.23333	120.	1	
7.9312	62.4951	461	0	10	10	10	10	10	3.12138	5.67626	0.	-3.11114	193.232	0.	-9.87408e-002	0.995113	0.	34.	-5.66667	120.	1	
7.9482	58.8275	462	0	10	10	10	10	10	3.13959	4.96793	0.	-3.12926	193.778	0.	-8.64313e-002	0.996258	0.	42.5	-4.95833	120.	1	
7.9652	58.8181	463	0	10	10	10	10	10	3.15105	4.25959	0.	-3.14063	194.324	0.	-7.41085e-002	0.99725	0.	42.5	-4.25	120.	1	
7.9822	58.8275	464	0	10	10	10	10	10	3.15576	3.55126	0.	-3.14525	194.87	0.	-6.17744e-002	0.99809	0.	42.5	-3.54167	120.	1	
7.99922	58.7618	465	0	10	10	10	10	10	3.15372	2.84293	0.	-3.14312	195.416	0.	-4.94308e-002	0.998778	0.	42.5	-2.83333	120.	1	
8.0162	58.8787	466	0	10	10	10	10	10	3.18127	2.84293	0.	-3.17058	195.971	0.	-4.94308e-002	0.998778	0.	0.	-2.83333	120.	1	
8.03222	62.4186	467	0	10	10	10	10	10	3.20883	2.84293	0.	-3.19804	196.525	0.	-4.94308e-002	0.998778	0.	0.	-2.83333	120.	1	
8.0482	62.5813	468	0	10	10	10	10	10	3.23638	2.84293	0.	-3.2255	197.08	0.	-4.94308e-002	0.998778	0.	0.	-2.83333	120.	1	
8.06521	58.8181	469	0	10	10	10	10	10	3.26394	2.84293	0.	-3.25296	197.635	0.	-4.94308e-002	0.998778	0.	0.	-2.83333	120.	1	
8.08122	62.4433	470	0	10	10	10	10	10	3.29149	2.84293	0.	-3.28043	198.19	0.	-4.94308e-002	0.998778	0.	0.	-2.83333	120.	1	
8.09821	58.8745	471	0	10	10	10	10	10	3.31905	2.84293	0.	-3.30789	198.745	0.	-4.94308e-002	0.998778	0.	0.	-2.83333	120.	1	
8.11523	58.742	472	0	10	10	10	10	10	3.3466	2.84293	0.	-3.33535	199.3	0.	-4.94308e-002	0.998778	0.	0.	-2.83333	120.	1	
8.13122	62.5376	473	0	10	10	10	10	10	3.37415	2.84293	0.	-3.36281	199.855	0.	-4.94308e-002	0.998778	0.	0.	-2.83333	120.	1	
8.14822	58.839	474	0	10	10	10	10	10	3.40171	2.84293	0.	-3.39027	200.41	0.	-4.94308e-002	0.998778	0.	0.	-2.83333	120.	1	
8.16521	58.8338	475	0	10	10	10	10	10	3.42926	2.84293	0.	-3.41773	200.964	0.	-4.94308e-002	0.998778	0.	0.	-2.83333	120.	1	
8.18121	62.5234	476	0	10	10	10	10	10	3.45682	2.84293	0.	-3.44519	201.519	0.	-4.94308e-002	0.998778	0.	0.	-2.83333	120.	1	
8.19821	58.8212	477	0	10	10	10	10	10	3.48437	2.84293	0.	-3.47266	202.074	0.	-4.94308e-002	0.998778	0.	0.	-2.83333	120.	1	
8.2152	58.8442	478	0	10	10	10	10	10	3.51193	2.84293	0.	-3.50012	202.629	0.	-4.94308e-002	0.998778	0.	0.	-2.83333	120.	1	
8.23121	62.4657	479	0	10	10	10	10	10	3.53948	2.84293	0.	-3.52758	203.184	0.	-4.94308e-002	0.998778	0.	0.	-2.83333	120.	1	
8.24823	58.7534	480	0	10	10	10	10	10	3.56704	2.84293	0.	-3.55504	203.739	0.	-4.94308e-002	0.998778	0.	0.	-2.83333	120.	1	
8.26522	58.8651	481	0	10	10	10	10	10	3.59459	2.84293	0.	-3.5825	204.294	0.	-4.94308e-002	0.998778	0.	0.	-2.83333	120.	1	
8.28121	62.5423	482	0	10	11	11	10	10	3.62215	2.84293	0.	-3.60996	204.849	0.	-4.94308e-002	0.998778	0.	0.	-2.83333	120.	1	
8.29821	58.8212	483	0	10	11	11	10	10	3.6497	2.84293	0.	-3.63743	205.403	0.	-4.94308e-002	0.998778	0.	0.	-2.83333	120.	1	
8.31522	58.7889	484	0	10	11	11	10	10	3.67725	2.84293	0.	-3.66489	205.958	0.	-4.94308e-002	0.998778	0.	0.	-2.83333	120.	1	
8.33123	62.4704	485	0	10	11	11	10	10	3.70481	2.84293	0.	-3.69235	206.513	0.	-4.94308e-002	0.998778	0.	0.	-2.83333	120.	1	
8.34821	58.886	486	0	10	11	11	10	11	3.73236	2.84514	0.	-3.71981	207.068	0.	-4.94308e-002	0.998778	0.	0.	-2.83333	120.	1	
8.36523	58.742	487	0	10	11	11	10	11	3.75995	2.84514	0.	-3.74727	207.623	0.	-4.94308e-002	0.998778	0.	0.	-2.83333	120.	1	
8.38119	62.6428	488	0	10	11	11	10	11	3.78752	2.84514	0.	-3.77473	208.178	0.	-4.94308e-002	0.998778	0.	0.	-2.83333	120.	1	
8.39822	58.743	489	0	10	11	11	10	11	3.8151	2.84514	0.	-3.8022	208.733	0.	-4.94308e-002	0.998778	0.	0.	-2.83333	120.	1	
8.41523	58.7753	490	0	11	11	11	11	11	3.84268	2.84514	0.	-3.82966	209.288	0.	-4.94308e-002	0.998778	0.	0.	-2.83333	120.	1	
8.43121	62.5931	491	0	11	11	11	11	11	3.87025	2.84514	0.	-3.85712	209.842	0.	-4.94308e-002	0.998778	0.	0.	-2.83333	120.	1	
8.44819	58.8745	492	0	11	11	11	11	11	3.89783	2.84514	0.	-3.88458	210.397	0.	-4.94308e-002	0.998778	0.	0.	-2.83333	120.	1	
8.46521	58.7649	493	0	11	11	11	11	11	3.9254	2.84514	0.	-3.91204	210.952	0.	-4.94308e-002	0.998778	0.	0.	-2.83333	120.	1	
8.4812	62.5577	494	0	11	11	11	11	11	3.95298	2.84514	0.	-3.9395	211.507	0.	-4.94308e-002	0.998778	0.	0.	-2.83333	120.	1	
8.4972	62.4645	495	0	11	11	11	11	11	3.98055	2.84514	0.	-3.96696	212.062	0.	-4.94308e-002	0.998778	0.	0.	-2.83333	120.	1	
8.51421	58.8212	496	0	11	11	11	11	11	4.00813	2.84514	0.	-3.99443	212.617	0.	-4.94308e-002	0.998778	0.	0.	-2.83333	120.	1	
8.53022	62.4362	497	0	11	11	11	11	11	4.03571	2.84514	0.	-4.02189	213.172	0.	-4.94308e-002	0.998778	0.	0.	-2.83333	120.	1	
8.54721	58.8766	498	0	11	11	11	11	11	4.06328	2.84514	0.	-4.04935	213.727	0.	-4.94308e-002	0.998778	0.	0.	-2.83333	120.	1	
8.56421	58.8056	499	0	11	11	11	11	11	4.09086	2.84514	0.	-4.07681	214.281	0.	-4.94308e-002	0.998778	0.	0.	-2.83333	120.	1	
8.5802	62.5624	500	0	11	11	11	11	11	4.11843	2.84514	0.	-4.10427	214.836	0.	-4.94308e-002	0.998778	0.	0.	-2.83333	120.	1	
8.59721	58.7659	501	0	11	11	11	11	11	4.14601	2.84514	0.	-4.13173	215.391	0.	-4.94308e-002	0.998778	0.	0.	-2.83333	120.	1	
8.6142	58.8777	502	0	11	11	11	11	11	4.17359	2.84514	0.	-4.1592	215.946	0.	-4.94308e-002	0.998778	0.	0.	-2.83333	120.	1	
8.63022	62.4151	503	0	11	11	11	11	11	4.20116	2.84514	0.	-4.18666	216.501	0.	-4.94308e-002	0.998778	0.	0.	-2.83333	120.	1	
8.64721	58.8683	504	0	11	11	11	11	11	4.22874	2.84514	0.	-4.21412	217.056	0.	-4.94308e-002	0.998778	0.	0.	-2.83333	120.	1	
8.6642	58.8515	505	0	11	11	11	11	11	4.25631	2.84514	0.	-4.24158	217.611	0.	-4.94308e-002	0.998778	0.	0.	-2.83333	120.	1	
8.6802	62.4786	506	0	11	11	11	11	11	4.28389	2.84514	0.	-4.26904	218.166	0.	-4.94308e-002	0.998778	0.	0.	-2.83333	120.	1	
8.69724	58.6878	507	0	11	11	11	11	11	4.31147	2.84514	0.	-4.2965	218.72	0.	-4.94308e-002	0.998778	0.	0.	-2.83333	120.	1	
8.71423	58.8819	508	0	11	11	11	11	11	4.33904	2.84514	0.	-4.32397	219.275	0.	-4.94308e-002	0.998778	0.	0.	-2.83333	120.	1	
8.73022	62.5069	509	0	11	11	11	11	11	4.36662	2.84514	0.	-4.35143	219.83	0.	-4.94308e-002	0.998778	0.	0.	-2.83333	120.	1	
8.74721	58.8724	510	0	11	11	11	11	11	4.39419	2.84514	0.	-4.37889	220.385	0.	-4.94308e-002	0.998778	0.	0.	-2.83333	120.	1	
8.76423	58.7357	511	0	11	11	11	11	11	4.42177	2.84514	0.	-4.40635	220.94	0.	-4.94308e-002	0.998778	0.	0.	-2.83333	120.	1	
8.78121	58.9018	512	0	11	11	11	11	11	4.44934	2.84514	0.	-4.43381	221.495	0.	-4.94308e-002	0.998778	0.	0.	-2.83333	120.	1	
8.79822	58.8045	513	0	11	11	11	11	11	4.47692	2.84514	0.	-4.46127	222.05	0.	-4.94308e-002	0.998778	0.	0.	-2.83333	120.	1	
8.81522	58.8181	514	0	11	11	11	11	11	4.5045	2.84514	0.	-4.48873	222.605	0.	-4.94308e-002	0.998778	0.	0.	-2.83333	120.	1	
8.83122	62.514	515	0	11	11	11	11	11	4.53207	2.84514	0.	-4.5162	223.16	0.	-4.94308e-002	0.998778	0.	0.	-2.83333	120.	1	
8.84818	58.9332	516	0	11	11	11	11	11	4.55965	2.84514	0.	-4.54366	223.714	0.	-4.94308e-002	0.998778	0.	0.	-2.83333	120.	1	
8.86522	58.692	517	0	11	11	11	11	11	4.58722	2.84514	0.	-4.57112	224.269	0.	-4.94308e-002	0.998778	0.	0.	-2.83333	120.	1	
8.8822	58.8997	518	0	11	12	12	11	11	4.60752	2.70347	0.	-4.5913	224.822	0.	-4.69612e-002	0.998897	0.	8.5	-2.69167	120.	1	
8.89922	58.767	519	0	11	12	12	11	11	4.62645	2.5618	0.	-4.61012	225.376	0.	-4.44912e-002	0.99901	0.	8.5	-2.55	120.	1	
8.91622	58.8244	520	0	11	12	12	11	11	4.64402	2.42014	0.	-4.62757	225.929	0.	-4.2021e-002	0.999117	0.	8.5	-2.40833	120.	1	
8.93222	62.481	521	0	11	12	12	11	11	4.66021	2.27847	0.	-4.64365	226.482	0.	-3.95505e-002	0.999218	0.	8.5	-2.26667	120.	1	
8.94924	58.7732	522	0	11	12	12	11	12	4.67504	2.13926	0.	-4.65836	227.035	0.	-3.70797e-002	0.999312	0.	8.5	-2.125	120.	1	
8.9662	58.9479	523	0	11	12	12	11	12	4.68852	1.99759	0.	-4.67171	227.589	0.	-3.46088e-002	0.999401	0.	8.5	-1.98333	120.	1	
8.98222	62.4256	524	0	11	12	12	11	12	4.70064	1.85593	0.	-4.68369	228.142	0.	-3.21376e-002	0.999483	0.	8.5	-1.84167	120.	1	
8.99922	58.8244	525	0	11	12	12	11	12	4.71139	1.71426	0.	-4.69429	228.695	0.	-2.96662e-002	0.99956	0.	8.5	-1.7	120.	1	
9.01521	62.5459	526	0	11	12	12	11	12	4.72076	1.57259	0.	-4.70353	229.249	0.	-2.71947e-002	0.99963	0.	8.5	-1.55833	120.	1	
9.03122	62.461	527	0	12	12	12	12	12	4.72877	1.43093	0.	-4.71141	229.802	0.	-2.4723e-002	0.999694	0.	8.5	-1.41667	120.	1	
9.04821	58.8536	528	0	12	12	12	12	12	4.73541	1.28926	0.	-4.71791	230.356	0.	-2.22511e-002	0.999752	0.	8.5	-1.275	120.	1	
9.06522	58.7899	529	0	12	12	12	12	12	4.74069	1.14759	0.	-4.72305	230.909	0.	-1.97791e-002	0.999804	0.	8.5	-1.13333	120.	1	
9.08119	62.6227	530	0	12	12	12	12	12	4.74459	1.00593	0.	-4.72681	231.463	0.	-1.7307e-002	0.99985	0.	8.5	-0.991667	120.	1	
9.09822	58.692	531	0	12	12	12	12	12	4.74713	0.864259	0.	-4.72921	232.016	0.	-1.48348e-002	0.99989	0.	8.5	-0.85	120.	1	
9.11522	58.8327	532	0	12	12	12	12	12	4.74829	0.722593	0.	-4.73024	232.57	0.	-1.23624e-002	0.999924	0.	8.5	-0.708333	120.	1	
9.13222	58.8411	533	0	12	12	12	12	12	4.74809	0.580926	0.	-4.7299	233.123	0.	-9.89004e-003	0.999951	0.	8.5	-0.566667	120.	1	
9.14922	58.8202	534	0	12	12	12	12	12	4.74652	0.439259	0.	-4.72819	233.677	0.	-7.41758e-003	0.999972	0.	8.5	-0.425	120.	1	
9.16621	58.8515	535	0	12	12	12	12	12	4.75078	0.439259	0.	-4.73231	234.232	0.	-7.41758e-003	0.999972	0.	0.	-0.425	120.	1	
9.18324	58.7222	536	0	12	12	12	12	12	4.75504	0.439259	0.	-4.73643	234.788	0.	-7.41758e-003	0.999972	0.	0.	-0.425	120.	1	
9.20023	58.8484	537	0	12	12	12	12	12	4.7593	0.439259	0.	-4.74056	235.343	0.	-7.41758e-003	0.999972	0.	0.	-0.425	120.	1	
9.21622	62.54	538	0	12	12	12	12	12	4.76356	0.439259	0.	-4.74468	235.899	0.	-7.41758e-003	0.999972	0.	0.	-0.425	120.	1	
9.23224	62.4374	539	0	12	12	12	12	12	4.76782	0.439259	0.	-4.7488	236.454	0.	-7.41758e-003	0.999972	0.	0.	-0.425	120.	1	
9.24922	58.8902	540	0	12	12	12	12	12	4.77208	0.439259	0.	-4.75292	237.01	0.	-7.41758e-003	0.999972	0.	0.	-0.425	120.	1	
9.2662	58.8777	541	0	12	12	12	12	12	4.77634	0.439259	0.	-4.75704	237.565	0.	-7.41758e-003	0.999972	0.	0.	-0.425	120.	1	
9.28222	62.4339	542	0	12	12	12	12	12	4.7806	0.439259	0.	-4.76116	238.121	0.	-7.41758e-003	0.999972	0.	0.	-0.425	120.	1	
9.29922	58.816	543	0	12	12	12	12	12	4.78486	0.439259	0.	-4.76528	238.676	0.	-7.41758e-003	0.999972	0.	0.	-0.425	120.	1	
9.31522	62.4951	544	0	12	12	12	12	12	4.78911	0.439259	0.	-4.7694	239.232	0.	-7.41758e-003	0.999972	0.	0.	-0.425	120.	1	
9.33123	62.4668	545	0	12	12	12	12	12	4.79337	0.439259	0.	-4.77352	239.788	0.	-7.41758e-003	0.999972	0.	0.	-0.425	120.	1	
9.34821	58.908	546	0	12	12	12	12	12	4.79763	0.439259	0.	-4.77764	240.343	0.	-7.41758e-003	0.999972	0.	0.	-0.425	120.	1	
9.36421	62.5034	547	0	12	12	12	12	12	4.80189	0.439259	0.	-4.78176	240.899	0.	-7.41758e-003	0.999972	0.	0.	-0.425	120.	1	
9.38122	58.7889	548	0	12	12	12	12	12	4.80615	0.439259	0.	-4.78588	241.454	0.	-7.41758e-003	0.999972	0.	0.	-0.425	120.	1	
9.39822	58.8045	549	0	12	12	12	12	12	4.81041	0.439259	0.	-4.79001	242.01	0.	-7.41758e-003	0.999972	0.	0.	-0.425	120.	1	
9.41423	62.4763	550	0	12	12	12	12	12	4.81467	0.439259	0.	-4.79413	242.565	0.	-7.41758e-003	0.999972	0.	0.	-0.425	120.	1	
9.43023	62.4857	551	0	12	12	12	12	12	4.81893	0.439259	0.	-4.79825	243.121	0.	-7.41758e-003	0.999972	0.	0.	-0.425	120.	1	
9.44721	58.9038	552	0	12	12	12	12	12	4.82319	0.439259	0.	-4.80237	243.676	0.	-7.41758e-003	0.999972	0.	0.	-0.425	120.	1	
9.46422	58.7774	553	0	12	12	12	12	12	4.82745	0.439259	0.	-4.80649	244.232	0.	-7.41758e-003	0.999972	0.	0.	-0.425	120.	1	
9.48123	58.7847	554	0	12	13	13	12	12	4.83171	0.439259	0.	-4.81061	244.787	0.	-7.41758e-003	0.999972	0.	0.	-0.425	120.	1	
9.49821	58.9101	555	0	12	13	13	12	12	4.83597	0.439259	0.	-4.81473	245.343	0.	-7.41758e-003	0.999972	0.	0.	-0.425	120.	1	
9.51521	58.8035	556	0	12	13	13	12	12	4.84022	0.439259	0.	-4.81885	245.898	0.	-7.41758e-003	0.999972	0.	0.	-0.425	120.	1	
9.53119	62.5766	557	0	12	13	13	12	12	4.84448	0.439259	0.	-4.82297	246.454	0.	-7.41758e-003	0.999972	0.	0.	-0.425	120.	1	
9.54823	58.7086	558	0	12	13	13	12	13	4.84874	0.441967	0.	-4.82709	247.01	0.	-7.41758e-003	0.999972	0.	0.	-0.425	120.	1	
9.56524	58.7837	559	0	12	13	13	12	13	4.85303	0.441967	0.	-4.83121	247.565	0.	-7.41758e-003	0.999972	0.	0.	-0.425	120.	1	
9.58224	58.8327	560	0	12	13	13	12	13	4.85732	0.441967	0.	-4.83534	248.121	0.	-7.41758e-003	0.999972	0.	0.	-0.425	120.	1	
9.59925	58.7795	561	0	12	13	13	12	13	4.8616	0.441967	0.	-4.83946	248.676	0.	-7.41758e-003	0.999972	0.	0.	-0.425	120.	1	
9.61621	58.9552	562	0	12	13	13	12	13	4.86589	0.441967	0.	-4.84358	249.232	0.	-7.41758e-003	0.999972	0.	0.	-0.425	120.	1	
9.63321	58.8223	563	0	13	13	13	13	13	4.87017	0.441967	0.	-4.8477	249.787	0.	-7.41758e-003	0.999972	0.	0.	-0.425	120.	1	
9.65021	58.8223	564	0	13	13	13	13	13	4.87446	0.441967	0.	-4.85182	250.343	0.	-7.41758e-003	0.999972	0.	0.	-0.425	120.	1	
9.66624	62.4045	565	0	13	13	13	13	13	4.87874	0.441967	0.	-4.85594	250.898	0.	-7.41758e-003	0.999972	0.	0.	-0.425	120.	1	
9.68321	58.9059	566	0	13	13	13	13	13	4.88303	0.441967	0.	-4.86006	251.454	0.	-7.41758e-003	0.999972	0.	0.	-0.425	120.	1	
9.70024	58.7461	567	0	13	13	13	13	13	4.88732	0.441967	0.	-4.86418	252.009	0.	-7.41758e-003	0.999972	0.	0.	-0.425	120.	1	
9.71622	62.573	568	0	13	13	13	13	13	4.8916	0.441967	0.	-4.8683	252.565	0.	-7.41758e-003	0.999972	0.	0.	-0.425	120.	1	
9.73322	58.8181	569	0	13	13	13	13	13	4.89589	0.441967	0.	-4.87242	253.121	0.	-7.41758e-003	0.999972	0.	0.	-0.425	120.	1	
9.75024	58.7555	570	0	13	13	13	13	13	4.90017	0.441967	0.	-4.87654	253.676	0.	-7.41758e-003	0.999972	0.	0.	-0.425	120.	1	
9.7662	62.6523	571	0	13	13	13	13	13	4.90446	0.441967	0.	-4.88067	254.232	0.	-7.41758e-003	0.999972	0.	0.	-0.425	120.	1	
9.78323	58.7118	572	0	13	13	13	13	13	4.90874	0.441967	0.	-4.88479	254.787	0.	-7.41758e-003	0.999972	0.	0.	-0.425	120.	1	
9.8002	58.9416	573	0	13	13	13	13	13	4.91303	0.441967	0.	-4.88891	255.343	0.	-7.41758e-003	0.999972	0.	0.	-0.425	120.	1	
9.81623	62.3716	574	0	13	13	13	13	13	4.91731	0.441967	0.	-4.89303	255.898	0.	-7.41758e-003	0.999972	0.	0.	-0.425	120.	1	
9.83323	58.8223	575	0	13	13	13	13	13	4.9216	0.441967	0.	-4.89715	256.454	0.	-7.41758e-003	0.999972	0.	0.	-0.425	120.	1	
9.85023	58.8285	576	0	13	13	13	13	13	4.92588	0.441967	0.	-4.90127	257.009	0.	-7.41758e-003	0.999972	0.	0.	-0.425	120.	1	
9.86623	62.4939	577	0	13	13	13	13	13	4.93017	0.441967	0.	-4.90539	257.565	0.	-7.41758e-003	0.999972	0.	0.	-0.425	120.	1	
9.88324	58.8066	578	0	13	13	13	13	13	4.93445	0.441967	0.	-4.90951	258.12	0.	-7.41758e-003	0.999972	0.	0.	-0.425	120.	1	
9.90023	58.8453	579	0	13	13	13	13	13	4.93874	0.441967	0.	-4.91363	258.676	0.	-7.41758e-003	0.999972	0.	0.	-0.425	120.	1	
9.91623	62.4916	580	0	13	13	13	13	13	4.94303	0.441967	0.	-4.91775	259.231	0.	-7.41758e-003	0.999972	0.	0.	-0.425	120.	1	
9.93325	58.7461	581	0	13	13	13	13	13	4.94731	0.441967	0.	-4.92187	259.787	0.	-7.41758e-003	0.999972	0.	0.	-0.425	120.	1	
9.95022	58.9563	582	0	13	13	13	13	13	4.9516	0.441967	0.	-4.92599	260.343	0.	-7.41758e-003	0.999972	0.	0.	-0.425	120.	1	
9.96622	62.481	583	0	13	13	13	13	13	4.95588	0.441967	0.	-4.93012	260.898	0.	-7.41758e-003	0.999972	0.	0.	-0.425	120.	1	
9.98224	62.4386	584	0	13	13	13	13	13	4.96017	0.441967	0.	-4.93424	261.454	0.	-7.41758e-003	0.999972	0.	0.	-0.425	120.	1	
9.99922	58.862	585	0	13	13	13	13	13	4.96445	0.441967	0.	-4.93836	262.009	0.	-7.41758e-003	0.999972	0.	0.	-0.425	120.	1	
10.0152	62.5034	586	0	13	13	13	13	13	4.96874	0.441967	0.	-4.94248	262.565	0.	-7.41758e-003	0.999972	0.	0.	-0.425	120.	1	
10.0312	62.4892	587	0	13	13	13	13	13	4.97302	0.441967	0.	-4.9466	263.12	0.	-7.41758e-003	0.999972	0.	0.	-0.425	120.	1	
10.0482	58.8056	588	0	13	13	13	13	13	4.97731	0.441967	0.	-4.95072	263.676	0.	-7.41758e-003	0.999972	0.	0.	-0.425	120.	1	
10.0652	58.7743	589	0	13	13	13	13	13	4.98159	0.441967	0.	-4.95484	264.231	0.	-7.41758e-003	0.999972	0.	0.	-0.425	120.	1	
10.0822	58.8683	590	0	13	14	14	13	13	4.98588	0.441967	0.	-4.95896	264.787	0.	-7.41758e-003	0.999972	0.	0.	-0.425	120.	1	
10.0992	58.7941	591	0	13	14	14	13	13	4.99016	0.441967	0.	-4.96308	265.342	0.	-7.41758e-003	0.999972	0.	0.	-0.425	120.	1	
10.1153	62.428	592	0	13	14	14	13	13	4.99445	0.441967	0.	-4.9672	265.898	0.	-7.41758e-003	0.999972	0.	0.	-0.425	120.	1	
10.1322	58.8756	593	0	13	14	14	13	13	4.99874	0.441967	0.	-4.97132	266.453	0.	-7.41758e-003	0.999972	0.	0.	-0.425	120.	1	
10.1492	58.8421	594	0	13	14	14	13	14	4.99582	0.303267	0.	-4.96825	267.007	0.	-4.94508e-003	0.999988	0.	8.5	-0.283333	120.	1	
10.1662	58.8014	595	0	13	14	14	13	14	4.99158	0.1616	0.	-4.9638	267.56	0.	-2.47255e-003	0.999997	0.	8.5	-0.141667	120.	1	
10.1832	58.8442	596	0	13	14	14	13	14	4.98596	1.99336e-002	0.	-4.95799	268.114	0.	7.36877e-010	1.	0.	8.5	4.22199e-008	120.	1	
10.2002	58.95	597	0	13	14	14	13	14	4.97898	-0.121733	0.	-4.95081	268.667	0.	2.47255e-003	0.999997	0.	8.5	0.141667	120.	1	
10.2162	62.3505	598	0	14	14	14	14	14	4.97062	-0.2634	0.	-4.94226	269.221	0.	4.94508e-003	0.999988	0.	8.5	0.283333	120.	1	
10.2333	58.7618	599	0	14	14	14	14	14	4.96089	-0.405066	0.	-4.93234	269.774	0.	7.41758e-003	0.999972	0.	8.5	0.425	120.	1	
10.2502	58.9647	600	0	14	14	14	14	14	4.9498	-0.546733	0.	-4.92105	270.328	0.	9.89004e-003	0.999951	0.	8.5	0.566667	120.	1	
10.2662	62.4374	601	0	14	14	14	14	14	4.93734	-0.6884	0.	-4.9084	270.881	0.	1.23624e-002	0.999924	0.	8.5	0.708333	120.	1	
10.2832	58.7878	602	0	14	14	14	14	14	4.92351	-0.830066	0.	-4.89438	271.434	0.	1.48348e-002	0.99989	0.	8.5	0.85	120.	1	
10.3002	58.8411	603	0	14	14	14	14	14	4.90831	-0.971733	0.	-4.87899	271.987	0.	1.7307e-002	0.99985	0.	8.5	0.991667	120.	1	
10.3163	62.4492	604	0	14	14	14	14	14	4.89174	-1.1134	0.	-4.86223	272.541	0.	1.97791e-002	0.999804	0.	8.5	1.13333	120.	1	
10.3333	58.7837	605	0	14	14	14	14	14	4.87381	-1.25507	0.	-4.8441	273.094	0.	2.22511e-002	0.999752	0.	8.5	1.275	120.	1	
10.3503	58.8756	606	0	14	14	14	14	14	4.8545	-1.39673	0.	-4.82461	273.647	0.	2.4723e-002	0.999694	0.	8.5	1.41667	120.	1	
10.3663	62.4998	607	0	14	14	14	14	14	4.83383	-1.5384	0.	-4.80374	274.2	0.	2.71947e-002	0.99963	0.	8.5	1.55833	120.	1	
10.3832	58.9206	608	0	14	14	14	14	14	4.8118	-1.68007	0.	-4.78151	274.753	0.	2.96662e-002	0.99956	0.	8.5	1.7	120.	1	
10.4002	58.7388	609	0	14	14	14	14	14	4.78839	-1.82173	0.	-4.75792	275.306	0.	3.21376e-002	0.999483	0.	8.5	1.84167	120.	1	
10.4162	62.6559	610	0	14	14	14	14	14	4.76362	-1.9634	0.	-4.73295	275.859	0.	3.46088e-002	0.999401	0.	8.5	1.98333	120.	1	
10.4332	58.7149	611	0	14	14	14	14	14	4.74459	-1.9634	0.	-4.71373	276.414	0.	3.46088e-002	0.999401	0.	0.	1.98333	120.	1	
10.4503	58.718	612	0	14	14	14	14	14	4.72555	-1.9634	0.	-4.6945	276.97	0.	3.46088e-002	0.999401	0.	0.	1.98333	120.	1	
10.4662	62.5837	613	0	14	14	14	14	14	4.70652	-1.9634	0.	-4.67527	277.525	0.	3.46088e-002	0.999401	0.	0.	1.98333	120.	1	
10.4832	58.8223	614	0	14	14	14	14	14	4.68748	-1.9634	0.	-4.65604	278.08	0.	3.46088e-002	0.999401	0.	0.	1.98333	120.	1	
10.5002	58.8578	615	0	14	14	14	14	14	4.66845	-1.9634	0.	-4.63682	278.635	0.	3.46088e-002	0.999401	0.	0.	1.98333	120.	1	
10.5162	62.5553	616	0	14	14	14	14	14	4.64942	-1.9634	0.	-4.61759	279.19	0.	3.46088e-002	0.999401	0.	0.	1.98333	120.	1	
10.5332	58.8264	617	0	14	14	14	14	14	4.63038	-1.9634	0.	-4.59836	279.746	0.	3.46088e-002	0.999401	0.	0.	1.98333	120.	1	
10.5502	58.7368	618	0	14	14	14	14	14	4.61135	-1.9634	0.	-4.57914	280.301	0.	3.46088e-002	0.999401	0.	0.	1.98333	120.	1	
10.5672	58.8672	619	0	14	14	14	14	14	4.59232	-1.9634	0.	-4.55991	280.856	0.	3.46088e-002	0.999401	0.	0.	1.98333	120.	1	
10.5832	62.5376	620	0	14	14	14	14	14	4.57328	-1.9634	0.	-4.54068	281.411	0.	3.46088e-002	0.999401	0.	0.	1.98333	120.	1	
10.5992	62.4327	621	0	14	14	14	14	14	4.55425	-1.9634	0.	-4.52145	281.967	0.	3.46088e-002	0.999401	0.	0.	1.98333	120.	1	
10.6153	62.4645	622	0	14	14	14	14	14	4.53521	-1.9634	0.	-4.50223	282.522	0.	3.46088e-002	0.999401	0.	0.	1.98333	120.	1	
10.6323	58.8139	623	0	14	14	14	14	14	4.51618	-1.9634	0.	-4.483	283.077	0.	3.46088e-002	0.999401	0.	0.	1.98333	120.	1	
10.6493	58.7868	624	0	14	14	14	14	14	4.49715	-1.9634	0.	-4.46377	283.632	0.	3.46088e-002	0.999401	0.	0.	1.98333	120.	1	
10.6652	62.573	625	0	14	15	15	14	14	4.47811	-1.9634	0.	-4.44455	284.187	0.	3.46088e-002	0.999401	0.	0.	1.98333	120.	1	
10.6822	58.8484	626	0	14	15	15	14	14	4.45908	-1.9634	0.	-4.42532	284.743	0.	3.46088e-002	0.999401	0.	0.	1.98333	120.	1	
10.6993	58.6941	627	0	14	15	15	14	14	4.44004	-1.9634	0.	-4.40609	285.298	0.	3.46088e-002	0.999401	0.	0.	1.98333	120.	1	
10.7153	62.605	628	0	14	15	15	14	14	4.42101	-1.9634	0.	-4.38686	285.853	0.	3.46088e-002	0.999401	0.	0.	1.98333	120.	1	
10.7322	58.8923	629	0	14	15	15	14	14	4.40198	-1.9634	0.	-4.36764	286.408	0.	3.46088e-002	0.999401	0.	0.	1.98333	120.	1	
10.7492	58.8191	630	0	14	15	15	14	15	4.38294	-1.96017	0.	-4.34841	286.964	0.	3.46088e-002	0.999401	0.	0.	1.98333	120.	1	
10.7652	62.5187	631	0	14	15	15	14	15	4.36397	-1.96017	0.	-4.32918	287.519	0.	3.46088e-002	0.999401	0.	0.	1.98333	120.	1	
10.7822	58.7565	632	0	14	15	15	14	15	4.34497	-1.96017	0.	-4.30996	288.074	0.	3.46088e-002	0.999401	0.	0.	1.98333	120.	1	
10.7993	58.7816	633	0	14	15	15	14	15	4.32596	-1.96017	0.	-4.29073	288.629	0.	3.46088e-002	0.999401	0.	0.	1.98333	120.	1	
10.8153	62.5187	634	0	15	15	15	15	15	4.30696	-1.96017	0.	-4.2715	289.184	0.	3.46088e-002	0.999401	0.	0.	1.98333	120.	1	
10.8322	58.84	635	0	15	15	15	15	15	4.28796	-1.96017	0.	-4.25227	289.74	0.	3.46088e-002	0.999401	0.	0.	1.98333	120.	1	
10.8492	58.8829	636	0	15	15	15	15	15	4.26896	-1.96017	0.	-4.23305	290.295	0.	3.46088e-002	0.999401	0.	0.	1.98333	120.	1	
10.8663	58.7503	637	0	15	15	15	15	15	4.24995	-1.96017	0.	-4.21382	290.85	0.	3.46088e-002	0.999401	0.	0.	1.98333	120.	1	
10.8832	58.8934	638	0	15	15	15	15	15	4.23095	-1.96017	0.	-4.19459	291.405	0.	3.46088e-002	0.999401	0.	0.	1.98333	120.	1	
10.9002	58.7816	639	0	15	15	15	15	15	4.21195	-1.96017	0.	-4.17537	291.961	0.	3.46088e-002	0.999401	0.	0.	1.98333	120.	1	
10.9162	62.5022	640	0	15	15	15	15	15	4.19295	-1.96017	0.	-4.15614	292.516	0.	3.46088e-002	0.999401	0.	0.	1.98333	120.	1	
10.9332	58.8798	641	0	15	15	15	15	15	4.17394	-1.96017	0.	-4.13691	293.071	0.	3.46088e-002	0.999401	0.	0.	1.98333	120.	1	
10.9503	58.7284	642	0	15	15	15	15	15	4.15494	-1.96017	0.	-4.11769	293.626	0.	3.46088e-002	0.999401	0.	0.	1.98333	120.	1	
10.9662	62.6038	643	0	15	15	15	15	15	4.13594	-1.96017	0.	-4.09846	294.181	0.	3.46088e-002	0.999401	0.	0.	1.98333	120.	1	
10.9832	58.7868	644	0	15	15	15	15	15	4.11694	-1.96017	0.	-4.07923	294.737	0.	3.46088e-002	0.999401	0.	0.	1.98333	120.	1	
11.0002	58.8066	645	0	15	15	15	15	15	4.09793	-1.96017	0.	-4.06	295.292	0.	3.46088e-002	0.999401	0.	0.	1.98333	120.	1	
11.0162	62.5506	646	0	15	15	15	15	15	4.07893	-1.96017	0.	-4.04078	295.847	0.	3.46088e-002	0.999401	0.	0.	1.98333	120.	1	
11.0332	58.7743	647	0	15	15	15	15	15	4.05993	-1.96017	0.	-4.02155	296.402	0.	3.46088e-002	0.999401	0.	0.	1.98333	120.	1	
11.0502	58.8505	648	0	15	15	15	15	15	4.04092	-1.96017	0.	-4.00232	296.958	0.	3.46088e-002	0.999401	0.	0.	1.98333	120.	1	
11.0663	62.4445	649	0	15	15	15	15	15	4.02192	-1.96017	0.	-3.9831	297.513	0.	3.46088e-002	0.999401	0.	0.	1.98333	120.	1	
11.0832	58.8463	650	0	15	15	15	15	15	4.00292	-1.96017	0.	-3.96387	298.068	0.	3.46088e-002	0.999401	0.	0.	1.98333	120.	1	
11.1002	58.8798	651	0	15	15	15	15	15	3.98392	-1.96017	0.	-3.94464	298.623	0.	3.46088e-002	0.999401	0.	0.	1.98333	120.	1	
11.1162	62.5022	652	0	15	15	15	15	15	3.96491	-1.96017	0.	-3.92541	299.178	0.	3.46088e-002	0.999401	0.	0.	1.98333	120.	1	
11.1333	58.742	653	0	15	15	15	15	15	3.94591	-1.96017	0.	-3.90619	299.734	0.	3.46088e-002	0.999401	0.	0.	1.98333	120.	1	
11.1503	58.7899	654	0	15	15	15	15	15	3.92691	-1.96017	0.	-3.88696	300.289	0.	3.46088e-002	0.999401	0.	0.	1.98333	120.	1	
11.1672	58.8787	655	0	15	15	15	15	15	3.90791	-1.96017	0.	-3.86773	300.844	0.	3.46088e-002	0.999401	0.	0.	1.98333	120.	1	
11.1843	58.8097	656	0	15	15	15	15	15	3.8889	-1.96017	0.	-3.84851	301.399	0.	3.46088e-002	0.999401	0.	0.	1.98333	120.	1	
11.2012	58.8473	657	0	15	15	15	15	15	3.8699	-1.96017	0.	-3.82928	301.955	0.	3.46088e-002	0.999401	0.	0.	1.98333	120.	1	
11.2182	58.9185	658	0	15	15	15	15	15	3.85815	-1.8185	0.	-3.8173	302.508	0.	3.21376e-002	0.999483	0.	-8.5	1.84167	120.	1	
11.2353	58.6951	659	0	15	15	15	15	15	3.84776	-1.67684	0.	-3.80669	303.061	0.	2.96662e-002	0.99956	0.	-8.5	1.7	120.	1	
11.2522	58.8913	660	0	15	15	16	15	15	3.83875	-1.53517	0.	-3.79745	303.615	0.	2.71947e-002	0.99963	0.	-8.5	1.55833	120.	1	
11.2692	58.8714	661	0	15	16	16	15	15	3.8311	-1.3935	0.	-3.78958	304.168	0.	2.4723e-002	0.999694	0.	-8.5	1.41667	120.	1	
11.2863	58.7097	662	0	15	16	16	15	15	3.82482	-1.25184	0.	-3.78308	304.722	0.	2.22511e-002	0.999752	0.	-8.5	1.275	120.	1	
11.3032	58.8704	663	0	15	16	16	15	15	3.81991	-1.11017	0.	-3.77794	305.275	0.	1.97791e-002	0.999804	0.	-8.5	1.13333	120.	1	
11.3202	58.792	664	0	15	16	16	15	15	3.81636	-0.968504	0.	-3.77418	305.829	0.	1.7307e-002	0.99985	0.	-8.5	0.991667	120.	1	
11.3373	58.7857	665	0	15	16	16	15	16	3.81419	-0.823339	0.	-3.77178	306.382	0.	1.48348e-002	0.99989	0.	-8.5	0.85	120.	1	
11.3542	58.9028	666	0	15	16	16	15	16	3.81344	-0.681673	0.	-3.77075	306.936	0.	1.23624e-002	0.999924	0.	-8.5	0.708333	120.	1	
11.3712	58.8264	667	0	15	16	16	15	16	3.81404	-0.540006	0.	-3.77109	307.489	0.	9.89004e-003	0.999951	0.	-8.5	0.566667	120.	1	
11.3882	58.816	668	0	15	16	16	15	16	3.81601	-0.398339	0.	-3.7728	308.043	0.	7.41758e-003	0.999972	0.	-8.5	0.425	120.	1	
11.4053	58.7618	669	0	16	16	16	16	16	3.81934	-0.256673	0.	-3.77587	308.596	0.	4.94508e-003	0.999988	0.	-8.5	0.283333	120.	1	
11.4222	58.8588	670	0	16	16	16	16	16	3.82404	-0.115006	0.	-3.78032	309.15	0.	2.47255e-003	0.999997	0.	-8.5	0.141667	120.	1	
11.4393	58.8003	671	0	16	16	16	16	16	3.83011	2.66606e-002	0.	-3.78613	309.703	0.	7.36877e-010	1.	0.	-8.5	4.22199e-008	120.	1	
11.4562	58.8609	672	0	16	16	16	16	16	3.83037	2.66606e-002	0.	-3.78613	310.259	0.	7.36877e-010	1.	0.	0.	4.22199e-008	120.	1	
11.4733	58.7659	673	0	16	16	16	16	16	3.83063	2.66606e-002	0.	-3.78613	310.814	0.	7.36877e-010	1.	0.	0.	4.22199e-008	120.	1	
11.4902	58.886	674	0	16	16	16	16	16	3.83089	2.66606e-002	0.	-3.78613	311.37	0.	7.36877e-010	1.	0.	0.	4.22199e-008	120.	1	
11.5062	62.5069	675	0	16	16	16	16	16	3.83115	2.66606e-002	0.	-3.78613	311.925	0.	7.36877e-010	1.	0.	0.	4.22199e-008	120.	1	
11.5223	62.4304	676	0	16	16	16	16	16	3.8314	2.66606e-002	0.	-3.78613	312.481	0.	7.36877e-010	1.	0.	0.	4.22199e-008	120.	1	
11.5393	58.84	677	0	16	16	16	16	16	3.83166	2.66606e-002	0.	-3.78613	313.036	0.	7.36877e-010	1.	0.	0.	4.22199e-008	120.	1	
11.5563	58.8097	678	0	16	16	16	16	16	3.83192	2.66606e-002	0.	-3.78613	313.592	0.	7.36877e-010	1.	0.	0.	4.22199e-008	120.	1	
11.5732	58.8808	679	0	16	16	16	16	16	3.83218	2.66606e-002	0.	-3.78613	314.147	0.	7.36877e-010	1.	0.	0.	4.22199e-008	120.	1	
11.5902	58.8139	680	0	16	16	16	16	16	3.83244	2.66606e-002	0.	-3.78613	314.703	0.	7.36877e-010	1.	0.	0.	4.22199e-008	120.	1	
11.6063	62.3974	681	0	16	16	16	16	16	3.8327	2.66606e-002	0.	-3.78613	315.259	0.	7.36877e-010	1.	0.	0.	4.22199e-008	120.	1	
11.6233	58.8432	682	0	16	16	16	16	16	3.83296	2.66606e-002	0.	-3.78613	315.814	0.	7.36877e-010	1.	0.	0.	4.22199e-008	120.	1	
11.6402	58.9018	683	0	16	16	16	16	16	3.83321	2.66606e-002	0.	-3.78613	316.37	0.	7.36877e-010	1.	0.	0.	4.22199e-008	120.	1	
11.6572	58.8223	684	0	16	16	16	16	16	3.83347	2.66606e-002	0.	-3.78613	316.925	0.	7.36877e-010	1.	0.	0.	4.22199e-008	120.	1	
11.6743	58.7628	685	0	16	16	16	16	16	3.83373	2.66606e-002	0.	-3.78613	317.481	0.	7.36877e-010	1.	0.	0.	4.22199e-008	120.	1	
11.6903	62.468	686	0	16	16	16	16	16	3.83399	2.66606e-002	0.	-3.78613	318.036	0.	7.36877e-010	1.	0.	0.	4.22199e-008	120.	1	
11.7072	58.9091	687	0	16	16	16	16	16	3.83425	2.66606e-002	0.	-3.78613	318.592	0.	7.36877e-010	1.	0.	0.	4.22199e-008	120.	1	
11.7242	58.8212	688	0	16	16	16	16	16	3.83451	2.66606e-002	0.	-3.78613	319.147	0.	7.36877e-010	1.	0.	0.	4.22199e-008	120.	1	
11.7402	62.501	689	0	16	16	16	16	16	3.83477	2.66606e-002	0.	-3.78613	319.703	0.	7.36877e-010	1.	0.	0.	4.22199e-008	120.	1	
11.7572	58.8202	690	0	16	16	16	16	16	3.83502	2.66606e-002	0.	-3.78613	320.259	0.	7.36877e-010	1.	0.	0.	4.22199e-008	120.	1	
11.7742	58.8254	691	0	16	16	16	16	16	3.83528	2.66606e-002	0.	-3.78613	320.814	0.	7.36877e-010	1.	0.	0.	4.22199e-008	120.	1	
11.7913	58.7461	692	0	16	16	16	16	16	3.83554	2.66606e-002	0.	-3.78613	321.37	0.	7.36877e-010	1.	0.	0.	4.22199e-008	120.	1	
11.8083	58.8296	693	0	16	16	16	16	16	3.8358	2.66606e-002	0.	-3.78613	321.925	0.	7.36877e-010	1.	0.	0.	4.22199e-008	120.	1	
11.8252	58.8881	694	0	16	16	16	16	16	3.83606	2.66606e-002	0.	-3.78613	322.481	0.	7.36877e-010	1.	0.	0.	4.22199e-008	120.	1	
11.8413	62.4045	695	0	16	17	17	16	16	3.83632	2.66606e-002	0.	-3.78613	323.036	0.	7.36877e-010	1.	0.	0.	4.22199e-008	120.	1	
11.8583	58.84	696	0	16	17	17	16	16	3.83657	2.66606e-002	0.	-3.78613	323.592	0.	7.36877e-010	1.	0.	0.	4.22199e-008	120.	1	
11.8752	58.8913	697	0	16	17	17	16	16	3.83683	2.66606e-002	0.	-3.78613	324.147	0.	7.36877e-010	1.	0.	0.	4.22199e-008	120.	1	
11.8922	58.8191	698	0	16	17	17	16	16	3.83709	2.66606e-002	0.	-3.78613	324.703	0.	7.36877e-010	1.	0.	0.	4.22199e-008	120.	1	
11.9092	58.8338	699	0	16	17	17	16	16	3.83735	2.66606e-002	0.	-3.78613	325.259	0.	7.36877e-010	1.	0.	0.	4.22199e-008	120.	1	
11.9262	58.816	700	0	16	17	17	16	17	3.83761	3.04316e-002	0.	-3.78613	325.814	0.	7.36877e-010	1.	0.	0.	4.22199e-008	120.	1	
11.9423	62.3751	701	0	16	17	17	16	17	3.83793	3.04316e-002	0.	-3.78613	326.37	0.	7.36877e-010	1.	0.	0.	4.22199e-008	120.	1	
11.9592	58.93	702	0	16	17	17	16	17	3.83823	3.04316e-002	0.	-3.78613	326.925	0.	7.36877e-010	1.	0.	0.	4.22199e-008	120.	1	
11.9753	62.4068	703	0	16	17	17	16	17	3.83852	3.04316e-002	0.	-3.78613	327.481	0.	7.36877e-010	1.	0.	0.	4.22199e-008	120.	1	
11.9922	58.9007	704	0	17	17	17	17	17	3.83882	3.04316e-002	0.	-3.78613	328.036	0.	7.36877e-010	1.	0.	0.	4.22199e-008	120.	1	
12.0092	58.8348	705	0	17	17	17	17	17	3.83911	3.04316e-002	0.	-3.78613	328.592	0.	7.36877e-010	1.	0.	0.	4.22199e-008	120.	1	
12.0262	58.815	706	0	17	17	17	17	17	3.83941	3.04316e-002	0.	-3.78613	329.147	0.	7.36877e-010	1.	0.	0.	4.22199e-008	120.	1	
12.0432	58.8233	707	0	17	17	17	17	17	3.8397	3.04316e-002	0.	-3.78613	329.703	0.	7.36877e-010	1.	0.	0.	4.22199e-008	120.	1	
12.0603	58.7586	708	0	17	17	17	17	17	3.84	3.04316e-002	0.	-3.78613	330.259	0.	7.36877e-010	1.	0.	0.	4.22199e-008	120.	1	
12.0772	58.8902	709	0	17	17	17	17	17	3.84029	3.04316e-002	0.	-3.78613	330.814	0.	7.36877e-010	1.	0.	0.	4.22199e-008	120.	1	
12.0943	58.7534	710	0	17	17	17	17	17	3.84059	3.04316e-002	0.	-3.78613	331.37	0.	7.36877e-010	1.	0.	0.	4.22199e-008	120.	1	
12.1112	58.8955	711	0	17	17	17	17	17	3.84089	3.04316e-002	0.	-3.78613	331.925	0.	7.36877e-010	1.	0.	0.	4.22199e-008	120.	1	
12.1282	58.8212	712	0	17	17	17	17	17	3.84118	3.04316e-002	0.	-3.78613	332.481	0.	7.36877e-010	1.	0.	0.	4.22199e-008	120.	1	
12.1453	58.7659	713	0	17	17	17	17	17	3.84148	3.04316e-002	0.	-3.78613	333.036	0.	7.36877e-010	1.	0.	0.	4.22199e-008	120.	1	
12.1622	58.8756	714	0	17	17	17	17	17	3.84177	3.04316e-002	0.	-3.78613	333.592	0.	7.36877e-010	1.	0.	0.	4.22199e-008	120.	1	
12.1793	58.7868	715	0	17	17	17	17	17	3.84207	3.04316e-002	0.	-3.78613	334.147	0.	7.36877e-010	1.	0.	0.	4.22199e-008	120.	1	
12.1963	58.8191	716	0	17	17	17	17	17	3.84236	3.04316e-002	0.	-3.78613	334.703	0.	7.36877e-010	1.	0.	0.	4.22199e-008	120.	1	
12.2133	58.7274	717	0	17	17	17	17	17	3.84266	3.04316e-002	0.	-3.78613	335.259	0.	7.36877e-010	1.	0.	0.	4.22199e-008	120.	1	
12.2303	58.8693	718	0	17	17	17	17	17	3.84295	3.04316e-002	0.	-3.78613	335.814	0.	7.36877e-010	1.	0.	0.	4.22199e-008	120.	1	
12.2463	62.5234	719	0	17	17	17	17	17	3.84325	3.04316e-002	0.	-3.78613	336.37	0.	7.36877e-010	1.	0.	0.	4.22199e-008	120.	1	
12.2633	58.7701	720	0	17	17	17	17	17	3.84354	3.04316e-002	0.	-3.78613	336.925	0.	7.36877e-010	1.	0.	0.	4.22199e-008	120.	1	
12.2803	58.884	721	0	17	17	17	17	17	3.84384	3.04316e-002	0.	-3.78613	337.481	0.	7.36877e-010	1.	0.	0.	4.22199e-008	120.	1	
12.2973	58.7805	722	0	17	17	17	17	17	3.84413	3.04316e-002	0.	-3.78613	338.036	0.	7.36877e-010	1.	0.	0.	4.22199e-008	120.	1	
12.3143	58.768	723	0	17	17	17	17	17	3.84443	3.04316e-002	0.	-3.78613	338.592	0.	7.36877e-010	1.	0.	0.	4.22199e-008	120.	1	
12.3313	58.8871	724	0	17	17	17	17	17	3.84472	3.04316e-002	0.	-3.78613	339.147	0.	7.36877e-010	1.	0.	0.	4.22199e-008	120.	1	
12.3483	58.8118	725	0	17	17	17	17	17	3.84502	3.04316e-002	0.	-3.78613	339.703	0.	7.36877e-010	1.	0.	0.	4.22199e-008	120.	1	
12.3653	58.8223	726	0	17	17	17	17	17	3.84531	3.04316e-002	0.	-3.78613	340.259	0.	7.36877e-010	1.	0.	0.	4.22199e-008	120.	1	
12.3823	58.8191	727	0	17	17	17	17	17	3.84561	3.04316e-002	0.	-3.78613	340.814	0.	7.36877e-010	1.	0.	0.	4.22199e-008	120.	1	
12.3993	58.8379	728	0	17	17	17	17	17	3.8459	3.04316e-002	0.	-3.78613	341.37	0.	7.36877e-010	1.	0.	0.	4.22199e-008	120.	1	
12.4163	58.8202	729	0	17	17	17	17	17	3.8462	3.04316e-002	0.	-3.78613	341.925	0.	7.36877e-010	1.	0.	0.	4.22199e-008	120.	1	
12.4333	58.8056	730	0	17	18	18	17	17	3.84649	3.04316e-002	0.	-3.78613	342.481	0.	7.36877e-010	1.	0.	0.	4.22199e-008	120.	1	
12.4503	58.84	731	0	17	18	18	17	17	3.84679	3.04316e-002	0.	-3.78613	343.036	0.	7.36877e-010	1.	0.	0.	4.22199e-008	120.	1	
12.4673	58.8264	732	0	17	18	18	17	17	3.84708	3.04316e-002	0.	-3.78613	343.592	0.	7.36877e-010	1.	0.	0.	4.22199e-008	120.	1	
12.4843	58.7878	733	0	17	18	18	17	17	3.84738	3.04316e-002	0.	-3.78613	344.147	0.	7.36877e-010	1.	0.	0.	4.22199e-008	120.	1	
12.5013	58.7701	734	0	17	18	18	17	18	3.84767	3.44825e-002	0.	-3.78613	344.703	0.	7.36877e-010	1.	0.	0.	4.22199e-008	120.	1	
12.5183	58.9112	735	0	17	18	18	17	18	3.84801	3.44825e-002	0.	-3.78613	345.259	0.	7.36877e-010	1.	0.	0.	4.22199e-008	120.	1	
12.5353	58.9018	736	0	17	18	18	17	18	3.84835	3.44825e-002	0.	-3.78613	345.814	0.	7.36877e-010	1.	0.	0.	4.22199e-008	120.	1	
12.5523	58.7711	737	0	17	18	18	17	18	3.84868	3.44825e-002	0.	-3.78613	346.37	0.	7.36877e-010	1.	0.	0.	4.22199e-008	120.	1	
12.5683	62.4716	738	0	17	18	18	17	18	3.84902	3.44825e-002	0.	-3.78613	346.925	0.	7.36877e-010	1.	0.	0.	4.22199e-008	120.	1	
12.5853	58.8306	739	0	18	18	18	18	18	3.84935	3.44825e-002	0.	-3.78613	347.481	0.	7.36877e-010	1.	0.	0.	4.22199e-008	120.	1	
12.6013	62.448	740	0	18	18	18	18	18	3.84968	3.44825e-002	0.	-3.78613	348.036	0.	7.36877e-010	1.	0.	0.	4.22199e-008	120.	1	
12.6183	58.7878	741	0	18	18	18	18	18	3.85002	3.44825e-002	0.	-3.78613	348.592	0.	7.36877e-010	1.	0.	0.	4.22199e-008	120.	1	
12.6353	58.8693	742	0	18	18	18	18	18	3.85035	3.44825e-002	0.	-3.78613	349.147	0.	7.36877e-010	1.	0.	0.	4.22199e-008	120.	1	
12.6523	58.8442	743	0	18	18	18	18	18	3.85069	3.44825e-002	0.	-3.78613	349.703	0.	7.36877e-010	1.	0.	0.	4.22199e-008	120.	1	
12.6693	58.9049	744	0	18	18	18	18	18	3.85102	3.44825e-002	0.	-3.78613	350.259	0.	7.36877e-010	1.	0.	0.	4.22199e-008	120.	1	
12.6863	58.6546	745	0	18	18	18	18	18	3.85136	3.44825e-002	0.	-3.78613	350.814	0.	7.36877e-010	1.	0.	0.	4.22199e-008	120.	1	
12.7033	58.8379	746	0	18	18	18	18	18	3.85169	3.44825e-002	0.	-3.78613	351.37	0.	7.36877e-010	1.	0.	0.	4.22199e-008	120.	1	
12.7203	58.9311	747	0	18	18	18	18	18	3.85203	3.44825e-002	0.	-3.78613	351.925	0.	7.36877e-010	1.	0.	0.	4.22199e-008	120.	1	
12.7373	58.791	748	0	18	18	18	18	18	3.85236	3.44825e-002	0.	-3.78613	352.481	0.	7.36877e-010	1.	0.	0.	4.22199e-008	120.	1	
12.7543	58.6245	749	0	18	18	18	18	18	3.85269	3.44825e-002	0.	-3.78613	353.036	0.	7.36877e-010	1.	0.	0.	4.22199e-008	120.	1	
12.7713	58.9269	750	0	18	18	18	18	18	3.85303	3.44825e-002	0.	-3.78613	353.592	0.	7.36877e-010	1.	0.	0.	4.22199e-008	120.	1	
12.7883	58.7889	751	0	18	18	18	18	18	3.85336	3.44825e-002	0.	-3.78613	354.147	0.	7.36877e-010	1.	0.	0.	4.22199e-008	120.	1	
12.8043	62.5116	752	0	18	18	18	18	18	3.8537	3.44825e-002	0.	-3.78613	354.703	0.	7.36877e-010	1.	0.	0.	4.22199e-008	120.	1	
12.8213	58.8704	753	0	18	18	18	18	18	3.85403	3.44825e-002	0.	-3.78613	355.259	0.	7.36877e-010	1.	0.	0.	4.22199e-008	120.	1	
12.8383	58.8191	754	0	18	18	18	18	18	3.85437	3.44825e-002	0.	-3.78613	355.814	0.	7.36877e-010	1.	0.	0.	4.22199e-008	120.	1	
12.8553	58.8191	755	0	18	18	18	18	18	3.8547	3.44825e-002	0.	-3.78613	356.37	0.	7.36877e-010	1.	0.	0.	4.22199e-008	120.	1	
12.8723	58.8024	756	0	18	18	18	18	18	3.85503	3.44825e-002	0.	-3.78613	356.925	0.	7.36877e-010	1.	0.	0.	4.22199e-008	120.	1	
12.8893	58.7232	757	0	18	18	18	18	18	3.85537	3.44825e-002	0.	-3.78613	357.481	0.	7.36877e-010	1.	0.	0.	4.22199e-008	120.	1	
12.9063	59.0056	758	0	18	18	18	18	18	3.8557	3.44825e-002	0.	-3.78613	358.036	0.	7.36877e-010	1.	0.	0.	4.22199e-008	120.	1	
12.9233	58.743	759	0	18	18	18	18	18	3.85604	3.44825e-002	0.	-3.78613	358.592	0.	7.36877e-010	1.	0.	0.	4.22199e-008	120.	1	
12.9403	58.9143	760	0	18	18	18	18	18	3.85637	3.44825e-002	0.	-3.78613	359.147	0.	7.36877e-010	1.	0.	0.	4.22199e-008	120.	1	
12.9573	58.7034	761	0	18	18	18	18	18	3.85671	3.44825e-002	0.	-3.78613	359.703	0.	7.36877e-010	1.	0.	0.	4.22199e-008	120.	1	
12.9743	58.7628	762	0	18	18	18	18	18	3.85704	3.44825e-002	0.	-3.78613	360.259	0.	7.36877e-010	1.	0.	0.	4.22199e-008	120.	1	
12.9913	59.0287	763	0	18	18	18	18	18	3.85737	3.44825e-002	0.	-3.78613	360.814	0.	7.36877e-010	1.	0.	0.	4.22199e-008	120.	1	
13.0083	58.8275	764	0	18	18	18	18	18	3.85771	3.44825e-002	0.	-3.78613	361.37	0.	7.36877e-010	1.	0.	0.	4.22199e-008	120.	1	
13.0253	58.7482	765	0	18	19	19	18	18	3.85804	3.44825e-002	0.	-3.78613	361.925	0.	7.36877e-010	1.	0.	0.	4.22199e-008	120.	1	
13.0423	58.8056	766	0	18	19	19	18	18	3.85838	3.44825e-002	0.	-3.78613	362.481	0.	7.36877e-010	1.	0.	0.	4.22199e-008	120.	1	
13.0593	58.7972	767	0	18	19	19	18	18	3.85871	3.44825e-002	0.	-3.78613	363.036	0.	7.36877e-010	1.	0.	0.	4.22199e-008	120.	1	
13.0763	58.8264	768	0	18	19	19	18	18	3.85905	3.44825e-002	0.	-3.78613	363.592	0.	7.36877e-010	1.	0.	0.	4.22199e-008	120.	1	
13.0933	58.8547	769	0	18	19	19	18	19	3.85938	3.88203e-002	0.	-3.78613	364.147	0.	7.36877e-010	1.	0.	0.	4.22199e-008	120.	1	
13.1103	58.8264	770	0	18	19	19	18	19	3.85979	3.88203e-002	0.	-3.78613	364.703	0.	7.36877e-010	1.	0.	0.	4.22199e-008	120.	1	
13.1273	58.7211	771	0	18	19	19	18	19	3.86017	3.88203e-002	0.	-3.78613	365.259	0.	7.36877e-010	1.	0.	0.	4.22199e-008	120.	1	
13.1443	58.8934	772	0	18	19	19	18	19	3.86054	3.88203e-002	0.	-3.78613	365.814	0.	7.36877e-010	1.	0.	0.	4.22199e-008	120.	1	
13.1613	58.8913	773	0	19	19	19	19	19	3.86092	3.88203e-002	0.	-3.78613	366.37	0.	7.36877e-010	1.	0.	0.	4.22199e-008	120.	1	
13.1783	58.7461	774	0	19	19	19	19	19	3.8613	3.88203e-002	0.	-3.78613	366.925	0.	7.36877e-010	1.	0.	0.	4.22199e-008	120.	1	
13.1953	58.8087	775	0	19	19	19	19	19	3.86167	3.88203e-002	0.	-3.78613	367.481	0.	7.36877e-010	1.	0.	0.	4.22199e-008	120.	1	
13.2123	58.8997	776	0	19	19	19	19	19	3.86205	3.88203e-002	0.	-3.78613	368.036	0.	7.36877e-010	1.	0.	0.	4.22199e-008	120.	1	
13.2293	58.8379	777	0	19	19	19	19	19	3.86242	3.88203e-002	0.	-3.78613	368.592	0.	7.36877e-010	1.	0.	0.	4.22199e-008	120.	1	
13.2463	58.8306	778	0	19	19	19	19	19	3.8628	3.88203e-002	0.	-3.78613	369.147	0.	7.36877e-010	1.	0.	0.	4.22199e-008	120.	1	
13.2623	62.4092	779	0	19	19	19	19	19	3.86318	3.88203e-002	0.	-3.78613	369.703	0.	7.36877e-010	1.	0.	0.	4.22199e-008	120.	1	
13.2793	58.9049	780	0	19	19	19	19	19	3.86355	3.88203e-002	0.	-3.78613	370.259	0.	7.36877e-010	1.	0.	0.	4.22199e-008	120.	1	
13.2963	58.7347	781	0	19	19	19	19	19	3.86393	3.88203e-002	0.	-3.78613	370.814	0.	7.36877e-010	1.	0.	0.	4.22199e-008	120.	1	
13.3133	58.9709	782	0	19	19	19	19	19	3.86431	3.88203e-002	0.	-3.78613	371.37	0.	7.36877e-010	1.	0.	0.	4.22199e-008	120.	1	
13.3304	58.4972	783	0	19	19	19	19	19	3.86468	3.88203e-002	0.	-3.78613	371.925	0.	7.36877e-010	1.	0.	0.	4.22199e-008	120.	1	
13.3473	59.0951	784	0	19	19	19	19	19	3.86544	3.88203e-002	0.	-3.78613	373.036	0.	7.36877e-010	1.	0.	0.	4.22199e-008	120.	1	
13.3634	62.1364	785	0	19	19	19	19	19	3.86581	3.88203e-002	0.	-3.78613	373.592	0.	7.36877e-010	1.	0.	0.	4.22199e-008	120.	1	
13.3803	59.1943	786	0	19	19	19	19	19	3.86619	3.88203e-002	0.	-3.78613	374.147	0.	7.36877e-010	1.	0.	0.	4.22199e-008	120.	1	
13.3973	58.8035	787	0	19	19	19	19	19	3.86657	3.88203e-002	0.	-3.78613	374.703	0.	7.36877e-010	1.	0.	0.	4.22199e-008	120.	1	
13.4143	58.8338	788	0	19	19	19	19	19	3.86694	3.88203e-002	0.	-3.78613	375.259	0.	7.36877e-010	1.	0.	0.	4.22199e-008	120.	1	

