Time	FPS	Frame	Crash	RB	RU	LU	LB	OC	Dither	DAngle	swAngle	OX	OY	OZ	HX	HY	HZ	HA	AccumulativeHeading(Y)	Speed	Dynamic
3.25998e-005	30675.	1	0	1	1	1	1	1	3.75	3.2898e-005	0.	-3.75	0.	0.	0.	1.	0.	0.	0.	0.	0	
0.323774	3.08888	2	0	1	1	1	1	1	3.75	3.2898e-005	0.	-3.75	0.	0.	0.	1.	0.	0.	0.	0.	0	
0.350452	37.4839	3	0	1	1	1	1	1	3.75	3.2898e-005	0.	-3.75	0.	0.	0.	1.	0.	0.	0.	0.	0	
0.36626	63.2595	4	0	1	1	1	1	1	3.75	3.2898e-005	0.	-3.75	0.	0.	0.	1.	0.	0.	0.	0.	0	
0.383261	58.8218	5	0	1	1	1	1	1	3.75	3.2898e-005	0.	-3.75	0.	0.	0.	1.	0.	0.	0.	0.	0	
0.40026	58.8238	6	0	1	1	1	1	1	3.75	3.2898e-005	0.	-3.75	0.	0.	0.	1.	0.	0.	0.	0.	0	
0.417291	58.7175	7	0	1	1	1	1	1	3.75	3.2898e-005	0.	-3.75	0.	0.	0.	1.	0.	0.	0.	0.	0	
0.434337	58.6655	8	0	1	1	1	1	1	3.75	3.2898e-005	0.	-3.75	0.	0.	0.	1.	0.	0.	0.	0.	0	
0.45136	58.7446	9	0	1	1	1	1	1	3.75	3.2898e-005	0.	-3.75	0.	0.	0.	1.	0.	0.	0.	0.	0	
0.468326	58.9411	10	0	1	1	1	1	1	3.75	3.2898e-005	0.	-3.75	0.	0.	0.	1.	0.	0.	0.	0.	0	
0.485252	59.0809	11	0	1	1	1	1	1	3.75	3.2898e-005	0.	-3.75	0.	0.	0.	1.	0.	0.	0.	0.	0	
0.502267	58.7696	12	0	1	1	1	1	1	3.75	3.2898e-005	0.	-3.75	0.	0.	0.	1.	0.	0.	0.	0.	0	
0.519299	58.7144	13	0	1	1	1	1	1	3.75	3.2898e-005	0.	-3.75	0.	0.	0.	1.	0.	0.	0.	0.	0	
0.536294	58.8416	14	0	1	1	1	1	1	3.75	3.2898e-005	0.	-3.75	0.	0.	0.	1.	0.	0.	0.	0.	0	
0.55226	62.634	15	0	1	1	1	1	1	3.75	3.2898e-005	0.	-3.75	0.	0.	0.	1.	0.	0.	0.	0.	0	
0.569302	58.6759	16	0	1	1	1	1	1	3.75	3.2898e-005	0.	-3.75	0.	0.	0.	1.	0.	0.	0.	0.	0	
0.586372	58.5846	17	0	1	1	1	1	1	3.75	3.2898e-005	0.	-3.75	0.	0.	0.	1.	0.	0.	0.	0.	0	
0.602269	62.904	18	0	1	1	1	1	1	3.75	3.2898e-005	0.	-3.75	0.	0.	0.	1.	0.	0.	0.	0.	0	
0.619315	58.6655	19	0	1	1	1	1	1	3.75	3.2898e-005	0.	-3.75	0.	0.	0.	1.	0.	0.	0.	0.	0	
0.636302	58.8677	20	0	1	1	1	1	1	3.75	3.2898e-005	0.	-3.75	0.	0.	0.	1.	0.	0.	0.	0.	0	
0.652261	62.6624	21	0	1	1	1	1	1	3.75	3.2898e-005	0.	-3.75	0.	0.	0.	1.	0.	0.	0.	0.	0	
0.668307	62.3182	22	0	1	1	1	1	1	3.75	3.2898e-005	0.	-3.75	0.	0.	0.	1.	0.	0.	0.	0.	0	
0.684298	62.537	23	0	1	1	1	1	1	3.75	3.2898e-005	0.	-3.75	0.	0.	0.	1.	0.	0.	0.	0.	0	
0.700301	62.4887	24	0	1	1	1	1	1	3.75	3.2898e-005	0.	-3.75	0.	0.	0.	1.	0.	0.	0.	0.	0	
0.716331	62.3816	25	0	1	1	1	1	1	3.75	3.2898e-005	0.	-3.75	0.	0.	0.	1.	0.	0.	0.	0.	0	
0.732311	62.5796	26	0	1	1	1	1	1	3.75	3.2898e-005	0.	-3.75	0.	0.	0.	1.	0.	0.	0.	0.	0	
0.748333	62.4122	27	0	1	1	1	1	1	3.75	3.2898e-005	0.	-3.75	0.	0.	0.	1.	0.	0.	0.	0.	0	
0.764278	62.7158	28	0	1	1	1	1	1	3.75	3.2898e-005	0.	-3.75	0.	0.	0.	1.	0.	0.	0.	0.	0	
0.781296	58.7623	29	0	1	1	1	1	1	3.75	3.2898e-005	0.	-3.75	0.	0.	0.	1.	0.	0.	0.	0.	0	
0.798296	58.8238	30	0	1	1	1	1	1	3.75	3.2898e-005	0.	-3.75	0.	0.	0.	1.	0.	0.	0.	0.	0	
0.815294	58.828	31	0	1	1	1	1	1	3.75	3.2898e-005	0.	-3.75	0.	0.	0.	1.	0.	0.	0.	0.	0	
0.832381	58.5266	32	0	1	1	1	1	1	3.75	3.2898e-005	0.	-3.75	0.	0.	0.	1.	0.	0.	0.	0.	0	
0.849297	59.1146	33	0	1	1	1	1	1	3.75	3.2898e-005	0.	-3.75	0.	0.	0.	1.	0.	0.	0.	0.	0	
0.866312	58.7727	34	0	1	1	1	1	1	3.75	3.2898e-005	0.	-3.75	0.	0.	0.	1.	0.	0.	0.	0.	0	
0.88231	62.5052	35	0	1	1	1	1	1	3.75	3.2898e-005	0.	-3.75	0.	0.	0.	1.	0.	0.	0.	0.	0	
0.899327	58.7675	36	0	1	1	1	1	1	3.75	3.2898e-005	0.	-3.75	0.	0.	0.	1.	0.	0.	0.	0.	0	
0.915309	62.5678	37	0	1	1	1	1	1	3.75	3.2898e-005	0.	-3.75	0.	0.	0.	1.	0.	0.	0.	0.	0	
0.932329	58.7539	38	0	1	1	1	1	1	3.75	3.2898e-005	0.	-3.75	0.	0.	0.	1.	0.	0.	0.	0.	0	
0.948295	62.6328	39	0	1	1	1	1	1	3.75	3.2898e-005	0.	-3.75	0.222222	0.	0.	1.	0.	0.	0.	48.	0	
0.965346	58.6489	40	0	1	1	1	1	1	3.75	3.2898e-005	0.	-3.75	0.444444	0.	0.	1.	0.	0.	0.	48.	0	
0.981302	62.6707	41	0	1	1	1	1	1	3.75	3.2898e-005	0.	-3.75	0.666667	0.	0.	1.	0.	0.	0.	48.	0	
0.998284	58.8887	42	0	1	1	1	1	1	3.75	3.2898e-005	0.	-3.75	0.888889	0.	0.	1.	0.	0.	0.	48.	0	
1.01431	62.3898	43	0	1	1	1	1	1	3.75	3.2898e-005	0.	-3.75	1.11111	0.	0.	1.	0.	0.	0.	48.	0	
1.03132	58.8124	44	0	1	1	1	1	1	3.75	3.2898e-005	0.	-3.75	1.33333	0.	0.	1.	0.	0.	0.	48.	0	
1.04826	59.0082	45	0	1	1	1	1	1	3.75	3.2898e-005	0.	-3.75	1.55556	0.	0.	1.	0.	0.	0.	48.	0	
1.0653	58.7092	46	0	1	1	1	1	1	3.75	3.2898e-005	0.	-3.75	1.77778	0.	0.	1.	0.	0.	0.	48.	0	
1.08228	58.8845	47	0	1	1	1	1	1	3.75	3.2898e-005	0.	-3.75	2.	0.	0.	1.	0.	0.	0.	48.	0	
1.09926	58.8751	48	0	1	1	1	1	1	3.75	3.2898e-005	0.	-3.75	2.22222	0.	0.	1.	0.	0.	0.	48.	0	
1.11528	62.4498	49	0	1	1	1	1	1	3.75	3.2898e-005	0.	-3.75	2.44444	0.	0.	1.	0.	0.	0.	48.	0	
1.1323	58.7362	50	0	1	1	1	1	1	3.75	3.2898e-005	0.	-3.75	2.66667	0.	0.	1.	0.	0.	0.	48.	0	
1.14826	62.6589	51	0	1	1	1	1	1	3.75	3.2898e-005	0.	-3.75	2.88889	0.	0.	1.	0.	0.	0.	48.	0	
1.1643	62.3511	52	0	1	1	1	1	1	3.75	3.2898e-005	0.	-3.75	3.11111	0.	0.	1.	0.	0.	0.	48.	0	
1.18126	58.9432	53	0	1	1	1	1	1	3.75	3.2898e-005	0.	-3.75	3.33333	0.	0.	1.	0.	0.	0.	48.	0	
1.19732	62.2831	54	0	1	1	1	1	1	3.75	3.2898e-005	0.	-3.75	3.77778	0.	0.	1.	0.	0.	0.	48.	0	
1.21333	62.4722	55	0	1	1	1	1	1	3.75	3.2898e-005	0.	-3.75	4.	0.	0.	1.	0.	0.	0.	48.	0	
1.23032	58.8332	56	0	1	1	1	1	1	3.75	3.2898e-005	0.	-3.75	4.22222	0.	0.	1.	0.	0.	0.	48.	0	
1.24632	62.5134	57	0	1	1	1	1	1	3.75	3.2898e-005	0.	-3.75	4.44444	0.	0.	1.	0.	0.	0.	48.	0	
1.26333	58.7821	58	0	1	1	1	1	1	3.75	3.2898e-005	0.	-3.75	4.66667	0.	0.	1.	0.	0.	0.	48.	0	
1.27928	62.7182	59	0	1	1	1	1	1	3.75	3.2898e-005	0.	-3.75	4.88889	0.	0.	1.	0.	0.	0.	48.	0	
1.2953	62.4204	60	0	1	1	1	1	1	3.75	3.2898e-005	0.	-3.75	5.11111	0.	0.	1.	0.	0.	0.	48.	0	
1.31132	62.3969	61	0	1	1	1	1	1	3.75	3.2898e-005	0.	-3.75	5.33333	0.	0.	1.	0.	0.	0.	48.	0	
1.32831	58.8615	62	0	1	1	1	1	1	3.75	3.2898e-005	0.	-3.75	5.55556	0.	0.	1.	0.	0.	0.	48.	0	
1.3453	58.8552	63	0	1	1	1	1	1	3.75	3.2898e-005	0.	-3.75	5.77778	0.	0.	1.	0.	0.	0.	48.	0	
1.36232	58.7779	64	0	1	1	1	1	1	3.75	3.2898e-005	0.	-3.75	6.	0.	0.	1.	0.	0.	0.	48.	0	
1.37928	58.9358	65	0	1	1	1	1	1	3.75	3.2898e-005	0.	-3.75	6.22222	0.	0.	1.	0.	0.	0.	48.	0	
1.39631	58.7227	66	0	1	1	1	1	1	3.75001	3.2898e-005	0.	-3.75	6.44444	0.	0.	1.	0.	0.	0.	48.	0	
1.41331	58.8332	67	0	1	1	1	1	1	3.75001	3.2898e-005	0.	-3.75	6.66667	0.	0.	1.	0.	0.	0.	48.	0	
1.43029	58.896	68	0	1	1	1	1	1	3.75001	3.2898e-005	0.	-3.75	6.88889	0.	0.	1.	0.	0.	0.	48.	0	
1.44731	58.7498	69	0	1	1	1	1	1	3.75001	3.2898e-005	0.	-3.75	7.11111	0.	0.	1.	0.	0.	0.	48.	0	
1.46431	58.8364	70	0	1	1	1	1	1	3.75001	3.2898e-005	0.	-3.75	7.33333	0.	0.	1.	0.	0.	0.	48.	0	
1.4813	58.8353	71	0	1	1	1	1	1	3.75001	3.2898e-005	0.	-3.75	7.55556	0.	0.	1.	0.	0.	0.	48.	0	
1.49831	58.7925	72	0	1	1	1	1	1	3.75001	3.2898e-005	0.	-3.75	7.77778	0.	0.	1.	0.	0.	0.	48.	0	
1.51531	58.8406	73	0	1	1	1	1	1	3.75001	3.2898e-005	0.	-3.75	8.	0.	0.	1.	0.	0.	0.	48.	0	
1.53232	58.7717	74	0	1	1	1	1	1	3.75001	3.2898e-005	0.	-3.75	8.22222	0.	0.	1.	0.	0.	0.	48.	0	
1.54931	58.8772	75	0	1	1	1	1	1	3.75001	3.2898e-005	0.	-3.75	8.44444	0.	0.	1.	0.	0.	0.	48.	0	
1.5663	58.8343	76	0	1	1	1	1	1	3.75001	3.2898e-005	0.	-3.75	8.66667	0.	0.	1.	0.	0.	0.	48.	0	
1.58331	58.8092	77	0	1	1	1	1	1	3.75001	3.2898e-005	0.	-3.75	8.88889	0.	0.	1.	0.	0.	0.	48.	0	
1.60031	58.8218	78	0	1	1	1	1	1	3.75001	3.2898e-005	0.	-3.75	9.11111	0.	0.	1.	0.	0.	0.	48.	0	
1.61731	58.8291	79	0	1	1	1	1	1	3.75001	3.2898e-005	0.	-3.75	9.33333	0.	0.	1.	0.	0.	0.	48.	0	
1.63429	58.8803	80	0	1	1	1	1	1	3.75001	3.2898e-005	0.	-3.75	9.55556	0.	0.	1.	0.	0.	0.	48.	0	
1.65131	58.7581	81	0	1	1	1	1	1	3.75001	3.2898e-005	0.	-3.75	9.77778	0.	0.	1.	0.	0.	0.	48.	0	
1.66829	58.8813	82	0	1	1	1	1	1	3.75001	3.2898e-005	0.	-3.75	10.	0.	0.	1.	0.	0.	0.	48.	0	
1.68528	58.8803	83	0	1	1	1	1	1	3.75001	3.2898e-005	0.	-3.75	10.2222	0.	0.	1.	0.	0.	0.	48.	0	
1.70229	58.7863	84	0	1	1	1	1	1	3.75001	3.2898e-005	0.	-3.75	10.4444	0.	0.	1.	0.	0.	0.	48.	0	
1.71932	58.7009	85	0	1	1	1	1	1	3.75001	3.2898e-005	0.	-3.75	10.6667	0.	0.	1.	0.	0.	0.	48.	0	
1.73631	58.8615	86	0	1	1	1	1	1	3.75001	3.2898e-005	0.	-3.75	10.8889	0.	0.	1.	0.	0.	0.	48.	0	
1.75332	58.7863	87	0	1	1	1	1	1	3.75001	3.2898e-005	0.	-3.75	11.1111	0.	0.	1.	0.	0.	0.	48.	0	
1.7703	58.9086	88	0	1	1	1	1	1	3.75001	3.2898e-005	0.	-3.75	11.3333	0.	0.	1.	0.	0.	0.	48.	0	
1.78731	58.7685	89	0	1	2	2	1	1	3.75001	3.2898e-005	0.	-3.75	11.5556	0.	0.	1.	0.	0.	0.	48.	0	
1.80431	58.8416	90	0	1	2	2	1	1	3.75001	3.2898e-005	0.	-3.75	11.7778	0.	0.	1.	0.	0.	0.	48.	0	
1.82128	58.9327	91	0	1	2	2	1	1	3.75001	3.2898e-005	0.	-3.75	12.	0.	0.	1.	0.	0.	0.	48.	0	
1.83832	58.6853	92	0	1	2	2	1	1	3.75001	3.2898e-005	0.	-3.75	12.2222	0.	0.	1.	0.	0.	0.	48.	0	
1.85528	58.9557	93	0	1	2	2	1	1	3.75001	3.2898e-005	0.	-3.75	12.4444	0.	0.	1.	0.	0.	0.	48.	0	
1.87231	58.7113	94	0	1	2	2	1	1	3.75001	3.2898e-005	0.	-3.75	12.6667	0.	0.	1.	0.	0.	0.	48.	0	
1.88833	62.4251	95	0	1	2	2	1	1	3.75001	3.2898e-005	0.	-3.75	12.8889	0.	0.	1.	0.	0.	0.	48.	0	
1.90533	58.8353	96	0	1	2	2	1	1	3.75001	3.2898e-005	0.	-3.75	13.1111	0.	0.	1.	0.	0.	0.	48.	0	
1.9223	58.9159	97	0	1	2	2	1	1	3.75001	3.2898e-005	0.	-3.75	13.3333	0.	0.	1.	0.	0.	0.	48.	0	
1.93932	58.7477	98	0	1	2	2	1	1	3.75001	3.2898e-005	0.	-3.75	13.5556	0.	0.	1.	0.	0.	0.	48.	0	
1.95632	58.8249	99	0	1	2	2	1	1	3.75001	3.2898e-005	0.	-3.75	13.7778	0.	0.	1.	0.	0.	0.	48.	0	
1.97333	58.7915	100	0	1	2	2	1	2	3.75001	2.34458e-004	0.	-3.75	14.	0.	0.	1.	0.	0.	0.	48.	0	
1.99033	58.8259	101	0	1	2	2	1	2	3.75001	2.34458e-004	0.	-3.75	14.2222	0.	0.	1.	0.	0.	0.	48.	0	
2.00734	58.804	102	0	1	2	2	1	2	3.75001	2.34458e-004	0.	-3.75	14.4444	0.	0.	1.	0.	0.	0.	48.	0	
2.02432	58.8793	103	0	1	2	2	1	2	3.75001	2.34458e-004	0.	-3.75	14.6667	0.	0.	1.	0.	0.	0.	48.	0	
2.0413	58.8939	104	0	1	2	2	1	2	3.75001	2.34458e-004	0.	-3.75	14.8889	0.	0.	1.	0.	0.	0.	48.	0	
2.05832	58.7508	105	0	1	2	2	1	2	3.75001	2.34458e-004	0.	-3.75	15.1111	0.	0.	1.	0.	0.	0.	48.	0	
2.0753	58.9107	106	0	1	2	2	1	2	3.75002	2.34458e-004	0.	-3.75	15.3333	0.	0.	1.	0.	0.	0.	48.	0	
2.09233	58.7206	107	0	1	2	2	1	2	3.75002	2.34458e-004	0.	-3.75	15.5556	0.	0.	1.	0.	0.	0.	48.	0	
2.10933	58.8113	108	0	1	2	2	1	2	3.75002	2.34458e-004	0.	-3.75	15.7778	0.	0.	1.	0.	0.	0.	48.	0	
2.12633	58.8238	109	0	1	2	2	1	2	3.75002	2.34458e-004	0.	-3.75	16.	0.	0.	1.	0.	0.	0.	48.	0	
2.14332	58.8479	110	0	2	2	2	2	2	3.75002	2.34458e-004	0.	-3.75	16.2222	0.	0.	1.	0.	0.	0.	48.	0	
2.16032	58.8332	111	0	2	2	2	2	2	3.75002	2.34458e-004	0.	-3.75	16.4444	0.	0.	1.	0.	0.	0.	48.	0	
2.17732	58.8238	112	0	2	2	2	2	2	3.75002	2.34458e-004	0.	-3.75	16.6667	0.	0.	1.	0.	0.	0.	48.	0	
2.19432	58.8197	113	0	2	2	2	2	2	3.75002	2.34458e-004	0.	-3.75	16.8889	0.	0.	1.	0.	0.	0.	48.	0	
2.21133	58.7842	114	0	2	2	2	2	2	3.75002	2.34458e-004	0.	-3.75	17.1111	0.	0.	1.	0.	0.	0.	48.	0	
2.22731	62.5878	115	0	2	2	2	2	2	3.75002	2.34458e-004	0.	-3.75	17.3333	0.	0.	1.	0.	0.	0.	48.	0	
2.2443	58.8751	116	0	2	2	2	2	2	3.75002	2.34458e-004	0.	-3.75	17.5556	0.	0.	1.	0.	0.	0.	48.	0	
2.26141	58.4409	117	0	2	2	2	2	2	3.75003	2.34458e-004	0.	-3.75	17.7778	0.	0.	1.	0.	0.	0.	48.	0	
2.27835	59.0345	118	0	2	2	2	2	2	3.75003	2.34458e-004	0.	-3.75	18.2222	0.	0.	1.	0.	0.	0.	48.	0	
2.29533	58.8908	119	0	2	2	2	2	2	3.75003	2.34458e-004	0.	-3.75	18.4444	0.	0.	1.	0.	0.	0.	48.	0	
2.31234	58.7915	120	1	2	2	2	2	2	3.75003	2.34458e-004	0.	-3.75	18.6667	0.	0.	1.	0.	0.	0.	48.	0	
2.32933	58.8531	121	1	2	2	2	2	2	3.75003	2.34458e-004	0.	-3.75	18.7778	0.	0.	1.	0.	0.	0.	24.	0	
2.34631	58.873	122	1	2	2	2	2	2	3.75003	2.34458e-004	0.	-3.75	18.8889	0.	0.	1.	0.	0.	0.	24.	0	
2.36333	58.7717	123	1	2	2	2	2	2	3.75003	2.34458e-004	0.	-3.75	19.1111	0.	0.	1.	0.	0.	0.	24.	0	
2.3803	58.9337	124	1	2	2	2	2	2	3.75003	2.34458e-004	0.	-3.75	19.2222	0.	0.	1.	0.	0.	0.	24.	0	
2.39733	58.6957	125	1	2	2	2	2	2	3.75003	2.34458e-004	0.	-3.75	19.3333	0.	0.	1.	0.	0.	0.	24.	0	
2.41432	58.8793	126	1	2	2	2	2	2	3.75003	2.34458e-004	0.	-3.75	19.4444	0.	0.	1.	0.	0.	0.	24.	0	
2.43137	58.625	127	1	2	2	2	2	2	3.75003	2.34458e-004	0.	-3.75	19.5556	0.	0.	1.	0.	0.	0.	24.	0	
2.44835	58.9002	128	1	2	2	2	2	2	3.75003	2.34458e-004	0.	-3.75	19.6667	0.	0.	1.	0.	0.	0.	24.	0	
2.46535	58.8249	129	1	2	2	2	2	2	3.75003	2.34458e-004	0.	-3.75	19.7778	0.	0.	1.	0.	0.	0.	24.	0	
2.48233	58.9033	130	1	2	2	2	2	2	3.75003	2.34458e-004	0.	-3.75	19.8889	0.	0.	1.	0.	0.	0.	24.	0	
2.49934	58.7842	131	1	2	2	2	2	2	3.75003	2.34458e-004	0.	-3.75	20.	0.	0.	1.	0.	0.	0.	24.	0	
2.51637	58.7362	132	1	2	2	2	2	2	3.75003	2.34458e-004	0.	-3.75	20.1111	0.	0.	1.	0.	0.	0.	24.	0	
2.53334	58.9232	133	1	2	2	2	2	2	3.75004	2.34458e-004	0.	-3.75	20.2222	0.	0.	1.	0.	0.	0.	24.	0	
2.55033	58.8426	134	1	2	2	2	2	2	3.75004	2.34458e-004	0.	-3.75	20.3333	0.	0.	1.	0.	0.	0.	24.	0	
2.56734	58.7758	135	1	2	2	2	2	2	3.75004	2.34458e-004	0.	-3.75	20.4444	0.	0.	1.	0.	0.	0.	24.	0	
2.58435	58.8228	136	0	2	2	2	2	2	3.75004	2.34458e-004	0.	-3.75	20.5556	0.	0.	1.	0.	0.	0.	24.	0	
2.60134	58.8479	137	0	2	2	2	2	2	3.75004	2.34458e-004	0.	-3.75	20.6667	0.	0.	1.	0.	0.	0.	24.	0	
2.61834	58.8207	138	0	2	2	2	2	2	3.75004	2.34458e-004	0.	-3.75	20.7778	0.	0.	1.	0.	0.	0.	24.	0	
2.6353	58.9557	139	0	2	2	2	2	2	3.75004	2.34458e-004	0.	-3.75	20.8889	0.	0.	1.	0.	0.	0.	24.	0	
2.65235	58.6582	140	0	2	2	2	2	2	3.75004	2.34458e-004	0.	-3.75	21.	0.	0.	1.	0.	0.	0.	24.	0	
2.66936	58.7925	141	0	2	2	2	2	2	3.75004	2.34458e-004	0.	-3.75	21.1111	0.	0.	1.	0.	0.	0.	24.	0	
2.68631	58.9998	142	0	2	2	2	2	2	3.75004	2.34458e-004	0.	-3.75	21.2222	0.	0.	1.	0.	0.	0.	24.	0	
2.70336	58.652	143	0	2	2	2	2	2	3.75004	2.34458e-004	0.	-3.75	21.3333	0.	0.	1.	0.	0.	0.	24.	0	
2.72036	58.8134	144	0	2	2	2	2	2	3.75004	2.34458e-004	0.	-3.75	21.4444	0.	0.	1.	0.	0.	0.	24.	0	
2.73735	58.8447	145	0	2	2	2	2	2	3.75004	2.34458e-004	0.	-3.75	21.5556	0.	0.	1.	0.	0.	0.	24.	0	
2.75435	58.8332	146	0	2	2	2	2	2	3.75004	2.34458e-004	0.	-3.75	21.6667	0.	0.	1.	0.	0.	0.	24.	0	
2.77135	58.8374	147	0	2	2	2	2	2	3.75004	2.34458e-004	0.	-3.75	21.7778	0.	0.	1.	0.	0.	0.	24.	0	
2.78834	58.8343	148	0	2	2	2	2	2	3.75004	2.34458e-004	0.	-3.75	21.8889	0.	0.	1.	0.	0.	0.	24.	0	
2.80536	58.779	149	0	2	2	2	2	2	3.75004	2.34458e-004	0.	-3.75	22.	0.	0.	1.	0.	0.	0.	24.	0	
2.82235	58.8541	150	0	2	2	2	2	2	3.75004	2.34458e-004	0.	-3.75	22.1111	0.	0.	1.	0.	0.	0.	24.	0	
2.83934	58.8479	151	0	2	2	2	2	2	3.75004	2.34458e-004	0.	-3.75	22.2222	0.	0.	1.	0.	0.	0.	24.	0	
2.85635	58.7758	152	0	2	2	2	2	2	3.75004	2.34458e-004	0.	-3.75	22.3333	0.	0.	1.	0.	0.	0.	24.	0	
2.87334	58.8688	153	0	2	2	2	2	2	3.75004	2.34458e-004	0.	-3.75	22.4444	0.	0.	1.	0.	0.	0.	24.	0	
2.89035	58.7831	154	0	2	2	2	2	2	3.75004	2.34458e-004	0.	-3.75	22.5556	0.	0.	1.	0.	0.	0.	24.	0	
2.90736	58.8144	155	0	2	2	2	2	2	3.75005	2.34458e-004	0.	-3.75	22.6667	0.	0.	1.	0.	0.	0.	24.	0	
2.92435	58.8312	156	0	2	2	2	2	2	3.75005	2.34458e-004	0.	-3.75	22.7778	0.	0.	1.	0.	0.	0.	24.	0	
2.94131	58.9673	157	0	2	2	2	2	2	3.75005	2.34458e-004	0.	-3.75	22.8889	0.	0.	1.	0.	0.	0.	24.	0	
2.95833	58.7727	158	0	2	2	2	2	2	3.75005	2.34458e-004	0.	-3.75	23.	0.	0.	1.	0.	0.	0.	24.	0	
2.9753	58.9065	159	0	2	2	2	2	2	3.75005	2.34458e-004	0.	-3.75	23.1111	0.	0.	1.	0.	0.	0.	24.	0	
2.99234	58.6832	160	0	2	2	2	2	2	3.75005	2.34458e-004	0.	-3.75	23.2222	0.	0.	1.	0.	0.	0.	24.	0	
3.00934	58.8259	161	1	2	2	2	2	2	3.75005	2.34458e-004	0.	-3.75	23.3333	0.	0.	1.	0.	0.	0.	24.	0	
3.02635	58.7842	162	1	2	2	2	2	2	3.75005	2.34458e-004	0.	-3.75	23.4444	0.	0.	1.	0.	0.	0.	24.	0	
3.04337	58.7654	163	1	2	2	2	2	2	3.75005	2.34458e-004	0.	-3.75	23.5556	0.	0.	1.	0.	0.	0.	24.	0	
3.05929	62.8121	164	1	2	2	2	2	2	3.75005	2.34458e-004	0.	-3.75	23.6667	0.	0.	1.	0.	0.	0.	24.	0	
3.07637	58.5556	165	1	2	2	2	2	2	3.75005	2.34458e-004	0.	-3.75	23.7778	0.	0.	1.	0.	0.	0.	24.	0	
3.09338	58.7957	166	1	2	2	2	2	2	3.75005	2.34458e-004	0.	-3.75	23.8889	0.	0.	1.	0.	0.	0.	24.	0	
3.11036	58.8834	167	1	2	2	2	2	2	3.75005	2.34458e-004	0.	-3.75	24.	0.	0.	1.	0.	0.	0.	24.	0	
3.12736	58.8322	168	1	2	2	2	2	2	3.75005	2.34458e-004	0.	-3.75	24.1111	0.	0.	1.	0.	0.	0.	24.	0	
3.14436	58.8207	169	1	2	2	2	2	2	3.75005	2.34458e-004	0.	-3.75	24.2222	0.	0.	1.	0.	0.	0.	24.	0	
3.16136	58.8312	170	1	2	2	2	2	2	3.75005	2.34458e-004	0.	-3.75	24.3333	0.	0.	1.	0.	0.	0.	24.	0	
3.17835	58.8552	171	1	2	2	2	2	2	3.75005	2.34458e-004	0.	-3.75	24.4444	0.	0.	1.	0.	0.	0.	24.	0	
3.19535	58.8291	172	1	2	2	2	2	2	3.75005	2.34458e-004	0.	-3.75	24.5556	0.	0.	1.	0.	0.	0.	24.	0	
3.21233	58.8667	173	1	2	2	2	2	2	3.75005	2.34458e-004	0.	-3.75	24.6667	0.	0.	1.	0.	0.	0.	24.	0	
3.22936	58.7206	174	1	2	2	2	2	2	3.75005	2.34458e-004	0.	-3.75	24.8889	0.	0.	1.	0.	0.	0.	24.	0	
3.24637	58.8061	175	1	2	2	2	2	2	3.75005	2.34458e-004	0.	-3.75	25.	0.	0.	1.	0.	0.	0.	24.	0	
3.26336	58.8552	176	1	2	2	2	2	2	3.75006	2.34458e-004	0.	-3.75	25.1111	0.	0.	1.	0.	0.	0.	24.	0	
3.28035	58.8374	177	1	2	2	2	2	2	3.75006	2.34458e-004	0.	-3.75	25.2222	0.	0.	1.	0.	0.	0.	24.	0	
3.29737	58.7685	178	0	2	2	2	2	2	3.75006	2.34458e-004	0.	-3.75	25.3333	0.	0.	1.	0.	0.	0.	24.	0	
3.31435	58.8897	179	0	2	2	2	2	2	3.75006	2.34458e-004	0.	-3.75	25.4444	0.	0.	1.	0.	0.	0.	24.	0	
3.33135	58.8155	180	0	2	2	2	2	2	3.75006	2.34458e-004	0.	-3.75	25.5556	0.	0.	1.	0.	0.	0.	24.	0	
3.34836	58.8155	181	0	2	2	2	2	2	3.75006	2.34458e-004	0.	-3.75	25.7778	0.	0.	1.	0.	0.	0.	24.	0	
3.36535	58.8406	182	0	2	2	2	2	2	3.75006	2.34458e-004	0.	-3.75	25.8889	0.	0.	1.	0.	0.	0.	24.	0	
3.38235	58.8312	183	0	2	2	2	2	2	3.75006	2.34458e-004	0.	-3.75	26.	0.	0.	1.	0.	0.	0.	24.	0	
3.39935	58.8259	184	0	2	2	2	2	2	3.75006	2.34458e-004	0.	-3.75	26.1111	0.	0.	1.	0.	0.	0.	24.	0	
3.41637	58.7498	185	0	2	2	2	2	2	3.75006	2.34458e-004	0.	-3.75	26.2222	0.	0.	1.	0.	0.	0.	24.	0	
3.43336	58.8573	186	0	2	2	2	2	2	3.75006	2.34458e-004	0.	-3.75	26.3333	0.	0.	1.	0.	0.	0.	24.	0	
3.45034	58.8813	187	0	2	2	2	2	2	3.75006	2.34458e-004	0.	-3.75	26.4444	0.	0.	1.	0.	0.	0.	24.	0	
3.46735	58.7894	188	0	2	2	2	2	2	3.75006	2.34458e-004	0.	-3.75	26.5556	0.	0.	1.	0.	0.	0.	24.	0	
3.48442	58.5825	189	0	2	2	2	2	2	3.75006	2.34458e-004	0.	-3.75	26.6667	0.	0.	1.	0.	0.	0.	24.	0	
3.50135	59.0924	190	0	2	2	2	2	2	3.75006	2.34458e-004	0.	-3.75	26.7778	0.	0.	1.	0.	0.	0.	24.	0	
3.51833	58.8918	191	0	2	2	2	2	2	3.75006	2.34458e-004	0.	-3.75	26.8889	0.	0.	1.	0.	0.	0.	24.	0	
3.53532	58.8322	192	0	2	2	2	2	2	3.75006	2.34458e-004	0.	-3.75	27.	0.	0.	1.	0.	0.	0.	24.	0	
3.55236	58.6936	193	0	2	2	2	2	2	3.75006	2.34458e-004	0.	-3.75	27.1111	0.	0.	1.	0.	0.	0.	24.	0	
3.56938	58.7623	194	0	2	2	2	2	2	3.75006	2.34458e-004	0.	-3.75	27.2222	0.	0.	1.	0.	0.	0.	24.	0	
3.58635	58.9358	195	0	2	2	2	2	2	3.75006	2.34458e-004	0.	-3.75	27.3333	0.	0.	1.	0.	0.	0.	24.	0	
3.60339	58.6769	196	0	2	2	2	2	2	3.75006	2.34458e-004	0.	-3.75	27.4444	0.	0.	1.	0.	0.	0.	24.	0	
3.62036	58.9337	197	0	2	2	2	2	2	3.75007	2.34458e-004	0.	-3.75	27.5556	0.	0.	1.	0.	0.	0.	24.	0	
3.63738	58.7581	198	0	2	3	3	2	2	3.75007	2.34458e-004	0.	-3.75	27.6667	0.	0.	1.	0.	0.	0.	24.	0	
3.65433	58.982	199	0	2	3	3	2	2	3.75007	2.34458e-004	0.	-3.75	27.7778	0.	0.	1.	0.	0.	0.	24.	0	
3.67137	58.6998	200	0	2	3	3	2	2	3.75007	2.34458e-004	0.	-3.75	27.8889	0.	0.	1.	0.	0.	0.	24.	0	
3.68842	58.6281	201	0	2	3	3	2	2	3.75007	2.34458e-004	0.	-3.75	28.	0.	0.	1.	0.	0.	0.	24.	0	
3.70538	58.9578	202	0	2	3	3	2	2	3.75007	2.34458e-004	0.	-3.75	28.1111	0.	0.	1.	0.	0.	0.	24.	0	
3.72236	58.9096	203	0	2	3	3	2	2	3.75007	2.34458e-004	0.	-3.75	28.2222	0.	0.	1.	0.	0.	0.	24.	0	
3.73936	58.8218	204	0	2	3	3	2	2	3.75007	2.34458e-004	0.	-3.75	28.3333	0.	0.	1.	0.	0.	0.	24.	0	
3.75637	58.7894	205	0	2	3	3	2	2	3.75007	2.34458e-004	0.	-3.75	28.4444	0.	0.	1.	0.	0.	0.	24.	0	
3.77335	58.8845	206	0	2	3	3	2	2	3.75007	2.34458e-004	0.	-3.75	28.5556	0.	0.	1.	0.	0.	0.	24.	0	
3.79037	58.7498	207	0	2	3	3	2	2	3.75007	2.34458e-004	0.	-3.75	28.6667	0.	0.	1.	0.	0.	0.	24.	0	
3.80738	58.8144	208	0	2	3	3	2	2	3.75007	2.34458e-004	0.	-3.75	28.7778	0.	0.	1.	0.	0.	0.	24.	0	
3.82434	58.9568	209	0	2	3	3	2	2	3.75007	2.34458e-004	0.	-3.75	28.8889	0.	0.	1.	0.	0.	0.	24.	0	
3.84138	58.6905	210	0	2	3	3	2	2	3.75007	2.34458e-004	0.	-3.75	29.	0.	0.	1.	0.	0.	0.	24.	0	
3.85838	58.8165	211	0	2	3	3	2	2	3.75007	2.34458e-004	0.	-3.75	29.1111	0.	0.	1.	0.	0.	0.	24.	0	
3.87536	58.8709	212	0	2	3	3	2	2	3.75007	2.34458e-004	0.	-3.75	29.2222	0.	0.	1.	0.	0.	0.	24.	0	
3.89236	58.8312	213	0	2	3	3	2	2	3.75007	2.34458e-004	0.	-3.75	29.3333	0.	0.	1.	0.	0.	0.	24.	0	
3.90936	58.8218	214	0	2	3	3	2	2	3.75007	2.34458e-004	0.	-3.75	29.4444	0.	0.	1.	0.	0.	0.	24.	0	
3.92638	58.7633	215	0	2	3	3	2	2	3.75007	2.34458e-004	0.	-3.75	29.5556	0.	0.	1.	0.	0.	0.	24.	0	
3.94336	58.8793	216	0	2	3	3	2	2	3.75007	2.34458e-004	0.	-3.75	29.6667	0.	0.	1.	0.	0.	0.	24.	0	
3.96036	58.827	217	0	2	3	3	2	2	3.75007	2.34458e-004	0.	-3.75	29.7778	0.	0.	1.	0.	0.	0.	24.	0	
3.97736	58.8259	218	0	2	3	3	2	2	3.75007	2.34458e-004	0.	-3.75	29.8889	0.	0.	1.	0.	0.	0.	24.	0	
3.99439	58.7217	219	0	2	3	3	2	3	3.75008	6.39908e-004	0.	-3.75	30.	0.	0.	1.	0.	0.	0.	24.	0	
4.01137	58.8866	220	0	2	3	3	2	3	3.75008	6.39908e-004	0.	-3.75	30.1111	0.	0.	1.	0.	0.	0.	24.	0	
4.02837	58.85	221	0	2	3	3	2	3	3.75008	6.39908e-004	0.	-3.75	30.2222	0.	0.	1.	0.	0.	0.	24.	0	
4.0454	58.7154	222	0	2	3	3	2	3	3.75008	6.39908e-004	0.	-3.75	30.3333	0.	0.	1.	0.	0.	0.	24.	0	
4.06238	58.8751	223	0	2	3	3	2	3	3.75008	6.39908e-004	0.	-3.75	30.4444	0.	0.	1.	0.	0.	0.	24.	0	
4.07939	58.7957	224	0	2	3	3	2	3	3.75008	6.39908e-004	0.	-3.75	30.5556	0.	0.	1.	0.	0.	0.	24.	0	
4.09639	58.8228	225	0	2	3	3	2	3	3.75008	6.39908e-004	0.	-3.75	30.6667	0.	0.	1.	0.	0.	0.	24.	0	
4.11339	58.8385	226	0	2	3	3	2	3	3.75008	6.39908e-004	0.	-3.75	30.7778	0.	0.	1.	0.	0.	0.	24.	0	
4.13041	58.7352	227	0	2	3	3	2	3	3.75009	6.39908e-004	0.	-3.75	30.8889	0.	0.	1.	0.	0.	0.	24.	0	
4.14738	58.9201	228	0	2	3	3	2	3	3.75009	6.39908e-004	0.	-3.75	31.	0.	0.	1.	0.	0.	0.	24.	0	
4.1644	58.7727	229	0	2	3	3	2	3	3.75009	6.39908e-004	0.	-3.75	31.1111	0.	0.	1.	0.	0.	0.	24.	0	
4.18138	58.8991	230	0	2	3	3	2	3	3.75009	6.39908e-004	0.	-3.75	31.2222	0.	0.	1.	0.	0.	0.	24.	0	
4.19835	58.8991	231	0	2	3	3	2	3	3.75009	6.39908e-004	0.	-3.75	31.3333	0.	0.	1.	0.	0.	0.	24.	0	
4.21538	58.7248	232	0	2	3	3	2	3	3.75009	6.39908e-004	0.	-3.75	31.4444	0.	0.	1.	0.	0.	0.	24.	0	
4.23239	58.8061	233	0	2	3	3	2	3	3.75009	6.39908e-004	0.	-3.75	31.5556	0.	0.	1.	0.	0.	0.	24.	0	
4.24938	58.8677	234	0	2	3	3	2	3	3.75009	6.39908e-004	0.	-3.75	31.6667	0.	0.	1.	0.	0.	0.	24.	0	
4.26638	58.8238	235	0	2	3	3	2	3	3.7501	6.39908e-004	0.	-3.75	31.7778	0.	0.	1.	0.	0.	0.	24.	0	
4.28337	58.8416	236	0	2	3	3	2	3	3.7501	6.39908e-004	0.	-3.75	31.8889	0.	0.	1.	0.	0.	0.	24.	0	
4.30036	58.874	237	0	2	3	3	2	3	3.7501	6.39908e-004	0.	-3.75	32.	0.	0.	1.	0.	0.	0.	24.	0	
4.3174	58.6541	238	0	2	3	3	2	3	3.7501	6.39908e-004	0.	-3.75	32.1111	0.	0.	1.	0.	0.	0.	24.	0	
4.33435	59.0282	239	0	2	3	3	2	3	3.7501	6.39908e-004	0.	-3.75	32.2222	0.	0.	1.	0.	0.	0.	24.	0	
4.35137	58.7342	240	0	3	3	3	3	3	3.7501	6.39908e-004	0.	-3.75	32.3333	0.	0.	1.	0.	0.	0.	24.	0	
4.36838	58.7863	241	0	3	3	3	3	3	3.7501	6.39908e-004	0.	-3.75	32.4444	0.	0.	1.	0.	0.	0.	24.	0	
4.38536	58.8908	242	0	3	3	3	3	3	3.7501	6.39908e-004	0.	-3.75	32.5556	0.	0.	1.	0.	0.	0.	24.	0	
4.40238	58.7769	243	0	3	3	3	3	3	3.75011	6.39908e-004	0.	-3.75	32.6667	0.	0.	1.	0.	0.	0.	24.	0	
4.41936	58.8667	244	0	3	3	3	3	3	3.75011	6.39908e-004	0.	-3.75	32.7778	0.	0.	1.	0.	0.	0.	24.	0	
4.43639	58.7362	245	0	3	3	3	3	3	3.75011	6.39908e-004	0.	-3.75	32.8889	0.	0.	1.	0.	0.	0.	24.	0	
4.45337	58.8803	246	0	3	3	3	3	3	3.75011	6.39908e-004	0.	-3.75	33.	0.	0.	1.	0.	0.	0.	24.	0	
4.47036	58.8709	247	0	3	3	3	3	3	3.75011	6.39908e-004	0.	-3.75	33.1111	0.	0.	1.	0.	0.	0.	24.	0	
4.48738	58.7612	248	0	3	3	3	3	3	3.75011	6.39908e-004	0.	-3.75	33.2222	0.	0.	1.	0.	0.	0.	24.	0	
4.50438	58.8291	249	0	3	3	3	3	3	3.75011	6.39908e-004	0.	-3.75	33.3333	0.	0.	1.	0.	0.	0.	24.	0	
4.52137	58.8312	250	0	3	3	3	3	3	3.75011	6.39908e-004	0.	-3.75	33.4444	0.	0.	1.	0.	0.	0.	24.	0	
4.53838	58.8082	251	0	3	3	3	3	3	3.75012	6.39908e-004	0.	-3.75	33.5556	0.	0.	1.	0.	0.	0.	24.	0	
4.55538	58.828	252	0	3	3	3	3	3	3.75012	6.39908e-004	0.	-3.75	33.6667	0.	0.	1.	0.	0.	0.	24.	0	
4.5724	58.7477	253	0	3	3	3	3	3	3.75012	6.39908e-004	0.	-3.75	33.7778	0.	0.	1.	0.	0.	0.	24.	0	
4.58939	58.8468	254	0	3	3	3	3	3	3.75012	6.39908e-004	0.	-3.75	33.8889	0.	0.	1.	0.	0.	0.	24.	0	
4.6064	58.7873	255	0	3	3	3	3	3	3.75012	6.39908e-004	0.	-3.75	34.	0.	0.	1.	0.	0.	0.	24.	0	
4.62338	58.9075	256	0	3	3	3	3	3	3.75012	6.39908e-004	0.	-3.75	34.1111	0.	0.	1.	0.	0.	0.	24.	0	
4.64038	58.8218	257	0	3	3	3	3	3	3.75012	6.39908e-004	0.	-3.75	34.2222	0.	0.	1.	0.	0.	0.	24.	0	
4.65738	58.8092	258	0	3	3	3	3	3	3.75013	6.39908e-004	0.	-3.75	34.4444	0.	0.	1.	0.	0.	0.	24.	0	
4.67438	58.8301	259	0	3	3	3	3	3	3.75013	6.39908e-004	0.	-3.75	34.5556	0.	0.	1.	0.	0.	0.	24.	0	
4.69139	58.804	260	0	3	3	3	3	3	3.75013	6.39908e-004	0.	-3.75	34.6667	0.	0.	1.	0.	0.	0.	24.	0	
4.70839	58.8197	261	0	3	3	3	3	3	3.75013	6.39908e-004	0.	-3.75	34.7778	0.	0.	1.	0.	0.	0.	24.	0	
4.72439	62.504	262	0	3	3	3	3	3	3.75013	6.39908e-004	0.	-3.75	34.8889	0.	0.	1.	0.	0.	0.	24.	0	
4.74137	58.8646	263	0	3	3	3	3	3	3.75013	6.39908e-004	0.	-3.75	35.	0.	0.	1.	0.	0.	0.	24.	0	
4.75839	58.756	264	0	3	3	3	3	3	3.75013	6.39908e-004	0.	-3.75	35.1111	0.	0.	1.	0.	0.	0.	24.	0	
4.77539	58.8301	265	0	3	3	3	3	3	3.75014	6.39908e-004	0.	-3.75	35.3333	0.	0.	1.	0.	0.	0.	24.	0	
4.79236	58.9515	266	0	3	3	3	3	3	3.75014	6.39908e-004	0.	-3.75	35.4444	0.	0.	1.	0.	0.	0.	24.	0	
4.80841	62.2866	267	0	3	3	3	3	3	3.75014	6.39908e-004	0.	-3.75	35.5556	0.	0.	1.	0.	0.	0.	24.	0	
4.8244	62.5536	268	0	3	3	3	3	3	3.75014	6.39908e-004	0.	-3.75	35.6667	0.	0.	1.	0.	0.	0.	24.	0	
4.84139	58.8343	269	0	3	3	3	3	3	3.75014	6.39908e-004	0.	-3.75	35.7778	0.	0.	1.	0.	0.	0.	24.	0	
4.85739	62.4981	270	0	3	3	3	3	3	3.75014	6.39908e-004	0.	-3.75	35.8889	0.	0.	1.	0.	0.	0.	24.	0	
4.8744	58.804	271	0	3	3	3	3	3	3.75014	6.39908e-004	0.	-3.75	36.	0.	0.	1.	0.	0.	0.	24.	0	
4.89039	62.5536	272	0	3	3	3	3	3	3.75014	6.39908e-004	0.	-3.75	36.1111	0.	0.	1.	0.	0.	0.	24.	0	
4.90639	62.4887	273	0	3	3	3	3	3	3.75015	6.39908e-004	0.	-3.75	36.2222	0.	0.	1.	0.	0.	0.	24.	0	
4.92239	62.5052	274	0	3	3	3	3	3	3.75015	6.39908e-004	0.	-3.75	36.3333	0.	0.	1.	0.	0.	0.	24.	0	
4.93839	62.4934	275	0	3	3	3	3	3	3.75015	6.39908e-004	0.	-3.75	36.4444	0.	0.	1.	0.	0.	0.	24.	0	
4.95439	62.5075	276	0	3	3	3	3	3	3.75015	6.39908e-004	0.	-3.75	36.5556	0.	0.	1.	0.	0.	0.	24.	0	
4.97139	58.8228	277	0	3	3	3	3	3	3.75015	6.39908e-004	0.	-3.75	36.6667	0.	0.	1.	0.	0.	0.	24.	0	
4.98739	62.5017	278	0	3	3	3	3	3	3.75015	6.39908e-004	0.	-3.75	36.7778	0.	0.	1.	0.	0.	0.	24.	0	
5.0044	58.7894	279	0	3	3	3	3	3	3.75015	6.39908e-004	0.	-3.75	36.8889	0.	0.	1.	0.	0.	0.	24.	0	
5.02041	62.4322	280	0	3	3	3	3	3	3.75015	6.39908e-004	0.	-3.75	37.	0.	0.	1.	0.	0.	0.	24.	0	
5.03639	62.6127	281	0	3	3	3	3	3	3.75016	6.39908e-004	0.	-3.75	37.1111	0.	0.	1.	0.	0.	0.	24.	0	
5.05239	62.4745	282	0	3	3	3	3	3	3.75016	6.39908e-004	0.	-3.75	37.2222	0.	0.	1.	0.	0.	0.	24.	0	
5.06936	58.919	283	0	3	3	3	3	3	3.75016	6.39908e-004	0.	-3.75	37.3333	0.	0.	1.	0.	0.	0.	24.	0	
5.08539	62.4051	284	0	3	3	3	3	3	3.75016	6.39908e-004	0.	-3.75	37.4444	0.	0.	1.	0.	0.	0.	24.	0	
5.10237	58.8813	285	0	3	3	3	3	3	3.75016	6.39908e-004	0.	-3.75	37.5556	0.	0.	1.	0.	0.	0.	24.	0	
5.11936	58.8667	286	0	3	3	3	3	3	3.75016	6.39908e-004	0.	-3.75	37.6667	0.	0.	1.	0.	0.	0.	24.	0	
5.13642	58.6178	287	0	3	3	3	3	3	3.75016	6.39908e-004	0.	-3.75	37.7778	0.	0.	1.	0.	0.	0.	24.	0	
5.15339	58.9232	288	0	3	3	3	3	3	3.75016	6.39908e-004	0.	-3.75	37.8889	0.	0.	1.	0.	0.	0.	24.	0	
5.1704	58.7988	289	0	3	3	3	3	3	3.75017	6.39908e-004	0.	-3.75	38.	0.	0.	1.	0.	0.	0.	24.	0	
5.18641	62.4628	290	0	3	3	3	3	3	3.75017	6.39908e-004	0.	-3.75	38.1111	0.	0.	1.	0.	0.	0.	24.	0	
5.20339	58.8698	291	0	3	3	3	3	3	3.75017	6.39908e-004	0.	-3.75	38.2222	0.	0.	1.	0.	0.	0.	24.	0	
5.2204	58.8061	292	0	3	3	3	3	3	3.75017	6.39908e-004	0.	-3.75	38.3333	0.	0.	1.	0.	0.	0.	24.	0	
5.2374	58.8144	293	0	3	3	3	3	3	3.75017	6.39908e-004	0.	-3.75	38.4444	0.	0.	1.	0.	0.	0.	24.	0	
5.25339	62.5311	294	0	3	3	3	3	3	3.75017	6.39908e-004	0.	-3.75	38.5556	0.	0.	1.	0.	0.	0.	24.	0	
5.27039	58.8238	295	0	3	3	3	3	3	3.75017	6.39908e-004	0.	-3.75	38.6667	0.	0.	1.	0.	0.	0.	24.	0	
5.2864	62.4922	296	0	3	3	3	3	3	3.75017	6.39908e-004	0.	-3.75	38.7778	0.	0.	1.	0.	0.	0.	24.	0	
5.30341	58.7894	297	0	3	3	3	3	3	3.75018	6.39908e-004	0.	-3.75	38.8889	0.	0.	1.	0.	0.	0.	24.	0	
5.32041	58.8228	298	0	3	3	3	3	3	3.75018	6.39908e-004	0.	-3.75	39.	0.	0.	1.	0.	0.	0.	24.	0	
5.33743	58.7456	299	0	3	3	3	3	3	3.75018	6.39908e-004	0.	-3.75	39.1111	0.	0.	1.	0.	0.	0.	24.	0	
5.35341	62.589	300	0	3	3	3	3	3	3.75018	6.39908e-004	0.	-3.75	39.2222	0.	0.	1.	0.	0.	0.	24.	0	
5.37041	58.8124	301	0	3	3	3	3	3	3.75018	6.39908e-004	0.	-3.75	39.3333	0.	0.	1.	0.	0.	0.	24.	0	
5.38737	58.9411	302	0	3	3	3	3	3	3.75018	6.39908e-004	0.	-3.75	39.4444	0.	0.	1.	0.	0.	0.	24.	0	
5.40441	58.7144	303	0	3	3	3	3	3	3.75018	6.39908e-004	0.	-3.75	39.5556	0.	0.	1.	0.	0.	0.	24.	0	
5.42141	58.8186	304	0	3	3	3	3	3	3.75018	6.39908e-004	0.	-3.75	39.6667	0.	0.	1.	0.	0.	0.	24.	0	
5.43839	58.8866	305	0	3	3	3	3	3	3.75019	6.39908e-004	0.	-3.75	39.7778	0.	0.	1.	0.	0.	0.	24.	0	
5.45542	58.7071	306	0	3	3	3	3	3	3.75019	6.39908e-004	0.	-3.75	39.8889	0.	0.	1.	0.	0.	0.	24.	0	
5.4724	58.9002	307	0	3	3	3	3	3	3.75019	6.39908e-004	0.	-3.75	40.	0.	0.	1.	0.	0.	0.	24.	0	
5.4894	58.8249	308	0	3	3	3	3	3	3.75019	6.39908e-004	0.	-3.75	40.1111	0.	0.	1.	0.	0.	0.	24.	0	
5.50641	58.779	309	0	3	3	3	3	3	3.75019	6.39908e-004	0.	-3.75	40.2222	0.	0.	1.	0.	0.	0.	24.	0	
5.52341	58.8489	310	0	3	3	3	3	3	3.75019	6.39908e-004	0.	-3.75	40.3333	0.	0.	1.	0.	0.	0.	24.	0	
5.5404	58.8594	311	0	3	3	3	3	3	3.75019	6.39908e-004	0.	-3.75	40.4444	0.	0.	1.	0.	0.	0.	24.	0	
5.55742	58.756	312	0	3	3	3	3	3	3.75019	6.39908e-004	0.	-3.75	40.5556	0.	0.	1.	0.	0.	0.	24.	0	
5.57439	58.8991	313	0	3	3	3	3	3	3.7502	6.39908e-004	0.	-3.75	40.6667	0.	0.	1.	0.	0.	0.	24.	0	
5.59141	58.7592	314	0	3	3	3	3	3	3.7502	6.39908e-004	0.	-3.75	40.8889	0.	0.	1.	0.	0.	0.	24.	0	
5.6074	62.5347	315	0	3	3	3	3	3	3.7502	6.39908e-004	0.	-3.75	41.	0.	0.	1.	0.	0.	0.	24.	0	
5.62437	58.9295	316	0	3	3	3	3	3	3.7502	6.39908e-004	0.	-3.75	41.1111	0.	0.	1.	0.	0.	0.	24.	0	
5.64137	58.8238	317	0	3	3	3	3	3	3.7502	6.39908e-004	0.	-3.75	41.2222	0.	0.	1.	0.	0.	0.	24.	0	
5.6584	58.7414	318	0	3	3	3	3	3	3.7502	6.39908e-004	0.	-3.75	41.3333	0.	0.	1.	0.	0.	0.	24.	0	
5.67542	58.7529	319	0	3	3	3	3	3	3.7502	6.39908e-004	0.	-3.75	41.5556	0.	0.	1.	0.	0.	0.	24.	0	
5.6924	58.8709	320	0	3	3	3	3	3	3.75021	6.39908e-004	0.	-3.75	41.6667	0.	0.	1.	0.	0.	0.	24.	0	
5.70941	58.8165	321	0	3	3	3	3	3	3.75021	6.39908e-004	0.	-3.75	41.7778	0.	0.	1.	0.	0.	0.	24.	0	
5.72639	58.8636	322	0	3	3	3	3	3	3.75021	6.39908e-004	0.	-3.75	41.8889	0.	0.	1.	0.	0.	0.	24.	0	
5.7434	58.7863	323	0	3	3	3	3	3	3.75021	6.39908e-004	0.	-3.75	42.	0.	0.	1.	0.	0.	0.	24.	0	
5.75942	62.4439	324	0	3	3	3	3	3	3.75021	6.39908e-004	0.	-3.75	42.1111	0.	0.	1.	0.	0.	0.	24.	0	
5.77639	58.9211	325	0	3	3	3	3	3	3.75021	6.39908e-004	0.	-3.75	42.2222	0.	0.	1.	0.	0.	0.	24.	0	
5.79343	58.7029	326	0	3	3	3	3	3	3.75021	6.39908e-004	0.	-3.75	42.3333	0.	0.	1.	0.	0.	0.	24.	0	
5.81043	58.8134	327	0	3	3	3	3	3	3.75021	6.39908e-004	0.	-3.75	42.4444	0.	0.	1.	0.	0.	0.	24.	0	
5.8274	58.9054	328	0	3	3	3	3	3	3.75022	6.39908e-004	0.	-3.75	42.5556	0.	0.	1.	0.	0.	0.	24.	0	
5.84441	58.8144	329	0	3	3	3	3	3	3.75022	6.39908e-004	0.	-3.75	42.6667	0.	0.	1.	0.	0.	0.	24.	0	
5.8614	58.8531	330	0	3	3	3	3	3	3.75022	6.39908e-004	0.	-3.75	42.7778	0.	0.	1.	0.	0.	0.	24.	0	
5.87838	58.8845	331	0	3	3	3	3	3	3.75022	6.39908e-004	0.	-3.75	43.	0.	0.	1.	0.	0.	0.	24.	0	
5.89543	58.6479	332	0	3	3	3	3	3	3.75022	6.39908e-004	0.	-3.75	43.1111	0.	0.	1.	0.	0.	0.	24.	0	
5.91242	58.8688	333	0	3	3	3	3	3	3.75022	6.39908e-004	0.	-3.75	43.2222	0.	0.	1.	0.	0.	0.	24.	0	
5.92942	58.8385	334	0	3	3	3	3	3	3.75022	6.39908e-004	0.	-3.75	43.3333	0.	0.	1.	0.	0.	0.	24.	0	
5.94642	58.804	335	0	3	3	3	3	3	3.75023	6.39908e-004	0.	-3.75	43.4444	0.	0.	1.	0.	0.	0.	24.	0	
5.96342	58.8291	336	0	3	4	4	3	3	3.75023	6.39908e-004	0.	-3.75	43.6667	0.	0.	1.	0.	0.	0.	24.	0	
5.9804	58.874	337	0	3	4	4	3	3	3.75023	6.39908e-004	0.	-3.75	43.7778	0.	0.	1.	0.	0.	0.	24.	0	
5.99741	58.8082	338	0	3	4	4	3	3	3.75023	6.39908e-004	0.	-3.75	43.8889	0.	0.	1.	0.	0.	0.	24.	0	
6.0144	58.8636	339	0	3	4	4	3	3	3.75023	6.39908e-004	0.	-3.75	44.	0.	0.	1.	0.	0.	0.	24.	0	
6.03143	58.7217	340	0	3	4	4	3	3	3.75023	6.39908e-004	0.	-3.75	44.1111	0.	0.	1.	0.	0.	0.	24.	0	
6.04841	58.8709	341	0	3	4	4	3	3	3.75023	6.39908e-004	0.	-3.75	44.2222	0.	0.	1.	0.	0.	0.	24.	0	
6.06541	58.8385	342	0	3	4	4	3	3	3.75024	6.39908e-004	0.	-3.75	44.3333	0.	0.	1.	0.	0.	0.	24.	0	
6.08243	58.7467	343	0	3	4	4	3	3	3.75024	6.39908e-004	0.	-3.75	44.4444	0.	0.	1.	0.	0.	0.	24.	0	
6.09941	58.8813	344	0	3	4	4	3	3	3.75024	6.39908e-004	0.	-3.75	44.5556	0.	0.	1.	0.	0.	0.	24.	0	
6.11651	58.4998	345	0	3	4	4	3	3	3.75024	6.39908e-004	0.	-3.75	44.6667	0.	0.	1.	0.	0.	0.	24.	0	
6.13342	59.1473	346	0	3	4	4	3	3	3.75024	6.39908e-004	0.	-3.75	44.7778	0.	0.	1.	0.	0.	0.	24.	0	
6.15038	58.94	347	0	3	4	4	3	3	3.75024	6.39908e-004	0.	-3.75	44.8889	0.	0.	1.	0.	0.	0.	24.	0	
6.16738	58.8197	348	0	3	4	4	3	3	3.75024	6.39908e-004	0.	-3.75	45.	0.	0.	1.	0.	0.	0.	24.	0	
6.18443	58.678	349	0	3	4	4	3	3	3.75024	6.39908e-004	0.	-3.75	45.1111	0.	0.	1.	0.	0.	0.	24.	0	
6.20142	58.8437	350	0	3	4	4	3	3	3.75025	6.39908e-004	0.	-3.75	45.2222	0.	0.	1.	0.	0.	0.	24.	0	
6.21839	58.9306	351	0	3	4	4	3	3	3.75025	6.39908e-004	0.	-3.75	45.3333	0.	0.	1.	0.	0.	0.	24.	0	
6.23443	62.3358	352	0	3	4	4	3	3	3.75025	6.39908e-004	0.	-3.75	45.4444	0.	0.	1.	0.	0.	0.	24.	0	
6.25142	58.85	353	0	3	4	4	3	3	3.75025	6.39908e-004	0.	-3.75	45.5556	0.	0.	1.	0.	0.	0.	24.	0	
6.26744	62.431	354	0	3	4	4	3	3	3.75025	6.39908e-004	0.	-3.75	45.6667	0.	0.	1.	0.	0.	0.	24.	0	
6.28441	58.9149	355	0	3	4	4	3	3	3.75025	6.39908e-004	0.	-3.75	45.7778	0.	0.	1.	0.	0.	0.	24.	0	
6.30141	58.8541	356	0	3	4	4	3	3	3.75025	6.39908e-004	0.	-3.75	45.8889	0.	0.	1.	0.	0.	0.	24.	0	
6.3184	58.8374	357	0	3	4	4	3	4	3.75025	1.25443e-003	0.	-3.75	46.	0.	0.	1.	0.	0.	0.	24.	0	
6.33441	62.4569	358	0	3	4	4	3	4	3.75026	1.25443e-003	0.	-3.75	46.1111	0.	0.	1.	0.	0.	0.	24.	0	
6.35141	58.8155	359	0	3	4	4	3	4	3.75026	1.25443e-003	0.	-3.75	46.2222	0.	0.	1.	0.	0.	0.	24.	0	
6.3684	58.8876	360	0	3	4	4	3	4	3.75026	1.25443e-003	0.	-3.75	46.3333	0.	0.	1.	0.	0.	0.	24.	0	
6.38541	58.7633	361	0	3	4	4	3	4	3.75027	1.25443e-003	0.	-3.75	46.4444	0.	0.	1.	0.	0.	0.	24.	0	
6.40241	58.8249	362	0	3	4	4	3	4	3.75027	1.25443e-003	0.	-3.75	46.5556	0.	0.	1.	0.	0.	0.	24.	0	
6.41941	58.8228	363	0	3	4	4	3	4	3.75027	1.25443e-003	0.	-3.75	46.6667	0.	0.	1.	0.	0.	0.	24.	0	
6.43641	58.8218	364	0	3	4	4	3	4	3.75027	1.25443e-003	0.	-3.75	46.7778	0.	0.	1.	0.	0.	0.	24.	0	
6.45345	58.7154	365	0	3	4	4	3	4	3.75028	1.25443e-003	0.	-3.75	46.8889	0.	0.	1.	0.	0.	0.	24.	0	
6.47042	58.9274	366	0	3	4	4	3	4	3.75028	1.25443e-003	0.	-3.75	47.	0.	0.	1.	0.	0.	0.	24.	0	
6.48743	58.7592	367	0	3	4	4	3	4	3.75028	1.25443e-003	0.	-3.75	47.1111	0.	0.	1.	0.	0.	0.	24.	0	
6.50445	58.7821	368	0	3	4	4	3	4	3.75028	1.25443e-003	0.	-3.75	47.2222	0.	0.	1.	0.	0.	0.	24.	0	
6.52143	58.874	369	0	3	4	4	3	4	3.75028	1.25443e-003	0.	-3.75	47.3333	0.	0.	1.	0.	0.	0.	24.	0	
6.53844	58.7894	370	0	3	4	4	3	4	3.75029	1.25443e-003	0.	-3.75	47.4444	0.	0.	1.	0.	0.	0.	24.	0	
6.55544	58.8406	371	0	3	4	4	3	4	3.75029	1.25443e-003	0.	-3.75	47.5556	0.	0.	1.	0.	0.	0.	24.	0	
6.57142	62.5489	372	0	3	4	4	3	4	3.75029	1.25443e-003	0.	-3.75	47.6667	0.	0.	1.	0.	0.	0.	24.	0	
6.58845	58.7237	373	0	3	4	4	3	4	3.7503	1.25443e-003	0.	-3.75	47.8889	0.	0.	1.	0.	0.	0.	24.	0	
6.60543	58.9138	374	0	3	4	4	3	4	3.7503	1.25443e-003	0.	-3.75	48.	0.	0.	1.	0.	0.	0.	24.	0	
6.62243	58.8155	375	0	3	4	4	3	4	3.7503	1.25443e-003	0.	-3.75	48.1111	0.	0.	1.	0.	0.	0.	24.	0	
6.63944	58.7894	376	0	3	4	4	3	4	3.7503	1.25443e-003	0.	-3.75	48.2222	0.	0.	1.	0.	0.	0.	24.	0	
6.65644	58.8332	377	0	4	4	4	4	4	3.75031	1.25443e-003	0.	-3.75	48.3333	0.	0.	1.	0.	0.	0.	24.	0	
6.67344	58.8124	378	0	4	4	4	4	4	3.75031	1.25443e-003	0.	-3.75	48.4444	0.	0.	1.	0.	0.	0.	24.	0	
6.69043	58.85	379	0	4	4	4	4	4	3.75031	1.25443e-003	0.	-3.75	48.5556	0.	0.	1.	0.	0.	0.	24.	0	
6.7074	58.9505	380	0	4	4	4	4	4	3.75031	1.25443e-003	0.	-3.75	48.6667	0.	0.	1.	0.	0.	0.	24.	0	
6.72444	58.6572	381	0	4	4	4	4	4	3.75032	1.25443e-003	0.	-3.75	48.7778	0.	0.	1.	0.	0.	0.	24.	0	
6.74144	58.828	382	0	4	4	4	4	4	3.75032	1.25443e-003	0.	-3.75	49.	0.	0.	1.	0.	0.	0.	24.	0	
6.75847	58.7289	383	0	4	4	4	4	4	3.75032	1.25443e-003	0.	-3.75	49.1111	0.	0.	1.	0.	0.	0.	24.	0	
6.77547	58.8343	384	0	4	4	4	4	4	3.75033	1.25443e-003	0.	-3.75	49.2222	0.	0.	1.	0.	0.	0.	24.	0	
6.79243	58.9473	385	0	4	4	4	4	4	3.75033	1.25443e-003	0.	-3.75	49.3333	0.	0.	1.	0.	0.	0.	24.	0	
6.80944	58.7904	386	0	4	4	4	4	4	3.75033	1.25443e-003	0.	-3.75	49.4444	0.	0.	1.	0.	0.	0.	24.	0	
6.82645	58.8009	387	0	4	4	4	4	4	3.75033	1.25443e-003	0.	-3.75	49.5556	0.	0.	1.	0.	0.	0.	24.	0	
6.84343	58.8782	388	0	4	4	4	4	4	3.75034	1.25443e-003	0.	-3.75	49.6667	0.	0.	1.	0.	0.	0.	24.	0	
6.86045	58.7446	389	0	4	4	4	4	4	3.75034	1.25443e-003	0.	-3.75	49.7778	0.	0.	1.	0.	0.	0.	24.	0	
6.87745	58.8197	390	0	4	4	4	4	4	3.75034	1.25443e-003	0.	-3.75	49.8889	0.	0.	1.	0.	0.	0.	24.	0	
6.89444	58.8625	391	0	4	4	4	4	4	3.75035	1.25443e-003	0.	-3.75	50.1111	0.	0.	1.	0.	0.	0.	24.	0	
6.91143	58.874	392	0	4	4	4	4	4	3.75035	1.25443e-003	0.	-3.75	50.2222	0.	0.	1.	0.	0.	0.	24.	0	
6.92843	58.803	393	0	4	4	4	4	4	3.75035	1.25443e-003	0.	-3.75	50.3333	0.	0.	1.	0.	0.	0.	24.	0	
6.94444	62.4875	394	0	4	4	4	4	4	3.75035	1.25443e-003	0.	-3.75	50.4444	0.	0.	1.	0.	0.	0.	24.	0	
6.96142	58.8866	395	0	4	4	4	4	4	3.75036	1.25443e-003	0.	-3.75	50.5556	0.	0.	1.	0.	0.	0.	24.	0	
6.97844	58.7571	396	0	4	4	4	4	4	3.75036	1.25443e-003	0.	-3.75	50.6667	0.	0.	1.	0.	0.	0.	24.	0	
6.99544	58.8322	397	0	4	4	4	4	4	3.75036	1.25443e-003	0.	-3.75	50.7778	0.	0.	1.	0.	0.	0.	24.	0	
7.01144	62.4757	398	0	4	4	4	4	4	3.75036	1.25443e-003	0.	-3.75	50.8889	0.	0.	1.	0.	0.	0.	24.	0	
7.02845	58.7988	399	0	4	4	4	4	4	3.75037	1.25443e-003	0.	-3.75	51.1111	0.	0.	1.	0.	0.	0.	24.	0	
7.04444	62.5559	400	0	4	4	4	4	4	3.75037	1.25443e-003	0.	-3.75	51.2222	0.	0.	1.	0.	0.	0.	24.	0	
7.06143	58.8259	401	0	4	4	4	4	4	3.75037	1.25443e-003	0.	-3.75	51.3333	0.	0.	1.	0.	0.	0.	24.	0	
7.07841	58.918	402	0	4	4	4	4	4	3.75037	1.25443e-003	0.	-3.75	51.4444	0.	0.	1.	0.	0.	0.	24.	0	
7.09544	58.7237	403	0	4	4	4	4	4	3.75038	1.25443e-003	0.	-3.75	51.5556	0.	0.	1.	0.	0.	0.	24.	0	
7.11243	58.8395	404	0	4	4	4	4	4	3.75038	1.25443e-003	0.	-3.75	51.6667	0.	0.	1.	0.	0.	0.	24.	0	
7.12946	58.7206	405	0	4	4	4	4	4	3.75038	1.25443e-003	0.	-3.75	51.7778	0.	0.	1.	0.	0.	0.	24.	0	
7.14647	58.8009	406	0	4	4	4	4	4	3.75038	1.25443e-003	0.	-3.75	51.8889	0.	0.	1.	0.	0.	0.	24.	0	
7.16347	58.8228	407	0	4	4	4	4	4	3.75039	1.25443e-003	0.	-3.75	52.	0.	0.	1.	0.	0.	0.	24.	0	
7.18044	58.9274	408	0	4	4	4	4	4	3.75039	1.25443e-003	0.	-3.75	52.1111	0.	0.	1.	0.	0.	0.	24.	0	
7.19745	58.7758	409	0	4	4	4	4	4	3.75039	1.25443e-003	0.	-3.75	52.2222	0.	0.	1.	0.	0.	0.	24.	0	
7.2144	59.003	410	0	4	4	4	4	4	3.75039	1.25443e-003	0.	-3.75	52.3333	0.	0.	1.	0.	0.	0.	24.	0	
7.23145	58.6582	411	0	4	4	4	4	4	3.7504	1.25443e-003	0.	-3.75	52.4444	0.	0.	1.	0.	0.	0.	24.	0	
7.24842	58.9306	412	0	4	4	4	4	4	3.7504	1.25443e-003	0.	-3.75	52.5556	0.	0.	1.	0.	0.	0.	24.	0	
7.26544	58.73	413	0	4	4	4	4	4	3.7504	1.25443e-003	0.	-3.75	52.6667	0.	0.	1.	0.	0.	0.	24.	0	
7.28246	58.7633	414	0	4	4	4	4	4	3.7504	1.25443e-003	0.	-3.75	52.7778	0.	0.	1.	0.	0.	0.	24.	0	
7.29944	58.9012	415	0	4	4	4	4	4	3.75041	1.25443e-003	0.	-3.75	52.8889	0.	0.	1.	0.	0.	0.	24.	0	
7.31645	58.7915	416	0	4	4	4	4	4	3.75041	1.25443e-003	0.	-3.75	53.	0.	0.	1.	0.	0.	0.	24.	0	
7.33346	58.8019	417	0	4	4	4	4	4	3.75041	1.25443e-003	0.	-3.75	53.1111	0.	0.	1.	0.	0.	0.	24.	0	
7.35045	58.8343	418	0	4	4	4	4	4	3.75041	1.25443e-003	0.	-3.75	53.2222	0.	0.	1.	0.	0.	0.	24.	0	
7.36744	58.8594	419	0	4	4	4	4	4	3.75042	1.25443e-003	0.	-3.75	53.3333	0.	0.	1.	0.	0.	0.	24.	0	
7.38445	58.7936	420	0	4	4	4	4	4	3.75042	1.25443e-003	0.	-3.75	53.4444	0.	0.	1.	0.	0.	0.	24.	0	
7.40141	58.9589	421	0	4	4	4	4	4	3.75042	1.25443e-003	0.	-3.75	53.5556	0.	0.	1.	0.	0.	0.	24.	0	
7.41845	58.6749	422	0	4	4	4	4	4	3.75042	1.25443e-003	0.	-3.75	53.6667	0.	0.	1.	0.	0.	0.	24.	0	
7.43544	58.8677	423	0	4	4	4	4	4	3.75043	1.25443e-003	0.	-3.75	53.7778	0.	0.	1.	0.	0.	0.	24.	0	
7.45246	58.7738	424	0	4	4	4	4	4	3.75043	1.25443e-003	0.	-3.75	54.	0.	0.	1.	0.	0.	0.	24.	0	
7.46943	58.919	425	0	4	4	4	4	4	3.75043	1.25443e-003	0.	-3.75	54.1111	0.	0.	1.	0.	0.	0.	24.	0	
7.48643	58.803	426	0	4	4	4	4	4	3.75044	1.25443e-003	0.	-3.75	54.2222	0.	0.	1.	0.	0.	0.	24.	0	
7.50345	58.7758	427	0	4	4	4	4	4	3.75044	1.25443e-003	0.	-3.75	54.3333	0.	0.	1.	0.	0.	0.	24.	0	
7.52046	58.7946	428	0	4	4	4	4	4	3.75044	1.25443e-003	0.	-3.75	54.4444	0.	0.	1.	0.	0.	0.	24.	0	
7.53746	58.803	429	0	4	4	4	4	4	3.75045	1.25443e-003	0.	-3.75	54.6667	0.	0.	1.	0.	0.	0.	24.	0	
7.55443	58.9285	430	0	4	4	4	4	4	3.75045	1.25443e-003	0.	-3.75	54.7778	0.	0.	1.	0.	0.	0.	24.	0	
7.57146	58.7362	431	0	4	4	4	4	4	3.75045	1.25443e-003	0.	-3.75	54.8889	0.	0.	1.	0.	0.	0.	24.	0	
7.58845	58.8426	432	0	4	4	4	4	4	3.75045	1.25443e-003	0.	-3.75	55.	0.	0.	1.	0.	0.	0.	24.	0	
7.60546	58.8019	433	0	4	4	4	4	4	3.75046	1.25443e-003	0.	-3.75	55.1111	0.	0.	1.	0.	0.	0.	24.	0	
7.62242	58.9494	434	0	4	4	4	4	4	3.75046	1.25443e-003	0.	-3.75	55.2222	0.	0.	1.	0.	0.	0.	24.	0	
7.63945	58.7133	435	0	4	4	4	4	4	3.75046	1.25443e-003	0.	-3.75	55.3333	0.	0.	1.	0.	0.	0.	24.	0	
7.65645	58.8447	436	0	4	4	4	4	4	3.75046	1.25443e-003	0.	-3.75	55.4444	0.	0.	1.	0.	0.	0.	24.	0	
7.67345	58.8186	437	0	4	4	4	4	4	3.75046	1.25443e-003	0.	-3.75	55.5556	0.	0.	1.	0.	0.	0.	24.	0	
7.69045	58.8176	438	0	4	4	4	4	4	3.75047	1.25443e-003	0.	-3.75	55.7778	0.	0.	1.	0.	0.	0.	24.	0	
7.70746	58.7842	439	0	4	4	4	4	4	3.75047	1.25443e-003	0.	-3.75	55.8889	0.	0.	1.	0.	0.	0.	24.	0	
7.72442	58.9578	440	0	4	4	4	4	4	3.75047	1.25443e-003	0.	-3.75	56.	0.	0.	1.	0.	0.	0.	24.	0	
7.74142	58.8218	441	0	4	4	4	4	4	3.75048	1.25443e-003	0.	-3.75	56.1111	0.	0.	1.	0.	0.	0.	24.	0	
7.75842	58.8249	442	0	4	4	4	4	4	3.75048	1.25443e-003	0.	-3.75	56.2222	0.	0.	1.	0.	0.	0.	24.	0	
7.77545	58.7248	443	0	4	4	4	4	4	3.75048	1.25443e-003	0.	-3.75	56.3333	0.	0.	1.	0.	0.	0.	24.	0	
7.79246	58.8124	444	0	4	4	4	4	4	3.75048	1.25443e-003	0.	-3.75	56.4444	0.	0.	1.	0.	0.	0.	24.	0	
7.80946	58.7998	445	0	4	4	4	4	4	3.75049	1.25443e-003	0.	-3.75	56.5556	0.	0.	1.	0.	0.	0.	24.	0	
7.82546	62.4981	446	0	4	4	4	4	4	3.75049	1.25443e-003	0.	-3.75	56.6667	0.	0.	1.	0.	0.	0.	24.	0	
7.84246	58.8218	447	0	4	4	4	4	4	3.75049	1.25443e-003	0.	-3.75	56.7778	0.	0.	1.	0.	0.	0.	24.	0	
7.85846	62.5123	448	0	4	4	4	4	4	3.75049	1.25443e-003	0.	-3.75	56.8889	0.	0.	1.	0.	0.	0.	24.	0	
7.87546	58.8416	449	0	4	4	4	4	4	3.7505	1.25443e-003	0.	-3.75	57.	0.	0.	1.	0.	0.	0.	24.	0	
7.89246	58.7988	450	0	4	4	4	4	4	3.7505	1.25443e-003	0.	-3.75	57.2222	0.	0.	1.	0.	0.	0.	24.	0	
7.90946	58.8458	451	0	4	4	4	4	4	3.7505	1.25443e-003	0.	-3.75	57.3333	0.	0.	1.	0.	0.	0.	24.	0	
7.92644	58.8939	452	0	4	4	4	4	4	3.75051	1.25443e-003	0.	-3.75	57.4444	0.	0.	1.	0.	0.	0.	24.	0	
7.94347	58.7154	453	0	4	4	4	4	4	3.75051	1.25443e-003	0.	-3.75	57.5556	0.	0.	1.	0.	0.	0.	24.	0	
7.95946	62.5264	454	0	4	4	4	4	4	3.75051	1.25443e-003	0.	-3.75	57.6667	0.	0.	1.	0.	0.	0.	24.	0	
7.97646	58.8395	455	0	4	4	4	4	4	3.75051	1.25443e-003	0.	-3.75	57.7778	0.	0.	1.	0.	0.	0.	24.	0	
7.99347	58.7811	456	0	4	4	4	4	4	3.75052	1.25443e-003	0.	-3.75	57.8889	0.	0.	1.	0.	0.	0.	24.	0	
8.01046	58.8489	457	0	4	4	4	4	4	3.75052	1.25443e-003	0.	-3.75	58.	0.	0.	1.	0.	0.	0.	24.	0	
8.02646	62.5146	458	0	4	4	4	4	4	3.75052	1.25443e-003	0.	-3.75	58.1111	0.	0.	1.	0.	0.	0.	24.	0	
8.04346	58.7977	459	0	4	4	4	4	4	3.75052	1.25443e-003	0.	-3.75	58.2222	0.	0.	1.	0.	0.	0.	24.	0	
8.06046	58.828	460	0	4	4	4	4	4	3.75053	1.25443e-003	0.	-3.75	58.3333	0.	0.	1.	0.	0.	0.	24.	0	
8.07746	58.8426	461	0	4	4	4	4	4	3.75053	1.25443e-003	0.	-3.75	58.4444	0.	0.	1.	0.	0.	0.	24.	0	
8.09444	58.8667	462	0	4	4	4	4	4	3.75053	1.25443e-003	0.	-3.75	58.5556	0.	0.	1.	0.	0.	0.	24.	0	
8.11146	58.7779	463	0	4	4	4	4	4	3.75053	1.25443e-003	0.	-3.75	58.6667	0.	0.	1.	0.	0.	0.	24.	0	
8.12749	62.3898	464	0	4	4	4	4	4	3.75054	1.25443e-003	0.	-3.75	58.8889	0.	0.	1.	0.	0.	0.	24.	0	
8.14446	58.9201	465	0	4	4	4	4	4	3.75054	1.25443e-003	0.	-3.75	59.	0.	0.	1.	0.	0.	0.	24.	0	
8.16147	58.7706	466	0	4	4	4	4	4	3.75054	1.25443e-003	0.	-3.75	59.1111	0.	0.	1.	0.	0.	0.	24.	0	
8.17849	58.7842	467	0	4	4	4	4	4	3.75055	1.25443e-003	0.	-3.75	59.2222	0.	0.	1.	0.	0.	0.	24.	0	
8.19546	58.9065	468	0	4	4	4	4	4	3.75055	1.25443e-003	0.	-3.75	59.3333	0.	0.	1.	0.	0.	0.	24.	0	
8.21247	58.78	469	0	4	5	5	4	4	3.75055	1.25443e-003	0.	-3.75	59.4444	0.	0.	1.	0.	0.	0.	24.	0	
8.22949	58.7769	470	0	4	5	5	4	4	3.75055	1.25443e-003	0.	-3.75	59.5556	0.	0.	1.	0.	0.	0.	24.	0	
8.24646	58.9107	471	0	4	5	5	4	4	3.75056	1.25443e-003	0.	-3.75	59.6667	0.	0.	1.	0.	0.	0.	24.	0	
8.26349	58.7269	472	0	4	5	5	4	4	3.75056	1.25443e-003	0.	-3.75	59.7778	0.	0.	1.	0.	0.	0.	24.	0	
8.28045	58.9767	473	0	4	5	5	4	4	3.75056	1.25443e-003	0.	-3.75	60.	0.	0.	1.	0.	0.	0.	24.	0	
8.29745	58.8019	474	0	4	5	5	4	4	3.75056	1.25443e-003	0.	-3.75	60.1111	0.	0.	1.	0.	0.	0.	24.	0	
8.31447	58.7706	475	0	4	5	5	4	4	3.75057	1.25443e-003	0.	-3.75	60.2222	0.	0.	1.	0.	0.	0.	24.	0	
8.33146	58.8343	476	0	4	5	5	4	4	3.75057	1.25443e-003	0.	-3.75	60.3333	0.	0.	1.	0.	0.	0.	24.	0	
8.34851	58.6769	477	0	4	5	5	4	4	3.75057	1.25443e-003	0.	-3.75	60.4444	0.	0.	1.	0.	0.	0.	24.	0	
8.36547	58.9683	478	0	4	5	5	4	4	3.75057	1.25443e-003	0.	-3.75	60.5556	0.	0.	1.	0.	0.	0.	24.	0	
8.38243	58.9484	479	0	4	5	5	4	4	3.75058	1.25443e-003	0.	-3.75	60.6667	0.	0.	1.	0.	0.	0.	24.	0	
8.39947	58.6936	480	0	4	5	5	4	4	3.75058	1.25443e-003	0.	-3.75	60.7778	0.	0.	1.	0.	0.	0.	24.	0	
8.41646	58.8385	481	0	4	5	5	4	4	3.75058	1.25443e-003	0.	-3.75	60.8889	0.	0.	1.	0.	0.	0.	24.	0	
8.43348	58.7633	482	0	4	5	5	4	4	3.75058	1.25443e-003	0.	-3.75	61.	0.	0.	1.	0.	0.	0.	24.	0	
8.45048	58.8322	483	0	4	5	5	4	4	3.75059	1.25443e-003	0.	-3.75	61.1111	0.	0.	1.	0.	0.	0.	24.	0	
8.46748	58.8186	484	0	4	5	5	4	4	3.75059	1.25443e-003	0.	-3.75	61.2222	0.	0.	1.	0.	0.	0.	24.	0	
8.48348	62.4828	485	0	4	5	5	4	4	3.75059	1.25443e-003	0.	-3.75	61.3333	0.	0.	1.	0.	0.	0.	24.	0	
8.50048	58.8385	486	0	4	5	5	4	4	3.75059	1.25443e-003	0.	-3.75	61.4444	0.	0.	1.	0.	0.	0.	24.	0	
8.51748	58.8238	487	0	4	5	5	4	4	3.7506	1.25443e-003	0.	-3.75	61.5556	0.	0.	1.	0.	0.	0.	24.	0	
8.53449	58.7915	488	0	4	5	5	4	4	3.7506	1.25443e-003	0.	-3.75	61.6667	0.	0.	1.	0.	0.	0.	24.	0	
8.55143	59.0114	489	0	4	5	5	4	5	3.7506	2.08417e-003	0.	-3.75	61.7778	0.	0.	1.	0.	0.	0.	24.	0	
8.56848	58.6717	490	0	4	5	5	4	5	3.75061	2.08417e-003	0.	-3.75	61.8889	0.	0.	1.	0.	0.	0.	24.	0	
8.58547	58.8395	491	0	4	5	5	4	5	3.75061	2.08417e-003	0.	-3.75	62.	0.	0.	1.	0.	0.	0.	24.	0	
8.60246	58.8583	492	0	4	5	5	4	5	3.75061	2.08417e-003	0.	-3.75	62.1111	0.	0.	1.	0.	0.	0.	24.	0	
8.61948	58.7529	493	0	4	5	5	4	5	3.75062	2.08417e-003	0.	-3.75	62.2222	0.	0.	1.	0.	0.	0.	24.	0	
8.63649	58.7904	494	0	4	5	5	4	5	3.75063	2.08417e-003	0.	-3.75	62.4444	0.	0.	1.	0.	0.	0.	24.	0	
8.65344	58.9977	495	0	4	5	5	4	5	3.75063	2.08417e-003	0.	-3.75	62.5556	0.	0.	1.	0.	0.	0.	24.	0	
8.67047	58.7154	496	0	4	5	5	4	5	3.75063	2.08417e-003	0.	-3.75	62.6667	0.	0.	1.	0.	0.	0.	24.	0	
8.68747	58.8437	497	0	4	5	5	4	5	3.75064	2.08417e-003	0.	-3.75	62.7778	0.	0.	1.	0.	0.	0.	24.	0	
8.70448	58.7738	498	0	4	5	5	4	5	3.75064	2.08417e-003	0.	-3.75	62.8889	0.	0.	1.	0.	0.	0.	24.	0	
8.72148	58.8228	499	0	4	5	5	4	5	3.75065	2.08417e-003	0.	-3.75	63.	0.	0.	1.	0.	0.	0.	24.	0	
8.73849	58.8061	500	0	4	5	5	4	5	3.75065	2.08417e-003	0.	-3.75	63.1111	0.	0.	1.	0.	0.	0.	24.	0	
8.75549	58.8332	501	0	4	5	5	4	5	3.75066	2.08417e-003	0.	-3.75	63.3333	0.	0.	1.	0.	0.	0.	24.	0	
8.77249	58.7998	502	0	4	5	5	4	5	3.75066	2.08417e-003	0.	-3.75	63.4444	0.	0.	1.	0.	0.	0.	24.	0	
8.78949	58.8458	503	0	4	5	5	4	5	3.75067	2.08417e-003	0.	-3.75	63.5556	0.	0.	1.	0.	0.	0.	24.	0	
8.80645	58.9337	504	0	4	5	5	4	5	3.75067	2.08417e-003	0.	-3.75	63.6667	0.	0.	1.	0.	0.	0.	24.	0	
8.82349	58.6957	505	0	4	5	5	4	5	3.75067	2.08417e-003	0.	-3.75	63.7778	0.	0.	1.	0.	0.	0.	24.	0	
8.8405	58.78	506	0	4	5	5	4	5	3.75068	2.08417e-003	0.	-3.75	63.8889	0.	0.	1.	0.	0.	0.	24.	0	
8.85754	58.6821	507	0	4	5	5	4	5	3.75068	2.08417e-003	0.	-3.75	64.	0.	0.	1.	0.	0.	0.	24.	0	
8.87449	59.0209	508	0	5	5	5	5	5	3.75069	2.08417e-003	0.	-3.75	64.1111	0.	0.	1.	0.	0.	0.	24.	0	
8.89049	62.4769	509	0	5	5	5	5	5	3.75069	2.08417e-003	0.	-3.75	64.2222	0.	0.	1.	0.	0.	0.	24.	0	
8.90747	58.8918	510	0	5	5	5	5	5	3.75069	2.08417e-003	0.	-3.75	64.3333	0.	0.	1.	0.	0.	0.	24.	0	
8.92449	58.7675	511	0	5	5	5	5	5	3.7507	2.08417e-003	0.	-3.75	64.4444	0.	0.	1.	0.	0.	0.	24.	0	
8.94148	58.8657	512	0	5	5	5	5	5	3.7507	2.08417e-003	0.	-3.75	64.5556	0.	0.	1.	0.	0.	0.	24.	0	
8.95848	58.8092	513	0	5	5	5	5	5	3.75071	2.08417e-003	0.	-3.75	64.6667	0.	0.	1.	0.	0.	0.	24.	0	
8.97549	58.7821	514	0	5	5	5	5	5	3.75071	2.08417e-003	0.	-3.75	64.7778	0.	0.	1.	0.	0.	0.	24.	0	
8.99251	58.7831	515	0	5	5	5	5	5	3.75071	2.08417e-003	0.	-3.75	64.8889	0.	0.	1.	0.	0.	0.	24.	0	
9.00951	58.8238	516	0	5	5	5	5	5	3.75072	2.08417e-003	0.	-3.75	65.	0.	0.	1.	0.	0.	0.	24.	0	
9.0265	58.8385	517	0	5	5	5	5	5	3.75072	2.08417e-003	0.	-3.75	65.1111	0.	0.	1.	0.	0.	0.	24.	0	
9.04349	58.8573	518	0	5	5	5	5	5	3.75073	2.08417e-003	0.	-3.75	65.2222	0.	0.	1.	0.	0.	0.	24.	0	
9.0605	58.7988	519	0	5	5	5	5	5	3.75073	2.08417e-003	0.	-3.75	65.3333	0.	0.	1.	0.	0.	0.	24.	0	
9.07749	58.8604	520	0	5	5	5	5	5	3.75074	2.08417e-003	0.	-3.75	65.4444	0.	0.	1.	0.	0.	0.	24.	0	
9.09448	58.8416	521	0	5	5	5	5	5	3.75074	2.08417e-003	0.	-3.75	65.5556	0.	0.	1.	0.	0.	0.	24.	0	
9.1115	58.7748	522	0	5	5	5	5	5	3.75074	2.08417e-003	0.	-3.75	65.6667	0.	0.	1.	0.	0.	0.	24.	0	
9.1285	58.8155	523	0	5	5	5	5	5	3.75075	2.08417e-003	0.	-3.75	65.7778	0.	0.	1.	0.	0.	0.	24.	0	
9.14549	58.8406	524	0	5	5	5	5	5	3.75075	2.08417e-003	0.	-3.75	65.8889	0.	0.	1.	0.	0.	0.	24.	0	
9.16251	58.7675	525	0	5	5	5	5	5	3.75076	2.08417e-003	0.	-3.75	66.	0.	0.	1.	0.	0.	0.	24.	0	
9.1795	58.8719	526	0	5	5	5	5	5	3.75076	2.08417e-003	0.	-3.75	66.1111	0.	0.	1.	0.	0.	0.	24.	0	
9.19651	58.7873	527	0	5	5	5	5	5	3.75076	2.08417e-003	0.	-3.75	66.2222	0.	0.	1.	0.	0.	0.	24.	0	
9.21347	58.9442	528	0	5	5	5	5	5	3.75077	2.08417e-003	0.	-3.75	66.3333	0.	0.	1.	0.	0.	0.	24.	0	
9.2305	58.7435	529	0	5	5	5	5	5	3.75078	2.08417e-003	0.	-3.75	66.5556	0.	0.	1.	0.	0.	0.	24.	0	
9.2475	58.803	530	0	5	5	5	5	5	3.75078	2.08417e-003	0.	-3.75	66.6667	0.	0.	1.	0.	0.	0.	24.	0	
9.2645	58.8374	531	0	5	5	5	5	5	3.75078	2.08417e-003	0.	-3.75	66.7778	0.	0.	1.	0.	0.	0.	24.	0	
9.28151	58.7904	532	0	5	5	5	5	5	3.75079	2.08417e-003	0.	-3.75	66.8889	0.	0.	1.	0.	0.	0.	24.	0	
9.29748	62.589	533	0	5	5	5	5	5	3.75079	2.08417e-003	0.	-3.75	67.	0.	0.	1.	0.	0.	0.	24.	0	
9.31451	58.7498	534	0	5	5	5	5	5	3.7508	2.08417e-003	0.	-3.75	67.1111	0.	0.	1.	0.	0.	0.	24.	0	
9.33147	58.9442	535	0	5	5	5	5	5	3.7508	2.08417e-003	0.	-3.75	67.2222	0.	0.	1.	0.	0.	0.	24.	0	
9.34853	58.6053	536	0	5	5	5	5	5	3.75081	2.08417e-003	0.	-3.75	67.4444	0.	0.	1.	0.	0.	0.	24.	0	
9.3655	58.9348	537	0	5	5	5	5	5	3.75081	2.08417e-003	0.	-3.75	67.5556	0.	0.	1.	0.	0.	0.	24.	0	
9.38252	58.7779	538	0	5	5	5	5	5	3.75082	2.08417e-003	0.	-3.75	67.6667	0.	0.	1.	0.	0.	0.	24.	0	
9.39949	58.896	539	0	5	5	5	5	5	3.75082	2.08417e-003	0.	-3.75	67.7778	0.	0.	1.	0.	0.	0.	24.	0	
9.4165	58.8113	540	0	5	5	5	5	5	3.75082	2.08417e-003	0.	-3.75	67.8889	0.	0.	1.	0.	0.	0.	24.	0	
9.43348	58.8698	541	0	5	5	5	5	5	3.75083	2.08417e-003	0.	-3.75	68.	0.	0.	1.	0.	0.	0.	24.	0	
9.45051	58.7508	542	0	5	5	5	5	5	3.75083	2.08417e-003	0.	-3.75	68.1111	0.	0.	1.	0.	0.	0.	24.	0	
9.46749	58.8698	543	0	5	5	5	5	5	3.75084	2.08417e-003	0.	-3.75	68.3333	0.	0.	1.	0.	0.	0.	24.	0	
9.48348	62.5311	544	0	5	5	5	5	5	3.75084	2.08417e-003	0.	-3.75	68.4444	0.	0.	1.	0.	0.	0.	24.	0	
9.5005	58.7539	545	0	5	5	5	5	5	3.75085	2.08417e-003	0.	-3.75	68.5556	0.	0.	1.	0.	0.	0.	24.	0	
9.51749	58.8782	546	0	5	5	5	5	5	3.75085	2.08417e-003	0.	-3.75	68.6667	0.	0.	1.	0.	0.	0.	24.	0	
9.5345	58.7821	547	0	5	5	5	5	5	3.75086	2.08417e-003	0.	-3.75	68.7778	0.	0.	1.	0.	0.	0.	24.	0	
9.55149	58.8479	548	0	5	5	5	5	5	3.75086	2.08417e-003	0.	-3.75	68.8889	0.	0.	1.	0.	0.	0.	24.	0	
9.56848	58.8772	549	0	5	5	5	5	5	3.75086	2.08417e-003	0.	-3.75	69.	0.	0.	1.	0.	0.	0.	24.	0	
9.58547	58.8458	550	0	5	5	5	5	5	3.75087	2.08417e-003	0.	-3.75	69.2222	0.	0.	1.	0.	0.	0.	24.	0	
9.60249	58.7685	551	0	5	5	5	5	5	3.75088	2.08417e-003	0.	-3.75	69.3333	0.	0.	1.	0.	0.	0.	24.	0	
9.61953	58.6853	552	0	5	5	5	5	5	3.75088	2.08417e-003	0.	-3.75	69.4444	0.	0.	1.	0.	0.	0.	24.	0	
9.6365	58.9117	553	0	5	5	5	5	5	3.75088	2.08417e-003	0.	-3.75	69.5556	0.	0.	1.	0.	0.	0.	24.	0	
9.65352	58.7581	554	0	5	5	5	5	5	3.75089	2.08417e-003	0.	-3.75	69.6667	0.	0.	1.	0.	0.	0.	24.	0	
9.67052	58.8134	555	0	5	5	5	5	5	3.75089	2.08417e-003	0.	-3.75	69.7778	0.	0.	1.	0.	0.	0.	24.	0	
9.68751	58.8876	556	0	5	5	5	5	5	3.7509	2.08417e-003	0.	-3.75	69.8889	0.	0.	1.	0.	0.	0.	24.	0	
9.70451	58.7967	557	0	5	5	5	5	5	3.7509	2.08417e-003	0.	-3.75	70.	0.	0.	1.	0.	0.	0.	24.	0	
9.72151	58.8353	558	0	5	5	5	5	5	3.7509	2.08417e-003	0.	-3.75	70.1111	0.	0.	1.	0.	0.	0.	24.	0	
9.73853	58.7675	559	0	5	5	5	5	5	3.75091	2.08417e-003	0.	-3.75	70.2222	0.	0.	1.	0.	0.	0.	24.	0	
9.7555	58.9065	560	0	5	5	5	5	5	3.75091	2.08417e-003	0.	-3.75	70.3333	0.	0.	1.	0.	0.	0.	24.	0	
9.7725	58.8322	561	0	5	5	5	5	5	3.75092	2.08417e-003	0.	-3.75	70.4444	0.	0.	1.	0.	0.	0.	24.	0	
9.7895	58.8228	562	0	5	5	5	5	5	3.75092	2.08417e-003	0.	-3.75	70.5556	0.	0.	1.	0.	0.	0.	24.	0	
9.80651	58.7884	563	0	5	5	5	5	5	3.75092	2.08417e-003	0.	-3.75	70.6667	0.	0.	1.	0.	0.	0.	24.	0	
9.82347	58.9725	564	0	5	5	5	5	5	3.75093	2.08417e-003	0.	-3.75	70.7778	0.	0.	1.	0.	0.	0.	24.	0	
9.8405	58.7133	565	0	5	5	5	5	5	3.75093	2.08417e-003	0.	-3.75	70.8889	0.	0.	1.	0.	0.	0.	24.	0	
9.85753	58.731	566	0	5	5	5	5	5	3.75094	2.08417e-003	0.	-3.75	71.	0.	0.	1.	0.	0.	0.	24.	0	
9.87448	58.9841	567	0	5	5	5	5	5	3.75094	2.08417e-003	0.	-3.75	71.1111	0.	0.	1.	0.	0.	0.	24.	0	
9.8915	58.7519	568	0	5	5	5	5	5	3.75095	2.08417e-003	0.	-3.75	71.2222	0.	0.	1.	0.	0.	0.	24.	0	
9.90851	58.7946	569	0	5	5	5	5	5	3.75095	2.08417e-003	0.	-3.75	71.3333	0.	0.	1.	0.	0.	0.	24.	0	
9.9255	58.8437	570	0	5	5	5	5	5	3.75095	2.08417e-003	0.	-3.75	71.4444	0.	0.	1.	0.	0.	0.	24.	0	
9.94251	58.7967	571	0	5	5	5	5	5	3.75096	2.08417e-003	0.	-3.75	71.5556	0.	0.	1.	0.	0.	0.	24.	0	
9.9595	58.8531	572	0	5	5	5	5	5	3.75096	2.08417e-003	0.	-3.75	71.6667	0.	0.	1.	0.	0.	0.	24.	0	
9.97651	58.805	573	0	5	5	5	5	5	3.75097	2.08417e-003	0.	-3.75	71.8889	0.	0.	1.	0.	0.	0.	24.	0	
9.9935	58.8416	574	0	5	5	5	5	5	3.75097	2.08417e-003	0.	-3.75	72.	0.	0.	1.	0.	0.	0.	24.	0	
10.0105	58.8134	575	0	5	5	5	5	5	3.75098	2.08417e-003	0.	-3.75	72.1111	0.	0.	1.	0.	0.	0.	24.	0	
10.0275	58.828	576	0	5	5	5	5	5	3.75098	2.08417e-003	0.	-3.75	72.2222	0.	0.	1.	0.	0.	0.	24.	0	
10.0445	58.8531	577	0	5	5	5	5	5	3.75099	2.08417e-003	0.	-3.75	72.3333	0.	0.	1.	0.	0.	0.	24.	0	
10.0615	58.7925	578	0	5	5	5	5	5	3.75099	2.08417e-003	0.	-3.75	72.4444	0.	0.	1.	0.	0.	0.	24.	0	
10.0785	58.73	579	0	5	5	5	5	5	3.75099	2.08417e-003	0.	-3.75	72.5556	0.	0.	1.	0.	0.	0.	24.	0	
10.0945	62.5725	580	0	5	5	5	5	5	3.751	2.08417e-003	0.	-3.75	72.7778	0.	0.	1.	0.	0.	0.	24.	0	
10.1115	58.8426	581	0	5	5	5	5	5	3.75101	2.08417e-003	0.	-3.75	72.8889	0.	0.	1.	0.	0.	0.	24.	0	
10.1285	58.8228	582	0	5	5	5	5	5	3.75101	2.08417e-003	0.	-3.75	73.	0.	0.	1.	0.	0.	0.	24.	0	
10.1455	58.803	583	0	5	5	5	5	5	3.75101	2.08417e-003	0.	-3.75	73.1111	0.	0.	1.	0.	0.	0.	24.	0	
10.1625	58.7154	584	0	5	5	5	5	5	3.75102	2.08417e-003	0.	-3.75	73.2222	0.	0.	1.	0.	0.	0.	24.	0	
10.1795	58.9484	585	0	5	5	5	5	5	3.75102	2.08417e-003	0.	-3.75	73.3333	0.	0.	1.	0.	0.	0.	24.	0	
10.1965	58.756	586	0	5	5	5	5	5	3.75103	2.08417e-003	0.	-3.75	73.4444	0.	0.	1.	0.	0.	0.	24.	0	
10.2135	58.9463	587	0	5	5	5	5	5	3.75103	2.08417e-003	0.	-3.75	73.6667	0.	0.	1.	0.	0.	0.	24.	0	
10.2305	58.7144	588	0	5	5	5	5	5	3.75104	2.08417e-003	0.	-3.75	73.7778	0.	0.	1.	0.	0.	0.	24.	0	
10.2475	58.85	589	0	5	5	5	5	5	3.75104	2.08417e-003	0.	-3.75	73.8889	0.	0.	1.	0.	0.	0.	24.	0	
10.2645	58.8218	590	0	5	5	5	5	5	3.75105	2.08417e-003	0.	-3.75	74.	0.	0.	1.	0.	0.	0.	24.	0	
10.2815	58.7977	591	0	5	5	5	5	5	3.75105	2.08417e-003	0.	-3.75	74.1111	0.	0.	1.	0.	0.	0.	24.	0	
10.2985	58.8155	592	0	5	5	5	5	5	3.75106	2.08417e-003	0.	-3.75	74.3333	0.	0.	1.	0.	0.	0.	24.	0	
10.3155	58.8291	593	0	5	5	5	5	5	3.75106	2.08417e-003	0.	-3.75	74.4444	0.	0.	1.	0.	0.	0.	24.	0	
10.3325	58.7904	594	0	5	5	5	5	5	3.75107	2.08417e-003	0.	-3.75	74.5556	0.	0.	1.	0.	0.	0.	24.	0	
10.3495	58.8447	595	0	5	5	5	5	5	3.75107	2.08417e-003	0.	-3.75	74.6667	0.	0.	1.	0.	0.	0.	24.	0	
10.3665	58.9138	596	0	5	5	5	5	5	3.75107	2.08417e-003	0.	-3.75	74.7778	0.	0.	1.	0.	0.	0.	24.	0	
10.3835	58.7081	597	0	5	5	5	5	5	3.75108	2.08417e-003	0.	-3.75	74.8889	0.	0.	1.	0.	0.	0.	24.	0	
10.4005	59.0303	598	0	5	5	5	5	5	3.75108	2.08417e-003	0.	-3.75	75.	0.	0.	1.	0.	0.	0.	24.	0	
10.4175	58.6728	599	0	5	5	5	5	5	3.75109	2.08417e-003	0.	-3.75	75.1111	0.	0.	1.	0.	0.	0.	24.	0	
10.4345	58.8866	600	0	5	6	6	5	5	3.75109	2.08417e-003	0.	-3.75	75.2222	0.	0.	1.	0.	0.	0.	24.	0	
10.4515	58.805	601	0	5	6	6	5	5	3.75109	2.08417e-003	0.	-3.75	75.3333	0.	0.	1.	0.	0.	0.	24.	0	
10.4685	58.73	602	0	5	6	6	5	5	3.7511	2.08417e-003	0.	-3.75	75.4444	0.	0.	1.	0.	0.	0.	24.	0	
10.4855	58.8364	603	0	5	6	6	5	5	3.7511	2.08417e-003	0.	-3.75	75.5556	0.	0.	1.	0.	0.	0.	24.	0	
10.5015	62.563	604	0	5	6	6	5	5	3.75111	2.08417e-003	0.	-3.75	75.6667	0.	0.	1.	0.	0.	0.	24.	0	
10.5185	58.7581	605	0	5	6	6	5	5	3.75111	2.08417e-003	0.	-3.75	75.7778	0.	0.	1.	0.	0.	0.	24.	0	
10.5355	58.9432	606	0	5	6	6	5	5	3.75111	2.08417e-003	0.	-3.75	75.8889	0.	0.	1.	0.	0.	0.	24.	0	
10.5525	58.7821	607	0	5	6	6	5	5	3.75112	2.08417e-003	0.	-3.75	76.	0.	0.	1.	0.	0.	0.	24.	0	
10.5695	58.7904	608	0	5	6	6	5	5	3.75113	2.08417e-003	0.	-3.75	76.2222	0.	0.	1.	0.	0.	0.	24.	0	
10.5855	62.4887	609	0	5	6	6	5	5	3.75113	2.08417e-003	0.	-3.75	76.3333	0.	0.	1.	0.	0.	0.	24.	0	
10.6025	58.8406	610	0	5	6	6	5	5	3.75114	2.08417e-003	0.	-3.75	76.4444	0.	0.	1.	0.	0.	0.	24.	0	
10.6195	58.8395	611	0	5	6	6	5	5	3.75114	2.08417e-003	0.	-3.75	76.5556	0.	0.	1.	0.	0.	0.	24.	0	
10.6365	58.8228	612	0	5	6	6	5	5	3.75114	2.08417e-003	0.	-3.75	76.6667	0.	0.	1.	0.	0.	0.	24.	0	
10.6535	58.8155	613	0	5	6	6	5	5	3.75115	2.08417e-003	0.	-3.75	76.7778	0.	0.	1.	0.	0.	0.	24.	0	
10.6705	58.7602	614	0	5	6	6	5	5	3.75115	2.08417e-003	0.	-3.75	76.8889	0.	0.	1.	0.	0.	0.	24.	0	
10.6865	62.5382	615	0	5	6	6	5	5	3.75116	2.08417e-003	0.	-3.75	77.1111	0.	0.	1.	0.	0.	0.	24.	0	
10.7035	58.8092	616	0	5	6	6	5	5	3.75116	2.08417e-003	0.	-3.75	77.2222	0.	0.	1.	0.	0.	0.	24.	0	
10.7205	58.8082	617	0	5	6	6	5	5	3.75117	2.08417e-003	0.	-3.75	77.3333	0.	0.	1.	0.	0.	0.	24.	0	
10.7375	58.8426	618	0	5	6	6	5	5	3.75117	2.08417e-003	0.	-3.75	77.4444	0.	0.	1.	0.	0.	0.	24.	0	
10.7545	58.7884	619	0	5	6	6	5	6	3.75118	3.13193e-003	0.	-3.75	77.5556	0.	0.	1.	0.	0.	0.	24.	0	
10.7715	58.8416	620	0	5	6	6	5	6	3.75118	3.13193e-003	0.	-3.75	77.6667	0.	0.	1.	0.	0.	0.	24.	0	
10.7885	58.8688	621	0	5	6	6	5	6	3.75119	3.13193e-003	0.	-3.75	77.7778	0.	0.	1.	0.	0.	0.	24.	0	
10.8055	58.8134	622	0	5	6	6	5	6	3.75119	3.13193e-003	0.	-3.75	77.8889	0.	0.	1.	0.	0.	0.	24.	0	
10.8225	58.7435	623	0	5	6	6	5	6	3.7512	3.13193e-003	0.	-3.75	78.	0.	0.	1.	0.	0.	0.	24.	0	
10.8395	58.9033	624	0	5	6	6	5	6	3.75121	3.13193e-003	0.	-3.75	78.1111	0.	0.	1.	0.	0.	0.	24.	0	
10.8565	58.9044	625	0	5	6	6	5	6	3.75121	3.13193e-003	0.	-3.75	78.2222	0.	0.	1.	0.	0.	0.	24.	0	
10.8735	58.6842	626	0	5	6	6	5	6	3.75122	3.13193e-003	0.	-3.75	78.3333	0.	0.	1.	0.	0.	0.	24.	0	
10.8906	58.7811	627	0	5	6	6	5	6	3.75123	3.13193e-003	0.	-3.75	78.4444	0.	0.	1.	0.	0.	0.	24.	0	
10.9075	58.8395	628	0	5	6	6	5	6	3.75123	3.13193e-003	0.	-3.75	78.5556	0.	0.	1.	0.	0.	0.	24.	0	
10.9245	58.9536	629	0	5	6	6	5	6	3.75124	3.13193e-003	0.	-3.75	78.6667	0.	0.	1.	0.	0.	0.	24.	0	
10.9406	62.3417	630	0	5	6	6	5	6	3.75124	3.13193e-003	0.	-3.75	78.7778	0.	0.	1.	0.	0.	0.	24.	0	
10.9575	58.8468	631	0	5	6	6	5	6	3.75125	3.13193e-003	0.	-3.75	78.8889	0.	0.	1.	0.	0.	0.	24.	0	
10.9745	58.827	632	0	5	6	6	5	6	3.75126	3.13193e-003	0.	-3.75	79.	0.	0.	1.	0.	0.	0.	24.	0	
10.9905	62.5017	633	0	5	6	6	5	6	3.75126	3.13193e-003	0.	-3.75	79.1111	0.	0.	1.	0.	0.	0.	24.	0	
11.0075	58.8447	634	0	5	6	6	5	6	3.75127	3.13193e-003	0.	-3.75	79.2222	0.	0.	1.	0.	0.	0.	24.	0	
11.0235	62.4522	635	0	5	6	6	5	6	3.75127	3.13193e-003	0.	-3.75	79.3333	0.	0.	1.	0.	0.	0.	24.	0	
11.0406	58.8155	636	0	5	6	6	5	6	3.75128	3.13193e-003	0.	-3.75	79.4444	0.	0.	1.	0.	0.	0.	24.	0	
11.0575	58.9599	637	0	5	6	6	5	6	3.75129	3.13193e-003	0.	-3.75	79.5556	0.	0.	1.	0.	0.	0.	24.	0	
11.0735	62.4169	638	0	5	6	6	5	6	3.75129	3.13193e-003	0.	-3.75	79.6667	0.	0.	1.	0.	0.	0.	24.	0	
11.0895	62.484	639	0	5	6	6	5	6	3.7513	3.13193e-003	0.	-3.75	79.7778	0.	0.	1.	0.	0.	0.	24.	0	
11.1065	58.803	640	0	6	6	6	6	6	3.7513	3.13193e-003	0.	-3.75	79.8889	0.	0.	1.	0.	0.	0.	24.	0	
11.1225	62.4887	641	0	6	6	6	6	6	3.75131	3.13193e-003	0.	-3.75	80.	0.	0.	1.	0.	0.	0.	24.	0	
11.1395	58.827	642	0	6	6	6	6	6	3.75132	3.13193e-003	0.	-3.75	80.1111	0.	0.	1.	0.	0.	0.	24.	0	
11.1565	58.8447	643	0	6	6	6	6	6	3.75132	3.13193e-003	0.	-3.75	80.2222	0.	0.	1.	0.	0.	0.	24.	0	
11.1735	58.8113	644	0	6	6	6	6	6	3.75133	3.13193e-003	0.	-3.75	80.3333	0.	0.	1.	0.	0.	0.	24.	0	
11.1895	62.4722	645	0	6	6	6	6	6	3.75133	3.13193e-003	0.	-3.75	80.4444	0.	0.	1.	0.	0.	0.	24.	0	
11.2065	58.896	646	0	6	6	6	6	6	3.75134	3.13193e-003	0.	-3.75	80.5556	0.	0.	1.	0.	0.	0.	24.	0	
11.2235	58.7581	647	0	6	6	6	6	6	3.75135	3.13193e-003	0.	-3.75	80.6667	0.	0.	1.	0.	0.	0.	24.	0	
11.2405	58.8228	648	0	6	6	6	6	6	3.75135	3.13193e-003	0.	-3.75	80.7778	0.	0.	1.	0.	0.	0.	24.	0	
11.2575	58.8165	649	0	6	6	6	6	6	3.75136	3.13193e-003	0.	-3.75	80.8889	0.	0.	1.	0.	0.	0.	24.	0	
11.2745	58.8521	650	0	6	6	6	6	6	3.75137	3.13193e-003	0.	-3.75	81.	0.	0.	1.	0.	0.	0.	24.	0	
11.2915	58.8124	651	0	6	6	6	6	6	3.75137	3.13193e-003	0.	-3.75	81.1111	0.	0.	1.	0.	0.	0.	24.	0	
11.3086	58.7456	652	0	6	6	6	6	6	3.75138	3.13193e-003	0.	-3.75	81.2222	0.	0.	1.	0.	0.	0.	24.	0	
11.3255	58.9348	653	0	6	6	6	6	6	3.75138	3.13193e-003	0.	-3.75	81.3333	0.	0.	1.	0.	0.	0.	24.	0	
11.3425	58.8364	654	0	6	6	6	6	6	3.75139	3.13193e-003	0.	-3.75	81.4444	0.	0.	1.	0.	0.	0.	24.	0	
11.3595	58.828	655	0	6	6	6	6	6	3.7514	3.13193e-003	0.	-3.75	81.5556	0.	0.	1.	0.	0.	0.	24.	0	
11.3765	58.7738	656	0	6	6	6	6	6	3.7514	3.13193e-003	0.	-3.75	81.6667	0.	0.	1.	0.	0.	0.	24.	0	
11.3935	58.8793	657	0	6	6	6	6	6	3.75141	3.13193e-003	0.	-3.75	81.7778	0.	0.	1.	0.	0.	0.	24.	0	
11.4105	58.7498	658	0	6	6	6	6	6	3.75141	3.13193e-003	0.	-3.75	81.8889	0.	0.	1.	0.	0.	0.	24.	0	
11.4275	58.8291	659	0	6	6	6	6	6	3.75142	3.13193e-003	0.	-3.75	82.	0.	0.	1.	0.	0.	0.	24.	0	
11.4445	58.828	660	0	6	6	6	6	6	3.75143	3.13193e-003	0.	-3.75	82.2222	0.	0.	1.	0.	0.	0.	24.	0	
11.4616	58.8113	661	0	6	6	6	6	6	3.75144	3.13193e-003	0.	-3.75	82.3333	0.	0.	1.	0.	0.	0.	24.	0	

